SALVI
1
0
24
15.00
181
1.00
19-AQM001
19-AQM001

19-AQM001.ldt
2017-04-25/SLopez
760
309
225
320
60
0
0
0
0
99.0
100.0
1.000
0.0
1
1
Luxeon M 520mA
4820.4


37.2
0.129
0.208
0.296
0.381
0.446
0.556
0.623
0.685
0.760
0.809
0.0
15.0
30.0
45.0
60.0
75.0
90.0
105.0
120.0
135.0
150.0
165.0
180.0
195.0
210.0
225.0
240.0
255.0
270.0
285.0
300.0
315.0
330.0
345.0
0.0
1.0
2.0
3.0
4.0
5.0
6.0
7.0
8.0
9.0
10.0
11.0
12.0
13.0
14.0
15.0
16.0
17.0
18.0
19.0
20.0
21.0
22.0
23.0
24.0
25.0
26.0
27.0
28.0
29.0
30.0
31.0
32.0
33.0
34.0
35.0
36.0
37.0
38.0
39.0
40.0
41.0
42.0
43.0
44.0
45.0
46.0
47.0
48.0
49.0
50.0
51.0
52.0
53.0
54.0
55.0
56.0
57.0
58.0
59.0
60.0
61.0
62.0
63.0
64.0
65.0
66.0
67.0
68.0
69.0
70.0
71.0
72.0
73.0
74.0
75.0
76.0
77.0
78.0
79.0
80.0
81.0
82.0
83.0
84.0
85.0
86.0
87.0
88.0
89.0
90.0
91.0
92.0
93.0
94.0
95.0
96.0
97.0
98.0
99.0
100.0
101.0
102.0
103.0
104.0
105.0
106.0
107.0
108.0
109.0
110.0
111.0
112.0
113.0
114.0
115.0
116.0
117.0
118.0
119.0
120.0
121.0
122.0
123.0
124.0
125.0
126.0
127.0
128.0
129.0
130.0
131.0
132.0
133.0
134.0
135.0
136.0
137.0
138.0
139.0
140.0
141.0
142.0
143.0
144.0
145.0
146.0
147.0
148.0
149.0
150.0
151.0
152.0
153.0
154.0
155.0
156.0
157.0
158.0
159.0
160.0
161.0
162.0
163.0
164.0
165.0
166.0
167.0
168.0
169.0
170.0
171.0
172.0
173.0
174.0
175.0
176.0
177.0
178.0
179.0
180.0
84.47
84.44
84.53
84.82
85.27
85.84
86.45
87.13
87.91
88.84
89.95
91.17
92.49
93.79
95.22
96.69
98.37
100.1
101.8
103.7
105.7
107.9
110.3
112.7
115.2
118.0
120.9
123.8
126.9
130.1
133.2
136.5
139.7
143.1
146.5
150.0
153.3
156.6
159.9
163.3
166.7
170.3
174.2
178.5
183.0
187.4
191.9
196.7
202.3
208.9
214.9
220.3
226.3
233.3
240.7
247.6
255.0
265.4
279.2
292.2
303.2
315.6
326.3
334.0
339.8
348.8
357.1
362.0
362.0
358.7
342.5
288.8
223.2
198.6
145.8
91.02
37.57
27.01
22.44
19.87
17.86
16.07
14.49
13.04
11.66
10.41
9.180
7.796
6.546
5.553
4.692
3.705
3.110
2.586
1.991
1.607
1.417
1.352
1.387
1.426
1.468
1.509
1.542
1.573
1.596
1.612
1.628
1.641
1.649
1.647
1.645
1.643
1.641
1.639
1.637
1.634
1.632
1.630
1.622
1.615
1.608
1.600
1.595
1.590
1.586
1.587
1.590
1.596
1.608
1.631
1.661
1.702
1.746
1.792
1.834
1.868
1.900
1.930
1.957
1.965
1.970
1.975
1.980
1.985
1.978
1.959
1.938
1.917
1.890
1.858
1.829
1.796
1.763
1.733
1.703
1.679
1.654
1.630
1.597
1.577
1.557
1.538
1.522
1.504
1.493
1.482
1.472
1.463
1.451
1.446
1.437
1.432
1.428
1.420
1.419
1.419
1.421
1.423
1.434
1.439
1.440
84.30
84.43
84.64
85.00
85.52
86.20
86.94
87.72
88.59
89.60
90.79
92.15
93.56
95.05
96.61
98.29
100.1
101.9
103.9
105.9
108.0
110.4
113.0
115.6
118.2
121.0
123.8
126.7
129.7
132.7
135.8
138.9
142.2
145.6
149.1
152.8
156.6
160.4
164.2
168.3
172.4
176.6
180.8
185.4
190.4
195.5
201.0
206.6
212.3
218.2
224.7
231.3
237.8
244.7
252.5
261.0
269.6
279.2
291.0
305.8
320.0
331.1
342.3
353.2
361.7
367.1
374.1
380.4
375.7
360.2
335.9
296.1
245.4
185.2
142.0
96.91
54.71
38.67
30.56
25.68
22.54
20.21
18.35
16.84
15.63
14.47
13.22
11.87
10.49
8.857
7.369
5.573
4.602
3.290
2.299
1.803
1.591
1.561
1.579
1.595
1.611
1.626
1.640
1.646
1.652
1.660
1.667
1.668
1.669
1.660
1.654
1.648
1.645
1.646
1.642
1.636
1.628
1.620
1.612
1.606
1.590
1.583
1.577
1.571
1.565
1.562
1.562
1.564
1.569
1.577
1.589
1.604
1.622
1.640
1.656
1.677
1.693
1.708
1.718
1.723
1.726
1.723
1.719
1.716
1.713
1.705
1.693
1.689
1.678
1.651
1.626
1.605
1.578
1.553
1.531
1.508
1.489
1.466
1.450
1.432
1.419
1.413
1.402
1.402
1.402
1.401
1.401
1.399
1.399
1.400
1.403
1.406
1.407
1.409
1.415
1.418
1.425
1.431
1.436
1.435
1.435
84.32
84.54
84.87
85.34
85.93
86.70
87.59
88.54
89.57
90.71
91.98
93.49
95.11
96.89
98.76
100.8
102.8
105.0
107.3
109.6
112.0
114.4
117.0
119.6
122.4
125.3
128.2
131.1
134.2
137.4
140.7
144.1
147.5
151.1
154.9
159.0
163.3
167.9
172.6
177.5
182.5
187.7
192.8
198.1
203.7
209.5
215.6
222.0
228.6
235.5
242.5
249.8
257.6
265.7
273.8
282.4
292.1
303.2
315.1
328.1
341.6
354.4
364.1
367.7
365.1
358.0
345.6
329.6
312.5
295.9
278.5
256.1
228.1
192.9
149.5
114.4
77.20
51.69
41.42
31.79
27.35
24.06
21.39
19.16
16.96
14.85
12.95
11.11
9.357
7.598
6.098
4.760
3.647
2.713
1.975
1.578
1.491
1.496
1.520
1.535
1.550
1.568
1.579
1.589
1.599
1.608
1.617
1.625
1.624
1.623
1.624
1.623
1.622
1.620
1.619
1.618
1.617
1.614
1.607
1.598
1.588
1.577
1.563
1.551
1.541
1.534
1.531
1.533
1.536
1.540
1.544
1.547
1.561
1.577
1.595
1.609
1.627
1.641
1.653
1.666
1.669
1.674
1.676
1.681
1.685
1.679
1.674
1.671
1.656
1.637
1.616
1.594
1.572
1.551
1.528
1.508
1.489
1.470
1.453
1.441
1.426
1.415
1.404
1.395
1.392
1.390
1.390
1.390
1.390
1.390
1.389
1.389
1.391
1.392
1.396
1.400
1.406
1.413
1.421
1.428
1.441
84.28
84.60
85.02
85.55
86.20
87.06
88.03
89.18
90.49
91.88
93.39
95.02
96.77
98.59
100.5
102.6
104.7
107.0
109.4
111.8
114.3
117.0
119.7
122.6
125.5
128.3
131.3
134.4
137.7
141.2
144.8
148.5
152.5
156.6
160.9
165.4
170.1
174.9
179.8
184.9
190.3
196.0
201.9
207.9
213.7
219.7
226.1
232.6
239.3
246.1
253.2
260.7
268.8
277.7
286.9
296.4
305.3
313.2
319.0
322.0
321.9
319.3
315.3
310.1
302.5
295.3
292.6
288.9
281.5
264.7
239.7
206.0
165.7
122.1
84.46
54.89
39.30
31.53
26.99
24.05
22.05
20.59
19.33
18.07
16.66
14.99
13.25
11.37
9.460
7.394
5.746
4.219
3.015
1.998
1.480
1.378
1.402
1.431
1.457
1.480
1.499
1.515
1.531
1.548
1.559
1.566
1.568
1.569
1.571
1.573
1.575
1.577
1.576
1.576
1.576
1.571
1.562
1.555
1.548
1.544
1.532
1.521
1.509
1.496
1.495
1.494
1.492
1.492
1.492
1.492
1.499
1.509
1.521
1.537
1.551
1.566
1.580
1.594
1.602
1.609
1.614
1.619
1.625
1.624
1.619
1.613
1.611
1.611
1.600
1.582
1.567
1.545
1.526
1.506
1.489
1.472
1.453
1.436
1.422
1.408
1.395
1.388
1.385
1.383
1.383
1.384
1.385
1.385
1.386
1.387
1.390
1.392
1.396
1.403
1.407
1.413
1.422
1.433
1.443
1.447
1.447
84.29
84.68
85.20
85.82
86.58
87.55
88.69
90.01
91.47
93.05
94.71
96.43
98.18
99.93
101.8
103.7
105.8
108.1
110.5
113.0
115.7
118.4
121.3
124.3
127.3
130.4
133.6
137.0
140.4
144.0
147.7
151.6
155.6
159.9
164.3
168.7
173.1
177.6
182.3
187.4
192.8
198.5
204.3
209.8
215.3
221.1
227.3
234.0
240.9
247.9
254.9
261.4
267.9
274.9
282.4
288.6
291.6
291.9
290.5
287.7
283.5
278.0
273.2
274.5
278.2
277.6
268.7
252.2
227.2
189.0
136.9
92.15
51.47
36.74
29.46
25.01
22.10
20.10
18.54
17.27
16.19
15.22
14.44
13.73
13.06
12.08
10.63
8.996
7.291
5.484
3.828
2.641
1.631
1.224
1.186
1.214
1.248
1.282
1.313
1.339
1.362
1.386
1.406
1.431
1.442
1.455
1.470
1.477
1.485
1.491
1.501
1.509
1.510
1.510
1.510
1.509
1.509
1.509
1.508
1.508
1.502
1.495
1.489
1.480
1.471
1.463
1.455
1.450
1.444
1.446
1.448
1.449
1.451
1.453
1.461
1.471
1.487
1.496
1.504
1.515
1.523
1.532
1.540
1.544
1.548
1.550
1.553
1.551
1.550
1.548
1.546
1.538
1.521
1.506
1.489
1.474
1.458
1.445
1.429
1.417
1.407
1.396
1.386
1.382
1.378
1.377
1.376
1.378
1.376
1.377
1.379
1.380
1.382
1.386
1.394
1.401
1.406
1.419
1.427
1.437
1.453
84.23
84.67
85.26
85.92
86.78
87.88
89.07
90.50
92.05
93.65
95.29
96.90
98.54
100.3
102.1
104.1
106.1
108.3
110.6
113.0
115.7
118.4
121.2
124.0
127.0
130.1
133.4
136.7
140.1
143.6
147.2
151.1
155.3
159.7
163.8
167.7
171.8
176.5
181.9
187.1
191.6
195.8
200.3
205.3
210.6
216.2
221.9
227.4
232.9
237.9
242.7
248.5
255.1
260.9
265.3
267.9
267.3
264.4
260.8
256.7
253.7
255.2
258.6
257.8
249.8
235.7
216.0
186.4
132.1
78.09
46.41
37.97
32.25
27.15
22.99
19.91
17.87
16.35
15.20
13.94
12.71
11.52
10.79
10.22
9.690
9.083
8.234
7.024
5.670
3.956
2.571
1.561
1.058
1.002
1.053
1.100
1.141
1.180
1.212
1.241
1.268
1.295
1.316
1.339
1.357
1.376
1.392
1.408
1.421
1.434
1.440
1.444
1.447
1.448
1.449
1.450
1.451
1.452
1.452
1.451
1.442
1.436
1.427
1.420
1.409
1.408
1.407
1.406
1.404
1.403
1.402
1.401
1.405
1.414
1.422
1.432
1.444
1.454
1.466
1.476
1.483
1.494
1.500
1.508
1.512
1.517
1.523
1.530
1.526
1.516
1.511
1.494
1.481
1.472
1.451
1.443
1.426
1.413
1.399
1.394
1.387
1.386
1.385
1.384
1.383
1.382
1.381
1.383
1.383
1.390
1.391
1.393
1.396
1.401
1.412
1.418
1.431
1.442
1.455
1.463
1.467
84.30
84.74
85.34
86.06
86.98
88.13
89.38
90.85
92.48
94.06
95.65
97.29
98.93
100.7
102.5
104.3
106.3
108.4
110.7
113.1
115.7
118.4
121.1
123.9
126.9
130.0
133.3
136.5
139.8
143.3
147.0
151.2
155.8
160.1
164.0
167.7
171.9
177.5
182.7
187.1
191.0
195.2
199.8
204.9
210.4
216.2
221.5
226.0
230.3
235.4
241.6
247.0
251.5
258.2
262.6
262.4
260.0
257.1
253.3
249.1
250.3
257.4
261.1
256.9
244.4
224.3
196.6
157.5
96.16
67.75
39.81
35.33
31.11
26.22
21.70
18.63
16.57
15.30
14.20
12.81
11.19
9.692
8.786
8.169
7.282
6.676
5.976
4.766
3.532
2.272
1.526
1.027
0.8784
0.9318
0.9828
1.032
1.075
1.112
1.142
1.171
1.201
1.232
1.250
1.273
1.293
1.312
1.332
1.346
1.363
1.377
1.393
1.399
1.402
1.406
1.410
1.416
1.428
1.430
1.429
1.428
1.427
1.426
1.425
1.424
1.418
1.408
1.400
1.389
1.387
1.385
1.383
1.386
1.389
1.392
1.395
1.398
1.401
1.410
1.424
1.432
1.440
1.448
1.463
1.467
1.475
1.483
1.491
1.505
1.502
1.498
1.494
1.491
1.487
1.483
1.471
1.457
1.444
1.432
1.422
1.414
1.402
1.394
1.383
1.382
1.380
1.378
1.380
1.381
1.382
1.384
1.385
1.387
1.388
1.389
1.401
1.404
1.412
1.426
1.432
1.440
1.463
84.23
84.67
85.26
85.92
86.78
87.88
89.07
90.50
92.05
93.65
95.29
96.90
98.54
100.3
102.1
104.1
106.1
108.3
110.6
113.0
115.7
118.4
121.2
124.0
127.0
130.1
133.4
136.7
140.1
143.6
147.2
151.1
155.3
159.7
163.8
167.7
171.8
176.5
181.9
187.1
191.6
195.8
200.3
205.3
210.6
216.2
221.9
227.4
232.9
237.9
242.7
248.5
255.1
260.9
265.3
267.9
267.3
264.4
260.8
256.7
253.7
255.2
258.6
257.8
249.8
235.7
216.0
186.4
132.1
78.09
46.41
37.97
32.25
27.15
22.99
19.91
17.87
16.35
15.20
13.94
12.71
11.52
10.79
10.22
9.690
9.083
8.234
7.024
5.670
3.956
2.571
1.561
1.058
1.002
1.053
1.100
1.141
1.180
1.212
1.241
1.268
1.295
1.316
1.339
1.357
1.376
1.392
1.408
1.421
1.434
1.440
1.444
1.447
1.448
1.449
1.450
1.451
1.452
1.452
1.451
1.442
1.436
1.427
1.420
1.409
1.408
1.407
1.406
1.404
1.403
1.402
1.401
1.405
1.414
1.422
1.432
1.444
1.454
1.466
1.476
1.483
1.494
1.500
1.508
1.512
1.517
1.523
1.530
1.526
1.516
1.511
1.494
1.481
1.472
1.451
1.443
1.426
1.413
1.399
1.394
1.387
1.386
1.385
1.384
1.383
1.382
1.381
1.383
1.383
1.390
1.391
1.393
1.396
1.401
1.412
1.418
1.431
1.442
1.455
1.463
1.467
84.29
84.68
85.20
85.82
86.58
87.55
88.69
90.01
91.47
93.05
94.71
96.43
98.18
99.93
101.8
103.7
105.8
108.1
110.5
113.0
115.7
118.4
121.3
124.3
127.3
130.4
133.6
137.0
140.4
144.0
147.7
151.6
155.6
159.9
164.3
168.7
173.1
177.6
182.3
187.4
192.8
198.5
204.3
209.8
215.3
221.1
227.3
234.0
240.9
247.9
254.9
261.4
267.9
274.9
282.4
288.6
291.6
291.9
290.5
287.7
283.5
278.0
273.2
274.5
278.2
277.6
268.7
252.2
227.2
189.0
136.9
92.15
51.47
36.74
29.46
25.01
22.10
20.10
18.54
17.27
16.19
15.22
14.44
13.73
13.06
12.08
10.63
8.996
7.291
5.484
3.828
2.641
1.631
1.224
1.186
1.214
1.248
1.282
1.313
1.339
1.362
1.386
1.406
1.431
1.442
1.455
1.470
1.477
1.485
1.491
1.501
1.509
1.510
1.510
1.510
1.509
1.509
1.509
1.508
1.508
1.502
1.495
1.489
1.480
1.471
1.463
1.455
1.450
1.444
1.446
1.448
1.449
1.451
1.453
1.461
1.471
1.487
1.496
1.504
1.515
1.523
1.532
1.540
1.544
1.548
1.550
1.553
1.551
1.550
1.548
1.546
1.538
1.521
1.506
1.489
1.474
1.458
1.445
1.429
1.417
1.407
1.396
1.386
1.382
1.378
1.377
1.376
1.378
1.376
1.377
1.379
1.380
1.382
1.386
1.394
1.401
1.406
1.419
1.427
1.437
1.453
84.28
84.60
85.02
85.55
86.20
87.06
88.03
89.18
90.49
91.88
93.39
95.02
96.77
98.59
100.5
102.6
104.7
107.0
109.4
111.8
114.3
117.0
119.7
122.6
125.5
128.3
131.3
134.4
137.7
141.2
144.8
148.5
152.5
156.6
160.9
165.4
170.1
174.9
179.8
184.9
190.3
196.0
201.9
207.9
213.7
219.7
226.1
232.6
239.3
246.1
253.2
260.7
268.8
277.7
286.9
296.4
305.3
313.2
319.0
322.0
321.9
319.3
315.3
310.1
302.5
295.3
292.6
288.9
281.5
264.7
239.7
206.0
165.7
122.1
84.46
54.89
39.30
31.53
26.99
24.05
22.05
20.59
19.33
18.07
16.66
14.99
13.25
11.37
9.460
7.394
5.746
4.219
3.015
1.998
1.480
1.378
1.402
1.431
1.457
1.480
1.499
1.515
1.531
1.548
1.559
1.566
1.568
1.569
1.571
1.573
1.575
1.577
1.576
1.576
1.576
1.571
1.562
1.555
1.548
1.544
1.532
1.521
1.509
1.496
1.495
1.494
1.492
1.492
1.492
1.492
1.499
1.509
1.521
1.537
1.551
1.566
1.580
1.594
1.602
1.609
1.614
1.619
1.625
1.624
1.619
1.613
1.611
1.611
1.600
1.582
1.567
1.545
1.526
1.506
1.489
1.472
1.453
1.436
1.422
1.408
1.395
1.388
1.385
1.383
1.383
1.384
1.385
1.385
1.386
1.387
1.390
1.392
1.396
1.403
1.407
1.413
1.422
1.433
1.443
1.447
1.447
84.32
84.54
84.87
85.34
85.93
86.70
87.59
88.54
89.57
90.71
91.98
93.49
95.11
96.89
98.76
100.8
102.8
105.0
107.3
109.6
112.0
114.4
117.0
119.6
122.4
125.3
128.2
131.1
134.2
137.4
140.7
144.1
147.5
151.1
154.9
159.0
163.3
167.9
172.6
177.5
182.5
187.7
192.8
198.1
203.7
209.5
215.6
222.0
228.6
235.5
242.5
249.8
257.6
265.7
273.8
282.4
292.1
303.2
315.1
328.1
341.6
354.4
364.1
367.7
365.1
358.0
345.6
329.6
312.5
295.9
278.5
256.1
228.1
192.9
149.5
114.4
77.20
51.69
41.42
31.79
27.35
24.06
21.39
19.16
16.96
14.85
12.95
11.11
9.357
7.598
6.098
4.760
3.647
2.713
1.975
1.578
1.491
1.496
1.520
1.535
1.550
1.568
1.579
1.589
1.599
1.608
1.617
1.625
1.624
1.623
1.624
1.623
1.622
1.620
1.619
1.618
1.617
1.614
1.607
1.598
1.588
1.577
1.563
1.551
1.541
1.534
1.531
1.533
1.536
1.540
1.544
1.547
1.561
1.577
1.595
1.609
1.627
1.641
1.653
1.666
1.669
1.674
1.676
1.681
1.685
1.679
1.674
1.671
1.656
1.637
1.616
1.594
1.572
1.551
1.528
1.508
1.489
1.470
1.453
1.441
1.426
1.415
1.404
1.395
1.392
1.390
1.390
1.390
1.390
1.390
1.389
1.389
1.391
1.392
1.396
1.400
1.406
1.413
1.421
1.428
1.441
84.30
84.43
84.64
85.00
85.52
86.20
86.94
87.72
88.59
89.60
90.79
92.15
93.56
95.05
96.61
98.29
100.1
101.9
103.9
105.9
108.0
110.4
113.0
115.6
118.2
121.0
123.8
126.7
129.7
132.7
135.8
138.9
142.2
145.6
149.1
152.8
156.6
160.4
164.2
168.3
172.4
176.6
180.8
185.4
190.4
195.5
201.0
206.6
212.3
218.2
224.7
231.3
237.8
244.7
252.5
261.0
269.6
279.2
291.0
305.8
320.0
331.1
342.3
353.2
361.7
367.1
374.1
380.4
375.7
360.2
335.9
296.1
245.4
185.2
142.0
96.91
54.71
38.67
30.56
25.68
22.54
20.21
18.35
16.84
15.63
14.47
13.22
11.87
10.49
8.857
7.369
5.573
4.602
3.290
2.299
1.803
1.591
1.561
1.579
1.595
1.611
1.626
1.640
1.646
1.652
1.660
1.667
1.668
1.669
1.660
1.654
1.648
1.645
1.646
1.642
1.636
1.628
1.620
1.612
1.606
1.590
1.583
1.577
1.571
1.565
1.562
1.562
1.564
1.569
1.577
1.589
1.604
1.622
1.640
1.656
1.677
1.693
1.708
1.718
1.723
1.726
1.723
1.719
1.716
1.713
1.705
1.693
1.689
1.678
1.651
1.626
1.605
1.578
1.553
1.531
1.508
1.489
1.466
1.450
1.432
1.419
1.413
1.402
1.402
1.402
1.401
1.401
1.399
1.399
1.400
1.403
1.406
1.407
1.409
1.415
1.418
1.425
1.431
1.436
1.435
1.435
84.47
84.44
84.53
84.82
85.27
85.84
86.45
87.13
87.91
88.84
89.95
91.17
92.49
93.79
95.22
96.69
98.37
100.1
101.8
103.7
105.7
107.9
110.3
112.7
115.2
118.0
120.9
123.8
126.9
130.1
133.2
136.5
139.7
143.1
146.5
150.0
153.3
156.6
159.9
163.3
166.7
170.3
174.2
178.5
183.0
187.4
191.9
196.7
202.3
208.9
214.9
220.3
226.3
233.3
240.7
247.6
255.0
265.4
279.2
292.2
303.2
315.6
326.3
334.0
339.8
348.8
357.1
362.0
362.0
358.7
342.5
288.8
223.2
198.6
145.8
91.02
37.57
27.01
22.44
19.87
17.86
16.07
14.49
13.04
11.66
10.41
9.180
7.796
6.546
5.553
4.692
3.705
3.110
2.586
1.991
1.607
1.417
1.352
1.387
1.426
1.468
1.509
1.542
1.573
1.596
1.612
1.628
1.641
1.649
1.647
1.645
1.643
1.641
1.639
1.637
1.634
1.632
1.630
1.622
1.615
1.608
1.600
1.595
1.590
1.586
1.587
1.590
1.596
1.608
1.631
1.661
1.702
1.746
1.792
1.834
1.868
1.900
1.930
1.957
1.965
1.970
1.975
1.980
1.985
1.978
1.959
1.938
1.917
1.890
1.858
1.829
1.796
1.763
1.733
1.703
1.679
1.654
1.630
1.597
1.577
1.557
1.538
1.522
1.504
1.493
1.482
1.472
1.463
1.451
1.446
1.437
1.432
1.428
1.420
1.419
1.419
1.421
1.423
1.434
1.439
1.440
84.30
84.43
84.64
85.00
85.52
86.20
86.94
87.72
88.59
89.60
90.79
92.15
93.56
95.05
96.61
98.29
100.1
101.9
103.9
105.9
108.0
110.4
113.0
115.6
118.2
121.0
123.8
126.7
129.7
132.7
135.8
138.9
142.2
145.6
149.1
152.8
156.6
160.4
164.2
168.3
172.4
176.6
180.8
185.4
190.4
195.5
201.0
206.6
212.3
218.2
224.7
231.3
237.8
244.7
252.5
261.0
269.6
279.2
291.0
305.8
320.0
331.1
342.3
353.2
361.7
367.1
374.1
380.4
375.7
360.2
335.9
296.1
245.4
185.2
142.0
96.91
54.71
38.67
30.56
25.68
22.54
20.21
18.35
16.84
15.63
14.47
13.22
11.87
10.49
8.857
7.369
5.573
4.602
3.290
2.299
1.803
1.591
1.561
1.579
1.595
1.611
1.626
1.640
1.646
1.652
1.660
1.667
1.668
1.669
1.660
1.654
1.648
1.645
1.646
1.642
1.636
1.628
1.620
1.612
1.606
1.590
1.583
1.577
1.571
1.565
1.562
1.562
1.564
1.569
1.577
1.589
1.604
1.622
1.640
1.656
1.677
1.693
1.708
1.718
1.723
1.726
1.723
1.719
1.716
1.713
1.705
1.693
1.689
1.678
1.651
1.626
1.605
1.578
1.553
1.531
1.508
1.489
1.466
1.450
1.432
1.419
1.413
1.402
1.402
1.402
1.401
1.401
1.399
1.399
1.400
1.403
1.406
1.407
1.409
1.415
1.418
1.425
1.431
1.436
1.435
1.435
84.32
84.54
84.87
85.34
85.93
86.70
87.59
88.54
89.57
90.71
91.98
93.49
95.11
96.89
98.76
100.8
102.8
105.0
107.3
109.6
112.0
114.4
117.0
119.6
122.4
125.3
128.2
131.1
134.2
137.4
140.7
144.1
147.5
151.1
154.9
159.0
163.3
167.9
172.6
177.5
182.5
187.7
192.8
198.1
203.7
209.5
215.6
222.0
228.6
235.5
242.5
249.8
257.6
265.7
273.8
282.4
292.1
303.2
315.1
328.1
341.6
354.4
364.1
367.7
365.1
358.0
345.6
329.6
312.5
295.9
278.5
256.1
228.1
192.9
149.5
114.4
77.20
51.69
41.42
31.79
27.35
24.06
21.39
19.16
16.96
14.85
12.95
11.11
9.357
7.598
6.098
4.760
3.647
2.713
1.975
1.578
1.491
1.496
1.520
1.535
1.550
1.568
1.579
1.589
1.599
1.608
1.617
1.625
1.624
1.623
1.624
1.623
1.622
1.620
1.619
1.618
1.617
1.614
1.607
1.598
1.588
1.577
1.563
1.551
1.541
1.534
1.531
1.533
1.536
1.540
1.544
1.547
1.561
1.577
1.595
1.609
1.627
1.641
1.653
1.666
1.669
1.674
1.676
1.681
1.685
1.679
1.674
1.671
1.656
1.637
1.616
1.594
1.572
1.551
1.528
1.508
1.489
1.470
1.453
1.441
1.426
1.415
1.404
1.395
1.392
1.390
1.390
1.390
1.390
1.390
1.389
1.389
1.391
1.392
1.396
1.400
1.406
1.413
1.421
1.428
1.441
84.28
84.60
85.02
85.55
86.20
87.06
88.03
89.18
90.49
91.88
93.39
95.02
96.77
98.59
100.5
102.6
104.7
107.0
109.4
111.8
114.3
117.0
119.7
122.6
125.5
128.3
131.3
134.4
137.7
141.2
144.8
148.5
152.5
156.6
160.9
165.4
170.1
174.9
179.8
184.9
190.3
196.0
201.9
207.9
213.7
219.7
226.1
232.6
239.3
246.1
253.2
260.7
268.8
277.7
286.9
296.4
305.3
313.2
319.0
322.0
321.9
319.3
315.3
310.1
302.5
295.3
292.6
288.9
281.5
264.7
239.7
206.0
165.7
122.1
84.46
54.89
39.30
31.53
26.99
24.05
22.05
20.59
19.33
18.07
16.66
14.99
13.25
11.37
9.460
7.394
5.746
4.219
3.015
1.998
1.480
1.378
1.402
1.431
1.457
1.480
1.499
1.515
1.531
1.548
1.559
1.566
1.568
1.569
1.571
1.573
1.575
1.577
1.576
1.576
1.576
1.571
1.562
1.555
1.548
1.544
1.532
1.521
1.509
1.496
1.495
1.494
1.492
1.492
1.492
1.492
1.499
1.509
1.521
1.537
1.551
1.566
1.580
1.594
1.602
1.609
1.614
1.619
1.625
1.624
1.619
1.613
1.611
1.611
1.600
1.582
1.567
1.545
1.526
1.506
1.489
1.472
1.453
1.436
1.422
1.408
1.395
1.388
1.385
1.383
1.383
1.384
1.385
1.385
1.386
1.387
1.390
1.392
1.396
1.403
1.407
1.413
1.422
1.433
1.443
1.447
1.447
84.29
84.68
85.20
85.82
86.58
87.55
88.69
90.01
91.47
93.05
94.71
96.43
98.18
99.93
101.8
103.7
105.8
108.1
110.5
113.0
115.7
118.4
121.3
124.3
127.3
130.4
133.6
137.0
140.4
144.0
147.7
151.6
155.6
159.9
164.3
168.7
173.1
177.6
182.3
187.4
192.8
198.5
204.3
209.8
215.3
221.1
227.3
234.0
240.9
247.9
254.9
261.4
267.9
274.9
282.4
288.6
291.6
291.9
290.5
287.7
283.5
278.0
273.2
274.5
278.2
277.6
268.7
252.2
227.2
189.0
136.9
92.15
51.47
36.74
29.46
25.01
22.10
20.10
18.54
17.27
16.19
15.22
14.44
13.73
13.06
12.08
10.63
8.996
7.291
5.484
3.828
2.641
1.631
1.224
1.186
1.214
1.248
1.282
1.313
1.339
1.362
1.386
1.406
1.431
1.442
1.455
1.470
1.477
1.485
1.491
1.501
1.509
1.510
1.510
1.510
1.509
1.509
1.509
1.508
1.508
1.502
1.495
1.489
1.480
1.471
1.463
1.455
1.450
1.444
1.446
1.448
1.449
1.451
1.453
1.461
1.471
1.487
1.496
1.504
1.515
1.523
1.532
1.540
1.544
1.548
1.550
1.553
1.551
1.550
1.548
1.546
1.538
1.521
1.506
1.489
1.474
1.458
1.445
1.429
1.417
1.407
1.396
1.386
1.382
1.378
1.377
1.376
1.378
1.376
1.377
1.379
1.380
1.382
1.386
1.394
1.401
1.406
1.419
1.427
1.437
1.453
84.23
84.67
85.26
85.92
86.78
87.88
89.07
90.50
92.05
93.65
95.29
96.90
98.54
100.3
102.1
104.1
106.1
108.3
110.6
113.0
115.7
118.4
121.2
124.0
127.0
130.1
133.4
136.7
140.1
143.6
147.2
151.1
155.3
159.7
163.8
167.7
171.8
176.5
181.9
187.1
191.6
195.8
200.3
205.3
210.6
216.2
221.9
227.4
232.9
237.9
242.7
248.5
255.1
260.9
265.3
267.9
267.3
264.4
260.8
256.7
253.7
255.2
258.6
257.8
249.8
235.7
216.0
186.4
132.1
78.09
46.41
37.97
32.25
27.15
22.99
19.91
17.87
16.35
15.20
13.94
12.71
11.52
10.79
10.22
9.690
9.083
8.234
7.024
5.670
3.956
2.571
1.561
1.058
1.002
1.053
1.100
1.141
1.180
1.212
1.241
1.268
1.295
1.316
1.339
1.357
1.376
1.392
1.408
1.421
1.434
1.440
1.444
1.447
1.448
1.449
1.450
1.451
1.452
1.452
1.451
1.442
1.436
1.427
1.420
1.409
1.408
1.407
1.406
1.404
1.403
1.402
1.401
1.405
1.414
1.422
1.432
1.444
1.454
1.466
1.476
1.483
1.494
1.500
1.508
1.512
1.517
1.523
1.530
1.526
1.516
1.511
1.494
1.481
1.472
1.451
1.443
1.426
1.413
1.399
1.394
1.387
1.386
1.385
1.384
1.383
1.382
1.381
1.383
1.383
1.390
1.391
1.393
1.396
1.401
1.412
1.418
1.431
1.442
1.455
1.463
1.467
84.30
84.74
85.34
86.06
86.98
88.13
89.38
90.85
92.48
94.06
95.65
97.29
98.93
100.7
102.5
104.3
106.3
108.4
110.7
113.1
115.7
118.4
121.1
123.9
126.9
130.0
133.3
136.5
139.8
143.3
147.0
151.2
155.8
160.1
164.0
167.7
171.9
177.5
182.7
187.1
191.0
195.2
199.8
204.9
210.4
216.2
221.5
226.0
230.3
235.4
241.6
247.0
251.5
258.2
262.6
262.4
260.0
257.1
253.3
249.1
250.3
257.4
261.1
256.9
244.4
224.3
196.6
157.5
96.16
67.75
39.81
35.33
31.11
26.22
21.70
18.63
16.57
15.30
14.20
12.81
11.19
9.692
8.786
8.169
7.282
6.676
5.976
4.766
3.532
2.272
1.526
1.027
0.8784
0.9318
0.9828
1.032
1.075
1.112
1.142
1.171
1.201
1.232
1.250
1.273
1.293
1.312
1.332
1.346
1.363
1.377
1.393
1.399
1.402
1.406
1.410
1.416
1.428
1.430
1.429
1.428
1.427
1.426
1.425
1.424
1.418
1.408
1.400
1.389
1.387
1.385
1.383
1.386
1.389
1.392
1.395
1.398
1.401
1.410
1.424
1.432
1.440
1.448
1.463
1.467
1.475
1.483
1.491
1.505
1.502
1.498
1.494
1.491
1.487
1.483
1.471
1.457
1.444
1.432
1.422
1.414
1.402
1.394
1.383
1.382
1.380
1.378
1.380
1.381
1.382
1.384
1.385
1.387
1.388
1.389
1.401
1.404
1.412
1.426
1.432
1.440
1.463
84.23
84.67
85.26
85.92
86.78
87.88
89.07
90.50
92.05
93.65
95.29
96.90
98.54
100.3
102.1
104.1
106.1
108.3
110.6
113.0
115.7
118.4
121.2
124.0
127.0
130.1
133.4
136.7
140.1
143.6
147.2
151.1
155.3
159.7
163.8
167.7
171.8
176.5
181.9
187.1
191.6
195.8
200.3
205.3
210.6
216.2
221.9
227.4
232.9
237.9
242.7
248.5
255.1
260.9
265.3
267.9
267.3
264.4
260.8
256.7
253.7
255.2
258.6
257.8
249.8
235.7
216.0
186.4
132.1
78.09
46.41
37.97
32.25
27.15
22.99
19.91
17.87
16.35
15.20
13.94
12.71
11.52
10.79
10.22
9.690
9.083
8.234
7.024
5.670
3.956
2.571
1.561
1.058
1.002
1.053
1.100
1.141
1.180
1.212
1.241
1.268
1.295
1.316
1.339
1.357
1.376
1.392
1.408
1.421
1.434
1.440
1.444
1.447
1.448
1.449
1.450
1.451
1.452
1.452
1.451
1.442
1.436
1.427
1.420
1.409
1.408
1.407
1.406
1.404
1.403
1.402
1.401
1.405
1.414
1.422
1.432
1.444
1.454
1.466
1.476
1.483
1.494
1.500
1.508
1.512
1.517
1.523
1.530
1.526
1.516
1.511
1.494
1.481
1.472
1.451
1.443
1.426
1.413
1.399
1.394
1.387
1.386
1.385
1.384
1.383
1.382
1.381
1.383
1.383
1.390
1.391
1.393
1.396
1.401
1.412
1.418
1.431
1.442
1.455
1.463
1.467
84.29
84.68
85.20
85.82
86.58
87.55
88.69
90.01
91.47
93.05
94.71
96.43
98.18
99.93
101.8
103.7
105.8
108.1
110.5
113.0
115.7
118.4
121.3
124.3
127.3
130.4
133.6
137.0
140.4
144.0
147.7
151.6
155.6
159.9
164.3
168.7
173.1
177.6
182.3
187.4
192.8
198.5
204.3
209.8
215.3
221.1
227.3
234.0
240.9
247.9
254.9
261.4
267.9
274.9
282.4
288.6
291.6
291.9
290.5
287.7
283.5
278.0
273.2
274.5
278.2
277.6
268.7
252.2
227.2
189.0
136.9
92.15
51.47
36.74
29.46
25.01
22.10
20.10
18.54
17.27
16.19
15.22
14.44
13.73
13.06
12.08
10.63
8.996
7.291
5.484
3.828
2.641
1.631
1.224
1.186
1.214
1.248
1.282
1.313
1.339
1.362
1.386
1.406
1.431
1.442
1.455
1.470
1.477
1.485
1.491
1.501
1.509
1.510
1.510
1.510
1.509
1.509
1.509
1.508
1.508
1.502
1.495
1.489
1.480
1.471
1.463
1.455
1.450
1.444
1.446
1.448
1.449
1.451
1.453
1.461
1.471
1.487
1.496
1.504
1.515
1.523
1.532
1.540
1.544
1.548
1.550
1.553
1.551
1.550
1.548
1.546
1.538
1.521
1.506
1.489
1.474
1.458
1.445
1.429
1.417
1.407
1.396
1.386
1.382
1.378
1.377
1.376
1.378
1.376
1.377
1.379
1.380
1.382
1.386
1.394
1.401
1.406
1.419
1.427
1.437
1.453
84.28
84.60
85.02
85.55
86.20
87.06
88.03
89.18
90.49
91.88
93.39
95.02
96.77
98.59
100.5
102.6
104.7
107.0
109.4
111.8
114.3
117.0
119.7
122.6
125.5
128.3
131.3
134.4
137.7
141.2
144.8
148.5
152.5
156.6
160.9
165.4
170.1
174.9
179.8
184.9
190.3
196.0
201.9
207.9
213.7
219.7
226.1
232.6
239.3
246.1
253.2
260.7
268.8
277.7
286.9
296.4
305.3
313.2
319.0
322.0
321.9
319.3
315.3
310.1
302.5
295.3
292.6
288.9
281.5
264.7
239.7
206.0
165.7
122.1
84.46
54.89
39.30
31.53
26.99
24.05
22.05
20.59
19.33
18.07
16.66
14.99
13.25
11.37
9.460
7.394
5.746
4.219
3.015
1.998
1.480
1.378
1.402
1.431
1.457
1.480
1.499
1.515
1.531
1.548
1.559
1.566
1.568
1.569
1.571
1.573
1.575
1.577
1.576
1.576
1.576
1.571
1.562
1.555
1.548
1.544
1.532
1.521
1.509
1.496
1.495
1.494
1.492
1.492
1.492
1.492
1.499
1.509
1.521
1.537
1.551
1.566
1.580
1.594
1.602
1.609
1.614
1.619
1.625
1.624
1.619
1.613
1.611
1.611
1.600
1.582
1.567
1.545
1.526
1.506
1.489
1.472
1.453
1.436
1.422
1.408
1.395
1.388
1.385
1.383
1.383
1.384
1.385
1.385
1.386
1.387
1.390
1.392
1.396
1.403
1.407
1.413
1.422
1.433
1.443
1.447
1.447
84.32
84.54
84.87
85.34
85.93
86.70
87.59
88.54
89.57
90.71
91.98
93.49
95.11
96.89
98.76
100.8
102.8
105.0
107.3
109.6
112.0
114.4
117.0
119.6
122.4
125.3
128.2
131.1
134.2
137.4
140.7
144.1
147.5
151.1
154.9
159.0
163.3
167.9
172.6
177.5
182.5
187.7
192.8
198.1
203.7
209.5
215.6
222.0
228.6
235.5
242.5
249.8
257.6
265.7
273.8
282.4
292.1
303.2
315.1
328.1
341.6
354.4
364.1
367.7
365.1
358.0
345.6
329.6
312.5
295.9
278.5
256.1
228.1
192.9
149.5
114.4
77.20
51.69
41.42
31.79
27.35
24.06
21.39
19.16
16.96
14.85
12.95
11.11
9.357
7.598
6.098
4.760
3.647
2.713
1.975
1.578
1.491
1.496
1.520
1.535
1.550
1.568
1.579
1.589
1.599
1.608
1.617
1.625
1.624
1.623
1.624
1.623
1.622
1.620
1.619
1.618
1.617
1.614
1.607
1.598
1.588
1.577
1.563
1.551
1.541
1.534
1.531
1.533
1.536
1.540
1.544
1.547
1.561
1.577
1.595
1.609
1.627
1.641
1.653
1.666
1.669
1.674
1.676
1.681
1.685
1.679
1.674
1.671
1.656
1.637
1.616
1.594
1.572
1.551
1.528
1.508
1.489
1.470
1.453
1.441
1.426
1.415
1.404
1.395
1.392
1.390
1.390
1.390
1.390
1.390
1.389
1.389
1.391
1.392
1.396
1.400
1.406
1.413
1.421
1.428
1.441
84.30
84.43
84.64
85.00
85.52
86.20
86.94
87.72
88.59
89.60
90.79
92.15
93.56
95.05
96.61
98.29
100.1
101.9
103.9
105.9
108.0
110.4
113.0
115.6
118.2
121.0
123.8
126.7
129.7
132.7
135.8
138.9
142.2
145.6
149.1
152.8
156.6
160.4
164.2
168.3
172.4
176.6
180.8
185.4
190.4
195.5
201.0
206.6
212.3
218.2
224.7
231.3
237.8
244.7
252.5
261.0
269.6
279.2
291.0
305.8
320.0
331.1
342.3
353.2
361.7
367.1
374.1
380.4
375.7
360.2
335.9
296.1
245.4
185.2
142.0
96.91
54.71
38.67
30.56
25.68
22.54
20.21
18.35
16.84
15.63
14.47
13.22
11.87
10.49
8.857
7.369
5.573
4.602
3.290
2.299
1.803
1.591
1.561
1.579
1.595
1.611
1.626
1.640
1.646
1.652
1.660
1.667
1.668
1.669
1.660
1.654
1.648
1.645
1.646
1.642
1.636
1.628
1.620
1.612
1.606
1.590
1.583
1.577
1.571
1.565
1.562
1.562
1.564
1.569
1.577
1.589
1.604
1.622
1.640
1.656
1.677
1.693
1.708
1.718
1.723
1.726
1.723
1.719
1.716
1.713
1.705
1.693
1.689
1.678
1.651
1.626
1.605
1.578
1.553
1.531
1.508
1.489
1.466
1.450
1.432
1.419
1.413
1.402
1.402
1.402
1.401
1.401
1.399
1.399
1.400
1.403
1.406
1.407
1.409
1.415
1.418
1.425
1.431
1.436
1.435
1.435
