SALVI
1
0
24
15.00
181
1.00

19-GVM009

19-GVM009.ldt
25 April 2019/AA
760
309
225
320
60
0
0
0
0
96.5
100.0
1.000
0.0
1
1
16L5
2757.1


0.0
0.126
0.204
0.292
0.374
0.436
0.541
0.604
0.662
0.733
0.779
0.0
15.0
30.0
45.0
60.0
75.0
90.0
105.0
120.0
135.0
150.0
165.0
180.0
195.0
210.0
225.0
240.0
255.0
270.0
285.0
300.0
315.0
330.0
345.0
0.0
1.0
2.0
3.0
4.0
5.0
6.0
7.0
8.0
9.0
10.0
11.0
12.0
13.0
14.0
15.0
16.0
17.0
18.0
19.0
20.0
21.0
22.0
23.0
24.0
25.0
26.0
27.0
28.0
29.0
30.0
31.0
32.0
33.0
34.0
35.0
36.0
37.0
38.0
39.0
40.0
41.0
42.0
43.0
44.0
45.0
46.0
47.0
48.0
49.0
50.0
51.0
52.0
53.0
54.0
55.0
56.0
57.0
58.0
59.0
60.0
61.0
62.0
63.0
64.0
65.0
66.0
67.0
68.0
69.0
70.0
71.0
72.0
73.0
74.0
75.0
76.0
77.0
78.0
79.0
80.0
81.0
82.0
83.0
84.0
85.0
86.0
87.0
88.0
89.0
90.0
91.0
92.0
93.0
94.0
95.0
96.0
97.0
98.0
99.0
100.0
101.0
102.0
103.0
104.0
105.0
106.0
107.0
108.0
109.0
110.0
111.0
112.0
113.0
114.0
115.0
116.0
117.0
118.0
119.0
120.0
121.0
122.0
123.0
124.0
125.0
126.0
127.0
128.0
129.0
130.0
131.0
132.0
133.0
134.0
135.0
136.0
137.0
138.0
139.0
140.0
141.0
142.0
143.0
144.0
145.0
146.0
147.0
148.0
149.0
150.0
151.0
152.0
153.0
154.0
155.0
156.0
157.0
158.0
159.0
160.0
161.0
162.0
163.0
164.0
165.0
166.0
167.0
168.0
169.0
170.0
171.0
172.0
173.0
174.0
175.0
176.0
177.0
178.0
179.0
180.0
2.254
2.048
1.890
1.717
1.657
1.629
1.571
1.467
1.344
1.331
1.346
2.748
6.863
19.69
26.99
31.72
49.68
79.93
72.59
87.37
109.4
124.9
126.3
149.5
159.9
168.3
177.1
177.9
189.2
189.7
193.2
191.5
202.7
202.6
210.2
210.6
210.2
219.0
222.0
231.6
236.7
238.1
254.2
245.9
244.9
247.1
252.4
259.1
256.5
263.1
254.3
264.6
260.0
263.5
266.5
269.7
273.3
279.7
277.1
290.1
278.5
280.6
290.7
266.8
273.0
263.9
251.2
236.7
224.1
203.3
185.6
172.1
150.2
134.4
123.1
103.1
87.39
75.43
60.50
48.94
37.14
26.45
19.15
14.82
12.68
11.14
9.990
8.849
8.019
7.410
7.002
7.197
7.161
6.908
6.446
5.896
6.010
6.020
5.983
6.050
5.958
6.025
6.307
6.391
6.716
6.691
6.849
7.292
7.067
6.895
7.211
6.701
6.457
6.472
6.384
5.993
5.727
5.328
5.007
4.514
4.139
3.869
3.628
3.522
3.447
3.361
3.328
3.311
3.306
3.309
3.303
3.312
3.314
3.326
3.341
3.356
3.376
3.422
3.442
3.483
3.538
3.583
3.660
3.724
3.743
3.827
3.967
4.023
4.090
4.230
4.434
4.650
4.871
5.084
5.245
5.525
5.881
6.258
6.787
7.276
8.342
9.105
9.955
10.79
12.08
13.88
15.01
15.96
15.84
16.21
16.91
17.16
16.43
15.87
15.89
15.11
13.97
11.67
9.974
8.843
8.255
2.348
2.198
1.920
1.824
1.597
1.546
1.639
1.446
1.388
1.421
1.410
1.613
3.871
14.68
21.94
32.83
50.85
71.89
77.54
98.63
113.6
128.4
123.4
151.2
175.1
182.3
177.2
207.6
203.5
202.8
213.0
214.7
221.4
218.3
229.3
235.4
237.8
246.2
248.4
251.5
262.3
273.4
269.8
277.0
290.5
292.0
287.8
294.6
292.1
300.8
301.1
300.8
310.8
308.0
312.7
320.7
328.7
342.6
345.2
340.7
344.6
352.9
352.5
348.7
349.7
341.0
332.0
334.4
306.8
301.4
274.0
252.9
230.8
204.4
176.3
142.0
117.4
94.19
71.97
51.52
35.95
24.33
17.77
14.04
12.09
10.93
10.28
9.818
9.231
8.680
9.059
9.716
10.06
8.961
7.478
6.853
6.433
6.008
5.915
5.801
5.681
5.816
6.156
6.124
6.050
6.184
6.293
6.376
6.814
6.695
6.673
6.490
6.347
6.139
5.774
5.694
5.446
5.223
5.030
4.562
4.247
3.882
3.656
3.497
3.400
3.299
3.263
3.228
3.231
3.198
3.189
3.191
3.198
3.210
3.216
3.223
3.255
3.271
3.298
3.330
3.384
3.432
3.536
3.517
3.587
3.648
3.737
3.822
3.893
4.006
4.211
4.476
4.714
4.941
5.092
5.498
5.947
6.717
7.245
7.737
8.442
9.657
10.78
11.48
13.43
14.91
16.19
16.15
15.73
16.09
16.50
17.10
16.31
16.54
16.09
14.88
13.69
11.99
10.35
8.852
8.377
2.319
2.106
1.912
1.890
1.645
1.532
1.666
1.505
1.392
1.424
1.441
1.622
3.134
14.91
30.48
35.65
47.93
69.58
82.70
111.5
105.8
120.1
155.7
159.4
147.8
166.6
183.2
193.0
183.3
192.4
201.2
197.4
199.2
204.7
214.5
214.2
221.4
223.6
239.0
241.3
241.7
246.5
255.8
262.2
264.1
266.5
269.1
280.7
279.7
283.1
285.4
291.7
305.6
303.7
310.9
324.3
337.2
344.3
356.4
365.6
369.7
385.4
388.8
407.9
387.0
396.7
401.7
380.7
373.3
347.3
319.8
289.5
260.0
230.1
189.4
146.1
109.3
75.94
50.03
31.85
22.02
16.71
14.14
12.61
11.76
11.28
11.11
10.75
10.21
9.720
10.09
11.36
12.03
8.350
7.271
6.738
6.539
6.464
6.417
6.330
6.382
6.330
6.278
6.152
6.096
6.131
6.550
6.681
5.908
5.593
5.830
5.641
5.618
5.401
5.112
4.910
4.607
4.399
4.269
3.969
3.657
3.481
3.332
3.227
3.163
3.123
3.093
3.078
3.075
3.075
3.082
3.078
3.080
3.086
3.107
3.112
3.135
3.156
3.173
3.194
3.265
3.329
3.454
3.453
3.492
3.552
3.600
3.721
3.780
3.892
4.199
4.501
4.723
4.986
5.242
5.392
5.851
6.468
7.200
7.292
8.123
9.343
10.53
10.95
12.16
14.34
14.86
13.98
13.71
14.79
15.41
16.36
17.12
16.66
16.40
15.14
13.17
11.99
10.17
8.572
8.441
2.298
2.105
2.010
2.018
1.800
1.590
1.633
1.543
1.466
1.364
1.368
1.567
2.870
10.19
25.89
37.76
52.70
70.09
87.48
97.95
113.5
129.2
151.0
171.5
170.4
173.7
189.2
204.4
198.4
201.6
204.7
204.0
208.0
208.9
220.5
227.2
226.2
244.1
236.1
257.1
253.9
259.4
272.9
284.5
282.0
290.8
291.8
295.0
323.8
311.9
325.1
331.0
342.4
346.9
354.0
366.1
377.4
392.6
412.1
420.0
422.5
446.2
459.6
453.8
448.5
462.8
451.3
428.3
415.6
377.5
329.2
284.4
243.0
196.4
146.0
106.4
74.83
51.92
34.07
24.06
18.88
16.01
14.35
12.87
11.65
10.68
10.03
9.384
8.598
7.913
7.753
8.740
8.775
6.997
5.689
5.355
5.315
5.111
4.997
5.187
5.295
5.099
5.125
5.133
5.217
5.488
5.535
5.929
5.765
5.552
5.421
5.529
5.197
5.171
4.725
4.572
4.252
3.854
3.646
3.449
3.269
3.136
3.047
2.957
2.907
2.884
2.865
2.862
2.862
2.861
2.864
2.866
2.868
2.896
2.923
2.936
2.961
2.991
3.025
3.034
3.079
3.143
3.249
3.242
3.285
3.381
3.471
3.548
3.669
3.768
4.018
4.381
4.655
4.930
5.015
5.320
5.319
6.361
7.019
7.193
7.965
9.633
10.59
11.59
12.04
14.58
15.23
14.68
13.20
12.95
15.20
16.71
17.45
17.10
16.17
15.05
12.53
11.40
9.766
8.582
8.362
2.358
2.089
1.822
1.750
1.817
1.744
1.709
1.538
1.332
1.320
1.320
1.649
3.190
16.77
27.89
38.38
56.51
75.47
81.07
90.79
133.8
128.9
132.4
180.0
187.9
172.1
199.9
201.2
202.4
207.1
214.3
213.8
219.2
228.1
218.3
232.2
246.3
244.4
248.3
267.6
272.4
276.2
284.6
299.9
311.1
308.8
318.1
333.8
334.2
342.0
358.3
367.6
369.8
386.8
407.9
405.3
404.4
425.8
440.3
425.9
438.1
433.8
436.7
420.8
405.4
365.8
337.7
303.3
252.6
210.8
167.8
140.7
120.5
105.1
91.81
76.38
59.72
45.79
35.01
27.41
22.13
18.49
15.87
13.58
11.77
10.37
9.329
8.417
7.497
6.715
6.124
6.069
6.515
5.806
5.211
4.756
4.581
4.641
4.973
5.093
5.067
4.901
5.202
5.174
5.260
5.517
5.781
5.896
6.155
5.729
5.405
5.458
4.899
4.669
4.375
4.081
3.983
3.679
3.524
3.221
3.029
2.915
2.811
2.761
2.724
2.716
2.698
2.699
2.700
2.700
2.701
2.701
2.702
2.707
2.743
2.739
2.757
2.793
2.823
2.841
2.883
2.942
3.013
3.083
3.149
3.233
3.309
3.405
3.477
3.623
3.879
4.163
4.496
4.723
4.886
4.990
5.365
6.007
6.810
7.639
8.038
9.185
10.36
11.11
12.56
14.42
14.98
14.86
13.28
14.34
15.66
17.49
16.49
15.87
15.28
13.81
12.20
10.96
10.13
8.379
8.238
2.411
2.164
1.787
1.780
1.721
1.719
1.709
1.612
1.457
1.377
1.452
2.057
3.674
19.60
30.28
36.38
54.58
71.46
85.45
101.9
119.1
133.4
147.4
161.0
168.0
181.4
185.1
188.7
190.2
198.1
191.3
196.3
206.4
224.2
212.2
225.9
229.3
237.8
247.3
247.5
259.4
269.8
272.9
277.7
295.2
297.0
303.6
306.9
319.5
337.3
337.4
346.4
354.0
370.0
370.8
374.7
384.3
398.6
413.4
410.9
396.3
394.2
399.6
357.8
325.5
293.8
255.4
218.0
180.6
145.7
131.5
118.2
107.1
94.21
83.63
73.30
60.55
49.55
36.39
28.57
23.20
19.78
17.06
14.83
13.15
11.88
10.96
10.01
8.860
7.832
6.987
6.387
6.266
6.440
5.980
6.210
6.614
6.842
7.456
6.791
6.619
6.044
6.019
5.940
5.888
5.891
5.755
6.350
6.179
5.672
5.401
5.199
5.028
4.657
4.630
4.312
4.062
3.817
3.537
3.361
3.055
2.840
2.737
2.635
2.595
2.547
2.540
2.541
2.549
2.552
2.554
2.570
2.575
2.595
2.641
2.645
2.686
2.732
2.793
2.842
2.900
2.943
3.000
3.034
3.059
3.132
3.207
3.310
3.375
3.520
3.667
3.887
4.099
4.287
4.451
4.623
4.890
5.167
5.748
6.439
7.084
7.670
8.459
9.292
10.26
11.84
13.53
14.30
14.27
14.38
15.23
16.09
15.27
15.08
14.75
13.20
12.08
11.27
10.13
8.514
8.170
2.420
2.145
1.954
1.756
1.758
1.628
1.764
1.748
1.557
1.372
1.448
2.560
4.026
25.00
22.02
48.67
51.55
63.57
96.82
101.5
100.2
130.5
136.7
146.4
159.6
168.5
190.3
183.2
193.4
192.9
208.7
208.5
196.5
213.4
230.4
225.4
234.3
237.4
245.4
256.1
260.9
259.2
270.8
281.5
288.9
290.6
296.8
305.0
314.1
324.2
326.3
350.6
354.6
366.2
381.4
377.1
385.5
387.5
414.2
394.1
394.9
395.1
363.8
338.2
305.8
265.1
221.1
195.8
160.1
140.1
127.4
114.5
103.2
91.90
81.72
70.44
59.75
48.65
38.80
30.19
24.45
21.05
18.50
15.83
13.96
12.56
11.53
10.45
9.072
7.846
6.889
6.194
5.588
5.249
6.465
5.747
5.405
5.194
4.920
4.576
4.714
4.782
5.322
5.142
5.403
5.657
5.618
5.674
6.032
5.780
5.732
5.472
5.262
4.879
4.578
4.697
4.237
3.815
3.725
3.351
3.017
2.841
2.688
2.612
2.586
2.543
2.529
2.515
2.525
2.536
2.547
2.557
2.568
2.579
2.589
2.579
2.600
2.618
2.675
2.714
2.768
2.828
2.882
2.893
3.009
3.042
3.125
3.227
3.284
3.435
3.595
3.691
3.962
4.104
4.275
4.520
4.927
5.414
6.030
6.640
6.790
7.320
8.045
9.002
10.12
11.09
13.25
13.52
13.96
14.65
14.94
14.82
15.78
13.87
13.10
12.50
11.61
10.98
10.54
8.675
8.125
2.411
2.164
1.787
1.780
1.721
1.719
1.709
1.612
1.457
1.377
1.452
2.057
3.674
19.60
30.28
36.38
54.58
71.46
85.45
101.9
119.1
133.4
147.4
161.0
168.0
181.4
185.1
188.7
190.2
198.1
191.3
196.3
206.4
224.2
212.2
225.9
229.3
237.8
247.3
247.5
259.4
269.8
272.9
277.7
295.2
297.0
303.6
306.9
319.5
337.3
337.4
346.4
354.0
370.0
370.8
374.7
384.3
398.6
413.4
410.9
396.3
394.2
399.6
357.8
325.5
293.8
255.4
218.0
180.6
145.7
131.5
118.2
107.1
94.21
83.63
73.30
60.55
49.55
36.39
28.57
23.20
19.78
17.06
14.83
13.15
11.88
10.96
10.01
8.860
7.832
6.987
6.387
6.266
6.440
5.980
6.210
6.614
6.842
7.456
6.791
6.619
6.044
6.019
5.940
5.888
5.891
5.755
6.350
6.179
5.672
5.401
5.199
5.028
4.657
4.630
4.312
4.062
3.817
3.537
3.361
3.055
2.840
2.737
2.635
2.595
2.547
2.540
2.541
2.549
2.552
2.554
2.570
2.575
2.595
2.641
2.645
2.686
2.732
2.793
2.842
2.900
2.943
3.000
3.034
3.059
3.132
3.207
3.310
3.375
3.520
3.667
3.887
4.099
4.287
4.451
4.623
4.890
5.167
5.748
6.439
7.084
7.670
8.459
9.292
10.26
11.84
13.53
14.30
14.27
14.38
15.23
16.09
15.27
15.08
14.75
13.20
12.08
11.27
10.13
8.514
8.170
2.358
2.089
1.822
1.750
1.817
1.744
1.709
1.538
1.332
1.320
1.320
1.649
3.190
16.77
27.89
38.38
56.51
75.47
81.07
90.79
133.8
128.9
132.4
180.0
187.9
172.1
199.9
201.2
202.4
207.1
214.3
213.8
219.2
228.1
218.3
232.2
246.3
244.4
248.3
267.6
272.4
276.2
284.6
299.9
311.1
308.8
318.1
333.8
334.2
342.0
358.3
367.6
369.8
386.8
407.9
405.3
404.4
425.8
440.3
425.9
438.1
433.8
436.7
420.8
405.4
365.8
337.7
303.3
252.6
210.8
167.8
140.7
120.5
105.1
91.81
76.38
59.72
45.79
35.01
27.41
22.13
18.49
15.87
13.58
11.77
10.37
9.329
8.417
7.497
6.715
6.124
6.069
6.515
5.806
5.211
4.756
4.581
4.641
4.973
5.093
5.067
4.901
5.202
5.174
5.260
5.517
5.781
5.896
6.155
5.729
5.405
5.458
4.899
4.669
4.375
4.081
3.983
3.679
3.524
3.221
3.029
2.915
2.811
2.761
2.724
2.716
2.698
2.699
2.700
2.700
2.701
2.701
2.702
2.707
2.743
2.739
2.757
2.793
2.823
2.841
2.883
2.942
3.013
3.083
3.149
3.233
3.309
3.405
3.477
3.623
3.879
4.163
4.496
4.723
4.886
4.990
5.365
6.007
6.810
7.639
8.038
9.185
10.36
11.11
12.56
14.42
14.98
14.86
13.28
14.34
15.66
17.49
16.49
15.87
15.28
13.81
12.20
10.96
10.13
8.379
8.238
2.298
2.105
2.010
2.018
1.800
1.590
1.633
1.543
1.466
1.364
1.368
1.567
2.870
10.19
25.89
37.76
52.70
70.09
87.48
97.95
113.5
129.2
151.0
171.5
170.4
173.7
189.2
204.4
198.4
201.6
204.7
204.0
208.0
208.9
220.5
227.2
226.2
244.1
236.1
257.1
253.9
259.4
272.9
284.5
282.0
290.8
291.8
295.0
323.8
311.9
325.1
331.0
342.4
346.9
354.0
366.1
377.4
392.6
412.1
420.0
422.5
446.2
459.6
453.8
448.5
462.8
451.3
428.3
415.6
377.5
329.2
284.4
243.0
196.4
146.0
106.4
74.83
51.92
34.07
24.06
18.88
16.01
14.35
12.87
11.65
10.68
10.03
9.384
8.598
7.913
7.753
8.740
8.775
6.997
5.689
5.355
5.315
5.111
4.997
5.187
5.295
5.099
5.125
5.133
5.217
5.488
5.535
5.929
5.765
5.552
5.421
5.529
5.197
5.171
4.725
4.572
4.252
3.854
3.646
3.449
3.269
3.136
3.047
2.957
2.907
2.884
2.865
2.862
2.862
2.861
2.864
2.866
2.868
2.896
2.923
2.936
2.961
2.991
3.025
3.034
3.079
3.143
3.249
3.242
3.285
3.381
3.471
3.548
3.669
3.768
4.018
4.381
4.655
4.930
5.015
5.320
5.319
6.361
7.019
7.193
7.965
9.633
10.59
11.59
12.04
14.58
15.23
14.68
13.20
12.95
15.20
16.71
17.45
17.10
16.17
15.05
12.53
11.40
9.766
8.582
8.362
2.319
2.106
1.912
1.890
1.645
1.532
1.666
1.505
1.392
1.424
1.441
1.622
3.134
14.91
30.48
35.65
47.93
69.58
82.70
111.5
105.8
120.1
155.7
159.4
147.8
166.6
183.2
193.0
183.3
192.4
201.2
197.4
199.2
204.7
214.5
214.2
221.4
223.6
239.0
241.3
241.7
246.5
255.8
262.2
264.1
266.5
269.1
280.7
279.7
283.1
285.4
291.7
305.6
303.7
310.9
324.3
337.2
344.3
356.4
365.6
369.7
385.4
388.8
407.9
387.0
396.7
401.7
380.7
373.3
347.3
319.8
289.5
260.0
230.1
189.4
146.1
109.3
75.94
50.03
31.85
22.02
16.71
14.14
12.61
11.76
11.28
11.11
10.75
10.21
9.720
10.09
11.36
12.03
8.350
7.271
6.738
6.539
6.464
6.417
6.330
6.382
6.330
6.278
6.152
6.096
6.131
6.550
6.681
5.908
5.593
5.830
5.641
5.618
5.401
5.112
4.910
4.607
4.399
4.269
3.969
3.657
3.481
3.332
3.227
3.163
3.123
3.093
3.078
3.075
3.075
3.082
3.078
3.080
3.086
3.107
3.112
3.135
3.156
3.173
3.194
3.265
3.329
3.454
3.453
3.492
3.552
3.600
3.721
3.780
3.892
4.199
4.501
4.723
4.986
5.242
5.392
5.851
6.468
7.200
7.292
8.123
9.343
10.53
10.95
12.16
14.34
14.86
13.98
13.71
14.79
15.41
16.36
17.12
16.66
16.40
15.14
13.17
11.99
10.17
8.572
8.441
2.348
2.198
1.920
1.824
1.597
1.546
1.639
1.446
1.388
1.421
1.410
1.613
3.871
14.68
21.94
32.83
50.85
71.89
77.54
98.63
113.6
128.4
123.4
151.2
175.1
182.3
177.2
207.6
203.5
202.8
213.0
214.7
221.4
218.3
229.3
235.4
237.8
246.2
248.4
251.5
262.3
273.4
269.8
277.0
290.5
292.0
287.8
294.6
292.1
300.8
301.1
300.8
310.8
308.0
312.7
320.7
328.7
342.6
345.2
340.7
344.6
352.9
352.5
348.7
349.7
341.0
332.0
334.4
306.8
301.4
274.0
252.9
230.8
204.4
176.3
142.0
117.4
94.19
71.97
51.52
35.95
24.33
17.77
14.04
12.09
10.93
10.28
9.818
9.231
8.680
9.059
9.716
10.06
8.961
7.478
6.853
6.433
6.008
5.915
5.801
5.681
5.816
6.156
6.124
6.050
6.184
6.293
6.376
6.814
6.695
6.673
6.490
6.347
6.139
5.774
5.694
5.446
5.223
5.030
4.562
4.247
3.882
3.656
3.497
3.400
3.299
3.263
3.228
3.231
3.198
3.189
3.191
3.198
3.210
3.216
3.223
3.255
3.271
3.298
3.330
3.384
3.432
3.536
3.517
3.587
3.648
3.737
3.822
3.893
4.006
4.211
4.476
4.714
4.941
5.092
5.498
5.947
6.717
7.245
7.737
8.442
9.657
10.78
11.48
13.43
14.91
16.19
16.15
15.73
16.09
16.50
17.10
16.31
16.54
16.09
14.88
13.69
11.99
10.35
8.852
8.377
2.254
2.048
1.890
1.717
1.657
1.629
1.571
1.467
1.344
1.331
1.346
2.748
6.863
19.69
26.99
31.72
49.68
79.93
72.59
87.37
109.4
124.9
126.3
149.5
159.9
168.3
177.1
177.9
189.2
189.7
193.2
191.5
202.7
202.6
210.2
210.6
210.2
219.0
222.0
231.6
236.7
238.1
254.2
245.9
244.9
247.1
252.4
259.1
256.5
263.1
254.3
264.6
260.0
263.5
266.5
269.7
273.3
279.7
277.1
290.1
278.5
280.6
290.7
266.8
273.0
263.9
251.2
236.7
224.1
203.3
185.6
172.1
150.2
134.4
123.1
103.1
87.39
75.43
60.50
48.94
37.14
26.45
19.15
14.82
12.68
11.14
9.990
8.849
8.019
7.410
7.002
7.197
7.161
6.908
6.446
5.896
6.010
6.020
5.983
6.050
5.958
6.025
6.307
6.391
6.716
6.691
6.849
7.292
7.067
6.895
7.211
6.701
6.457
6.472
6.384
5.993
5.727
5.328
5.007
4.514
4.139
3.869
3.628
3.522
3.447
3.361
3.328
3.311
3.306
3.309
3.303
3.312
3.314
3.326
3.341
3.356
3.376
3.422
3.442
3.483
3.538
3.583
3.660
3.724
3.743
3.827
3.967
4.023
4.090
4.230
4.434
4.650
4.871
5.084
5.245
5.525
5.881
6.258
6.787
7.276
8.342
9.105
9.955
10.79
12.08
13.88
15.01
15.96
15.84
16.21
16.91
17.16
16.43
15.87
15.89
15.11
13.97
11.67
9.974
8.843
8.255
2.348
2.079
1.806
1.808
1.807
1.757
1.615
1.472
1.404
1.372
1.695
2.568
7.633
23.12
24.43
44.47
50.16
64.50
81.76
98.45
94.53
102.2
122.4
140.3
146.7
145.7
168.3
175.0
171.4
180.0
180.0
180.9
178.3
186.6
196.2
195.2
190.7
204.6
205.7
207.2
211.1
214.8
220.3
223.3
228.3
220.6
227.7
221.3
225.1
229.2
222.8
224.8
227.6
220.0
218.4
225.0
228.7
243.6
221.9
221.2
228.0
222.2
217.0
211.4
204.1
194.5
185.5
178.7
160.2
152.3
135.9
128.0
117.9
104.5
93.02
78.07
66.36
51.57
40.64
32.29
25.60
20.98
16.96
14.67
12.49
10.80
9.536
8.286
7.226
6.469
5.903
5.602
5.736
6.231
5.568
5.261
5.088
5.299
5.266
5.145
5.063
5.225
5.327
5.625
5.911
6.431
6.663
6.947
7.062
7.034
6.718
6.699
6.865
6.589
6.372
5.981
5.652
5.631
5.328
4.859
4.393
4.062
3.863
3.762
3.670
3.619
3.596
3.581
3.576
3.578
3.581
3.597
3.597
3.620
3.659
3.682
3.715
3.780
3.797
3.815
3.861
3.944
4.010
4.166
4.184
4.294
4.396
4.490
4.535
4.700
4.860
5.074
5.333
5.497
5.631
5.812
6.291
6.996
7.375
8.211
9.136
9.949
10.87
11.60
12.59
14.76
16.06
15.71
15.56
16.79
17.42
17.73
16.64
16.55
16.65
15.74
14.53
12.30
10.18
8.921
8.372
2.319
2.075
1.825
1.666
1.653
1.667
1.507
1.421
1.373
1.410
1.994
3.545
6.151
18.55
33.58
37.05
52.57
67.23
82.78
81.11
84.00
99.89
117.4
109.5
113.3
120.0
125.6
132.7
127.7
127.9
127.3
133.4
136.7
137.3
135.6
138.6
141.9
143.6
152.3
149.3
148.9
153.0
157.9
157.0
157.7
161.4
154.4
159.6
164.7
156.8
156.5
159.6
157.2
154.1
151.4
157.9
156.6
160.8
164.7
167.9
161.3
169.0
160.9
165.4
153.8
157.5
146.0
138.7
137.3
121.7
120.5
111.6
100.6
92.44
79.35
69.50
59.88
49.55
40.37
35.79
31.84
28.44
24.88
22.38
20.11
18.02
15.95
14.05
12.15
10.45
9.164
8.239
7.283
6.692
6.680
7.061
6.730
6.350
5.806
5.766
5.664
5.651
5.800
5.829
5.891
6.142
6.065
6.196
6.062
6.280
6.120
6.198
6.052
5.831
5.624
5.514
5.372
5.164
4.889
4.569
4.312
4.103
3.957
3.883
3.826
3.785
3.772
3.767
3.768
3.781
3.794
3.842
3.883
3.938
3.991
3.999
4.034
4.084
4.110
4.175
4.212
4.297
4.368
4.467
4.566
4.631
4.761
4.859
4.860
5.039
5.193
5.412
5.686
5.845
6.023
6.231
6.623
7.123
7.632
8.318
9.392
10.00
11.20
12.32
13.02
14.46
15.91
15.49
15.46
15.88
17.27
18.09
17.21
17.42
17.32
16.12
14.65
12.69
10.49
9.072
8.450
2.298
2.089
1.878
1.668
1.583
1.570
1.624
1.515
1.411
1.345
2.715
2.851
6.492
28.00
27.19
39.19
45.52
66.57
64.92
79.19
85.81
92.40
107.0
113.1
119.8
112.6
125.7
128.7
126.3
128.3
121.9
123.0
123.4
124.2
127.2
124.7
127.1
132.1
132.3
133.8
135.8
134.4
137.3
142.2
136.1
139.3
141.2
136.5
136.4
136.7
140.0
134.4
136.7
133.1
131.9
142.2
151.6
151.2
149.2
152.0
157.2
151.7
154.9
154.6
146.3
144.9
143.8
133.5
133.0
128.3
121.9
114.6
107.6
101.3
90.22
79.57
65.09
56.45
47.96
42.98
37.74
32.95
28.74
25.54
21.87
19.32
16.86
14.82
13.07
11.29
9.869
8.535
7.543
6.730
6.473
6.795
6.637
7.003
6.394
5.813
5.564
5.527
5.523
5.500
5.766
5.889
6.101
6.116
6.220
6.249
6.281
6.349
6.169
6.005
5.698
5.646
5.432
5.301
5.009
4.825
4.519
4.235
4.056
3.978
3.883
3.858
3.840
3.824
3.827
3.829
3.832
3.854
3.873
3.898
3.953
3.994
4.046
4.091
4.140
4.229
4.283
4.363
4.447
4.527
4.682
4.735
4.866
5.004
5.004
5.184
5.313
5.645
6.103
6.166
6.430
6.735
7.150
7.547
7.909
8.890
9.941
10.54
11.88
13.24
14.44
16.48
17.79
17.77
17.73
17.20
18.10
19.22
19.67
18.73
18.51
17.15
15.02
12.66
10.78
9.381
8.373
2.358
2.130
1.838
1.641
1.526
1.498
1.491
1.364
1.289
1.324
2.483
2.379
4.679
23.77
23.89
37.81
46.71
64.14
62.51
76.06
89.30
88.22
96.06
107.3
107.4
107.5
115.1
120.5
119.5
109.2
113.3
111.1
114.4
113.0
111.1
113.8
117.5
114.8
114.1
121.3
117.2
118.2
120.1
123.0
119.8
121.7
125.3
121.0
120.0
120.6
121.8
119.5
121.8
116.9
120.8
126.1
141.7
146.9
143.0
138.2
147.8
149.8
148.6
148.0
142.9
140.2
137.0
134.9
130.2
120.6
116.6
114.5
103.9
98.26
93.33
79.47
70.74
63.96
52.12
47.11
40.87
34.48
28.84
23.21
20.36
18.96
17.64
15.84
14.24
12.42
10.73
9.345
8.202
7.165
6.564
6.314
6.651
6.442
6.379
6.027
5.426
5.456
5.480
5.741
5.958
5.738
5.831
6.024
5.984
5.980
6.050
5.796
5.708
5.809
5.665
5.442
5.304
5.235
5.123
4.744
4.421
4.159
3.989
3.916
3.843
3.802
3.792
3.785
3.804
3.788
3.802
3.813
3.822
3.869
3.906
3.929
3.965
4.013
4.065
4.144
4.208
4.317
4.403
4.504
4.618
4.709
4.860
4.944
5.002
5.159
5.346
5.599
6.045
6.280
6.557
6.783
7.186
7.636
8.261
9.202
10.47
11.08
12.35
13.77
15.10
16.97
18.40
19.03
19.02
19.53
20.05
19.90
19.38
19.72
19.12
17.60
15.15
12.71
11.02
9.595
8.234
2.411
2.018
1.780
1.639
1.499
1.488
1.539
1.387
1.269
1.279
1.803
3.107
6.052
18.42
27.36
30.32
50.93
60.21
66.06
65.51
72.60
88.08
95.15
92.71
98.68
106.5
109.4
103.7
100.2
102.5
100.1
100.5
101.3
98.37
101.8
101.6
100.2
101.5
103.6
103.6
102.7
103.4
104.7
105.1
107.9
104.6
107.0
107.0
109.1
105.3
106.5
108.2
107.6
107.8
110.5
120.6
123.1
124.1
128.5
135.5
133.8
135.8
137.8
137.2
136.6
133.5
135.0
128.1
124.4
115.9
112.8
108.3
97.26
98.14
87.62
76.40
66.00
56.32
47.86
42.25
35.94
30.60
27.42
24.28
21.70
19.75
18.19
16.28
14.20
12.27
10.65
9.502
8.260
7.072
6.378
6.017
5.817
6.188
5.753
5.627
5.324
5.271
5.425
5.508
5.627
5.988
6.388
6.604
6.541
6.662
6.782
6.704
6.685
6.477
6.428
6.294
6.105
5.863
5.442
4.974
4.613
4.345
4.142
4.034
3.939
3.885
3.838
3.797
3.793
3.774
3.768
3.765
3.767
3.772
3.790
3.802
3.853
3.905
3.989
4.050
4.096
4.178
4.288
4.369
4.464
4.608
4.731
4.834
4.903
5.062
5.282
5.555
5.885
6.157
6.392
6.696
7.147
7.713
8.418
9.414
10.55
11.70
12.71
13.47
14.30
15.92
17.60
18.46
19.59
20.40
20.77
20.60
19.45
19.86
19.33
18.15
15.56
12.85
10.86
9.328
8.173
2.420
2.059
1.696
1.565
1.455
1.455
1.451
1.287
1.236
1.395
1.458
2.192
4.299
24.15
21.77
44.91
42.54
52.97
67.95
73.02
66.27
80.42
82.20
102.8
90.35
85.01
105.3
110.3
98.82
96.92
102.8
94.83
102.8
97.80
96.99
102.2
96.87
102.3
99.41
97.47
101.1
100.7
98.92
103.3
100.2
102.2
102.0
105.0
101.1
104.5
103.7
104.7
106.1
106.5
106.7
109.1
135.8
139.4
137.3
127.4
133.4
145.4
142.0
138.3
138.0
132.5
134.4
129.5
120.3
119.9
118.1
102.7
98.18
92.12
84.89
73.89
69.11
57.08
52.11
48.74
43.36
38.50
31.44
27.07
23.76
20.26
17.75
16.33
14.72
12.84
11.17
10.06
8.784
7.484
6.541
5.978
5.699
5.553
5.464
5.475
5.439
5.792
5.625
5.640
5.858
5.993
6.307
6.596
6.660
6.788
6.722
7.008
6.895
6.641
6.609
6.620
6.600
6.481
5.985
5.471
4.946
4.542
4.246
4.069
3.976
3.880
3.834
3.826
3.817
3.809
3.801
3.793
3.785
3.799
3.824
3.842
3.877
3.931
3.959
4.003
4.063
4.131
4.245
4.349
4.441
4.574
4.688
4.833
4.873
5.042
5.266
5.556
5.877
6.132
6.343
6.506
6.999
8.035
8.929
9.709
10.80
11.40
12.65
13.81
14.38
15.67
16.36
17.87
19.06
21.06
22.28
19.44
19.67
19.86
19.03
18.00
15.35
13.15
10.98
9.239
8.115
2.411
2.018
1.780
1.639
1.499
1.488
1.539
1.387
1.269
1.279
1.803
3.107
6.052
18.42
27.36
30.32
50.93
60.21
66.06
65.51
72.60
88.08
95.15
92.71
98.68
106.5
109.4
103.7
100.2
102.5
100.1
100.5
101.3
98.37
101.8
101.6
100.2
101.5
103.6
103.6
102.7
103.4
104.7
105.1
107.9
104.6
107.0
107.0
109.1
105.3
106.5
108.2
107.6
107.8
110.5
120.6
123.1
124.1
128.5
135.5
133.8
135.8
137.8
137.2
136.6
133.5
135.0
128.1
124.4
115.9
112.8
108.3
97.26
98.14
87.62
76.40
66.00
56.32
47.86
42.25
35.94
30.60
27.42
24.28
21.70
19.75
18.19
16.28
14.20
12.27
10.65
9.502
8.260
7.072
6.378
6.017
5.817
6.188
5.753
5.627
5.324
5.271
5.425
5.508
5.627
5.988
6.388
6.604
6.541
6.662
6.782
6.704
6.685
6.477
6.428
6.294
6.105
5.863
5.442
4.974
4.613
4.345
4.142
4.034
3.939
3.885
3.838
3.797
3.793
3.774
3.768
3.765
3.767
3.772
3.790
3.802
3.853
3.905
3.989
4.050
4.096
4.178
4.288
4.369
4.464
4.608
4.731
4.834
4.903
5.062
5.282
5.555
5.885
6.157
6.392
6.696
7.147
7.713
8.418
9.414
10.55
11.70
12.71
13.47
14.30
15.92
17.60
18.46
19.59
20.40
20.77
20.60
19.45
19.86
19.33
18.15
15.56
12.85
10.86
9.328
8.173
2.358
2.130
1.838
1.641
1.526
1.498
1.491
1.364
1.289
1.324
2.483
2.379
4.679
23.77
23.89
37.81
46.71
64.14
62.51
76.06
89.30
88.22
96.06
107.3
107.4
107.5
115.1
120.5
119.5
109.2
113.3
111.1
114.4
113.0
111.1
113.8
117.5
114.8
114.1
121.3
117.2
118.2
120.1
123.0
119.8
121.7
125.3
121.0
120.0
120.6
121.8
119.5
121.8
116.9
120.8
126.1
141.7
146.9
143.0
138.2
147.8
149.8
148.6
148.0
142.9
140.2
137.0
134.9
130.2
120.6
116.6
114.5
103.9
98.26
93.33
79.47
70.74
63.96
52.12
47.11
40.87
34.48
28.84
23.21
20.36
18.96
17.64
15.84
14.24
12.42
10.73
9.345
8.202
7.165
6.564
6.314
6.651
6.442
6.379
6.027
5.426
5.456
5.480
5.741
5.958
5.738
5.831
6.024
5.984
5.980
6.050
5.796
5.708
5.809
5.665
5.442
5.304
5.235
5.123
4.744
4.421
4.159
3.989
3.916
3.843
3.802
3.792
3.785
3.804
3.788
3.802
3.813
3.822
3.869
3.906
3.929
3.965
4.013
4.065
4.144
4.208
4.317
4.403
4.504
4.618
4.709
4.860
4.944
5.002
5.159
5.346
5.599
6.045
6.280
6.557
6.783
7.186
7.636
8.261
9.202
10.47
11.08
12.35
13.77
15.10
16.97
18.40
19.03
19.02
19.53
20.05
19.90
19.38
19.72
19.12
17.60
15.15
12.71
11.02
9.595
8.234
2.298
2.089
1.878
1.668
1.583
1.570
1.624
1.515
1.411
1.345
2.715
2.851
6.492
28.00
27.19
39.19
45.52
66.57
64.92
79.19
85.81
92.40
107.0
113.1
119.8
112.6
125.7
128.7
126.3
128.3
121.9
123.0
123.4
124.2
127.2
124.7
127.1
132.1
132.3
133.8
135.8
134.4
137.3
142.2
136.1
139.3
141.2
136.5
136.4
136.7
140.0
134.4
136.7
133.1
131.9
142.2
151.6
151.2
149.2
152.0
157.2
151.7
154.9
154.6
146.3
144.9
143.8
133.5
133.0
128.3
121.9
114.6
107.6
101.3
90.22
79.57
65.09
56.45
47.96
42.98
37.74
32.95
28.74
25.54
21.87
19.32
16.86
14.82
13.07
11.29
9.869
8.535
7.543
6.730
6.473
6.795
6.637
7.003
6.394
5.813
5.564
5.527
5.523
5.500
5.766
5.889
6.101
6.116
6.220
6.249
6.281
6.349
6.169
6.005
5.698
5.646
5.432
5.301
5.009
4.825
4.519
4.235
4.056
3.978
3.883
3.858
3.840
3.824
3.827
3.829
3.832
3.854
3.873
3.898
3.953
3.994
4.046
4.091
4.140
4.229
4.283
4.363
4.447
4.527
4.682
4.735
4.866
5.004
5.004
5.184
5.313
5.645
6.103
6.166
6.430
6.735
7.150
7.547
7.909
8.890
9.941
10.54
11.88
13.24
14.44
16.48
17.79
17.77
17.73
17.20
18.10
19.22
19.67
18.73
18.51
17.15
15.02
12.66
10.78
9.381
8.373
2.319
2.075
1.825
1.666
1.653
1.667
1.507
1.421
1.373
1.410
1.994
3.545
6.151
18.55
33.58
37.05
52.57
67.23
82.78
81.11
84.00
99.89
117.4
109.5
113.3
120.0
125.6
132.7
127.7
127.9
127.3
133.4
136.7
137.3
135.6
138.6
141.9
143.6
152.3
149.3
148.9
153.0
157.9
157.0
157.7
161.4
154.4
159.6
164.7
156.8
156.5
159.6
157.2
154.1
151.4
157.9
156.6
160.8
164.7
167.9
161.3
169.0
160.9
165.4
153.8
157.5
146.0
138.7
137.3
121.7
120.5
111.6
100.6
92.44
79.35
69.50
59.88
49.55
40.37
35.79
31.84
28.44
24.88
22.38
20.11
18.02
15.95
14.05
12.15
10.45
9.164
8.239
7.283
6.692
6.680
7.061
6.730
6.350
5.806
5.766
5.664
5.651
5.800
5.829
5.891
6.142
6.065
6.196
6.062
6.280
6.120
6.198
6.052
5.831
5.624
5.514
5.372
5.164
4.889
4.569
4.312
4.103
3.957
3.883
3.826
3.785
3.772
3.767
3.768
3.781
3.794
3.842
3.883
3.938
3.991
3.999
4.034
4.084
4.110
4.175
4.212
4.297
4.368
4.467
4.566
4.631
4.761
4.859
4.860
5.039
5.193
5.412
5.686
5.845
6.023
6.231
6.623
7.123
7.632
8.318
9.392
10.00
11.20
12.32
13.02
14.46
15.91
15.49
15.46
15.88
17.27
18.09
17.21
17.42
17.32
16.12
14.65
12.69
10.49
9.072
8.450
2.348
2.079
1.806
1.808
1.807
1.757
1.615
1.472
1.404
1.372
1.695
2.568
7.633
23.12
24.43
44.47
50.16
64.50
81.76
98.45
94.53
102.2
122.4
140.3
146.7
145.7
168.3
175.0
171.4
180.0
180.0
180.9
178.3
186.6
196.2
195.2
190.7
204.6
205.7
207.2
211.1
214.8
220.3
223.3
228.3
220.6
227.7
221.3
225.1
229.2
222.8
224.8
227.6
220.0
218.4
225.0
228.7
243.6
221.9
221.2
228.0
222.2
217.0
211.4
204.1
194.5
185.5
178.7
160.2
152.3
135.9
128.0
117.9
104.5
93.02
78.07
66.36
51.57
40.64
32.29
25.60
20.98
16.96
14.67
12.49
10.80
9.536
8.286
7.226
6.469
5.903
5.602
5.736
6.231
5.568
5.261
5.088
5.299
5.266
5.145
5.063
5.225
5.327
5.625
5.911
6.431
6.663
6.947
7.062
7.034
6.718
6.699
6.865
6.589
6.372
5.981
5.652
5.631
5.328
4.859
4.393
4.062
3.863
3.762
3.670
3.619
3.596
3.581
3.576
3.578
3.581
3.597
3.597
3.620
3.659
3.682
3.715
3.780
3.797
3.815
3.861
3.944
4.010
4.166
4.184
4.294
4.396
4.490
4.535
4.700
4.860
5.074
5.333
5.497
5.631
5.812
6.291
6.996
7.375
8.211
9.136
9.949
10.87
11.60
12.59
14.76
16.06
15.71
15.56
16.79
17.42
17.73
16.64
16.55
16.65
15.74
14.53
12.30
10.18
8.921
8.372
