SALVI
1
0
24
15.00
91
1.00

19-GVM009

19-GVM016.ldt
19 JUNY 2019/JVILADEVALL
760
309
225
320
60
0
0
0
0
100.0
100.0
1.000
0.0
1
1
16 L5
4618.4


0.0
0.164
0.247
0.337
0.417
0.477
0.574
0.631
0.684
0.750
0.792
0.0
15.0
30.0
45.0
60.0
75.0
90.0
105.0
120.0
135.0
150.0
165.0
180.0
195.0
210.0
225.0
240.0
255.0
270.0
285.0
300.0
315.0
330.0
345.0
0.0
1.0
2.0
3.0
4.0
5.0
6.0
7.0
8.0
9.0
10.0
11.0
12.0
13.0
14.0
15.0
16.0
17.0
18.0
19.0
20.0
21.0
22.0
23.0
24.0
25.0
26.0
27.0
28.0
29.0
30.0
31.0
32.0
33.0
34.0
35.0
36.0
37.0
38.0
39.0
40.0
41.0
42.0
43.0
44.0
45.0
46.0
47.0
48.0
49.0
50.0
51.0
52.0
53.0
54.0
55.0
56.0
57.0
58.0
59.0
60.0
61.0
62.0
63.0
64.0
65.0
66.0
67.0
68.0
69.0
70.0
71.0
72.0
73.0
74.0
75.0
76.0
77.0
78.0
79.0
80.0
81.0
82.0
83.0
84.0
85.0
86.0
87.0
88.0
89.0
90.0
91.67
91.68
91.81
92.12
92.58
93.24
94.10
95.11
96.10
97.38
99.41
102.6
106.8
112.8
118.5
124.1
131.0
137.2
145.3
151.0
157.1
163.0
167.8
176.1
183.3
186.9
191.6
196.1
198.5
201.1
204.7
208.1
211.3
215.1
218.5
223.1
226.7
230.3
234.0
238.9
242.3
247.1
251.4
254.3
257.9
260.2
261.9
263.9
266.6
267.1
268.0
267.8
267.1
265.2
264.0
262.1
258.4
255.1
250.2
245.5
241.6
236.3
230.4
224.1
217.8
209.9
202.4
193.7
183.9
174.2
163.5
152.8
141.2
130.1
119.6
109.4
99.40
90.66
82.56
75.32
68.51
62.54
57.13
52.36
48.00
44.11
40.60
37.45
34.61
32.06
29.80
89.17
89.82
90.61
91.63
92.79
94.16
95.69
97.31
98.90
100.8
103.4
107.1
111.7
117.6
125.0
130.8
137.7
147.2
151.7
160.2
168.4
175.2
182.1
191.5
194.1
202.4
206.7
210.2
212.0
215.8
219.9
224.2
228.5
232.1
236.3
240.9
244.3
249.3
255.0
259.5
264.1
269.3
273.4
277.0
281.8
284.2
286.5
290.3
291.2
292.9
295.2
298.5
299.2
299.8
299.4
298.2
297.3
295.3
292.8
289.7
286.6
282.6
277.2
271.3
264.7
257.3
248.6
239.0
228.4
216.5
203.6
190.0
176.1
161.2
146.4
132.3
119.8
107.7
97.34
88.17
79.76
72.28
65.55
59.59
54.31
49.65
45.48
41.75
38.35
35.30
32.58
89.46
90.66
92.06
93.67
95.45
97.35
99.38
101.5
103.5
105.9
109.0
113.1
118.2
125.7
131.3
139.2
146.0
154.2
161.7
169.7
175.7
183.1
190.1
200.6
206.3
210.4
217.9
222.5
223.2
227.7
231.0
234.3
239.3
242.4
246.7
251.6
256.2
261.0
265.3
270.8
275.7
280.0
286.2
290.6
295.4
300.2
304.1
308.3
311.9
315.2
317.9
320.7
323.2
325.0
326.9
327.3
327.1
327.1
326.5
323.4
320.5
316.3
311.8
305.2
298.2
291.1
280.9
268.3
255.7
240.6
224.3
206.4
188.3
170.7
153.3
136.9
122.5
109.7
98.41
88.61
80.12
72.74
66.15
60.44
55.01
50.20
45.90
42.07
38.59
35.49
32.72
89.56
91.22
93.02
95.03
97.24
99.55
102.0
104.6
107.1
109.9
113.4
118.0
123.5
131.4
137.3
143.9
152.1
158.3
168.5
173.4
181.7
188.4
194.4
200.6
204.9
213.3
218.0
220.8
223.1
225.6
230.8
235.9
240.3
245.1
249.9
256.9
262.9
267.9
273.4
280.4
287.2
292.9
298.7
304.6
310.7
316.2
321.8
325.7
330.5
335.2
338.6
341.7
344.3
347.2
347.7
347.7
347.3
347.5
344.3
340.5
336.6
331.7
326.0
317.4
308.0
296.2
283.0
267.1
250.4
231.5
212.7
194.3
176.7
160.4
144.9
129.9
116.9
104.6
94.20
85.10
77.14
70.08
63.73
58.03
52.86
48.19
43.99
40.25
36.86
33.83
31.13
89.96
91.89
93.95
96.25
98.73
101.4
104.2
107.1
110.1
113.4
117.4
122.5
128.2
134.6
142.4
148.0
155.7
163.1
170.1
176.8
184.0
190.1
200.3
205.7
211.0
216.1
222.0
225.9
229.9
233.5
238.1
243.4
248.6
254.0
259.4
265.4
271.0
277.5
284.6
290.9
296.9
304.2
310.6
316.7
322.6
328.6
334.6
339.4
343.4
346.5
350.5
353.0
354.5
355.3
355.1
353.3
351.1
347.7
344.3
338.5
332.0
324.3
313.2
301.5
288.7
274.4
259.4
242.7
225.8
208.6
191.8
175.6
159.1
143.6
129.4
116.8
105.6
95.45
86.53
78.39
71.25
64.81
59.16
53.73
48.97
44.62
40.76
37.34
34.23
31.48
29.02
89.73
91.82
94.02
96.51
99.17
102.1
105.1
108.3
111.6
115.2
119.4
124.5
130.4
136.7
143.6
150.9
157.6
163.7
170.7
179.0
184.9
191.6
198.0
204.8
211.5
217.0
221.9
226.8
230.1
234.9
240.5
245.9
251.5
257.0
262.5
268.6
274.7
280.5
287.4
293.8
300.1
305.8
312.5
319.4
324.6
329.8
334.7
338.7
342.6
346.6
349.6
351.0
351.8
350.9
349.1
346.4
342.1
336.1
328.9
320.7
311.2
300.3
287.6
273.3
258.0
242.1
225.6
208.9
193.1
177.8
163.9
150.9
138.7
127.0
116.4
106.1
96.70
88.20
80.36
73.19
66.74
60.87
55.48
50.60
46.17
42.16
38.55
35.34
32.42
29.83
27.49
89.87
91.95
94.23
96.73
99.46
102.4
105.6
109.0
112.5
116.3
120.7
126.4
132.1
138.7
144.7
151.2
158.9
165.3
172.3
178.9
186.0
192.4
199.2
205.8
211.3
216.8
221.6
225.8
230.3
234.9
239.9
245.3
250.5
256.4
262.3
268.2
274.1
280.8
286.8
293.4
300.0
306.4
312.6
318.6
324.2
328.5
333.1
337.2
340.6
342.9
344.6
345.9
346.2
345.0
342.1
338.1
332.8
326.7
318.9
308.9
298.2
286.5
273.7
259.8
244.4
228.7
212.1
196.2
181.7
168.1
155.1
142.9
131.7
121.0
110.9
101.4
92.71
84.63
77.21
70.49
64.68
58.88
53.77
49.10
44.88
41.01
37.55
34.46
31.67
29.16
26.95
89.73
91.82
94.02
96.51
99.17
102.1
105.1
108.3
111.6
115.2
119.4
124.5
130.4
136.7
143.6
150.9
157.6
163.7
170.7
179.0
184.9
191.6
198.0
204.8
211.5
217.0
221.9
226.8
230.1
234.9
240.5
245.9
251.5
257.0
262.5
268.6
274.7
280.5
287.4
293.8
300.1
305.8
312.5
319.4
324.6
329.8
334.7
338.7
342.6
346.6
349.6
351.0
351.8
350.9
349.1
346.4
342.1
336.1
328.9
320.7
311.2
300.3
287.6
273.3
258.0
242.1
225.6
208.9
193.1
177.8
163.9
150.9
138.7
127.0
116.4
106.1
96.70
88.20
80.36
73.19
66.74
60.87
55.48
50.60
46.17
42.16
38.55
35.34
32.42
29.83
27.49
89.96
91.89
93.95
96.25
98.73
101.4
104.2
107.1
110.1
113.4
117.4
122.5
128.2
134.6
142.4
148.0
155.7
163.1
170.1
176.8
184.0
190.1
200.3
205.7
211.0
216.1
222.0
225.9
229.9
233.5
238.1
243.4
248.6
254.0
259.4
265.4
271.0
277.5
284.6
290.9
296.9
304.2
310.6
316.7
322.6
328.6
334.6
339.4
343.4
346.5
350.5
353.0
354.5
355.3
355.1
353.3
351.1
347.7
344.3
338.5
332.0
324.3
313.2
301.5
288.7
274.4
259.4
242.7
225.8
208.6
191.8
175.6
159.1
143.6
129.4
116.8
105.6
95.45
86.53
78.39
71.25
64.81
59.16
53.73
48.97
44.62
40.76
37.34
34.23
31.48
29.02
89.56
91.22
93.02
95.03
97.24
99.55
102.0
104.6
107.1
109.9
113.4
118.0
123.5
131.4
137.3
143.9
152.1
158.3
168.5
173.4
181.7
188.4
194.4
200.6
204.9
213.3
218.0
220.8
223.1
225.6
230.8
235.9
240.3
245.1
249.9
256.9
262.9
267.9
273.4
280.4
287.2
292.9
298.7
304.6
310.7
316.2
321.8
325.7
330.5
335.2
338.6
341.7
344.3
347.2
347.7
347.7
347.3
347.5
344.3
340.5
336.6
331.7
326.0
317.4
308.0
296.2
283.0
267.1
250.4
231.5
212.7
194.3
176.7
160.4
144.9
129.9
116.9
104.6
94.20
85.10
77.14
70.08
63.73
58.03
52.86
48.19
43.99
40.25
36.86
33.83
31.13
89.46
90.66
92.06
93.67
95.45
97.35
99.38
101.5
103.5
105.9
109.0
113.1
118.2
125.7
131.3
139.2
146.0
154.2
161.7
169.7
175.7
183.1
190.1
200.6
206.3
210.4
217.9
222.5
223.2
227.7
231.0
234.3
239.3
242.4
246.7
251.6
256.2
261.0
265.3
270.8
275.7
280.0
286.2
290.6
295.4
300.2
304.1
308.3
311.9
315.2
317.9
320.7
323.2
325.0
326.9
327.3
327.1
327.1
326.5
323.4
320.5
316.3
311.8
305.2
298.2
291.1
280.9
268.3
255.7
240.6
224.3
206.4
188.3
170.7
153.3
136.9
122.5
109.7
98.41
88.61
80.12
72.74
66.15
60.44
55.01
50.20
45.90
42.07
38.59
35.49
32.72
89.17
89.82
90.61
91.63
92.79
94.16
95.69
97.31
98.90
100.8
103.4
107.1
111.7
117.6
125.0
130.8
137.7
147.2
151.7
160.2
168.4
175.2
182.1
191.5
194.1
202.4
206.7
210.2
212.0
215.8
219.9
224.2
228.5
232.1
236.3
240.9
244.3
249.3
255.0
259.5
264.1
269.3
273.4
277.0
281.8
284.2
286.5
290.3
291.2
292.9
295.2
298.5
299.2
299.8
299.4
298.2
297.3
295.3
292.8
289.7
286.6
282.6
277.2
271.3
264.7
257.3
248.6
239.0
228.4
216.5
203.6
190.0
176.1
161.2
146.4
132.3
119.8
107.7
97.34
88.17
79.76
72.28
65.55
59.59
54.31
49.65
45.48
41.75
38.35
35.30
32.58
91.67
91.68
91.81
92.12
92.58
93.24
94.10
95.11
96.10
97.38
99.41
102.6
106.8
112.8
118.5
124.1
131.0
137.2
145.3
151.0
157.1
163.0
167.8
176.1
183.3
186.9
191.6
196.1
198.5
201.1
204.7
208.1
211.3
215.1
218.5
223.1
226.7
230.3
234.0
238.9
242.3
247.1
251.4
254.3
257.9
260.2
261.9
263.9
266.6
267.1
268.0
267.8
267.1
265.2
264.0
262.1
258.4
255.1
250.2
245.5
241.6
236.3
230.4
224.1
217.8
209.9
202.4
193.7
183.9
174.2
163.5
152.8
141.2
130.1
119.6
109.4
99.40
90.66
82.56
75.32
68.51
62.54
57.13
52.36
48.00
44.11
40.60
37.45
34.61
32.06
29.80
89.17
88.65
88.35
88.31
88.48
88.91
89.55
90.37
91.24
92.62
94.87
98.31
103.0
107.9
113.2
119.3
124.4
130.3
136.3
140.6
145.0
149.5
155.5
159.8
162.7
165.9
171.6
174.3
174.6
177.0
178.9
181.4
183.6
185.7
188.5
191.9
194.2
196.6
200.3
202.9
204.3
207.6
210.5
212.8
214.5
216.3
217.9
218.6
219.2
219.2
218.0
217.4
216.7
215.4
212.5
209.9
207.2
203.5
198.7
195.0
190.5
185.7
180.9
175.6
169.5
163.7
157.4
150.2
143.2
135.7
128.0
120.2
112.4
104.3
96.27
88.65
81.53
74.91
69.01
63.48
58.61
53.88
49.71
45.92
42.45
39.26
36.39
33.77
31.40
29.26
27.35
89.46
88.36
87.45
86.78
86.35
86.18
86.18
86.35
86.54
87.26
88.84
91.66
95.21
100.1
104.1
108.5
112.7
116.8
121.0
125.2
128.1
131.5
135.8
139.0
139.5
142.1
144.2
145.7
147.1
147.9
149.2
150.7
152.3
153.8
155.8
157.2
159.2
161.1
162.5
164.2
166.2
168.1
169.6
170.5
171.5
172.5
173.7
174.2
174.1
173.8
173.3
172.6
171.8
170.4
168.8
166.9
165.2
162.7
159.7
156.6
153.4
149.9
146.1
142.2
138.4
134.3
129.5
124.5
119.6
114.0
108.5
102.8
96.58
90.78
85.02
79.39
73.72
68.32
63.30
58.71
54.53
50.59
46.91
43.54
40.46
37.58
34.98
32.60
30.46
28.50
26.70
89.56
88.00
86.66
85.53
84.62
83.85
83.30
82.98
82.57
82.60
83.55
85.81
88.56
91.93
95.19
99.65
102.7
106.4
109.4
112.4
115.4
117.1
118.9
122.9
124.3
125.8
126.0
127.5
128.3
128.9
129.7
130.6
131.8
133.2
134.5
135.7
136.6
138.1
139.3
140.7
141.8
143.0
143.9
144.3
145.4
146.0
146.0
145.9
146.2
146.3
145.7
144.8
144.1
143.2
142.2
140.6
139.3
137.7
135.1
133.1
131.2
128.7
126.1
123.4
121.2
117.4
114.6
111.1
107.4
103.8
99.42
95.08
90.73
85.84
80.97
76.27
71.49
67.07
62.75
58.68
54.80
51.09
47.66
44.33
41.35
38.56
35.98
33.60
31.45
29.47
27.68
89.96
88.14
86.44
84.95
83.63
82.50
81.51
80.64
79.63
78.98
79.28
80.84
83.21
86.31
89.34
92.28
95.49
98.72
101.3
104.4
106.2
108.0
110.1
112.6
114.0
115.8
116.1
117.0
116.5
116.4
116.9
117.2
117.9
118.6
119.5
120.3
121.2
122.2
122.9
123.8
124.9
125.5
126.6
127.3
128.2
128.8
130.0
130.8
130.9
131.0
130.9
130.7
130.2
129.7
129.3
128.3
127.2
125.8
124.3
122.3
120.7
119.1
117.3
114.6
112.8
110.3
107.6
104.7
101.6
98.38
94.83
90.98
86.98
82.89
78.60
74.29
70.11
65.89
61.98
58.26
54.72
51.32
48.09
45.01
42.13
39.36
36.80
34.43
32.25
30.23
28.35
89.73
87.77
85.99
84.36
82.88
81.56
80.25
79.01
77.57
76.59
76.61
77.89
79.86
82.68
85.76
88.55
91.98
94.37
97.28
99.58
101.6
104.2
105.6
106.8
108.3
109.1
110.3
110.9
111.7
111.4
111.6
112.3
112.9
113.7
114.1
114.8
115.8
116.5
117.5
118.7
119.5
120.5
121.6
122.6
123.3
123.8
124.6
125.6
125.6
125.8
125.9
125.9
125.5
124.9
124.4
123.5
122.5
121.7
120.3
118.6
117.0
115.0
113.0
111.0
108.9
106.5
103.8
100.8
97.70
94.59
91.04
87.32
83.59
79.66
75.76
71.80
67.80
63.88
60.28
56.78
53.47
50.26
47.23
44.26
41.49
38.87
36.41
34.13
32.02
30.07
28.30
89.87
87.87
86.01
84.36
82.81
81.31
79.91
78.58
77.07
75.91
75.80
76.90
78.74
81.33
83.92
86.95
89.94
92.98
96.56
98.51
100.7
102.6
104.0
105.7
108.3
108.9
110.9
111.1
111.5
111.1
111.3
111.9
113.2
113.2
113.6
114.1
114.8
115.3
116.3
117.0
117.9
119.2
120.2
121.5
121.6
122.3
123.0
124.2
124.3
124.2
124.8
125.0
124.3
123.7
123.0
121.9
120.8
119.8
118.4
117.0
115.2
113.8
111.5
109.2
106.7
104.9
101.9
98.82
96.59
93.38
89.82
86.34
82.32
78.44
74.55
70.76
66.87
63.08
59.39
55.83
52.40
49.29
46.33
43.56
40.93
38.42
36.01
33.78
31.72
29.81
28.03
89.73
87.77
85.99
84.36
82.88
81.56
80.25
79.01
77.57
76.59
76.61
77.89
79.86
82.68
85.76
88.55
91.98
94.37
97.28
99.58
101.6
104.2
105.6
106.8
108.3
109.1
110.3
110.9
111.7
111.4
111.6
112.3
112.9
113.7
114.1
114.8
115.8
116.5
117.5
118.7
119.5
120.5
121.6
122.6
123.3
123.8
124.6
125.6
125.6
125.8
125.9
125.9
125.5
124.9
124.4
123.5
122.5
121.7
120.3
118.6
117.0
115.0
113.0
111.0
108.9
106.5
103.8
100.8
97.70
94.59
91.04
87.32
83.59
79.66
75.76
71.80
67.80
63.88
60.28
56.78
53.47
50.26
47.23
44.26
41.49
38.87
36.41
34.13
32.02
30.07
28.30
89.96
88.14
86.44
84.95
83.63
82.50
81.51
80.64
79.63
78.98
79.28
80.84
83.21
86.31
89.34
92.28
95.49
98.72
101.3
104.4
106.2
108.0
110.1
112.6
114.0
115.8
116.1
117.0
116.5
116.4
116.9
117.2
117.9
118.6
119.5
120.3
121.2
122.2
122.9
123.8
124.9
125.5
126.6
127.3
128.2
128.8
130.0
130.8
130.9
131.0
130.9
130.7
130.2
129.7
129.3
128.3
127.2
125.8
124.3
122.3
120.7
119.1
117.3
114.6
112.8
110.3
107.6
104.7
101.6
98.38
94.83
90.98
86.98
82.89
78.60
74.29
70.11
65.89
61.98
58.26
54.72
51.32
48.09
45.01
42.13
39.36
36.80
34.43
32.25
30.23
28.35
89.56
88.00
86.66
85.53
84.62
83.85
83.30
82.98
82.57
82.60
83.55
85.81
88.56
91.93
95.19
99.65
102.7
106.4
109.4
112.4
115.4
117.1
118.9
122.9
124.3
125.8
126.0
127.5
128.3
128.9
129.7
130.6
131.8
133.2
134.5
135.7
136.6
138.1
139.3
140.7
141.8
143.0
143.9
144.3
145.4
146.0
146.0
145.9
146.2
146.3
145.7
144.8
144.1
143.2
142.2
140.6
139.3
137.7
135.1
133.1
131.2
128.7
126.1
123.4
121.2
117.4
114.6
111.1
107.4
103.8
99.42
95.08
90.73
85.84
80.97
76.27
71.49
67.07
62.75
58.68
54.80
51.09
47.66
44.33
41.35
38.56
35.98
33.60
31.45
29.47
27.68
89.46
88.36
87.45
86.78
86.35
86.18
86.18
86.35
86.54
87.26
88.84
91.66
95.21
100.1
104.1
108.5
112.7
116.8
121.0
125.2
128.1
131.5
135.8
139.0
139.5
142.1
144.2
145.7
147.1
147.9
149.2
150.7
152.3
153.8
155.8
157.2
159.2
161.1
162.5
164.2
166.2
168.1
169.6
170.5
171.5
172.5
173.7
174.2
174.1
173.8
173.3
172.6
171.8
170.4
168.8
166.9
165.2
162.7
159.7
156.6
153.4
149.9
146.1
142.2
138.4
134.3
129.5
124.5
119.6
114.0
108.5
102.8
96.58
90.78
85.02
79.39
73.72
68.32
63.30
58.71
54.53
50.59
46.91
43.54
40.46
37.58
34.98
32.60
30.46
28.50
26.70
89.17
88.65
88.35
88.31
88.48
88.91
89.55
90.37
91.24
92.62
94.87
98.31
103.0
107.9
113.2
119.3
124.4
130.3
136.3
140.6
145.0
149.5
155.5
159.8
162.7
165.9
171.6
174.3
174.6
177.0
178.9
181.4
183.6
185.7
188.5
191.9
194.2
196.6
200.3
202.9
204.3
207.6
210.5
212.8
214.5
216.3
217.9
218.6
219.2
219.2
218.0
217.4
216.7
215.4
212.5
209.9
207.2
203.5
198.7
195.0
190.5
185.7
180.9
175.6
169.5
163.7
157.4
150.2
143.2
135.7
128.0
120.2
112.4
104.3
96.27
88.65
81.53
74.91
69.01
63.48
58.61
53.88
49.71
45.92
42.45
39.26
36.39
33.77
31.40
29.26
27.35
