SALVI
1
0
24
15.00
91
1.00

19-MTS022

19-MTS022.ldt
18 July 2019/AA
760
309
225
320
60
0
0
0
0
100.0
100.0
1.000
0.0
1
1
L5
1834.1


0.0
0.125
0.216
0.318
0.409
0.477
0.589
0.653
0.714
0.785
0.829
0.0
15.0
30.0
45.0
60.0
75.0
90.0
105.0
120.0
135.0
150.0
165.0
180.0
195.0
210.0
225.0
240.0
255.0
270.0
285.0
300.0
315.0
330.0
345.0
0.0
1.0
2.0
3.0
4.0
5.0
6.0
7.0
8.0
9.0
10.0
11.0
12.0
13.0
14.0
15.0
16.0
17.0
18.0
19.0
20.0
21.0
22.0
23.0
24.0
25.0
26.0
27.0
28.0
29.0
30.0
31.0
32.0
33.0
34.0
35.0
36.0
37.0
38.0
39.0
40.0
41.0
42.0
43.0
44.0
45.0
46.0
47.0
48.0
49.0
50.0
51.0
52.0
53.0
54.0
55.0
56.0
57.0
58.0
59.0
60.0
61.0
62.0
63.0
64.0
65.0
66.0
67.0
68.0
69.0
70.0
71.0
72.0
73.0
74.0
75.0
76.0
77.0
78.0
79.0
80.0
81.0
82.0
83.0
84.0
85.0
86.0
87.0
88.0
89.0
90.0
98.49
98.44
98.54
98.65
99.00
99.46
100.0
100.6
101.2
101.9
102.7
103.6
104.6
105.6
106.7
108.0
109.4
110.8
112.5
114.4
116.4
118.7
121.0
123.5
126.3
129.4
132.9
136.8
141.1
145.8
150.9
156.4
162.1
168.0
173.8
178.9
184.4
190.1
195.2
200.0
204.8
210.0
215.3
221.1
227.1
233.1
239.6
246.4
252.8
259.8
267.2
274.9
282.3
290.1
298.0
306.9
315.6
324.9
333.8
343.0
349.6
354.2
354.7
350.5
341.9
330.0
312.5
289.9
264.8
231.7
191.9
148.0
116.1
84.43
52.67
39.53
31.18
19.10
16.00
13.41
11.20
9.381
7.778
6.348
5.130
4.031
3.073
2.310
1.734
1.377
1.182
98.40
98.36
98.41
98.52
98.78
99.22
99.76
100.3
101.0
101.7
102.6
103.5
104.4
105.4
106.4
107.6
108.9
110.3
111.8
113.5
115.5
117.7
119.9
122.5
125.2
128.1
131.1
134.7
138.5
142.7
147.3
152.0
156.8
162.0
167.3
172.4
177.7
183.4
189.0
194.6
199.8
205.2
210.7
216.5
222.9
229.5
235.6
242.4
249.0
255.9
263.2
270.0
277.2
284.4
291.9
300.0
308.7
319.3
330.9
342.0
350.8
357.5
360.6
359.8
356.1
348.5
334.2
317.1
291.6
264.9
226.7
181.0
139.5
105.3
67.17
45.33
35.22
20.84
17.04
14.33
11.92
9.934
8.238
6.742
5.439
4.258
3.231
2.415
1.813
1.489
1.281
98.34
98.30
98.32
98.39
98.57
98.95
99.46
100.1
100.7
101.4
102.2
103.1
104.1
105.1
106.0
107.1
108.3
109.7
111.1
112.7
114.3
116.3
118.4
120.9
123.5
126.4
129.6
133.0
136.7
140.5
144.8
149.4
154.1
159.0
164.4
169.9
175.4
180.9
186.9
193.2
199.7
206.3
213.0
219.5
225.4
231.5
237.2
243.5
250.1
256.8
264.2
272.2
280.3
288.6
297.1
305.9
315.1
323.9
334.1
344.0
354.3
364.5
373.9
379.6
378.3
371.6
358.2
338.5
310.8
275.4
235.2
192.7
146.0
107.4
76.03
52.53
36.61
30.94
21.10
16.04
13.03
10.64
8.690
7.026
5.599
4.324
3.260
2.427
1.802
1.432
1.252
98.34
98.29
98.20
98.19
98.37
98.66
99.17
99.75
100.4
101.1
101.7
102.5
103.3
104.2
105.2
106.3
107.5
108.7
110.1
111.6
113.3
115.2
117.2
119.6
122.0
124.7
127.5
130.6
133.9
137.7
141.6
145.8
150.5
155.5
160.8
166.2
171.7
177.7
183.6
189.8
196.3
203.0
209.8
216.8
223.8
230.7
237.6
244.4
250.8
258.1
266.5
275.8
284.8
292.7
299.9
306.5
314.4
323.2
332.4
341.1
347.3
350.1
351.8
349.4
341.7
324.8
303.2
277.7
247.7
213.0
173.0
132.7
92.98
66.86
50.32
42.75
37.33
33.25
27.56
20.91
15.81
10.52
7.986
6.186
4.844
3.751
2.826
2.068
1.496
1.198
1.078
98.30
98.22
98.10
98.09
98.25
98.55
98.94
99.48
100.0
100.7
101.3
102.0
102.9
103.8
104.7
105.7
106.8
108.1
109.5
110.9
112.3
114.0
115.8
118.0
120.4
123.0
125.9
129.1
132.5
135.9
139.8
143.9
148.2
152.9
157.8
163.1
168.7
174.8
181.0
187.1
193.7
200.9
208.4
216.0
223.2
230.8
238.5
246.0
253.4
260.8
268.3
275.9
283.2
290.0
297.0
303.9
310.5
316.0
319.5
321.2
318.0
310.8
298.7
283.1
265.1
245.4
224.0
195.5
158.5
120.9
84.63
62.37
50.37
43.87
38.31
34.15
30.43
27.11
24.90
22.06
18.54
14.88
10.58
6.950
4.536
3.182
2.339
1.722
1.244
0.9329
0.8257
98.27
98.19
98.05
98.08
98.19
98.43
98.76
99.17
99.67
100.2
100.9
101.6
102.3
103.2
104.2
105.3
106.4
107.6
109.0
110.5
112.0
113.5
115.0
116.8
118.8
121.1
123.5
126.4
129.5
132.8
136.4
140.5
144.7
149.2
154.0
159.2
164.7
170.2
176.0
182.3
189.3
196.0
202.3
208.3
214.3
220.3
226.7
233.6
240.7
247.8
254.8
261.6
268.5
275.5
281.4
286.2
289.0
289.0
286.2
279.9
269.9
256.8
242.2
226.8
210.1
188.8
158.8
122.9
91.75
65.95
50.39
45.47
39.57
35.82
31.76
28.82
25.83
24.12
21.25
18.57
15.94
12.43
9.489
7.180
5.224
3.652
2.255
1.403
0.9478
0.7474
0.6327
98.31
98.18
98.04
98.03
98.18
98.35
98.67
99.09
99.62
100.2
100.8
101.5
102.2
103.1
104.1
105.2
106.2
107.4
108.9
110.4
111.9
113.5
115.3
117.3
119.3
121.4
123.9
126.4
129.3
132.3
135.7
139.2
142.8
146.9
151.2
156.0
161.2
166.5
172.1
178.3
184.7
190.8
196.9
203.0
209.0
215.0
221.2
227.8
234.9
241.7
247.6
253.4
259.4
265.4
270.3
274.0
275.2
273.3
268.4
259.4
246.9
232.3
215.9
198.1
176.9
150.7
120.0
91.72
70.38
51.68
44.50
39.64
35.96
31.87
28.23
24.86
21.78
19.37
12.66
10.37
8.961
7.324
5.355
4.148
3.215
2.400
1.741
1.256
0.8859
0.6495
0.5844
98.27
98.19
98.05
98.08
98.19
98.43
98.76
99.17
99.67
100.2
100.9
101.6
102.3
103.2
104.2
105.3
106.4
107.6
109.0
110.5
112.0
113.5
115.0
116.8
118.8
121.1
123.5
126.4
129.5
132.8
136.4
140.5
144.7
149.2
154.0
159.2
164.7
170.2
176.0
182.3
189.3
196.0
202.3
208.3
214.3
220.3
226.7
233.6
240.7
247.8
254.8
261.6
268.5
275.5
281.4
286.2
289.0
289.0
286.2
279.9
269.9
256.8
242.2
226.8
210.1
188.8
158.8
122.9
91.75
65.95
50.39
45.47
39.57
35.82
31.76
28.82
25.83
24.12
21.25
18.57
15.94
12.43
9.489
7.180
5.224
3.652
2.255
1.403
0.9478
0.7474
0.6327
98.30
98.22
98.10
98.09
98.25
98.55
98.94
99.48
100.0
100.7
101.3
102.0
102.9
103.8
104.7
105.7
106.8
108.1
109.5
110.9
112.3
114.0
115.8
118.0
120.4
123.0
125.9
129.1
132.5
135.9
139.8
143.9
148.2
152.9
157.8
163.1
168.7
174.8
181.0
187.1
193.7
200.9
208.4
216.0
223.2
230.8
238.5
246.0
253.4
260.8
268.3
275.9
283.2
290.0
297.0
303.9
310.5
316.0
319.5
321.2
318.0
310.8
298.7
283.1
265.1
245.4
224.0
195.5
158.5
120.9
84.63
62.37
50.37
43.87
38.31
34.15
30.43
27.11
24.90
22.06
18.54
14.88
10.58
6.950
4.536
3.182
2.339
1.722
1.244
0.9329
0.8257
98.34
98.29
98.20
98.19
98.37
98.66
99.17
99.75
100.4
101.1
101.7
102.5
103.3
104.2
105.2
106.3
107.5
108.7
110.1
111.6
113.3
115.2
117.2
119.6
122.0
124.7
127.5
130.6
133.9
137.7
141.6
145.8
150.5
155.5
160.8
166.2
171.7
177.7
183.6
189.8
196.3
203.0
209.8
216.8
223.8
230.7
237.6
244.4
250.8
258.1
266.5
275.8
284.8
292.7
299.9
306.5
314.4
323.2
332.4
341.1
347.3
350.1
351.8
349.4
341.7
324.8
303.2
277.7
247.7
213.0
173.0
132.7
92.98
66.86
50.32
42.75
37.33
33.25
27.56
20.91
15.81
10.52
7.986
6.186
4.844
3.751
2.826
2.068
1.496
1.198
1.078
98.34
98.30
98.32
98.39
98.57
98.95
99.46
100.1
100.7
101.4
102.2
103.1
104.1
105.1
106.0
107.1
108.3
109.7
111.1
112.7
114.3
116.3
118.4
120.9
123.5
126.4
129.6
133.0
136.7
140.5
144.8
149.4
154.1
159.0
164.4
169.9
175.4
180.9
186.9
193.2
199.7
206.3
213.0
219.5
225.4
231.5
237.2
243.5
250.1
256.8
264.2
272.2
280.3
288.6
297.1
305.9
315.1
323.9
334.1
344.0
354.3
364.5
373.9
379.6
378.3
371.6
358.2
338.5
310.8
275.4
235.2
192.7
146.0
107.4
76.03
52.53
36.61
30.94
21.10
16.04
13.03
10.64
8.690
7.026
5.599
4.324
3.260
2.427
1.802
1.432
1.252
98.40
98.36
98.41
98.52
98.78
99.22
99.76
100.3
101.0
101.7
102.6
103.5
104.4
105.4
106.4
107.6
108.9
110.3
111.8
113.5
115.5
117.7
119.9
122.5
125.2
128.1
131.1
134.7
138.5
142.7
147.3
152.0
156.8
162.0
167.3
172.4
177.7
183.4
189.0
194.6
199.8
205.2
210.7
216.5
222.9
229.5
235.6
242.4
249.0
255.9
263.2
270.0
277.2
284.4
291.9
300.0
308.7
319.3
330.9
342.0
350.8
357.5
360.6
359.8
356.1
348.5
334.2
317.1
291.6
264.9
226.7
181.0
139.5
105.3
67.17
45.33
35.22
20.84
17.04
14.33
11.92
9.934
8.238
6.742
5.439
4.258
3.231
2.415
1.813
1.489
1.281
98.49
98.44
98.54
98.65
99.00
99.46
100.0
100.6
101.2
101.9
102.7
103.6
104.6
105.6
106.7
108.0
109.4
110.8
112.5
114.4
116.4
118.7
121.0
123.5
126.3
129.4
132.9
136.8
141.1
145.8
150.9
156.4
162.1
168.0
173.8
178.9
184.4
190.1
195.2
200.0
204.8
210.0
215.3
221.1
227.1
233.1
239.6
246.4
252.8
259.8
267.2
274.9
282.3
290.1
298.0
306.9
315.6
324.9
333.8
343.0
349.6
354.2
354.7
350.5
341.9
330.0
312.5
289.9
264.8
231.7
191.9
148.0
116.1
84.43
52.67
39.53
31.18
19.10
16.00
13.41
11.20
9.381
7.778
6.348
5.130
4.031
3.073
2.310
1.734
1.377
1.182
98.40
98.42
98.51
98.65
99.01
99.43
100.0
100.6
101.3
102.0
102.8
103.8
104.8
105.9
107.0
108.4
109.8
111.3
113.0
114.8
116.9
119.2
121.7
124.5
127.6
130.9
134.6
138.6
142.9
147.6
152.4
157.4
162.9
168.5
173.7
179.0
184.6
190.3
195.9
201.7
207.2
212.8
218.3
224.3
230.3
237.1
244.3
251.9
259.0
266.6
274.6
282.7
291.0
299.0
308.1
317.2
326.3
336.8
347.7
359.5
370.9
378.7
380.9
379.3
373.4
362.2
344.5
322.1
296.2
262.6
218.6
169.7
132.6
101.3
68.84
45.79
36.39
22.70
17.22
14.33
11.87
9.891
8.209
6.702
5.384
4.197
3.165
2.339
1.697
1.285
1.021
98.34
98.36
98.48
98.64
98.91
99.44
99.92
100.6
101.3
102.1
102.9
103.9
105.0
106.2
107.5
108.7
110.0
111.5
113.2
115.0
117.0
119.3
121.8
124.7
127.8
131.2
134.9
138.8
143.0
147.5
152.2
157.1
162.2
167.5
172.9
178.6
184.9
191.2
197.7
204.4
211.2
218.1
225.2
232.1
239.4
247.4
256.0
264.5
273.2
282.1
290.7
299.1
307.2
316.6
325.7
334.9
345.9
356.3
367.1
378.9
389.5
397.0
400.5
398.0
389.9
376.0
355.1
331.4
302.7
265.8
225.5
179.0
135.7
98.70
73.72
58.24
45.35
35.04
28.74
16.85
13.54
11.02
8.950
7.185
5.763
4.477
3.348
2.418
1.725
1.267
1.027
98.34
98.39
98.48
98.69
98.96
99.40
99.95
100.5
101.2
102.1
102.9
103.9
104.9
106.1
107.4
108.7
110.2
111.8
113.4
115.2
117.3
119.6
122.2
125.2
128.4
131.8
135.6
139.6
143.9
148.6
153.3
158.3
163.5
168.9
174.9
181.0
187.5
194.1
201.1
208.1
215.2
222.9
231.1
239.6
248.8
258.2
267.5
277.0
286.2
295.3
303.9
311.6
320.0
328.5
338.1
347.5
356.0
363.1
368.0
371.3
372.2
369.6
362.6
350.9
335.1
316.0
294.1
264.0
227.7
187.9
147.0
112.3
84.23
66.60
55.43
48.21
40.97
36.12
31.84
23.84
18.87
11.62
8.490
6.490
5.070
3.921
3.000
2.221
1.651
1.218
0.9710
98.30
98.37
98.47
98.70
98.99
99.34
99.72
100.3
101.0
101.9
102.8
103.8
104.8
105.9
107.1
108.4
109.7
111.3
113.1
115.1
117.3
119.7
122.4
125.3
128.5
132.0
135.6
139.5
143.9
148.6
153.5
158.7
164.3
170.0
176.2
182.7
189.3
196.3
203.8
211.5
219.7
228.4
236.9
245.4
253.7
261.9
270.3
279.1
288.7
298.3
307.4
316.5
324.3
330.5
335.4
339.3
341.4
340.4
335.9
326.9
314.9
301.5
286.9
270.9
252.5
228.9
199.5
165.7
132.2
101.7
79.79
64.70
56.43
48.24
42.90
39.64
34.99
31.22
27.38
23.40
20.40
16.75
13.76
9.819
5.913
3.898
2.731
1.969
1.417
1.184
0.9040
98.27
98.34
98.46
98.65
98.93
99.22
99.67
100.2
100.9
101.7
102.6
103.5
104.6
105.7
107.0
108.3
109.7
111.3
113.1
114.9
117.0
119.4
122.0
124.8
127.9
131.4
135.1
139.0
143.3
147.9
152.8
158.0
163.5
169.2
175.0
181.1
187.8
194.7
201.9
208.7
215.7
222.8
229.5
236.7
244.3
252.3
260.5
269.0
277.3
285.7
293.6
300.8
306.6
310.7
312.2
310.5
305.5
297.7
287.7
275.7
262.6
248.5
232.4
212.7
187.1
157.6
127.3
98.58
78.56
63.44
55.26
49.69
43.67
39.76
34.31
31.47
28.84
26.74
22.74
19.55
16.69
14.39
11.60
9.129
7.113
4.971
3.268
1.964
1.317
1.118
0.8817
98.31
98.36
98.51
98.70
98.90
99.19
99.56
100.2
100.9
101.7
102.5
103.5
104.5
105.7
106.9
108.1
109.4
111.0
112.6
114.4
116.5
118.8
121.4
124.2
127.3
130.6
134.1
138.0
141.9
146.2
150.8
155.8
161.1
166.4
172.0
178.3
184.6
191.3
198.0
204.6
211.5
218.3
225.1
232.0
239.7
248.0
255.8
263.1
270.6
279.0
287.0
293.9
298.6
300.8
300.3
296.3
288.9
278.4
264.7
249.5
233.6
216.7
198.1
175.8
152.1
127.3
102.5
82.06
67.68
56.78
49.90
43.41
40.51
36.48
33.17
29.69
26.19
23.10
19.53
12.25
9.004
7.430
6.258
5.126
4.009
3.013
2.220
1.585
1.107
0.7765
0.5893
98.27
98.34
98.46
98.65
98.93
99.22
99.67
100.2
100.9
101.7
102.6
103.5
104.6
105.7
107.0
108.3
109.7
111.3
113.1
114.9
117.0
119.4
122.0
124.8
127.9
131.4
135.1
139.0
143.3
147.9
152.8
158.0
163.5
169.2
175.0
181.1
187.8
194.7
201.9
208.7
215.7
222.8
229.5
236.7
244.3
252.3
260.5
269.0
277.3
285.7
293.6
300.8
306.6
310.7
312.2
310.5
305.5
297.7
287.7
275.7
262.6
248.5
232.4
212.7
187.1
157.6
127.3
98.58
78.56
63.44
55.26
49.69
43.67
39.76
34.31
31.47
28.84
26.74
22.74
19.55
16.69
14.39
11.60
9.129
7.113
4.971
3.268
1.964
1.317
1.118
0.8817
98.30
98.37
98.47
98.70
98.99
99.34
99.72
100.3
101.0
101.9
102.8
103.8
104.8
105.9
107.1
108.4
109.7
111.3
113.1
115.1
117.3
119.7
122.4
125.3
128.5
132.0
135.6
139.5
143.9
148.6
153.5
158.7
164.3
170.0
176.2
182.7
189.3
196.3
203.8
211.5
219.7
228.4
236.9
245.4
253.7
261.9
270.3
279.1
288.7
298.3
307.4
316.5
324.3
330.5
335.4
339.3
341.4
340.4
335.9
326.9
314.9
301.5
286.9
270.9
252.5
228.9
199.5
165.7
132.2
101.7
79.79
64.70
56.43
48.24
42.90
39.64
34.99
31.22
27.38
23.40
20.40
16.75
13.76
9.819
5.913
3.898
2.731
1.969
1.417
1.184
0.9040
98.34
98.39
98.48
98.69
98.96
99.40
99.95
100.5
101.2
102.1
102.9
103.9
104.9
106.1
107.4
108.7
110.2
111.8
113.4
115.2
117.3
119.6
122.2
125.2
128.4
131.8
135.6
139.6
143.9
148.6
153.3
158.3
163.5
168.9
174.9
181.0
187.5
194.1
201.1
208.1
215.2
222.9
231.1
239.6
248.8
258.2
267.5
277.0
286.2
295.3
303.9
311.6
320.0
328.5
338.1
347.5
356.0
363.1
368.0
371.3
372.2
369.6
362.6
350.9
335.1
316.0
294.1
264.0
227.7
187.9
147.0
112.3
84.23
66.60
55.43
48.21
40.97
36.12
31.84
23.84
18.87
11.62
8.490
6.490
5.070
3.921
3.000
2.221
1.651
1.218
0.9710
98.34
98.36
98.48
98.64
98.91
99.44
99.92
100.6
101.3
102.1
102.9
103.9
105.0
106.2
107.5
108.7
110.0
111.5
113.2
115.0
117.0
119.3
121.8
124.7
127.8
131.2
134.9
138.8
143.0
147.5
152.2
157.1
162.2
167.5
172.9
178.6
184.9
191.2
197.7
204.4
211.2
218.1
225.2
232.1
239.4
247.4
256.0
264.5
273.2
282.1
290.7
299.1
307.2
316.6
325.7
334.9
345.9
356.3
367.1
378.9
389.5
397.0
400.5
398.0
389.9
376.0
355.1
331.4
302.7
265.8
225.5
179.0
135.7
98.70
73.72
58.24
45.35
35.04
28.74
16.85
13.54
11.02
8.950
7.185
5.763
4.477
3.348
2.418
1.725
1.267
1.027
98.40
98.42
98.51
98.65
99.01
99.43
100.0
100.6
101.3
102.0
102.8
103.8
104.8
105.9
107.0
108.4
109.8
111.3
113.0
114.8
116.9
119.2
121.7
124.5
127.6
130.9
134.6
138.6
142.9
147.6
152.4
157.4
162.9
168.5
173.7
179.0
184.6
190.3
195.9
201.7
207.2
212.8
218.3
224.3
230.3
237.1
244.3
251.9
259.0
266.6
274.6
282.7
291.0
299.0
308.1
317.2
326.3
336.8
347.7
359.5
370.9
378.7
380.9
379.3
373.4
362.2
344.5
322.1
296.2
262.6
218.6
169.7
132.6
101.3
68.84
45.79
36.39
22.70
17.22
14.33
11.87
9.891
8.209
6.702
5.384
4.197
3.165
2.339
1.697
1.285
1.021
