SALVI
1
0
24
15.00
91
1.00

19-MTS024

19-MTS024.ldt
19 July 2019/AA
760
309
225
320
60
0
0
0
0
100.0
100.0
1.000
0.0
1
1
L5
1851.5


0.0
0.641
0.718
0.769
0.815
0.847
0.880
0.898
0.918
0.943
0.959
0.0
15.0
30.0
45.0
60.0
75.0
90.0
105.0
120.0
135.0
150.0
165.0
180.0
195.0
210.0
225.0
240.0
255.0
270.0
285.0
300.0
315.0
330.0
345.0
0.0
1.0
2.0
3.0
4.0
5.0
6.0
7.0
8.0
9.0
10.0
11.0
12.0
13.0
14.0
15.0
16.0
17.0
18.0
19.0
20.0
21.0
22.0
23.0
24.0
25.0
26.0
27.0
28.0
29.0
30.0
31.0
32.0
33.0
34.0
35.0
36.0
37.0
38.0
39.0
40.0
41.0
42.0
43.0
44.0
45.0
46.0
47.0
48.0
49.0
50.0
51.0
52.0
53.0
54.0
55.0
56.0
57.0
58.0
59.0
60.0
61.0
62.0
63.0
64.0
65.0
66.0
67.0
68.0
69.0
70.0
71.0
72.0
73.0
74.0
75.0
76.0
77.0
78.0
79.0
80.0
81.0
82.0
83.0
84.0
85.0
86.0
87.0
88.0
89.0
90.0
2402
2397
2384
2363
2334
2296
2250
2199
2140
2074
2003
1926
1844
1757
1668
1576
1484
1391
1298
1207
1118
1033
952.1
875.8
803.7
736.3
673.9
615.2
561.2
512.0
467.1
426.4
390.4
356.8
327.0
300.4
277.1
254.6
235.5
218.2
202.9
189.6
177.3
166.9
157.4
149.3
142.5
136.7
131.6
127.6
124.2
121.5
119.2
117.3
116.0
114.9
113.9
112.8
111.5
109.7
107.8
105.7
103.4
100.4
96.46
91.90
86.83
82.00
77.34
71.75
66.02
60.76
54.16
47.24
36.87
31.57
27.19
18.26
14.49
12.16
10.37
8.558
6.794
5.148
3.873
2.637
1.728
1.131
0.7400
0.4884
0.3612
2400
2399
2388
2369
2340
2303
2258
2205
2143
2075
2000
1919
1832
1740
1644
1546
1448
1349
1251
1157
1065
978.1
896.5
819.4
747.4
681.0
619.8
563.4
511.9
465.2
422.6
385.4
350.6
320.2
292.8
268.9
246.3
226.5
208.9
193.3
179.2
166.5
155.3
145.4
136.6
129.1
122.3
116.3
111.0
106.4
102.2
98.74
95.71
92.84
90.24
87.89
85.75
83.53
81.21
78.75
76.42
73.91
70.93
67.81
65.05
62.24
59.22
55.88
52.35
48.49
44.69
41.02
36.91
32.51
26.38
21.73
19.16
15.20
12.44
10.53
8.860
7.289
5.615
4.240
3.145
2.182
1.412
0.9180
0.6126
0.4379
0.3426
2401
2402
2391
2368
2333
2288
2231
2164
2087
2002
1910
1810
1706
1600
1491
1381
1275
1172
1073
978.8
890.7
808.1
733.5
664.0
601.4
543.4
492.1
444.6
401.5
363.2
328.4
297.1
269.4
244.4
222.3
202.6
185.1
169.2
155.0
143.0
131.7
121.7
112.9
105.0
97.95
91.70
86.21
81.22
76.80
72.83
69.26
66.10
63.27
60.76
58.56
56.58
54.73
52.98
51.42
49.89
48.39
46.98
45.53
43.92
42.17
40.31
38.08
36.06
33.97
31.79
29.62
27.51
25.23
22.88
20.51
18.05
15.64
13.50
11.27
9.323
7.691
6.212
4.903
3.641
2.631
1.836
1.146
0.7476
0.5011
0.3483
0.2656
2402
2405
2392
2363
2319
2259
2185
2099
2000
1894
1780
1663
1543
1425
1311
1201
1098
999.9
907.7
822.5
742.6
669.1
602.5
541.2
485.1
433.9
388.9
346.1
308.4
275.5
244.1
217.0
193.1
172.1
154.0
138.5
125.0
113.3
103.4
94.81
87.58
81.37
76.10
71.55
67.66
64.33
61.43
58.91
56.62
54.60
52.77
51.01
49.36
47.78
46.33
44.94
43.65
42.37
41.20
40.09
39.02
38.03
37.04
36.11
35.08
34.04
32.89
31.63
30.21
28.77
27.14
25.41
23.71
22.12
20.47
18.64
16.64
14.56
12.26
10.19
8.280
6.495
5.052
3.813
2.687
1.756
1.131
0.6398
0.3715
0.2519
0.1832
2403
2405
2388
2351
2293
2217
2124
2016
1898
1771
1644
1518
1396
1279
1169
1064
967.2
874.9
788.7
708.0
633.7
563.8
499.9
441.0
386.4
337.1
293.5
254.4
220.4
191.3
166.5
146.5
128.0
113.3
101.5
91.99
84.34
78.02
73.08
69.05
65.69
62.89
60.59
58.52
56.66
55.13
53.59
52.15
50.70
49.28
47.83
46.45
45.11
43.67
42.31
41.02
39.72
38.47
37.27
36.10
35.01
33.97
32.98
32.08
31.25
30.42
29.53
28.70
27.81
26.77
25.75
24.61
23.26
21.83
20.40
18.74
16.91
15.19
13.49
11.79
10.08
8.188
6.347
4.573
3.085
2.024
1.200
0.7129
0.3870
0.2365
0.1753
2402
2407
2388
2346
2281
2193
2087
1968
1839
1706
1572
1443
1321
1207
1098
996.7
901.5
811.6
726.9
647.7
572.1
501.7
436.6
376.5
324.9
273.5
232.0
196.5
167.2
143.2
123.6
108.1
95.86
86.28
79.03
73.67
69.62
66.54
64.01
61.86
59.92
58.14
56.56
55.12
53.74
52.46
51.18
49.89
48.57
47.20
45.79
44.36
42.90
41.48
40.02
38.61
37.17
35.84
34.53
33.18
31.93
30.61
29.35
28.11
26.91
25.76
24.62
23.50
22.34
21.23
20.14
19.06
17.93
16.80
15.67
14.57
13.53
12.42
11.25
10.02
8.708
7.263
5.922
4.645
3.391
2.270
1.309
0.6973
0.3126
0.1963
0.1461
2404
2406
2385
2339
2269
2174
2063
1939
1807
1671
1538
1409
1287
1173
1068
967.0
873.2
784.0
700.4
621.0
546.2
474.2
407.5
347.0
292.8
246.1
207.1
173.9
149.8
125.8
109.0
96.10
86.27
78.89
73.37
69.22
66.13
63.59
61.53
59.70
58.18
56.78
55.50
54.22
52.95
51.68
50.37
48.96
47.48
46.04
44.51
43.03
41.52
40.05
38.63
37.23
35.78
34.40
33.02
31.51
29.90
28.26
26.76
25.21
23.74
22.38
21.16
19.94
18.74
17.48
16.38
15.37
14.38
13.30
12.28
11.25
10.25
9.287
8.344
7.382
6.307
5.198
4.124
3.062
2.221
1.534
0.9650
0.5591
0.3300
0.1965
0.1434
2402
2407
2388
2346
2281
2193
2087
1968
1839
1706
1572
1443
1321
1207
1098
996.7
901.5
811.6
726.9
647.7
572.1
501.7
436.6
376.5
324.9
273.5
232.0
196.5
167.2
143.2
123.6
108.1
95.86
86.28
79.03
73.67
69.62
66.54
64.01
61.86
59.92
58.14
56.56
55.12
53.74
52.46
51.18
49.89
48.57
47.20
45.79
44.36
42.90
41.48
40.02
38.61
37.17
35.84
34.53
33.18
31.93
30.61
29.35
28.11
26.91
25.76
24.62
23.50
22.34
21.23
20.14
19.06
17.93
16.80
15.67
14.57
13.53
12.42
11.25
10.02
8.708
7.263
5.922
4.645
3.391
2.270
1.309
0.6973
0.3126
0.1963
0.1461
2403
2405
2388
2351
2293
2217
2124
2016
1898
1771
1644
1518
1396
1279
1169
1064
967.2
874.9
788.7
708.0
633.7
563.8
499.9
441.0
386.4
337.1
293.5
254.4
220.4
191.3
166.5
146.5
128.0
113.3
101.5
91.99
84.34
78.02
73.08
69.05
65.69
62.89
60.59
58.52
56.66
55.13
53.59
52.15
50.70
49.28
47.83
46.45
45.11
43.67
42.31
41.02
39.72
38.47
37.27
36.10
35.01
33.97
32.98
32.08
31.25
30.42
29.53
28.70
27.81
26.77
25.75
24.61
23.26
21.83
20.40
18.74
16.91
15.19
13.49
11.79
10.08
8.188
6.347
4.573
3.085
2.024
1.200
0.7129
0.3870
0.2365
0.1753
2402
2405
2392
2363
2319
2259
2185
2099
2000
1894
1780
1663
1543
1425
1311
1201
1098
999.9
907.7
822.5
742.6
669.1
602.5
541.2
485.1
433.9
388.9
346.1
308.4
275.5
244.1
217.0
193.1
172.1
154.0
138.5
125.0
113.3
103.4
94.81
87.58
81.37
76.10
71.55
67.66
64.33
61.43
58.91
56.62
54.60
52.77
51.01
49.36
47.78
46.33
44.94
43.65
42.37
41.20
40.09
39.02
38.03
37.04
36.11
35.08
34.04
32.89
31.63
30.21
28.77
27.14
25.41
23.71
22.12
20.47
18.64
16.64
14.56
12.26
10.19
8.280
6.495
5.052
3.813
2.687
1.756
1.131
0.6398
0.3715
0.2519
0.1832
2401
2402
2391
2368
2333
2288
2231
2164
2087
2002
1910
1810
1706
1600
1491
1381
1275
1172
1073
978.8
890.7
808.1
733.5
664.0
601.4
543.4
492.1
444.6
401.5
363.2
328.4
297.1
269.4
244.4
222.3
202.6
185.1
169.2
155.0
143.0
131.7
121.7
112.9
105.0
97.95
91.70
86.21
81.22
76.80
72.83
69.26
66.10
63.27
60.76
58.56
56.58
54.73
52.98
51.42
49.89
48.39
46.98
45.53
43.92
42.17
40.31
38.08
36.06
33.97
31.79
29.62
27.51
25.23
22.88
20.51
18.05
15.64
13.50
11.27
9.323
7.691
6.212
4.903
3.641
2.631
1.836
1.146
0.7476
0.5011
0.3483
0.2656
2400
2399
2388
2369
2340
2303
2258
2205
2143
2075
2000
1919
1832
1740
1644
1546
1448
1349
1251
1157
1065
978.1
896.5
819.4
747.4
681.0
619.8
563.4
511.9
465.2
422.6
385.4
350.6
320.2
292.8
268.9
246.3
226.5
208.9
193.3
179.2
166.5
155.3
145.4
136.6
129.1
122.3
116.3
111.0
106.4
102.2
98.74
95.71
92.84
90.24
87.89
85.75
83.53
81.21
78.75
76.42
73.91
70.93
67.81
65.05
62.24
59.22
55.88
52.35
48.49
44.69
41.02
36.91
32.51
26.38
21.73
19.16
15.20
12.44
10.53
8.860
7.289
5.615
4.240
3.145
2.182
1.412
0.9180
0.6126
0.4379
0.3426
2402
2397
2384
2363
2334
2296
2250
2199
2140
2074
2003
1926
1844
1757
1668
1576
1484
1391
1298
1207
1118
1033
952.1
875.8
803.7
736.3
673.9
615.2
561.2
512.0
467.1
426.4
390.4
356.8
327.0
300.4
277.1
254.6
235.5
218.2
202.9
189.6
177.3
166.9
157.4
149.3
142.5
136.7
131.6
127.6
124.2
121.5
119.2
117.3
116.0
114.9
113.9
112.8
111.5
109.7
107.8
105.7
103.4
100.4
96.46
91.90
86.83
82.00
77.34
71.75
66.02
60.76
54.16
47.24
36.87
31.57
27.19
18.26
14.49
12.16
10.37
8.558
6.794
5.148
3.873
2.637
1.728
1.131
0.7400
0.4884
0.3612
2400
2390
2372
2344
2308
2262
2209
2148
2081
2008
1928
1844
1755
1662
1568
1470
1373
1277
1181
1088
999.5
916.3
837.3
764.7
697.5
635.3
578.5
526.3
478.6
435.0
395.9
361.0
329.3
301.2
275.7
252.7
232.2
213.7
197.0
182.7
169.1
157.2
147.1
137.4
129.1
121.7
115.2
109.4
104.3
99.78
95.79
92.11
88.93
86.24
83.89
81.85
79.86
78.02
76.21
74.37
72.32
69.86
67.11
64.29
61.31
58.28
55.22
52.17
49.02
46.01
42.64
38.94
35.43
31.61
26.88
22.23
19.06
15.40
12.48
10.66
9.065
7.593
6.069
4.582
3.335
2.250
1.465
0.9612
0.6329
0.4170
0.2948
2401
2388
2363
2325
2277
2217
2148
2071
1985
1893
1794
1691
1585
1478
1370
1264
1160
1061
967.0
878.8
797.6
722.7
654.2
592.9
536.9
485.9
440.0
398.1
360.4
325.0
294.6
265.5
240.2
217.8
197.8
180.0
164.5
150.5
138.1
127.4
117.8
109.4
101.9
95.19
89.32
84.09
79.35
75.22
71.52
68.24
65.28
62.54
60.11
57.91
55.86
54.12
52.57
51.19
49.86
48.60
47.34
46.11
44.79
43.33
41.59
39.78
37.83
35.85
33.84
31.76
29.72
27.63
25.50
23.32
21.11
18.86
16.50
14.28
12.36
10.27
8.534
6.971
5.573
4.320
3.192
2.207
1.408
0.8250
0.5145
0.3263
0.2523
2402
2383
2348
2298
2234
2156
2065
1964
1853
1736
1616
1496
1377
1261
1152
1050
953.9
865.5
783.0
706.0
635.3
570.0
510.1
455.4
405.4
360.0
319.4
282.8
250.3
221.5
196.7
175.2
157.1
140.3
126.5
114.8
104.7
96.54
89.37
83.30
78.17
73.62
69.70
66.25
63.20
60.53
58.15
56.02
54.10
52.33
50.72
49.24
47.79
46.43
45.18
43.97
42.83
41.79
40.81
39.88
38.97
38.05
37.08
36.14
35.07
34.01
32.81
31.50
30.19
28.78
27.18
25.50
24.01
22.50
20.95
19.30
17.57
15.70
13.67
11.28
9.433
7.559
5.776
4.409
3.238
2.227
1.466
0.8780
0.5366
0.3373
0.2417
2403
2381
2340
2280
2202
2107
1997
1877
1748
1615
1484
1358
1238
1127
1024
926.5
835.6
750.8
670.4
595.0
525.7
461.0
401.9
351.1
304.5
262.1
227.1
196.9
170.9
149.5
131.8
117.3
105.2
95.22
87.01
80.05
74.34
69.80
66.15
63.14
60.67
58.73
56.98
55.40
53.91
52.42
51.05
49.82
48.53
47.23
45.98
44.81
43.63
42.53
41.38
40.26
39.14
38.07
37.03
36.06
35.10
34.23
33.39
32.49
31.71
30.91
30.06
29.21
28.27
27.23
26.04
24.80
23.54
22.19
20.79
19.33
17.74
16.04
14.60
13.04
11.40
9.666
8.074
5.882
4.069
2.724
1.735
0.9579
0.5328
0.3476
0.2443
2402
2376
2329
2259
2171
2062
1938
1805
1667
1529
1395
1269
1151
1042
940.2
842.6
751.5
666.2
585.7
510.8
443.2
381.9
326.7
278.4
237.0
201.5
172.0
148.9
128.1
112.0
99.03
88.16
79.66
73.15
68.23
64.66
61.96
59.80
58.01
56.41
54.98
53.65
52.46
51.35
50.26
49.16
48.10
47.06
46.03
44.95
43.86
42.77
41.67
40.52
39.31
38.12
36.93
35.73
34.61
33.46
32.31
31.21
30.16
29.05
27.93
26.79
25.63
24.33
23.14
21.99
20.82
19.66
18.49
17.34
16.15
14.98
13.80
12.62
11.53
10.43
9.374
8.333
7.136
5.817
4.568
3.271
1.927
1.132
0.6331
0.5497
0.3585
2404
2378
2330
2259
2168
2057
1930
1793
1652
1513
1379
1253
1133
1023
919.5
821.6
729.6
643.6
562.2
488.0
420.5
360.5
309.9
259.3
219.3
185.8
158.2
135.4
116.8
101.6
89.57
80.25
73.33
68.10
64.35
61.58
59.51
57.72
56.22
54.90
53.66
52.51
51.44
50.37
49.30
48.31
47.30
46.28
45.26
44.19
43.13
41.89
40.70
39.49
38.21
36.90
35.64
34.29
32.99
31.77
30.59
29.43
27.82
26.55
25.27
23.85
22.50
21.05
19.71
18.45
17.27
16.16
15.09
14.03
12.95
11.95
10.97
10.04
9.109
8.107
7.050
6.006
4.976
3.988
3.062
2.232
1.477
0.8650
0.4868
0.2487
0.1381
2402
2376
2329
2259
2171
2062
1938
1805
1667
1529
1395
1269
1151
1042
940.2
842.6
751.5
666.2
585.7
510.8
443.2
381.9
326.7
278.4
237.0
201.5
172.0
148.9
128.1
112.0
99.03
88.16
79.66
73.15
68.23
64.66
61.96
59.80
58.01
56.41
54.98
53.65
52.46
51.35
50.26
49.16
48.10
47.06
46.03
44.95
43.86
42.77
41.67
40.52
39.31
38.12
36.93
35.73
34.61
33.46
32.31
31.21
30.16
29.05
27.93
26.79
25.63
24.33
23.14
21.99
20.82
19.66
18.49
17.34
16.15
14.98
13.80
12.62
11.53
10.43
9.374
8.333
7.136
5.817
4.568
3.271
1.927
1.132
0.6331
0.5497
0.3585
2403
2381
2340
2280
2202
2107
1997
1877
1748
1615
1484
1358
1238
1127
1024
926.5
835.6
750.8
670.4
595.0
525.7
461.0
401.9
351.1
304.5
262.1
227.1
196.9
170.9
149.5
131.8
117.3
105.2
95.22
87.01
80.05
74.34
69.80
66.15
63.14
60.67
58.73
56.98
55.40
53.91
52.42
51.05
49.82
48.53
47.23
45.98
44.81
43.63
42.53
41.38
40.26
39.14
38.07
37.03
36.06
35.10
34.23
33.39
32.49
31.71
30.91
30.06
29.21
28.27
27.23
26.04
24.80
23.54
22.19
20.79
19.33
17.74
16.04
14.60
13.04
11.40
9.666
8.074
5.882
4.069
2.724
1.735
0.9579
0.5328
0.3476
0.2443
2402
2383
2348
2298
2234
2156
2065
1964
1853
1736
1616
1496
1377
1261
1152
1050
953.9
865.5
783.0
706.0
635.3
570.0
510.1
455.4
405.4
360.0
319.4
282.8
250.3
221.5
196.7
175.2
157.1
140.3
126.5
114.8
104.7
96.54
89.37
83.30
78.17
73.62
69.70
66.25
63.20
60.53
58.15
56.02
54.10
52.33
50.72
49.24
47.79
46.43
45.18
43.97
42.83
41.79
40.81
39.88
38.97
38.05
37.08
36.14
35.07
34.01
32.81
31.50
30.19
28.78
27.18
25.50
24.01
22.50
20.95
19.30
17.57
15.70
13.67
11.28
9.433
7.559
5.776
4.409
3.238
2.227
1.466
0.8780
0.5366
0.3373
0.2417
2401
2388
2363
2325
2277
2217
2148
2071
1985
1893
1794
1691
1585
1478
1370
1264
1160
1061
967.0
878.8
797.6
722.7
654.2
592.9
536.9
485.9
440.0
398.1
360.4
325.0
294.6
265.5
240.2
217.8
197.8
180.0
164.5
150.5
138.1
127.4
117.8
109.4
101.9
95.19
89.32
84.09
79.35
75.22
71.52
68.24
65.28
62.54
60.11
57.91
55.86
54.12
52.57
51.19
49.86
48.60
47.34
46.11
44.79
43.33
41.59
39.78
37.83
35.85
33.84
31.76
29.72
27.63
25.50
23.32
21.11
18.86
16.50
14.28
12.36
10.27
8.534
6.971
5.573
4.320
3.192
2.207
1.408
0.8250
0.5145
0.3263
0.2523
2400
2390
2372
2344
2308
2262
2209
2148
2081
2008
1928
1844
1755
1662
1568
1470
1373
1277
1181
1088
999.5
916.3
837.3
764.7
697.5
635.3
578.5
526.3
478.6
435.0
395.9
361.0
329.3
301.2
275.7
252.7
232.2
213.7
197.0
182.7
169.1
157.2
147.1
137.4
129.1
121.7
115.2
109.4
104.3
99.78
95.79
92.11
88.93
86.24
83.89
81.85
79.86
78.02
76.21
74.37
72.32
69.86
67.11
64.29
61.31
58.28
55.22
52.17
49.02
46.01
42.64
38.94
35.43
31.61
26.88
22.23
19.06
15.40
12.48
10.66
9.065
7.593
6.069
4.582
3.335
2.250
1.465
0.9612
0.6329
0.4170
0.2948
