SALVI
1
0
24
15.00
91
1.00

19-MTS001

19-MTS001.ldt
05 July 2019/JVILADEVALL
760
309
225
320
60
0
0
0
0
100.0
100.0
1.000
0.0
1
1
LM
3869.2


0.0
0.294
0.380
0.465
0.538
0.590
0.671
0.715
0.758
0.810
0.843
0.0
15.0
30.0
45.0
60.0
75.0
90.0
105.0
120.0
135.0
150.0
165.0
180.0
195.0
210.0
225.0
240.0
255.0
270.0
285.0
300.0
315.0
330.0
345.0
0.0
1.0
2.0
3.0
4.0
5.0
6.0
7.0
8.0
9.0
10.0
11.0
12.0
13.0
14.0
15.0
16.0
17.0
18.0
19.0
20.0
21.0
22.0
23.0
24.0
25.0
26.0
27.0
28.0
29.0
30.0
31.0
32.0
33.0
34.0
35.0
36.0
37.0
38.0
39.0
40.0
41.0
42.0
43.0
44.0
45.0
46.0
47.0
48.0
49.0
50.0
51.0
52.0
53.0
54.0
55.0
56.0
57.0
58.0
59.0
60.0
61.0
62.0
63.0
64.0
65.0
66.0
67.0
68.0
69.0
70.0
71.0
72.0
73.0
74.0
75.0
76.0
77.0
78.0
79.0
80.0
81.0
82.0
83.0
84.0
85.0
86.0
87.0
88.0
89.0
90.0
309.2
309.1
309.0
308.8
308.6
308.2
307.8
307.3
306.8
306.2
305.6
304.8
304.0
303.1
302.1
301.0
299.9
298.6
297.3
296.0
294.6
293.1
291.5
289.8
288.0
286.1
284.2
282.2
280.0
277.7
275.4
273.0
270.6
268.0
265.4
262.6
259.7
256.8
253.7
250.6
247.3
244.0
240.6
237.0
233.3
229.7
225.9
222.0
218.0
213.9
209.6
205.3
200.9
196.6
192.1
187.5
182.8
178.0
173.1
168.1
163.0
157.8
152.6
147.3
141.9
136.4
130.9
125.4
119.9
114.4
108.9
103.2
97.66
91.97
86.27
80.57
74.77
68.85
63.04
57.32
51.36
45.39
39.98
34.58
29.63
24.66
20.04
15.78
13.16
10.74
7.931
309.1
309.1
309.0
308.8
308.5
308.2
307.8
307.3
306.8
306.2
305.5
304.8
304.0
303.1
302.1
301.0
299.9
298.7
297.4
296.1
294.6
293.2
291.6
289.9
288.2
286.4
284.4
282.4
280.2
278.0
275.6
273.2
270.7
268.1
265.4
262.7
259.8
256.9
253.9
250.7
247.5
244.1
240.7
237.1
233.4
229.7
225.8
221.8
217.8
213.7
209.4
205.0
200.6
196.1
191.6
187.0
182.3
177.4
172.6
167.5
162.3
157.1
151.8
146.7
141.2
135.7
130.2
124.6
119.1
113.6
107.9
102.4
96.82
91.23
85.65
79.89
74.11
68.30
62.41
56.65
50.90
44.92
39.37
34.03
29.13
24.11
19.57
15.29
12.79
10.22
7.524
309.1
309.1
309.0
308.8
308.5
308.2
307.8
307.3
306.8
306.2
305.5
304.8
304.0
303.1
302.1
301.1
300.0
298.8
297.5
296.1
294.7
293.2
291.6
289.9
288.2
286.4
284.4
282.4
280.3
278.1
275.8
273.4
270.9
268.2
265.5
262.7
259.8
256.8
253.8
250.6
247.4
244.0
240.6
237.0
233.3
229.5
225.6
221.5
217.3
213.2
208.7
204.4
199.9
195.3
190.5
185.8
180.9
176.0
171.1
166.1
161.0
155.9
150.6
145.3
139.9
134.4
129.0
123.5
118.0
112.4
106.8
101.2
95.52
89.88
84.23
78.52
72.87
67.23
61.44
55.61
49.95
44.32
38.71
33.45
28.33
23.52
18.95
15.17
12.09
9.574
7.232
309.1
309.1
309.0
308.8
308.5
308.2
307.8
307.4
306.8
306.2
305.6
304.9
304.1
303.2
302.3
301.2
300.1
298.9
297.7
296.3
294.9
293.4
291.9
290.3
288.5
286.7
284.8
282.8
280.8
278.6
276.3
274.0
271.5
268.9
266.2
263.4
260.5
257.5
254.4
251.1
247.8
244.3
240.9
237.2
233.4
229.7
225.7
221.7
217.6
213.4
209.0
204.5
200.0
195.3
190.6
185.8
180.9
175.9
171.0
165.9
160.6
155.4
150.2
144.8
139.3
134.0
128.5
122.9
117.4
111.8
106.3
100.8
95.23
89.54
83.88
78.13
72.51
66.99
61.35
55.78
50.18
44.59
39.09
33.66
28.42
23.58
19.13
15.44
11.76
8.931
6.264
309.1
309.1
309.0
308.8
308.6
308.2
307.9
307.4
306.9
306.3
305.7
304.9
304.1
303.2
302.3
301.3
300.2
299.0
297.8
296.5
295.1
293.6
292.1
290.4
288.7
286.8
285.0
283.0
280.9
278.7
276.5
274.1
271.6
269.1
266.4
263.7
260.8
257.9
254.9
251.7
248.5
245.1
241.6
238.0
234.3
230.4
226.4
222.3
218.1
213.8
209.4
205.0
200.4
195.7
190.9
186.1
181.1
176.1
171.1
166.0
160.7
155.5
150.1
144.7
139.3
133.8
128.2
122.7
117.0
111.3
105.7
99.94
94.20
88.57
82.90
77.23
71.56
65.97
60.31
54.60
48.97
43.24
37.59
32.02
27.00
22.52
18.10
14.75
11.85
8.530
5.161
309.1
309.1
309.0
308.9
308.6
308.3
307.9
307.5
307.0
306.4
305.8
305.0
304.3
303.4
302.5
301.5
300.4
299.3
298.1
296.8
295.4
293.9
292.4
290.7
289.0
287.2
285.3
283.4
281.3
279.2
276.9
274.6
272.1
269.6
267.0
264.3
261.5
258.6
255.6
252.5
249.2
245.8
242.3
238.6
235.0
231.1
227.2
223.1
219.0
214.7
210.4
205.9
201.4
196.8
192.1
187.2
182.3
177.3
172.2
167.0
161.8
156.4
151.0
145.5
140.0
134.4
128.7
123.1
117.4
111.7
105.9
100.3
94.57
88.72
83.03
77.36
71.66
65.96
60.20
54.28
48.49
42.63
36.83
31.31
26.21
21.25
16.47
13.09
11.17
7.984
4.552
309.2
309.2
309.0
308.8
308.6
308.3
307.9
307.5
307.0
306.5
305.8
305.1
304.3
303.5
302.6
301.6
300.5
299.4
298.2
296.9
295.5
294.0
292.5
290.8
289.1
287.2
285.4
283.4
281.3
279.1
276.9
274.5
272.1
269.5
266.9
264.2
261.4
258.4
255.4
252.2
248.9
245.5
241.9
238.3
234.6
230.8
226.9
222.9
218.7
214.5
210.1
205.7
201.2
196.5
191.8
187.0
182.0
177.0
171.9
166.8
161.5
156.3
151.0
145.4
139.8
134.2
128.6
123.0
117.3
111.5
105.8
100.1
94.21
88.39
82.65
76.91
71.16
65.43
59.56
53.58
47.60
41.45
35.49
28.26
16.94
7.743
5.213
4.083
3.284
2.349
1.683
309.1
309.1
309.0
308.9
308.6
308.3
307.9
307.5
307.0
306.4
305.8
305.0
304.3
303.4
302.5
301.5
300.4
299.3
298.1
296.8
295.4
293.9
292.4
290.7
289.0
287.2
285.3
283.4
281.3
279.2
276.9
274.6
272.1
269.6
267.0
264.3
261.5
258.6
255.6
252.5
249.2
245.8
242.3
238.6
235.0
231.1
227.2
223.1
219.0
214.7
210.4
205.9
201.4
196.8
192.1
187.2
182.3
177.3
172.2
167.0
161.8
156.4
151.0
145.5
140.0
134.4
128.7
123.1
117.4
111.7
105.9
100.3
94.57
88.72
83.03
77.36
71.66
65.96
60.20
54.28
48.49
42.63
36.83
31.31
26.21
21.25
16.47
13.09
11.17
7.984
4.552
309.1
309.1
309.0
308.8
308.6
308.2
307.9
307.4
306.9
306.3
305.7
304.9
304.1
303.2
302.3
301.3
300.2
299.0
297.8
296.5
295.1
293.6
292.1
290.4
288.7
286.8
285.0
283.0
280.9
278.7
276.5
274.1
271.6
269.1
266.4
263.7
260.8
257.9
254.9
251.7
248.5
245.1
241.6
238.0
234.3
230.4
226.4
222.3
218.1
213.8
209.4
205.0
200.4
195.7
190.9
186.1
181.1
176.1
171.1
166.0
160.7
155.5
150.1
144.7
139.3
133.8
128.2
122.7
117.0
111.3
105.7
99.94
94.20
88.57
82.90
77.23
71.56
65.97
60.31
54.60
48.97
43.24
37.59
32.02
27.00
22.52
18.10
14.75
11.85
8.530
5.161
309.1
309.1
309.0
308.8
308.5
308.2
307.8
307.4
306.8
306.2
305.6
304.9
304.1
303.2
302.3
301.2
300.1
298.9
297.7
296.3
294.9
293.4
291.9
290.3
288.5
286.7
284.8
282.8
280.8
278.6
276.3
274.0
271.5
268.9
266.2
263.4
260.5
257.5
254.4
251.1
247.8
244.3
240.9
237.2
233.4
229.7
225.7
221.7
217.6
213.4
209.0
204.5
200.0
195.3
190.6
185.8
180.9
175.9
171.0
165.9
160.6
155.4
150.2
144.8
139.3
134.0
128.5
122.9
117.4
111.8
106.3
100.8
95.23
89.54
83.88
78.13
72.51
66.99
61.35
55.78
50.18
44.59
39.09
33.66
28.42
23.58
19.13
15.44
11.76
8.931
6.264
309.1
309.1
309.0
308.8
308.5
308.2
307.8
307.3
306.8
306.2
305.5
304.8
304.0
303.1
302.1
301.1
300.0
298.8
297.5
296.1
294.7
293.2
291.6
289.9
288.2
286.4
284.4
282.4
280.3
278.1
275.8
273.4
270.9
268.2
265.5
262.7
259.8
256.8
253.8
250.6
247.4
244.0
240.6
237.0
233.3
229.5
225.6
221.5
217.3
213.2
208.7
204.4
199.9
195.3
190.5
185.8
180.9
176.0
171.1
166.1
161.0
155.9
150.6
145.3
139.9
134.4
129.0
123.5
118.0
112.4
106.8
101.2
95.52
89.88
84.23
78.52
72.87
67.23
61.44
55.61
49.95
44.32
38.71
33.45
28.33
23.52
18.95
15.17
12.09
9.574
7.232
309.1
309.1
309.0
308.8
308.5
308.2
307.8
307.3
306.8
306.2
305.5
304.8
304.0
303.1
302.1
301.0
299.9
298.7
297.4
296.1
294.6
293.2
291.6
289.9
288.2
286.4
284.4
282.4
280.2
278.0
275.6
273.2
270.7
268.1
265.4
262.7
259.8
256.9
253.9
250.7
247.5
244.1
240.7
237.1
233.4
229.7
225.8
221.8
217.8
213.7
209.4
205.0
200.6
196.1
191.6
187.0
182.3
177.4
172.6
167.5
162.3
157.1
151.8
146.7
141.2
135.7
130.2
124.6
119.1
113.6
107.9
102.4
96.82
91.23
85.65
79.89
74.11
68.30
62.41
56.65
50.90
44.92
39.37
34.03
29.13
24.11
19.57
15.29
12.79
10.22
7.524
309.2
309.1
309.0
308.8
308.6
308.2
307.8
307.3
306.8
306.2
305.6
304.8
304.0
303.1
302.1
301.0
299.9
298.6
297.3
296.0
294.6
293.1
291.5
289.8
288.0
286.1
284.2
282.2
280.0
277.7
275.4
273.0
270.6
268.0
265.4
262.6
259.7
256.8
253.7
250.6
247.3
244.0
240.6
237.0
233.3
229.7
225.9
222.0
218.0
213.9
209.6
205.3
200.9
196.6
192.1
187.5
182.8
178.0
173.1
168.1
163.0
157.8
152.6
147.3
141.9
136.4
130.9
125.4
119.9
114.4
108.9
103.2
97.66
91.97
86.27
80.57
74.77
68.85
63.04
57.32
51.36
45.39
39.98
34.58
29.63
24.66
20.04
15.78
13.16
10.74
7.931
309.1
309.1
308.9
308.7
308.4
308.1
307.6
307.2
306.6
306.0
305.3
304.5
303.6
302.7
301.7
300.6
299.4
298.2
296.8
295.5
294.0
292.4
290.8
289.1
287.3
285.4
283.5
281.4
279.3
277.0
274.6
272.2
269.7
267.2
264.5
261.7
258.9
256.0
252.9
249.8
246.6
243.2
239.8
236.2
232.6
228.9
225.1
221.2
217.3
213.2
209.0
204.7
200.3
195.9
191.4
186.9
182.3
177.5
172.6
167.7
162.7
157.6
152.4
147.1
141.8
136.5
131.0
125.5
120.0
114.5
109.0
103.4
97.88
92.20
86.61
80.92
75.17
69.34
63.48
57.74
51.93
45.94
40.26
34.92
29.83
25.02
20.33
16.56
13.34
10.87
8.248
309.1
309.1
308.9
308.7
308.4
308.0
307.5
307.0
306.4
305.7
305.0
304.2
303.3
302.4
301.3
300.2
299.1
297.8
296.5
295.1
293.6
292.1
290.5
288.8
287.0
285.1
283.1
281.1
278.9
276.7
274.3
271.9
269.4
266.8
264.1
261.3
258.4
255.5
252.5
249.3
246.1
242.9
239.4
236.0
232.4
228.7
224.9
220.9
216.9
212.7
208.5
204.3
200.0
195.6
191.1
186.5
181.9
177.1
172.4
167.7
162.7
157.7
152.6
147.3
142.0
136.7
131.4
125.9
120.5
115.0
109.5
104.0
98.53
92.95
87.34
81.66
75.93
70.20
64.44
58.62
52.79
47.16
41.34
35.76
30.71
26.12
21.57
17.63
13.67
10.84
8.269
309.1
309.1
308.9
308.6
308.3
307.8
307.3
306.7
306.1
305.4
304.7
303.9
303.0
302.0
301.0
299.9
298.8
297.5
296.2
294.8
293.3
291.7
290.1
288.3
286.5
284.6
282.7
280.6
278.5
276.2
273.9
271.5
269.0
266.4
263.7
260.8
257.9
254.9
251.7
248.5
245.2
241.9
238.4
234.9
231.3
227.7
223.9
220.0
216.1
212.1
208.0
203.8
199.5
195.0
190.5
185.9
181.2
176.5
171.7
166.9
162.0
157.0
152.1
147.0
141.9
136.7
131.4
126.0
120.6
115.2
109.7
104.2
98.71
93.02
87.44
81.80
76.10
70.30
64.60
58.86
53.11
47.52
42.01
36.63
31.37
26.57
22.28
18.16
15.08
11.53
8.732
309.1
309.1
308.9
308.6
308.2
307.8
307.3
306.7
306.1
305.4
304.7
303.8
302.9
302.0
301.0
299.9
298.7
297.4
296.1
294.7
293.2
291.7
290.0
288.3
286.5
284.6
282.6
280.5
278.4
276.1
273.8
271.4
268.8
266.2
263.6
260.8
257.9
255.0
252.0
248.9
245.8
242.5
239.2
235.7
232.2
228.5
224.7
220.8
216.8
212.8
208.7
204.4
200.1
195.8
191.3
186.7
182.1
177.5
172.8
168.0
163.2
158.2
153.1
147.9
142.6
137.4
132.1
126.7
121.3
115.9
110.4
105.0
99.50
93.85
88.20
82.50
76.68
70.85
65.08
59.28
53.50
47.86
42.33
36.82
31.53
25.82
20.65
16.81
13.97
11.42
8.080
309.1
309.1
308.9
308.6
308.2
307.7
307.2
306.6
306.0
305.3
304.5
303.7
302.8
301.9
300.9
299.7
298.5
297.2
295.9
294.5
293.1
291.5
289.8
288.1
286.3
284.3
282.4
280.4
278.2
275.9
273.6
271.1
268.6
266.1
263.5
260.8
258.0
255.2
252.2
249.2
246.1
242.8
239.4
236.0
232.4
228.8
225.0
221.2
217.2
213.2
209.1
204.9
200.7
196.3
191.9
187.5
182.9
178.2
173.3
168.5
163.5
158.5
153.5
148.4
143.2
137.9
132.6
127.2
121.8
116.3
110.8
105.3
99.68
94.02
88.21
82.36
76.51
70.65
64.52
57.52
50.37
43.85
38.47
33.34
28.38
23.46
18.73
14.91
12.28
9.576
7.392
309.2
309.1
308.9
308.6
308.2
307.8
307.3
306.7
306.1
305.4
304.7
303.8
302.9
302.0
301.0
299.9
298.7
297.4
296.1
294.7
293.2
291.6
290.0
288.3
286.5
284.5
282.6
280.5
278.4
276.1
273.7
271.3
268.9
266.4
263.8
261.1
258.3
255.5
252.5
249.5
246.4
243.1
239.7
236.3
232.8
229.1
225.5
221.7
217.7
213.7
209.6
205.5
201.4
197.1
192.7
188.3
183.6
178.9
174.1
169.2
164.3
159.3
154.1
148.8
143.7
138.4
133.1
127.8
122.4
117.0
111.5
106.0
100.3
94.53
88.66
82.76
76.82
70.90
64.24
56.46
48.08
40.73
34.86
29.60
22.57
11.40
3.373
1.824
1.377
1.011
0.5883
309.1
309.1
308.9
308.6
308.2
307.7
307.2
306.6
306.0
305.3
304.5
303.7
302.8
301.9
300.9
299.7
298.5
297.2
295.9
294.5
293.1
291.5
289.8
288.1
286.3
284.3
282.4
280.4
278.2
275.9
273.6
271.1
268.6
266.1
263.5
260.8
258.0
255.2
252.2
249.2
246.1
242.8
239.4
236.0
232.4
228.8
225.0
221.2
217.2
213.2
209.1
204.9
200.7
196.3
191.9
187.5
182.9
178.2
173.3
168.5
163.5
158.5
153.5
148.4
143.2
137.9
132.6
127.2
121.8
116.3
110.8
105.3
99.68
94.02
88.21
82.36
76.51
70.65
64.52
57.52
50.37
43.85
38.47
33.34
28.38
23.46
18.73
14.91
12.28
9.576
7.392
309.1
309.1
308.9
308.6
308.2
307.8
307.3
306.7
306.1
305.4
304.7
303.8
302.9
302.0
301.0
299.9
298.7
297.4
296.1
294.7
293.2
291.7
290.0
288.3
286.5
284.6
282.6
280.5
278.4
276.1
273.8
271.4
268.8
266.2
263.6
260.8
257.9
255.0
252.0
248.9
245.8
242.5
239.2
235.7
232.2
228.5
224.7
220.8
216.8
212.8
208.7
204.4
200.1
195.8
191.3
186.7
182.1
177.5
172.8
168.0
163.2
158.2
153.1
147.9
142.6
137.4
132.1
126.7
121.3
115.9
110.4
105.0
99.50
93.85
88.20
82.50
76.68
70.85
65.08
59.28
53.50
47.86
42.33
36.82
31.53
25.82
20.65
16.81
13.97
11.42
8.080
309.1
309.1
308.9
308.6
308.3
307.8
307.3
306.7
306.1
305.4
304.7
303.9
303.0
302.0
301.0
299.9
298.8
297.5
296.2
294.8
293.3
291.7
290.1
288.3
286.5
284.6
282.7
280.6
278.5
276.2
273.9
271.5
269.0
266.4
263.7
260.8
257.9
254.9
251.7
248.5
245.2
241.9
238.4
234.9
231.3
227.7
223.9
220.0
216.1
212.1
208.0
203.8
199.5
195.0
190.5
185.9
181.2
176.5
171.7
166.9
162.0
157.0
152.1
147.0
141.9
136.7
131.4
126.0
120.6
115.2
109.7
104.2
98.71
93.02
87.44
81.80
76.10
70.30
64.60
58.86
53.11
47.52
42.01
36.63
31.37
26.57
22.28
18.16
15.08
11.53
8.732
309.1
309.1
308.9
308.7
308.4
308.0
307.5
307.0
306.4
305.7
305.0
304.2
303.3
302.4
301.3
300.2
299.1
297.8
296.5
295.1
293.6
292.1
290.5
288.8
287.0
285.1
283.1
281.1
278.9
276.7
274.3
271.9
269.4
266.8
264.1
261.3
258.4
255.5
252.5
249.3
246.1
242.9
239.4
236.0
232.4
228.7
224.9
220.9
216.9
212.7
208.5
204.3
200.0
195.6
191.1
186.5
181.9
177.1
172.4
167.7
162.7
157.7
152.6
147.3
142.0
136.7
131.4
125.9
120.5
115.0
109.5
104.0
98.53
92.95
87.34
81.66
75.93
70.20
64.44
58.62
52.79
47.16
41.34
35.76
30.71
26.12
21.57
17.63
13.67
10.84
8.269
309.1
309.1
308.9
308.7
308.4
308.1
307.6
307.2
306.6
306.0
305.3
304.5
303.6
302.7
301.7
300.6
299.4
298.2
296.8
295.5
294.0
292.4
290.8
289.1
287.3
285.4
283.5
281.4
279.3
277.0
274.6
272.2
269.7
267.2
264.5
261.7
258.9
256.0
252.9
249.8
246.6
243.2
239.8
236.2
232.6
228.9
225.1
221.2
217.3
213.2
209.0
204.7
200.3
195.9
191.4
186.9
182.3
177.5
172.6
167.7
162.7
157.6
152.4
147.1
141.8
136.5
131.0
125.5
120.0
114.5
109.0
103.4
97.88
92.20
86.61
80.92
75.17
69.34
63.48
57.74
51.93
45.94
40.26
34.92
29.83
25.02
20.33
16.56
13.34
10.87
8.248
