SALVI
1
0
24
15.00
91
1.00

19-MTS017

19-MTS017.ldt
17 July 2019/AA
760
309
225
320
60
0
0
0
0
100.0
100.0
1.000
0.0
1
1
L5
1767.7


0.0
0.226
0.321
0.420
0.504
0.564
0.658
0.708
0.757
0.813
0.848
0.0
15.0
30.0
45.0
60.0
75.0
90.0
105.0
120.0
135.0
150.0
165.0
180.0
195.0
210.0
225.0
240.0
255.0
270.0
285.0
300.0
315.0
330.0
345.0
0.0
1.0
2.0
3.0
4.0
5.0
6.0
7.0
8.0
9.0
10.0
11.0
12.0
13.0
14.0
15.0
16.0
17.0
18.0
19.0
20.0
21.0
22.0
23.0
24.0
25.0
26.0
27.0
28.0
29.0
30.0
31.0
32.0
33.0
34.0
35.0
36.0
37.0
38.0
39.0
40.0
41.0
42.0
43.0
44.0
45.0
46.0
47.0
48.0
49.0
50.0
51.0
52.0
53.0
54.0
55.0
56.0
57.0
58.0
59.0
60.0
61.0
62.0
63.0
64.0
65.0
66.0
67.0
68.0
69.0
70.0
71.0
72.0
73.0
74.0
75.0
76.0
77.0
78.0
79.0
80.0
81.0
82.0
83.0
84.0
85.0
86.0
87.0
88.0
89.0
90.0
111.2
111.1
111.1
111.3
111.5
112.0
112.5
113.1
113.5
113.9
114.4
114.8
115.3
115.9
116.5
117.2
118.0
119.0
120.0
121.1
122.5
123.9
125.3
126.8
128.3
129.7
131.3
133.1
135.0
137.0
139.2
141.4
143.8
146.4
149.1
152.3
156.2
160.7
166.0
173.6
183.3
194.1
205.7
216.5
227.6
238.2
248.6
258.1
266.3
273.7
280.8
288.0
295.9
304.6
315.2
326.4
337.9
350.4
363.4
377.0
390.5
403.3
414.7
421.5
421.3
411.2
393.9
372.3
340.2
305.3
259.7
214.0
170.0
124.4
92.25
70.80
54.12
41.50
31.89
24.25
18.30
14.37
10.62
8.214
6.494
5.088
3.844
2.831
2.061
1.601
1.360
108.5
111.5
114.6
117.9
121.4
125.1
128.9
132.8
136.7
140.7
144.7
148.7
152.8
156.9
161.1
165.2
169.2
173.3
177.5
181.6
185.7
190.0
194.2
198.2
201.9
205.3
209.1
213.1
217.6
222.4
227.9
234.0
241.1
249.5
259.6
272.2
289.2
311.1
337.5
366.6
398.8
433.7
468.3
502.5
534.8
564.8
592.3
618.4
642.4
664.2
684.4
702.9
719.9
736.2
751.5
765.1
776.4
784.9
791.0
794.6
795.7
793.8
788.3
780.8
772.6
754.5
734.2
706.5
661.4
595.9
519.9
445.2
373.3
313.2
261.0
212.1
169.3
132.0
99.76
72.39
50.16
33.36
20.23
13.76
10.57
7.852
5.572
3.690
2.282
1.529
1.004
108.7
114.7
120.9
127.3
133.9
140.4
146.9
153.3
159.5
165.6
171.2
176.6
181.9
186.8
191.5
196.0
200.2
204.5
208.8
213.2
217.9
223.1
228.9
235.7
243.8
253.9
266.5
282.9
304.5
327.9
357.4
388.6
424.1
461.8
500.8
539.8
576.9
612.7
646.4
677.1
704.3
727.3
744.9
757.2
764.6
768.1
766.8
761.3
752.8
742.6
730.5
718.0
705.7
693.6
681.1
667.8
651.4
631.4
604.9
570.3
528.2
481.4
429.2
370.3
315.6
266.2
225.1
191.4
158.3
135.0
118.7
106.6
95.74
85.93
76.49
66.96
57.63
48.90
39.82
31.38
24.03
17.41
12.31
8.946
6.348
4.667
3.282
2.186
1.338
0.8995
0.5201
108.3
116.8
125.6
134.6
143.5
152.2
160.1
167.5
173.9
180.4
186.1
191.3
196.4
201.2
206.5
212.4
218.6
226.2
235.3
246.1
260.1
277.9
299.6
326.0
356.8
391.5
429.6
468.8
505.0
539.6
572.8
602.7
629.7
653.0
671.2
683.5
689.8
690.6
686.2
678.6
667.1
653.9
640.4
626.7
612.3
596.6
577.7
554.5
525.9
491.4
452.2
412.4
373.0
337.5
302.0
269.2
236.6
203.6
176.9
158.5
142.9
129.4
117.5
106.7
97.06
88.20
80.15
73.31
66.62
61.08
56.14
50.66
45.17
40.75
37.17
33.34
29.26
25.57
21.59
17.37
13.43
10.09
7.747
5.759
4.267
3.030
2.092
1.380
0.8526
0.6329
0.3838
108.9
119.4
130.4
141.2
151.6
161.2
169.6
177.4
184.0
189.9
195.4
201.3
207.6
214.6
223.2
233.8
246.9
263.5
284.8
309.6
341.7
373.8
411.7
451.6
488.2
522.3
553.1
580.5
602.6
618.9
628.8
631.9
629.9
624.0
615.9
607.3
598.7
589.2
578.3
563.3
543.5
517.7
486.7
451.3
414.7
379.0
345.6
314.9
282.6
250.3
226.7
211.0
198.1
186.5
176.1
166.6
157.4
148.6
139.7
131.1
123.0
115.4
107.1
98.62
90.96
84.31
78.00
72.35
67.08
62.01
56.09
50.76
44.56
39.79
35.21
30.49
26.12
22.51
20.04
17.12
14.38
11.64
8.712
5.990
4.163
2.851
1.923
1.262
0.8096
0.5230
0.3894
108.2
119.9
132.1
143.9
155.3
165.3
173.6
181.9
188.5
194.5
201.1
208.0
215.7
226.0
239.0
254.9
275.4
300.9
331.5
364.8
402.6
443.7
480.6
514.4
544.5
569.3
587.6
599.6
605.5
605.0
599.9
591.7
582.8
574.7
567.1
558.8
547.5
530.0
506.4
477.0
442.9
408.3
375.8
344.6
313.3
280.5
252.8
234.7
220.6
208.3
197.7
188.4
179.8
171.8
164.4
157.4
150.7
144.3
137.8
131.4
124.9
118.3
110.9
104.0
98.10
91.46
83.94
76.60
69.28
62.09
53.18
40.55
28.92
23.92
20.97
18.48
16.14
13.95
11.99
10.29
8.985
7.602
6.060
4.765
3.710
2.735
1.847
1.175
0.6942
0.4224
0.3505
109.1
121.2
133.8
146.0
157.5
167.5
176.3
183.9
190.6
196.9
203.7
211.2
220.3
232.3
247.3
266.5
290.3
323.6
357.1
390.5
431.6
471.2
505.9
537.3
563.3
583.1
595.7
601.7
601.4
596.6
588.3
578.9
569.5
561.4
552.5
540.5
523.4
500.7
472.2
439.3
404.1
370.8
340.9
311.3
281.0
254.0
237.1
223.5
211.9
200.9
191.4
182.9
175.0
167.2
160.4
154.3
148.2
142.8
137.4
131.5
125.4
118.5
111.2
104.3
97.81
90.46
82.78
76.10
69.79
61.36
46.68
31.35
24.78
21.51
18.94
16.29
13.78
11.62
10.10
8.738
7.691
6.541
5.169
4.041
3.172
2.416
1.742
1.181
0.7345
0.4674
0.3672
108.2
119.9
132.1
143.9
155.3
165.3
173.6
181.9
188.5
194.5
201.1
208.0
215.7
226.0
239.0
254.9
275.4
300.9
331.5
364.8
402.6
443.7
480.6
514.4
544.5
569.3
587.6
599.6
605.5
605.0
599.9
591.7
582.8
574.7
567.1
558.8
547.5
530.0
506.4
477.0
442.9
408.3
375.8
344.6
313.3
280.5
252.8
234.7
220.6
208.3
197.7
188.4
179.8
171.8
164.4
157.4
150.7
144.3
137.8
131.4
124.9
118.3
110.9
104.0
98.10
91.46
83.94
76.60
69.28
62.09
53.18
40.55
28.92
23.92
20.97
18.48
16.14
13.95
11.99
10.29
8.985
7.602
6.060
4.765
3.710
2.735
1.847
1.175
0.6942
0.4224
0.3505
108.9
119.4
130.4
141.2
151.6
161.2
169.6
177.4
184.0
189.9
195.4
201.3
207.6
214.6
223.2
233.8
246.9
263.5
284.8
309.6
341.7
373.8
411.7
451.6
488.2
522.3
553.1
580.5
602.6
618.9
628.8
631.9
629.9
624.0
615.9
607.3
598.7
589.2
578.3
563.3
543.5
517.7
486.7
451.3
414.7
379.0
345.6
314.9
282.6
250.3
226.7
211.0
198.1
186.5
176.1
166.6
157.4
148.6
139.7
131.1
123.0
115.4
107.1
98.62
90.96
84.31
78.00
72.35
67.08
62.01
56.09
50.76
44.56
39.79
35.21
30.49
26.12
22.51
20.04
17.12
14.38
11.64
8.712
5.990
4.163
2.851
1.923
1.262
0.8096
0.5230
0.3894
108.3
116.8
125.6
134.6
143.5
152.2
160.1
167.5
173.9
180.4
186.1
191.3
196.4
201.2
206.5
212.4
218.6
226.2
235.3
246.1
260.1
277.9
299.6
326.0
356.8
391.5
429.6
468.8
505.0
539.6
572.8
602.7
629.7
653.0
671.2
683.5
689.8
690.6
686.2
678.6
667.1
653.9
640.4
626.7
612.3
596.6
577.7
554.5
525.9
491.4
452.2
412.4
373.0
337.5
302.0
269.2
236.6
203.6
176.9
158.5
142.9
129.4
117.5
106.7
97.06
88.20
80.15
73.31
66.62
61.08
56.14
50.66
45.17
40.75
37.17
33.34
29.26
25.57
21.59
17.37
13.43
10.09
7.747
5.759
4.267
3.030
2.092
1.380
0.8526
0.6329
0.3838
108.7
114.7
120.9
127.3
133.9
140.4
146.9
153.3
159.5
165.6
171.2
176.6
181.9
186.8
191.5
196.0
200.2
204.5
208.8
213.2
217.9
223.1
228.9
235.7
243.8
253.9
266.5
282.9
304.5
327.9
357.4
388.6
424.1
461.8
500.8
539.8
576.9
612.7
646.4
677.1
704.3
727.3
744.9
757.2
764.6
768.1
766.8
761.3
752.8
742.6
730.5
718.0
705.7
693.6
681.1
667.8
651.4
631.4
604.9
570.3
528.2
481.4
429.2
370.3
315.6
266.2
225.1
191.4
158.3
135.0
118.7
106.6
95.74
85.93
76.49
66.96
57.63
48.90
39.82
31.38
24.03
17.41
12.31
8.946
6.348
4.667
3.282
2.186
1.338
0.8995
0.5201
108.5
111.5
114.6
117.9
121.4
125.1
128.9
132.8
136.7
140.7
144.7
148.7
152.8
156.9
161.1
165.2
169.2
173.3
177.5
181.6
185.7
190.0
194.2
198.2
201.9
205.3
209.1
213.1
217.6
222.4
227.9
234.0
241.1
249.5
259.6
272.2
289.2
311.1
337.5
366.6
398.8
433.7
468.3
502.5
534.8
564.8
592.3
618.4
642.4
664.2
684.4
702.9
719.9
736.2
751.5
765.1
776.4
784.9
791.0
794.6
795.7
793.8
788.3
780.8
772.6
754.5
734.2
706.5
661.4
595.9
519.9
445.2
373.3
313.2
261.0
212.1
169.3
132.0
99.76
72.39
50.16
33.36
20.23
13.76
10.57
7.852
5.572
3.690
2.282
1.529
1.004
111.2
111.1
111.1
111.3
111.5
112.0
112.5
113.1
113.5
113.9
114.4
114.8
115.3
115.9
116.5
117.2
118.0
119.0
120.0
121.1
122.5
123.9
125.3
126.8
128.3
129.7
131.3
133.1
135.0
137.0
139.2
141.4
143.8
146.4
149.1
152.3
156.2
160.7
166.0
173.6
183.3
194.1
205.7
216.5
227.6
238.2
248.6
258.1
266.3
273.7
280.8
288.0
295.9
304.6
315.2
326.4
337.9
350.4
363.4
377.0
390.5
403.3
414.7
421.5
421.3
411.2
393.9
372.3
340.2
305.3
259.7
214.0
170.0
124.4
92.25
70.80
54.12
41.50
31.89
24.25
18.30
14.37
10.62
8.214
6.494
5.088
3.844
2.831
2.061
1.601
1.360
108.5
105.4
102.6
99.99
97.57
95.31
93.12
91.08
89.10
87.25
85.57
83.93
82.24
80.65
79.02
77.37
75.68
74.07
72.45
70.79
69.20
67.60
66.08
64.55
63.12
61.91
60.99
60.38
60.00
59.81
59.68
59.60
59.51
59.43
59.35
59.26
59.18
59.14
59.15
59.21
59.35
59.57
59.88
60.24
60.67
61.20
61.73
62.33
63.03
63.80
64.48
65.07
65.51
65.71
65.47
64.80
63.41
61.44
58.98
56.39
53.72
51.19
48.80
46.44
44.12
41.97
39.94
38.07
36.42
34.66
32.97
31.29
29.55
27.84
25.68
23.72
21.54
19.13
16.48
13.31
10.68
8.261
5.945
4.591
3.610
2.802
2.261
1.806
1.478
1.285
1.163
108.7
103.0
97.69
93.00
88.80
84.78
80.97
77.52
74.16
70.80
67.39
64.07
61.03
58.53
56.65
55.35
54.61
54.14
53.83
53.66
53.58
53.55
53.55
53.58
53.64
53.70
53.79
53.88
53.98
54.10
54.22
54.40
54.69
55.02
55.42
55.85
56.32
56.91
57.65
58.64
59.94
61.58
63.49
65.73
68.24
70.76
73.35
75.81
78.11
80.22
82.41
84.53
85.98
86.58
85.91
83.72
80.15
75.70
70.82
65.70
60.61
56.31
52.77
50.10
48.07
46.61
45.38
44.60
44.24
43.85
43.58
43.43
43.10
42.52
41.22
39.35
37.48
34.92
31.31
27.93
24.01
17.80
12.83
7.481
4.544
3.278
2.438
1.845
1.445
1.249
1.157
108.3
100.3
93.25
87.20
81.71
76.53
71.71
67.27
62.76
58.78
56.15
54.56
53.61
53.10
52.82
52.67
52.66
52.75
52.91
53.14
53.37
53.64
53.98
54.40
54.85
55.38
55.99
56.56
57.10
57.65
58.18
58.81
59.51
60.30
61.21
62.20
63.45
64.88
66.68
68.75
71.17
73.61
76.06
78.54
81.22
84.18
86.96
89.42
91.61
93.05
93.70
93.43
91.99
89.69
86.50
83.04
79.65
76.47
72.86
69.28
66.02
63.17
60.61
58.15
55.66
53.14
50.90
49.25
48.33
47.89
47.62
47.50
47.28
46.71
45.85
44.49
42.70
40.44
37.44
34.28
30.59
26.35
21.37
14.67
8.832
4.839
2.597
1.803
1.330
1.082
0.9817
108.9
99.13
90.78
83.67
77.30
71.38
65.96
60.61
56.59
54.39
53.25
52.64
52.28
52.21
52.28
52.51
52.85
53.28
53.85
54.52
55.34
56.28
57.36
58.48
59.59
60.78
62.08
63.49
64.98
66.50
68.06
69.69
71.26
72.83
74.49
76.18
77.73
79.21
80.59
81.95
83.36
84.61
85.49
86.12
86.69
86.95
86.81
86.48
85.81
84.85
83.68
82.21
80.28
77.96
75.39
72.80
70.34
68.19
66.44
65.03
63.96
62.90
62.24
61.75
61.22
60.83
60.51
60.14
59.67
59.18
58.24
56.86
55.09
53.10
50.63
47.64
45.03
42.19
39.68
37.19
33.81
30.76
26.56
22.53
17.78
11.75
5.971
2.518
1.226
1.031
0.9262
108.2
97.52
88.49
80.83
74.04
67.83
61.84
56.86
54.27
52.97
52.31
52.01
51.93
51.98
52.39
52.87
53.52
54.37
55.44
56.79
58.29
59.87
61.41
63.14
64.96
66.84
68.84
70.91
73.09
75.21
77.27
79.36
81.33
83.24
85.06
86.49
87.44
88.07
88.32
88.43
88.33
87.76
86.85
85.54
84.08
82.52
81.06
79.77
78.80
77.90
76.83
75.24
73.37
71.34
69.37
67.42
65.73
64.44
63.48
63.28
63.37
63.73
64.34
64.77
65.04
65.15
64.90
64.30
63.12
61.45
59.32
56.85
54.36
51.80
49.30
47.18
44.68
41.07
37.03
34.00
30.58
27.16
23.82
20.07
16.27
13.09
8.908
6.360
2.713
1.454
0.8372
109.1
97.85
88.47
80.53
73.57
67.14
60.97
56.22
53.82
52.76
52.10
51.85
51.81
52.05
52.53
53.11
53.84
54.90
56.18
57.78
59.44
61.14
62.94
64.85
66.76
68.97
71.24
73.55
75.92
78.27
80.51
82.64
84.65
86.59
88.13
89.15
89.71
89.66
89.27
88.62
87.60
86.34
84.80
83.20
81.31
79.39
77.62
76.16
75.62
75.49
74.66
73.43
71.83
70.05
68.62
67.17
65.84
64.58
63.81
63.08
62.76
62.61
62.61
62.60
62.35
61.96
61.45
60.81
60.76
60.94
60.63
56.87
52.54
49.03
45.13
41.99
38.58
35.43
31.91
28.47
24.97
22.18
19.89
17.33
14.93
10.90
7.853
5.222
1.767
0.6835
0.4005
108.2
97.52
88.49
80.83
74.04
67.83
61.84
56.86
54.27
52.97
52.31
52.01
51.93
51.98
52.39
52.87
53.52
54.37
55.44
56.79
58.29
59.87
61.41
63.14
64.96
66.84
68.84
70.91
73.09
75.21
77.27
79.36
81.33
83.24
85.06
86.49
87.44
88.07
88.32
88.43
88.33
87.76
86.85
85.54
84.08
82.52
81.06
79.77
78.80
77.90
76.83
75.24
73.37
71.34
69.37
67.42
65.73
64.44
63.48
63.28
63.37
63.73
64.34
64.77
65.04
65.15
64.90
64.30
63.12
61.45
59.32
56.85
54.36
51.80
49.30
47.18
44.68
41.07
37.03
34.00
30.58
27.16
23.82
20.07
16.27
13.09
8.908
6.360
2.713
1.454
0.8372
108.9
99.13
90.78
83.67
77.30
71.38
65.96
60.61
56.59
54.39
53.25
52.64
52.28
52.21
52.28
52.51
52.85
53.28
53.85
54.52
55.34
56.28
57.36
58.48
59.59
60.78
62.08
63.49
64.98
66.50
68.06
69.69
71.26
72.83
74.49
76.18
77.73
79.21
80.59
81.95
83.36
84.61
85.49
86.12
86.69
86.95
86.81
86.48
85.81
84.85
83.68
82.21
80.28
77.96
75.39
72.80
70.34
68.19
66.44
65.03
63.96
62.90
62.24
61.75
61.22
60.83
60.51
60.14
59.67
59.18
58.24
56.86
55.09
53.10
50.63
47.64
45.03
42.19
39.68
37.19
33.81
30.76
26.56
22.53
17.78
11.75
5.971
2.518
1.226
1.031
0.9262
108.3
100.3
93.25
87.20
81.71
76.53
71.71
67.27
62.76
58.78
56.15
54.56
53.61
53.10
52.82
52.67
52.66
52.75
52.91
53.14
53.37
53.64
53.98
54.40
54.85
55.38
55.99
56.56
57.10
57.65
58.18
58.81
59.51
60.30
61.21
62.20
63.45
64.88
66.68
68.75
71.17
73.61
76.06
78.54
81.22
84.18
86.96
89.42
91.61
93.05
93.70
93.43
91.99
89.69
86.50
83.04
79.65
76.47
72.86
69.28
66.02
63.17
60.61
58.15
55.66
53.14
50.90
49.25
48.33
47.89
47.62
47.50
47.28
46.71
45.85
44.49
42.70
40.44
37.44
34.28
30.59
26.35
21.37
14.67
8.832
4.839
2.597
1.803
1.330
1.082
0.9817
108.7
103.0
97.69
93.00
88.80
84.78
80.97
77.52
74.16
70.80
67.39
64.07
61.03
58.53
56.65
55.35
54.61
54.14
53.83
53.66
53.58
53.55
53.55
53.58
53.64
53.70
53.79
53.88
53.98
54.10
54.22
54.40
54.69
55.02
55.42
55.85
56.32
56.91
57.65
58.64
59.94
61.58
63.49
65.73
68.24
70.76
73.35
75.81
78.11
80.22
82.41
84.53
85.98
86.58
85.91
83.72
80.15
75.70
70.82
65.70
60.61
56.31
52.77
50.10
48.07
46.61
45.38
44.60
44.24
43.85
43.58
43.43
43.10
42.52
41.22
39.35
37.48
34.92
31.31
27.93
24.01
17.80
12.83
7.481
4.544
3.278
2.438
1.845
1.445
1.249
1.157
108.5
105.4
102.6
99.99
97.57
95.31
93.12
91.08
89.10
87.25
85.57
83.93
82.24
80.65
79.02
77.37
75.68
74.07
72.45
70.79
69.20
67.60
66.08
64.55
63.12
61.91
60.99
60.38
60.00
59.81
59.68
59.60
59.51
59.43
59.35
59.26
59.18
59.14
59.15
59.21
59.35
59.57
59.88
60.24
60.67
61.20
61.73
62.33
63.03
63.80
64.48
65.07
65.51
65.71
65.47
64.80
63.41
61.44
58.98
56.39
53.72
51.19
48.80
46.44
44.12
41.97
39.94
38.07
36.42
34.66
32.97
31.29
29.55
27.84
25.68
23.72
21.54
19.13
16.48
13.31
10.68
8.261
5.945
4.591
3.610
2.802
2.261
1.806
1.478
1.285
1.163
