SALVI
1
0
24
15.00
91
1.00

19-MTS006

19-MTS006.ldt
09 July 2019/JVILADEVALL
760
309
225
320
60
0
0
0
0
100.0
100.0
1.000
0.0
1
1
LM
3173.8


0.0
0.212
0.303
0.398
0.482
0.543
0.640
0.694
0.746
0.807
0.844
0.0
15.0
30.0
45.0
60.0
75.0
90.0
105.0
120.0
135.0
150.0
165.0
180.0
195.0
210.0
225.0
240.0
255.0
270.0
285.0
300.0
315.0
330.0
345.0
0.0
1.0
2.0
3.0
4.0
5.0
6.0
7.0
8.0
9.0
10.0
11.0
12.0
13.0
14.0
15.0
16.0
17.0
18.0
19.0
20.0
21.0
22.0
23.0
24.0
25.0
26.0
27.0
28.0
29.0
30.0
31.0
32.0
33.0
34.0
35.0
36.0
37.0
38.0
39.0
40.0
41.0
42.0
43.0
44.0
45.0
46.0
47.0
48.0
49.0
50.0
51.0
52.0
53.0
54.0
55.0
56.0
57.0
58.0
59.0
60.0
61.0
62.0
63.0
64.0
65.0
66.0
67.0
68.0
69.0
70.0
71.0
72.0
73.0
74.0
75.0
76.0
77.0
78.0
79.0
80.0
81.0
82.0
83.0
84.0
85.0
86.0
87.0
88.0
89.0
90.0
223.1
223.2
223.8
224.4
224.8
225.1
225.4
226.2
227.2
228.5
229.9
230.7
231.7
232.2
233.1
234.7
236.2
238.5
240.4
242.0
243.4
244.2
244.9
246.1
247.6
249.6
252.0
254.5
256.9
259.4
262.2
265.1
268.4
271.6
274.9
278.5
282.2
285.7
289.5
293.2
297.1
301.1
305.1
309.2
313.2
317.0
320.5
323.7
326.8
329.7
333.0
336.5
340.3
344.5
348.6
352.5
355.9
359.1
361.8
364.0
365.9
366.8
367.0
366.5
365.1
362.8
358.4
352.4
345.1
336.1
323.0
306.7
286.9
264.5
235.0
174.9
123.5
79.95
39.70
11.71
8.950
7.185
5.903
4.933
3.993
3.158
2.450
1.878
1.494
1.204
1.114
222.5
223.3
224.3
225.4
226.3
227.1
228.0
229.1
230.6
232.2
233.7
234.9
236.2
237.4
238.4
239.9
241.7
243.5
245.6
247.6
249.5
251.1
252.7
254.2
256.0
258.2
260.7
263.5
266.5
269.5
272.8
276.1
279.5
283.3
287.0
290.7
294.6
299.0
303.0
306.7
311.0
315.5
320.0
324.9
330.0
335.1
340.4
345.6
351.0
356.7
362.7
369.3
376.8
385.1
394.0
403.6
413.6
424.0
435.1
446.3
457.0
466.8
475.9
483.5
489.8
493.9
494.9
492.4
486.1
475.6
459.3
437.3
409.7
375.8
338.8
270.2
196.3
120.3
67.77
25.72
11.41
8.901
7.031
5.753
4.563
3.486
2.527
1.784
1.275
0.8870
0.7529
222.6
223.8
225.2
226.7
228.1
229.4
231.0
232.4
233.9
235.5
237.0
238.6
240.2
241.7
243.2
245.0
246.7
248.3
250.1
251.9
254.0
256.3
258.7
261.2
263.5
266.0
268.7
271.8
275.1
278.6
282.2
285.9
289.8
293.7
298.0
302.6
307.5
312.4
318.0
324.3
331.1
338.1
346.5
356.3
367.1
378.9
391.2
404.6
418.6
434.3
451.0
467.8
483.3
497.2
511.0
524.8
537.7
548.3
556.8
563.8
569.5
573.8
576.1
574.1
567.5
556.6
541.4
522.2
499.4
470.5
437.4
399.7
356.9
308.8
257.9
200.9
143.3
85.12
52.26
21.22
13.57
9.691
6.838
5.043
3.778
2.695
1.812
1.188
0.7880
0.4723
0.3548
222.5
224.1
225.7
227.5
229.5
231.4
233.1
234.7
236.5
238.1
240.0
242.0
244.2
246.5
248.4
250.2
252.0
254.0
256.2
258.5
260.9
263.4
266.1
268.9
271.9
274.9
278.4
282.2
286.1
289.8
293.5
297.4
302.2
308.1
315.2
323.3
332.7
343.7
355.8
368.4
382.0
396.7
413.0
430.1
445.9
460.7
474.5
487.1
497.6
505.0
510.0
512.3
513.1
514.8
516.3
515.4
513.1
508.0
499.9
488.6
474.3
455.5
432.8
408.1
382.3
356.2
328.9
299.9
269.6
239.1
207.1
173.9
142.4
113.2
88.40
69.13
53.83
42.06
32.52
23.81
17.45
11.16
7.811
4.422
2.894
1.830
1.081
0.6528
0.4339
0.2446
0.1983
222.7
224.4
226.2
228.2
230.4
232.6
234.6
236.6
238.6
240.6
242.7
244.8
246.9
249.2
251.5
254.1
256.7
259.2
261.6
263.9
266.4
269.0
271.8
274.7
277.5
280.2
283.2
287.0
291.5
297.3
304.4
312.8
322.5
333.9
345.7
358.0
371.0
386.6
403.5
419.1
433.7
447.0
458.0
466.5
473.0
476.3
476.6
475.9
476.1
476.5
476.4
474.5
469.6
461.1
448.8
431.9
410.6
386.9
361.0
334.7
310.4
287.5
265.8
245.1
225.6
205.4
183.2
155.8
120.9
91.18
62.79
51.03
45.13
39.46
34.08
29.65
26.15
23.29
20.47
17.49
14.61
11.44
8.275
5.414
3.378
1.795
0.7690
0.4326
0.3996
0.2339
0.2200
222.6
224.4
226.3
228.5
230.6
232.7
234.7
236.8
239.1
241.3
243.6
245.9
248.4
250.9
253.8
256.5
259.3
261.9
264.5
266.9
269.4
272.0
274.1
276.2
278.9
282.1
286.0
291.5
298.7
307.1
317.3
328.5
338.9
349.7
362.2
377.2
392.2
405.9
418.1
428.3
435.7
440.6
442.7
442.4
441.3
440.6
440.3
440.5
440.1
436.4
429.7
418.0
400.0
377.7
351.9
325.8
301.7
278.6
258.5
241.3
225.4
207.6
187.5
167.5
147.1
119.9
91.31
65.17
48.42
46.47
44.48
38.55
33.04
28.53
24.75
21.56
18.74
16.27
14.07
11.75
9.020
6.305
4.252
3.075
2.190
1.419
0.8310
0.4884
0.3956
0.2598
0.2045
222.6
224.4
226.4
228.5
230.5
232.6
234.6
236.9
239.0
241.2
243.4
245.7
248.2
251.0
253.9
256.7
259.5
262.3
264.9
267.3
269.6
271.6
273.3
275.6
278.3
281.5
286.2
292.7
300.3
309.8
320.7
330.9
340.2
351.7
366.1
381.0
394.1
406.4
416.5
423.1
427.1
428.9
428.3
427.6
426.6
425.2
425.1
424.1
420.4
413.8
401.1
382.2
359.3
333.6
307.9
284.7
262.7
244.6
229.1
214.5
196.8
178.0
158.8
140.1
118.5
95.81
73.14
54.12
49.72
45.01
38.40
33.50
29.27
26.24
23.77
20.91
17.75
14.83
12.34
9.879
7.229
5.015
3.417
2.578
1.839
1.273
0.8123
0.5053
0.3192
0.2324
0.2076
222.6
224.4
226.3
228.5
230.6
232.7
234.7
236.8
239.1
241.3
243.6
245.9
248.4
250.9
253.8
256.5
259.3
261.9
264.5
266.9
269.4
272.0
274.1
276.2
278.9
282.1
286.0
291.5
298.7
307.1
317.3
328.5
338.9
349.7
362.2
377.2
392.2
405.9
418.1
428.3
435.7
440.6
442.7
442.4
441.3
440.6
440.3
440.5
440.1
436.4
429.7
418.0
400.0
377.7
351.9
325.8
301.7
278.6
258.5
241.3
225.4
207.6
187.5
167.5
147.1
119.9
91.31
65.17
48.42
46.47
44.48
38.55
33.04
28.53
24.75
21.56
18.74
16.27
14.07
11.75
9.020
6.305
4.252
3.075
2.190
1.419
0.8310
0.4884
0.3956
0.2598
0.2045
222.7
224.4
226.2
228.2
230.4
232.6
234.6
236.6
238.6
240.6
242.7
244.8
246.9
249.2
251.5
254.1
256.7
259.2
261.6
263.9
266.4
269.0
271.8
274.7
277.5
280.2
283.2
287.0
291.5
297.3
304.4
312.8
322.5
333.9
345.7
358.0
371.0
386.6
403.5
419.1
433.7
447.0
458.0
466.5
473.0
476.3
476.6
475.9
476.1
476.5
476.4
474.5
469.6
461.1
448.8
431.9
410.6
386.9
361.0
334.7
310.4
287.5
265.8
245.1
225.6
205.4
183.2
155.8
120.9
91.18
62.79
51.03
45.13
39.46
34.08
29.65
26.15
23.29
20.47
17.49
14.61
11.44
8.275
5.414
3.378
1.795
0.7690
0.4326
0.3996
0.2339
0.2200
222.5
224.1
225.7
227.5
229.5
231.4
233.1
234.7
236.5
238.1
240.0
242.0
244.2
246.5
248.4
250.2
252.0
254.0
256.2
258.5
260.9
263.4
266.1
268.9
271.9
274.9
278.4
282.2
286.1
289.8
293.5
297.4
302.2
308.1
315.2
323.3
332.7
343.7
355.8
368.4
382.0
396.7
413.0
430.1
445.9
460.7
474.5
487.1
497.6
505.0
510.0
512.3
513.1
514.8
516.3
515.4
513.1
508.0
499.9
488.6
474.3
455.5
432.8
408.1
382.3
356.2
328.9
299.9
269.6
239.1
207.1
173.9
142.4
113.2
88.40
69.13
53.83
42.06
32.52
23.81
17.45
11.16
7.811
4.422
2.894
1.830
1.081
0.6528
0.4339
0.2446
0.1983
222.6
223.8
225.2
226.7
228.1
229.4
231.0
232.4
233.9
235.5
237.0
238.6
240.2
241.7
243.2
245.0
246.7
248.3
250.1
251.9
254.0
256.3
258.7
261.2
263.5
266.0
268.7
271.8
275.1
278.6
282.2
285.9
289.8
293.7
298.0
302.6
307.5
312.4
318.0
324.3
331.1
338.1
346.5
356.3
367.1
378.9
391.2
404.6
418.6
434.3
451.0
467.8
483.3
497.2
511.0
524.8
537.7
548.3
556.8
563.8
569.5
573.8
576.1
574.1
567.5
556.6
541.4
522.2
499.4
470.5
437.4
399.7
356.9
308.8
257.9
200.9
143.3
85.12
52.26
21.22
13.57
9.691
6.838
5.043
3.778
2.695
1.812
1.188
0.7880
0.4723
0.3548
222.5
223.3
224.3
225.4
226.3
227.1
228.0
229.1
230.6
232.2
233.7
234.9
236.2
237.4
238.4
239.9
241.7
243.5
245.6
247.6
249.5
251.1
252.7
254.2
256.0
258.2
260.7
263.5
266.5
269.5
272.8
276.1
279.5
283.3
287.0
290.7
294.6
299.0
303.0
306.7
311.0
315.5
320.0
324.9
330.0
335.1
340.4
345.6
351.0
356.7
362.7
369.3
376.8
385.1
394.0
403.6
413.6
424.0
435.1
446.3
457.0
466.8
475.9
483.5
489.8
493.9
494.9
492.4
486.1
475.6
459.3
437.3
409.7
375.8
338.8
270.2
196.3
120.3
67.77
25.72
11.41
8.901
7.031
5.753
4.563
3.486
2.527
1.784
1.275
0.8870
0.7529
223.1
223.2
223.8
224.4
224.8
225.1
225.4
226.2
227.2
228.5
229.9
230.7
231.7
232.2
233.1
234.7
236.2
238.5
240.4
242.0
243.4
244.2
244.9
246.1
247.6
249.6
252.0
254.5
256.9
259.4
262.2
265.1
268.4
271.6
274.9
278.5
282.2
285.7
289.5
293.2
297.1
301.1
305.1
309.2
313.2
317.0
320.5
323.7
326.8
329.7
333.0
336.5
340.3
344.5
348.6
352.5
355.9
359.1
361.8
364.0
365.9
366.8
367.0
366.5
365.1
362.8
358.4
352.4
345.1
336.1
323.0
306.7
286.9
264.5
235.0
174.9
123.5
79.95
39.70
11.71
8.950
7.185
5.903
4.933
3.993
3.158
2.450
1.878
1.494
1.204
1.114
222.5
222.2
222.1
222.1
221.7
221.2
220.7
220.4
220.3
220.4
220.5
220.4
220.5
220.4
220.2
220.1
220.0
220.0
220.1
220.7
221.2
221.6
221.9
222.4
223.2
224.3
225.6
227.2
228.8
230.6
232.5
234.5
236.5
238.4
240.4
241.9
242.8
243.5
243.7
243.3
242.0
239.8
236.7
233.0
228.9
224.4
219.6
214.7
209.7
204.8
199.5
194.0
188.0
182.2
176.9
172.0
166.6
160.4
154.0
147.7
141.7
135.8
130.5
125.6
121.4
117.7
113.9
109.5
105.5
99.99
93.05
85.11
74.61
63.94
53.34
42.53
31.13
22.02
12.08
6.835
5.312
4.240
3.440
2.875
2.400
1.984
1.648
1.393
1.236
1.140
1.128
222.6
221.7
221.0
220.3
219.2
217.8
216.4
215.0
213.7
212.4
211.0
209.5
207.8
206.1
204.3
202.5
200.5
198.6
196.7
195.0
193.4
192.0
190.5
188.4
186.1
183.3
179.8
176.0
171.2
165.7
159.7
153.7
147.7
142.1
136.9
132.0
126.9
121.6
116.4
111.0
104.3
96.46
87.91
79.09
70.02
61.15
52.87
45.50
39.26
34.37
30.67
28.12
26.55
25.44
24.46
23.50
22.56
21.64
20.75
19.93
19.16
18.47
17.82
17.18
16.56
15.99
15.40
14.81
14.21
13.62
13.04
12.42
11.70
10.92
10.07
9.156
8.200
7.254
6.326
5.433
4.656
3.811
3.072
2.431
1.941
1.621
1.377
1.222
1.151
1.114
1.123
222.5
221.2
219.7
218.3
216.6
214.7
212.6
210.2
207.4
204.3
200.9
197.3
193.4
189.5
185.8
182.0
178.2
174.2
169.6
164.5
158.7
152.1
144.3
136.0
128.1
120.5
113.6
107.0
100.2
93.95
86.87
79.49
71.08
62.64
54.38
46.87
40.44
35.48
31.97
29.85
28.68
27.98
27.38
26.84
26.34
25.86
25.42
25.00
24.58
24.15
23.70
23.24
22.81
22.38
21.94
21.49
21.02
20.54
20.04
19.52
18.96
18.37
17.75
17.07
16.35
15.61
14.83
14.03
13.24
12.46
11.73
11.05
10.42
9.802
9.193
8.547
7.843
7.016
6.087
5.095
4.195
3.367
2.728
2.204
1.805
1.478
1.231
1.083
1.007
0.9791
0.9946
222.7
221.0
218.9
216.7
214.6
212.3
209.5
206.0
201.9
197.3
192.2
186.7
181.1
175.6
170.1
163.8
157.0
149.4
140.4
130.5
120.8
111.5
103.0
95.12
87.75
80.43
71.91
62.92
54.09
46.05
39.30
34.07
30.80
29.30
28.59
28.06
27.60
27.16
26.77
26.42
26.10
25.80
25.52
25.26
25.09
24.96
24.93
24.94
25.00
25.14
25.35
25.62
25.97
26.43
26.97
27.55
28.15
28.69
29.11
29.34
29.36
29.17
28.76
28.15
27.39
26.53
25.49
24.33
23.12
21.73
20.29
18.75
17.34
15.95
14.65
13.39
12.16
11.03
9.996
8.988
7.879
6.706
5.354
3.911
2.643
1.764
1.212
0.8987
0.7730
0.7467
0.7668
222.6
220.5
218.1
215.5
212.8
210.0
206.4
202.2
197.3
191.6
185.4
179.1
172.9
166.2
158.6
150.2
140.2
129.0
117.6
107.0
97.84
89.62
81.41
72.57
62.90
53.28
44.42
37.22
31.98
29.32
28.44
27.89
27.44
27.02
26.64
26.33
26.06
25.80
25.55
25.37
25.24
25.18
25.20
25.34
25.65
26.11
26.79
27.61
28.56
29.60
30.66
31.71
32.72
33.80
34.84
35.65
36.16
36.33
36.21
35.83
35.22
34.50
33.72
32.89
31.99
30.99
30.01
28.95
27.60
26.14
24.55
22.91
21.16
19.38
17.75
16.31
14.78
12.97
11.15
9.768
8.728
7.849
7.034
6.205
5.318
4.046
2.467
1.221
0.7195
0.7296
1.009
222.6
220.5
218.0
215.3
212.5
209.5
205.6
201.0
195.6
189.2
182.8
176.4
170.0
162.6
154.3
144.8
133.7
122.0
110.5
100.4
91.51
83.18
74.37
64.44
54.55
45.03
37.14
31.72
28.90
28.07
27.57
27.14
26.83
26.49
26.24
26.06
25.80
25.58
25.40
25.24
25.16
25.19
25.31
25.50
25.80
26.20
26.76
27.45
28.22
29.14
30.06
30.99
31.95
32.22
31.72
31.16
30.67
30.04
29.37
28.71
28.15
27.71
27.39
27.16
26.95
26.77
26.38
25.58
24.36
22.90
21.43
19.57
17.64
15.95
14.39
12.89
11.23
9.364
7.627
6.249
4.999
3.962
3.105
2.441
1.896
1.434
1.070
0.8139
0.5977
0.4742
0.5051
222.6
220.5
218.1
215.5
212.8
210.0
206.4
202.2
197.3
191.6
185.4
179.1
172.9
166.2
158.6
150.2
140.2
129.0
117.6
107.0
97.84
89.62
81.41
72.57
62.90
53.28
44.42
37.22
31.98
29.32
28.44
27.89
27.44
27.02
26.64
26.33
26.06
25.80
25.55
25.37
25.24
25.18
25.20
25.34
25.65
26.11
26.79
27.61
28.56
29.60
30.66
31.71
32.72
33.80
34.84
35.65
36.16
36.33
36.21
35.83
35.22
34.50
33.72
32.89
31.99
30.99
30.01
28.95
27.60
26.14
24.55
22.91
21.16
19.38
17.75
16.31
14.78
12.97
11.15
9.768
8.728
7.849
7.034
6.205
5.318
4.046
2.467
1.221
0.7195
0.7296
1.009
222.7
221.0
218.9
216.7
214.6
212.3
209.5
206.0
201.9
197.3
192.2
186.7
181.1
175.6
170.1
163.8
157.0
149.4
140.4
130.5
120.8
111.5
103.0
95.12
87.75
80.43
71.91
62.92
54.09
46.05
39.30
34.07
30.80
29.30
28.59
28.06
27.60
27.16
26.77
26.42
26.10
25.80
25.52
25.26
25.09
24.96
24.93
24.94
25.00
25.14
25.35
25.62
25.97
26.43
26.97
27.55
28.15
28.69
29.11
29.34
29.36
29.17
28.76
28.15
27.39
26.53
25.49
24.33
23.12
21.73
20.29
18.75
17.34
15.95
14.65
13.39
12.16
11.03
9.996
8.988
7.879
6.706
5.354
3.911
2.643
1.764
1.212
0.8987
0.7730
0.7467
0.7668
222.5
221.2
219.7
218.3
216.6
214.7
212.6
210.2
207.4
204.3
200.9
197.3
193.4
189.5
185.8
182.0
178.2
174.2
169.6
164.5
158.7
152.1
144.3
136.0
128.1
120.5
113.6
107.0
100.2
93.95
86.87
79.49
71.08
62.64
54.38
46.87
40.44
35.48
31.97
29.85
28.68
27.98
27.38
26.84
26.34
25.86
25.42
25.00
24.58
24.15
23.70
23.24
22.81
22.38
21.94
21.49
21.02
20.54
20.04
19.52
18.96
18.37
17.75
17.07
16.35
15.61
14.83
14.03
13.24
12.46
11.73
11.05
10.42
9.802
9.193
8.547
7.843
7.016
6.087
5.095
4.195
3.367
2.728
2.204
1.805
1.478
1.231
1.083
1.007
0.9791
0.9946
222.6
221.7
221.0
220.3
219.2
217.8
216.4
215.0
213.7
212.4
211.0
209.5
207.8
206.1
204.3
202.5
200.5
198.6
196.7
195.0
193.4
192.0
190.5
188.4
186.1
183.3
179.8
176.0
171.2
165.7
159.7
153.7
147.7
142.1
136.9
132.0
126.9
121.6
116.4
111.0
104.3
96.46
87.91
79.09
70.02
61.15
52.87
45.50
39.26
34.37
30.67
28.12
26.55
25.44
24.46
23.50
22.56
21.64
20.75
19.93
19.16
18.47
17.82
17.18
16.56
15.99
15.40
14.81
14.21
13.62
13.04
12.42
11.70
10.92
10.07
9.156
8.200
7.254
6.326
5.433
4.656
3.811
3.072
2.431
1.941
1.621
1.377
1.222
1.151
1.114
1.123
222.5
222.2
222.1
222.1
221.7
221.2
220.7
220.4
220.3
220.4
220.5
220.4
220.5
220.4
220.2
220.1
220.0
220.0
220.1
220.7
221.2
221.6
221.9
222.4
223.2
224.3
225.6
227.2
228.8
230.6
232.5
234.5
236.5
238.4
240.4
241.9
242.8
243.5
243.7
243.3
242.0
239.8
236.7
233.0
228.9
224.4
219.6
214.7
209.7
204.8
199.5
194.0
188.0
182.2
176.9
172.0
166.6
160.4
154.0
147.7
141.7
135.8
130.5
125.6
121.4
117.7
113.9
109.5
105.5
99.99
93.05
85.11
74.61
63.94
53.34
42.53
31.13
22.02
12.08
6.835
5.312
4.240
3.440
2.875
2.400
1.984
1.648
1.393
1.236
1.140
1.128
