SALVI
1
0
24
15.00
91
1.00

19-MTS011

19-MTS011.ldt
09 July 2019/JVILADEVALL
760
309
225
320
60
0
0
0
0
100.0
100.0
1.000
0.0
1
1
LM
3490.1


0.0
0.347
0.448
0.545
0.623
0.675
0.752
0.788
0.825
0.866
0.890
0.0
15.0
30.0
45.0
60.0
75.0
90.0
105.0
120.0
135.0
150.0
165.0
180.0
195.0
210.0
225.0
240.0
255.0
270.0
285.0
300.0
315.0
330.0
345.0
0.0
1.0
2.0
3.0
4.0
5.0
6.0
7.0
8.0
9.0
10.0
11.0
12.0
13.0
14.0
15.0
16.0
17.0
18.0
19.0
20.0
21.0
22.0
23.0
24.0
25.0
26.0
27.0
28.0
29.0
30.0
31.0
32.0
33.0
34.0
35.0
36.0
37.0
38.0
39.0
40.0
41.0
42.0
43.0
44.0
45.0
46.0
47.0
48.0
49.0
50.0
51.0
52.0
53.0
54.0
55.0
56.0
57.0
58.0
59.0
60.0
61.0
62.0
63.0
64.0
65.0
66.0
67.0
68.0
69.0
70.0
71.0
72.0
73.0
74.0
75.0
76.0
77.0
78.0
79.0
80.0
81.0
82.0
83.0
84.0
85.0
86.0
87.0
88.0
89.0
90.0
279.1
279.1
279.6
280.1
280.6
281.0
281.7
282.7
284.0
285.6
287.5
289.4
291.9
295.0
299.1
303.6
308.3
313.1
318.2
323.7
329.5
334.5
338.4
341.8
345.0
348.1
350.5
352.0
352.3
351.6
350.8
350.0
349.0
347.7
346.2
342.6
337.3
330.5
324.3
319.3
313.9
306.4
297.9
288.7
279.7
271.3
263.3
253.6
242.0
231.1
221.0
209.4
196.3
183.5
171.4
160.2
150.1
141.4
134.6
127.8
121.9
116.8
111.4
104.6
95.82
86.63
78.32
70.40
62.96
56.16
50.42
46.29
41.45
36.01
23.34
19.19
12.38
5.446
4.410
3.547
2.903
2.409
1.923
1.510
1.198
0.9368
0.7173
0.5591
0.4549
0.4126
0.3804
279.0
279.0
279.4
279.9
280.3
280.6
281.1
282.0
283.2
284.6
286.6
288.6
291.0
294.0
297.7
301.9
306.4
311.1
315.7
320.9
326.5
332.5
337.4
341.6
345.5
349.2
352.8
355.7
358.0
359.4
359.7
359.7
359.5
358.0
355.8
353.4
349.4
344.2
337.8
331.5
324.8
318.2
310.4
301.9
293.7
285.8
277.3
268.5
258.5
247.7
237.1
227.2
216.5
203.5
190.7
178.3
167.8
157.9
149.0
140.3
131.3
123.5
116.9
110.2
102.1
93.12
83.67
74.53
66.59
59.07
52.87
47.73
42.57
36.97
25.86
19.64
16.20
5.806
4.545
3.554
2.843
2.367
1.898
1.504
1.200
0.9370
0.7231
0.5760
0.4888
0.4662
0.4424
279.1
279.0
279.1
279.5
279.9
280.3
280.9
281.5
282.5
283.9
285.6
287.8
290.4
293.5
297.1
301.2
305.6
310.3
315.3
320.1
324.7
329.9
335.8
342.0
347.9
352.6
356.9
360.5
363.7
366.2
368.2
369.2
369.5
369.5
369.4
368.3
365.8
362.7
359.6
355.0
349.3
343.0
336.5
329.9
322.7
314.5
306.2
298.9
291.3
283.2
274.9
265.2
254.3
243.0
230.6
218.3
205.7
193.6
181.6
170.6
160.9
151.6
141.2
130.7
121.1
112.1
103.3
92.94
82.44
73.37
64.85
55.80
47.15
38.98
32.45
25.29
16.48
12.61
5.444
3.842
2.870
2.289
1.905
1.557
1.251
0.9849
0.7720
0.6274
0.5383
0.4833
0.4762
279.1
278.9
278.8
279.0
279.3
279.7
280.2
280.9
282.0
283.8
286.1
288.8
291.7
294.9
298.5
302.5
306.9
311.8
317.1
322.5
328.4
334.6
340.4
345.4
350.3
354.7
359.1
363.3
366.9
369.5
370.8
371.6
372.2
371.7
370.2
368.1
365.6
362.6
359.1
355.0
350.0
343.3
335.5
327.4
319.4
311.3
303.2
295.2
287.6
280.2
272.5
264.3
255.3
245.8
235.9
226.1
215.3
204.1
192.8
180.9
169.1
155.7
142.3
129.5
119.2
109.7
100.4
91.83
82.92
73.91
65.75
57.79
49.72
42.10
34.42
26.11
18.75
13.47
9.864
6.801
4.409
2.743
1.901
1.482
1.179
0.9236
0.7231
0.5785
0.5029
0.4790
0.4748
279.1
278.9
278.5
278.4
278.7
279.0
279.5
280.7
282.7
285.2
287.7
290.8
294.3
298.5
303.2
308.2
313.5
319.6
325.7
331.2
336.1
340.8
344.9
349.1
352.6
355.1
357.5
359.7
361.2
361.4
360.3
358.7
356.8
353.9
350.7
347.3
343.2
338.6
333.5
328.2
321.4
313.2
304.4
294.8
284.7
275.0
265.6
255.5
244.8
234.4
223.9
213.5
202.9
192.2
181.8
172.5
164.6
156.8
148.9
141.0
133.0
124.9
117.0
108.0
98.92
90.97
82.72
74.54
66.57
59.16
51.79
45.71
39.48
33.48
27.42
21.83
17.24
13.73
10.90
8.682
6.923
5.279
3.572
2.104
1.214
0.8659
0.6753
0.5582
0.4890
0.4537
0.4438
279.1
278.9
278.5
278.1
278.2
278.3
279.0
280.6
283.0
285.5
288.6
292.4
297.0
302.3
308.0
314.3
321.0
327.0
331.9
336.3
340.3
344.1
346.8
349.0
350.8
352.2
352.9
352.1
349.9
347.7
345.1
342.1
339.4
336.2
332.7
328.6
324.6
319.4
311.5
302.7
293.9
283.7
273.3
263.0
252.6
241.4
230.2
220.2
211.4
201.9
191.7
181.9
172.8
164.0
155.7
147.2
138.8
131.1
124.6
118.9
113.2
107.9
103.2
98.09
91.40
83.45
75.57
68.21
60.88
53.91
47.88
43.02
38.48
33.74
28.44
23.06
18.48
14.46
11.28
9.116
7.307
5.821
4.386
3.214
2.339
1.594
0.9160
0.5137
0.4296
0.4001
0.3917
279.1
278.8
278.4
278.1
278.0
278.0
278.9
280.6
282.8
285.3
288.4
292.5
297.6
303.3
309.6
316.8
323.4
329.3
334.0
338.1
341.8
344.9
347.0
348.6
349.6
349.5
348.4
345.5
342.6
339.5
336.4
333.8
330.9
327.7
323.6
319.7
314.3
306.5
297.3
287.8
277.4
266.3
255.5
246.0
235.5
225.7
216.0
207.3
198.0
187.7
177.4
168.1
160.4
153.1
145.2
137.4
129.8
122.9
116.7
109.9
104.4
99.71
95.82
89.47
83.10
77.35
71.12
64.84
58.23
51.21
45.26
40.22
35.54
29.89
24.81
17.18
9.109
6.766
5.541
4.632
3.677
2.815
2.006
1.561
1.229
0.9198
0.6722
0.5190
0.4255
0.3888
0.3776
279.1
278.9
278.5
278.1
278.2
278.3
279.0
280.6
283.0
285.5
288.6
292.4
297.0
302.3
308.0
314.3
321.0
327.0
331.9
336.3
340.3
344.1
346.8
349.0
350.8
352.2
352.9
352.1
349.9
347.7
345.1
342.1
339.4
336.2
332.7
328.6
324.6
319.4
311.5
302.7
293.9
283.7
273.3
263.0
252.6
241.4
230.2
220.2
211.4
201.9
191.7
181.9
172.8
164.0
155.7
147.2
138.8
131.1
124.6
118.9
113.2
107.9
103.2
98.09
91.40
83.45
75.57
68.21
60.88
53.91
47.88
43.02
38.48
33.74
28.44
23.06
18.48
14.46
11.28
9.116
7.307
5.821
4.386
3.214
2.339
1.594
0.9160
0.5137
0.4296
0.4001
0.3917
279.1
278.9
278.5
278.4
278.7
279.0
279.5
280.7
282.7
285.2
287.7
290.8
294.3
298.5
303.2
308.2
313.5
319.6
325.7
331.2
336.1
340.8
344.9
349.1
352.6
355.1
357.5
359.7
361.2
361.4
360.3
358.7
356.8
353.9
350.7
347.3
343.2
338.6
333.5
328.2
321.4
313.2
304.4
294.8
284.7
275.0
265.6
255.5
244.8
234.4
223.9
213.5
202.9
192.2
181.8
172.5
164.6
156.8
148.9
141.0
133.0
124.9
117.0
108.0
98.92
90.97
82.72
74.54
66.57
59.16
51.79
45.71
39.48
33.48
27.42
21.83
17.24
13.73
10.90
8.682
6.923
5.279
3.572
2.104
1.214
0.8659
0.6753
0.5582
0.4890
0.4537
0.4438
279.1
278.9
278.8
279.0
279.3
279.7
280.2
280.9
282.0
283.8
286.1
288.8
291.7
294.9
298.5
302.5
306.9
311.8
317.1
322.5
328.4
334.6
340.4
345.4
350.3
354.7
359.1
363.3
366.9
369.5
370.8
371.6
372.2
371.7
370.2
368.1
365.6
362.6
359.1
355.0
350.0
343.3
335.5
327.4
319.4
311.3
303.2
295.2
287.6
280.2
272.5
264.3
255.3
245.8
235.9
226.1
215.3
204.1
192.8
180.9
169.1
155.7
142.3
129.5
119.2
109.7
100.4
91.83
82.92
73.91
65.75
57.79
49.72
42.10
34.42
26.11
18.75
13.47
9.864
6.801
4.409
2.743
1.901
1.482
1.179
0.9236
0.7231
0.5785
0.5029
0.4790
0.4748
279.1
279.0
279.1
279.5
279.9
280.3
280.9
281.5
282.5
283.9
285.6
287.8
290.4
293.5
297.1
301.2
305.6
310.3
315.3
320.1
324.7
329.9
335.8
342.0
347.9
352.6
356.9
360.5
363.7
366.2
368.2
369.2
369.5
369.5
369.4
368.3
365.8
362.7
359.6
355.0
349.3
343.0
336.5
329.9
322.7
314.5
306.2
298.9
291.3
283.2
274.9
265.2
254.3
243.0
230.6
218.3
205.7
193.6
181.6
170.6
160.9
151.6
141.2
130.7
121.1
112.1
103.3
92.94
82.44
73.37
64.85
55.80
47.15
38.98
32.45
25.29
16.48
12.61
5.444
3.842
2.870
2.289
1.905
1.557
1.251
0.9849
0.7720
0.6274
0.5383
0.4833
0.4762
279.0
279.0
279.4
279.9
280.3
280.6
281.1
282.0
283.2
284.6
286.6
288.6
291.0
294.0
297.7
301.9
306.4
311.1
315.7
320.9
326.5
332.5
337.4
341.6
345.5
349.2
352.8
355.7
358.0
359.4
359.7
359.7
359.5
358.0
355.8
353.4
349.4
344.2
337.8
331.5
324.8
318.2
310.4
301.9
293.7
285.8
277.3
268.5
258.5
247.7
237.1
227.2
216.5
203.5
190.7
178.3
167.8
157.9
149.0
140.3
131.3
123.5
116.9
110.2
102.1
93.12
83.67
74.53
66.59
59.07
52.87
47.73
42.57
36.97
25.86
19.64
16.20
5.806
4.545
3.554
2.843
2.367
1.898
1.504
1.200
0.9370
0.7231
0.5760
0.4888
0.4662
0.4424
279.1
279.1
279.6
280.1
280.6
281.0
281.7
282.7
284.0
285.6
287.5
289.4
291.9
295.0
299.1
303.6
308.3
313.1
318.2
323.7
329.5
334.5
338.4
341.8
345.0
348.1
350.5
352.0
352.3
351.6
350.8
350.0
349.0
347.7
346.2
342.6
337.3
330.5
324.3
319.3
313.9
306.4
297.9
288.7
279.7
271.3
263.3
253.6
242.0
231.1
221.0
209.4
196.3
183.5
171.4
160.2
150.1
141.4
134.6
127.8
121.9
116.8
111.4
104.6
95.82
86.63
78.32
70.40
62.96
56.16
50.42
46.29
41.45
36.01
23.34
19.19
12.38
5.446
4.410
3.547
2.903
2.409
1.923
1.510
1.198
0.9368
0.7173
0.5591
0.4549
0.4126
0.3804
279.0
279.0
279.5
279.9
280.3
280.6
281.2
282.2
283.4
284.8
286.5
288.1
290.1
292.7
296.0
300.1
304.7
309.3
313.8
318.8
324.2
329.7
334.3
337.9
341.1
344.2
347.0
349.4
351.3
351.9
352.0
352.6
353.4
353.5
352.3
350.6
347.7
343.1
337.0
330.6
324.2
318.1
310.8
302.4
293.9
285.9
277.7
269.4
260.4
249.9
237.7
226.0
213.9
201.2
188.7
177.0
165.8
156.0
147.3
139.4
132.3
125.8
119.7
112.5
104.2
95.14
84.94
75.33
66.36
58.01
52.57
47.99
43.35
38.59
30.14
19.98
16.37
6.123
4.828
3.847
3.028
2.517
2.010
1.555
1.236
0.9610
0.7294
0.5587
0.4509
0.3987
0.3508
279.1
279.0
279.3
279.6
279.8
279.9
280.2
280.7
281.6
282.7
284.1
285.8
287.6
289.5
291.9
294.9
298.6
302.9
307.4
311.9
316.2
320.9
325.9
330.9
335.7
339.9
343.6
347.3
351.5
355.2
358.5
360.8
362.0
362.4
362.4
362.2
361.6
360.0
357.6
354.0
349.0
342.7
336.2
330.1
324.1
317.2
309.3
301.3
293.4
285.2
276.4
266.9
257.3
246.8
235.4
223.5
210.6
197.8
185.9
173.9
163.4
155.2
146.6
137.0
127.3
117.2
106.6
96.49
84.89
75.04
66.01
57.07
50.48
44.32
37.46
29.90
19.27
12.82
7.111
4.164
3.227
2.513
2.074
1.686
1.341
1.032
0.7780
0.5808
0.4633
0.4293
0.3915
279.1
279.1
279.1
279.1
279.0
278.9
279.0
279.3
279.7
280.5
281.7
283.2
285.0
287.3
289.8
292.4
295.6
298.9
302.4
306.6
311.5
317.3
323.5
329.7
335.2
340.3
345.0
349.5
353.9
357.7
360.7
363.1
365.2
366.5
366.7
366.1
365.0
363.1
360.1
356.8
353.0
348.4
342.3
334.8
326.7
318.0
308.5
299.5
291.6
284.6
277.8
271.0
263.4
255.1
246.2
237.0
226.9
215.8
204.4
192.5
179.8
168.0
156.0
142.7
130.0
119.2
109.0
99.96
90.88
81.24
71.12
62.85
55.36
48.23
40.60
32.67
24.27
17.20
12.00
7.436
4.998
2.999
2.120
1.572
1.240
0.9659
0.7385
0.5749
0.4806
0.4467
0.4438
279.1
279.1
278.8
278.6
278.4
278.0
278.0
278.0
278.1
278.5
279.4
280.7
282.5
284.7
287.5
290.7
294.3
298.5
303.6
310.5
317.4
323.0
327.9
332.6
337.3
341.5
345.3
349.0
352.3
354.6
356.1
356.7
356.0
353.2
350.1
348.3
345.8
341.2
335.3
329.1
322.9
316.4
309.5
301.3
293.0
285.3
276.0
266.9
258.6
250.1
240.1
229.1
217.9
207.4
197.0
187.2
177.6
168.4
159.5
151.0
142.9
135.0
127.2
119.0
109.8
99.53
88.98
79.51
72.17
65.59
59.42
53.26
46.78
40.57
34.99
29.22
23.37
18.07
13.97
10.98
8.376
6.165
4.436
2.749
1.502
0.8636
0.6031
0.4606
0.4228
0.4572
0.5058
279.1
279.1
278.7
278.2
277.8
277.2
276.8
276.5
276.5
277.0
277.9
279.2
281.1
283.8
286.9
290.8
296.1
303.3
311.3
317.7
322.9
327.7
332.4
336.1
339.4
342.0
343.7
344.6
345.0
343.9
340.9
335.8
333.7
333.0
329.5
324.7
320.5
316.9
312.7
307.2
299.2
290.6
282.0
271.5
259.7
250.8
241.1
230.0
219.6
211.2
203.3
193.1
182.8
173.9
166.0
158.1
148.5
139.4
132.2
126.1
120.7
115.0
109.2
102.3
95.06
88.55
82.05
76.22
70.36
63.31
56.03
49.96
44.87
41.14
36.94
31.35
25.37
19.71
15.37
11.45
8.705
7.096
5.536
4.261
3.218
2.150
1.281
0.6512
0.4626
0.4945
0.4057
279.1
279.1
278.7
278.1
277.5
276.7
276.1
275.8
275.8
276.1
276.6
277.8
279.7
282.4
285.7
290.0
296.1
304.5
312.1
318.0
323.0
327.7
331.8
335.2
337.5
338.9
339.0
338.6
337.1
333.7
328.0
325.0
324.8
321.9
317.6
313.5
311.2
308.1
303.4
295.3
286.2
276.9
265.1
252.9
244.7
235.1
223.9
214.5
207.2
199.8
190.0
179.4
171.6
163.7
156.6
148.3
139.2
131.8
125.8
120.4
115.2
109.1
102.8
96.55
90.54
84.61
79.84
74.77
69.01
61.40
53.38
46.66
42.58
39.53
34.71
29.15
21.73
9.396
7.001
5.099
3.915
2.993
2.273
1.750
1.343
1.005
0.6899
0.4591
0.3633
0.3296
0.2959
279.1
279.1
278.7
278.2
277.8
277.2
276.8
276.5
276.5
277.0
277.9
279.2
281.1
283.8
286.9
290.8
296.1
303.3
311.3
317.7
322.9
327.7
332.4
336.1
339.4
342.0
343.7
344.6
345.0
343.9
340.9
335.8
333.7
333.0
329.5
324.7
320.5
316.9
312.7
307.2
299.2
290.6
282.0
271.5
259.7
250.8
241.1
230.0
219.6
211.2
203.3
193.1
182.8
173.9
166.0
158.1
148.5
139.4
132.2
126.1
120.7
115.0
109.2
102.3
95.06
88.55
82.05
76.22
70.36
63.31
56.03
49.96
44.87
41.14
36.94
31.35
25.37
19.71
15.37
11.45
8.705
7.096
5.536
4.261
3.218
2.150
1.281
0.6512
0.4626
0.4945
0.4057
279.1
279.1
278.8
278.6
278.4
278.0
278.0
278.0
278.1
278.5
279.4
280.7
282.5
284.7
287.5
290.7
294.3
298.5
303.6
310.5
317.4
323.0
327.9
332.6
337.3
341.5
345.3
349.0
352.3
354.6
356.1
356.7
356.0
353.2
350.1
348.3
345.8
341.2
335.3
329.1
322.9
316.4
309.5
301.3
293.0
285.3
276.0
266.9
258.6
250.1
240.1
229.1
217.9
207.4
197.0
187.2
177.6
168.4
159.5
151.0
142.9
135.0
127.2
119.0
109.8
99.53
88.98
79.51
72.17
65.59
59.42
53.26
46.78
40.57
34.99
29.22
23.37
18.07
13.97
10.98
8.376
6.165
4.436
2.749
1.502
0.8636
0.6031
0.4606
0.4228
0.4572
0.5058
279.1
279.1
279.1
279.1
279.0
278.9
279.0
279.3
279.7
280.5
281.7
283.2
285.0
287.3
289.8
292.4
295.6
298.9
302.4
306.6
311.5
317.3
323.5
329.7
335.2
340.3
345.0
349.5
353.9
357.7
360.7
363.1
365.2
366.5
366.7
366.1
365.0
363.1
360.1
356.8
353.0
348.4
342.3
334.8
326.7
318.0
308.5
299.5
291.6
284.6
277.8
271.0
263.4
255.1
246.2
237.0
226.9
215.8
204.4
192.5
179.8
168.0
156.0
142.7
130.0
119.2
109.0
99.96
90.88
81.24
71.12
62.85
55.36
48.23
40.60
32.67
24.27
17.20
12.00
7.436
4.998
2.999
2.120
1.572
1.240
0.9659
0.7385
0.5749
0.4806
0.4467
0.4438
279.1
279.0
279.3
279.6
279.8
279.9
280.2
280.7
281.6
282.7
284.1
285.8
287.6
289.5
291.9
294.9
298.6
302.9
307.4
311.9
316.2
320.9
325.9
330.9
335.7
339.9
343.6
347.3
351.5
355.2
358.5
360.8
362.0
362.4
362.4
362.2
361.6
360.0
357.6
354.0
349.0
342.7
336.2
330.1
324.1
317.2
309.3
301.3
293.4
285.2
276.4
266.9
257.3
246.8
235.4
223.5
210.6
197.8
185.9
173.9
163.4
155.2
146.6
137.0
127.3
117.2
106.6
96.49
84.89
75.04
66.01
57.07
50.48
44.32
37.46
29.90
19.27
12.82
7.111
4.164
3.227
2.513
2.074
1.686
1.341
1.032
0.7780
0.5808
0.4633
0.4293
0.3915
279.0
279.0
279.5
279.9
280.3
280.6
281.2
282.2
283.4
284.8
286.5
288.1
290.1
292.7
296.0
300.1
304.7
309.3
313.8
318.8
324.2
329.7
334.3
337.9
341.1
344.2
347.0
349.4
351.3
351.9
352.0
352.6
353.4
353.5
352.3
350.6
347.7
343.1
337.0
330.6
324.2
318.1
310.8
302.4
293.9
285.9
277.7
269.4
260.4
249.9
237.7
226.0
213.9
201.2
188.7
177.0
165.8
156.0
147.3
139.4
132.3
125.8
119.7
112.5
104.2
95.14
84.94
75.33
66.36
58.01
52.57
47.99
43.35
38.59
30.14
19.98
16.37
6.123
4.828
3.847
3.028
2.517
2.010
1.555
1.236
0.9610
0.7294
0.5587
0.4509
0.3987
0.3508
