SALVI
1
0
24
15.00
91
1.00

19-MTS023

19-MTS023.ldt
19 July 2019/AA
760
309
225
320
60
0
0
0
0
100.0
100.0
1.000
0.0
1
1
L5
1922.8


0.0
0.678
0.753
0.799
0.842
0.872
0.900
0.915
0.933
0.955
0.969
0.0
15.0
30.0
45.0
60.0
75.0
90.0
105.0
120.0
135.0
150.0
165.0
180.0
195.0
210.0
225.0
240.0
255.0
270.0
285.0
300.0
315.0
330.0
345.0
0.0
1.0
2.0
3.0
4.0
5.0
6.0
7.0
8.0
9.0
10.0
11.0
12.0
13.0
14.0
15.0
16.0
17.0
18.0
19.0
20.0
21.0
22.0
23.0
24.0
25.0
26.0
27.0
28.0
29.0
30.0
31.0
32.0
33.0
34.0
35.0
36.0
37.0
38.0
39.0
40.0
41.0
42.0
43.0
44.0
45.0
46.0
47.0
48.0
49.0
50.0
51.0
52.0
53.0
54.0
55.0
56.0
57.0
58.0
59.0
60.0
61.0
62.0
63.0
64.0
65.0
66.0
67.0
68.0
69.0
70.0
71.0
72.0
73.0
74.0
75.0
76.0
77.0
78.0
79.0
80.0
81.0
82.0
83.0
84.0
85.0
86.0
87.0
88.0
89.0
90.0
3577
3565
3512
3428
3317
3173
3016
2839
2643
2430
2222
2019
1830
1658
1495
1345
1207
1079
965.9
861.4
764.6
670.4
587.2
511.5
442.0
377.8
321.7
271.5
228.5
188.8
158.9
134.0
114.0
99.74
90.26
83.48
79.26
77.22
76.07
75.70
75.79
76.41
77.41
78.76
80.25
81.72
83.46
85.24
87.15
88.94
90.74
92.39
93.67
94.77
95.66
96.36
96.57
96.44
96.21
95.36
93.32
90.38
86.65
82.57
78.83
74.86
70.90
66.68
61.72
56.09
50.72
45.47
40.47
36.53
28.36
22.30
17.39
10.35
8.168
6.693
5.568
4.651
3.655
2.849
2.179
1.447
1.008
0.7046
0.4779
0.3165
0.2455
3586
3573
3524
3430
3321
3174
3011
2823
2618
2410
2201
2006
1820
1650
1489
1343
1206
1080
963.6
855.5
752.4
660.2
579.7
504.6
436.7
372.3
320.0
272.3
230.8
191.6
159.9
134.1
114.0
99.23
89.26
82.01
76.90
73.67
71.66
70.28
69.69
69.46
69.48
69.71
70.15
70.59
71.07
71.17
71.16
71.12
70.80
70.37
69.82
69.34
68.71
67.84
66.71
65.32
63.69
61.85
59.94
57.79
55.36
52.52
49.41
46.45
43.81
40.94
37.88
34.82
31.93
29.14
26.18
22.72
19.80
15.75
12.99
9.093
7.261
5.968
4.929
4.053
3.169
2.420
1.829
1.176
0.7979
0.5533
0.3803
0.2835
0.2250
3590
3572
3522
3436
3323
3179
2995
2789
2571
2361
2155
1963
1787
1625
1470
1321
1193
1066
948.9
838.5
734.8
645.9
568.1
493.2
421.1
360.3
307.1
261.2
222.0
188.0
156.0
130.3
113.3
97.59
87.36
79.40
73.24
68.17
64.94
62.58
60.97
59.89
59.09
58.31
57.61
56.94
56.03
54.69
53.36
51.96
50.46
49.00
47.59
46.11
44.62
43.20
41.76
40.26
38.82
37.40
35.89
34.33
32.76
31.17
29.71
28.30
26.77
25.30
23.85
22.39
20.92
19.40
17.83
16.22
14.63
12.94
11.11
9.292
7.337
5.743
4.634
3.673
2.960
2.199
1.603
1.064
0.6943
0.4886
0.3427
0.2428
0.1943
3595
3579
3531
3441
3340
3176
2998
2787
2565
2347
2140
1953
1779
1623
1474
1334
1201
1077
956.7
842.8
740.4
651.2
569.6
490.7
416.7
353.7
298.9
255.6
214.8
181.2
151.3
126.7
108.0
94.69
84.60
76.58
70.33
64.88
60.69
57.88
55.73
54.30
53.30
52.49
51.77
51.07
50.06
48.92
47.70
46.31
44.93
43.52
42.04
40.55
39.09
37.61
36.25
34.88
33.54
32.22
30.95
29.67
28.42
27.16
25.96
24.88
23.84
22.80
21.67
20.56
19.43
18.41
17.28
16.13
14.91
13.61
12.21
10.79
9.330
7.589
5.857
4.395
3.278
2.514
1.827
1.180
0.6889
0.4085
0.2579
0.1865
0.1560
3597
3579
3527
3442
3331
3176
2981
2761
2539
2320
2115
1922
1753
1599
1459
1325
1196
1073
953.6
838.7
739.4
644.6
558.6
477.4
400.3
333.3
282.0
239.4
202.0
171.3
142.2
121.1
103.1
89.99
79.80
72.25
66.35
61.26
57.69
54.86
52.81
51.30
50.22
49.44
48.86
48.13
47.32
46.37
45.42
44.28
43.07
41.76
40.37
38.96
37.45
36.00
34.54
33.19
31.94
30.67
29.54
28.45
27.38
26.35
25.35
24.39
23.35
22.30
21.34
20.36
19.36
18.29
17.23
16.15
15.11
14.01
12.78
11.62
10.42
9.115
7.782
6.363
4.801
3.210
2.101
1.387
0.8296
0.4699
0.3252
0.2432
0.1662
3599
3583
3534
3453
3311
3170
2982
2764
2541
2320
2115
1927
1755
1601
1458
1327
1203
1081
956.4
843.3
740.5
643.5
551.9
467.0
389.7
334.8
279.9
232.8
197.1
166.0
138.0
115.4
99.48
87.31
77.16
69.16
63.61
59.21
56.08
53.63
51.66
50.09
48.98
48.13
47.54
46.66
45.78
44.86
43.89
42.85
41.76
40.61
39.38
38.12
36.83
35.46
34.10
32.76
31.52
30.29
29.18
28.15
27.15
26.16
25.18
24.13
22.90
21.59
20.22
18.86
17.40
16.12
14.83
13.64
12.57
11.58
10.66
9.727
8.877
7.949
6.971
5.847
4.857
3.844
2.810
1.818
0.9478
0.4776
0.4419
0.3372
0.1918
3598
3581
3527
3442
3317
3161
2976
2759
2532
2312
2103
1914
1745
1589
1451
1315
1193
1069
944.7
831.5
728.1
631.1
541.0
456.6
380.2
317.6
267.5
227.6
192.7
162.3
135.6
113.7
98.20
85.98
76.11
67.99
61.57
57.61
54.79
52.46
50.56
49.06
47.98
47.09
46.52
45.66
44.82
44.05
43.20
42.19
41.15
40.05
39.06
37.86
36.75
35.59
34.47
33.24
31.95
30.68
29.49
28.29
27.03
25.84
24.28
22.74
21.21
19.88
18.63
17.33
15.96
14.76
13.61
12.57
11.53
10.52
9.532
8.531
7.532
6.458
5.455
4.419
3.357
2.497
1.837
1.267
0.7894
0.4614
0.3172
0.1794
0.1330
3599
3583
3534
3453
3311
3170
2982
2764
2541
2320
2115
1927
1755
1601
1458
1327
1203
1081
956.4
843.3
740.5
643.5
551.9
467.0
389.7
334.8
279.9
232.8
197.1
166.0
138.0
115.4
99.48
87.31
77.16
69.16
63.61
59.21
56.08
53.63
51.66
50.09
48.98
48.13
47.54
46.66
45.78
44.86
43.89
42.85
41.76
40.61
39.38
38.12
36.83
35.46
34.10
32.76
31.52
30.29
29.18
28.15
27.15
26.16
25.18
24.13
22.90
21.59
20.22
18.86
17.40
16.12
14.83
13.64
12.57
11.58
10.66
9.727
8.877
7.949
6.971
5.847
4.857
3.844
2.810
1.818
0.9478
0.4776
0.4419
0.3372
0.1918
3597
3579
3527
3442
3331
3176
2981
2761
2539
2320
2115
1922
1753
1599
1459
1325
1196
1073
953.6
838.7
739.4
644.6
558.6
477.4
400.3
333.3
282.0
239.4
202.0
171.3
142.2
121.1
103.1
89.99
79.80
72.25
66.35
61.26
57.69
54.86
52.81
51.30
50.22
49.44
48.86
48.13
47.32
46.37
45.42
44.28
43.07
41.76
40.37
38.96
37.45
36.00
34.54
33.19
31.94
30.67
29.54
28.45
27.38
26.35
25.35
24.39
23.35
22.30
21.34
20.36
19.36
18.29
17.23
16.15
15.11
14.01
12.78
11.62
10.42
9.115
7.782
6.363
4.801
3.210
2.101
1.387
0.8296
0.4699
0.3252
0.2432
0.1662
3595
3579
3531
3441
3340
3176
2998
2787
2565
2347
2140
1953
1779
1623
1474
1334
1201
1077
956.7
842.8
740.4
651.2
569.6
490.7
416.7
353.7
298.9
255.6
214.8
181.2
151.3
126.7
108.0
94.69
84.60
76.58
70.33
64.88
60.69
57.88
55.73
54.30
53.30
52.49
51.77
51.07
50.06
48.92
47.70
46.31
44.93
43.52
42.04
40.55
39.09
37.61
36.25
34.88
33.54
32.22
30.95
29.67
28.42
27.16
25.96
24.88
23.84
22.80
21.67
20.56
19.43
18.41
17.28
16.13
14.91
13.61
12.21
10.79
9.330
7.589
5.857
4.395
3.278
2.514
1.827
1.180
0.6889
0.4085
0.2579
0.1865
0.1560
3590
3572
3522
3436
3323
3179
2995
2789
2571
2361
2155
1963
1787
1625
1470
1321
1193
1066
948.9
838.5
734.8
645.9
568.1
493.2
421.1
360.3
307.1
261.2
222.0
188.0
156.0
130.3
113.3
97.59
87.36
79.40
73.24
68.17
64.94
62.58
60.97
59.89
59.09
58.31
57.61
56.94
56.03
54.69
53.36
51.96
50.46
49.00
47.59
46.11
44.62
43.20
41.76
40.26
38.82
37.40
35.89
34.33
32.76
31.17
29.71
28.30
26.77
25.30
23.85
22.39
20.92
19.40
17.83
16.22
14.63
12.94
11.11
9.292
7.337
5.743
4.634
3.673
2.960
2.199
1.603
1.064
0.6943
0.4886
0.3427
0.2428
0.1943
3586
3573
3524
3430
3321
3174
3011
2823
2618
2410
2201
2006
1820
1650
1489
1343
1206
1080
963.6
855.5
752.4
660.2
579.7
504.6
436.7
372.3
320.0
272.3
230.8
191.6
159.9
134.1
114.0
99.23
89.26
82.01
76.90
73.67
71.66
70.28
69.69
69.46
69.48
69.71
70.15
70.59
71.07
71.17
71.16
71.12
70.80
70.37
69.82
69.34
68.71
67.84
66.71
65.32
63.69
61.85
59.94
57.79
55.36
52.52
49.41
46.45
43.81
40.94
37.88
34.82
31.93
29.14
26.18
22.72
19.80
15.75
12.99
9.093
7.261
5.968
4.929
4.053
3.169
2.420
1.829
1.176
0.7979
0.5533
0.3803
0.2835
0.2250
3577
3565
3512
3428
3317
3173
3016
2839
2643
2430
2222
2019
1830
1658
1495
1345
1207
1079
965.9
861.4
764.6
670.4
587.2
511.5
442.0
377.8
321.7
271.5
228.5
188.8
158.9
134.0
114.0
99.74
90.26
83.48
79.26
77.22
76.07
75.70
75.79
76.41
77.41
78.76
80.25
81.72
83.46
85.24
87.15
88.94
90.74
92.39
93.67
94.77
95.66
96.36
96.57
96.44
96.21
95.36
93.32
90.38
86.65
82.57
78.83
74.86
70.90
66.68
61.72
56.09
50.72
45.47
40.47
36.53
28.36
22.30
17.39
10.35
8.168
6.693
5.568
4.651
3.655
2.849
2.179
1.447
1.008
0.7046
0.4779
0.3165
0.2455
3586
3575
3520
3431
3315
3177
3021
2850
2653
2439
2224
2012
1820
1653
1492
1340
1205
1077
962.5
857.5
760.7
670.4
584.8
506.2
435.9
372.8
316.5
267.5
224.3
189.2
158.2
132.5
110.9
95.55
85.39
78.69
74.77
72.15
70.30
69.00
68.19
67.76
67.76
68.10
68.58
69.03
69.37
69.64
69.72
69.56
69.28
68.80
68.26
67.64
66.82
65.82
64.66
63.50
62.32
61.05
59.39
57.23
54.76
52.14
49.16
45.97
42.98
40.29
37.44
34.52
31.58
28.19
24.83
22.32
19.91
16.07
13.42
9.590
7.472
6.058
4.904
4.093
3.294
2.512
1.929
1.248
0.8555
0.5963
0.4096
0.2685
0.1943
3590
3582
3534
3438
3324
3177
3023
2852
2658
2445
2224
2016
1818
1649
1496
1349
1214
1090
977.1
870.7
769.1
676.4
588.9
509.3
433.2
369.4
313.8
269.4
227.0
191.2
159.6
133.3
111.4
94.79
83.46
75.23
70.25
66.59
63.63
61.23
59.32
57.94
56.96
56.20
55.58
55.00
54.34
53.52
52.58
51.37
50.09
48.64
47.26
45.85
44.44
43.09
41.64
40.26
38.89
37.45
35.98
34.47
33.08
31.60
30.10
28.50
26.98
25.42
23.92
22.50
21.06
19.67
18.16
16.56
15.04
13.54
11.91
9.983
8.216
6.518
5.191
4.150
3.315
2.600
1.811
1.287
0.7644
0.4881
0.3115
0.1941
0.1458
3595
3584
3536
3443
3326
3179
3012
2838
2639
2423
2205
1997
1804
1635
1487
1347
1214
1094
978.7
869.6
766.1
671.7
585.2
504.7
425.7
355.2
301.3
257.4
218.2
183.1
154.6
130.5
108.2
91.46
79.45
70.97
65.42
61.28
58.09
55.66
53.60
51.97
50.73
49.77
49.03
48.44
47.84
47.03
46.24
45.21
44.04
42.75
41.50
40.16
38.76
37.36
35.92
34.60
33.31
32.04
30.76
29.58
28.47
27.24
26.00
24.86
23.76
22.67
21.65
20.68
19.69
18.65
17.50
16.39
15.26
14.06
12.66
11.31
9.933
8.532
6.928
5.282
3.982
2.927
2.238
1.561
1.046
0.5793
0.3738
0.2404
0.1534
3597
3590
3547
3461
3339
3190
3024
2841
2645
2438
2224
2017
1823
1644
1492
1354
1228
1110
997.4
886.5
778.7
680.6
589.1
504.4
421.4
351.4
294.6
246.9
208.8
175.9
147.5
124.4
105.9
89.19
76.88
68.38
62.93
58.84
55.60
53.14
51.16
49.57
48.35
47.49
46.70
46.15
45.51
44.89
44.31
43.61
42.59
41.46
40.19
38.96
37.57
36.18
34.86
33.50
32.24
31.02
29.85
28.71
27.59
26.59
25.62
24.66
23.71
22.72
21.74
20.81
19.85
18.92
18.00
17.00
15.90
14.84
13.74
12.54
11.36
10.12
8.804
7.499
6.229
4.752
3.223
2.101
1.305
0.7687
0.3722
0.2635
0.2583
3599
3590
3548
3464
3345
3200
3030
2835
2637
2428
2214
2009
1814
1635
1485
1351
1226
1111
998.1
884.0
774.1
671.7
577.7
489.0
404.5
331.3
274.8
231.1
195.6
166.3
140.6
117.7
100.4
85.54
74.04
65.76
60.36
56.55
53.57
51.25
49.42
48.04
46.86
45.99
45.34
44.76
44.15
43.46
42.72
41.96
41.12
40.15
39.12
38.09
37.01
35.84
34.54
33.30
32.08
30.88
29.82
28.69
27.66
26.62
25.56
24.53
23.52
22.41
21.32
20.13
18.86
17.54
16.25
14.89
13.64
12.43
11.32
10.29
9.353
8.454
7.596
6.631
5.592
4.647
3.698
2.675
1.723
0.9871
0.5198
0.3786
0.3836
3598
3593
3553
3475
3341
3208
3031
2845
2641
2431
2225
2020
1829
1651
1495
1358
1237
1121
1005
890.9
777.9
672.5
578.0
490.2
405.4
339.6
274.0
230.6
193.7
163.3
138.2
117.2
100.2
86.38
74.62
66.22
60.67
56.62
53.74
51.24
49.38
47.87
46.73
45.83
45.00
44.27
43.58
42.94
42.19
41.52
40.82
40.01
39.20
38.35
37.34
36.24
35.11
33.95
32.84
31.66
30.50
29.38
28.14
26.94
25.70
24.27
22.70
21.13
19.76
18.41
17.26
16.17
15.00
13.76
12.72
11.56
10.46
9.342
8.317
7.434
6.522
5.679
4.679
3.776
2.894
2.040
1.416
0.8369
0.4484
0.2299
0.1381
3599
3590
3548
3464
3345
3200
3030
2835
2637
2428
2214
2009
1814
1635
1485
1351
1226
1111
998.1
884.0
774.1
671.7
577.7
489.0
404.5
331.3
274.8
231.1
195.6
166.3
140.6
117.7
100.4
85.54
74.04
65.76
60.36
56.55
53.57
51.25
49.42
48.04
46.86
45.99
45.34
44.76
44.15
43.46
42.72
41.96
41.12
40.15
39.12
38.09
37.01
35.84
34.54
33.30
32.08
30.88
29.82
28.69
27.66
26.62
25.56
24.53
23.52
22.41
21.32
20.13
18.86
17.54
16.25
14.89
13.64
12.43
11.32
10.29
9.353
8.454
7.596
6.631
5.592
4.647
3.698
2.675
1.723
0.9871
0.5198
0.3786
0.3836
3597
3590
3547
3461
3339
3190
3024
2841
2645
2438
2224
2017
1823
1644
1492
1354
1228
1110
997.4
886.5
778.7
680.6
589.1
504.4
421.4
351.4
294.6
246.9
208.8
175.9
147.5
124.4
105.9
89.19
76.88
68.38
62.93
58.84
55.60
53.14
51.16
49.57
48.35
47.49
46.70
46.15
45.51
44.89
44.31
43.61
42.59
41.46
40.19
38.96
37.57
36.18
34.86
33.50
32.24
31.02
29.85
28.71
27.59
26.59
25.62
24.66
23.71
22.72
21.74
20.81
19.85
18.92
18.00
17.00
15.90
14.84
13.74
12.54
11.36
10.12
8.804
7.499
6.229
4.752
3.223
2.101
1.305
0.7687
0.3722
0.2635
0.2583
3595
3584
3536
3443
3326
3179
3012
2838
2639
2423
2205
1997
1804
1635
1487
1347
1214
1094
978.7
869.6
766.1
671.7
585.2
504.7
425.7
355.2
301.3
257.4
218.2
183.1
154.6
130.5
108.2
91.46
79.45
70.97
65.42
61.28
58.09
55.66
53.60
51.97
50.73
49.77
49.03
48.44
47.84
47.03
46.24
45.21
44.04
42.75
41.50
40.16
38.76
37.36
35.92
34.60
33.31
32.04
30.76
29.58
28.47
27.24
26.00
24.86
23.76
22.67
21.65
20.68
19.69
18.65
17.50
16.39
15.26
14.06
12.66
11.31
9.933
8.532
6.928
5.282
3.982
2.927
2.238
1.561
1.046
0.5793
0.3738
0.2404
0.1534
3590
3582
3534
3438
3324
3177
3023
2852
2658
2445
2224
2016
1818
1649
1496
1349
1214
1090
977.1
870.7
769.1
676.4
588.9
509.3
433.2
369.4
313.8
269.4
227.0
191.2
159.6
133.3
111.4
94.79
83.46
75.23
70.25
66.59
63.63
61.23
59.32
57.94
56.96
56.20
55.58
55.00
54.34
53.52
52.58
51.37
50.09
48.64
47.26
45.85
44.44
43.09
41.64
40.26
38.89
37.45
35.98
34.47
33.08
31.60
30.10
28.50
26.98
25.42
23.92
22.50
21.06
19.67
18.16
16.56
15.04
13.54
11.91
9.983
8.216
6.518
5.191
4.150
3.315
2.600
1.811
1.287
0.7644
0.4881
0.3115
0.1941
0.1458
3586
3575
3520
3431
3315
3177
3021
2850
2653
2439
2224
2012
1820
1653
1492
1340
1205
1077
962.5
857.5
760.7
670.4
584.8
506.2
435.9
372.8
316.5
267.5
224.3
189.2
158.2
132.5
110.9
95.55
85.39
78.69
74.77
72.15
70.30
69.00
68.19
67.76
67.76
68.10
68.58
69.03
69.37
69.64
69.72
69.56
69.28
68.80
68.26
67.64
66.82
65.82
64.66
63.50
62.32
61.05
59.39
57.23
54.76
52.14
49.16
45.97
42.98
40.29
37.44
34.52
31.58
28.19
24.83
22.32
19.91
16.07
13.42
9.590
7.472
6.058
4.904
4.093
3.294
2.512
1.929
1.248
0.8555
0.5963
0.4096
0.2685
0.1943
