SALVI
1
0
24
15.00
91
1.00

19-SNAP120

19-SNAP120.ldt
09 October 2019/AA
0
0
0
0
0
0
0
0
0
100.0
100.0
1.000
0.0
1
1
W
2060.7


0.0
0.622
0.700
0.753
0.801
0.833
0.868
0.887
0.908
0.934
0.950
0.0
15.0
30.0
45.0
60.0
75.0
90.0
105.0
120.0
135.0
150.0
165.0
180.0
195.0
210.0
225.0
240.0
255.0
270.0
285.0
300.0
315.0
330.0
345.0
0.0
1.0
2.0
3.0
4.0
5.0
6.0
7.0
8.0
9.0
10.0
11.0
12.0
13.0
14.0
15.0
16.0
17.0
18.0
19.0
20.0
21.0
22.0
23.0
24.0
25.0
26.0
27.0
28.0
29.0
30.0
31.0
32.0
33.0
34.0
35.0
36.0
37.0
38.0
39.0
40.0
41.0
42.0
43.0
44.0
45.0
46.0
47.0
48.0
49.0
50.0
51.0
52.0
53.0
54.0
55.0
56.0
57.0
58.0
59.0
60.0
61.0
62.0
63.0
64.0
65.0
66.0
67.0
68.0
69.0
70.0
71.0
72.0
73.0
74.0
75.0
76.0
77.0
78.0
79.0
80.0
81.0
82.0
83.0
84.0
85.0
86.0
87.0
88.0
89.0
90.0
2284
2275
2249
2208
2151
2081
1999
1909
1811
1707
1601
1493
1386
1282
1181
1083
990.4
903.2
821.8
746.1
676.4
612.0
553.3
500.3
451.8
408.4
369.3
334.5
303.3
275.9
252.2
229.5
210.5
193.7
178.9
165.8
154.4
144.5
135.7
127.9
121.0
115.0
109.6
104.8
100.5
96.73
93.29
90.16
87.30
84.74
82.32
80.05
77.90
75.82
73.83
71.85
69.92
68.01
66.08
64.17
62.17
60.17
58.11
56.00
53.86
51.69
49.48
47.27
45.03
42.76
40.43
38.14
35.82
33.53
31.21
28.92
26.66
24.42
22.26
20.15
18.11
16.11
14.19
12.37
10.64
9.034
7.562
6.263
5.031
3.820
2.717
2298
2280
2245
2196
2131
2054
1966
1871
1768
1662
1554
1445
1338
1234
1134
1037
947.8
862.5
783.1
710.4
643.1
581.1
525.3
474.5
428.2
387.2
350.2
318.0
287.8
262.6
238.7
218.3
200.4
184.5
170.6
158.3
147.6
138.0
129.6
122.2
115.7
109.7
104.6
99.90
95.72
91.93
88.48
85.35
82.45
79.76
77.27
74.90
72.66
70.48
68.42
66.36
64.38
62.36
60.42
58.44
56.46
54.50
52.48
50.44
48.41
46.38
44.30
42.26
40.19
38.12
36.04
34.00
31.93
29.87
27.84
25.80
23.78
21.82
19.93
18.06
16.26
14.48
12.76
11.14
9.606
8.218
6.894
5.720
4.627
3.574
2.608
2296
2268
2224
2165
2092
2008
1915
1814
1709
1600
1492
1383
1277
1175
1076
983.1
896.4
814.6
738.5
669.3
605.3
546.8
493.7
446.0
402.7
363.8
329.4
298.7
271.0
246.7
225.2
206.0
189.4
174.4
161.8
149.9
140.2
130.9
122.9
115.8
109.5
103.8
98.75
94.16
90.00
86.22
82.77
79.57
76.62
73.88
71.28
68.82
66.55
64.30
62.15
60.10
58.06
56.06
54.12
52.18
50.22
48.36
46.44
44.54
42.68
40.76
38.88
37.04
35.18
33.33
31.49
29.70
27.86
26.08
24.27
22.50
20.74
19.03
17.34
15.73
14.16
12.64
11.17
9.785
8.426
7.167
6.047
5.037
4.103
3.235
2.429
2297
2262
2211
2146
2068
1980
1883
1780
1672
1564
1454
1346
1240
1139
1042
951.1
866.2
786.4
712.5
645.1
583.3
526.9
476.0
429.8
388.2
351.1
318.8
288.3
262.7
238.6
217.9
199.5
183.5
169.1
156.6
145.4
135.6
126.8
119.1
112.2
106.1
100.5
95.55
91.02
86.94
83.20
79.77
76.60
73.69
70.93
68.36
65.92
63.59
61.37
59.23
57.18
55.20
53.22
51.33
49.45
47.58
45.76
43.93
42.11
40.33
38.53
36.74
34.99
33.23
31.48
29.76
28.06
26.35
24.66
23.01
21.33
19.68
18.08
16.50
14.96
13.48
12.02
10.63
9.287
8.078
6.877
5.789
4.801
3.902
3.062
2.293
2294
2252
2194
2123
2040
1947
1847
1742
1633
1522
1413
1305
1201
1102
1007
917.8
834.8
757.7
686.2
620.9
561.1
506.5
457.7
413.5
373.6
337.7
306.0
277.7
252.3
230.1
210.2
192.7
177.3
163.6
151.9
141.4
131.8
123.4
116.0
109.3
103.5
98.10
93.34
88.99
85.01
81.41
78.09
75.00
72.14
69.46
66.95
64.59
62.29
60.14
58.03
56.03
54.03
52.11
50.22
48.39
46.53
44.75
42.95
41.16
39.40
37.65
35.91
34.19
32.48
30.78
29.08
27.43
25.75
24.10
22.48
20.84
19.23
17.67
16.13
14.64
13.19
11.78
10.44
9.139
7.870
6.713
5.660
4.716
3.841
3.031
2.283
2295
2250
2190
2117
2031
1937
1836
1729
1619
1509
1399
1292
1188
1090
995.2
906.6
825.0
748.1
677.6
613.3
554.1
500.5
452.3
408.4
369.0
333.9
303.5
275.4
249.6
227.7
208.2
190.9
175.8
162.4
150.5
140.0
130.7
122.4
115.1
108.6
102.8
97.51
92.80
88.50
84.59
81.00
77.70
74.66
71.86
69.20
66.69
64.34
62.08
59.93
57.88
55.85
53.91
52.03
50.19
48.34
46.53
44.75
42.98
41.18
39.45
37.71
35.96
34.26
32.55
30.85
29.17
27.51
25.86
24.21
22.59
20.97
19.35
17.79
16.24
14.75
13.30
11.87
10.50
9.181
8.000
6.810
5.734
4.751
3.859
3.023
2.260
2292
2245
2183
2108
2021
1925
1823
1716
1606
1495
1387
1279
1176
1077
984.1
896.0
815.2
739.0
668.8
605.6
547.4
494.0
446.3
403.1
364.2
329.6
298.6
271.1
246.4
224.8
205.9
188.6
173.8
160.4
149.6
138.7
129.7
121.5
114.3
107.9
102.1
96.95
92.27
88.05
84.18
80.60
77.40
74.39
71.52
68.92
66.42
64.11
61.90
59.76
57.71
55.73
53.78
51.85
50.00
48.18
46.35
44.60
42.82
41.04
39.32
37.57
35.84
34.13
32.44
30.75
29.07
27.40
25.74
24.11
22.47
20.84
19.26
17.68
16.16
14.67
13.24
11.81
10.45
9.136
7.896
6.732
5.682
4.739
3.859
3.043
2.286
2295
2250
2190
2117
2031
1937
1836
1729
1619
1509
1399
1292
1188
1090
995.2
906.6
825.0
748.1
677.6
613.3
554.1
500.5
452.3
408.4
369.0
333.9
303.5
275.4
249.6
227.7
208.2
190.9
175.8
162.4
150.5
140.0
130.7
122.4
115.1
108.6
102.8
97.51
92.80
88.50
84.59
81.00
77.70
74.66
71.86
69.20
66.69
64.34
62.08
59.93
57.88
55.85
53.91
52.03
50.19
48.34
46.53
44.75
42.98
41.18
39.45
37.71
35.96
34.26
32.55
30.85
29.17
27.51
25.86
24.21
22.59
20.97
19.35
17.79
16.24
14.75
13.30
11.87
10.50
9.181
8.000
6.810
5.734
4.751
3.859
3.023
2.260
2294
2252
2194
2123
2040
1947
1847
1742
1633
1522
1413
1305
1201
1102
1007
917.8
834.8
757.7
686.2
620.9
561.1
506.5
457.7
413.5
373.6
337.7
306.0
277.7
252.3
230.1
210.2
192.7
177.3
163.6
151.9
141.4
131.8
123.4
116.0
109.3
103.5
98.10
93.34
88.99
85.01
81.41
78.09
75.00
72.14
69.46
66.95
64.59
62.29
60.14
58.03
56.03
54.03
52.11
50.22
48.39
46.53
44.75
42.95
41.16
39.40
37.65
35.91
34.19
32.48
30.78
29.08
27.43
25.75
24.10
22.48
20.84
19.23
17.67
16.13
14.64
13.19
11.78
10.44
9.139
7.870
6.713
5.660
4.716
3.841
3.031
2.283
2297
2262
2211
2146
2068
1980
1883
1780
1672
1564
1454
1346
1240
1139
1042
951.1
866.2
786.4
712.5
645.1
583.3
526.9
476.0
429.8
388.2
351.1
318.8
288.3
262.7
238.6
217.9
199.5
183.5
169.1
156.6
145.4
135.6
126.8
119.1
112.2
106.1
100.5
95.55
91.02
86.94
83.20
79.77
76.60
73.69
70.93
68.36
65.92
63.59
61.37
59.23
57.18
55.20
53.22
51.33
49.45
47.58
45.76
43.93
42.11
40.33
38.53
36.74
34.99
33.23
31.48
29.76
28.06
26.35
24.66
23.01
21.33
19.68
18.08
16.50
14.96
13.48
12.02
10.63
9.287
8.078
6.877
5.789
4.801
3.902
3.062
2.293
2296
2268
2224
2165
2092
2008
1915
1814
1709
1600
1492
1383
1277
1175
1076
983.1
896.4
814.6
738.5
669.3
605.3
546.8
493.7
446.0
402.7
363.8
329.4
298.7
271.0
246.7
225.2
206.0
189.4
174.4
161.8
149.9
140.2
130.9
122.9
115.8
109.5
103.8
98.75
94.16
90.00
86.22
82.77
79.57
76.62
73.88
71.28
68.82
66.55
64.30
62.15
60.10
58.06
56.06
54.12
52.18
50.22
48.36
46.44
44.54
42.68
40.76
38.88
37.04
35.18
33.33
31.49
29.70
27.86
26.08
24.27
22.50
20.74
19.03
17.34
15.73
14.16
12.64
11.17
9.785
8.426
7.167
6.047
5.037
4.103
3.235
2.429
2298
2280
2245
2196
2131
2054
1966
1871
1768
1662
1554
1445
1338
1234
1134
1037
947.8
862.5
783.1
710.4
643.1
581.1
525.3
474.5
428.2
387.2
350.2
318.0
287.8
262.6
238.7
218.3
200.4
184.5
170.6
158.3
147.6
138.0
129.6
122.2
115.7
109.7
104.6
99.90
95.72
91.93
88.48
85.35
82.45
79.76
77.27
74.90
72.66
70.48
68.42
66.36
64.38
62.36
60.42
58.44
56.46
54.50
52.48
50.44
48.41
46.38
44.30
42.26
40.19
38.12
36.04
34.00
31.93
29.87
27.84
25.80
23.78
21.82
19.93
18.06
16.26
14.48
12.76
11.14
9.606
8.218
6.894
5.720
4.627
3.574
2.608
2284
2275
2249
2208
2151
2081
1999
1909
1811
1707
1601
1493
1386
1282
1181
1083
990.4
903.2
821.8
746.1
676.4
612.0
553.3
500.3
451.8
408.4
369.3
334.5
303.3
275.9
252.2
229.5
210.5
193.7
178.9
165.8
154.4
144.5
135.7
127.9
121.0
115.0
109.6
104.8
100.5
96.73
93.29
90.16
87.30
84.74
82.32
80.05
77.90
75.82
73.83
71.85
69.92
68.01
66.08
64.17
62.17
60.17
58.11
56.00
53.86
51.69
49.48
47.27
45.03
42.76
40.43
38.14
35.82
33.53
31.21
28.92
26.66
24.42
22.26
20.15
18.11
16.11
14.19
12.37
10.64
9.034
7.562
6.263
5.031
3.820
2.717
2298
2298
2281
2248
2198
2135
2059
1972
1877
1775
1671
1564
1456
1349
1246
1145
1049
959.5
874.1
794.5
721.5
653.6
591.2
534.6
483.2
436.7
394.7
357.2
323.5
293.3
266.9
243.3
222.4
204.1
187.9
173.5
161.3
150.1
140.7
131.8
124.2
117.4
111.4
106.0
101.2
96.88
92.99
89.47
86.19
83.23
80.46
77.83
75.39
73.08
70.80
68.64
66.52
64.44
62.35
60.30
58.23
56.13
54.06
51.97
49.83
47.71
45.56
43.42
41.26
39.10
36.94
34.78
32.64
30.48
28.33
26.23
24.14
22.08
20.09
18.14
16.20
14.40
12.65
10.98
9.438
7.939
6.625
5.424
4.327
3.277
2.330
2296
2307
2301
2278
2238
2183
2115
2035
1945
1847
1745
1639
1531
1424
1320
1217
1118
1025
936.1
852.5
775.0
703.3
636.9
576.7
521.6
471.4
426.1
385.3
348.7
316.5
286.7
261.5
237.6
217.2
199.2
183.1
169.1
156.6
145.5
135.8
127.1
119.4
112.5
106.3
100.8
95.77
91.25
87.10
83.29
79.82
76.62
73.58
70.78
68.12
65.57
63.14
60.80
58.53
56.33
54.17
52.06
49.95
47.92
45.85
43.83
41.82
39.82
37.86
35.86
33.94
32.00
30.07
28.17
26.26
24.38
22.52
20.71
18.92
17.20
15.48
13.81
12.23
10.71
9.244
7.900
6.666
5.535
4.484
3.545
2.656
1.883
2297
2315
2316
2300
2267
2218
2155
2080
1994
1900
1799
1695
1589
1481
1376
1272
1171
1076
984.1
898.2
818.3
743.6
674.4
610.9
552.9
500.0
451.9
408.6
369.5
334.3
303.3
275.2
250.2
228.3
208.6
191.3
175.8
162.6
150.3
140.1
130.3
121.8
114.3
107.5
101.5
95.97
90.98
86.51
82.33
78.57
75.08
71.83
68.78
65.98
63.28
60.71
58.28
55.94
53.67
51.50
49.34
47.23
45.20
43.18
41.19
39.24
37.30
35.37
33.48
31.62
29.77
27.92
26.10
24.29
22.49
20.78
19.05
17.35
15.75
14.14
12.61
11.15
9.734
8.401
7.105
5.973
4.938
3.998
3.150
2.350
1.663
2294
2320
2329
2320
2295
2253
2196
2128
2046
1956
1858
1756
1650
1543
1437
1331
1229
1131
1037
948.4
865.6
787.6
715.1
649.0
587.8
531.7
480.9
435.0
393.1
355.6
322.8
292.1
266.1
241.5
220.4
201.6
185.1
170.3
157.2
145.8
135.5
126.2
118.1
110.8
104.2
98.32
92.99
88.13
83.73
79.70
76.00
72.56
69.39
66.40
63.61
60.96
58.44
56.02
53.70
51.46
49.27
47.13
45.05
43.03
41.03
39.08
37.13
35.21
33.33
31.46
29.62
27.81
25.98
24.18
22.39
20.65
18.93
17.25
15.65
14.04
12.49
11.02
9.594
8.253
7.037
5.887
4.836
3.888
3.014
2.203
1.539
2295
2324
2336
2331
2308
2270
2216
2149
2070
1981
1885
1783
1678
1571
1465
1360
1257
1158
1063
972.9
888.6
809.2
735.5
667.3
604.7
547.1
494.9
447.6
404.6
365.6
331.2
300.1
272.4
247.9
225.8
206.5
189.3
174.1
160.5
148.9
138.4
128.6
120.2
112.7
105.9
99.79
94.29
89.29
84.71
80.59
76.77
73.24
69.97
66.94
64.05
61.33
58.76
56.32
53.95
51.69
49.48
47.31
45.23
43.17
41.13
39.16
37.21
35.27
33.34
31.46
29.58
27.72
25.90
24.07
22.26
20.53
18.80
17.11
15.50
13.90
12.36
10.90
9.505
8.166
6.878
5.749
4.720
3.798
2.932
2.144
1.482
2292
2324
2338
2335
2315
2279
2227
2162
2085
1997
1902
1802
1698
1591
1484
1378
1275
1176
1080
989.1
903.9
823.2
748.2
679.4
616.1
557.3
504.0
455.9
412.1
372.8
337.6
306.1
279.2
252.4
230.3
210.4
192.8
177.2
163.4
151.1
140.2
130.5
121.8
114.2
107.2
101.0
95.36
90.23
85.58
81.32
77.49
73.88
70.52
67.39
64.51
61.75
59.16
56.64
54.26
51.95
49.71
47.51
45.39
43.33
41.28
39.27
37.33
35.36
33.46
31.56
29.69
27.84
25.98
24.16
22.36
20.62
18.88
17.19
15.54
13.95
12.38
10.91
9.489
8.125
6.923
5.773
4.718
3.768
2.869
2.071
1.433
2295
2324
2336
2331
2308
2270
2216
2149
2070
1981
1885
1783
1678
1571
1465
1360
1257
1158
1063
972.9
888.6
809.2
735.5
667.3
604.7
547.1
494.9
447.6
404.6
365.6
331.2
300.1
272.4
247.9
225.8
206.5
189.3
174.1
160.5
148.9
138.4
128.6
120.2
112.7
105.9
99.79
94.29
89.29
84.71
80.59
76.77
73.24
69.97
66.94
64.05
61.33
58.76
56.32
53.95
51.69
49.48
47.31
45.23
43.17
41.13
39.16
37.21
35.27
33.34
31.46
29.58
27.72
25.90
24.07
22.26
20.53
18.80
17.11
15.50
13.90
12.36
10.90
9.505
8.166
6.878
5.749
4.720
3.798
2.932
2.144
1.482
2294
2320
2329
2320
2295
2253
2196
2128
2046
1956
1858
1756
1650
1543
1437
1331
1229
1131
1037
948.4
865.6
787.6
715.1
649.0
587.8
531.7
480.9
435.0
393.1
355.6
322.8
292.1
266.1
241.5
220.4
201.6
185.1
170.3
157.2
145.8
135.5
126.2
118.1
110.8
104.2
98.32
92.99
88.13
83.73
79.70
76.00
72.56
69.39
66.40
63.61
60.96
58.44
56.02
53.70
51.46
49.27
47.13
45.05
43.03
41.03
39.08
37.13
35.21
33.33
31.46
29.62
27.81
25.98
24.18
22.39
20.65
18.93
17.25
15.65
14.04
12.49
11.02
9.594
8.253
7.037
5.887
4.836
3.888
3.014
2.203
1.539
2297
2315
2316
2300
2267
2218
2155
2080
1994
1900
1799
1695
1589
1481
1376
1272
1171
1076
984.1
898.2
818.3
743.6
674.4
610.9
552.9
500.0
451.9
408.6
369.5
334.3
303.3
275.2
250.2
228.3
208.6
191.3
175.8
162.6
150.3
140.1
130.3
121.8
114.3
107.5
101.5
95.97
90.98
86.51
82.33
78.57
75.08
71.83
68.78
65.98
63.28
60.71
58.28
55.94
53.67
51.50
49.34
47.23
45.20
43.18
41.19
39.24
37.30
35.37
33.48
31.62
29.77
27.92
26.10
24.29
22.49
20.78
19.05
17.35
15.75
14.14
12.61
11.15
9.734
8.401
7.105
5.973
4.938
3.998
3.150
2.350
1.663
2296
2307
2301
2278
2238
2183
2115
2035
1945
1847
1745
1639
1531
1424
1320
1217
1118
1025
936.1
852.5
775.0
703.3
636.9
576.7
521.6
471.4
426.1
385.3
348.7
316.5
286.7
261.5
237.6
217.2
199.2
183.1
169.1
156.6
145.5
135.8
127.1
119.4
112.5
106.3
100.8
95.77
91.25
87.10
83.29
79.82
76.62
73.58
70.78
68.12
65.57
63.14
60.80
58.53
56.33
54.17
52.06
49.95
47.92
45.85
43.83
41.82
39.82
37.86
35.86
33.94
32.00
30.07
28.17
26.26
24.38
22.52
20.71
18.92
17.20
15.48
13.81
12.23
10.71
9.244
7.900
6.666
5.535
4.484
3.545
2.656
1.883
2298
2298
2281
2248
2198
2135
2059
1972
1877
1775
1671
1564
1456
1349
1246
1145
1049
959.5
874.1
794.5
721.5
653.6
591.2
534.6
483.2
436.7
394.7
357.2
323.5
293.3
266.9
243.3
222.4
204.1
187.9
173.5
161.3
150.1
140.7
131.8
124.2
117.4
111.4
106.0
101.2
96.88
92.99
89.47
86.19
83.23
80.46
77.83
75.39
73.08
70.80
68.64
66.52
64.44
62.35
60.30
58.23
56.13
54.06
51.97
49.83
47.71
45.56
43.42
41.26
39.10
36.94
34.78
32.64
30.48
28.33
26.23
24.14
22.08
20.09
18.14
16.20
14.40
12.65
10.98
9.438
7.939
6.625
5.424
4.327
3.277
2.330
