SALVI
1
0
24
15.00
91
1.00

19-SNP080

19-SNAP080.ldt
25 June 2019/JVILADEVALL
760
309
225
320
60
0
0
0
0
100.0
100.0
1.000
0.0
1
1
LM
6329.8


0.0
0.228
0.313
0.403
0.482
0.540
0.633
0.686
0.737
0.798
0.836
0.0
15.0
30.0
45.0
60.0
75.0
90.0
105.0
120.0
135.0
150.0
165.0
180.0
195.0
210.0
225.0
240.0
255.0
270.0
285.0
300.0
315.0
330.0
345.0
0.0
1.0
2.0
3.0
4.0
5.0
6.0
7.0
8.0
9.0
10.0
11.0
12.0
13.0
14.0
15.0
16.0
17.0
18.0
19.0
20.0
21.0
22.0
23.0
24.0
25.0
26.0
27.0
28.0
29.0
30.0
31.0
32.0
33.0
34.0
35.0
36.0
37.0
38.0
39.0
40.0
41.0
42.0
43.0
44.0
45.0
46.0
47.0
48.0
49.0
50.0
51.0
52.0
53.0
54.0
55.0
56.0
57.0
58.0
59.0
60.0
61.0
62.0
63.0
64.0
65.0
66.0
67.0
68.0
69.0
70.0
71.0
72.0
73.0
74.0
75.0
76.0
77.0
78.0
79.0
80.0
81.0
82.0
83.0
84.0
85.0
86.0
87.0
88.0
89.0
90.0
183.4
183.3
183.2
183.0
182.7
182.4
181.9
181.5
181.1
180.8
180.5
180.2
179.8
179.4
179.0
178.5
178.2
177.8
177.5
177.1
176.6
176.1
175.9
175.9
176.4
177.2
178.3
179.5
180.5
181.5
182.4
183.3
184.3
185.6
186.8
188.6
190.5
192.8
195.4
198.2
200.7
203.1
205.3
206.9
208.5
209.8
211.0
212.5
213.6
214.8
216.1
216.9
217.8
218.6
219.2
220.3
221.2
221.9
222.2
222.7
221.7
221.3
220.7
220.9
221.3
217.5
211.0
206.4
201.0
193.5
182.5
171.2
161.3
147.7
131.9
119.2
110.0
99.82
85.38
62.47
45.10
27.00
18.75
14.36
11.18
8.673
6.936
5.721
4.631
3.727
2.873
183.6
184.5
185.5
186.3
187.1
188.0
188.7
189.4
190.2
191.0
192.0
192.8
193.6
194.3
195.2
196.2
197.1
198.2
199.3
200.4
201.4
202.6
204.0
205.7
207.9
210.2
212.8
215.4
218.0
220.6
223.1
225.6
227.9
230.5
233.4
236.3
239.2
242.1
245.3
248.8
252.2
255.5
258.2
260.6
262.7
264.7
266.1
267.8
269.5
271.8
274.2
276.5
278.4
280.6
282.5
283.5
284.1
285.0
285.4
286.0
286.2
286.3
285.7
285.8
286.8
286.8
284.8
279.5
272.6
261.1
244.9
226.6
213.1
197.0
180.0
163.1
149.4
133.9
103.9
74.04
51.78
35.55
23.76
17.96
13.63
10.71
8.385
6.796
5.494
4.366
3.346
183.8
185.7
187.7
189.6
191.4
193.3
195.0
196.6
198.3
200.0
201.7
203.4
205.0
206.7
208.2
209.9
211.7
214.1
216.6
219.4
222.2
225.1
228.0
231.2
234.4
237.8
241.4
245.2
249.0
252.6
256.2
259.6
262.8
265.9
268.7
271.6
274.4
277.4
280.7
283.4
286.3
289.0
291.2
293.8
296.4
299.6
303.1
305.9
308.6
311.4
314.1
317.3
320.5
323.9
327.4
330.2
333.2
335.9
338.1
340.2
342.1
344.4
346.5
349.6
354.7
357.6
359.9
358.4
353.4
346.1
337.9
324.8
305.2
283.4
260.7
237.0
213.8
189.3
152.1
116.7
76.72
55.05
38.90
27.56
20.27
14.56
10.05
7.936
6.345
5.062
3.766
183.8
186.6
189.4
192.2
194.9
197.4
199.8
202.2
204.3
206.3
208.4
210.6
213.1
216.2
219.8
223.8
227.8
231.7
235.7
239.6
243.5
247.3
251.0
254.8
258.7
262.3
266.0
269.6
273.1
276.5
279.9
283.3
286.6
290.0
293.5
297.0
300.7
304.0
306.8
309.0
311.0
313.0
314.5
315.6
316.9
318.2
319.8
321.6
323.2
325.0
326.9
328.7
330.8
332.7
334.8
336.7
338.2
339.2
340.0
340.6
340.6
339.6
337.9
335.6
331.1
325.6
316.2
304.0
288.9
265.2
241.9
218.7
195.0
169.4
144.9
119.4
103.1
85.16
62.87
42.18
31.39
25.45
21.22
17.87
14.74
11.91
8.853
6.972
5.644
4.618
3.515
184.1
187.6
191.1
194.5
197.9
200.9
203.5
205.9
208.2
210.7
213.7
217.8
222.6
227.7
233.0
238.1
242.8
247.0
251.0
254.9
258.9
263.3
267.6
272.1
276.2
280.4
284.6
288.7
292.5
296.2
299.9
303.5
306.6
309.4
312.2
314.7
316.0
316.2
316.6
316.6
316.4
316.4
316.2
316.3
316.2
315.9
315.7
315.6
315.5
314.5
312.9
311.2
309.9
308.2
306.7
305.3
302.7
298.4
293.7
289.7
283.8
275.7
266.6
256.9
247.4
235.9
221.6
205.3
191.7
176.6
156.9
139.7
124.4
112.0
99.14
87.02
73.64
56.88
45.59
34.35
28.73
22.88
18.68
15.65
12.89
10.37
8.076
6.438
5.271
4.348
3.405
184.0
187.9
191.9
195.6
199.3
202.6
205.4
207.9
210.6
213.8
218.3
223.9
229.7
235.5
241.0
245.8
250.2
254.5
259.1
264.1
269.1
274.1
278.7
283.3
287.6
291.6
295.3
299.2
302.7
306.3
309.3
312.0
314.2
316.2
317.9
319.0
318.8
319.1
319.0
318.0
317.0
315.5
314.3
313.5
313.1
313.0
312.1
310.7
309.6
308.3
307.1
306.0
305.1
302.6
298.0
293.9
289.0
281.6
271.8
260.0
247.1
233.3
218.2
204.8
192.1
176.9
166.8
154.1
137.9
127.6
118.9
111.3
101.6
91.60
81.59
71.85
64.17
55.25
47.12
36.28
28.65
23.05
19.18
16.21
12.78
9.879
7.940
6.378
5.229
4.300
3.329
184.3
188.4
192.5
196.4
200.2
203.5
206.2
208.8
211.7
215.6
220.9
226.9
233.1
239.1
244.5
249.1
253.4
258.0
263.2
268.7
274.0
279.2
283.9
288.4
292.4
296.1
299.9
303.4
307.1
310.4
313.2
315.1
316.7
318.2
319.6
319.3
318.6
318.5
317.6
316.5
315.3
314.5
314.2
314.2
314.8
314.5
313.8
313.5
312.8
311.4
310.5
309.1
306.1
300.7
296.9
291.5
282.9
272.0
258.9
245.1
229.9
213.7
198.8
184.6
170.7
160.4
152.0
141.2
131.8
120.9
109.7
100.6
93.04
86.65
83.60
81.85
74.38
61.79
47.82
39.24
31.14
22.68
18.55
15.52
12.06
9.229
7.495
6.184
5.056
4.193
3.334
184.0
187.9
191.9
195.6
199.3
202.6
205.4
207.9
210.6
213.8
218.3
223.9
229.7
235.5
241.0
245.8
250.2
254.5
259.1
264.1
269.1
274.1
278.7
283.3
287.6
291.6
295.3
299.2
302.7
306.3
309.3
312.0
314.2
316.2
317.9
319.0
318.8
319.1
319.0
318.0
317.0
315.5
314.3
313.5
313.1
313.0
312.1
310.7
309.6
308.3
307.1
306.0
305.1
302.6
298.0
293.9
289.0
281.6
271.8
260.0
247.1
233.3
218.2
204.8
192.1
176.9
166.8
154.1
137.9
127.6
118.9
111.3
101.6
91.60
81.59
71.85
64.17
55.25
47.12
36.28
28.65
23.05
19.18
16.21
12.78
9.879
7.940
6.378
5.229
4.300
3.329
184.1
187.6
191.1
194.5
197.9
200.9
203.5
205.9
208.2
210.7
213.7
217.8
222.6
227.7
233.0
238.1
242.8
247.0
251.0
254.9
258.9
263.3
267.6
272.1
276.2
280.4
284.6
288.7
292.5
296.2
299.9
303.5
306.6
309.4
312.2
314.7
316.0
316.2
316.6
316.6
316.4
316.4
316.2
316.3
316.2
315.9
315.7
315.6
315.5
314.5
312.9
311.2
309.9
308.2
306.7
305.3
302.7
298.4
293.7
289.7
283.8
275.7
266.6
256.9
247.4
235.9
221.6
205.3
191.7
176.6
156.9
139.7
124.4
112.0
99.14
87.02
73.64
56.88
45.59
34.35
28.73
22.88
18.68
15.65
12.89
10.37
8.076
6.438
5.271
4.348
3.405
183.8
186.6
189.4
192.2
194.9
197.4
199.8
202.2
204.3
206.3
208.4
210.6
213.1
216.2
219.8
223.8
227.8
231.7
235.7
239.6
243.5
247.3
251.0
254.8
258.7
262.3
266.0
269.6
273.1
276.5
279.9
283.3
286.6
290.0
293.5
297.0
300.7
304.0
306.8
309.0
311.0
313.0
314.5
315.6
316.9
318.2
319.8
321.6
323.2
325.0
326.9
328.7
330.8
332.7
334.8
336.7
338.2
339.2
340.0
340.6
340.6
339.6
337.9
335.6
331.1
325.6
316.2
304.0
288.9
265.2
241.9
218.7
195.0
169.4
144.9
119.4
103.1
85.16
62.87
42.18
31.39
25.45
21.22
17.87
14.74
11.91
8.853
6.972
5.644
4.618
3.515
183.8
185.7
187.7
189.6
191.4
193.3
195.0
196.6
198.3
200.0
201.7
203.4
205.0
206.7
208.2
209.9
211.7
214.1
216.6
219.4
222.2
225.1
228.0
231.2
234.4
237.8
241.4
245.2
249.0
252.6
256.2
259.6
262.8
265.9
268.7
271.6
274.4
277.4
280.7
283.4
286.3
289.0
291.2
293.8
296.4
299.6
303.1
305.9
308.6
311.4
314.1
317.3
320.5
323.9
327.4
330.2
333.2
335.9
338.1
340.2
342.1
344.4
346.5
349.6
354.7
357.6
359.9
358.4
353.4
346.1
337.9
324.8
305.2
283.4
260.7
237.0
213.8
189.3
152.1
116.7
76.72
55.05
38.90
27.56
20.27
14.56
10.05
7.936
6.345
5.062
3.766
183.6
184.5
185.5
186.3
187.1
188.0
188.7
189.4
190.2
191.0
192.0
192.8
193.6
194.3
195.2
196.2
197.1
198.2
199.3
200.4
201.4
202.6
204.0
205.7
207.9
210.2
212.8
215.4
218.0
220.6
223.1
225.6
227.9
230.5
233.4
236.3
239.2
242.1
245.3
248.8
252.2
255.5
258.2
260.6
262.7
264.7
266.1
267.8
269.5
271.8
274.2
276.5
278.4
280.6
282.5
283.5
284.1
285.0
285.4
286.0
286.2
286.3
285.7
285.8
286.8
286.8
284.8
279.5
272.6
261.1
244.9
226.6
213.1
197.0
180.0
163.1
149.4
133.9
103.9
74.04
51.78
35.55
23.76
17.96
13.63
10.71
8.385
6.796
5.494
4.366
3.346
183.4
183.3
183.2
183.0
182.7
182.4
181.9
181.5
181.1
180.8
180.5
180.2
179.8
179.4
179.0
178.5
178.2
177.8
177.5
177.1
176.6
176.1
175.9
175.9
176.4
177.2
178.3
179.5
180.5
181.5
182.4
183.3
184.3
185.6
186.8
188.6
190.5
192.8
195.4
198.2
200.7
203.1
205.3
206.9
208.5
209.8
211.0
212.5
213.6
214.8
216.1
216.9
217.8
218.6
219.2
220.3
221.2
221.9
222.2
222.7
221.7
221.3
220.7
220.9
221.3
217.5
211.0
206.4
201.0
193.5
182.5
171.2
161.3
147.7
131.9
119.2
110.0
99.82
85.38
62.47
45.10
27.00
18.75
14.36
11.18
8.673
6.936
5.721
4.631
3.727
2.873
183.6
182.5
181.3
180.3
179.1
178.1
177.0
175.9
174.8
173.7
172.6
171.7
170.6
169.5
168.5
167.4
166.5
165.5
164.5
163.5
162.4
161.0
159.5
157.9
156.3
154.8
153.3
151.9
150.7
149.5
148.5
147.5
146.5
145.4
144.6
143.8
143.3
143.1
143.4
143.9
144.2
144.5
144.8
145.0
144.9
144.5
144.2
144.1
143.9
143.9
143.3
143.1
142.6
141.7
140.8
139.6
138.4
136.1
134.0
131.6
129.0
126.3
123.5
121.3
118.7
116.9
112.0
104.9
96.44
89.23
81.46
75.83
70.49
64.91
58.22
52.17
45.11
38.04
31.56
24.81
19.92
16.26
13.75
11.51
9.289
7.238
5.781
4.743
3.996
3.255
2.600
183.8
181.8
180.0
178.4
176.9
175.7
174.6
173.6
172.5
171.4
170.2
169.0
167.9
166.7
165.3
163.9
162.4
160.9
159.6
158.6
157.7
157.1
156.4
155.5
154.4
153.1
151.8
150.2
148.4
146.8
145.1
143.3
141.5
139.8
138.0
136.3
134.7
132.8
130.8
128.7
126.7
124.8
122.8
120.9
118.8
116.9
114.8
112.8
111.0
109.2
107.5
105.6
104.1
102.6
100.8
98.95
97.00
94.80
92.29
89.92
87.75
85.58
84.02
82.55
78.96
74.26
68.25
65.16
62.89
59.27
54.74
53.81
46.67
41.96
38.77
34.24
30.18
26.05
21.88
19.16
16.95
14.97
13.26
11.09
8.845
6.488
5.027
4.104
3.475
2.860
2.281
183.8
181.1
178.9
177.2
175.9
174.8
174.0
173.2
172.4
171.7
170.9
170.1
169.2
168.5
168.2
168.5
169.2
169.8
170.5
171.2
171.7
172.1
172.4
172.6
172.6
172.6
172.3
171.8
171.2
170.7
170.1
169.3
168.4
167.2
165.7
164.0
162.2
160.2
158.0
155.7
153.3
150.3
147.6
144.9
141.9
138.8
135.6
132.4
129.5
126.9
124.0
120.8
117.4
114.3
111.3
108.3
105.2
101.9
98.66
95.56
92.76
89.99
87.33
83.93
80.22
76.78
72.67
71.02
65.20
60.41
56.81
54.82
51.56
46.76
41.95
37.51
34.23
28.74
24.49
20.36
17.81
14.75
12.36
9.968
7.856
5.888
4.674
3.879
3.247
2.659
2.146
184.1
180.9
178.4
176.7
175.7
175.0
174.4
174.1
173.8
173.5
173.3
173.5
174.5
176.3
178.8
181.7
184.5
187.4
190.0
192.5
194.9
197.1
199.0
201.0
203.3
205.6
207.8
209.8
211.7
213.2
214.7
216.6
218.4
219.9
220.8
221.1
221.0
220.8
219.9
218.5
216.3
213.8
210.6
206.8
202.5
198.1
193.5
188.6
183.9
179.4
174.8
170.3
166.4
161.9
157.2
152.9
148.3
143.7
138.7
133.7
129.3
125.7
122.0
118.2
115.6
109.2
102.4
95.12
87.86
81.46
74.83
68.68
63.63
56.80
51.32
47.13
39.49
33.61
29.02
22.58
16.83
13.69
11.51
9.518
7.449
5.820
4.673
3.862
3.170
2.527
1.951
184.0
180.5
178.0
176.5
175.7
175.4
175.3
175.5
175.9
176.3
177.2
179.1
182.2
185.9
190.1
194.7
199.1
203.5
207.7
211.6
215.3
219.4
223.8
228.3
232.9
237.8
242.4
246.9
252.0
257.1
262.0
266.3
269.8
272.5
275.3
277.1
277.5
276.7
275.4
273.5
270.3
266.1
260.9
254.8
248.6
243.0
237.0
231.2
224.8
218.5
211.8
205.8
199.7
193.8
187.9
181.4
175.0
168.8
162.5
157.1
152.0
146.8
144.7
140.9
134.0
124.9
111.4
103.2
97.14
92.64
87.43
79.90
69.63
63.94
56.92
50.72
43.84
35.80
27.15
20.37
16.18
13.77
11.18
8.932
7.002
5.654
4.572
3.777
3.093
2.401
1.843
184.3
180.6
178.0
176.6
175.8
175.7
175.9
176.3
177.0
177.9
179.5
182.4
186.4
191.1
196.1
201.4
206.4
211.5
216.3
220.8
225.3
230.2
235.4
240.7
246.6
252.9
258.7
265.3
271.8
278.1
284.2
289.8
294.6
299.0
302.6
305.0
305.9
306.0
304.9
302.2
298.3
293.7
288.3
282.6
276.4
269.6
262.4
255.4
248.3
240.9
233.8
226.9
219.6
212.2
204.3
196.7
189.4
182.6
176.0
169.9
163.2
157.5
154.1
145.8
140.8
130.4
122.8
111.9
103.0
93.64
84.26
76.16
69.12
63.80
60.70
51.19
37.17
29.13
22.86
17.00
14.49
12.00
10.11
8.542
6.850
5.506
4.446
3.627
2.960
2.323
1.757
184.0
180.5
178.0
176.5
175.7
175.4
175.3
175.5
175.9
176.3
177.2
179.1
182.2
185.9
190.1
194.7
199.1
203.5
207.7
211.6
215.3
219.4
223.8
228.3
232.9
237.8
242.4
246.9
252.0
257.1
262.0
266.3
269.8
272.5
275.3
277.1
277.5
276.7
275.4
273.5
270.3
266.1
260.9
254.8
248.6
243.0
237.0
231.2
224.8
218.5
211.8
205.8
199.7
193.8
187.9
181.4
175.0
168.8
162.5
157.1
152.0
146.8
144.7
140.9
134.0
124.9
111.4
103.2
97.14
92.64
87.43
79.90
69.63
63.94
56.92
50.72
43.84
35.80
27.15
20.37
16.18
13.77
11.18
8.932
7.002
5.654
4.572
3.777
3.093
2.401
1.843
184.1
180.9
178.4
176.7
175.7
175.0
174.4
174.1
173.8
173.5
173.3
173.5
174.5
176.3
178.8
181.7
184.5
187.4
190.0
192.5
194.9
197.1
199.0
201.0
203.3
205.6
207.8
209.8
211.7
213.2
214.7
216.6
218.4
219.9
220.8
221.1
221.0
220.8
219.9
218.5
216.3
213.8
210.6
206.8
202.5
198.1
193.5
188.6
183.9
179.4
174.8
170.3
166.4
161.9
157.2
152.9
148.3
143.7
138.7
133.7
129.3
125.7
122.0
118.2
115.6
109.2
102.4
95.12
87.86
81.46
74.83
68.68
63.63
56.80
51.32
47.13
39.49
33.61
29.02
22.58
16.83
13.69
11.51
9.518
7.449
5.820
4.673
3.862
3.170
2.527
1.951
183.8
181.1
178.9
177.2
175.9
174.8
174.0
173.2
172.4
171.7
170.9
170.1
169.2
168.5
168.2
168.5
169.2
169.8
170.5
171.2
171.7
172.1
172.4
172.6
172.6
172.6
172.3
171.8
171.2
170.7
170.1
169.3
168.4
167.2
165.7
164.0
162.2
160.2
158.0
155.7
153.3
150.3
147.6
144.9
141.9
138.8
135.6
132.4
129.5
126.9
124.0
120.8
117.4
114.3
111.3
108.3
105.2
101.9
98.66
95.56
92.76
89.99
87.33
83.93
80.22
76.78
72.67
71.02
65.20
60.41
56.81
54.82
51.56
46.76
41.95
37.51
34.23
28.74
24.49
20.36
17.81
14.75
12.36
9.968
7.856
5.888
4.674
3.879
3.247
2.659
2.146
183.8
181.8
180.0
178.4
176.9
175.7
174.6
173.6
172.5
171.4
170.2
169.0
167.9
166.7
165.3
163.9
162.4
160.9
159.6
158.6
157.7
157.1
156.4
155.5
154.4
153.1
151.8
150.2
148.4
146.8
145.1
143.3
141.5
139.8
138.0
136.3
134.7
132.8
130.8
128.7
126.7
124.8
122.8
120.9
118.8
116.9
114.8
112.8
111.0
109.2
107.5
105.6
104.1
102.6
100.8
98.95
97.00
94.80
92.29
89.92
87.75
85.58
84.02
82.55
78.96
74.26
68.25
65.16
62.89
59.27
54.74
53.81
46.67
41.96
38.77
34.24
30.18
26.05
21.88
19.16
16.95
14.97
13.26
11.09
8.845
6.488
5.027
4.104
3.475
2.860
2.281
183.6
182.5
181.3
180.3
179.1
178.1
177.0
175.9
174.8
173.7
172.6
171.7
170.6
169.5
168.5
167.4
166.5
165.5
164.5
163.5
162.4
161.0
159.5
157.9
156.3
154.8
153.3
151.9
150.7
149.5
148.5
147.5
146.5
145.4
144.6
143.8
143.3
143.1
143.4
143.9
144.2
144.5
144.8
145.0
144.9
144.5
144.2
144.1
143.9
143.9
143.3
143.1
142.6
141.7
140.8
139.6
138.4
136.1
134.0
131.6
129.0
126.3
123.5
121.3
118.7
116.9
112.0
104.9
96.44
89.23
81.46
75.83
70.49
64.91
58.22
52.17
45.11
38.04
31.56
24.81
19.92
16.26
13.75
11.51
9.289
7.238
5.781
4.743
3.996
3.255
2.600
