SALVI
1
0
24
15.00
181
1.00
21-ICE007
21-ICE007

21-ICE007.ldt
03 March 2021/AA
760
309
225
320
60
0
0
0
0
96.3
100.0
1.000
0.0
1
1
Wicop Y22
6420.0


52.4
0.137
0.215
0.302
0.383
0.444
0.546
0.607
0.664
0.733
0.777
0.0
15.0
30.0
45.0
60.0
75.0
90.0
105.0
120.0
135.0
150.0
165.0
180.0
195.0
210.0
225.0
240.0
255.0
270.0
285.0
300.0
315.0
330.0
345.0
0.0
1.0
2.0
3.0
4.0
5.0
6.0
7.0
8.0
9.0
10.0
11.0
12.0
13.0
14.0
15.0
16.0
17.0
18.0
19.0
20.0
21.0
22.0
23.0
24.0
25.0
26.0
27.0
28.0
29.0
30.0
31.0
32.0
33.0
34.0
35.0
36.0
37.0
38.0
39.0
40.0
41.0
42.0
43.0
44.0
45.0
46.0
47.0
48.0
49.0
50.0
51.0
52.0
53.0
54.0
55.0
56.0
57.0
58.0
59.0
60.0
61.0
62.0
63.0
64.0
65.0
66.0
67.0
68.0
69.0
70.0
71.0
72.0
73.0
74.0
75.0
76.0
77.0
78.0
79.0
80.0
81.0
82.0
83.0
84.0
85.0
86.0
87.0
88.0
89.0
90.0
91.0
92.0
93.0
94.0
95.0
96.0
97.0
98.0
99.0
100.0
101.0
102.0
103.0
104.0
105.0
106.0
107.0
108.0
109.0
110.0
111.0
112.0
113.0
114.0
115.0
116.0
117.0
118.0
119.0
120.0
121.0
122.0
123.0
124.0
125.0
126.0
127.0
128.0
129.0
130.0
131.0
132.0
133.0
134.0
135.0
136.0
137.0
138.0
139.0
140.0
141.0
142.0
143.0
144.0
145.0
146.0
147.0
148.0
149.0
150.0
151.0
152.0
153.0
154.0
155.0
156.0
157.0
158.0
159.0
160.0
161.0
162.0
163.0
164.0
165.0
166.0
167.0
168.0
169.0
170.0
171.0
172.0
173.0
174.0
175.0
176.0
177.0
178.0
179.0
180.0
131.5
130.8
131.5
130.0
130.0
130.4
129.2
127.9
126.2
125.8
127.3
125.9
124.6
124.9
123.0
123.8
125.4
126.2
121.6
118.9
118.2
117.3
116.9
116.4
116.4
119.8
121.0
123.3
130.6
134.2
136.1
140.9
148.9
160.4
165.8
177.3
184.1
190.3
200.2
206.5
214.9
223.8
227.3
235.5
246.3
254.8
256.3
262.5
264.0
272.1
282.3
282.6
289.8
291.5
292.1
291.0
296.7
290.2
280.4
278.2
257.4
247.6
248.1
254.7
252.1
246.6
235.4
212.9
197.6
185.3
166.9
154.4
138.3
114.1
94.21
76.95
69.62
77.45
70.11
57.58
50.23
45.08
34.88
33.04
28.64
29.84
26.70
18.01
16.53
15.61
14.91
15.26
16.13
18.15
20.74
17.20
16.94
16.59
14.60
12.33
9.910
9.778
8.497
9.579
7.970
6.984
7.111
6.629
6.564
5.968
5.758
5.372
5.060
5.064
4.803
4.582
4.492
4.096
3.796
3.685
3.477
3.304
3.064
2.948
2.809
2.725
2.658
2.602
2.554
2.518
2.486
2.453
2.427
2.399
2.370
2.339
2.305
2.266
2.218
2.166
2.119
2.079
2.060
2.027
1.999
1.979
1.952
1.939
1.935
1.932
1.931
1.925
1.918
1.909
1.898
1.886
1.871
1.856
1.835
1.818
1.794
1.774
1.753
1.732
1.715
1.693
1.672
1.653
1.634
1.615
1.598
1.583
1.569
1.559
1.547
1.539
1.533
1.530
1.529
1.528
1.526
130.8
130.7
132.2
131.5
131.4
131.2
130.4
130.4
129.7
130.0
130.2
130.9
130.8
131.1
130.9
130.4
132.3
131.1
130.4
129.4
125.3
125.1
127.5
127.8
130.4
132.4
138.4
139.4
141.5
144.5
152.5
155.3
167.5
172.4
188.3
191.1
206.2
216.4
227.4
233.9
256.2
279.8
263.9
277.1
293.7
296.6
314.1
317.8
305.6
311.4
316.3
319.2
322.7
319.3
315.2
311.8
308.4
304.0
291.9
292.9
295.6
298.1
289.1
288.6
279.1
258.2
241.1
221.4
214.3
204.6
202.4
177.0
148.9
128.0
114.4
96.12
74.63
65.27
59.21
49.48
45.27
39.79
32.26
29.64
25.52
23.88
21.01
18.42
16.62
15.52
15.05
15.82
20.40
22.42
21.32
20.45
17.88
14.50
14.14
12.30
10.46
10.29
8.601
9.395
8.530
7.208
7.856
6.646
6.075
6.030
5.396
5.301
5.129
4.920
4.624
4.455
4.389
4.043
3.913
3.622
3.467
3.240
3.062
2.920
2.779
2.677
2.590
2.512
2.444
2.379
2.326
2.281
2.234
2.181
2.134
2.085
2.029
1.972
1.913
1.855
1.792
1.736
1.702
1.680
1.645
1.605
1.600
1.577
1.582
1.585
1.588
1.590
1.588
1.587
1.587
1.587
1.585
1.583
1.580
1.578
1.575
1.572
1.569
1.569
1.568
1.559
1.553
1.552
1.547
1.546
1.546
1.548
1.549
1.551
1.552
1.557
1.562
1.568
1.574
1.582
1.579
130.9
131.4
132.8
132.4
134.6
135.4
134.7
133.6
135.0
135.1
134.1
135.8
135.2
134.5
140.0
138.5
139.3
139.0
138.2
137.9
137.3
138.0
139.3
140.8
144.4
148.7
152.0
149.4
153.8
164.0
160.1
163.1
175.3
185.3
194.8
210.1
214.0
238.0
260.0
269.5
282.6
302.7
308.2
290.9
308.9
322.4
316.9
328.4
333.5
338.8
348.6
357.3
356.5
356.4
372.0
367.7
365.4
364.9
355.2
351.6
339.6
330.2
338.8
352.3
354.3
323.4
292.3
264.6
256.5
239.7
216.6
188.8
147.1
122.5
103.9
88.72
70.48
58.78
47.41
37.86
29.33
25.41
23.23
21.49
21.06
20.07
18.72
17.40
16.36
15.87
15.40
16.01
20.24
22.16
21.94
20.97
18.51
16.03
14.91
12.14
10.69
9.695
9.131
9.270
8.401
6.946
6.978
6.429
6.188
5.780
5.418
5.632
4.973
4.807
4.619
4.362
3.995
3.844
3.708
3.484
3.279
3.077
2.939
2.799
2.668
2.570
2.488
2.411
2.348
2.291
2.238
2.190
2.139
2.089
2.038
1.983
1.924
1.871
1.807
1.736
1.665
1.603
1.555
1.505
1.467
1.443
1.432
1.398
1.394
1.397
1.399
1.407
1.412
1.413
1.415
1.418
1.421
1.426
1.431
1.433
1.439
1.443
1.447
1.454
1.464
1.467
1.468
1.472
1.475
1.480
1.484
1.490
1.499
1.509
1.518
1.529
1.544
1.554
1.575
1.582
1.596
130.8
131.6
132.4
132.4
134.6
136.3
135.9
136.1
138.0
138.9
139.4
141.7
143.1
144.3
146.7
147.2
149.5
151.3
153.1
151.4
151.4
149.9
155.6
155.4
157.7
165.0
168.4
171.7
177.3
177.4
181.2
183.2
191.0
200.1
207.1
202.7
209.1
216.8
231.9
239.6
242.3
267.0
288.5
287.9
283.0
286.4
296.5
295.2
304.0
327.5
338.8
344.7
362.5
374.8
392.8
399.9
407.3
397.7
397.3
410.2
417.3
420.0
440.1
468.3
505.2
500.6
485.4
463.6
432.3
390.2
345.5
284.4
227.6
168.6
131.3
96.93
75.58
56.78
41.64
33.18
28.03
24.53
22.55
21.58
21.13
20.82
20.15
18.70
17.54
16.26
15.51
16.29
18.22
22.04
19.46
17.17
17.09
14.87
13.13
11.64
10.04
9.170
9.259
8.440
7.295
7.462
7.174
6.650
6.299
5.894
5.505
5.279
5.172
4.805
4.500
4.168
3.949
3.822
3.580
3.356
3.290
3.040
2.881
2.736
2.593
2.488
2.396
2.320
2.253
2.197
2.146
2.101
2.060
2.011
1.956
1.898
1.834
1.762
1.685
1.607
1.530
1.459
1.394
1.351
1.306
1.276
1.263
1.238
1.243
1.253
1.258
1.268
1.274
1.280
1.290
1.297
1.304
1.312
1.321
1.330
1.339
1.347
1.356
1.370
1.387
1.396
1.406
1.416
1.431
1.438
1.451
1.466
1.485
1.501
1.518
1.537
1.557
1.576
1.598
1.617
1.628
130.8
132.0
132.9
135.4
134.7
137.1
138.2
140.7
142.2
144.2
145.8
148.4
149.5
149.8
153.7
155.4
157.6
163.0
165.9
164.7
165.2
166.2
175.2
175.5
179.5
183.0
182.0
187.5
191.8
196.1
202.0
204.4
208.0
214.9
222.4
234.0
244.8
254.3
260.6
270.6
291.1
303.1
320.0
319.1
331.7
327.7
340.1
341.6
346.7
356.8
360.8
373.1
370.7
377.7
386.9
389.1
396.5
407.9
412.2
417.2
427.7
423.8
446.5
469.3
472.6
468.2
460.9
443.4
399.3
368.7
340.7
276.4
209.6
143.6
122.9
119.4
81.78
57.63
48.17
37.50
29.19
26.09
23.69
21.21
20.69
20.23
19.23
17.78
16.65
17.09
17.78
19.19
19.97
21.50
23.71
20.36
17.41
17.32
16.33
13.54
11.34
8.795
9.623
8.941
7.590
6.842
6.645
6.160
5.967
5.888
5.262
5.135
5.069
4.700
4.308
3.910
3.731
3.607
3.401
3.177
3.095
2.961
2.844
2.710
2.531
2.432
2.343
2.263
2.194
2.131
2.079
2.027
1.977
1.925
1.869
1.804
1.740
1.672
1.601
1.522
1.440
1.362
1.294
1.238
1.210
1.193
1.136
1.121
1.119
1.121
1.128
1.140
1.149
1.159
1.168
1.176
1.191
1.202
1.214
1.225
1.237
1.250
1.263
1.283
1.300
1.316
1.331
1.354
1.364
1.382
1.398
1.418
1.442
1.464
1.485
1.509
1.539
1.562
1.588
1.614
1.638
130.7
132.1
132.7
134.8
136.8
138.2
140.5
140.7
143.9
147.6
149.5
151.1
154.2
155.5
160.4
165.8
167.7
173.2
173.2
175.5
172.5
177.3
178.7
183.5
186.3
185.1
192.0
195.6
196.0
203.7
201.1
206.8
214.2
221.4
230.4
240.8
247.0
267.1
288.0
272.8
278.5
310.7
311.0
317.4
338.8
355.8
351.6
352.1
346.6
352.3
363.9
366.7
376.5
380.7
397.2
404.2
409.7
411.3
411.2
410.6
408.4
405.1
405.9
420.4
422.4
409.3
377.2
356.4
330.7
277.2
249.0
234.2
177.8
148.7
129.7
106.8
75.26
50.26
42.42
38.95
31.55
28.58
25.79
23.88
23.69
22.77
18.62
17.32
16.26
15.06
15.85
20.32
24.55
26.41
22.92
24.71
18.95
16.25
15.58
13.18
12.01
8.869
9.790
10.48
8.192
7.276
7.216
7.189
6.214
5.640
6.049
4.889
5.052
4.407
4.112
3.882
3.803
3.582
3.314
3.214
3.077
2.889
2.761
2.628
2.487
2.390
2.309
2.234
2.167
2.104
2.050
1.996
1.961
1.890
1.828
1.763
1.702
1.623
1.543
1.460
1.373
1.296
1.228
1.171
1.137
1.121
1.064
1.058
1.064
1.074
1.085
1.095
1.104
1.116
1.128
1.139
1.151
1.165
1.178
1.192
1.206
1.219
1.234
1.255
1.278
1.294
1.311
1.328
1.348
1.368
1.386
1.412
1.439
1.464
1.491
1.519
1.548
1.577
1.608
1.634
1.654
130.8
132.1
132.6
134.3
137.4
139.4
141.2
142.4
146.5
144.8
149.5
152.3
154.3
163.5
159.8
169.9
166.2
174.4
182.6
174.0
177.9
176.0
180.2
184.5
184.1
189.0
187.4
199.9
198.9
209.4
215.1
207.0
226.1
225.2
240.7
249.0
233.6
243.8
245.1
258.5
264.6
274.1
294.2
300.3
310.7
327.4
336.0
337.4
336.0
346.3
363.6
365.7
381.8
398.6
434.3
456.5
476.4
475.7
471.7
460.8
445.4
438.9
416.1
408.3
399.4
397.4
365.8
354.1
296.4
233.3
196.7
189.6
153.1
112.8
85.38
70.85
53.03
47.52
42.12
36.84
34.32
30.73
27.49
25.17
26.21
28.42
18.56
16.80
15.69
14.72
15.22
16.18
18.35
27.73
30.30
25.95
20.88
20.49
17.20
13.78
11.73
8.695
9.950
11.41
8.020
7.285
6.980
7.208
5.596
6.394
5.267
5.526
5.258
4.331
4.172
3.980
3.723
3.463
3.218
3.087
3.131
2.793
2.712
2.547
2.449
2.361
2.284
2.228
2.160
2.088
2.034
1.987
1.943
1.886
1.831
1.764
1.693
1.612
1.523
1.435
1.346
1.272
1.206
1.159
1.129
1.100
1.051
1.039
1.036
1.038
1.048
1.061
1.072
1.080
1.095
1.107
1.121
1.133
1.146
1.159
1.173
1.188
1.211
1.224
1.245
1.268
1.282
1.299
1.320
1.340
1.362
1.389
1.415
1.443
1.467
1.496
1.529
1.559
1.588
1.616
1.642
130.7
132.1
132.7
134.8
136.8
138.2
140.5
140.7
143.9
147.6
149.5
151.1
154.2
155.5
160.4
165.8
167.7
173.2
173.2
175.5
172.5
177.3
178.7
183.5
186.3
185.1
192.0
195.6
196.0
203.7
201.1
206.8
214.2
221.4
230.4
240.8
247.0
267.1
288.0
272.8
278.5
310.7
311.0
317.4
338.8
355.8
351.6
352.1
346.6
352.3
363.9
366.7
376.5
380.7
397.2
404.2
409.7
411.3
411.2
410.6
408.4
405.1
405.9
420.4
422.4
409.3
377.2
356.4
330.7
277.2
249.0
234.2
177.8
148.7
129.7
106.8
75.26
50.26
42.42
38.95
31.55
28.58
25.79
23.88
23.69
22.77
18.62
17.32
16.26
15.06
15.85
20.32
24.55
26.41
22.92
24.71
18.95
16.25
15.58
13.18
12.01
8.869
9.790
10.48
8.192
7.276
7.216
7.189
6.214
5.640
6.049
4.889
5.052
4.407
4.112
3.882
3.803
3.582
3.314
3.214
3.077
2.889
2.761
2.628
2.487
2.390
2.309
2.234
2.167
2.104
2.050
1.996
1.961
1.890
1.828
1.763
1.702
1.623
1.543
1.460
1.373
1.296
1.228
1.171
1.137
1.121
1.064
1.058
1.064
1.074
1.085
1.095
1.104
1.116
1.128
1.139
1.151
1.165
1.178
1.192
1.206
1.219
1.234
1.255
1.278
1.294
1.311
1.328
1.348
1.368
1.386
1.412
1.439
1.464
1.491
1.519
1.548
1.577
1.608
1.634
1.654
130.8
132.0
132.9
135.4
134.7
137.1
138.2
140.7
142.2
144.2
145.8
148.4
149.5
149.8
153.7
155.4
157.6
163.0
165.9
164.7
165.2
166.2
175.2
175.5
179.5
183.0
182.0
187.5
191.8
196.1
202.0
204.4
208.0
214.9
222.4
234.0
244.8
254.3
260.6
270.6
291.1
303.1
320.0
319.1
331.7
327.7
340.1
341.6
346.7
356.8
360.8
373.1
370.7
377.7
386.9
389.1
396.5
407.9
412.2
417.2
427.7
423.8
446.5
469.3
472.6
468.2
460.9
443.4
399.3
368.7
340.7
276.4
209.6
143.6
122.9
119.4
81.78
57.63
48.17
37.50
29.19
26.09
23.69
21.21
20.69
20.23
19.23
17.78
16.65
17.09
17.78
19.19
19.97
21.50
23.71
20.36
17.41
17.32
16.33
13.54
11.34
8.795
9.623
8.941
7.590
6.842
6.645
6.160
5.967
5.888
5.262
5.135
5.069
4.700
4.308
3.910
3.731
3.607
3.401
3.177
3.095
2.961
2.844
2.710
2.531
2.432
2.343
2.263
2.194
2.131
2.079
2.027
1.977
1.925
1.869
1.804
1.740
1.672
1.601
1.522
1.440
1.362
1.294
1.238
1.210
1.193
1.136
1.121
1.119
1.121
1.128
1.140
1.149
1.159
1.168
1.176
1.191
1.202
1.214
1.225
1.237
1.250
1.263
1.283
1.300
1.316
1.331
1.354
1.364
1.382
1.398
1.418
1.442
1.464
1.485
1.509
1.539
1.562
1.588
1.614
1.638
130.8
131.6
132.4
132.4
134.6
136.3
135.9
136.1
138.0
138.9
139.4
141.7
143.1
144.3
146.7
147.2
149.5
151.3
153.1
151.4
151.4
149.9
155.6
155.4
157.7
165.0
168.4
171.7
177.3
177.4
181.2
183.2
191.0
200.1
207.1
202.7
209.1
216.8
231.9
239.6
242.3
267.0
288.5
287.9
283.0
286.4
296.5
295.2
304.0
327.5
338.8
344.7
362.5
374.8
392.8
399.9
407.3
397.7
397.3
410.2
417.3
420.0
440.1
468.3
505.2
500.6
485.4
463.6
432.3
390.2
345.5
284.4
227.6
168.6
131.3
96.93
75.58
56.78
41.64
33.18
28.03
24.53
22.55
21.58
21.13
20.82
20.15
18.70
17.54
16.26
15.51
16.29
18.22
22.04
19.46
17.17
17.09
14.87
13.13
11.64
10.04
9.170
9.259
8.440
7.295
7.462
7.174
6.650
6.299
5.894
5.505
5.279
5.172
4.805
4.500
4.168
3.949
3.822
3.580
3.356
3.290
3.040
2.881
2.736
2.593
2.488
2.396
2.320
2.253
2.197
2.146
2.101
2.060
2.011
1.956
1.898
1.834
1.762
1.685
1.607
1.530
1.459
1.394
1.351
1.306
1.276
1.263
1.238
1.243
1.253
1.258
1.268
1.274
1.280
1.290
1.297
1.304
1.312
1.321
1.330
1.339
1.347
1.356
1.370
1.387
1.396
1.406
1.416
1.431
1.438
1.451
1.466
1.485
1.501
1.518
1.537
1.557
1.576
1.598
1.617
1.628
130.9
131.4
132.8
132.4
134.6
135.4
134.7
133.6
135.0
135.1
134.1
135.8
135.2
134.5
140.0
138.5
139.3
139.0
138.2
137.9
137.3
138.0
139.3
140.8
144.4
148.7
152.0
149.4
153.8
164.0
160.1
163.1
175.3
185.3
194.8
210.1
214.0
238.0
260.0
269.5
282.6
302.7
308.2
290.9
308.9
322.4
316.9
328.4
333.5
338.8
348.6
357.3
356.5
356.4
372.0
367.7
365.4
364.9
355.2
351.6
339.6
330.2
338.8
352.3
354.3
323.4
292.3
264.6
256.5
239.7
216.6
188.8
147.1
122.5
103.9
88.72
70.48
58.78
47.41
37.86
29.33
25.41
23.23
21.49
21.06
20.07
18.72
17.40
16.36
15.87
15.40
16.01
20.24
22.16
21.94
20.97
18.51
16.03
14.91
12.14
10.69
9.695
9.131
9.270
8.401
6.946
6.978
6.429
6.188
5.780
5.418
5.632
4.973
4.807
4.619
4.362
3.995
3.844
3.708
3.484
3.279
3.077
2.939
2.799
2.668
2.570
2.488
2.411
2.348
2.291
2.238
2.190
2.139
2.089
2.038
1.983
1.924
1.871
1.807
1.736
1.665
1.603
1.555
1.505
1.467
1.443
1.432
1.398
1.394
1.397
1.399
1.407
1.412
1.413
1.415
1.418
1.421
1.426
1.431
1.433
1.439
1.443
1.447
1.454
1.464
1.467
1.468
1.472
1.475
1.480
1.484
1.490
1.499
1.509
1.518
1.529
1.544
1.554
1.575
1.582
1.596
130.8
130.7
132.2
131.5
131.4
131.2
130.4
130.4
129.7
130.0
130.2
130.9
130.8
131.1
130.9
130.4
132.3
131.1
130.4
129.4
125.3
125.1
127.5
127.8
130.4
132.4
138.4
139.4
141.5
144.5
152.5
155.3
167.5
172.4
188.3
191.1
206.2
216.4
227.4
233.9
256.2
279.8
263.9
277.1
293.7
296.6
314.1
317.8
305.6
311.4
316.3
319.2
322.7
319.3
315.2
311.8
308.4
304.0
291.9
292.9
295.6
298.1
289.1
288.6
279.1
258.2
241.1
221.4
214.3
204.6
202.4
177.0
148.9
128.0
114.4
96.12
74.63
65.27
59.21
49.48
45.27
39.79
32.26
29.64
25.52
23.88
21.01
18.42
16.62
15.52
15.05
15.82
20.40
22.42
21.32
20.45
17.88
14.50
14.14
12.30
10.46
10.29
8.601
9.395
8.530
7.208
7.856
6.646
6.075
6.030
5.396
5.301
5.129
4.920
4.624
4.455
4.389
4.043
3.913
3.622
3.467
3.240
3.062
2.920
2.779
2.677
2.590
2.512
2.444
2.379
2.326
2.281
2.234
2.181
2.134
2.085
2.029
1.972
1.913
1.855
1.792
1.736
1.702
1.680
1.645
1.605
1.600
1.577
1.582
1.585
1.588
1.590
1.588
1.587
1.587
1.587
1.585
1.583
1.580
1.578
1.575
1.572
1.569
1.569
1.568
1.559
1.553
1.552
1.547
1.546
1.546
1.548
1.549
1.551
1.552
1.557
1.562
1.568
1.574
1.582
1.579
131.5
130.8
131.5
130.0
130.0
130.4
129.2
127.9
126.2
125.8
127.3
125.9
124.6
124.9
123.0
123.8
125.4
126.2
121.6
118.9
118.2
117.3
116.9
116.4
116.4
119.8
121.0
123.3
130.6
134.2
136.1
140.9
148.9
160.4
165.8
177.3
184.1
190.3
200.2
206.5
214.9
223.8
227.3
235.5
246.3
254.8
256.3
262.5
264.0
272.1
282.3
282.6
289.8
291.5
292.1
291.0
296.7
290.2
280.4
278.2
257.4
247.6
248.1
254.7
252.1
246.6
235.4
212.9
197.6
185.3
166.9
154.4
138.3
114.1
94.21
76.95
69.62
77.45
70.11
57.58
50.23
45.08
34.88
33.04
28.64
29.84
26.70
18.01
16.53
15.61
14.91
15.26
16.13
18.15
20.74
17.20
16.94
16.59
14.60
12.33
9.910
9.778
8.497
9.579
7.970
6.984
7.111
6.629
6.564
5.968
5.758
5.372
5.060
5.064
4.803
4.582
4.492
4.096
3.796
3.685
3.477
3.304
3.064
2.948
2.809
2.725
2.658
2.602
2.554
2.518
2.486
2.453
2.427
2.399
2.370
2.339
2.305
2.266
2.218
2.166
2.119
2.079
2.060
2.027
1.999
1.979
1.952
1.939
1.935
1.932
1.931
1.925
1.918
1.909
1.898
1.886
1.871
1.856
1.835
1.818
1.794
1.774
1.753
1.732
1.715
1.693
1.672
1.653
1.634
1.615
1.598
1.583
1.569
1.559
1.547
1.539
1.533
1.530
1.529
1.528
1.526
130.8
130.0
130.1
128.3
128.7
126.3
126.5
125.6
123.8
122.6
122.5
120.4
118.3
119.1
118.7
118.3
118.7
116.0
116.5
110.6
112.6
107.5
109.1
108.5
109.4
106.5
108.3
110.6
109.5
112.7
115.8
115.2
118.0
126.1
130.3
138.6
146.7
139.9
147.0
155.7
170.8
187.4
186.5
200.0
197.5
205.2
215.7
218.2
220.9
220.7
224.0
224.2
227.0
229.3
227.4
222.4
218.5
215.3
212.4
205.2
200.9
211.9
217.0
209.7
200.6
189.1
184.9
182.2
175.2
167.7
158.5
144.7
120.8
109.2
94.76
82.32
72.42
67.32
62.23
52.68
44.62
41.64
33.36
30.76
26.12
23.73
20.40
17.23
16.29
15.09
14.51
14.67
18.42
25.31
19.48
18.59
16.38
14.81
13.97
11.65
9.903
9.104
8.227
8.616
8.800
6.910
7.151
7.089
6.305
6.269
5.802
5.664
5.271
4.790
4.586
4.454
4.413
4.172
4.120
3.730
3.469
3.259
3.119
3.036
2.900
2.817
2.763
2.722
2.690
2.669
2.651
2.647
2.645
2.642
2.635
2.629
2.613
2.596
2.569
2.538
2.509
2.482
2.464
2.444
2.413
2.388
2.376
2.360
2.357
2.355
2.344
2.332
2.313
2.290
2.268
2.243
2.216
2.185
2.153
2.119
2.085
2.050
2.015
1.979
1.943
1.909
1.876
1.846
1.814
1.784
1.756
1.730
1.706
1.683
1.661
1.645
1.631
1.621
1.604
1.596
1.589
130.9
129.7
128.0
127.5
125.8
125.9
122.1
121.3
121.1
119.7
118.6
115.7
115.9
111.7
111.5
111.5
109.3
108.6
108.3
102.7
101.6
100.3
99.72
99.15
97.78
99.21
98.52
96.49
98.23
98.68
99.17
99.59
100.4
103.1
105.3
109.7
110.4
114.2
120.2
117.1
115.5
117.8
124.3
124.8
129.8
132.1
137.7
138.7
142.9
146.4
149.5
150.5
152.1
152.7
157.3
156.7
149.5
142.0
140.8
136.2
137.4
149.4
148.1
151.3
141.0
132.1
124.4
124.2
126.0
119.9
110.5
95.71
85.44
75.53
69.97
61.85
52.18
51.69
42.14
34.52
30.58
27.05
23.69
20.35
19.68
19.64
18.07
16.28
15.35
14.99
14.74
15.64
16.56
15.64
13.05
12.41
12.92
12.87
12.60
11.20
10.11
9.043
8.380
8.002
7.192
6.883
6.560
6.914
6.315
6.516
5.951
5.695
5.755
5.169
4.932
4.773
4.548
4.229
4.068
3.868
3.542
3.375
3.276
3.186
3.005
2.910
2.852
2.818
2.803
2.802
2.803
2.815
2.827
2.848
2.858
2.854
2.849
2.837
2.819
2.795
2.770
2.738
2.713
2.676
2.646
2.614
2.589
2.563
2.547
2.534
2.518
2.493
2.468
2.438
2.405
2.373
2.338
2.302
2.262
2.223
2.182
2.141
2.104
2.065
2.027
1.988
1.954
1.919
1.885
1.853
1.819
1.786
1.756
1.730
1.705
1.680
1.664
1.646
1.623
1.616
1.611
130.8
129.4
127.4
126.0
123.5
123.4
120.3
119.9
117.5
117.2
112.3
112.2
109.3
109.4
106.8
105.9
104.7
105.1
102.3
99.30
97.68
96.65
92.54
93.22
90.12
90.08
87.62
90.53
90.49
89.08
88.41
88.81
89.96
89.58
90.58
91.20
90.24
90.31
92.14
95.31
90.81
93.54
93.57
94.55
99.96
96.28
99.66
98.08
98.50
102.5
101.7
103.9
104.8
108.8
101.8
98.86
99.83
96.80
100.5
97.79
103.9
107.1
112.2
110.7
104.5
105.4
102.6
104.7
98.75
95.65
86.29
82.98
72.42
64.25
56.83
51.56
45.05
36.39
31.18
28.94
26.90
25.12
22.29
20.00
18.77
17.94
16.66
15.97
15.30
14.31
14.51
14.04
15.60
15.59
13.79
13.99
12.78
11.22
10.10
9.286
8.742
8.353
8.492
8.346
7.232
6.990
6.460
6.772
6.740
6.500
6.554
5.822
5.576
5.317
5.128
4.797
4.558
4.662
4.162
3.854
3.749
3.459
3.372
3.185
3.093
3.022
2.977
2.952
2.943
2.946
2.970
3.006
3.048
3.083
3.103
3.109
3.109
3.105
3.087
3.062
3.033
2.999
2.963
2.924
2.881
2.840
2.806
2.778
2.756
2.731
2.702
2.666
2.627
2.592
2.552
2.514
2.475
2.433
2.390
2.344
2.299
2.253
2.212
2.168
2.125
2.086
2.046
2.012
1.975
1.937
1.903
1.870
1.837
1.804
1.775
1.750
1.725
1.701
1.674
1.655
1.637
130.8
128.8
127.2
126.0
123.1
122.0
119.0
118.6
117.2
113.6
112.2
109.4
108.2
106.3
106.7
103.0
101.9
102.7
98.26
96.89
94.41
94.50
92.97
92.37
91.05
89.08
88.57
88.39
86.10
89.65
84.42
85.59
85.70
84.17
87.00
89.89
100.2
94.52
88.56
89.26
91.63
88.87
90.70
92.78
89.62
90.20
92.14
93.95
91.13
90.97
91.78
90.29
87.30
89.93
88.80
86.48
84.52
82.15
83.84
83.24
86.84
90.81
97.54
91.58
86.52
84.26
82.48
82.70
83.54
82.73
77.19
78.05
70.39
70.48
57.69
50.38
43.97
38.05
33.10
32.24
28.37
25.38
22.39
20.51
18.85
18.12
16.94
15.43
14.85
14.09
14.42
14.26
15.47
15.45
17.19
12.94
14.00
13.55
11.03
10.03
9.648
7.997
8.238
8.384
7.003
6.931
6.911
6.708
6.371
6.187
6.072
5.661
5.795
5.661
5.173
5.229
4.697
4.687
4.312
3.826
3.785
3.508
3.349
3.255
3.095
3.042
2.988
2.975
2.982
2.993
3.015
3.052
3.099
3.142
3.165
3.172
3.172
3.171
3.157
3.141
3.119
3.091
3.057
3.018
2.977
2.933
2.893
2.860
2.835
2.810
2.778
2.739
2.696
2.654
2.607
2.562
2.517
2.470
2.425
2.375
2.329
2.282
2.239
2.195
2.155
2.110
2.073
2.038
2.003
1.965
1.930
1.894
1.858
1.826
1.794
1.765
1.736
1.712
1.686
1.661
1.647
130.7
127.8
127.7
125.9
124.3
121.6
119.8
117.5
115.1
113.4
111.2
109.6
106.9
107.9
104.7
102.0
103.1
101.6
100.4
95.21
91.96
92.74
90.14
89.53
87.90
88.16
85.47
87.12
85.66
86.53
82.87
84.69
84.59
88.27
89.85
87.39
88.61
87.25
86.29
90.18
89.46
93.50
93.78
88.14
87.80
91.80
87.27
88.60
86.96
86.14
87.10
85.74
86.69
85.35
85.34
83.72
85.09
84.34
85.91
84.68
91.57
90.86
88.44
83.41
83.43
90.19
86.85
87.61
91.72
88.93
81.86
79.01
79.15
68.85
67.27
58.49
49.19
39.89
43.90
39.64
31.37
31.77
26.66
22.35
24.15
21.35
18.14
16.05
15.40
14.16
14.27
14.43
15.68
19.14
18.38
13.15
13.99
13.41
12.03
9.431
8.923
7.983
8.879
8.887
7.173
7.400
7.361
6.462
6.353
6.591
5.980
5.867
5.743
5.212
5.007
5.024
4.823
4.759
4.355
4.033
3.900
3.505
3.394
3.251
3.133
3.062
3.025
3.005
2.992
2.988
2.998
3.027
3.067
3.102
3.128
3.150
3.161
3.167
3.165
3.163
3.150
3.131
3.107
3.077
3.039
3.000
2.963
2.934
2.911
2.881
2.853
2.814
2.771
2.724
2.681
2.634
2.585
2.538
2.487
2.438
2.389
2.343
2.299
2.253
2.209
2.169
2.129
2.093
2.055
2.016
1.977
1.941
1.905
1.868
1.834
1.805
1.773
1.742
1.710
1.686
1.663
130.8
127.5
128.1
126.1
122.8
121.0
117.1
116.1
113.8
111.3
111.6
108.4
105.6
106.7
103.8
102.6
99.21
100.4
96.63
94.34
91.58
90.87
92.28
88.83
87.68
86.16
85.63
85.18
82.57
83.40
82.32
86.11
85.70
85.84
84.49
85.21
83.74
82.98
82.83
84.93
83.68
82.61
84.74
85.10
85.04
85.16
84.69
86.66
87.07
87.87
88.15
94.00
103.1
91.52
86.14
87.02
86.66
86.56
86.18
86.17
89.14
86.18
98.26
88.60
89.17
87.45
85.69
81.28
81.59
79.33
73.99
71.44
70.37
64.07
63.97
51.30
44.27
45.49
54.34
37.17
33.68
32.76
26.29
21.79
26.00
22.07
18.08
14.57
14.26
12.96
13.66
15.70
15.68
14.97
17.56
11.02
16.33
13.98
10.18
10.09
8.461
7.873
8.685
8.080
7.053
7.223
7.075
7.031
6.050
6.698
5.746
6.213
5.456
5.451
5.321
4.975
4.996
4.723
3.973
3.969
4.038
3.473
3.356
3.205
3.080
3.016
2.978
2.946
2.947
2.955
2.966
2.998
3.029
3.057
3.084
3.113
3.132
3.132
3.131
3.125
3.108
3.088
3.063
3.033
3.004
2.964
2.924
2.897
2.875
2.852
2.823
2.784
2.745
2.701
2.659
2.614
2.571
2.517
2.469
2.421
2.374
2.327
2.284
2.239
2.195
2.153
2.117
2.079
2.042
2.003
1.965
1.928
1.893
1.855
1.821
1.790
1.758
1.731
1.696
1.668
1.651
130.7
127.8
127.7
125.9
124.3
121.6
119.8
117.5
115.1
113.4
111.2
109.6
106.9
107.9
104.7
102.0
103.1
101.6
100.4
95.21
91.96
92.74
90.14
89.53
87.90
88.16
85.47
87.12
85.66
86.53
82.87
84.69
84.59
88.27
89.85
87.39
88.61
87.25
86.29
90.18
89.46
93.50
93.78
88.14
87.80
91.80
87.27
88.60
86.96
86.14
87.10
85.74
86.69
85.35
85.34
83.72
85.09
84.34
85.91
84.68
91.57
90.86
88.44
83.41
83.43
90.19
86.85
87.61
91.72
88.93
81.86
79.01
79.15
68.85
67.27
58.49
49.19
39.89
43.90
39.64
31.37
31.77
26.66
22.35
24.15
21.35
18.14
16.05
15.40
14.16
14.27
14.43
15.68
19.14
18.38
13.15
13.99
13.41
12.03
9.431
8.923
7.983
8.879
8.887
7.173
7.400
7.361
6.462
6.353
6.591
5.980
5.867
5.743
5.212
5.007
5.024
4.823
4.759
4.355
4.033
3.900
3.505
3.394
3.251
3.133
3.062
3.025
3.005
2.992
2.988
2.998
3.027
3.067
3.102
3.128
3.150
3.161
3.167
3.165
3.163
3.150
3.131
3.107
3.077
3.039
3.000
2.963
2.934
2.911
2.881
2.853
2.814
2.771
2.724
2.681
2.634
2.585
2.538
2.487
2.438
2.389
2.343
2.299
2.253
2.209
2.169
2.129
2.093
2.055
2.016
1.977
1.941
1.905
1.868
1.834
1.805
1.773
1.742
1.710
1.686
1.663
130.8
128.8
127.2
126.0
123.1
122.0
119.0
118.6
117.2
113.6
112.2
109.4
108.2
106.3
106.7
103.0
101.9
102.7
98.26
96.89
94.41
94.50
92.97
92.37
91.05
89.08
88.57
88.39
86.10
89.65
84.42
85.59
85.70
84.17
87.00
89.89
100.2
94.52
88.56
89.26
91.63
88.87
90.70
92.78
89.62
90.20
92.14
93.95
91.13
90.97
91.78
90.29
87.30
89.93
88.80
86.48
84.52
82.15
83.84
83.24
86.84
90.81
97.54
91.58
86.52
84.26
82.48
82.70
83.54
82.73
77.19
78.05
70.39
70.48
57.69
50.38
43.97
38.05
33.10
32.24
28.37
25.38
22.39
20.51
18.85
18.12
16.94
15.43
14.85
14.09
14.42
14.26
15.47
15.45
17.19
12.94
14.00
13.55
11.03
10.03
9.648
7.997
8.238
8.384
7.003
6.931
6.911
6.708
6.371
6.187
6.072
5.661
5.795
5.661
5.173
5.229
4.697
4.687
4.312
3.826
3.785
3.508
3.349
3.255
3.095
3.042
2.988
2.975
2.982
2.993
3.015
3.052
3.099
3.142
3.165
3.172
3.172
3.171
3.157
3.141
3.119
3.091
3.057
3.018
2.977
2.933
2.893
2.860
2.835
2.810
2.778
2.739
2.696
2.654
2.607
2.562
2.517
2.470
2.425
2.375
2.329
2.282
2.239
2.195
2.155
2.110
2.073
2.038
2.003
1.965
1.930
1.894
1.858
1.826
1.794
1.765
1.736
1.712
1.686
1.661
1.647
130.8
129.4
127.4
126.0
123.5
123.4
120.3
119.9
117.5
117.2
112.3
112.2
109.3
109.4
106.8
105.9
104.7
105.1
102.3
99.30
97.68
96.65
92.54
93.22
90.12
90.08
87.62
90.53
90.49
89.08
88.41
88.81
89.96
89.58
90.58
91.20
90.24
90.31
92.14
95.31
90.81
93.54
93.57
94.55
99.96
96.28
99.66
98.08
98.50
102.5
101.7
103.9
104.8
108.8
101.8
98.86
99.83
96.80
100.5
97.79
103.9
107.1
112.2
110.7
104.5
105.4
102.6
104.7
98.75
95.65
86.29
82.98
72.42
64.25
56.83
51.56
45.05
36.39
31.18
28.94
26.90
25.12
22.29
20.00
18.77
17.94
16.66
15.97
15.30
14.31
14.51
14.04
15.60
15.59
13.79
13.99
12.78
11.22
10.10
9.286
8.742
8.353
8.492
8.346
7.232
6.990
6.460
6.772
6.740
6.500
6.554
5.822
5.576
5.317
5.128
4.797
4.558
4.662
4.162
3.854
3.749
3.459
3.372
3.185
3.093
3.022
2.977
2.952
2.943
2.946
2.970
3.006
3.048
3.083
3.103
3.109
3.109
3.105
3.087
3.062
3.033
2.999
2.963
2.924
2.881
2.840
2.806
2.778
2.756
2.731
2.702
2.666
2.627
2.592
2.552
2.514
2.475
2.433
2.390
2.344
2.299
2.253
2.212
2.168
2.125
2.086
2.046
2.012
1.975
1.937
1.903
1.870
1.837
1.804
1.775
1.750
1.725
1.701
1.674
1.655
1.637
130.9
129.7
128.0
127.5
125.8
125.9
122.1
121.3
121.1
119.7
118.6
115.7
115.9
111.7
111.5
111.5
109.3
108.6
108.3
102.7
101.6
100.3
99.72
99.15
97.78
99.21
98.52
96.49
98.23
98.68
99.17
99.59
100.4
103.1
105.3
109.7
110.4
114.2
120.2
117.1
115.5
117.8
124.3
124.8
129.8
132.1
137.7
138.7
142.9
146.4
149.5
150.5
152.1
152.7
157.3
156.7
149.5
142.0
140.8
136.2
137.4
149.4
148.1
151.3
141.0
132.1
124.4
124.2
126.0
119.9
110.5
95.71
85.44
75.53
69.97
61.85
52.18
51.69
42.14
34.52
30.58
27.05
23.69
20.35
19.68
19.64
18.07
16.28
15.35
14.99
14.74
15.64
16.56
15.64
13.05
12.41
12.92
12.87
12.60
11.20
10.11
9.043
8.380
8.002
7.192
6.883
6.560
6.914
6.315
6.516
5.951
5.695
5.755
5.169
4.932
4.773
4.548
4.229
4.068
3.868
3.542
3.375
3.276
3.186
3.005
2.910
2.852
2.818
2.803
2.802
2.803
2.815
2.827
2.848
2.858
2.854
2.849
2.837
2.819
2.795
2.770
2.738
2.713
2.676
2.646
2.614
2.589
2.563
2.547
2.534
2.518
2.493
2.468
2.438
2.405
2.373
2.338
2.302
2.262
2.223
2.182
2.141
2.104
2.065
2.027
1.988
1.954
1.919
1.885
1.853
1.819
1.786
1.756
1.730
1.705
1.680
1.664
1.646
1.623
1.616
1.611
130.8
130.0
130.1
128.3
128.7
126.3
126.5
125.6
123.8
122.6
122.5
120.4
118.3
119.1
118.7
118.3
118.7
116.0
116.5
110.6
112.6
107.5
109.1
108.5
109.4
106.5
108.3
110.6
109.5
112.7
115.8
115.2
118.0
126.1
130.3
138.6
146.7
139.9
147.0
155.7
170.8
187.4
186.5
200.0
197.5
205.2
215.7
218.2
220.9
220.7
224.0
224.2
227.0
229.3
227.4
222.4
218.5
215.3
212.4
205.2
200.9
211.9
217.0
209.7
200.6
189.1
184.9
182.2
175.2
167.7
158.5
144.7
120.8
109.2
94.76
82.32
72.42
67.32
62.23
52.68
44.62
41.64
33.36
30.76
26.12
23.73
20.40
17.23
16.29
15.09
14.51
14.67
18.42
25.31
19.48
18.59
16.38
14.81
13.97
11.65
9.903
9.104
8.227
8.616
8.800
6.910
7.151
7.089
6.305
6.269
5.802
5.664
5.271
4.790
4.586
4.454
4.413
4.172
4.120
3.730
3.469
3.259
3.119
3.036
2.900
2.817
2.763
2.722
2.690
2.669
2.651
2.647
2.645
2.642
2.635
2.629
2.613
2.596
2.569
2.538
2.509
2.482
2.464
2.444
2.413
2.388
2.376
2.360
2.357
2.355
2.344
2.332
2.313
2.290
2.268
2.243
2.216
2.185
2.153
2.119
2.085
2.050
2.015
1.979
1.943
1.909
1.876
1.846
1.814
1.784
1.756
1.730
1.706
1.683
1.661
1.645
1.631
1.621
1.604
1.596
1.589
