SALVI
1
0
24
15.00
181
1.00
21-ICE014
21-ICE014

21-ICE014.ldt
17 February 2021/AA
760
309
225
320
60
0
0
0
0
96.4
100.0
1.000
0.0
1
1
Wicop Y22
6427.3


0.0
0.107
0.179
0.262
0.344
0.408
0.517
0.586
0.648
0.726
0.776
0.0
15.0
30.0
45.0
60.0
75.0
90.0
105.0
120.0
135.0
150.0
165.0
180.0
195.0
210.0
225.0
240.0
255.0
270.0
285.0
300.0
315.0
330.0
345.0
0.0
1.0
2.0
3.0
4.0
5.0
6.0
7.0
8.0
9.0
10.0
11.0
12.0
13.0
14.0
15.0
16.0
17.0
18.0
19.0
20.0
21.0
22.0
23.0
24.0
25.0
26.0
27.0
28.0
29.0
30.0
31.0
32.0
33.0
34.0
35.0
36.0
37.0
38.0
39.0
40.0
41.0
42.0
43.0
44.0
45.0
46.0
47.0
48.0
49.0
50.0
51.0
52.0
53.0
54.0
55.0
56.0
57.0
58.0
59.0
60.0
61.0
62.0
63.0
64.0
65.0
66.0
67.0
68.0
69.0
70.0
71.0
72.0
73.0
74.0
75.0
76.0
77.0
78.0
79.0
80.0
81.0
82.0
83.0
84.0
85.0
86.0
87.0
88.0
89.0
90.0
91.0
92.0
93.0
94.0
95.0
96.0
97.0
98.0
99.0
100.0
101.0
102.0
103.0
104.0
105.0
106.0
107.0
108.0
109.0
110.0
111.0
112.0
113.0
114.0
115.0
116.0
117.0
118.0
119.0
120.0
121.0
122.0
123.0
124.0
125.0
126.0
127.0
128.0
129.0
130.0
131.0
132.0
133.0
134.0
135.0
136.0
137.0
138.0
139.0
140.0
141.0
142.0
143.0
144.0
145.0
146.0
147.0
148.0
149.0
150.0
151.0
152.0
153.0
154.0
155.0
156.0
157.0
158.0
159.0
160.0
161.0
162.0
163.0
164.0
165.0
166.0
167.0
168.0
169.0
170.0
171.0
172.0
173.0
174.0
175.0
176.0
177.0
178.0
179.0
180.0
115.6
116.0
114.3
115.6
115.5
114.4
113.4
112.5
111.3
110.2
109.9
108.7
108.8
107.5
104.9
103.6
102.5
101.3
99.10
97.73
99.56
95.55
97.38
98.65
101.3
101.5
98.24
101.3
104.7
105.4
105.9
110.0
108.8
110.0
115.5
124.7
127.0
138.3
147.0
141.8
147.9
162.2
171.8
165.2
168.7
179.5
190.2
192.3
205.4
212.0
221.1
231.6
238.7
256.3
256.3
267.9
282.6
294.1
302.5
302.1
316.3
330.4
358.3
398.0
440.0
468.6
467.3
416.7
379.7
336.5
270.3
195.7
136.6
95.62
67.57
56.16
50.73
47.08
37.52
30.44
30.09
28.30
25.40
21.85
20.63
20.56
21.06
21.59
21.66
20.44
18.42
20.51
18.39
18.84
15.77
15.69
14.66
12.81
11.74
12.18
11.70
11.29
9.055
8.037
7.812
7.953
7.501
6.675
6.671
6.477
6.791
6.088
5.708
5.270
4.975
4.646
4.340
4.212
3.769
3.493
3.357
3.181
3.063
2.906
2.782
2.697
2.621
2.561
2.525
2.507
2.497
2.491
2.493
2.488
2.468
2.447
2.421
2.382
2.339
2.290
2.238
2.193
2.152
2.111
2.076
2.052
2.003
1.974
1.949
1.923
1.891
1.857
1.818
1.782
1.749
1.716
1.686
1.654
1.624
1.594
1.563
1.533
1.505
1.482
1.463
1.441
1.421
1.405
1.388
1.370
1.353
1.337
1.321
1.308
1.302
1.299
1.289
1.282
1.281
1.280
1.279
116.1
115.9
115.9
115.5
115.1
113.9
113.8
112.9
111.9
111.6
110.0
108.8
108.2
106.6
105.2
105.4
103.9
103.9
102.1
100.1
98.72
99.47
97.22
99.55
99.37
100.6
98.12
101.8
101.3
105.4
107.8
109.4
112.8
119.0
119.3
119.6
125.5
134.5
139.8
145.2
156.4
159.0
161.0
162.7
172.0
180.5
190.0
196.4
205.1
219.4
227.3
234.0
238.7
250.4
264.3
278.8
287.2
298.5
302.6
312.2
308.3
315.0
338.4
376.5
394.5
397.2
375.2
337.5
314.8
300.7
255.4
195.7
141.7
108.1
84.53
61.11
56.09
51.23
42.38
36.21
37.85
31.22
23.55
22.79
22.95
18.27
17.12
17.42
19.22
19.41
18.54
17.72
16.51
17.22
15.31
14.22
13.91
15.02
11.79
11.93
11.54
10.08
10.43
8.939
8.762
8.704
8.201
7.546
6.634
6.769
6.184
6.199
5.673
5.405
5.186
4.970
4.634
4.380
4.056
3.785
3.583
3.353
3.206
3.061
2.952
2.837
2.747
2.662
2.590
2.535
2.472
2.421
2.382
2.341
2.298
2.256
2.212
2.167
2.121
2.070
2.018
1.971
1.933
1.896
1.869
1.847
1.817
1.798
1.782
1.765
1.748
1.722
1.696
1.669
1.643
1.616
1.587
1.563
1.540
1.515
1.493
1.469
1.450
1.440
1.428
1.409
1.391
1.373
1.357
1.327
1.310
1.294
1.281
1.277
1.274
1.273
1.273
1.273
1.273
1.273
1.273
115.4
116.1
116.4
115.6
113.4
115.4
113.8
113.8
112.5
110.0
110.1
109.3
108.3
109.1
107.7
105.4
105.9
103.3
101.9
102.0
100.1
99.42
99.71
100.7
99.56
100.2
100.9
102.7
103.3
108.6
106.6
113.8
114.4
121.7
127.0
124.2
127.4
134.2
135.2
137.9
142.0
152.0
161.8
171.8
175.6
180.8
195.1
203.8
211.7
214.4
221.9
227.0
237.5
253.2
263.6
273.5
278.7
289.1
292.7
293.9
293.5
303.1
323.2
322.1
325.6
318.0
306.5
298.1
259.2
223.8
207.0
156.5
113.2
76.87
63.28
52.66
48.66
47.66
44.05
42.34
38.27
33.25
26.32
24.89
22.53
22.25
18.44
18.62
18.71
18.17
16.71
15.54
15.11
14.38
14.91
13.71
13.91
13.57
11.00
11.89
11.19
11.37
9.658
9.026
9.070
8.511
8.044
7.244
7.154
6.666
6.091
5.913
5.625
5.265
5.171
4.758
4.412
4.356
4.003
3.669
3.494
3.302
3.176
3.025
2.911
2.809
2.711
2.636
2.573
2.512
2.453
2.405
2.366
2.322
2.278
2.235
2.189
2.141
2.090
2.035
1.980
1.933
1.894
1.861
1.836
1.814
1.789
1.773
1.767
1.757
1.742
1.723
1.699
1.677
1.653
1.630
1.609
1.584
1.561
1.538
1.513
1.490
1.466
1.453
1.438
1.418
1.400
1.386
1.370
1.355
1.335
1.312
1.300
1.291
1.286
1.282
1.282
1.281
1.279
1.278
1.278
116.4
115.2
116.4
114.9
114.3
115.2
113.9
112.9
112.0
111.2
110.0
109.8
108.6
107.2
107.1
105.9
106.0
103.3
101.9
101.0
99.63
100.5
102.0
99.65
99.72
101.6
103.3
102.2
103.4
104.1
108.1
110.9
113.7
113.8
117.5
123.4
127.2
128.1
130.4
135.4
143.7
153.5
158.6
159.4
167.0
171.2
180.3
189.7
192.3
201.1
217.4
230.4
245.1
247.9
250.9
258.1
269.3
284.2
298.9
303.6
298.3
298.5
293.5
295.4
307.5
301.9
285.3
247.4
213.6
185.5
156.4
111.7
90.73
66.40
57.15
55.47
48.29
47.34
41.72
43.86
38.92
33.05
27.31
24.73
21.90
19.94
17.97
18.36
18.73
18.08
18.98
17.29
17.45
15.69
14.36
14.83
13.65
13.41
12.44
11.81
10.94
10.58
10.14
9.679
8.912
8.319
8.188
7.360
7.108
7.029
6.158
6.178
5.613
5.447
5.159
4.985
4.852
4.299
3.971
3.813
3.553
3.379
3.253
3.072
2.962
2.843
2.743
2.665
2.594
2.543
2.481
2.425
2.383
2.339
2.293
2.248
2.203
2.152
2.097
2.041
1.987
1.941
1.902
1.869
1.844
1.816
1.787
1.771
1.760
1.748
1.733
1.717
1.694
1.672
1.651
1.625
1.600
1.573
1.550
1.526
1.502
1.479
1.456
1.445
1.427
1.408
1.390
1.373
1.355
1.329
1.307
1.293
1.290
1.288
1.286
1.283
1.281
1.278
1.278
1.278
1.278
116.3
115.9
115.9
115.1
115.5
115.9
115.3
114.8
112.7
111.4
110.4
109.5
109.1
106.9
106.9
104.2
104.3
102.7
104.0
98.81
99.70
99.71
100.3
99.33
100.6
101.9
98.72
103.3
103.8
106.1
108.1
112.0
111.7
117.8
119.7
123.8
126.7
127.8
134.9
140.1
143.4
148.1
159.6
169.4
171.6
176.5
184.3
198.9
205.6
210.7
220.0
221.2
236.5
245.8
260.6
273.2
271.8
277.3
282.7
288.1
289.9
288.9
305.0
317.2
323.2
308.8
291.3
277.2
248.7
228.1
207.7
168.0
123.9
91.28
69.25
54.98
46.38
49.07
43.35
38.72
39.15
33.33
27.08
25.02
22.15
19.80
21.03
21.35
18.65
17.18
18.13
15.89
16.05
14.79
14.31
13.40
12.58
13.25
12.43
12.30
10.45
11.67
10.09
8.787
8.369
8.613
7.932
7.103
7.296
6.668
6.041
6.029
5.508
5.335
5.221
4.995
4.579
4.281
4.110
3.680
3.497
3.300
3.166
3.031
2.909
2.793
2.712
2.645
2.564
2.502
2.447
2.402
2.367
2.325
2.284
2.242
2.199
2.152
2.103
2.052
2.001
1.955
1.914
1.880
1.849
1.820
1.806
1.790
1.777
1.770
1.758
1.739
1.718
1.695
1.674
1.650
1.627
1.604
1.580
1.553
1.528
1.503
1.477
1.460
1.442
1.422
1.405
1.390
1.376
1.361
1.343
1.318
1.304
1.295
1.291
1.288
1.288
1.287
1.287
1.284
1.284
116.7
115.4
115.8
116.2
114.8
115.4
113.6
112.4
111.1
111.3
110.6
110.3
109.9
107.5
106.9
106.3
104.3
103.3
103.5
102.6
99.84
99.47
101.0
99.49
99.33
101.1
100.8
101.9
102.5
106.8
107.1
107.9
113.6
112.0
116.6
126.7
126.7
130.7
136.7
144.3
153.9
156.2
161.9
165.3
174.0
177.3
190.7
196.8
202.4
215.2
223.8
226.9
240.5
248.9
263.9
275.6
279.3
284.6
292.0
298.5
305.5
309.2
329.7
357.3
367.1
341.3
312.7
289.6
274.0
250.8
213.9
165.4
117.0
89.38
74.85
61.68
56.21
47.14
38.20
36.70
32.93
28.59
25.25
21.34
20.27
17.80
17.41
18.50
17.24
16.60
17.73
19.09
17.46
16.24
14.86
14.72
14.32
12.97
12.50
12.14
10.75
11.03
10.10
10.43
8.514
8.975
8.362
7.291
6.983
7.538
6.448
6.153
5.554
5.464
5.272
4.963
4.705
4.471
4.188
3.798
3.585
3.395
3.224
3.075
2.936
2.831
2.738
2.648
2.571
2.515
2.463
2.422
2.393
2.361
2.326
2.289
2.249
2.202
2.155
2.110
2.054
1.997
1.948
1.905
1.871
1.847
1.824
1.806
1.796
1.785
1.769
1.751
1.725
1.699
1.673
1.647
1.620
1.595
1.570
1.545
1.516
1.489
1.465
1.447
1.435
1.414
1.395
1.381
1.363
1.336
1.313
1.298
1.291
1.289
1.287
1.285
1.283
1.281
1.281
1.281
1.281
117.0
115.6
115.6
115.5
115.2
114.9
114.4
114.6
113.6
113.4
111.3
109.7
109.5
109.4
106.7
107.4
107.0
105.0
103.0
100.9
96.91
99.55
99.35
100.2
102.5
100.2
101.6
103.6
103.8
105.6
103.0
112.3
111.6
115.8
112.8
119.1
134.7
134.1
147.3
152.9
147.2
153.8
163.4
165.1
169.3
174.7
180.7
192.4
199.8
203.9
215.9
226.3
235.3
242.0
254.6
260.2
281.4
282.6
286.4
281.8
293.7
308.6
357.1
396.5
415.4
395.3
364.9
336.9
310.1
261.5
184.8
117.3
85.40
69.32
60.48
53.41
49.93
42.15
34.35
28.44
26.03
27.36
25.18
24.44
21.07
18.78
18.12
21.44
21.24
19.17
18.83
17.24
18.46
18.50
15.94
14.27
13.05
12.02
13.12
13.03
14.04
11.59
9.372
8.616
8.416
8.233
8.613
7.078
7.625
7.263
6.753
6.402
5.487
5.512
5.056
4.914
4.743
4.413
4.229
3.732
3.558
3.360
3.202
3.027
2.908
2.791
2.694
2.615
2.551
2.498
2.459
2.423
2.411
2.373
2.341
2.311
2.268
2.222
2.170
2.112
2.059
2.001
1.953
1.916
1.887
1.862
1.838
1.822
1.815
1.806
1.790
1.769
1.742
1.717
1.691
1.667
1.642
1.619
1.593
1.567
1.534
1.506
1.479
1.461
1.446
1.428
1.409
1.395
1.379
1.365
1.343
1.322
1.307
1.301
1.297
1.293
1.293
1.293
1.291
1.291
1.288
116.7
115.4
115.8
116.2
114.8
115.4
113.6
112.4
111.1
111.3
110.6
110.3
109.9
107.5
106.9
106.3
104.3
103.3
103.5
102.6
99.84
99.47
101.0
99.49
99.33
101.1
100.8
101.9
102.5
106.8
107.1
107.9
113.6
112.0
116.6
126.7
126.7
130.7
136.7
144.3
153.9
156.2
161.9
165.3
174.0
177.3
190.7
196.8
202.4
215.2
223.8
226.9
240.5
248.9
263.9
275.6
279.3
284.6
292.0
298.5
305.5
309.2
329.7
357.3
367.1
341.3
312.7
289.6
274.0
250.8
213.9
165.4
117.0
89.38
74.85
61.68
56.21
47.14
38.20
36.70
32.93
28.59
25.25
21.34
20.27
17.80
17.41
18.50
17.24
16.60
17.73
19.09
17.46
16.24
14.86
14.72
14.32
12.97
12.50
12.14
10.75
11.03
10.10
10.43
8.514
8.975
8.362
7.291
6.983
7.538
6.448
6.153
5.554
5.464
5.272
4.963
4.705
4.471
4.188
3.798
3.585
3.395
3.224
3.075
2.936
2.831
2.738
2.648
2.571
2.515
2.463
2.422
2.393
2.361
2.326
2.289
2.249
2.202
2.155
2.110
2.054
1.997
1.948
1.905
1.871
1.847
1.824
1.806
1.796
1.785
1.769
1.751
1.725
1.699
1.673
1.647
1.620
1.595
1.570
1.545
1.516
1.489
1.465
1.447
1.435
1.414
1.395
1.381
1.363
1.336
1.313
1.298
1.291
1.289
1.287
1.285
1.283
1.281
1.281
1.281
1.281
116.3
115.9
115.9
115.1
115.5
115.9
115.3
114.8
112.7
111.4
110.4
109.5
109.1
106.9
106.9
104.2
104.3
102.7
104.0
98.81
99.70
99.71
100.3
99.33
100.6
101.9
98.72
103.3
103.8
106.1
108.1
112.0
111.7
117.8
119.7
123.8
126.7
127.8
134.9
140.1
143.4
148.1
159.6
169.4
171.6
176.5
184.3
198.9
205.6
210.7
220.0
221.2
236.5
245.8
260.6
273.2
271.8
277.3
282.7
288.1
289.9
288.9
305.0
317.2
323.2
308.8
291.3
277.2
248.7
228.1
207.7
168.0
123.9
91.28
69.25
54.98
46.38
49.07
43.35
38.72
39.15
33.33
27.08
25.02
22.15
19.80
21.03
21.35
18.65
17.18
18.13
15.89
16.05
14.79
14.31
13.40
12.58
13.25
12.43
12.30
10.45
11.67
10.09
8.787
8.369
8.613
7.932
7.103
7.296
6.668
6.041
6.029
5.508
5.335
5.221
4.995
4.579
4.281
4.110
3.680
3.497
3.300
3.166
3.031
2.909
2.793
2.712
2.645
2.564
2.502
2.447
2.402
2.367
2.325
2.284
2.242
2.199
2.152
2.103
2.052
2.001
1.955
1.914
1.880
1.849
1.820
1.806
1.790
1.777
1.770
1.758
1.739
1.718
1.695
1.674
1.650
1.627
1.604
1.580
1.553
1.528
1.503
1.477
1.460
1.442
1.422
1.405
1.390
1.376
1.361
1.343
1.318
1.304
1.295
1.291
1.288
1.288
1.287
1.287
1.284
1.284
116.4
115.2
116.4
114.9
114.3
115.2
113.9
112.9
112.0
111.2
110.0
109.8
108.6
107.2
107.1
105.9
106.0
103.3
101.9
101.0
99.63
100.5
102.0
99.65
99.72
101.6
103.3
102.2
103.4
104.1
108.1
110.9
113.7
113.8
117.5
123.4
127.2
128.1
130.4
135.4
143.7
153.5
158.6
159.4
167.0
171.2
180.3
189.7
192.3
201.1
217.4
230.4
245.1
247.9
250.9
258.1
269.3
284.2
298.9
303.6
298.3
298.5
293.5
295.4
307.5
301.9
285.3
247.4
213.6
185.5
156.4
111.7
90.73
66.40
57.15
55.47
48.29
47.34
41.72
43.86
38.92
33.05
27.31
24.73
21.90
19.94
17.97
18.36
18.73
18.08
18.98
17.29
17.45
15.69
14.36
14.83
13.65
13.41
12.44
11.81
10.94
10.58
10.14
9.679
8.912
8.319
8.188
7.360
7.108
7.029
6.158
6.178
5.613
5.447
5.159
4.985
4.852
4.299
3.971
3.813
3.553
3.379
3.253
3.072
2.962
2.843
2.743
2.665
2.594
2.543
2.481
2.425
2.383
2.339
2.293
2.248
2.203
2.152
2.097
2.041
1.987
1.941
1.902
1.869
1.844
1.816
1.787
1.771
1.760
1.748
1.733
1.717
1.694
1.672
1.651
1.625
1.600
1.573
1.550
1.526
1.502
1.479
1.456
1.445
1.427
1.408
1.390
1.373
1.355
1.329
1.307
1.293
1.290
1.288
1.286
1.283
1.281
1.278
1.278
1.278
1.278
115.4
116.1
116.4
115.6
113.4
115.4
113.8
113.8
112.5
110.0
110.1
109.3
108.3
109.1
107.7
105.4
105.9
103.3
101.9
102.0
100.1
99.42
99.71
100.7
99.56
100.2
100.9
102.7
103.3
108.6
106.6
113.8
114.4
121.7
127.0
124.2
127.4
134.2
135.2
137.9
142.0
152.0
161.8
171.8
175.6
180.8
195.1
203.8
211.7
214.4
221.9
227.0
237.5
253.2
263.6
273.5
278.7
289.1
292.7
293.9
293.5
303.1
323.2
322.1
325.6
318.0
306.5
298.1
259.2
223.8
207.0
156.5
113.2
76.87
63.28
52.66
48.66
47.66
44.05
42.34
38.27
33.25
26.32
24.89
22.53
22.25
18.44
18.62
18.71
18.17
16.71
15.54
15.11
14.38
14.91
13.71
13.91
13.57
11.00
11.89
11.19
11.37
9.658
9.026
9.070
8.511
8.044
7.244
7.154
6.666
6.091
5.913
5.625
5.265
5.171
4.758
4.412
4.356
4.003
3.669
3.494
3.302
3.176
3.025
2.911
2.809
2.711
2.636
2.573
2.512
2.453
2.405
2.366
2.322
2.278
2.235
2.189
2.141
2.090
2.035
1.980
1.933
1.894
1.861
1.836
1.814
1.789
1.773
1.767
1.757
1.742
1.723
1.699
1.677
1.653
1.630
1.609
1.584
1.561
1.538
1.513
1.490
1.466
1.453
1.438
1.418
1.400
1.386
1.370
1.355
1.335
1.312
1.300
1.291
1.286
1.282
1.282
1.281
1.279
1.278
1.278
116.1
115.9
115.9
115.5
115.1
113.9
113.8
112.9
111.9
111.6
110.0
108.8
108.2
106.6
105.2
105.4
103.9
103.9
102.1
100.1
98.72
99.47
97.22
99.55
99.37
100.6
98.12
101.8
101.3
105.4
107.8
109.4
112.8
119.0
119.3
119.6
125.5
134.5
139.8
145.2
156.4
159.0
161.0
162.7
172.0
180.5
190.0
196.4
205.1
219.4
227.3
234.0
238.7
250.4
264.3
278.8
287.2
298.5
302.6
312.2
308.3
315.0
338.4
376.5
394.5
397.2
375.2
337.5
314.8
300.7
255.4
195.7
141.7
108.1
84.53
61.11
56.09
51.23
42.38
36.21
37.85
31.22
23.55
22.79
22.95
18.27
17.12
17.42
19.22
19.41
18.54
17.72
16.51
17.22
15.31
14.22
13.91
15.02
11.79
11.93
11.54
10.08
10.43
8.939
8.762
8.704
8.201
7.546
6.634
6.769
6.184
6.199
5.673
5.405
5.186
4.970
4.634
4.380
4.056
3.785
3.583
3.353
3.206
3.061
2.952
2.837
2.747
2.662
2.590
2.535
2.472
2.421
2.382
2.341
2.298
2.256
2.212
2.167
2.121
2.070
2.018
1.971
1.933
1.896
1.869
1.847
1.817
1.798
1.782
1.765
1.748
1.722
1.696
1.669
1.643
1.616
1.587
1.563
1.540
1.515
1.493
1.469
1.450
1.440
1.428
1.409
1.391
1.373
1.357
1.327
1.310
1.294
1.281
1.277
1.274
1.273
1.273
1.273
1.273
1.273
1.273
115.6
116.0
114.3
115.6
115.5
114.4
113.4
112.5
111.3
110.2
109.9
108.7
108.8
107.5
104.9
103.6
102.5
101.3
99.10
97.73
99.56
95.55
97.38
98.65
101.3
101.5
98.24
101.3
104.7
105.4
105.9
110.0
108.8
110.0
115.5
124.7
127.0
138.3
147.0
141.8
147.9
162.2
171.8
165.2
168.7
179.5
190.2
192.3
205.4
212.0
221.1
231.6
238.7
256.3
256.3
267.9
282.6
294.1
302.5
302.1
316.3
330.4
358.3
398.0
440.0
468.6
467.3
416.7
379.7
336.5
270.3
195.7
136.6
95.62
67.57
56.16
50.73
47.08
37.52
30.44
30.09
28.30
25.40
21.85
20.63
20.56
21.06
21.59
21.66
20.44
18.42
20.51
18.39
18.84
15.77
15.69
14.66
12.81
11.74
12.18
11.70
11.29
9.055
8.037
7.812
7.953
7.501
6.675
6.671
6.477
6.791
6.088
5.708
5.270
4.975
4.646
4.340
4.212
3.769
3.493
3.357
3.181
3.063
2.906
2.782
2.697
2.621
2.561
2.525
2.507
2.497
2.491
2.493
2.488
2.468
2.447
2.421
2.382
2.339
2.290
2.238
2.193
2.152
2.111
2.076
2.052
2.003
1.974
1.949
1.923
1.891
1.857
1.818
1.782
1.749
1.716
1.686
1.654
1.624
1.594
1.563
1.533
1.505
1.482
1.463
1.441
1.421
1.405
1.388
1.370
1.353
1.337
1.321
1.308
1.302
1.299
1.289
1.282
1.281
1.280
1.279
116.1
116.2
116.0
116.0
115.1
114.1
112.1
113.0
111.4
110.0
110.3
108.4
107.5
106.4
107.2
105.6
103.0
103.5
101.1
97.88
97.98
97.50
97.52
96.03
99.80
99.88
99.49
102.6
103.9
106.6
108.9
113.3
111.2
118.9
121.3
127.1
128.8
135.6
145.1
151.8
158.5
164.4
163.4
176.2
175.4
188.7
197.4
204.6
213.4
218.6
223.7
241.3
254.5
264.2
273.4
289.4
298.6
304.3
310.5
309.8
325.0
332.2
351.8
378.6
376.2
359.7
336.5
320.6
314.3
279.4
215.2
156.3
113.8
80.54
66.67
65.46
55.23
44.95
41.38
39.96
34.63
26.67
26.69
22.25
19.80
20.19
18.61
17.51
16.70
17.38
17.57
16.66
16.17
14.71
14.52
15.32
13.33
11.29
12.11
11.68
10.70
9.691
8.873
9.384
8.331
8.297
6.889
7.381
6.363
5.953
6.226
5.385
5.323
4.954
4.702
4.481
4.251
4.079
3.690
3.338
3.171
3.061
2.884
2.781
2.662
2.607
2.544
2.508
2.487
2.488
2.502
2.520
2.554
2.579
2.590
2.591
2.582
2.568
2.534
2.493
2.446
2.393
2.342
2.293
2.248
2.201
2.155
2.117
2.085
2.052
2.015
1.972
1.928
1.885
1.844
1.803
1.764
1.728
1.693
1.658
1.625
1.594
1.567
1.538
1.514
1.490
1.466
1.445
1.426
1.408
1.390
1.378
1.366
1.356
1.345
1.340
1.333
1.327
1.318
1.305
1.301
115.4
115.8
116.5
115.5
115.9
115.2
114.1
112.5
112.2
110.2
108.6
109.5
108.6
107.0
105.1
105.2
102.3
103.6
103.7
99.85
100.8
98.84
97.70
98.86
100.5
101.8
100.6
103.1
105.0
108.6
111.3
114.7
116.0
116.8
120.2
123.4
132.5
140.5
140.5
147.0
151.7
164.5
168.3
178.5
173.1
185.7
195.8
201.6
215.3
221.8
228.3
237.6
251.1
263.0
269.2
277.6
294.4
300.6
305.1
301.0
301.6
312.1
328.0
329.9
328.9
312.2
291.6
259.5
217.7
193.8
153.7
114.5
92.44
74.90
64.91
60.51
59.04
50.39
43.41
42.33
40.04
30.82
27.66
24.96
22.60
21.71
22.08
21.02
18.65
17.16
16.96
16.08
14.74
14.13
13.69
13.65
13.79
12.57
11.88
10.59
11.77
10.58
8.855
8.376
8.724
8.515
6.802
7.147
7.484
6.106
5.565
5.418
5.178
4.996
4.695
4.432
4.099
3.979
3.651
3.313
3.158
2.940
2.857
2.748
2.640
2.555
2.501
2.469
2.447
2.440
2.443
2.457
2.475
2.486
2.487
2.484
2.477
2.456
2.424
2.390
2.345
2.299
2.256
2.214
2.178
2.132
2.089
2.055
2.025
2.001
1.966
1.930
1.890
1.854
1.814
1.776
1.740
1.703
1.667
1.632
1.599
1.568
1.539
1.512
1.486
1.463
1.438
1.419
1.401
1.383
1.364
1.349
1.336
1.328
1.318
1.313
1.311
1.310
1.310
1.304
1.302
116.4
117.2
116.7
114.3
115.7
114.9
114.1
111.5
109.6
111.1
109.2
108.8
107.9
106.0
106.8
107.0
106.5
101.3
104.1
98.29
98.18
99.16
99.75
99.03
99.29
100.1
101.2
104.5
102.2
105.0
110.9
114.0
115.4
119.2
122.2
128.6
129.1
134.9
137.8
138.3
153.5
156.5
160.6
167.2
168.4
172.8
182.4
195.0
199.3
211.0
230.0
241.6
254.0
259.0
262.7
272.8
290.5
300.8
307.7
310.1
313.2
302.5
304.9
305.8
310.7
298.1
268.2
231.8
194.2
165.2
130.6
96.33
75.80
66.76
52.27
50.42
49.08
49.78
43.98
39.26
38.19
29.79
24.51
24.11
21.52
20.65
19.96
19.67
18.68
17.83
16.72
16.57
18.14
14.49
14.26
13.82
15.19
12.56
12.72
11.09
10.48
10.87
9.693
8.049
8.338
7.561
7.904
6.986
6.503
6.026
5.790
5.460
5.161
4.892
4.604
4.371
4.027
3.737
3.515
3.279
3.124
2.952
2.881
2.702
2.612
2.541
2.501
2.455
2.438
2.414
2.417
2.427
2.444
2.451
2.457
2.458
2.451
2.432
2.396
2.356
2.311
2.269
2.231
2.197
2.158
2.115
2.078
2.046
2.023
1.998
1.968
1.934
1.898
1.860
1.824
1.790
1.754
1.718
1.685
1.653
1.621
1.590
1.563
1.539
1.513
1.490
1.468
1.448
1.426
1.406
1.389
1.377
1.366
1.355
1.343
1.337
1.333
1.328
1.317
1.309
1.301
116.3
116.1
116.3
115.6
114.6
114.6
113.9
111.7
112.2
111.7
111.7
108.5
105.4
108.5
105.9
105.6
103.3
104.0
103.2
101.6
100.1
97.97
98.05
98.96
98.54
101.4
103.7
104.8
106.4
107.4
108.9
115.0
116.7
115.5
122.3
126.8
129.0
137.2
135.7
143.4
152.4
158.6
174.1
175.6
179.8
190.2
199.1
208.7
209.8
220.1
226.3
235.3
245.0
250.3
265.6
274.2
286.5
294.1
303.0
313.4
304.9
309.5
312.0
322.1
328.0
316.9
289.1
260.9
243.2
218.8
186.5
140.3
106.1
84.11
62.92
55.53
50.91
44.89
39.15
39.68
41.42
32.29
27.39
24.48
23.24
22.04
20.69
19.22
18.61
17.02
16.79
15.31
14.59
14.17
13.42
13.81
12.47
14.76
10.63
10.77
12.92
10.69
9.188
8.274
7.847
8.926
7.923
6.803
6.542
6.006
5.596
5.347
4.991
5.004
4.523
4.179
3.992
3.769
3.615
3.231
3.121
2.892
2.834
2.698
2.615
2.533
2.476
2.441
2.420
2.415
2.416
2.426
2.446
2.460
2.461
2.455
2.442
2.422
2.391
2.358
2.312
2.266
2.220
2.185
2.143
2.100
2.063
2.029
2.004
1.978
1.947
1.913
1.875
1.837
1.802
1.764
1.729
1.694
1.659
1.626
1.593
1.563
1.532
1.504
1.481
1.455
1.434
1.415
1.398
1.381
1.365
1.350
1.334
1.323
1.320
1.319
1.318
1.316
1.301
1.301
1.303
116.7
117.6
116.5
113.1
114.5
114.5
114.0
111.7
110.8
110.2
110.4
108.7
107.4
106.1
104.4
104.1
102.2
100.8
101.2
98.68
98.35
98.13
97.86
98.47
100.2
102.1
102.2
105.4
109.3
109.2
109.0
110.6
115.3
120.8
127.4
126.3
131.6
142.1
146.8
152.1
162.9
171.7
168.8
177.9
181.4
191.8
193.4
206.9
218.1
225.1
241.1
254.5
266.7
275.1
289.2
309.7
314.9
319.3
324.9
328.4
315.8
317.8
338.2
363.5
371.6
358.3
324.2
283.3
250.9
223.5
181.0
134.2
95.58
80.23
66.87
58.41
53.73
46.62
37.66
36.35
33.37
26.89
22.71
21.42
19.76
18.76
17.93
17.87
18.54
17.23
16.63
17.18
16.87
14.22
15.01
12.90
12.23
11.86
11.55
10.51
9.631
9.999
8.841
7.670
8.254
8.598
6.562
7.041
7.130
5.822
5.643
5.466
4.856
4.829
4.863
4.259
4.149
3.869
3.541
3.275
3.090
2.973
2.870
2.733
2.650
2.588
2.532
2.496
2.477
2.469
2.473
2.488
2.508
2.521
2.528
2.530
2.522
2.501
2.467
2.427
2.380
2.331
2.280
2.233
2.198
2.149
2.110
2.080
2.054
2.024
1.989
1.953
1.912
1.873
1.834
1.799
1.760
1.725
1.690
1.658
1.625
1.593
1.566
1.539
1.515
1.491
1.469
1.447
1.427
1.408
1.391
1.382
1.373
1.361
1.347
1.341
1.340
1.332
1.322
1.307
1.304
117.0
117.2
116.4
114.3
115.1
115.9
112.7
111.1
113.9
112.2
109.1
109.4
104.2
107.3
105.2
104.8
104.3
102.9
102.2
99.21
96.64
100.4
97.24
99.51
98.28
98.30
100.4
106.3
103.5
106.1
108.4
111.8
109.0
114.1
118.6
130.2
137.7
140.6
138.3
148.8
155.9
179.2
182.7
172.7
186.2
189.0
196.1
206.3
220.9
219.9
229.4
245.1
260.3
276.0
286.3
299.0
303.1
287.9
288.6
288.9
301.4
335.9
361.1
390.5
400.4
380.9
330.4
278.4
257.4
205.8
137.0
107.0
77.08
66.61
58.47
48.55
47.89
38.52
32.45
27.41
28.93
26.37
24.24
22.59
20.00
19.55
20.93
20.39
20.27
18.72
19.58
18.20
17.06
17.28
14.08
13.74
12.41
12.16
13.04
12.19
12.12
9.966
8.110
7.454
7.552
7.297
6.426
6.736
7.153
5.647
5.597
5.409
4.944
4.990
4.579
4.309
4.050
3.858
3.591
3.314
3.159
2.973
2.885
2.736
2.649
2.574
2.521
2.489
2.480
2.482
2.490
2.514
2.537
2.552
2.552
2.544
2.527
2.500
2.465
2.429
2.380
2.326
2.271
2.219
2.179
2.131
2.090
2.059
2.032
2.004
1.970
1.932
1.891
1.851
1.810
1.774
1.739
1.704
1.670
1.635
1.602
1.568
1.539
1.511
1.486
1.463
1.437
1.418
1.403
1.388
1.369
1.353
1.339
1.331
1.323
1.320
1.319
1.319
1.316
1.308
1.310
116.7
117.6
116.5
113.1
114.5
114.5
114.0
111.7
110.8
110.2
110.4
108.7
107.4
106.1
104.4
104.1
102.2
100.8
101.2
98.68
98.35
98.13
97.86
98.47
100.2
102.1
102.2
105.4
109.3
109.2
109.0
110.6
115.3
120.8
127.4
126.3
131.6
142.1
146.8
152.1
162.9
171.7
168.8
177.9
181.4
191.8
193.4
206.9
218.1
225.1
241.1
254.5
266.7
275.1
289.2
309.7
314.9
319.3
324.9
328.4
315.8
317.8
338.2
363.5
371.6
358.3
324.2
283.3
250.9
223.5
181.0
134.2
95.58
80.23
66.87
58.41
53.73
46.62
37.66
36.35
33.37
26.89
22.71
21.42
19.76
18.76
17.93
17.87
18.54
17.23
16.63
17.18
16.87
14.22
15.01
12.90
12.23
11.86
11.55
10.51
9.631
9.999
8.841
7.670
8.254
8.598
6.562
7.041
7.130
5.822
5.643
5.466
4.856
4.829
4.863
4.259
4.149
3.869
3.541
3.275
3.090
2.973
2.870
2.733
2.650
2.588
2.532
2.496
2.477
2.469
2.473
2.488
2.508
2.521
2.528
2.530
2.522
2.501
2.467
2.427
2.380
2.331
2.280
2.233
2.198
2.149
2.110
2.080
2.054
2.024
1.989
1.953
1.912
1.873
1.834
1.799
1.760
1.725
1.690
1.658
1.625
1.593
1.566
1.539
1.515
1.491
1.469
1.447
1.427
1.408
1.391
1.382
1.373
1.361
1.347
1.341
1.340
1.332
1.322
1.307
1.304
116.3
116.1
116.3
115.6
114.6
114.6
113.9
111.7
112.2
111.7
111.7
108.5
105.4
108.5
105.9
105.6
103.3
104.0
103.2
101.6
100.1
97.97
98.05
98.96
98.54
101.4
103.7
104.8
106.4
107.4
108.9
115.0
116.7
115.5
122.3
126.8
129.0
137.2
135.7
143.4
152.4
158.6
174.1
175.6
179.8
190.2
199.1
208.7
209.8
220.1
226.3
235.3
245.0
250.3
265.6
274.2
286.5
294.1
303.0
313.4
304.9
309.5
312.0
322.1
328.0
316.9
289.1
260.9
243.2
218.8
186.5
140.3
106.1
84.11
62.92
55.53
50.91
44.89
39.15
39.68
41.42
32.29
27.39
24.48
23.24
22.04
20.69
19.22
18.61
17.02
16.79
15.31
14.59
14.17
13.42
13.81
12.47
14.76
10.63
10.77
12.92
10.69
9.188
8.274
7.847
8.926
7.923
6.803
6.542
6.006
5.596
5.347
4.991
5.004
4.523
4.179
3.992
3.769
3.615
3.231
3.121
2.892
2.834
2.698
2.615
2.533
2.476
2.441
2.420
2.415
2.416
2.426
2.446
2.460
2.461
2.455
2.442
2.422
2.391
2.358
2.312
2.266
2.220
2.185
2.143
2.100
2.063
2.029
2.004
1.978
1.947
1.913
1.875
1.837
1.802
1.764
1.729
1.694
1.659
1.626
1.593
1.563
1.532
1.504
1.481
1.455
1.434
1.415
1.398
1.381
1.365
1.350
1.334
1.323
1.320
1.319
1.318
1.316
1.301
1.301
1.303
116.4
117.2
116.7
114.3
115.7
114.9
114.1
111.5
109.6
111.1
109.2
108.8
107.9
106.0
106.8
107.0
106.5
101.3
104.1
98.29
98.18
99.16
99.75
99.03
99.29
100.1
101.2
104.5
102.2
105.0
110.9
114.0
115.4
119.2
122.2
128.6
129.1
134.9
137.8
138.3
153.5
156.5
160.6
167.2
168.4
172.8
182.4
195.0
199.3
211.0
230.0
241.6
254.0
259.0
262.7
272.8
290.5
300.8
307.7
310.1
313.2
302.5
304.9
305.8
310.7
298.1
268.2
231.8
194.2
165.2
130.6
96.33
75.80
66.76
52.27
50.42
49.08
49.78
43.98
39.26
38.19
29.79
24.51
24.11
21.52
20.65
19.96
19.67
18.68
17.83
16.72
16.57
18.14
14.49
14.26
13.82
15.19
12.56
12.72
11.09
10.48
10.87
9.693
8.049
8.338
7.561
7.904
6.986
6.503
6.026
5.790
5.460
5.161
4.892
4.604
4.371
4.027
3.737
3.515
3.279
3.124
2.952
2.881
2.702
2.612
2.541
2.501
2.455
2.438
2.414
2.417
2.427
2.444
2.451
2.457
2.458
2.451
2.432
2.396
2.356
2.311
2.269
2.231
2.197
2.158
2.115
2.078
2.046
2.023
1.998
1.968
1.934
1.898
1.860
1.824
1.790
1.754
1.718
1.685
1.653
1.621
1.590
1.563
1.539
1.513
1.490
1.468
1.448
1.426
1.406
1.389
1.377
1.366
1.355
1.343
1.337
1.333
1.328
1.317
1.309
1.301
115.4
115.8
116.5
115.5
115.9
115.2
114.1
112.5
112.2
110.2
108.6
109.5
108.6
107.0
105.1
105.2
102.3
103.6
103.7
99.85
100.8
98.84
97.70
98.86
100.5
101.8
100.6
103.1
105.0
108.6
111.3
114.7
116.0
116.8
120.2
123.4
132.5
140.5
140.5
147.0
151.7
164.5
168.3
178.5
173.1
185.7
195.8
201.6
215.3
221.8
228.3
237.6
251.1
263.0
269.2
277.6
294.4
300.6
305.1
301.0
301.6
312.1
328.0
329.9
328.9
312.2
291.6
259.5
217.7
193.8
153.7
114.5
92.44
74.90
64.91
60.51
59.04
50.39
43.41
42.33
40.04
30.82
27.66
24.96
22.60
21.71
22.08
21.02
18.65
17.16
16.96
16.08
14.74
14.13
13.69
13.65
13.79
12.57
11.88
10.59
11.77
10.58
8.855
8.376
8.724
8.515
6.802
7.147
7.484
6.106
5.565
5.418
5.178
4.996
4.695
4.432
4.099
3.979
3.651
3.313
3.158
2.940
2.857
2.748
2.640
2.555
2.501
2.469
2.447
2.440
2.443
2.457
2.475
2.486
2.487
2.484
2.477
2.456
2.424
2.390
2.345
2.299
2.256
2.214
2.178
2.132
2.089
2.055
2.025
2.001
1.966
1.930
1.890
1.854
1.814
1.776
1.740
1.703
1.667
1.632
1.599
1.568
1.539
1.512
1.486
1.463
1.438
1.419
1.401
1.383
1.364
1.349
1.336
1.328
1.318
1.313
1.311
1.310
1.310
1.304
1.302
116.1
116.2
116.0
116.0
115.1
114.1
112.1
113.0
111.4
110.0
110.3
108.4
107.5
106.4
107.2
105.6
103.0
103.5
101.1
97.88
97.98
97.50
97.52
96.03
99.80
99.88
99.49
102.6
103.9
106.6
108.9
113.3
111.2
118.9
121.3
127.1
128.8
135.6
145.1
151.8
158.5
164.4
163.4
176.2
175.4
188.7
197.4
204.6
213.4
218.6
223.7
241.3
254.5
264.2
273.4
289.4
298.6
304.3
310.5
309.8
325.0
332.2
351.8
378.6
376.2
359.7
336.5
320.6
314.3
279.4
215.2
156.3
113.8
80.54
66.67
65.46
55.23
44.95
41.38
39.96
34.63
26.67
26.69
22.25
19.80
20.19
18.61
17.51
16.70
17.38
17.57
16.66
16.17
14.71
14.52
15.32
13.33
11.29
12.11
11.68
10.70
9.691
8.873
9.384
8.331
8.297
6.889
7.381
6.363
5.953
6.226
5.385
5.323
4.954
4.702
4.481
4.251
4.079
3.690
3.338
3.171
3.061
2.884
2.781
2.662
2.607
2.544
2.508
2.487
2.488
2.502
2.520
2.554
2.579
2.590
2.591
2.582
2.568
2.534
2.493
2.446
2.393
2.342
2.293
2.248
2.201
2.155
2.117
2.085
2.052
2.015
1.972
1.928
1.885
1.844
1.803
1.764
1.728
1.693
1.658
1.625
1.594
1.567
1.538
1.514
1.490
1.466
1.445
1.426
1.408
1.390
1.378
1.366
1.356
1.345
1.340
1.333
1.327
1.318
1.305
1.301
