SALVI
1
0
24
15.00
181
1.00
21-ICE006
21-ICE006

21-ICE006.ldt
01 March 2021/AA
760
309
225
320
60
0
0
0
0
96.3
100.0
1.000
0.0
1
1
Wicop Y22
6454.5


52.5
0.172
0.251
0.336
0.413
0.471
0.565
0.621
0.674
0.738
0.779
0.0
15.0
30.0
45.0
60.0
75.0
90.0
105.0
120.0
135.0
150.0
165.0
180.0
195.0
210.0
225.0
240.0
255.0
270.0
285.0
300.0
315.0
330.0
345.0
0.0
1.0
2.0
3.0
4.0
5.0
6.0
7.0
8.0
9.0
10.0
11.0
12.0
13.0
14.0
15.0
16.0
17.0
18.0
19.0
20.0
21.0
22.0
23.0
24.0
25.0
26.0
27.0
28.0
29.0
30.0
31.0
32.0
33.0
34.0
35.0
36.0
37.0
38.0
39.0
40.0
41.0
42.0
43.0
44.0
45.0
46.0
47.0
48.0
49.0
50.0
51.0
52.0
53.0
54.0
55.0
56.0
57.0
58.0
59.0
60.0
61.0
62.0
63.0
64.0
65.0
66.0
67.0
68.0
69.0
70.0
71.0
72.0
73.0
74.0
75.0
76.0
77.0
78.0
79.0
80.0
81.0
82.0
83.0
84.0
85.0
86.0
87.0
88.0
89.0
90.0
91.0
92.0
93.0
94.0
95.0
96.0
97.0
98.0
99.0
100.0
101.0
102.0
103.0
104.0
105.0
106.0
107.0
108.0
109.0
110.0
111.0
112.0
113.0
114.0
115.0
116.0
117.0
118.0
119.0
120.0
121.0
122.0
123.0
124.0
125.0
126.0
127.0
128.0
129.0
130.0
131.0
132.0
133.0
134.0
135.0
136.0
137.0
138.0
139.0
140.0
141.0
142.0
143.0
144.0
145.0
146.0
147.0
148.0
149.0
150.0
151.0
152.0
153.0
154.0
155.0
156.0
157.0
158.0
159.0
160.0
161.0
162.0
163.0
164.0
165.0
166.0
167.0
168.0
169.0
170.0
171.0
172.0
173.0
174.0
175.0
176.0
177.0
178.0
179.0
180.0
159.3
158.9
160.1
158.1
159.4
160.2
160.2
159.8
159.0
160.2
163.0
162.8
162.4
164.1
162.8
164.1
168.1
169.6
165.0
160.5
161.2
160.7
162.1
159.1
158.9
163.2
163.2
165.2
170.2
171.0
170.8
171.5
176.6
184.3
185.6
194.0
194.7
197.9
197.6
198.9
202.5
201.4
200.7
208.3
211.2
214.3
216.5
214.0
221.1
222.8
229.8
232.9
232.0
238.2
237.0
237.1
248.9
249.8
250.6
253.6
240.9
228.1
227.2
239.3
250.0
259.9
261.2
252.6
245.7
242.8
219.5
215.6
205.9
180.5
143.4
128.3
109.3
121.3
110.7
102.1
82.57
65.56
51.72
48.04
40.65
39.93
41.65
22.65
20.03
18.95
17.64
18.23
18.03
20.50
23.45
19.05
19.29
18.12
14.82
12.41
10.50
9.029
9.122
9.559
8.253
7.026
7.168
6.893
6.173
5.956
5.785
5.366
5.186
4.910
4.809
4.574
4.416
4.219
3.951
3.772
3.719
3.468
3.262
3.131
3.018
2.958
2.898
2.858
2.826
2.798
2.775
2.747
2.727
2.698
2.666
2.633
2.586
2.536
2.474
2.408
2.338
2.278
2.240
2.183
2.135
2.095
2.042
2.014
2.002
1.995
1.990
1.982
1.977
1.968
1.962
1.959
1.952
1.946
1.943
1.936
1.931
1.924
1.920
1.916
1.913
1.907
1.904
1.901
1.901
1.897
1.892
1.888
1.886
1.886
1.885
1.885
1.885
1.885
1.885
1.885
1.886
158.3
159.0
161.6
160.8
162.8
164.1
164.5
166.1
166.8
169.2
171.2
174.1
175.4
178.0
177.8
181.2
185.0
183.6
183.8
185.4
179.3
178.6
182.5
183.1
187.0
189.2
192.1
192.5
193.7
193.3
201.1
200.7
205.0
205.8
213.3
215.9
223.2
225.2
225.1
230.1
241.5
251.2
246.4
248.7
260.2
277.3
286.6
279.5
266.3
268.3
263.8
275.5
276.4
278.9
279.1
275.8
280.0
282.9
283.9
286.2
293.9
307.3
313.2
324.8
338.2
333.9
327.9
326.6
335.4
324.0
335.0
339.6
307.4
266.0
230.5
200.8
171.3
126.8
113.8
99.93
74.52
69.61
54.80
50.30
39.70
35.77
28.20
22.74
20.84
18.99
18.29
18.70
22.72
23.26
22.64
19.69
16.75
15.78
14.11
12.28
9.764
10.29
8.807
8.929
8.494
7.040
7.555
6.624
5.942
5.907
5.403
5.403
5.177
4.978
4.628
4.435
4.399
4.101
3.988
3.709
3.584
3.353
3.154
3.019
2.886
2.800
2.722
2.657
2.598
2.543
2.504
2.464
2.417
2.374
2.327
2.279
2.224
2.163
2.099
2.038
1.970
1.908
1.864
1.854
1.789
1.737
1.731
1.686
1.690
1.694
1.700
1.703
1.709
1.715
1.719
1.726
1.732
1.740
1.747
1.753
1.760
1.765
1.774
1.787
1.802
1.809
1.818
1.825
1.832
1.841
1.845
1.858
1.872
1.885
1.895
1.906
1.921
1.931
1.944
1.954
1.953
158.3
159.9
163.5
164.5
168.7
171.0
173.0
173.9
178.0
180.6
181.7
186.3
186.8
188.7
196.4
197.1
199.7
198.5
199.9
198.8
196.2
198.5
199.5
202.1
205.9
210.1
215.1
207.5
211.9
220.4
211.8
212.2
217.7
225.1
231.4
241.8
233.6
242.0
252.4
267.5
277.0
293.0
295.6
280.5
292.2
299.8
283.8
283.6
282.4
291.2
296.1
306.3
304.0
308.6
317.3
329.2
328.6
336.6
337.6
347.7
346.1
350.9
363.2
401.5
425.4
429.8
405.0
388.4
381.8
375.0
366.1
331.6
270.3
221.0
181.0
157.4
120.3
90.86
72.23
57.42
39.94
33.54
31.35
28.81
28.03
26.70
23.59
22.10
19.71
18.58
18.00
18.15
20.15
22.86
22.44
19.02
18.02
17.81
14.90
11.39
9.694
9.016
8.873
8.933
7.329
6.826
6.499
6.166
5.873
5.651
5.341
5.241
4.987
4.700
4.504
4.238
3.947
3.815
3.705
3.508
3.346
3.123
2.997
2.853
2.722
2.643
2.567
2.496
2.444
2.385
2.342
2.301
2.255
2.209
2.158
2.109
2.055
2.000
1.936
1.861
1.792
1.725
1.672
1.617
1.579
1.549
1.528
1.495
1.492
1.497
1.508
1.517
1.530
1.540
1.558
1.565
1.579
1.592
1.606
1.621
1.632
1.647
1.662
1.683
1.705
1.719
1.732
1.747
1.763
1.777
1.789
1.811
1.828
1.848
1.865
1.884
1.906
1.923
1.943
1.961
1.977
158.0
160.7
163.9
165.2
170.2
174.9
177.0
180.0
185.0
188.3
190.7
195.7
198.8
200.8
206.2
207.8
210.1
212.2
213.8
210.7
208.7
204.9
209.4
206.6
208.4
215.9
216.3
220.5
222.5
220.3
220.4
218.8
226.6
228.9
245.4
231.8
239.6
248.7
258.7
267.0
268.9
290.7
307.1
299.7
292.4
296.4
305.8
311.7
320.4
334.4
344.3
354.8
359.4
375.5
394.1
395.9
392.2
385.3
382.8
385.7
387.0
390.1
402.6
426.7
442.4
418.0
397.8
372.1
341.7
310.2
278.4
228.5
191.8
143.4
122.5
101.0
80.02
61.38
47.09
37.58
33.29
29.80
26.23
25.02
23.95
22.82
21.19
19.45
17.90
17.08
15.93
16.87
17.30
21.38
18.16
16.40
16.41
14.02
12.16
10.44
9.366
8.640
7.935
7.656
6.930
6.553
6.667
6.278
5.807
5.691
5.309
5.341
5.030
4.728
4.328
4.105
3.921
3.777
3.560
3.364
3.356
3.051
2.898
2.744
2.624
2.521
2.436
2.367
2.306
2.255
2.212
2.174
2.136
2.099
2.047
1.995
1.935
1.867
1.793
1.716
1.638
1.569
1.504
1.457
1.412
1.385
1.364
1.341
1.349
1.365
1.381
1.397
1.413
1.428
1.447
1.462
1.481
1.501
1.520
1.538
1.558
1.575
1.598
1.620
1.649
1.668
1.687
1.709
1.729
1.750
1.769
1.797
1.822
1.847
1.870
1.896
1.923
1.945
1.971
1.994
2.004
158.2
161.6
165.1
170.2
172.0
178.1
182.1
187.0
190.9
195.7
198.8
203.2
204.4
205.8
209.5
210.7
212.6
217.0
217.2
213.5
211.8
209.6
218.9
216.0
219.2
221.1
218.4
223.6
224.9
225.7
228.8
225.7
229.9
232.8
244.1
262.1
285.0
299.1
313.6
329.3
338.2
332.9
326.9
337.5
340.3
353.0
363.6
370.6
389.6
400.7
403.7
408.4
402.3
412.2
404.9
400.5
393.7
381.7
359.0
353.0
334.7
318.8
317.0
308.8
295.8
261.8
229.2
205.0
183.4
175.8
158.5
130.4
112.7
85.24
87.84
73.93
57.56
46.14
40.34
31.91
27.76
25.24
23.48
21.58
20.83
19.48
18.01
17.13
16.27
17.17
17.22
19.29
18.43
18.57
21.00
17.57
14.49
13.85
14.53
12.20
10.04
8.393
9.237
8.562
7.094
6.485
6.204
5.884
5.647
5.665
5.028
5.092
4.765
4.314
4.225
3.841
3.650
3.622
3.350
3.178
3.154
3.006
2.883
2.757
2.554
2.465
2.388
2.312
2.249
2.196
2.150
2.105
2.069
2.023
1.975
1.922
1.860
1.795
1.725
1.647
1.569
1.492
1.422
1.365
1.334
1.331
1.260
1.246
1.246
1.260
1.277
1.294
1.312
1.333
1.357
1.372
1.395
1.413
1.437
1.461
1.483
1.507
1.531
1.560
1.589
1.614
1.637
1.662
1.686
1.711
1.736
1.765
1.795
1.822
1.851
1.878
1.910
1.936
1.968
1.993
2.014
157.9
162.1
165.3
170.2
175.5
179.5
185.3
187.8
192.7
198.9
203.1
204.3
207.8
209.4
212.8
217.3
217.2
221.1
218.0
217.6
213.1
215.4
216.9
220.5
221.9
221.7
227.3
229.4
223.2
230.1
224.4
229.6
235.7
245.2
257.3
274.2
297.1
319.4
350.0
340.9
332.4
347.9
343.1
357.9
386.1
394.2
384.1
395.6
384.0
403.2
394.1
403.8
394.1
387.9
372.0
362.9
349.1
327.4
299.7
279.2
254.8
237.8
238.5
234.2
202.4
174.7
162.3
153.0
128.8
127.7
146.3
129.3
107.3
93.46
78.98
63.00
48.29
40.22
36.43
32.31
28.61
27.05
24.32
22.26
22.56
22.62
17.88
16.35
15.31
14.29
16.06
20.33
22.13
21.47
21.76
23.52
17.70
14.61
13.72
12.67
11.24
8.052
9.146
9.500
7.976
6.625
6.685
6.662
5.638
5.391
6.057
4.639
4.673
4.195
3.907
3.760
3.733
3.568
3.278
3.187
3.079
2.939
2.777
2.661
2.518
2.427
2.353
2.285
2.225
2.174
2.126
2.085
2.057
1.998
1.942
1.885
1.828
1.756
1.682
1.609
1.524
1.446
1.377
1.317
1.279
1.261
1.206
1.204
1.214
1.231
1.249
1.268
1.287
1.307
1.329
1.350
1.372
1.396
1.419
1.445
1.471
1.495
1.522
1.551
1.585
1.611
1.637
1.665
1.692
1.717
1.746
1.776
1.809
1.838
1.868
1.898
1.933
1.959
1.991
2.019
2.029
158.3
162.1
164.8
169.6
176.7
182.0
186.4
190.4
196.1
194.1
201.3
206.1
207.9
216.9
210.5
220.5
212.5
219.3
226.8
215.5
218.0
214.0
216.3
221.0
223.0
227.3
228.5
237.7
233.0
237.4
244.8
235.8
262.7
257.1
284.0
292.6
304.3
321.3
327.6
322.0
319.2
319.1
339.3
337.8
355.0
342.6
356.0
377.8
378.4
382.0
390.4
390.8
400.4
392.7
410.0
389.9
362.7
328.8
291.9
261.4
235.4
212.2
201.1
196.0
199.4
180.6
173.7
153.5
125.2
112.6
120.1
118.3
95.03
77.05
67.04
51.99
46.96
41.97
38.69
33.35
30.95
29.84
27.86
25.80
30.37
23.40
17.88
16.14
15.15
13.94
14.43
15.54
19.92
24.96
25.54
22.42
17.18
15.93
14.78
13.12
11.02
8.088
9.684
9.705
7.420
6.830
6.471
6.909
5.364
6.235
4.972
5.035
5.035
4.194
4.024
3.783
3.670
3.393
3.201
3.106
3.158
2.821
2.743
2.581
2.474
2.394
2.322
2.271
2.216
2.158
2.113
2.075
2.040
1.993
1.946
1.894
1.831
1.760
1.670
1.588
1.504
1.424
1.361
1.308
1.275
1.251
1.196
1.184
1.185
1.199
1.217
1.237
1.260
1.280
1.300
1.322
1.347
1.370
1.395
1.420
1.448
1.472
1.499
1.530
1.562
1.589
1.617
1.644
1.671
1.700
1.731
1.759
1.790
1.821
1.851
1.881
1.917
1.943
1.975
2.004
2.022
157.9
162.1
165.3
170.2
175.5
179.5
185.3
187.8
192.7
198.9
203.1
204.3
207.8
209.4
212.8
217.3
217.2
221.1
218.0
217.6
213.1
215.4
216.9
220.5
221.9
221.7
227.3
229.4
223.2
230.1
224.4
229.6
235.7
245.2
257.3
274.2
297.1
319.4
350.0
340.9
332.4
347.9
343.1
357.9
386.1
394.2
384.1
395.6
384.0
403.2
394.1
403.8
394.1
387.9
372.0
362.9
349.1
327.4
299.7
279.2
254.8
237.8
238.5
234.2
202.4
174.7
162.3
153.0
128.8
127.7
146.3
129.3
107.3
93.46
78.98
63.00
48.29
40.22
36.43
32.31
28.61
27.05
24.32
22.26
22.56
22.62
17.88
16.35
15.31
14.29
16.06
20.33
22.13
21.47
21.76
23.52
17.70
14.61
13.72
12.67
11.24
8.052
9.146
9.500
7.976
6.625
6.685
6.662
5.638
5.391
6.057
4.639
4.673
4.195
3.907
3.760
3.733
3.568
3.278
3.187
3.079
2.939
2.777
2.661
2.518
2.427
2.353
2.285
2.225
2.174
2.126
2.085
2.057
1.998
1.942
1.885
1.828
1.756
1.682
1.609
1.524
1.446
1.377
1.317
1.279
1.261
1.206
1.204
1.214
1.231
1.249
1.268
1.287
1.307
1.329
1.350
1.372
1.396
1.419
1.445
1.471
1.495
1.522
1.551
1.585
1.611
1.637
1.665
1.692
1.717
1.746
1.776
1.809
1.838
1.868
1.898
1.933
1.959
1.991
2.019
2.029
158.2
161.6
165.1
170.2
172.0
178.1
182.1
187.0
190.9
195.7
198.8
203.2
204.4
205.8
209.5
210.7
212.6
217.0
217.2
213.5
211.8
209.6
218.9
216.0
219.2
221.1
218.4
223.6
224.9
225.7
228.8
225.7
229.9
232.8
244.1
262.1
285.0
299.1
313.6
329.3
338.2
332.9
326.9
337.5
340.3
353.0
363.6
370.6
389.6
400.7
403.7
408.4
402.3
412.2
404.9
400.5
393.7
381.7
359.0
353.0
334.7
318.8
317.0
308.8
295.8
261.8
229.2
205.0
183.4
175.8
158.5
130.4
112.7
85.24
87.84
73.93
57.56
46.14
40.34
31.91
27.76
25.24
23.48
21.58
20.83
19.48
18.01
17.13
16.27
17.17
17.22
19.29
18.43
18.57
21.00
17.57
14.49
13.85
14.53
12.20
10.04
8.393
9.237
8.562
7.094
6.485
6.204
5.884
5.647
5.665
5.028
5.092
4.765
4.314
4.225
3.841
3.650
3.622
3.350
3.178
3.154
3.006
2.883
2.757
2.554
2.465
2.388
2.312
2.249
2.196
2.150
2.105
2.069
2.023
1.975
1.922
1.860
1.795
1.725
1.647
1.569
1.492
1.422
1.365
1.334
1.331
1.260
1.246
1.246
1.260
1.277
1.294
1.312
1.333
1.357
1.372
1.395
1.413
1.437
1.461
1.483
1.507
1.531
1.560
1.589
1.614
1.637
1.662
1.686
1.711
1.736
1.765
1.795
1.822
1.851
1.878
1.910
1.936
1.968
1.993
2.014
158.0
160.7
163.9
165.2
170.2
174.9
177.0
180.0
185.0
188.3
190.7
195.7
198.8
200.8
206.2
207.8
210.1
212.2
213.8
210.7
208.7
204.9
209.4
206.6
208.4
215.9
216.3
220.5
222.5
220.3
220.4
218.8
226.6
228.9
245.4
231.8
239.6
248.7
258.7
267.0
268.9
290.7
307.1
299.7
292.4
296.4
305.8
311.7
320.4
334.4
344.3
354.8
359.4
375.5
394.1
395.9
392.2
385.3
382.8
385.7
387.0
390.1
402.6
426.7
442.4
418.0
397.8
372.1
341.7
310.2
278.4
228.5
191.8
143.4
122.5
101.0
80.02
61.38
47.09
37.58
33.29
29.80
26.23
25.02
23.95
22.82
21.19
19.45
17.90
17.08
15.93
16.87
17.30
21.38
18.16
16.40
16.41
14.02
12.16
10.44
9.366
8.640
7.935
7.656
6.930
6.553
6.667
6.278
5.807
5.691
5.309
5.341
5.030
4.728
4.328
4.105
3.921
3.777
3.560
3.364
3.356
3.051
2.898
2.744
2.624
2.521
2.436
2.367
2.306
2.255
2.212
2.174
2.136
2.099
2.047
1.995
1.935
1.867
1.793
1.716
1.638
1.569
1.504
1.457
1.412
1.385
1.364
1.341
1.349
1.365
1.381
1.397
1.413
1.428
1.447
1.462
1.481
1.501
1.520
1.538
1.558
1.575
1.598
1.620
1.649
1.668
1.687
1.709
1.729
1.750
1.769
1.797
1.822
1.847
1.870
1.896
1.923
1.945
1.971
1.994
2.004
158.3
159.9
163.5
164.5
168.7
171.0
173.0
173.9
178.0
180.6
181.7
186.3
186.8
188.7
196.4
197.1
199.7
198.5
199.9
198.8
196.2
198.5
199.5
202.1
205.9
210.1
215.1
207.5
211.9
220.4
211.8
212.2
217.7
225.1
231.4
241.8
233.6
242.0
252.4
267.5
277.0
293.0
295.6
280.5
292.2
299.8
283.8
283.6
282.4
291.2
296.1
306.3
304.0
308.6
317.3
329.2
328.6
336.6
337.6
347.7
346.1
350.9
363.2
401.5
425.4
429.8
405.0
388.4
381.8
375.0
366.1
331.6
270.3
221.0
181.0
157.4
120.3
90.86
72.23
57.42
39.94
33.54
31.35
28.81
28.03
26.70
23.59
22.10
19.71
18.58
18.00
18.15
20.15
22.86
22.44
19.02
18.02
17.81
14.90
11.39
9.694
9.016
8.873
8.933
7.329
6.826
6.499
6.166
5.873
5.651
5.341
5.241
4.987
4.700
4.504
4.238
3.947
3.815
3.705
3.508
3.346
3.123
2.997
2.853
2.722
2.643
2.567
2.496
2.444
2.385
2.342
2.301
2.255
2.209
2.158
2.109
2.055
2.000
1.936
1.861
1.792
1.725
1.672
1.617
1.579
1.549
1.528
1.495
1.492
1.497
1.508
1.517
1.530
1.540
1.558
1.565
1.579
1.592
1.606
1.621
1.632
1.647
1.662
1.683
1.705
1.719
1.732
1.747
1.763
1.777
1.789
1.811
1.828
1.848
1.865
1.884
1.906
1.923
1.943
1.961
1.977
158.3
159.0
161.6
160.8
162.8
164.1
164.5
166.1
166.8
169.2
171.2
174.1
175.4
178.0
177.8
181.2
185.0
183.6
183.8
185.4
179.3
178.6
182.5
183.1
187.0
189.2
192.1
192.5
193.7
193.3
201.1
200.7
205.0
205.8
213.3
215.9
223.2
225.2
225.1
230.1
241.5
251.2
246.4
248.7
260.2
277.3
286.6
279.5
266.3
268.3
263.8
275.5
276.4
278.9
279.1
275.8
280.0
282.9
283.9
286.2
293.9
307.3
313.2
324.8
338.2
333.9
327.9
326.6
335.4
324.0
335.0
339.6
307.4
266.0
230.5
200.8
171.3
126.8
113.8
99.93
74.52
69.61
54.80
50.30
39.70
35.77
28.20
22.74
20.84
18.99
18.29
18.70
22.72
23.26
22.64
19.69
16.75
15.78
14.11
12.28
9.764
10.29
8.807
8.929
8.494
7.040
7.555
6.624
5.942
5.907
5.403
5.403
5.177
4.978
4.628
4.435
4.399
4.101
3.988
3.709
3.584
3.353
3.154
3.019
2.886
2.800
2.722
2.657
2.598
2.543
2.504
2.464
2.417
2.374
2.327
2.279
2.224
2.163
2.099
2.038
1.970
1.908
1.864
1.854
1.789
1.737
1.731
1.686
1.690
1.694
1.700
1.703
1.709
1.715
1.719
1.726
1.732
1.740
1.747
1.753
1.760
1.765
1.774
1.787
1.802
1.809
1.818
1.825
1.832
1.841
1.845
1.858
1.872
1.885
1.895
1.906
1.921
1.931
1.944
1.954
1.953
159.3
158.9
160.1
158.1
159.4
160.2
160.2
159.8
159.0
160.2
163.0
162.8
162.4
164.1
162.8
164.1
168.1
169.6
165.0
160.5
161.2
160.7
162.1
159.1
158.9
163.2
163.2
165.2
170.2
171.0
170.8
171.5
176.6
184.3
185.6
194.0
194.7
197.9
197.6
198.9
202.5
201.4
200.7
208.3
211.2
214.3
216.5
214.0
221.1
222.8
229.8
232.9
232.0
238.2
237.0
237.1
248.9
249.8
250.6
253.6
240.9
228.1
227.2
239.3
250.0
259.9
261.2
252.6
245.7
242.8
219.5
215.6
205.9
180.5
143.4
128.3
109.3
121.3
110.7
102.1
82.57
65.56
51.72
48.04
40.65
39.93
41.65
22.65
20.03
18.95
17.64
18.23
18.03
20.50
23.45
19.05
19.29
18.12
14.82
12.41
10.50
9.029
9.122
9.559
8.253
7.026
7.168
6.893
6.173
5.956
5.785
5.366
5.186
4.910
4.809
4.574
4.416
4.219
3.951
3.772
3.719
3.468
3.262
3.131
3.018
2.958
2.898
2.858
2.826
2.798
2.775
2.747
2.727
2.698
2.666
2.633
2.586
2.536
2.474
2.408
2.338
2.278
2.240
2.183
2.135
2.095
2.042
2.014
2.002
1.995
1.990
1.982
1.977
1.968
1.962
1.959
1.952
1.946
1.943
1.936
1.931
1.924
1.920
1.916
1.913
1.907
1.904
1.901
1.901
1.897
1.892
1.888
1.886
1.886
1.885
1.885
1.885
1.885
1.885
1.885
1.886
158.3
156.9
156.2
154.7
155.3
153.0
153.2
152.9
150.8
150.4
152.0
149.3
146.8
151.2
149.7
149.0
151.5
148.2
149.9
142.6
145.3
139.0
140.9
140.4
143.2
137.5
142.4
140.7
141.6
142.0
146.1
142.1
144.8
150.6
154.0
161.9
158.8
147.3
153.8
153.5
167.5
171.2
170.0
170.1
163.1
165.6
169.0
168.9
168.1
167.6
166.7
167.5
164.3
163.2
166.3
164.0
159.1
157.8
156.4
150.4
148.2
155.1
167.0
160.3
155.7
145.0
146.4
148.5
155.8
149.3
149.3
133.2
123.9
112.9
100.5
94.14
85.37
77.77
66.32
62.15
54.53
47.86
39.72
33.83
29.24
26.75
22.98
19.29
18.08
16.68
16.57
17.69
20.26
26.37
20.05
22.76
16.30
15.63
14.15
12.52
10.56
9.194
8.733
9.294
8.839
7.145
7.416
7.318
6.240
6.415
5.759
5.740
5.289
4.905
4.727
4.577
4.550
4.357
4.216
3.907
3.704
3.440
3.295
3.240
3.123
3.060
3.030
3.017
3.012
3.006
3.007
3.014
3.023
3.027
3.018
3.004
2.972
2.934
2.884
2.830
2.771
2.712
2.666
2.612
2.550
2.497
2.456
2.419
2.398
2.382
2.365
2.345
2.324
2.305
2.288
2.269
2.253
2.233
2.217
2.198
2.182
2.167
2.155
2.142
2.127
2.113
2.102
2.090
2.080
2.065
2.055
2.043
2.033
2.021
2.010
2.001
1.994
1.985
1.976
1.969
1.965
158.3
156.1
153.3
151.8
149.4
148.7
144.9
144.2
144.9
143.7
143.9
139.8
140.4
136.1
135.3
134.3
131.9
133.4
132.2
130.0
126.3
125.3
124.5
122.6
122.5
122.9
124.9
120.2
121.2
124.2
121.6
121.4
121.7
126.6
127.1
136.1
134.5
134.1
136.8
135.4
135.4
134.3
131.8
131.0
134.7
131.0
132.6
128.4
129.3
131.2
128.8
125.4
124.2
124.9
125.6
119.7
113.8
109.5
109.4
104.4
108.1
112.9
118.5
115.8
108.9
101.6
99.67
103.7
103.4
104.3
96.32
84.36
76.58
71.40
70.53
62.78
54.56
49.95
45.02
36.75
31.56
28.81
25.79
21.97
20.82
20.15
18.52
17.03
16.21
16.00
16.53
16.50
17.09
18.04
14.23
14.80
13.83
13.07
13.79
11.39
9.558
8.886
8.861
8.175
7.520
7.118
6.611
6.904
6.450
6.520
6.102
5.941
5.463
5.199
5.005
4.717
4.791
4.361
4.204
3.978
3.736
3.522
3.515
3.426
3.196
3.126
3.093
3.085
3.094
3.106
3.118
3.141
3.161
3.176
3.171
3.161
3.144
3.118
3.082
3.041
2.991
2.938
2.888
2.831
2.779
2.731
2.689
2.652
2.628
2.612
2.593
2.569
2.545
2.518
2.494
2.469
2.447
2.420
2.394
2.367
2.342
2.320
2.297
2.276
2.253
2.231
2.211
2.193
2.176
2.153
2.134
2.117
2.097
2.077
2.060
2.046
2.030
2.020
2.002
1.994
1.989
158.0
154.5
151.4
148.3
144.2
144.3
141.2
139.9
137.8
136.6
131.2
131.1
129.0
128.6
126.2
127.0
124.3
124.3
121.0
115.7
114.7
113.6
111.1
111.4
109.0
110.7
106.9
111.8
109.4
109.0
108.6
108.7
110.2
110.9
110.7
112.8
115.3
112.8
113.4
115.6
114.5
113.5
112.2
110.8
113.3
112.5
111.4
109.1
108.1
111.3
107.4
108.3
107.8
105.7
98.67
95.75
93.37
92.77
95.62
95.99
101.8
103.1
107.2
101.7
100.9
97.41
97.05
98.52
92.57
91.76
85.74
79.97
73.20
64.68
61.23
61.44
53.25
45.23
37.75
32.71
30.46
26.63
23.52
21.02
19.42
18.50
17.29
16.43
15.64
15.10
15.17
14.87
16.66
16.88
14.10
13.68
12.26
11.21
9.767
9.031
8.401
8.170
8.228
7.553
7.227
6.751
6.441
6.818
6.477
6.139
6.433
5.702
5.655
5.389
5.229
4.828
4.639
4.703
4.246
3.987
3.896
3.599
3.496
3.318
3.220
3.145
3.101
3.082
3.075
3.075
3.085
3.103
3.133
3.158
3.168
3.171
3.169
3.154
3.127
3.100
3.070
3.035
3.002
2.969
2.922
2.886
2.856
2.842
2.831
2.821
2.805
2.784
2.760
2.735
2.709
2.685
2.660
2.632
2.602
2.572
2.539
2.507
2.475
2.444
2.410
2.380
2.351
2.326
2.298
2.270
2.243
2.216
2.193
2.167
2.142
2.122
2.101
2.078
2.054
2.036
2.019
158.2
153.5
150.9
148.0
143.4
141.8
137.3
136.7
133.9
130.1
128.5
125.5
125.2
122.4
122.0
118.4
116.0
116.1
113.4
111.7
108.8
107.7
107.3
105.4
106.2
104.3
102.9
104.9
103.8
107.1
102.6
101.7
103.7
102.9
105.5
110.4
122.6
109.6
106.5
105.5
107.3
108.9
108.5
111.0
109.5
109.0
109.8
107.1
106.8
103.1
102.3
102.0
100.1
98.72
94.68
91.47
90.81
88.87
88.54
86.76
94.93
98.06
97.10
89.61
82.17
82.27
83.49
80.89
79.56
79.01
76.93
76.58
75.41
72.87
68.12
56.26
50.87
41.70
37.43
35.59
29.44
25.81
23.80
21.48
19.78
18.50
17.55
15.99
15.34
14.80
14.76
15.12
16.89
14.98
15.74
12.55
12.24
12.63
10.45
9.316
9.340
7.550
7.652
7.543
6.640
6.596
6.616
6.375
6.091
5.934
5.827
5.482
5.534
5.593
5.146
5.387
4.773
4.670
4.407
3.943
3.861
3.558
3.408
3.345
3.157
3.078
3.010
2.973
2.951
2.944
2.943
2.948
2.962
2.972
2.970
2.968
2.961
2.954
2.944
2.937
2.926
2.909
2.899
2.889
2.873
2.865
2.861
2.862
2.862
2.862
2.861
2.854
2.841
2.825
2.806
2.785
2.761
2.733
2.701
2.666
2.631
2.597
2.563
2.525
2.488
2.449
2.417
2.383
2.350
2.316
2.284
2.252
2.220
2.191
2.160
2.137
2.111
2.087
2.058
2.039
2.029
157.9
152.7
151.1
147.6
144.4
140.2
136.8
134.3
130.5
127.8
126.0
125.1
120.7
121.6
116.1
114.5
116.9
113.7
111.9
105.9
103.4
103.7
101.5
99.83
100.8
102.7
98.77
99.32
98.30
97.41
95.89
95.79
95.02
97.92
99.65
101.2
100.1
98.16
100.9
103.3
104.9
106.0
106.6
100.4
97.33
96.86
98.38
95.34
94.86
97.80
96.29
94.20
92.18
90.97
89.68
89.93
86.51
87.10
85.48
87.31
89.67
85.71
83.84
80.12
81.84
84.56
79.18
79.03
83.61
78.44
74.70
72.14
72.04
67.49
66.98
59.83
48.70
43.08
46.84
38.52
34.66
35.12
28.26
23.39
25.10
22.45
18.86
16.48
16.51
14.37
14.10
15.48
14.81
16.21
15.31
11.44
12.11
11.64
10.51
8.358
7.857
7.220
7.837
7.650
6.579
6.381
6.504
6.008
5.822
5.962
5.615
5.488
5.479
5.122
4.896
4.944
4.866
4.712
4.438
4.037
3.888
3.562
3.443
3.292
3.145
3.066
3.009
2.965
2.933
2.906
2.890
2.879
2.877
2.875
2.871
2.866
2.855
2.841
2.827
2.819
2.816
2.813
2.813
2.818
2.823
2.826
2.835
2.857
2.882
2.905
2.916
2.919
2.919
2.918
2.911
2.893
2.873
2.848
2.818
2.785
2.747
2.710
2.672
2.628
2.583
2.542
2.502
2.463
2.422
2.380
2.341
2.306
2.270
2.235
2.202
2.174
2.145
2.114
2.084
2.062
2.045
158.3
152.4
151.7
147.3
142.7
139.0
133.6
132.7
128.9
126.8
125.1
122.6
119.1
118.0
114.3
112.9
110.7
109.9
109.0
105.6
102.1
101.2
101.0
97.98
97.57
95.48
92.67
96.75
93.45
95.62
90.86
99.83
94.28
97.65
95.93
98.46
93.47
92.67
91.86
91.22
92.41
95.01
93.11
96.14
96.17
94.03
92.22
94.65
91.24
93.43
96.99
101.4
101.9
94.35
86.82
87.00
86.83
86.64
82.32
84.24
81.74
84.64
87.73
80.73
84.42
80.37
74.38
71.37
71.05
72.52
66.55
62.70
68.77
71.47
64.13
56.93
49.94
52.36
61.24
42.09
37.01
40.87
29.27
23.56
27.59
23.33
18.97
15.90
15.41
13.80
14.37
14.75
15.50
12.30
12.92
9.527
11.57
11.13
8.835
8.551
7.405
6.803
7.360
7.081
6.256
6.324
6.403
6.255
5.637
6.100
5.416
5.541
5.281
5.423
5.203
4.914
5.056
4.713
3.968
4.044
4.011
3.591
3.390
3.237
3.077
3.012
2.948
2.899
2.867
2.843
2.825
2.811
2.811
2.797
2.784
2.777
2.767
2.756
2.746
2.738
2.736
2.736
2.744
2.758
2.769
2.782
2.793
2.819
2.852
2.878
2.898
2.896
2.896
2.895
2.883
2.873
2.857
2.837
2.810
2.779
2.744
2.704
2.666
2.623
2.581
2.537
2.494
2.454
2.412
2.369
2.332
2.293
2.253
2.216
2.183
2.157
2.130
2.099
2.069
2.048
2.033
157.9
152.7
151.1
147.6
144.4
140.2
136.8
134.3
130.5
127.8
126.0
125.1
120.7
121.6
116.1
114.5
116.9
113.7
111.9
105.9
103.4
103.7
101.5
99.83
100.8
102.7
98.77
99.32
98.30
97.41
95.89
95.79
95.02
97.92
99.65
101.2
100.1
98.16
100.9
103.3
104.9
106.0
106.6
100.4
97.33
96.86
98.38
95.34
94.86
97.80
96.29
94.20
92.18
90.97
89.68
89.93
86.51
87.10
85.48
87.31
89.67
85.71
83.84
80.12
81.84
84.56
79.18
79.03
83.61
78.44
74.70
72.14
72.04
67.49
66.98
59.83
48.70
43.08
46.84
38.52
34.66
35.12
28.26
23.39
25.10
22.45
18.86
16.48
16.51
14.37
14.10
15.48
14.81
16.21
15.31
11.44
12.11
11.64
10.51
8.358
7.857
7.220
7.837
7.650
6.579
6.381
6.504
6.008
5.822
5.962
5.615
5.488
5.479
5.122
4.896
4.944
4.866
4.712
4.438
4.037
3.888
3.562
3.443
3.292
3.145
3.066
3.009
2.965
2.933
2.906
2.890
2.879
2.877
2.875
2.871
2.866
2.855
2.841
2.827
2.819
2.816
2.813
2.813
2.818
2.823
2.826
2.835
2.857
2.882
2.905
2.916
2.919
2.919
2.918
2.911
2.893
2.873
2.848
2.818
2.785
2.747
2.710
2.672
2.628
2.583
2.542
2.502
2.463
2.422
2.380
2.341
2.306
2.270
2.235
2.202
2.174
2.145
2.114
2.084
2.062
2.045
158.2
153.5
150.9
148.0
143.4
141.8
137.3
136.7
133.9
130.1
128.5
125.5
125.2
122.4
122.0
118.4
116.0
116.1
113.4
111.7
108.8
107.7
107.3
105.4
106.2
104.3
102.9
104.9
103.8
107.1
102.6
101.7
103.7
102.9
105.5
110.4
122.6
109.6
106.5
105.5
107.3
108.9
108.5
111.0
109.5
109.0
109.8
107.1
106.8
103.1
102.3
102.0
100.1
98.72
94.68
91.47
90.81
88.87
88.54
86.76
94.93
98.06
97.10
89.61
82.17
82.27
83.49
80.89
79.56
79.01
76.93
76.58
75.41
72.87
68.12
56.26
50.87
41.70
37.43
35.59
29.44
25.81
23.80
21.48
19.78
18.50
17.55
15.99
15.34
14.80
14.76
15.12
16.89
14.98
15.74
12.55
12.24
12.63
10.45
9.316
9.340
7.550
7.652
7.543
6.640
6.596
6.616
6.375
6.091
5.934
5.827
5.482
5.534
5.593
5.146
5.387
4.773
4.670
4.407
3.943
3.861
3.558
3.408
3.345
3.157
3.078
3.010
2.973
2.951
2.944
2.943
2.948
2.962
2.972
2.970
2.968
2.961
2.954
2.944
2.937
2.926
2.909
2.899
2.889
2.873
2.865
2.861
2.862
2.862
2.862
2.861
2.854
2.841
2.825
2.806
2.785
2.761
2.733
2.701
2.666
2.631
2.597
2.563
2.525
2.488
2.449
2.417
2.383
2.350
2.316
2.284
2.252
2.220
2.191
2.160
2.137
2.111
2.087
2.058
2.039
2.029
158.0
154.5
151.4
148.3
144.2
144.3
141.2
139.9
137.8
136.6
131.2
131.1
129.0
128.6
126.2
127.0
124.3
124.3
121.0
115.7
114.7
113.6
111.1
111.4
109.0
110.7
106.9
111.8
109.4
109.0
108.6
108.7
110.2
110.9
110.7
112.8
115.3
112.8
113.4
115.6
114.5
113.5
112.2
110.8
113.3
112.5
111.4
109.1
108.1
111.3
107.4
108.3
107.8
105.7
98.67
95.75
93.37
92.77
95.62
95.99
101.8
103.1
107.2
101.7
100.9
97.41
97.05
98.52
92.57
91.76
85.74
79.97
73.20
64.68
61.23
61.44
53.25
45.23
37.75
32.71
30.46
26.63
23.52
21.02
19.42
18.50
17.29
16.43
15.64
15.10
15.17
14.87
16.66
16.88
14.10
13.68
12.26
11.21
9.767
9.031
8.401
8.170
8.228
7.553
7.227
6.751
6.441
6.818
6.477
6.139
6.433
5.702
5.655
5.389
5.229
4.828
4.639
4.703
4.246
3.987
3.896
3.599
3.496
3.318
3.220
3.145
3.101
3.082
3.075
3.075
3.085
3.103
3.133
3.158
3.168
3.171
3.169
3.154
3.127
3.100
3.070
3.035
3.002
2.969
2.922
2.886
2.856
2.842
2.831
2.821
2.805
2.784
2.760
2.735
2.709
2.685
2.660
2.632
2.602
2.572
2.539
2.507
2.475
2.444
2.410
2.380
2.351
2.326
2.298
2.270
2.243
2.216
2.193
2.167
2.142
2.122
2.101
2.078
2.054
2.036
2.019
158.3
156.1
153.3
151.8
149.4
148.7
144.9
144.2
144.9
143.7
143.9
139.8
140.4
136.1
135.3
134.3
131.9
133.4
132.2
130.0
126.3
125.3
124.5
122.6
122.5
122.9
124.9
120.2
121.2
124.2
121.6
121.4
121.7
126.6
127.1
136.1
134.5
134.1
136.8
135.4
135.4
134.3
131.8
131.0
134.7
131.0
132.6
128.4
129.3
131.2
128.8
125.4
124.2
124.9
125.6
119.7
113.8
109.5
109.4
104.4
108.1
112.9
118.5
115.8
108.9
101.6
99.67
103.7
103.4
104.3
96.32
84.36
76.58
71.40
70.53
62.78
54.56
49.95
45.02
36.75
31.56
28.81
25.79
21.97
20.82
20.15
18.52
17.03
16.21
16.00
16.53
16.50
17.09
18.04
14.23
14.80
13.83
13.07
13.79
11.39
9.558
8.886
8.861
8.175
7.520
7.118
6.611
6.904
6.450
6.520
6.102
5.941
5.463
5.199
5.005
4.717
4.791
4.361
4.204
3.978
3.736
3.522
3.515
3.426
3.196
3.126
3.093
3.085
3.094
3.106
3.118
3.141
3.161
3.176
3.171
3.161
3.144
3.118
3.082
3.041
2.991
2.938
2.888
2.831
2.779
2.731
2.689
2.652
2.628
2.612
2.593
2.569
2.545
2.518
2.494
2.469
2.447
2.420
2.394
2.367
2.342
2.320
2.297
2.276
2.253
2.231
2.211
2.193
2.176
2.153
2.134
2.117
2.097
2.077
2.060
2.046
2.030
2.020
2.002
1.994
1.989
158.3
156.9
156.2
154.7
155.3
153.0
153.2
152.9
150.8
150.4
152.0
149.3
146.8
151.2
149.7
149.0
151.5
148.2
149.9
142.6
145.3
139.0
140.9
140.4
143.2
137.5
142.4
140.7
141.6
142.0
146.1
142.1
144.8
150.6
154.0
161.9
158.8
147.3
153.8
153.5
167.5
171.2
170.0
170.1
163.1
165.6
169.0
168.9
168.1
167.6
166.7
167.5
164.3
163.2
166.3
164.0
159.1
157.8
156.4
150.4
148.2
155.1
167.0
160.3
155.7
145.0
146.4
148.5
155.8
149.3
149.3
133.2
123.9
112.9
100.5
94.14
85.37
77.77
66.32
62.15
54.53
47.86
39.72
33.83
29.24
26.75
22.98
19.29
18.08
16.68
16.57
17.69
20.26
26.37
20.05
22.76
16.30
15.63
14.15
12.52
10.56
9.194
8.733
9.294
8.839
7.145
7.416
7.318
6.240
6.415
5.759
5.740
5.289
4.905
4.727
4.577
4.550
4.357
4.216
3.907
3.704
3.440
3.295
3.240
3.123
3.060
3.030
3.017
3.012
3.006
3.007
3.014
3.023
3.027
3.018
3.004
2.972
2.934
2.884
2.830
2.771
2.712
2.666
2.612
2.550
2.497
2.456
2.419
2.398
2.382
2.365
2.345
2.324
2.305
2.288
2.269
2.253
2.233
2.217
2.198
2.182
2.167
2.155
2.142
2.127
2.113
2.102
2.090
2.080
2.065
2.055
2.043
2.033
2.021
2.010
2.001
1.994
1.985
1.976
1.969
1.965
