SALVI
1
0
24
15.00
361
0.50

Palacio

Palacio PMMA transp 44W - 865mA - F1T2 - 24-11-2021 Simetrizada.ldt
24 November 2021/JJ
760
309
225
320
60
0
0
0
0
98.2
102.0
1.000
0.0
1
1
Palacio
4788.1


44.3
0.189
0.268
0.354
0.434
0.495
0.596
0.656
0.712
0.781
0.825
0.0
15.0
30.0
45.0
60.0
75.0
90.0
105.0
120.0
135.0
150.0
165.0
180.0
195.0
210.0
225.0
240.0
255.0
270.0
285.0
300.0
315.0
330.0
345.0
0.0
0.5
1.0
1.5
2.0
2.5
3.0
3.5
4.0
4.5
5.0
5.5
6.0
6.5
7.0
7.5
8.0
8.5
9.0
9.5
10.0
10.5
11.0
11.5
12.0
12.5
13.0
13.5
14.0
14.5
15.0
15.5
16.0
16.5
17.0
17.5
18.0
18.5
19.0
19.5
20.0
20.5
21.0
21.5
22.0
22.5
23.0
23.5
24.0
24.5
25.0
25.5
26.0
26.5
27.0
27.5
28.0
28.5
29.0
29.5
30.0
30.5
31.0
31.5
32.0
32.5
33.0
33.5
34.0
34.5
35.0
35.5
36.0
36.5
37.0
37.5
38.0
38.5
39.0
39.5
40.0
40.5
41.0
41.5
42.0
42.5
43.0
43.5
44.0
44.5
45.0
45.5
46.0
46.5
47.0
47.5
48.0
48.5
49.0
49.5
50.0
50.5
51.0
51.5
52.0
52.5
53.0
53.5
54.0
54.5
55.0
55.5
56.0
56.5
57.0
57.5
58.0
58.5
59.0
59.5
60.0
60.5
61.0
61.5
62.0
62.5
63.0
63.5
64.0
64.5
65.0
65.5
66.0
66.5
67.0
67.5
68.0
68.5
69.0
69.5
70.0
70.5
71.0
71.5
72.0
72.5
73.0
73.5
74.0
74.5
75.0
75.5
76.0
76.5
77.0
77.5
78.0
78.5
79.0
79.5
80.0
80.5
81.0
81.5
82.0
82.5
83.0
83.5
84.0
84.5
85.0
85.5
86.0
86.5
87.0
87.5
88.0
88.5
89.0
89.5
90.0
90.5
91.0
91.5
92.0
92.5
93.0
93.5
94.0
94.5
95.0
95.5
96.0
96.5
97.0
97.5
98.0
98.5
99.0
99.5
100.0
100.5
101.0
101.5
102.0
102.5
103.0
103.5
104.0
104.5
105.0
105.5
106.0
106.5
107.0
107.5
108.0
108.5
109.0
109.5
110.0
110.5
111.0
111.5
112.0
112.5
113.0
113.5
114.0
114.5
115.0
115.5
116.0
116.5
117.0
117.5
118.0
118.5
119.0
119.5
120.0
120.5
121.0
121.5
122.0
122.5
123.0
123.5
124.0
124.5
125.0
125.5
126.0
126.5
127.0
127.5
128.0
128.5
129.0
129.5
130.0
130.5
131.0
131.5
132.0
132.5
133.0
133.5
134.0
134.5
135.0
135.5
136.0
136.5
137.0
137.5
138.0
138.5
139.0
139.5
140.0
140.5
141.0
141.5
142.0
142.5
143.0
143.5
144.0
144.5
145.0
145.5
146.0
146.5
147.0
147.5
148.0
148.5
149.0
149.5
150.0
150.5
151.0
151.5
152.0
152.5
153.0
153.5
154.0
154.5
155.0
155.5
156.0
156.5
157.0
157.5
158.0
158.5
159.0
159.5
160.0
160.5
161.0
161.5
162.0
162.5
163.0
163.5
164.0
164.5
165.0
165.5
166.0
166.5
167.0
167.5
168.0
168.5
169.0
169.5
170.0
170.5
171.0
171.5
172.0
172.5
173.0
173.5
174.0
174.5
175.0
175.5
176.0
176.5
177.0
177.5
178.0
178.5
179.0
179.5
180.0
171.3
163.9
162.1
176.9
196.9
181.0
182.1
178.0
177.0
177.5
171.3
164.7
155.4
167.1
173.1
157.4
152.3
164.0
149.0
165.0
154.6
145.0
148.0
151.0
149.0
152.8
152.2
161.2
158.4
155.1
150.5
157.2
159.3
144.7
151.6
160.7
159.5
168.1
164.9
162.1
172.0
170.0
167.0
160.4
167.8
183.5
189.3
188.4
180.1
197.1
191.2
181.1
196.5
189.6
191.3
193.6
206.0
184.1
209.3
199.8
220.5
214.9
213.9
217.0
217.8
224.1
221.7
218.9
229.3
241.5
243.7
232.5
230.0
235.8
241.8
237.2
241.1
241.4
250.9
258.6
251.2
259.9
266.3
283.1
286.0
284.1
296.5
289.5
287.9
292.4
297.1
304.1
308.1
305.4
297.3
298.9
305.1
312.8
306.7
311.8
328.5
321.2
337.8
331.4
351.1
326.6
337.0
364.3
361.5
362.8
359.9
366.5
356.5
370.9
373.1
395.0
399.0
422.7
408.7
442.3
449.1
495.4
508.6
538.3
546.3
536.5
529.9
539.1
552.6
562.2
566.4
556.0
527.0
517.2
508.2
511.9
515.2
521.5
516.2
488.2
441.2
404.8
384.8
378.0
354.0
329.0
306.7
248.2
193.5
152.7
132.8
114.3
98.33
81.66
67.71
59.65
51.67
43.68
39.63
36.18
34.46
34.69
34.91
29.38
27.39
26.36
26.76
25.53
22.66
19.80
18.95
16.36
14.07
11.11
10.23
9.821
9.568
9.567
9.395
8.609
8.114
8.243
8.540
8.504
7.532
6.337
5.524
5.019
4.677
4.479
4.297
4.220
4.119
3.948
3.829
3.755
3.667
3.585
3.508
3.455
3.418
3.380
3.330
3.276
3.258
3.237
3.227
3.229
3.211
3.192
3.194
3.173
3.171
3.199
3.198
3.228
3.259
3.403
3.685
3.484
3.388
3.344
3.298
3.288
3.256
3.225
3.283
3.469
3.381
3.332
3.299
3.345
3.308
3.279
3.214
3.172
3.155
3.124
3.110
3.110
3.140
3.130
3.159
3.263
3.391
3.519
3.534
3.654
3.771
4.039
3.878
3.910
4.056
4.022
4.064
4.033
4.058
4.024
4.009
4.003
4.276
4.298
4.492
4.566
4.663
4.652
4.851
4.748
5.037
4.979
5.075
4.905
5.012
4.915
4.960
4.632
4.511
4.431
4.316
4.252
4.256
4.507
4.232
3.972
3.940
3.876
3.927
4.134
4.082
3.876
3.788
3.504
3.388
3.233
3.133
3.090
3.057
3.030
3.013
2.997
2.987
2.976
3.057
3.288
3.332
3.494
3.847
3.993
4.317
3.992
4.122
4.348
4.900
4.882
4.699
4.842
4.485
4.775
4.259
3.948
3.603
3.490
3.270
3.171
3.106
3.163
2.993
2.709
2.416
2.202
2.113
2.071
2.044
2.005
1.984
1.972
1.968
1.957
1.955
1.949
1.941
1.939
1.939
1.937
1.931
1.925
1.922
1.920
1.918
1.918
1.916
1.912
1.912
1.912
1.912
1.912
1.912
1.912
1.912
1.914
1.922
172.7
169.5
166.8
173.2
176.5
179.5
175.6
174.5
169.0
173.5
174.8
171.1
179.3
164.0
158.0
165.9
162.7
174.0
172.0
153.1
148.6
151.4
167.4
157.4
142.9
151.8
161.6
157.7
164.5
170.4
157.5
158.6
174.7
172.6
169.7
167.3
172.2
167.7
175.9
173.8
167.1
162.9
163.7
178.9
168.5
175.3
172.8
179.9
195.9
194.8
179.9
187.8
202.7
199.9
198.2
192.9
184.7
199.6
207.5
214.2
214.9
203.6
205.1
210.9
234.6
233.4
236.8
230.2
244.6
240.0
233.6
232.1
259.5
232.2
244.8
256.2
254.0
263.6
262.1
265.8
259.7
271.2
286.7
277.6
294.2
291.3
292.6
300.4
302.5
295.2
307.8
312.4
312.6
314.4
320.3
333.2
334.5
319.3
319.2
333.6
340.0
341.2
359.0
354.8
361.2
371.9
379.2
392.2
406.6
417.9
438.7
458.0
472.3
483.7
493.2
511.0
537.6
568.7
591.1
624.2
641.4
689.8
720.4
771.2
816.6
832.1
853.9
872.6
877.7
894.8
937.6
998.0
1054
1073
1060
1008
953.6
928.3
918.7
922.4
906.5
867.2
842.8
812.9
740.6
629.4
536.5
478.8
413.5
309.5
211.7
173.9
136.1
99.04
83.98
77.22
61.16
52.46
48.25
46.44
48.53
43.72
37.15
30.29
29.05
26.72
26.82
26.86
23.31
20.23
16.49
14.60
11.73
10.01
9.348
8.518
7.937
7.291
6.882
6.395
5.923
5.408
5.356
5.300
5.086
5.019
4.986
4.821
4.641
4.401
4.139
3.909
3.782
3.731
3.605
3.490
3.434
3.343
3.257
3.213
3.162
3.118
3.096
3.056
3.033
3.032
3.038
3.031
2.996
2.994
2.990
2.988
2.989
3.027
3.009
3.001
3.001
3.005
3.013
3.019
3.011
3.026
3.058
3.063
3.103
3.105
3.065
3.019
3.019
3.034
3.034
3.041
3.084
3.116
3.149
3.146
3.054
3.036
3.034
3.040
3.052
3.050
3.075
3.249
3.244
3.333
3.322
3.431
3.599
3.631
3.634
3.662
3.701
3.753
3.784
3.795
3.703
3.681
3.734
3.925
3.997
4.015
3.975
4.149
4.344
4.511
5.121
5.136
5.513
5.446
5.657
5.352
5.508
5.219
5.260
5.028
5.017
4.975
5.004
4.762
4.743
4.710
4.722
4.771
4.259
4.055
3.883
3.631
3.449
3.351
3.144
3.021
2.996
2.988
2.986
2.971
2.828
2.781
2.769
2.773
2.791
2.933
2.890
3.059
3.093
3.334
3.434
3.546
3.896
3.938
4.365
4.072
4.320
4.870
4.573
4.640
4.662
4.797
4.715
4.570
3.880
3.409
3.343
3.325
3.193
2.752
2.557
2.380
2.377
2.293
2.089
2.002
1.957
1.910
1.900
1.898
1.900
1.896
1.896
1.894
1.896
1.892
1.892
1.892
1.892
1.892
1.892
1.894
1.898
1.898
1.902
1.904
1.906
1.912
1.916
1.918
1.924
1.929
1.935
1.939
1.943
172.0
167.3
169.9
189.5
175.0
173.2
177.7
166.3
176.2
176.4
189.0
171.1
168.3
180.3
174.4
176.2
177.5
169.8
162.8
154.2
158.6
170.3
164.5
170.3
178.1
188.1
171.0
172.4
176.0
154.3
161.0
159.6
180.2
189.4
187.9
165.3
161.6
167.8
182.1
192.6
183.5
176.2
187.5
168.8
174.7
190.2
184.7
211.8
222.9
192.0
203.7
199.5
216.1
218.0
218.3
215.3
219.3
237.8
216.2
218.4
204.2
213.4
220.4
223.2
247.1
241.4
237.3
240.8
239.7
251.1
255.2
252.2
247.8
250.5
264.9
262.0
260.3
267.2
253.6
260.0
278.9
287.1
285.0
281.0
296.9
303.4
306.6
309.7
317.8
315.2
336.6
333.9
336.3
336.2
333.4
330.2
368.6
356.3
369.4
372.1
375.3
378.5
387.1
392.9
395.1
412.0
417.9
422.8
431.2
431.6
418.8
420.1
407.9
413.5
410.2
414.9
410.2
419.6
415.0
432.7
433.4
438.9
447.3
433.0
408.4
397.6
378.0
372.9
367.4
354.9
333.0
322.3
310.4
305.1
300.1
284.1
271.4
246.4
219.0
186.2
168.8
148.5
143.6
137.3
128.2
118.4
98.56
92.14
79.49
76.35
67.92
65.95
60.86
55.72
50.59
45.36
46.08
37.34
30.40
25.01
22.84
22.76
22.67
24.81
22.81
19.39
18.42
16.29
14.34
13.10
12.36
10.14
9.087
7.805
7.292
6.825
6.449
6.033
5.814
5.490
5.164
4.808
4.595
4.493
4.454
4.401
4.119
3.984
3.757
3.454
3.269
3.098
2.963
2.801
2.683
2.628
2.589
2.555
2.527
2.496
2.444
2.414
2.393
2.383
2.370
2.370
2.364
2.364
2.366
2.356
2.358
2.352
2.350
2.372
2.372
2.390
2.391
2.397
2.405
2.405
2.413
2.448
2.512
2.514
2.528
2.520
2.494
2.473
2.455
2.448
2.444
2.444
2.496
2.525
2.520
2.504
2.484
2.477
2.477
2.475
2.473
2.519
2.587
2.584
2.625
2.684
2.775
2.939
2.901
2.972
3.052
2.967
3.034
3.042
3.004
3.069
3.162
3.102
3.178
3.364
3.330
3.521
3.394
3.345
3.535
3.823
3.811
3.855
3.839
4.020
3.971
3.774
3.715
3.620
3.500
3.431
3.422
3.422
3.235
3.271
3.203
3.204
3.153
3.136
3.190
3.008
2.881
2.849
2.700
2.631
2.605
2.598
2.572
2.547
2.511
2.482
2.463
2.454
2.438
2.442
2.502
2.575
2.866
2.963
3.037
3.686
3.747
3.670
3.803
3.894
3.860
3.861
4.247
4.134
4.439
4.687
5.014
4.209
3.914
3.708
3.597
3.499
3.367
3.299
3.154
2.813
2.431
2.153
2.070
2.009
1.947
1.894
1.861
1.851
1.844
1.842
1.842
1.842
1.842
1.842
1.842
1.842
1.842
1.844
1.846
1.850
1.851
1.861
1.865
1.871
1.873
1.875
1.881
1.887
1.896
1.906
1.912
1.928
1.933
1.941
1.955
168.6
179.0
156.9
186.1
175.9
192.9
184.1
170.4
163.4
173.2
177.2
174.1
176.6
180.8
162.9
171.6
177.1
176.7
168.6
168.8
159.6
161.5
149.8
154.0
147.6
167.9
169.2
185.3
198.2
174.6
184.7
173.5
190.9
171.4
189.4
204.6
202.0
186.6
178.9
185.6
189.3
181.7
186.0
199.4
212.0
203.5
210.0
206.3
207.3
205.8
193.7
220.7
211.4
218.0
227.0
236.0
222.8
222.9
272.0
238.0
241.8
249.8
247.4
248.0
247.2
235.4
257.1
269.5
261.7
250.1
259.0
273.9
275.3
290.4
286.3
299.4
306.8
290.7
280.5
284.1
306.9
331.4
344.3
345.6
344.5
355.0
356.0
369.3
371.0
351.9
359.1
346.1
366.8
370.4
381.4
365.5
358.4
364.6
355.2
352.9
342.5
340.9
338.7
332.3
325.1
318.9
313.6
306.3
293.1
296.1
286.3
278.1
274.8
269.3
260.2
247.7
242.5
244.1
234.2
209.9
196.5
196.7
186.5
171.7
159.2
135.2
129.3
123.4
117.4
108.4
104.0
101.3
98.05
91.05
92.48
87.03
82.13
78.87
76.86
73.88
66.37
66.57
64.15
58.05
57.98
58.91
57.91
56.12
56.36
55.00
54.17
50.40
51.01
48.50
45.48
41.48
33.16
27.17
25.38
25.67
26.56
24.39
20.31
17.53
15.64
15.23
15.21
13.65
11.87
11.19
9.526
8.181
7.084
6.234
5.783
5.491
5.351
4.787
4.496
4.231
4.031
3.911
3.713
3.533
3.495
3.410
3.270
3.152
2.996
2.863
2.738
2.459
2.367
2.229
2.156
2.126
2.119
2.094
2.068
2.053
2.031
2.004
2.000
1.982
1.957
1.951
1.951
1.966
1.966
1.966
1.992
1.996
2.001
2.018
2.062
2.083
2.083
2.091
2.101
2.097
2.101
2.114
2.149
2.212
2.214
2.213
2.191
2.158
2.126
2.120
2.122
2.126
2.145
2.188
2.220
2.202
2.197
2.175
2.175
2.173
2.173
2.179
2.211
2.274
2.301
2.381
2.414
2.460
2.502
2.518
2.576
2.705
2.718
2.664
2.728
2.764
2.938
2.876
3.096
2.964
2.975
3.026
3.122
3.143
3.375
3.395
3.367
3.440
3.428
3.454
3.598
3.488
3.299
3.387
3.175
3.198
3.174
3.145
3.195
3.019
3.009
2.931
2.949
2.927
2.916
2.849
2.931
2.771
2.689
2.604
2.448
2.368
2.360
2.357
2.310
2.269
2.249
2.249
2.241
2.237
2.237
2.240
2.280
2.371
2.595
2.965
3.149
3.385
3.688
3.750
3.844
4.026
4.107
3.941
3.884
4.231
4.347
4.610
5.241
4.278
3.749
3.436
3.270
3.043
2.768
2.397
2.139
2.031
1.994
1.937
1.901
1.860
1.820
1.777
1.777
1.781
1.789
1.791
1.795
1.803
1.807
1.818
1.824
1.828
1.832
1.838
1.846
1.851
1.859
1.869
1.877
1.885
1.894
1.900
1.912
1.924
1.935
1.943
1.951
1.963
1.966
168.2
176.8
164.9
180.2
179.6
195.9
180.3
179.6
170.1
171.6
164.7
171.0
170.0
172.6
175.0
172.8
173.6
168.5
175.9
169.9
163.8
179.0
179.4
165.7
164.4
183.9
168.1
172.1
181.7
190.8
212.4
181.5
183.4
181.4
200.8
195.7
196.7
183.3
185.6
176.2
176.5
180.1
183.5
199.9
179.4
194.1
206.5
200.3
197.1
218.3
213.8
199.1
212.6
240.9
211.3
234.1
219.1
217.1
231.0
239.0
259.2
261.1
233.5
218.4
227.1
236.0
242.7
247.0
262.9
256.5
259.6
257.9
252.0
254.4
270.0
268.5
266.8
261.4
260.5
256.0
257.9
275.5
298.1
288.1
273.4
268.9
273.9
277.5
272.3
271.6
267.2
263.3
255.4
249.2
246.2
239.5
236.3
230.5
223.9
226.7
217.9
208.7
207.3
200.8
192.6
182.7
181.5
175.3
174.9
164.1
160.5
150.0
144.3
132.5
129.5
127.3
123.0
118.9
114.2
110.1
100.4
100.2
92.83
93.71
90.09
89.41
86.55
83.55
80.16
78.51
77.12
74.83
73.35
71.18
70.55
68.56
66.08
62.23
58.34
54.44
53.11
53.62
53.74
51.74
53.55
54.03
51.21
46.57
42.35
38.70
37.89
34.96
31.94
27.77
24.60
23.09
22.57
20.34
17.28
14.69
12.78
12.37
12.84
13.30
13.15
11.31
10.61
10.50
9.802
8.595
7.741
6.878
6.168
5.633
5.212
4.977
4.788
4.457
4.102
3.797
3.616
3.526
3.494
3.390
3.297
3.226
3.031
2.865
2.745
2.594
2.413
2.290
2.240
2.208
2.155
2.120
2.073
2.046
2.007
1.939
1.918
1.892
1.880
1.861
1.851
1.848
1.850
1.851
1.861
1.859
1.877
1.883
1.905
1.963
1.980
1.988
2.004
2.007
2.025
2.031
2.021
2.007
2.005
2.017
2.027
2.027
2.029
2.025
2.023
2.003
2.000
2.002
2.010
2.027
2.039
2.043
2.044
2.046
2.058
2.064
2.070
2.086
2.124
2.152
2.267
2.195
2.251
2.282
2.320
2.362
2.376
2.441
2.549
2.495
2.473
2.457
2.493
2.546
2.654
2.720
2.705
2.868
2.783
2.874
2.962
3.084
3.188
3.035
3.163
3.129
3.102
3.067
3.117
3.285
3.119
3.076
3.122
2.858
2.823
2.816
2.886
2.744
2.752
2.595
2.629
2.591
2.570
2.730
2.558
2.466
2.461
2.426
2.296
2.195
2.167
2.157
2.151
2.140
2.138
2.138
2.142
2.332
2.647
2.806
3.079
3.862
3.515
3.723
3.389
3.395
3.360
3.638
3.492
4.044
4.638
4.560
4.133
3.981
4.024
3.850
3.597
3.738
3.159
2.770
2.651
2.568
2.243
2.008
1.919
1.860
1.830
1.766
1.736
1.729
1.727
1.729
1.733
1.738
1.744
1.750
1.760
1.766
1.772
1.785
1.793
1.803
1.809
1.818
1.826
1.836
1.842
1.863
1.865
1.883
1.900
1.906
1.918
1.933
1.943
1.957
1.970
166.1
167.1
176.5
180.4
192.3
184.5
184.4
176.3
181.5
170.2
161.6
165.2
161.2
171.0
166.4
169.8
175.7
184.1
174.9
187.7
172.4
169.6
170.0
160.9
161.8
157.7
165.9
179.1
182.9
174.6
176.5
187.3
178.6
184.1
184.9
200.9
219.8
207.2
180.5
185.5
220.0
189.3
186.8
191.7
205.3
199.5
196.8
195.3
199.3
210.6
226.0
215.5
205.9
221.8
222.1
239.7
224.9
227.2
259.8
257.5
227.2
232.6
220.6
238.1
235.1
242.8
250.8
250.4
251.0
256.6
260.9
254.2
248.9
260.6
257.7
261.9
263.7
266.5
266.3
262.6
266.7
278.4
281.5
283.9
280.4
275.2
272.4
261.5
255.9
257.6
259.4
252.4
243.9
226.3
221.5
213.8
207.0
201.6
198.2
188.6
184.2
180.9
177.1
173.6
169.6
163.6
152.7
144.4
135.8
129.1
131.4
130.0
126.0
122.1
118.0
112.2
110.2
109.8
106.3
104.7
101.6
97.54
98.89
94.36
83.23
80.99
82.11
82.40
80.28
80.29
79.43
79.01
75.77
71.49
69.55
70.84
68.27
60.36
59.02
59.01
55.48
53.26
48.32
41.96
39.60
38.26
36.86
34.18
32.70
32.96
31.12
27.08
24.85
23.23
21.52
17.73
15.21
13.13
12.39
12.05
12.19
11.94
11.83
11.96
11.40
11.51
11.50
11.74
11.49
10.95
9.999
9.013
7.877
6.925
6.595
6.117
5.195
4.768
4.427
4.170
3.863
3.741
3.675
3.570
3.467
3.241
3.040
2.723
2.471
2.279
2.135
2.034
1.951
1.858
1.820
1.799
1.756
1.737
1.702
1.676
1.659
1.640
1.602
1.571
1.569
1.571
1.579
1.604
1.614
1.623
1.637
1.635
1.658
1.684
1.703
1.708
1.742
1.744
1.752
1.766
1.766
1.804
1.849
1.921
1.934
1.906
1.884
1.820
1.820
1.824
1.837
1.859
1.863
1.883
1.881
1.881
1.883
1.883
1.881
1.877
1.883
1.882
1.916
1.993
2.028
2.146
2.046
2.068
2.128
2.295
2.380
2.364
2.240
2.226
2.286
2.353
2.338
2.378
2.452
2.562
2.533
2.626
2.584
2.767
2.869
2.961
3.409
3.500
3.507
3.295
3.385
3.672
3.567
3.788
3.460
3.350
3.343
3.488
3.205
3.241
3.264
3.004
2.988
2.843
2.633
2.571
2.475
2.473
2.369
2.298
2.324
2.646
2.858
2.569
2.189
2.105
2.087
2.076
2.066
2.075
2.107
2.220
2.829
3.120
2.805
3.058
4.006
3.678
3.967
3.612
3.994
3.806
3.994
3.729
3.858
4.028
3.663
4.257
4.050
3.446
3.143
3.459
3.142
2.734
2.418
2.433
2.252
2.086
1.920
1.830
1.789
1.720
1.694
1.694
1.703
1.711
1.719
1.729
1.736
1.744
1.752
1.762
1.770
1.781
1.791
1.801
1.812
1.820
1.832
1.845
1.857
1.867
1.886
1.896
1.908
1.925
1.943
1.955
1.968
1.980
1.988
166.1
172.0
172.0
183.9
179.5
181.8
186.8
181.2
188.1
198.3
176.6
169.8
162.2
160.4
162.6
163.5
170.6
160.4
162.9
159.6
172.9
165.1
177.4
161.8
164.5
174.2
182.4
164.2
172.6
167.9
153.4
155.3
161.7
177.9
175.6
184.2
187.6
215.3
210.8
237.7
237.7
265.7
212.3
208.3
216.6
236.5
229.3
217.5
209.4
259.4
252.1
264.9
292.5
280.2
254.8
223.6
240.8
279.1
252.2
256.0
266.9
257.6
267.3
294.5
285.4
282.9
288.2
283.7
293.8
294.8
283.6
287.4
283.6
286.7
303.5
296.1
297.7
293.9
297.9
298.2
296.6
290.5
284.9
278.1
259.9
260.9
259.0
251.5
243.3
242.7
237.9
228.8
221.6
222.6
223.0
219.0
205.4
202.5
195.4
185.3
184.6
172.0
170.9
162.5
156.3
148.4
140.9
136.1
132.3
128.1
121.1
116.3
108.6
103.4
104.0
102.0
101.2
102.0
101.0
101.0
100.1
97.49
90.31
88.56
88.09
84.59
85.15
81.61
76.62
75.22
73.73
73.21
72.08
72.51
73.64
70.89
66.70
60.21
53.69
55.31
52.45
50.40
49.55
48.46
48.00
42.50
37.03
35.57
34.61
32.09
31.85
30.73
25.98
20.74
18.75
16.62
14.55
11.85
10.94
10.93
10.94
11.00
10.94
10.77
10.03
9.758
9.587
9.389
9.051
8.118
7.114
6.364
5.908
5.690
5.614
5.238
4.774
4.599
4.275
4.034
3.951
3.852
3.626
3.400
3.147
2.822
2.540
2.359
2.172
1.997
1.860
1.761
1.667
1.619
1.594
1.571
1.551
1.530
1.516
1.492
1.473
1.458
1.438
1.426
1.421
1.421
1.423
1.439
1.450
1.466
1.475
1.513
1.548
1.575
1.685
1.721
1.912
2.231
2.006
1.913
1.841
1.867
1.801
1.733
1.778
1.879
2.170
2.203
2.131
2.130
2.065
2.042
1.871
1.791
1.750
1.707
1.703
1.689
1.686
1.670
1.680
1.725
1.768
1.811
1.834
1.874
1.943
2.031
2.021
2.068
2.046
2.208
2.167
2.153
2.236
2.197
2.163
2.315
2.382
2.480
2.542
2.385
2.429
2.464
2.890
2.775
3.073
2.904
2.870
2.973
2.867
2.931
2.923
2.704
2.687
2.716
2.681
2.676
2.622
2.714
2.972
2.718
2.495
2.520
2.641
2.689
2.612
2.371
2.384
2.296
2.347
2.124
2.008
1.978
1.970
1.958
1.961
1.961
1.990
2.051
2.185
2.328
2.604
3.076
3.154
3.337
3.537
4.607
4.280
5.281
4.140
4.596
4.652
4.584
4.917
4.824
4.894
3.777
3.636
3.776
3.579
3.657
3.388
2.948
2.652
2.447
2.133
1.944
1.847
1.802
1.779
1.727
1.697
1.696
1.696
1.698
1.703
1.711
1.719
1.729
1.735
1.746
1.756
1.766
1.776
1.791
1.801
1.809
1.818
1.832
1.844
1.859
1.873
1.889
1.900
1.914
1.931
1.941
1.969
1.972
1.990
166.1
167.1
176.5
180.4
192.3
184.5
184.4
176.3
181.5
170.2
161.6
165.2
161.2
171.0
166.4
169.8
175.7
184.1
174.9
187.7
172.4
169.6
170.0
160.9
161.8
157.7
165.9
179.1
182.9
174.6
176.5
187.3
178.6
184.1
184.9
200.9
219.8
207.2
180.5
185.5
220.0
189.3
186.8
191.7
205.3
199.5
196.8
195.3
199.3
210.6
226.0
215.5
205.9
221.8
222.1
239.7
224.9
227.2
259.8
257.5
227.2
232.6
220.6
238.1
235.1
242.8
250.8
250.4
251.0
256.6
260.9
254.2
248.9
260.6
257.7
261.9
263.7
266.5
266.3
262.6
266.7
278.4
281.5
283.9
280.4
275.2
272.4
261.5
255.9
257.6
259.4
252.4
243.9
226.3
221.5
213.8
207.0
201.6
198.2
188.6
184.2
180.9
177.1
173.6
169.6
163.6
152.7
144.4
135.8
129.1
131.4
130.0
126.0
122.1
118.0
112.2
110.2
109.8
106.3
104.7
101.6
97.54
98.89
94.36
83.23
80.99
82.11
82.40
80.28
80.29
79.43
79.01
75.77
71.49
69.55
70.84
68.27
60.36
59.02
59.01
55.48
53.26
48.32
41.96
39.60
38.26
36.86
34.18
32.70
32.96
31.12
27.08
24.85
23.23
21.52
17.73
15.21
13.13
12.39
12.05
12.19
11.94
11.83
11.96
11.40
11.51
11.50
11.74
11.49
10.95
9.999
9.013
7.877
6.925
6.595
6.117
5.195
4.768
4.427
4.170
3.863
3.741
3.675
3.570
3.467
3.241
3.040
2.723
2.471
2.279
2.135
2.034
1.951
1.858
1.820
1.799
1.756
1.737
1.702
1.676
1.659
1.640
1.602
1.571
1.569
1.571
1.579
1.604
1.614
1.623
1.637
1.635
1.658
1.684
1.703
1.708
1.742
1.744
1.752
1.766
1.766
1.804
1.849
1.921
1.934
1.906
1.884
1.820
1.820
1.824
1.837
1.859
1.863
1.883
1.881
1.881
1.883
1.883
1.881
1.877
1.883
1.882
1.916
1.993
2.028
2.146
2.046
2.068
2.128
2.295
2.380
2.364
2.240
2.226
2.286
2.353
2.338
2.378
2.452
2.562
2.533
2.626
2.584
2.767
2.869
2.961
3.409
3.500
3.507
3.295
3.385
3.672
3.567
3.788
3.460
3.350
3.343
3.488
3.205
3.241
3.264
3.004
2.988
2.843
2.633
2.571
2.475
2.473
2.369
2.298
2.324
2.646
2.858
2.569
2.189
2.105
2.087
2.076
2.066
2.075
2.107
2.220
2.829
3.120
2.805
3.058
4.006
3.678
3.967
3.612
3.994
3.806
3.994
3.729
3.858
4.028
3.663
4.257
4.050
3.446
3.143
3.459
3.142
2.734
2.418
2.433
2.252
2.086
1.920
1.830
1.789
1.720
1.694
1.694
1.703
1.711
1.719
1.729
1.736
1.744
1.752
1.762
1.770
1.781
1.791
1.801
1.812
1.820
1.832
1.845
1.857
1.867
1.886
1.896
1.908
1.925
1.943
1.955
1.968
1.980
1.988
168.2
176.8
164.9
180.2
179.6
195.9
180.3
179.6
170.1
171.6
164.7
171.0
170.0
172.6
175.0
172.8
173.6
168.5
175.9
169.9
163.8
179.0
179.4
165.7
164.4
183.9
168.1
172.1
181.7
190.8
212.4
181.5
183.4
181.4
200.8
195.7
196.7
183.3
185.6
176.2
176.5
180.1
183.5
199.9
179.4
194.1
206.5
200.3
197.1
218.3
213.8
199.1
212.6
240.9
211.3
234.1
219.1
217.1
231.0
239.0
259.2
261.1
233.5
218.4
227.1
236.0
242.7
247.0
262.9
256.5
259.6
257.9
252.0
254.4
270.0
268.5
266.8
261.4
260.5
256.0
257.9
275.5
298.1
288.1
273.4
268.9
273.9
277.5
272.3
271.6
267.2
263.3
255.4
249.2
246.2
239.5
236.3
230.5
223.9
226.7
217.9
208.7
207.3
200.8
192.6
182.7
181.5
175.3
174.9
164.1
160.5
150.0
144.3
132.5
129.5
127.3
123.0
118.9
114.2
110.1
100.4
100.2
92.83
93.71
90.09
89.41
86.55
83.55
80.16
78.51
77.12
74.83
73.35
71.18
70.55
68.56
66.08
62.23
58.34
54.44
53.11
53.62
53.74
51.74
53.55
54.03
51.21
46.57
42.35
38.70
37.89
34.96
31.94
27.77
24.60
23.09
22.57
20.34
17.28
14.69
12.78
12.37
12.84
13.30
13.15
11.31
10.61
10.50
9.802
8.595
7.741
6.878
6.168
5.633
5.212
4.977
4.788
4.457
4.102
3.797
3.616
3.526
3.494
3.390
3.297
3.226
3.031
2.865
2.745
2.594
2.413
2.290
2.240
2.208
2.155
2.120
2.073
2.046
2.007
1.939
1.918
1.892
1.880
1.861
1.851
1.848
1.850
1.851
1.861
1.859
1.877
1.883
1.905
1.963
1.980
1.988
2.004
2.007
2.025
2.031
2.021
2.007
2.005
2.017
2.027
2.027
2.029
2.025
2.023
2.003
2.000
2.002
2.010
2.027
2.039
2.043
2.044
2.046
2.058
2.064
2.070
2.086
2.124
2.152
2.267
2.195
2.251
2.282
2.320
2.362
2.376
2.441
2.549
2.495
2.473
2.457
2.493
2.546
2.654
2.720
2.705
2.868
2.783
2.874
2.962
3.084
3.188
3.035
3.163
3.129
3.102
3.067
3.117
3.285
3.119
3.076
3.122
2.858
2.823
2.816
2.886
2.744
2.752
2.595
2.629
2.591
2.570
2.730
2.558
2.466
2.461
2.426
2.296
2.195
2.167
2.157
2.151
2.140
2.138
2.138
2.142
2.332
2.647
2.806
3.079
3.862
3.515
3.723
3.389
3.395
3.360
3.638
3.492
4.044
4.638
4.560
4.133
3.981
4.024
3.850
3.597
3.738
3.159
2.770
2.651
2.568
2.243
2.008
1.919
1.860
1.830
1.766
1.736
1.729
1.727
1.729
1.733
1.738
1.744
1.750
1.760
1.766
1.772
1.785
1.793
1.803
1.809
1.818
1.826
1.836
1.842
1.863
1.865
1.883
1.900
1.906
1.918
1.933
1.943
1.957
1.970
168.6
179.0
156.9
186.1
175.9
192.9
184.1
170.4
163.4
173.2
177.2
174.1
176.6
180.8
162.9
171.6
177.1
176.7
168.6
168.8
159.6
161.5
149.8
154.0
147.6
167.9
169.2
185.3
198.2
174.6
184.7
173.5
190.9
171.4
189.4
204.6
202.0
186.6
178.9
185.6
189.3
181.7
186.0
199.4
212.0
203.5
210.0
206.3
207.3
205.8
193.7
220.7
211.4
218.0
227.0
236.0
222.8
222.9
272.0
238.0
241.8
249.8
247.4
248.0
247.2
235.4
257.1
269.5
261.7
250.1
259.0
273.9
275.3
290.4
286.3
299.4
306.8
290.7
280.5
284.1
306.9
331.4
344.3
345.6
344.5
355.0
356.0
369.3
371.0
351.9
359.1
346.1
366.8
370.4
381.4
365.5
358.4
364.6
355.2
352.9
342.5
340.9
338.7
332.3
325.1
318.9
313.6
306.3
293.1
296.1
286.3
278.1
274.8
269.3
260.2
247.7
242.5
244.1
234.2
209.9
196.5
196.7
186.5
171.7
159.2
135.2
129.3
123.4
117.4
108.4
104.0
101.3
98.05
91.05
92.48
87.03
82.13
78.87
76.86
73.88
66.37
66.57
64.15
58.05
57.98
58.91
57.91
56.12
56.36
55.00
54.17
50.40
51.01
48.50
45.48
41.48
33.16
27.17
25.38
25.67
26.56
24.39
20.31
17.53
15.64
15.23
15.21
13.65
11.87
11.19
9.526
8.181
7.084
6.234
5.783
5.491
5.351
4.787
4.496
4.231
4.031
3.911
3.713
3.533
3.495
3.410
3.270
3.152
2.996
2.863
2.738
2.459
2.367
2.229
2.156
2.126
2.119
2.094
2.068
2.053
2.031
2.004
2.000
1.982
1.957
1.951
1.951
1.966
1.966
1.966
1.992
1.996
2.001
2.018
2.062
2.083
2.083
2.091
2.101
2.097
2.101
2.114
2.149
2.212
2.214
2.213
2.191
2.158
2.126
2.120
2.122
2.126
2.145
2.188
2.220
2.202
2.197
2.175
2.175
2.173
2.173
2.179
2.211
2.274
2.301
2.381
2.414
2.460
2.502
2.518
2.576
2.705
2.718
2.664
2.728
2.764
2.938
2.876
3.096
2.964
2.975
3.026
3.122
3.143
3.375
3.395
3.367
3.440
3.428
3.454
3.598
3.488
3.299
3.387
3.175
3.198
3.174
3.145
3.195
3.019
3.009
2.931
2.949
2.927
2.916
2.849
2.931
2.771
2.689
2.604
2.448
2.368
2.360
2.357
2.310
2.269
2.249
2.249
2.241
2.237
2.237
2.240
2.280
2.371
2.595
2.965
3.149
3.385
3.688
3.750
3.844
4.026
4.107
3.941
3.884
4.231
4.347
4.610
5.241
4.278
3.749
3.436
3.270
3.043
2.768
2.397
2.139
2.031
1.994
1.937
1.901
1.860
1.820
1.777
1.777
1.781
1.789
1.791
1.795
1.803
1.807
1.818
1.824
1.828
1.832
1.838
1.846
1.851
1.859
1.869
1.877
1.885
1.894
1.900
1.912
1.924
1.935
1.943
1.951
1.963
1.966
172.0
167.3
169.9
189.5
175.0
173.2
177.7
166.3
176.2
176.4
189.0
171.1
168.3
180.3
174.4
176.2
177.5
169.8
162.8
154.2
158.6
170.3
164.5
170.3
178.1
188.1
171.0
172.4
176.0
154.3
161.0
159.6
180.2
189.4
187.9
165.3
161.6
167.8
182.1
192.6
183.5
176.2
187.5
168.8
174.7
190.2
184.7
211.8
222.9
192.0
203.7
199.5
216.1
218.0
218.3
215.3
219.3
237.8
216.2
218.4
204.2
213.4
220.4
223.2
247.1
241.4
237.3
240.8
239.7
251.1
255.2
252.2
247.8
250.5
264.9
262.0
260.3
267.2
253.6
260.0
278.9
287.1
285.0
281.0
296.9
303.4
306.6
309.7
317.8
315.2
336.6
333.9
336.3
336.2
333.4
330.2
368.6
356.3
369.4
372.1
375.3
378.5
387.1
392.9
395.1
412.0
417.9
422.8
431.2
431.6
418.8
420.1
407.9
413.5
410.2
414.9
410.2
419.6
415.0
432.7
433.4
438.9
447.3
433.0
408.4
397.6
378.0
372.9
367.4
354.9
333.0
322.3
310.4
305.1
300.1
284.1
271.4
246.4
219.0
186.2
168.8
148.5
143.6
137.3
128.2
118.4
98.56
92.14
79.49
76.35
67.92
65.95
60.86
55.72
50.59
45.36
46.08
37.34
30.40
25.01
22.84
22.76
22.67
24.81
22.81
19.39
18.42
16.29
14.34
13.10
12.36
10.14
9.087
7.805
7.292
6.825
6.449
6.033
5.814
5.490
5.164
4.808
4.595
4.493
4.454
4.401
4.119
3.984
3.757
3.454
3.269
3.098
2.963
2.801
2.683
2.628
2.589
2.555
2.527
2.496
2.444
2.414
2.393
2.383
2.370
2.370
2.364
2.364
2.366
2.356
2.358
2.352
2.350
2.372
2.372
2.390
2.391
2.397
2.405
2.405
2.413
2.448
2.512
2.514
2.528
2.520
2.494
2.473
2.455
2.448
2.444
2.444
2.496
2.525
2.520
2.504
2.484
2.477
2.477
2.475
2.473
2.519
2.587
2.584
2.625
2.684
2.775
2.939
2.901
2.972
3.052
2.967
3.034
3.042
3.004
3.069
3.162
3.102
3.178
3.364
3.330
3.521
3.394
3.345
3.535
3.823
3.811
3.855
3.839
4.020
3.971
3.774
3.715
3.620
3.500
3.431
3.422
3.422
3.235
3.271
3.203
3.204
3.153
3.136
3.190
3.008
2.881
2.849
2.700
2.631
2.605
2.598
2.572
2.547
2.511
2.482
2.463
2.454
2.438
2.442
2.502
2.575
2.866
2.963
3.037
3.686
3.747
3.670
3.803
3.894
3.860
3.861
4.247
4.134
4.439
4.687
5.014
4.209
3.914
3.708
3.597
3.499
3.367
3.299
3.154
2.813
2.431
2.153
2.070
2.009
1.947
1.894
1.861
1.851
1.844
1.842
1.842
1.842
1.842
1.842
1.842
1.842
1.842
1.844
1.846
1.850
1.851
1.861
1.865
1.871
1.873
1.875
1.881
1.887
1.896
1.906
1.912
1.928
1.933
1.941
1.955
172.7
169.5
166.8
173.2
176.5
179.5
175.6
174.5
169.0
173.5
174.8
171.1
179.3
164.0
158.0
165.9
162.7
174.0
172.0
153.1
148.6
151.4
167.4
157.4
142.9
151.8
161.6
157.7
164.5
170.4
157.5
158.6
174.7
172.6
169.7
167.3
172.2
167.7
175.9
173.8
167.1
162.9
163.7
178.9
168.5
175.3
172.8
179.9
195.9
194.8
179.9
187.8
202.7
199.9
198.2
192.9
184.7
199.6
207.5
214.2
214.9
203.6
205.1
210.9
234.6
233.4
236.8
230.2
244.6
240.0
233.6
232.1
259.5
232.2
244.8
256.2
254.0
263.6
262.1
265.8
259.7
271.2
286.7
277.6
294.2
291.3
292.6
300.4
302.5
295.2
307.8
312.4
312.6
314.4
320.3
333.2
334.5
319.3
319.2
333.6
340.0
341.2
359.0
354.8
361.2
371.9
379.2
392.2
406.6
417.9
438.7
458.0
472.3
483.7
493.2
511.0
537.6
568.7
591.1
624.2
641.4
689.8
720.4
771.2
816.6
832.1
853.9
872.6
877.7
894.8
937.6
998.0
1054
1073
1060
1008
953.6
928.3
918.7
922.4
906.5
867.2
842.8
812.9
740.6
629.4
536.5
478.8
413.5
309.5
211.7
173.9
136.1
99.04
83.98
77.22
61.16
52.46
48.25
46.44
48.53
43.72
37.15
30.29
29.05
26.72
26.82
26.86
23.31
20.23
16.49
14.60
11.73
10.01
9.348
8.518
7.937
7.291
6.882
6.395
5.923
5.408
5.356
5.300
5.086
5.019
4.986
4.821
4.641
4.401
4.139
3.909
3.782
3.731
3.605
3.490
3.434
3.343
3.257
3.213
3.162
3.118
3.096
3.056
3.033
3.032
3.038
3.031
2.996
2.994
2.990
2.988
2.989
3.027
3.009
3.001
3.001
3.005
3.013
3.019
3.011
3.026
3.058
3.063
3.103
3.105
3.065
3.019
3.019
3.034
3.034
3.041
3.084
3.116
3.149
3.146
3.054
3.036
3.034
3.040
3.052
3.050
3.075
3.249
3.244
3.333
3.322
3.431
3.599
3.631
3.634
3.662
3.701
3.753
3.784
3.795
3.703
3.681
3.734
3.925
3.997
4.015
3.975
4.149
4.344
4.511
5.121
5.136
5.513
5.446
5.657
5.352
5.508
5.219
5.260
5.028
5.017
4.975
5.004
4.762
4.743
4.710
4.722
4.771
4.259
4.055
3.883
3.631
3.449
3.351
3.144
3.021
2.996
2.988
2.986
2.971
2.828
2.781
2.769
2.773
2.791
2.933
2.890
3.059
3.093
3.334
3.434
3.546
3.896
3.938
4.365
4.072
4.320
4.870
4.573
4.640
4.662
4.797
4.715
4.570
3.880
3.409
3.343
3.325
3.193
2.752
2.557
2.380
2.377
2.293
2.089
2.002
1.957
1.910
1.900
1.898
1.900
1.896
1.896
1.894
1.896
1.892
1.892
1.892
1.892
1.892
1.892
1.894
1.898
1.898
1.902
1.904
1.906
1.912
1.916
1.918
1.924
1.929
1.935
1.939
1.943
171.3
163.9
162.1
176.9
196.9
181.0
182.1
178.0
177.0
177.5
171.3
164.7
155.4
167.1
173.1
157.4
152.3
164.0
149.0
165.0
154.6
145.0
148.0
151.0
149.0
152.8
152.2
161.2
158.4
155.1
150.5
157.2
159.3
144.7
151.6
160.7
159.5
168.1
164.9
162.1
172.0
170.0
167.0
160.4
167.8
183.5
189.3
188.4
180.1
197.1
191.2
181.1
196.5
189.6
191.3
193.6
206.0
184.1
209.3
199.8
220.5
214.9
213.9
217.0
217.8
224.1
221.7
218.9
229.3
241.5
243.7
232.5
230.0
235.8
241.8
237.2
241.1
241.4
250.9
258.6
251.2
259.9
266.3
283.1
286.0
284.1
296.5
289.5
287.9
292.4
297.1
304.1
308.1
305.4
297.3
298.9
305.1
312.8
306.7
311.8
328.5
321.2
337.8
331.4
351.1
326.6
337.0
364.3
361.5
362.8
359.9
366.5
356.5
370.9
373.1
395.0
399.0
422.7
408.7
442.3
449.1
495.4
508.6
538.3
546.3
536.5
529.9
539.1
552.6
562.2
566.4
556.0
527.0
517.2
508.2
511.9
515.2
521.5
516.2
488.2
441.2
404.8
384.8
378.0
354.0
329.0
306.7
248.2
193.5
152.7
132.8
114.3
98.33
81.66
67.71
59.65
51.67
43.68
39.63
36.18
34.46
34.69
34.91
29.38
27.39
26.36
26.76
25.53
22.66
19.80
18.95
16.36
14.07
11.11
10.23
9.821
9.568
9.567
9.395
8.609
8.114
8.243
8.540
8.504
7.532
6.337
5.524
5.019
4.677
4.479
4.297
4.220
4.119
3.948
3.829
3.755
3.667
3.585
3.508
3.455
3.418
3.380
3.330
3.276
3.258
3.237
3.227
3.229
3.211
3.192
3.194
3.173
3.171
3.199
3.198
3.228
3.259
3.403
3.685
3.484
3.388
3.344
3.298
3.288
3.256
3.225
3.283
3.469
3.381
3.332
3.299
3.345
3.308
3.279
3.214
3.172
3.155
3.124
3.110
3.110
3.140
3.130
3.159
3.263
3.391
3.519
3.534
3.654
3.771
4.039
3.878
3.910
4.056
4.022
4.064
4.033
4.058
4.024
4.009
4.003
4.276
4.298
4.492
4.566
4.663
4.652
4.851
4.748
5.037
4.979
5.075
4.905
5.012
4.915
4.960
4.632
4.511
4.431
4.316
4.252
4.256
4.507
4.232
3.972
3.940
3.876
3.927
4.134
4.082
3.876
3.788
3.504
3.388
3.233
3.133
3.090
3.057
3.030
3.013
2.997
2.987
2.976
3.057
3.288
3.332
3.494
3.847
3.993
4.317
3.992
4.122
4.348
4.900
4.882
4.699
4.842
4.485
4.775
4.259
3.948
3.603
3.490
3.270
3.171
3.106
3.163
2.993
2.709
2.416
2.202
2.113
2.071
2.044
2.005
1.984
1.972
1.968
1.957
1.955
1.949
1.941
1.939
1.939
1.937
1.931
1.925
1.922
1.920
1.918
1.918
1.916
1.912
1.912
1.912
1.912
1.912
1.912
1.912
1.912
1.914
1.922
161.9
163.8
158.7
160.9
164.6
158.4
171.2
169.2
172.7
165.4
170.0
172.1
161.6
170.8
159.7
150.7
153.6
154.0
155.5
149.6
144.8
147.8
130.9
146.6
137.8
146.0
143.1
146.6
148.4
160.3
144.8
145.6
151.1
147.7
150.9
151.0
144.7
147.6
141.4
156.7
162.6
163.1
175.1
172.3
165.6
159.9
160.7
171.9
165.3
172.2
177.5
179.0
192.2
186.0
162.5
154.4
181.5
185.1
199.8
183.5
181.0
212.4
207.5
194.5
199.7
194.5
191.0
200.7
208.8
201.6
209.7
203.5
202.0
210.6
208.2
210.8
218.6
220.5
229.4
225.5
226.7
222.3
220.8
223.8
230.5
215.2
231.5
221.1
227.1
220.3
236.1
224.7
225.2
223.2
234.8
239.2
231.0
259.6
236.8
237.3
251.4
247.7
246.1
261.1
256.5
263.1
261.9
257.8
251.9
252.2
261.9
264.3
273.4
263.5
284.4
272.8
280.0
281.8
275.7
288.8
291.5
293.0
307.8
318.8
315.7
315.3
308.2
304.3
289.9
280.8
280.2
281.6
290.2
297.4
316.0
317.8
321.6
320.6
297.4
278.2
263.4
247.3
241.3
239.5
230.6
212.7
179.4
159.5
152.0
135.4
122.2
118.1
102.8
78.66
62.97
60.44
58.22
44.70
37.50
35.62
36.90
37.06
31.91
30.05
28.12
26.19
25.44
26.99
25.21
22.45
18.94
15.36
13.20
10.37
8.895
7.884
7.124
6.753
6.342
5.857
5.420
4.799
4.546
4.329
4.187
4.045
3.938
3.736
3.601
3.473
3.296
3.194
3.002
2.853
2.773
2.673
2.664
2.627
2.579
2.543
2.513
2.479
2.457
2.429
2.420
2.417
2.401
2.397
2.399
2.403
2.403
2.425
2.406
2.407
2.455
2.456
2.436
2.432
2.430
2.432
2.424
2.430
2.491
2.471
2.469
2.499
2.510
2.480
2.451
2.446
2.444
2.446
2.440
2.504
2.502
2.485
2.481
2.487
2.491
2.497
2.518
2.546
2.551
2.596
2.768
3.094
3.056
3.136
3.205
3.254
3.528
3.597
3.504
3.609
3.527
3.530
3.799
3.624
3.643
3.807
3.874
4.037
4.105
4.302
4.409
4.345
4.393
4.564
5.715
5.887
5.907
6.397
6.594
6.211
5.925
5.893
5.886
6.204
6.133
5.584
5.423
5.338
5.773
5.284
4.853
4.601
4.344
4.207
4.224
4.239
4.069
3.918
3.787
3.763
3.773
3.626
3.431
3.375
3.349
3.315
3.285
3.270
3.264
3.280
3.522
3.575
3.782
4.045
4.114
4.098
4.195
4.367
4.552
4.580
4.507
4.912
4.987
4.653
4.736
4.674
4.327
3.951
3.703
3.493
3.455
3.056
2.910
2.882
2.740
2.533
2.355
2.272
2.229
2.184
2.155
2.138
2.126
2.116
2.105
2.093
2.083
2.076
2.064
2.056
2.050
2.040
2.033
2.023
2.017
2.011
2.005
2.002
1.998
1.996
1.990
1.990
1.980
1.976
1.974
1.972
1.968
165.4
163.7
162.5
160.1
170.3
172.9
177.2
181.9
188.0
175.4
157.8
164.9
158.8
159.4
149.9
149.0
142.4
141.8
141.6
149.9
146.7
145.6
143.4
141.8
145.8
142.9
131.8
132.1
136.2
131.8
129.5
128.5
128.0
138.7
128.2
133.3
129.8
139.3
131.5
139.2
140.0
143.0
122.4
131.1
133.9
149.1
135.9
138.4
144.0
132.5
151.6
145.6
147.5
141.7
148.6
154.9
162.2
140.0
157.0
151.0
175.3
171.3
159.2
168.2
164.3
159.8
171.4
166.3
163.8
178.3
171.2
172.8
174.3
171.1
161.9
178.9
176.9
182.3
171.0
170.7
175.7
180.2
177.7
178.1
182.1
174.2
185.1
180.0
180.9
178.7
176.3
179.3
177.6
178.3
169.7
177.0
185.1
186.3
183.5
190.2
183.9
179.6
174.9
184.1
174.3
176.0
178.9
186.8
192.6
186.4
189.5
178.7
177.5
178.4
185.0
181.7
183.4
189.8
188.0
194.4
199.5
199.5
192.5
195.7
195.9
195.0
183.7
167.0
164.8
169.8
165.6
152.7
144.5
140.6
142.0
134.8
137.8
142.5
136.7
132.7
121.8
111.0
100.1
100.3
95.20
90.04
92.14
89.96
80.60
70.85
63.23
56.46
53.92
51.35
48.93
44.21
42.24
42.15
41.58
41.12
37.18
30.60
25.73
25.76
25.38
25.26
23.18
21.50
19.69
17.10
14.59
12.54
10.99
9.275
7.973
6.814
6.069
5.566
5.214
4.880
4.429
3.887
3.678
3.561
3.475
3.390
3.329
3.239
3.124
3.095
3.019
2.837
2.659
2.558
2.482
2.417
2.382
2.349
2.339
2.314
2.292
2.257
2.243
2.237
2.231
2.220
2.218
2.216
2.218
2.221
2.253
2.261
2.265
2.268
2.280
2.317
2.350
2.350
2.374
2.376
2.383
2.393
2.407
2.413
2.409
2.405
2.401
2.385
2.387
2.389
2.397
2.411
2.411
2.411
2.424
2.426
2.436
2.438
2.438
2.442
2.457
2.477
2.504
2.539
2.685
2.777
2.951
3.029
3.042
3.071
3.211
3.160
3.224
3.173
3.372
3.350
3.346
3.409
3.464
3.588
3.603
3.788
4.135
4.233
4.233
4.221
4.376
4.737
4.700
4.790
4.915
4.904
4.991
5.086
4.952
4.755
4.867
4.925
4.763
4.574
4.460
4.320
4.386
4.326
4.230
4.187
4.055
3.977
4.203
3.967
3.773
3.670
3.665
3.548
3.396
3.274
3.210
3.179
3.159
3.156
3.120
3.099
3.095
3.095
3.104
3.175
3.348
3.792
3.454
3.633
3.678
3.868
3.949
4.492
4.141
4.428
4.320
4.368
3.950
3.592
3.694
3.890
3.559
3.425
3.225
3.324
3.134
2.784
2.516
2.409
2.358
2.321
2.283
2.226
2.183
2.167
2.154
2.142
2.134
2.122
2.109
2.101
2.089
2.078
2.070
2.062
2.054
2.041
2.033
2.025
2.015
2.009
2.007
2.002
2.005
1.998
1.992
1.980
1.974
1.974
1.974
166.0
167.7
167.9
164.1
167.4
163.2
165.6
163.5
166.4
169.0
168.4
148.9
151.7
156.0
149.1
146.0
144.8
145.0
151.5
149.2
142.1
137.3
130.0
125.1
126.2
130.7
130.0
132.1
128.4
131.9
129.2
133.9
142.3
137.6
128.1
128.9
131.5
127.3
144.1
129.6
126.8
136.4
121.2
124.6
125.7
131.6
130.2
139.9
134.4
133.9
132.2
134.1
152.1
139.1
141.5
135.8
132.9
156.2
147.3
127.5
132.1
141.8
146.5
148.5
145.2
149.0
149.8
136.4
141.4
144.0
143.2
143.7
157.0
155.9
157.7
157.0
158.4
155.2
157.4
152.1
150.3
152.9
156.4
151.1
157.8
148.8
148.2
154.7
156.0
151.5
152.4
142.3
150.4
157.7
159.8
148.6
153.4
143.1
142.1
142.0
142.1
138.2
137.7
142.2
143.2
145.2
143.7
136.1
135.8
132.4
129.9
131.1
130.9
131.6
125.4
126.2
122.9
125.3
126.5
124.1
120.9
116.1
111.8
116.8
113.2
114.8
111.3
101.9
98.97
91.60
89.05
86.98
87.22
89.94
93.85
98.25
102.1
101.2
98.12
94.61
94.20
91.29
86.00
78.94
75.08
71.39
64.42
62.01
59.61
57.15
56.27
56.74
58.48
55.30
51.16
50.42
52.58
51.56
47.55
40.86
34.50
33.12
30.50
26.60
25.90
24.20
22.94
21.10
18.94
16.66
14.41
12.00
9.870
8.616
7.743
6.752
6.092
5.480
4.900
4.474
4.083
3.711
3.501
3.387
3.323
3.266
3.189
3.145
2.880
2.791
2.618
2.412
2.147
2.034
1.952
1.897
1.886
1.877
1.867
1.855
1.843
1.832
1.828
1.820
1.818
1.818
1.818
1.818
1.818
1.836
1.858
1.887
1.894
1.924
1.953
1.978
2.055
2.116
2.098
2.095
2.097
2.138
2.172
2.193
2.224
2.450
2.384
2.317
2.311
2.311
2.309
2.329
2.339
2.354
2.399
2.373
2.380
2.348
2.344
2.335
2.329
2.294
2.296
2.294
2.363
2.448
2.567
2.699
2.867
2.922
2.994
3.001
3.154
3.333
3.239
3.245
3.213
3.304
3.665
3.925
3.823
3.949
4.008
3.923
4.138
4.381
4.558
4.400
4.619
4.853
4.851
4.855
4.950
4.837
4.953
4.696
4.643
4.666
4.656
4.632
4.716
4.675
4.290
4.328
4.064
4.326
3.918
3.710
3.689
3.866
3.733
3.541
3.468
3.514
3.388
3.041
2.897
2.841
2.826
2.822
2.822
2.820
2.820
2.842
2.867
2.953
3.075
3.307
3.728
4.554
3.958
4.333
4.185
4.174
4.131
4.049
3.859
4.086
4.761
4.767
4.246
3.829
3.480
3.327
3.126
2.980
2.832
2.606
2.494
2.483
2.483
2.507
2.380
2.275
2.223
2.206
2.196
2.190
2.181
2.167
2.157
2.146
2.140
2.130
2.122
2.111
2.105
2.091
2.083
2.072
2.064
2.058
2.052
2.050
2.037
2.033
2.023
2.013
2.005
2.000
1.988
166.2
165.4
172.3
167.6
169.2
168.0
167.8
165.1
167.8
167.3
164.0
157.4
157.9
158.7
158.2
157.2
154.5
147.1
137.0
138.8
136.8
141.9
142.9
133.8
133.9
131.3
125.1
133.3
116.2
122.3
113.2
116.4
116.8
113.2
111.0
112.4
108.2
111.2
113.4
108.1
106.4
109.1
116.3
113.8
117.7
127.5
113.9
124.5
118.2
126.6
127.4
122.0
135.4
127.5
119.8
124.0
130.7
119.6
120.0
126.1
144.7
127.6
129.2
125.4
128.3
132.3
132.3
134.6
130.7
139.9
129.8
127.8
124.6
134.3
132.4
127.3
126.5
133.9
137.2
143.6
129.6
125.1
127.8
123.6
127.9
125.9
135.4
127.6
124.2
123.5
122.4
121.3
120.3
119.2
120.6
117.8
115.7
121.5
116.1
114.1
114.0
113.4
109.9
113.4
105.7
107.2
104.3
101.5
101.9
100.8
100.2
96.14
95.71
94.97
91.27
92.86
93.53
93.85
95.11
93.54
89.55
89.31
85.50
84.37
82.53
82.51
77.58
73.13
71.86
72.24
69.17
68.56
66.77
66.11
64.65
62.49
62.77
59.74
59.84
58.12
56.54
54.49
51.10
50.20
49.76
50.70
53.23
55.56
57.96
56.38
54.71
49.67
44.86
41.39
38.56
37.19
34.72
33.50
34.19
30.03
25.37
21.26
19.99
18.38
18.32
18.23
17.22
15.61
13.94
12.46
11.67
10.27
8.779
7.462
6.588
5.834
5.416
4.981
4.423
3.974
3.574
3.193
3.010
2.886
2.777
2.727
2.641
2.580
2.464
2.327
2.122
1.941
1.817
1.729
1.668
1.614
1.594
1.581
1.571
1.567
1.565
1.565
1.559
1.551
1.545
1.542
1.543
1.547
1.559
1.569
1.579
1.607
1.627
1.666
1.672
1.686
1.709
1.723
1.777
1.787
1.787
1.789
1.820
1.919
1.941
1.898
1.906
1.912
1.923
1.931
1.926
1.926
1.937
1.951
1.958
1.970
1.972
1.972
1.982
1.997
2.015
2.036
2.050
2.075
2.207
2.480
2.697
2.825
2.749
2.882
2.959
3.140
3.257
3.177
3.075
3.103
3.089
3.030
3.093
3.236
3.283
3.525
3.600
3.562
3.602
3.738
3.824
4.202
4.212
4.356
4.342
4.428
4.428
4.410
4.210
4.075
4.002
3.958
3.938
4.048
4.073
3.672
3.560
3.406
3.288
3.222
3.107
3.105
3.110
2.923
2.836
2.828
2.824
2.799
2.682
2.626
2.580
2.559
2.559
2.567
2.578
2.588
2.605
2.651
2.810
3.105
3.165
3.042
3.130
3.244
3.334
3.460
3.547
3.624
3.750
3.847
4.119
4.373
4.076
3.646
3.468
3.381
3.342
3.381
3.334
3.233
3.054
2.748
2.522
2.423
2.378
2.323
2.302
2.263
2.236
2.224
2.214
2.208
2.200
2.189
2.183
2.173
2.165
2.154
2.142
2.136
2.128
2.117
2.103
2.093
2.081
2.078
2.066
2.062
2.048
2.041
2.033
2.023
2.009
2.007
2.005
165.7
164.8
174.0
170.5
173.4
159.6
162.9
162.2
158.4
161.6
154.0
143.3
147.8
154.3
145.3
144.9
144.5
131.4
139.4
137.7
130.8
123.7
128.9
118.1
114.5
124.7
126.8
124.1
135.7
129.2
119.0
113.9
114.7
113.5
106.8
113.2
111.5
112.3
109.9
114.2
118.6
117.4
123.1
121.0
120.9
115.4
116.4
111.2
124.1
113.7
122.9
127.2
122.6
125.3
122.4
123.8
123.8
135.5
128.2
130.8
134.0
144.4
142.6
141.7
138.8
135.9
138.3
132.0
131.8
127.8
127.4
117.8
121.8
125.2
126.9
138.0
136.1
133.5
138.1
135.3
140.4
134.7
136.8
141.6
140.3
137.7
133.7
132.5
128.0
128.9
128.8
127.5
131.4
135.1
131.2
120.9
164.9
146.9
133.7
132.4
132.3
128.5
129.4
133.1
130.8
130.0
130.6
125.6
124.6
124.1
122.5
120.5
120.5
114.1
115.4
114.9
111.4
105.9
103.3
104.4
101.7
99.82
96.86
96.27
96.38
91.90
88.69
88.00
87.39
84.25
87.56
84.42
82.62
79.82
77.21
78.12
78.39
79.57
71.23
68.06
65.99
64.29
62.59
60.90
55.92
54.23
52.16
48.89
47.47
45.51
44.22
42.57
41.32
41.17
41.37
38.89
35.23
31.99
28.64
26.50
24.38
23.42
22.21
21.40
20.16
18.46
17.11
15.94
15.01
14.75
13.59
12.50
11.42
10.53
9.418
8.153
7.236
6.269
5.604
5.009
4.326
3.765
3.417
3.205
2.954
2.897
2.777
2.531
2.366
2.205
1.999
1.821
1.738
1.647
1.593
1.559
1.536
1.512
1.491
1.479
1.454
1.444
1.442
1.436
1.417
1.407
1.397
1.395
1.403
1.409
1.427
1.452
1.458
1.494
1.531
1.534
1.570
1.592
1.600
1.604
1.630
1.678
1.710
1.711
1.880
1.965
1.878
1.865
1.901
1.916
1.918
1.922
1.955
1.943
1.911
1.912
1.910
1.906
1.910
1.920
1.935
1.955
1.955
1.984
2.085
2.371
2.551
2.507
2.843
2.828
3.044
3.215
2.922
3.173
3.231
3.211
3.340
3.421
3.346
3.388
3.565
3.947
3.859
3.904
3.785
3.918
4.183
4.407
5.102
6.163
6.414
5.886
5.676
5.750
5.414
5.515
5.299
5.457
5.222
4.956
4.571
4.483
4.105
3.907
3.769
3.723
3.633
3.627
3.598
3.437
3.093
2.913
2.802
2.707
2.699
2.640
2.572
2.481
2.445
2.438
2.436
2.436
2.456
2.562
2.659
2.790
2.924
2.979
3.227
3.606
3.560
3.902
3.785
4.106
3.878
4.005
3.967
3.792
3.908
3.857
3.379
3.205
3.081
3.079
2.992
2.968
2.697
2.652
2.726
2.494
2.371
2.318
2.284
2.261
2.237
2.229
2.220
2.216
2.206
2.200
2.194
2.183
2.179
2.169
2.159
2.149
2.140
2.130
2.116
2.107
2.099
2.089
2.083
2.074
2.066
2.054
2.042
2.027
2.017
2.005
1.992
166.1
163.6
174.9
171.2
171.1
163.5
170.2
165.0
161.7
158.5
147.7
141.3
135.8
126.4
139.3
141.2
144.7
134.5
134.8
134.2
130.9
131.1
118.5
124.3
123.7
125.2
126.0
123.2
124.1
114.2
112.0
116.3
118.7
112.9
119.4
117.6
120.5
112.7
110.1
111.2
104.6
107.8
102.6
106.2
109.0
104.3
118.2
118.6
119.0
132.5
132.3
122.7
123.3
124.9
122.1
119.9
126.0
115.0
120.5
112.0
129.2
115.7
119.7
113.2
115.1
120.0
125.4
128.2
129.0
131.2
127.1
127.7
127.6
125.9
123.5
120.4
121.8
119.2
122.2
120.7
121.9
128.1
121.6
118.7
125.3
121.4
119.8
121.0
120.3
118.9
117.5
116.1
117.2
111.8
110.7
112.7
117.8
112.9
110.4
105.3
102.9
105.8
106.8
107.4
101.1
97.85
97.56
100.8
102.5
101.0
97.66
96.12
96.46
99.76
95.91
92.66
91.11
92.44
88.80
87.04
88.52
84.19
86.13
85.05
84.06
85.41
79.84
78.91
76.56
76.30
73.16
70.01
65.95
65.91
63.94
64.10
62.73
58.76
57.15
57.48
56.55
53.08
48.50
47.50
47.60
47.28
46.60
43.91
45.15
44.02
40.24
35.33
36.38
34.21
30.85
28.00
24.22
22.08
20.29
17.70
16.84
16.26
15.07
14.36
13.56
13.40
12.35
11.96
11.58
11.44
10.97
9.857
9.291
8.920
7.899
7.385
6.856
5.977
5.215
4.843
4.575
4.355
4.288
4.294
3.948
3.318
2.936
2.758
2.528
2.304
2.113
1.967
1.839
1.735
1.665
1.628
1.612
1.575
1.562
1.538
1.515
1.503
1.488
1.454
1.438
1.432
1.432
1.436
1.456
1.464
1.469
1.487
1.504
1.528
1.551
1.590
1.590
1.612
1.715
1.719
1.693
1.710
1.792
1.825
1.785
1.785
1.810
1.849
1.860
1.842
1.853
1.877
1.894
1.900
1.902
1.910
1.912
1.914
1.929
1.941
1.947
1.956
1.970
1.999
2.094
2.424
2.462
2.606
2.588
2.787
3.157
3.158
2.971
3.071
3.379
3.631
3.476
3.306
3.395
3.484
3.568
3.904
4.030
3.910
3.735
3.903
4.345
4.774
4.881
5.100
4.692
4.420
4.649
4.480
4.419
4.163
4.241
3.974
3.966
4.034
3.869
3.540
3.597
3.501
3.308
3.219
3.520
3.730
3.465
3.019
2.789
2.635
2.612
2.574
2.423
2.337
2.337
2.335
2.337
2.344
2.354
2.375
2.422
2.540
2.641
2.716
2.880
2.903
2.979
3.126
3.391
3.527
3.767
3.492
3.525
3.633
4.023
4.094
3.752
3.301
3.204
3.247
3.320
3.284
3.135
2.905
2.843
2.844
2.626
2.421
2.347
2.288
2.253
2.224
2.210
2.202
2.198
2.195
2.189
2.179
2.169
2.163
2.160
2.152
2.140
2.134
2.121
2.111
2.101
2.089
2.082
2.074
2.072
2.060
2.048
2.035
2.027
2.021
2.004
1.998
1.998
165.7
164.8
174.0
170.5
173.4
159.6
162.9
162.2
158.4
161.6
154.0
143.3
147.8
154.3
145.3
144.9
144.5
131.4
139.4
137.7
130.8
123.7
128.9
118.1
114.5
124.7
126.8
124.1
135.7
129.2
119.0
113.9
114.7
113.5
106.8
113.2
111.5
112.3
109.9
114.2
118.6
117.4
123.1
121.0
120.9
115.4
116.4
111.2
124.1
113.7
122.9
127.2
122.6
125.3
122.4
123.8
123.8
135.5
128.2
130.8
134.0
144.4
142.6
141.7
138.8
135.9
138.3
132.0
131.8
127.8
127.4
117.8
121.8
125.2
126.9
138.0
136.1
133.5
138.1
135.3
140.4
134.7
136.8
141.6
140.3
137.7
133.7
132.5
128.0
128.9
128.8
127.5
131.4
135.1
131.2
120.9
164.9
146.9
133.7
132.4
132.3
128.5
129.4
133.1
130.8
130.0
130.6
125.6
124.6
124.1
122.5
120.5
120.5
114.1
115.4
114.9
111.4
105.9
103.3
104.4
101.7
99.82
96.86
96.27
96.38
91.90
88.69
88.00
87.39
84.25
87.56
84.42
82.62
79.82
77.21
78.12
78.39
79.57
71.23
68.06
65.99
64.29
62.59
60.90
55.92
54.23
52.16
48.89
47.47
45.51
44.22
42.57
41.32
41.17
41.37
38.89
35.23
31.99
28.64
26.50
24.38
23.42
22.21
21.40
20.16
18.46
17.11
15.94
15.01
14.75
13.59
12.50
11.42
10.53
9.418
8.153
7.236
6.269
5.604
5.009
4.326
3.765
3.417
3.205
2.954
2.897
2.777
2.531
2.366
2.205
1.999
1.821
1.738
1.647
1.593
1.559
1.536
1.512
1.491
1.479
1.454
1.444
1.442
1.436
1.417
1.407
1.397
1.395
1.403
1.409
1.427
1.452
1.458
1.494
1.531
1.534
1.570
1.592
1.600
1.604
1.630
1.678
1.710
1.711
1.880
1.965
1.878
1.865
1.901
1.916
1.918
1.922
1.955
1.943
1.911
1.912
1.910
1.906
1.910
1.920
1.935
1.955
1.955
1.984
2.085
2.371
2.551
2.507
2.843
2.828
3.044
3.215
2.922
3.173
3.231
3.211
3.340
3.421
3.346
3.388
3.565
3.947
3.859
3.904
3.785
3.918
4.183
4.407
5.102
6.163
6.414
5.886
5.676
5.750
5.414
5.515
5.299
5.457
5.222
4.956
4.571
4.483
4.105
3.907
3.769
3.723
3.633
3.627
3.598
3.437
3.093
2.913
2.802
2.707
2.699
2.640
2.572
2.481
2.445
2.438
2.436
2.436
2.456
2.562
2.659
2.790
2.924
2.979
3.227
3.606
3.560
3.902
3.785
4.106
3.878
4.005
3.967
3.792
3.908
3.857
3.379
3.205
3.081
3.079
2.992
2.968
2.697
2.652
2.726
2.494
2.371
2.318
2.284
2.261
2.237
2.229
2.220
2.216
2.206
2.200
2.194
2.183
2.179
2.169
2.159
2.149
2.140
2.130
2.116
2.107
2.099
2.089
2.083
2.074
2.066
2.054
2.042
2.027
2.017
2.005
1.992
166.2
165.4
172.3
167.6
169.2
168.0
167.8
165.1
167.8
167.3
164.0
157.4
157.9
158.7
158.2
157.2
154.5
147.1
137.0
138.8
136.8
141.9
142.9
133.8
133.9
131.3
125.1
133.3
116.2
122.3
113.2
116.4
116.8
113.2
111.0
112.4
108.2
111.2
113.4
108.1
106.4
109.1
116.3
113.8
117.7
127.5
113.9
124.5
118.2
126.6
127.4
122.0
135.4
127.5
119.8
124.0
130.7
119.6
120.0
126.1
144.7
127.6
129.2
125.4
128.3
132.3
132.3
134.6
130.7
139.9
129.8
127.8
124.6
134.3
132.4
127.3
126.5
133.9
137.2
143.6
129.6
125.1
127.8
123.6
127.9
125.9
135.4
127.6
124.2
123.5
122.4
121.3
120.3
119.2
120.6
117.8
115.7
121.5
116.1
114.1
114.0
113.4
109.9
113.4
105.7
107.2
104.3
101.5
101.9
100.8
100.2
96.14
95.71
94.97
91.27
92.86
93.53
93.85
95.11
93.54
89.55
89.31
85.50
84.37
82.53
82.51
77.58
73.13
71.86
72.24
69.17
68.56
66.77
66.11
64.65
62.49
62.77
59.74
59.84
58.12
56.54
54.49
51.10
50.20
49.76
50.70
53.23
55.56
57.96
56.38
54.71
49.67
44.86
41.39
38.56
37.19
34.72
33.50
34.19
30.03
25.37
21.26
19.99
18.38
18.32
18.23
17.22
15.61
13.94
12.46
11.67
10.27
8.779
7.462
6.588
5.834
5.416
4.981
4.423
3.974
3.574
3.193
3.010
2.886
2.777
2.727
2.641
2.580
2.464
2.327
2.122
1.941
1.817
1.729
1.668
1.614
1.594
1.581
1.571
1.567
1.565
1.565
1.559
1.551
1.545
1.542
1.543
1.547
1.559
1.569
1.579
1.607
1.627
1.666
1.672
1.686
1.709
1.723
1.777
1.787
1.787
1.789
1.820
1.919
1.941
1.898
1.906
1.912
1.923
1.931
1.926
1.926
1.937
1.951
1.958
1.970
1.972
1.972
1.982
1.997
2.015
2.036
2.050
2.075
2.207
2.480
2.697
2.825
2.749
2.882
2.959
3.140
3.257
3.177
3.075
3.103
3.089
3.030
3.093
3.236
3.283
3.525
3.600
3.562
3.602
3.738
3.824
4.202
4.212
4.356
4.342
4.428
4.428
4.410
4.210
4.075
4.002
3.958
3.938
4.048
4.073
3.672
3.560
3.406
3.288
3.222
3.107
3.105
3.110
2.923
2.836
2.828
2.824
2.799
2.682
2.626
2.580
2.559
2.559
2.567
2.578
2.588
2.605
2.651
2.810
3.105
3.165
3.042
3.130
3.244
3.334
3.460
3.547
3.624
3.750
3.847
4.119
4.373
4.076
3.646
3.468
3.381
3.342
3.381
3.334
3.233
3.054
2.748
2.522
2.423
2.378
2.323
2.302
2.263
2.236
2.224
2.214
2.208
2.200
2.189
2.183
2.173
2.165
2.154
2.142
2.136
2.128
2.117
2.103
2.093
2.081
2.078
2.066
2.062
2.048
2.041
2.033
2.023
2.009
2.007
2.005
166.0
167.7
167.9
164.1
167.4
163.2
165.6
163.5
166.4
169.0
168.4
148.9
151.7
156.0
149.1
146.0
144.8
145.0
151.5
149.2
142.1
137.3
130.0
125.1
126.2
130.7
130.0
132.1
128.4
131.9
129.2
133.9
142.3
137.6
128.1
128.9
131.5
127.3
144.1
129.6
126.8
136.4
121.2
124.6
125.7
131.6
130.2
139.9
134.4
133.9
132.2
134.1
152.1
139.1
141.5
135.8
132.9
156.2
147.3
127.5
132.1
141.8
146.5
148.5
145.2
149.0
149.8
136.4
141.4
144.0
143.2
143.7
157.0
155.9
157.7
157.0
158.4
155.2
157.4
152.1
150.3
152.9
156.4
151.1
157.8
148.8
148.2
154.7
156.0
151.5
152.4
142.3
150.4
157.7
159.8
148.6
153.4
143.1
142.1
142.0
142.1
138.2
137.7
142.2
143.2
145.2
143.7
136.1
135.8
132.4
129.9
131.1
130.9
131.6
125.4
126.2
122.9
125.3
126.5
124.1
120.9
116.1
111.8
116.8
113.2
114.8
111.3
101.9
98.97
91.60
89.05
86.98
87.22
89.94
93.85
98.25
102.1
101.2
98.12
94.61
94.20
91.29
86.00
78.94
75.08
71.39
64.42
62.01
59.61
57.15
56.27
56.74
58.48
55.30
51.16
50.42
52.58
51.56
47.55
40.86
34.50
33.12
30.50
26.60
25.90
24.20
22.94
21.10
18.94
16.66
14.41
12.00
9.870
8.616
7.743
6.752
6.092
5.480
4.900
4.474
4.083
3.711
3.501
3.387
3.323
3.266
3.189
3.145
2.880
2.791
2.618
2.412
2.147
2.034
1.952
1.897
1.886
1.877
1.867
1.855
1.843
1.832
1.828
1.820
1.818
1.818
1.818
1.818
1.818
1.836
1.858
1.887
1.894
1.924
1.953
1.978
2.055
2.116
2.098
2.095
2.097
2.138
2.172
2.193
2.224
2.450
2.384
2.317
2.311
2.311
2.309
2.329
2.339
2.354
2.399
2.373
2.380
2.348
2.344
2.335
2.329
2.294
2.296
2.294
2.363
2.448
2.567
2.699
2.867
2.922
2.994
3.001
3.154
3.333
3.239
3.245
3.213
3.304
3.665
3.925
3.823
3.949
4.008
3.923
4.138
4.381
4.558
4.400
4.619
4.853
4.851
4.855
4.950
4.837
4.953
4.696
4.643
4.666
4.656
4.632
4.716
4.675
4.290
4.328
4.064
4.326
3.918
3.710
3.689
3.866
3.733
3.541
3.468
3.514
3.388
3.041
2.897
2.841
2.826
2.822
2.822
2.820
2.820
2.842
2.867
2.953
3.075
3.307
3.728
4.554
3.958
4.333
4.185
4.174
4.131
4.049
3.859
4.086
4.761
4.767
4.246
3.829
3.480
3.327
3.126
2.980
2.832
2.606
2.494
2.483
2.483
2.507
2.380
2.275
2.223
2.206
2.196
2.190
2.181
2.167
2.157
2.146
2.140
2.130
2.122
2.111
2.105
2.091
2.083
2.072
2.064
2.058
2.052
2.050
2.037
2.033
2.023
2.013
2.005
2.000
1.988
165.4
163.7
162.5
160.1
170.3
172.9
177.2
181.9
188.0
175.4
157.8
164.9
158.8
159.4
149.9
149.0
142.4
141.8
141.6
149.9
146.7
145.6
143.4
141.8
145.8
142.9
131.8
132.1
136.2
131.8
129.5
128.5
128.0
138.7
128.2
133.3
129.8
139.3
131.5
139.2
140.0
143.0
122.4
131.1
133.9
149.1
135.9
138.4
144.0
132.5
151.6
145.6
147.5
141.7
148.6
154.9
162.2
140.0
157.0
151.0
175.3
171.3
159.2
168.2
164.3
159.8
171.4
166.3
163.8
178.3
171.2
172.8
174.3
171.1
161.9
178.9
176.9
182.3
171.0
170.7
175.7
180.2
177.7
178.1
182.1
174.2
185.1
180.0
180.9
178.7
176.3
179.3
177.6
178.3
169.7
177.0
185.1
186.3
183.5
190.2
183.9
179.6
174.9
184.1
174.3
176.0
178.9
186.8
192.6
186.4
189.5
178.7
177.5
178.4
185.0
181.7
183.4
189.8
188.0
194.4
199.5
199.5
192.5
195.7
195.9
195.0
183.7
167.0
164.8
169.8
165.6
152.7
144.5
140.6
142.0
134.8
137.8
142.5
136.7
132.7
121.8
111.0
100.1
100.3
95.20
90.04
92.14
89.96
80.60
70.85
63.23
56.46
53.92
51.35
48.93
44.21
42.24
42.15
41.58
41.12
37.18
30.60
25.73
25.76
25.38
25.26
23.18
21.50
19.69
17.10
14.59
12.54
10.99
9.275
7.973
6.814
6.069
5.566
5.214
4.880
4.429
3.887
3.678
3.561
3.475
3.390
3.329
3.239
3.124
3.095
3.019
2.837
2.659
2.558
2.482
2.417
2.382
2.349
2.339
2.314
2.292
2.257
2.243
2.237
2.231
2.220
2.218
2.216
2.218
2.221
2.253
2.261
2.265
2.268
2.280
2.317
2.350
2.350
2.374
2.376
2.383
2.393
2.407
2.413
2.409
2.405
2.401
2.385
2.387
2.389
2.397
2.411
2.411
2.411
2.424
2.426
2.436
2.438
2.438
2.442
2.457
2.477
2.504
2.539
2.685
2.777
2.951
3.029
3.042
3.071
3.211
3.160
3.224
3.173
3.372
3.350
3.346
3.409
3.464
3.588
3.603
3.788
4.135
4.233
4.233
4.221
4.376
4.737
4.700
4.790
4.915
4.904
4.991
5.086
4.952
4.755
4.867
4.925
4.763
4.574
4.460
4.320
4.386
4.326
4.230
4.187
4.055
3.977
4.203
3.967
3.773
3.670
3.665
3.548
3.396
3.274
3.210
3.179
3.159
3.156
3.120
3.099
3.095
3.095
3.104
3.175
3.348
3.792
3.454
3.633
3.678
3.868
3.949
4.492
4.141
4.428
4.320
4.368
3.950
3.592
3.694
3.890
3.559
3.425
3.225
3.324
3.134
2.784
2.516
2.409
2.358
2.321
2.283
2.226
2.183
2.167
2.154
2.142
2.134
2.122
2.109
2.101
2.089
2.078
2.070
2.062
2.054
2.041
2.033
2.025
2.015
2.009
2.007
2.002
2.005
1.998
1.992
1.980
1.974
1.974
1.974
161.9
163.8
158.7
160.9
164.6
158.4
171.2
169.2
172.7
165.4
170.0
172.1
161.6
170.8
159.7
150.7
153.6
154.0
155.5
149.6
144.8
147.8
130.9
146.6
137.8
146.0
143.1
146.6
148.4
160.3
144.8
145.6
151.1
147.7
150.9
151.0
144.7
147.6
141.4
156.7
162.6
163.1
175.1
172.3
165.6
159.9
160.7
171.9
165.3
172.2
177.5
179.0
192.2
186.0
162.5
154.4
181.5
185.1
199.8
183.5
181.0
212.4
207.5
194.5
199.7
194.5
191.0
200.7
208.8
201.6
209.7
203.5
202.0
210.6
208.2
210.8
218.6
220.5
229.4
225.5
226.7
222.3
220.8
223.8
230.5
215.2
231.5
221.1
227.1
220.3
236.1
224.7
225.2
223.2
234.8
239.2
231.0
259.6
236.8
237.3
251.4
247.7
246.1
261.1
256.5
263.1
261.9
257.8
251.9
252.2
261.9
264.3
273.4
263.5
284.4
272.8
280.0
281.8
275.7
288.8
291.5
293.0
307.8
318.8
315.7
315.3
308.2
304.3
289.9
280.8
280.2
281.6
290.2
297.4
316.0
317.8
321.6
320.6
297.4
278.2
263.4
247.3
241.3
239.5
230.6
212.7
179.4
159.5
152.0
135.4
122.2
118.1
102.8
78.66
62.97
60.44
58.22
44.70
37.50
35.62
36.90
37.06
31.91
30.05
28.12
26.19
25.44
26.99
25.21
22.45
18.94
15.36
13.20
10.37
8.895
7.884
7.124
6.753
6.342
5.857
5.420
4.799
4.546
4.329
4.187
4.045
3.938
3.736
3.601
3.473
3.296
3.194
3.002
2.853
2.773
2.673
2.664
2.627
2.579
2.543
2.513
2.479
2.457
2.429
2.420
2.417
2.401
2.397
2.399
2.403
2.403
2.425
2.406
2.407
2.455
2.456
2.436
2.432
2.430
2.432
2.424
2.430
2.491
2.471
2.469
2.499
2.510
2.480
2.451
2.446
2.444
2.446
2.440
2.504
2.502
2.485
2.481
2.487
2.491
2.497
2.518
2.546
2.551
2.596
2.768
3.094
3.056
3.136
3.205
3.254
3.528
3.597
3.504
3.609
3.527
3.530
3.799
3.624
3.643
3.807
3.874
4.037
4.105
4.302
4.409
4.345
4.393
4.564
5.715
5.887
5.907
6.397
6.594
6.211
5.925
5.893
5.886
6.204
6.133
5.584
5.423
5.338
5.773
5.284
4.853
4.601
4.344
4.207
4.224
4.239
4.069
3.918
3.787
3.763
3.773
3.626
3.431
3.375
3.349
3.315
3.285
3.270
3.264
3.280
3.522
3.575
3.782
4.045
4.114
4.098
4.195
4.367
4.552
4.580
4.507
4.912
4.987
4.653
4.736
4.674
4.327
3.951
3.703
3.493
3.455
3.056
2.910
2.882
2.740
2.533
2.355
2.272
2.229
2.184
2.155
2.138
2.126
2.116
2.105
2.093
2.083
2.076
2.064
2.056
2.050
2.040
2.033
2.023
2.017
2.011
2.005
2.002
1.998
1.996
1.990
1.990
1.980
1.976
1.974
1.972
1.968
