SALVI
1
0
24
15.00
181
1.00

231103 OCH Y50 350 F2MD PMMA

231102 OCH Y50 350 F2MD PMMA.ldt
20 November 2023/TB
760
0
225
320
60
0
0
0
0
99.6
100.0
1.000
0.0
1
1
16 LED
7286.1


68.3
0.187
0.276
0.370
0.454
0.515
0.614
0.670
0.724
0.787
0.827
0.0
15.0
30.0
45.0
60.0
75.0
90.0
105.0
120.0
135.0
150.0
165.0
180.0
195.0
210.0
225.0
240.0
255.0
270.0
285.0
300.0
315.0
330.0
345.0
0.0
1.0
2.0
3.0
4.0
5.0
6.0
7.0
8.0
9.0
10.0
11.0
12.0
13.0
14.0
15.0
16.0
17.0
18.0
19.0
20.0
21.0
22.0
23.0
24.0
25.0
26.0
27.0
28.0
29.0
30.0
31.0
32.0
33.0
34.0
35.0
36.0
37.0
38.0
39.0
40.0
41.0
42.0
43.0
44.0
45.0
46.0
47.0
48.0
49.0
50.0
51.0
52.0
53.0
54.0
55.0
56.0
57.0
58.0
59.0
60.0
61.0
62.0
63.0
64.0
65.0
66.0
67.0
68.0
69.0
70.0
71.0
72.0
73.0
74.0
75.0
76.0
77.0
78.0
79.0
80.0
81.0
82.0
83.0
84.0
85.0
86.0
87.0
88.0
89.0
90.0
91.0
92.0
93.0
94.0
95.0
96.0
97.0
98.0
99.0
100.0
101.0
102.0
103.0
104.0
105.0
106.0
107.0
108.0
109.0
110.0
111.0
112.0
113.0
114.0
115.0
116.0
117.0
118.0
119.0
120.0
121.0
122.0
123.0
124.0
125.0
126.0
127.0
128.0
129.0
130.0
131.0
132.0
133.0
134.0
135.0
136.0
137.0
138.0
139.0
140.0
141.0
142.0
143.0
144.0
145.0
146.0
147.0
148.0
149.0
150.0
151.0
152.0
153.0
154.0
155.0
156.0
157.0
158.0
159.0
160.0
161.0
162.0
163.0
164.0
165.0
166.0
167.0
168.0
169.0
170.0
171.0
172.0
173.0
174.0
175.0
176.0
177.0
178.0
179.0
180.0
173.4
189.6
178.2
169.0
167.4
149.3
152.2
140.3
140.5
136.6
143.4
142.8
157.3
173.1
185.9
190.5
183.3
192.2
177.4
198.4
217.9
229.1
240.7
234.1
222.5
217.0
225.8
230.0
246.5
250.3
258.3
276.2
282.6
301.4
306.7
311.8
316.8
322.5
327.0
332.2
336.8
341.4
346.0
350.2
354.0
357.6
361.4
365.1
368.9
372.7
375.6
379.0
381.9
385.4
388.3
390.5
392.4
393.6
394.2
395.5
396.0
396.0
395.9
394.3
390.9
384.7
376.5
365.0
351.0
334.8
316.8
295.6
271.6
245.3
226.1
205.4
185.8
154.9
120.1
89.78
56.61
31.62
19.57
13.40
8.996
5.229
3.117
2.142
1.439
0.8893
0.5895
0.4683
0.5082
0.5641
0.6115
0.6518
0.6795
0.7012
0.7220
0.7402
0.7579
0.7794
0.7943
0.8085
0.8179
0.8308
0.8328
0.8328
0.8328
0.8321
0.8301
0.8267
0.8172
0.8065
0.7984
0.7909
0.7842
0.7788
0.7734
0.7673
0.7632
0.7599
0.7559
0.7539
0.7545
0.7538
0.7558
0.7579
0.7619
0.7639
0.7660
0.7680
0.7559
0.7455
0.6942
0.6632
0.6161
0.6067
0.6040
0.6040
0.6040
0.6134
0.6275
0.6451
0.6676
0.6932
0.7188
0.7409
0.7545
0.7592
0.7612
0.7612
0.7612
0.7511
0.7282
0.7052
0.6796
0.6526
0.5584
0.4780
0.4199
0.3280
0.3280
0.3253
0.3219
0.3205
0.3178
0.3145
0.3111
0.3098
0.3097
0.3077
0.3057
0.3050
0.3050
0.3050
0.3050
0.3050
0.3057
0.3057
0.3057
167.3
186.6
185.7
172.2
158.3
155.7
153.5
156.7
151.2
144.8
120.6
124.6
134.3
170.4
194.5
221.1
205.8
202.8
187.8
189.1
207.1
210.5
226.7
211.8
210.2
203.5
200.5
217.6
216.2
229.2
228.7
235.0
256.0
271.5
283.8
290.9
297.6
304.5
312.0
320.4
328.8
338.3
348.8
359.1
369.2
378.9
387.4
397.0
405.1
412.9
421.4
430.1
438.6
449.1
458.3
468.4
479.5
489.0
498.4
507.3
515.4
523.1
529.2
533.4
534.9
533.8
528.4
520.7
505.6
487.5
465.9
439.0
411.7
380.6
343.5
306.4
267.9
220.6
162.0
109.5
71.75
39.46
25.89
18.43
12.60
8.187
5.289
3.916
2.978
2.244
1.736
1.517
1.480
1.454
1.426
1.391
1.353
1.311
1.263
1.208
1.151
1.091
1.030
0.9699
0.9136
0.8629
0.8216
0.7846
0.7537
0.7308
0.7078
0.6923
0.6781
0.6680
0.6592
0.6512
0.6451
0.6411
0.6357
0.6323
0.6283
0.6269
0.6276
0.6276
0.6290
0.6323
0.6350
0.6344
0.6350
0.6330
0.6323
0.6268
0.6116
0.5818
0.5362
0.4940
0.4913
0.4906
0.4906
0.4927
0.5001
0.5070
0.5204
0.5408
0.5610
0.5853
0.6075
0.6202
0.6250
0.6344
0.6384
0.6370
0.6349
0.6247
0.6093
0.5930
0.5776
0.5636
0.4604
0.3658
0.2895
0.2909
0.2929
0.2942
0.2956
0.2969
0.2969
0.2976
0.3010
0.3010
0.3051
0.3112
0.3145
0.3199
0.3260
0.3307
0.3388
0.3422
0.3475
0.3482
0.3482
178.0
182.0
181.8
183.7
172.5
148.5
132.8
140.5
153.3
164.8
152.4
148.2
143.2
161.8
190.4
203.5
208.9
208.8
202.8
204.9
196.5
202.3
211.9
212.2
221.7
220.7
214.6
200.0
199.7
209.7
231.1
247.4
253.7
264.4
270.3
281.6
296.9
304.3
310.5
317.2
324.7
333.7
343.6
354.9
365.8
378.1
390.3
402.6
415.9
427.7
440.9
452.5
463.0
474.1
483.9
494.4
504.0
512.7
520.6
527.0
531.5
533.5
531.7
525.3
516.2
503.4
486.7
466.1
442.2
415.6
382.9
343.0
297.7
255.0
213.7
176.3
139.8
102.8
65.23
43.01
31.09
24.13
20.42
16.53
12.39
7.698
4.730
3.195
2.392
1.760
1.366
1.190
1.156
1.122
1.088
1.054
1.023
0.9929
0.9645
0.9369
0.9106
0.8828
0.8573
0.8337
0.8115
0.7891
0.7682
0.7519
0.7364
0.7201
0.7047
0.6931
0.6850
0.6749
0.6662
0.6567
0.6466
0.6371
0.6284
0.6216
0.6142
0.6107
0.6061
0.6047
0.6040
0.6033
0.6033
0.6020
0.6013
0.5959
0.5817
0.5563
0.5407
0.5365
0.5271
0.5210
0.5156
0.5142
0.5142
0.5162
0.5169
0.5223
0.5331
0.5405
0.5445
0.5366
0.5358
0.5365
0.5365
0.5345
0.5231
0.5103
0.4922
0.4819
0.4812
0.4644
0.3770
0.2751
0.2492
0.2490
0.2490
0.2490
0.2490
0.2510
0.2544
0.2611
0.2632
0.2652
0.2679
0.2706
0.2773
0.2834
0.2908
0.2983
0.3057
0.3125
0.3239
0.3293
0.3401
0.3469
0.3556
190.7
178.4
175.3
177.0
175.3
159.5
134.4
133.8
137.3
150.4
170.4
186.3
189.2
179.4
169.4
177.3
189.0
205.3
207.3
216.4
212.1
213.9
207.2
216.3
217.1
224.2
220.5
231.9
232.1
244.0
251.7
270.0
283.4
296.1
306.8
317.9
330.1
342.5
354.0
365.8
377.0
386.5
395.2
403.4
411.4
418.0
424.6
430.9
436.4
442.1
446.7
450.5
453.5
453.0
449.8
445.3
438.7
432.7
426.3
417.7
407.4
395.3
381.9
366.0
348.6
328.2
306.2
283.4
257.6
230.9
205.6
181.8
156.2
128.5
103.7
78.89
57.76
44.80
38.14
33.98
28.33
23.26
17.73
12.94
8.761
5.429
3.040
1.922
1.239
0.7089
0.3541
0.2444
0.2525
0.2599
0.2686
0.2747
0.2801
0.2828
0.2868
0.2902
0.2929
0.2956
0.2970
0.3003
0.3030
0.3057
0.3091
0.3138
0.3165
0.3219
0.3274
0.3341
0.3381
0.3436
0.3497
0.3584
0.3631
0.3712
0.3766
0.3861
0.3949
0.4044
0.4151
0.4246
0.4313
0.4366
0.4373
0.4387
0.4387
0.4387
0.4393
0.4414
0.4468
0.4529
0.4638
0.4786
0.4934
0.5089
0.5232
0.5380
0.5528
0.5663
0.5817
0.5899
0.5952
0.5932
0.5898
0.5878
0.5831
0.5850
0.5639
0.4884
0.3514
0.2469
0.2133
0.2153
0.2180
0.2194
0.2234
0.2268
0.2288
0.2315
0.2356
0.2389
0.2430
0.2471
0.2524
0.2592
0.2639
0.2680
0.2767
0.2863
0.2956
0.3065
0.3173
0.3273
0.3388
0.3476
0.3584
0.3644
0.3658
194.1
181.0
172.9
179.6
183.1
168.6
156.7
136.5
119.2
116.9
129.8
158.5
181.7
191.7
205.6
208.0
201.3
196.5
191.3
199.2
212.8
215.6
211.1
202.7
206.0
213.0
232.3
255.9
259.0
251.8
255.1
266.5
283.0
308.3
329.2
344.2
355.1
364.6
372.2
378.8
384.3
389.9
394.8
399.9
404.4
407.5
410.0
409.8
407.1
401.8
394.7
388.6
381.0
371.3
359.5
345.4
330.3
313.2
295.6
277.5
259.2
241.4
223.9
207.6
192.2
176.4
159.6
141.4
125.7
114.7
105.7
97.06
87.68
72.94
57.43
48.55
42.21
36.10
29.89
25.06
19.56
15.93
12.76
9.511
6.618
4.364
2.783
1.777
1.239
0.8159
0.4979
0.4134
0.4110
0.4077
0.4063
0.4022
0.4015
0.4002
0.3995
0.4002
0.3988
0.3982
0.3948
0.3921
0.3894
0.3894
0.3860
0.3847
0.3840
0.3833
0.3833
0.3833
0.3833
0.3833
0.3833
0.3847
0.3860
0.3880
0.3894
0.3894
0.3914
0.3988
0.4022
0.4089
0.4150
0.4224
0.4312
0.4399
0.4460
0.4494
0.4494
0.4461
0.4387
0.4380
0.4373
0.4360
0.4353
0.4386
0.4446
0.4588
0.4783
0.4912
0.5053
0.5155
0.5256
0.5331
0.5399
0.5505
0.5553
0.5554
0.5507
0.5433
0.5278
0.5165
0.5149
0.4914
0.3983
0.2673
0.2080
0.2079
0.2085
0.2092
0.2125
0.2159
0.2199
0.2260
0.2288
0.2355
0.2402
0.2476
0.2537
0.2651
0.2739
0.2860
0.2976
0.3090
0.3238
0.3340
0.3489
0.3597
0.3685
190.4
189.9
168.3
168.1
172.9
184.9
160.3
141.1
149.4
162.0
165.5
166.7
174.5
185.5
169.5
170.1
171.7
192.0
244.8
253.1
243.4
216.1
216.4
210.7
228.8
248.6
253.9
256.5
273.7
285.2
304.7
325.6
344.3
371.6
389.5
403.5
414.8
424.6
433.5
441.2
447.6
452.6
455.8
458.3
457.0
451.9
446.3
440.0
433.7
423.4
412.0
399.2
383.7
366.6
348.2
329.2
309.9
290.6
272.3
254.0
237.6
222.0
206.3
191.6
178.9
168.2
160.5
153.7
143.6
132.5
121.0
104.7
85.49
66.31
55.80
48.42
43.37
38.34
32.67
28.98
23.56
18.61
15.84
11.96
7.849
4.858
2.982
1.933
1.306
0.7925
0.4748
0.4137
0.4130
0.4130
0.4130
0.4103
0.4069
0.4049
0.4022
0.4002
0.3995
0.3975
0.3968
0.3954
0.3934
0.3928
0.3928
0.3928
0.3928
0.3928
0.3928
0.3934
0.3934
0.3934
0.3948
0.3975
0.3968
0.3982
0.3975
0.3982
0.4002
0.4029
0.4050
0.4097
0.4137
0.4198
0.4306
0.4373
0.4447
0.4468
0.4474
0.4481
0.4413
0.4378
0.4170
0.3982
0.4015
0.4009
0.4016
0.4043
0.4111
0.4252
0.4448
0.4659
0.4930
0.5226
0.5530
0.5764
0.5892
0.6033
0.6209
0.6357
0.6356
0.6315
0.6221
0.6032
0.5924
0.5824
0.5174
0.2943
0.2261
0.2288
0.2322
0.2355
0.2389
0.2430
0.2477
0.2524
0.2579
0.2633
0.2700
0.2808
0.2909
0.3024
0.3139
0.3240
0.3368
0.3476
0.3604
0.3712
0.3718
188.3
194.2
170.2
177.1
187.3
195.9
199.4
167.8
140.0
129.9
153.2
185.1
231.6
213.0
145.8
139.1
157.7
211.3
245.5
275.9
233.7
234.5
240.0
258.2
296.1
300.6
281.5
291.7
305.8
334.2
367.2
389.7
420.2
436.9
447.8
456.7
463.2
469.6
475.4
480.0
483.0
486.2
485.4
481.6
474.6
466.2
458.4
447.5
434.1
419.1
401.8
383.4
363.4
342.8
321.5
300.9
282.3
263.9
247.4
232.3
217.7
204.3
191.4
181.1
173.3
169.7
161.7
152.1
139.7
125.5
110.8
89.04
68.59
58.20
52.36
45.71
39.24
32.77
26.33
22.49
18.23
15.18
11.70
9.305
6.402
4.155
2.482
1.485
0.9346
0.4442
0.1790
0.1581
0.1673
0.1767
0.2035
0.2144
0.2227
0.2321
0.2402
0.2496
0.2578
0.2713
0.2807
0.2942
0.3010
0.3103
0.3185
0.3292
0.3374
0.3441
0.3575
0.3657
0.3725
0.3832
0.3820
0.3846
0.3874
0.3900
0.3914
0.3941
0.3955
0.3981
0.3982
0.4022
0.4089
0.4143
0.4224
0.4318
0.4386
0.4440
0.4534
0.4575
0.4656
0.4683
0.4683
0.4311
0.4092
0.4076
0.4076
0.4090
0.4143
0.4264
0.4451
0.4709
0.5019
0.5340
0.5696
0.6068
0.6301
0.6410
0.6571
0.6720
0.6855
0.6910
0.6897
0.6736
0.6466
0.6318
0.6171
0.4485
0.2389
0.2349
0.2348
0.2348
0.2348
0.2348
0.2402
0.2443
0.2483
0.2510
0.2578
0.2684
0.2779
0.2902
0.3008
0.3130
0.3280
0.3415
0.3522
0.3603
0.3712
190.4
189.9
168.3
168.1
172.9
184.9
160.3
141.1
149.4
162.0
165.5
166.7
174.5
185.5
169.5
170.1
171.7
192.0
244.8
253.1
243.4
216.1
216.4
210.7
228.8
248.6
253.9
256.5
273.7
285.2
304.7
325.6
344.3
371.6
389.5
403.5
414.8
424.6
433.5
441.2
447.6
452.6
455.8
458.3
457.0
451.9
446.3
440.0
433.7
423.4
412.0
399.2
383.7
366.6
348.2
329.2
309.9
290.6
272.3
254.0
237.6
222.0
206.3
191.6
178.9
168.2
160.5
153.7
143.6
132.5
121.0
104.7
85.49
66.31
55.80
48.42
43.37
38.34
32.67
28.98
23.56
18.61
15.84
11.96
7.849
4.858
2.982
1.933
1.306
0.7925
0.4748
0.4137
0.4130
0.4130
0.4130
0.4103
0.4069
0.4049
0.4022
0.4002
0.3995
0.3975
0.3968
0.3954
0.3934
0.3928
0.3928
0.3928
0.3928
0.3928
0.3928
0.3934
0.3934
0.3934
0.3948
0.3975
0.3968
0.3982
0.3975
0.3982
0.4002
0.4029
0.4050
0.4097
0.4137
0.4198
0.4306
0.4373
0.4447
0.4468
0.4474
0.4481
0.4413
0.4378
0.4170
0.3982
0.4015
0.4009
0.4016
0.4043
0.4111
0.4252
0.4448
0.4659
0.4930
0.5226
0.5530
0.5764
0.5892
0.6033
0.6209
0.6357
0.6356
0.6315
0.6221
0.6032
0.5924
0.5824
0.5174
0.2943
0.2261
0.2288
0.2322
0.2355
0.2389
0.2430
0.2477
0.2524
0.2579
0.2633
0.2700
0.2808
0.2909
0.3024
0.3139
0.3240
0.3368
0.3476
0.3604
0.3712
0.3718
194.1
181.0
172.9
179.6
183.1
168.6
156.7
136.5
119.2
116.9
129.8
158.5
181.7
191.7
205.6
208.0
201.3
196.5
191.3
199.2
212.8
215.6
211.1
202.7
206.0
213.0
232.3
255.9
259.0
251.8
255.1
266.5
283.0
308.3
329.2
344.2
355.1
364.6
372.2
378.8
384.3
389.9
394.8
399.9
404.4
407.5
410.0
409.8
407.1
401.8
394.7
388.6
381.0
371.3
359.5
345.4
330.3
313.2
295.6
277.5
259.2
241.4
223.9
207.6
192.2
176.4
159.6
141.4
125.7
114.7
105.7
97.06
87.68
72.94
57.43
48.55
42.21
36.10
29.89
25.06
19.56
15.93
12.76
9.511
6.618
4.364
2.783
1.777
1.239
0.8159
0.4979
0.4134
0.4110
0.4077
0.4063
0.4022
0.4015
0.4002
0.3995
0.4002
0.3988
0.3982
0.3948
0.3921
0.3894
0.3894
0.3860
0.3847
0.3840
0.3833
0.3833
0.3833
0.3833
0.3833
0.3833
0.3847
0.3860
0.3880
0.3894
0.3894
0.3914
0.3988
0.4022
0.4089
0.4150
0.4224
0.4312
0.4399
0.4460
0.4494
0.4494
0.4461
0.4387
0.4380
0.4373
0.4360
0.4353
0.4386
0.4446
0.4588
0.4783
0.4912
0.5053
0.5155
0.5256
0.5331
0.5399
0.5505
0.5553
0.5554
0.5507
0.5433
0.5278
0.5165
0.5149
0.4914
0.3983
0.2673
0.2080
0.2079
0.2085
0.2092
0.2125
0.2159
0.2199
0.2260
0.2288
0.2355
0.2402
0.2476
0.2537
0.2651
0.2739
0.2860
0.2976
0.3090
0.3238
0.3340
0.3489
0.3597
0.3685
190.7
178.4
175.3
177.0
175.3
159.5
134.4
133.8
137.3
150.4
170.4
186.3
189.2
179.4
169.4
177.3
189.0
205.3
207.3
216.4
212.1
213.9
207.2
216.3
217.1
224.2
220.5
231.9
232.1
244.0
251.7
270.0
283.4
296.1
306.8
317.9
330.1
342.5
354.0
365.8
377.0
386.5
395.2
403.4
411.4
418.0
424.6
430.9
436.4
442.1
446.7
450.5
453.5
453.0
449.8
445.3
438.7
432.7
426.3
417.7
407.4
395.3
381.9
366.0
348.6
328.2
306.2
283.4
257.6
230.9
205.6
181.8
156.2
128.5
103.7
78.89
57.76
44.80
38.14
33.98
28.33
23.26
17.73
12.94
8.761
5.429
3.040
1.922
1.239
0.7089
0.3541
0.2444
0.2525
0.2599
0.2686
0.2747
0.2801
0.2828
0.2868
0.2902
0.2929
0.2956
0.2970
0.3003
0.3030
0.3057
0.3091
0.3138
0.3165
0.3219
0.3274
0.3341
0.3381
0.3436
0.3497
0.3584
0.3631
0.3712
0.3766
0.3861
0.3949
0.4044
0.4151
0.4246
0.4313
0.4366
0.4373
0.4387
0.4387
0.4387
0.4393
0.4414
0.4468
0.4529
0.4638
0.4786
0.4934
0.5089
0.5232
0.5380
0.5528
0.5663
0.5817
0.5899
0.5952
0.5932
0.5898
0.5878
0.5831
0.5850
0.5639
0.4884
0.3514
0.2469
0.2133
0.2153
0.2180
0.2194
0.2234
0.2268
0.2288
0.2315
0.2356
0.2389
0.2430
0.2471
0.2524
0.2592
0.2639
0.2680
0.2767
0.2863
0.2956
0.3065
0.3173
0.3273
0.3388
0.3476
0.3584
0.3644
0.3658
178.0
182.0
181.8
183.7
172.5
148.5
132.8
140.5
153.3
164.8
152.4
148.2
143.2
161.8
190.4
203.5
208.9
208.8
202.8
204.9
196.5
202.3
211.9
212.2
221.7
220.7
214.6
200.0
199.7
209.7
231.1
247.4
253.7
264.4
270.3
281.6
296.9
304.3
310.5
317.2
324.7
333.7
343.6
354.9
365.8
378.1
390.3
402.6
415.9
427.7
440.9
452.5
463.0
474.1
483.9
494.4
504.0
512.7
520.6
527.0
531.5
533.5
531.7
525.3
516.2
503.4
486.7
466.1
442.2
415.6
382.9
343.0
297.7
255.0
213.7
176.3
139.8
102.8
65.23
43.01
31.09
24.13
20.42
16.53
12.39
7.698
4.730
3.195
2.392
1.760
1.366
1.190
1.156
1.122
1.088
1.054
1.023
0.9929
0.9645
0.9369
0.9106
0.8828
0.8573
0.8337
0.8115
0.7891
0.7682
0.7519
0.7364
0.7201
0.7047
0.6931
0.6850
0.6749
0.6662
0.6567
0.6466
0.6371
0.6284
0.6216
0.6142
0.6107
0.6061
0.6047
0.6040
0.6033
0.6033
0.6020
0.6013
0.5959
0.5817
0.5563
0.5407
0.5365
0.5271
0.5210
0.5156
0.5142
0.5142
0.5162
0.5169
0.5223
0.5331
0.5405
0.5445
0.5366
0.5358
0.5365
0.5365
0.5345
0.5231
0.5103
0.4922
0.4819
0.4812
0.4644
0.3770
0.2751
0.2492
0.2490
0.2490
0.2490
0.2490
0.2510
0.2544
0.2611
0.2632
0.2652
0.2679
0.2706
0.2773
0.2834
0.2908
0.2983
0.3057
0.3125
0.3239
0.3293
0.3401
0.3469
0.3556
167.3
186.6
185.7
172.2
158.3
155.7
153.5
156.7
151.2
144.8
120.6
124.6
134.3
170.4
194.5
221.1
205.8
202.8
187.8
189.1
207.1
210.5
226.7
211.8
210.2
203.5
200.5
217.6
216.2
229.2
228.7
235.0
256.0
271.5
283.8
290.9
297.6
304.5
312.0
320.4
328.8
338.3
348.8
359.1
369.2
378.9
387.4
397.0
405.1
412.9
421.4
430.1
438.6
449.1
458.3
468.4
479.5
489.0
498.4
507.3
515.4
523.1
529.2
533.4
534.9
533.8
528.4
520.7
505.6
487.5
465.9
439.0
411.7
380.6
343.5
306.4
267.9
220.6
162.0
109.5
71.75
39.46
25.89
18.43
12.60
8.187
5.289
3.916
2.978
2.244
1.736
1.517
1.480
1.454
1.426
1.391
1.353
1.311
1.263
1.208
1.151
1.091
1.030
0.9699
0.9136
0.8629
0.8216
0.7846
0.7537
0.7308
0.7078
0.6923
0.6781
0.6680
0.6592
0.6512
0.6451
0.6411
0.6357
0.6323
0.6283
0.6269
0.6276
0.6276
0.6290
0.6323
0.6350
0.6344
0.6350
0.6330
0.6323
0.6268
0.6116
0.5818
0.5362
0.4940
0.4913
0.4906
0.4906
0.4927
0.5001
0.5070
0.5204
0.5408
0.5610
0.5853
0.6075
0.6202
0.6250
0.6344
0.6384
0.6370
0.6349
0.6247
0.6093
0.5930
0.5776
0.5636
0.4604
0.3658
0.2895
0.2909
0.2929
0.2942
0.2956
0.2969
0.2969
0.2976
0.3010
0.3010
0.3051
0.3112
0.3145
0.3199
0.3260
0.3307
0.3388
0.3422
0.3475
0.3482
0.3482
173.4
189.6
178.2
169.0
167.4
149.3
152.2
140.3
140.5
136.6
143.4
142.8
157.3
173.1
185.9
190.5
183.3
192.2
177.4
198.4
217.9
229.1
240.7
234.1
222.5
217.0
225.8
230.0
246.5
250.3
258.3
276.2
282.6
301.4
306.7
311.8
316.8
322.5
327.0
332.2
336.8
341.4
346.0
350.2
354.0
357.6
361.4
365.1
368.9
372.7
375.6
379.0
381.9
385.4
388.3
390.5
392.4
393.6
394.2
395.5
396.0
396.0
395.9
394.3
390.9
384.7
376.5
365.0
351.0
334.8
316.8
295.6
271.6
245.3
226.1
205.4
185.8
154.9
120.1
89.78
56.61
31.62
19.57
13.40
8.996
5.229
3.117
2.142
1.439
0.8893
0.5895
0.4683
0.5082
0.5641
0.6115
0.6518
0.6795
0.7012
0.7220
0.7402
0.7579
0.7794
0.7943
0.8085
0.8179
0.8308
0.8328
0.8328
0.8328
0.8321
0.8301
0.8267
0.8172
0.8065
0.7984
0.7909
0.7842
0.7788
0.7734
0.7673
0.7632
0.7599
0.7559
0.7539
0.7545
0.7538
0.7558
0.7579
0.7619
0.7639
0.7660
0.7680
0.7559
0.7455
0.6942
0.6632
0.6161
0.6067
0.6040
0.6040
0.6040
0.6134
0.6275
0.6451
0.6676
0.6932
0.7188
0.7409
0.7545
0.7592
0.7612
0.7612
0.7612
0.7511
0.7282
0.7052
0.6796
0.6526
0.5584
0.4780
0.4199
0.3280
0.3280
0.3253
0.3219
0.3205
0.3178
0.3145
0.3111
0.3098
0.3097
0.3077
0.3057
0.3050
0.3050
0.3050
0.3050
0.3050
0.3057
0.3057
0.3057
167.3
178.2
180.2
170.1
157.6
147.2
150.7
151.8
143.8
133.6
112.6
115.5
121.8
154.9
173.5
200.8
190.0
185.4
170.0
169.5
182.5
186.3
203.8
191.1
189.2
181.6
178.6
192.2
190.0
198.2
198.1
201.4
215.5
227.6
232.0
233.4
234.8
236.0
237.4
238.7
240.0
241.2
241.8
241.4
240.5
239.6
237.9
236.1
232.5
228.3
223.3
218.1
213.1
208.1
203.2
198.6
194.0
189.7
184.5
179.1
173.7
168.4
162.6
157.0
150.8
143.9
136.2
127.4
118.3
108.5
98.03
88.24
79.91
71.76
63.37
55.98
47.55
38.50
30.08
22.76
17.86
15.19
13.14
10.64
7.674
5.021
3.610
2.863
2.271
1.800
1.521
1.418
1.412
1.410
1.407
1.393
1.371
1.343
1.309
1.272
1.233
1.199
1.160
1.125
1.090
1.055
1.023
0.9924
0.9659
0.9408
0.9200
0.9018
0.8849
0.8700
0.8565
0.8451
0.8355
0.8261
0.8173
0.8079
0.8011
0.7923
0.7896
0.7849
0.7835
0.7842
0.7822
0.7815
0.7821
0.7828
0.7835
0.7775
0.7734
0.7360
0.7020
0.6628
0.6600
0.6567
0.6526
0.6532
0.6553
0.6653
0.6821
0.7044
0.7273
0.7504
0.7685
0.7814
0.7908
0.7929
0.7963
0.7997
0.7970
0.7809
0.7539
0.7302
0.7062
0.6695
0.5636
0.4814
0.3972
0.3908
0.3874
0.3833
0.3793
0.3753
0.3685
0.3645
0.3591
0.3543
0.3510
0.3456
0.3415
0.3388
0.3388
0.3414
0.3421
0.3421
0.3435
0.3462
0.3496
178.0
173.3
174.6
179.8
167.1
143.3
126.0
126.8
135.7
142.9
137.1
128.4
120.8
132.6
154.9
167.8
174.0
171.9
168.9
159.9
151.0
154.1
154.1
155.5
158.7
156.4
147.8
133.2
126.7
126.7
133.4
134.9
130.2
129.1
124.8
121.2
120.6
116.7
112.3
107.6
102.2
96.41
90.26
83.96
77.41
70.99
64.56
58.28
52.25
46.87
42.51
39.20
36.84
35.19
34.14
33.34
32.57
31.85
31.15
30.51
29.86
29.23
28.58
27.93
27.30
26.69
26.08
25.46
24.84
24.25
23.57
22.81
21.91
20.87
19.86
18.76
17.66
16.54
15.36
14.23
12.95
11.68
10.24
8.321
6.341
4.604
3.339
2.587
2.119
1.747
1.515
1.429
1.421
1.414
1.402
1.382
1.359
1.329
1.293
1.255
1.215
1.173
1.132
1.095
1.057
1.021
0.9871
0.9581
0.9326
0.9102
0.8907
0.8731
0.8603
0.8489
0.8395
0.8286
0.8192
0.8111
0.8044
0.8024
0.8024
0.8024
0.8024
0.8024
0.8037
0.8044
0.8044
0.8044
0.7983
0.7936
0.7739
0.7523
0.7281
0.7220
0.7153
0.7126
0.7126
0.7160
0.7235
0.7330
0.7457
0.7566
0.7687
0.7775
0.7808
0.7801
0.7801
0.7801
0.7788
0.7686
0.7524
0.7320
0.7059
0.6849
0.6769
0.6416
0.5632
0.4803
0.4245
0.4204
0.4157
0.4110
0.4069
0.4022
0.3968
0.3921
0.3866
0.3813
0.3772
0.3705
0.3658
0.3644
0.3597
0.3577
0.3631
0.3630
0.3604
0.3577
0.3604
0.3604
0.3597
190.7
174.6
168.1
171.1
164.0
147.2
123.2
113.3
118.0
128.0
145.6
149.0
148.3
139.4
128.5
130.9
138.9
139.4
142.1
138.6
130.7
124.5
120.8
108.5
107.1
102.6
94.15
93.38
88.87
84.26
79.65
77.11
72.53
67.74
62.54
57.29
52.40
48.11
44.56
42.27
40.96
39.72
38.90
38.12
37.38
36.65
35.96
35.30
34.59
33.90
33.17
32.46
31.75
31.05
30.37
29.66
28.98
28.28
27.56
26.87
26.15
25.41
24.62
23.78
22.91
22.06
21.21
20.35
19.50
18.67
17.87
17.12
16.43
15.72
14.95
14.08
13.16
12.18
11.11
9.966
8.818
7.685
6.519
5.274
4.079
2.916
1.972
1.277
0.9139
0.6222
0.4618
0.4441
0.4567
0.4742
0.4851
0.4953
0.5013
0.5075
0.5135
0.5182
0.5250
0.5310
0.5358
0.5432
0.5520
0.5560
0.5634
0.5716
0.5796
0.5877
0.5972
0.6073
0.6141
0.6215
0.6302
0.6403
0.6498
0.6572
0.6653
0.6714
0.6822
0.6903
0.6998
0.7085
0.7152
0.7213
0.7241
0.7241
0.7221
0.7160
0.7113
0.7073
0.7066
0.7072
0.7126
0.7220
0.7327
0.7409
0.7497
0.7571
0.7666
0.7727
0.7767
0.7821
0.7848
0.7828
0.7722
0.7520
0.7404
0.7357
0.7123
0.6374
0.5320
0.4676
0.4630
0.4596
0.4582
0.4582
0.4556
0.4529
0.4488
0.4434
0.4394
0.4360
0.4306
0.4272
0.4211
0.4157
0.4104
0.4050
0.3982
0.3928
0.3874
0.3840
0.3833
0.3820
0.3799
0.3772
0.3745
0.3725
0.3678
194.1
178.5
167.6
173.1
163.3
151.3
139.4
119.4
100.4
96.34
99.40
118.6
131.6
134.2
139.0
141.2
126.8
117.3
107.5
103.1
101.5
95.45
88.72
80.76
74.36
70.01
68.62
65.62
59.82
53.63
47.56
43.36
40.74
39.77
39.89
40.08
40.01
39.78
39.35
38.80
38.20
37.56
36.89
36.27
35.65
35.06
34.48
33.91
33.32
32.73
32.12
31.49
30.87
30.22
29.59
28.96
28.29
27.61
26.93
26.21
25.52
24.83
24.13
23.46
22.77
22.11
21.47
20.84
20.21
19.60
19.00
18.38
17.72
16.99
16.25
15.51
14.67
13.67
12.62
11.51
10.39
9.159
8.042
6.896
5.765
4.648
3.673
2.924
2.429
2.100
1.891
1.833
1.807
1.781
1.749
1.712
1.670
1.620
1.568
1.516
1.460
1.407
1.353
1.304
1.256
1.210
1.169
1.133
1.099
1.071
1.046
1.020
1.003
0.9866
0.9710
0.9568
0.9426
0.9272
0.9163
0.9043
0.8961
0.8881
0.8826
0.8765
0.8705
0.8638
0.8624
0.8583
0.8514
0.8307
0.8094
0.7631
0.7456
0.7307
0.7112
0.6971
0.6937
0.6931
0.6937
0.6944
0.6944
0.6883
0.6809
0.6796
0.6789
0.6769
0.6762
0.6762
0.6741
0.6619
0.6471
0.6281
0.6038
0.5938
0.5925
0.5893
0.5386
0.4635
0.4474
0.4474
0.4454
0.4440
0.4420
0.4373
0.4326
0.4292
0.4245
0.4197
0.4123
0.4062
0.4008
0.3927
0.3887
0.3867
0.3847
0.3847
0.3833
0.3786
0.3786
0.3752
0.3698
190.4
182.4
156.3
158.4
160.8
158.2
138.0
118.9
126.3
125.7
125.0
118.6
122.6
122.8
106.2
101.1
95.85
104.5
113.2
107.1
94.36
80.69
73.87
65.92
63.35
60.49
55.31
49.33
44.48
42.63
40.80
41.50
42.27
43.10
43.76
43.96
43.85
43.68
43.19
42.64
42.05
41.51
40.94
40.37
39.82
39.31
38.78
38.23
37.70
37.15
36.61
36.07
35.49
34.88
34.28
33.69
33.10
32.50
31.88
31.23
30.55
30.01
29.57
28.97
28.32
27.68
27.07
26.44
25.77
25.07
24.31
23.50
22.67
21.81
20.77
19.58
18.37
17.03
15.63
14.09
12.55
10.98
9.491
7.773
6.213
4.864
3.719
3.059
2.553
2.201
1.999
1.962
1.935
1.916
1.888
1.850
1.807
1.756
1.701
1.639
1.572
1.507
1.440
1.377
1.317
1.259
1.205
1.159
1.118
1.079
1.045
1.016
0.9889
0.9647
0.9442
0.9273
0.9152
0.9030
0.8896
0.8787
0.8687
0.8592
0.8524
0.8456
0.8429
0.8402
0.8402
0.8382
0.8328
0.8308
0.8274
0.8200
0.7837
0.7608
0.6539
0.6385
0.6291
0.6170
0.6062
0.6027
0.6026
0.6026
0.6100
0.6281
0.6475
0.6639
0.6821
0.6883
0.6910
0.6924
0.6924
0.6937
0.6937
0.6817
0.6569
0.6319
0.6297
0.6256
0.5702
0.4701
0.4589
0.4596
0.4589
0.4569
0.4535
0.4502
0.4434
0.4387
0.4299
0.4232
0.4165
0.4070
0.3996
0.3941
0.3941
0.3928
0.3894
0.3833
0.3826
0.3806
0.3772
188.3
186.0
163.4
169.0
169.1
171.2
171.0
134.3
115.2
101.4
116.9
134.3
157.7
132.6
94.02
84.32
85.37
103.4
105.5
110.1
87.84
80.96
74.08
69.00
68.95
63.43
55.45
49.86
46.33
45.24
46.64
47.94
48.99
49.88
50.18
50.09
49.86
49.25
48.50
47.76
47.05
46.32
45.62
44.94
44.32
43.73
43.10
42.44
41.78
41.10
40.32
39.51
38.77
38.05
37.37
36.72
36.05
35.36
34.58
33.90
33.46
32.87
32.08
31.28
30.48
29.68
28.92
28.10
27.24
26.35
25.32
24.23
23.12
21.90
20.35
18.64
16.89
15.07
13.30
11.47
9.584
7.954
6.467
5.104
3.849
2.787
1.819
1.232
0.8161
0.6062
0.4982
0.5351
0.5871
0.6485
0.7187
0.7588
0.7954
0.8303
0.8575
0.8856
0.9167
0.9585
0.9961
1.019
1.030
1.043
1.054
1.050
1.047
1.039
1.032
1.020
1.009
0.9932
0.9757
0.9636
0.9488
0.9394
0.9271
0.9137
0.9015
0.8935
0.8840
0.8799
0.8705
0.8678
0.8665
0.8678
0.8652
0.8611
0.8584
0.8570
0.8514
0.8041
0.7790
0.6760
0.6356
0.6235
0.6155
0.6155
0.6182
0.6223
0.6319
0.6480
0.6668
0.6872
0.7101
0.7275
0.7248
0.7234
0.7234
0.7207
0.7180
0.7029
0.6814
0.6532
0.6276
0.6221
0.6152
0.5396
0.4481
0.4481
0.4454
0.4440
0.4373
0.4359
0.4318
0.4251
0.4170
0.4103
0.4036
0.3927
0.3860
0.3847
0.3847
0.3846
0.3806
0.3806
0.3806
0.3806
0.3806
190.4
182.4
156.3
158.4
160.8
158.2
138.0
118.9
126.3
125.7
125.0
118.6
122.6
122.8
106.2
101.1
95.85
104.5
113.2
107.1
94.36
80.69
73.87
65.92
63.35
60.49
55.31
49.33
44.48
42.63
40.80
41.50
42.27
43.10
43.76
43.96
43.85
43.68
43.19
42.64
42.05
41.51
40.94
40.37
39.82
39.31
38.78
38.23
37.70
37.15
36.61
36.07
35.49
34.88
34.28
33.69
33.10
32.50
31.88
31.23
30.55
30.01
29.57
28.97
28.32
27.68
27.07
26.44
25.77
25.07
24.31
23.50
22.67
21.81
20.77
19.58
18.37
17.03
15.63
14.09
12.55
10.98
9.491
7.773
6.213
4.864
3.719
3.059
2.553
2.201
1.999
1.962
1.935
1.916
1.888
1.850
1.807
1.756
1.701
1.639
1.572
1.507
1.440
1.377
1.317
1.259
1.205
1.159
1.118
1.079
1.045
1.016
0.9889
0.9647
0.9442
0.9273
0.9152
0.9030
0.8896
0.8787
0.8687
0.8592
0.8524
0.8456
0.8429
0.8402
0.8402
0.8382
0.8328
0.8308
0.8274
0.8200
0.7837
0.7608
0.6539
0.6385
0.6291
0.6170
0.6062
0.6027
0.6026
0.6026
0.6100
0.6281
0.6475
0.6639
0.6821
0.6883
0.6910
0.6924
0.6924
0.6937
0.6937
0.6817
0.6569
0.6319
0.6297
0.6256
0.5702
0.4701
0.4589
0.4596
0.4589
0.4569
0.4535
0.4502
0.4434
0.4387
0.4299
0.4232
0.4165
0.4070
0.3996
0.3941
0.3941
0.3928
0.3894
0.3833
0.3826
0.3806
0.3772
194.1
178.5
167.6
173.1
163.3
151.3
139.4
119.4
100.4
96.34
99.40
118.6
131.6
134.2
139.0
141.2
126.8
117.3
107.5
103.1
101.5
95.45
88.72
80.76
74.36
70.01
68.62
65.62
59.82
53.63
47.56
43.36
40.74
39.77
39.89
40.08
40.01
39.78
39.35
38.80
38.20
37.56
36.89
36.27
35.65
35.06
34.48
33.91
33.32
32.73
32.12
31.49
30.87
30.22
29.59
28.96
28.29
27.61
26.93
26.21
25.52
24.83
24.13
23.46
22.77
22.11
21.47
20.84
20.21
19.60
19.00
18.38
17.72
16.99
16.25
15.51
14.67
13.67
12.62
11.51
10.39
9.159
8.042
6.896
5.765
4.648
3.673
2.924
2.429
2.100
1.891
1.833
1.807
1.781
1.749
1.712
1.670
1.620
1.568
1.516
1.460
1.407
1.353
1.304
1.256
1.210
1.169
1.133
1.099
1.071
1.046
1.020
1.003
0.9866
0.9710
0.9568
0.9426
0.9272
0.9163
0.9043
0.8961
0.8881
0.8826
0.8765
0.8705
0.8638
0.8624
0.8583
0.8514
0.8307
0.8094
0.7631
0.7456
0.7307
0.7112
0.6971
0.6937
0.6931
0.6937
0.6944
0.6944
0.6883
0.6809
0.6796
0.6789
0.6769
0.6762
0.6762
0.6741
0.6619
0.6471
0.6281
0.6038
0.5938
0.5925
0.5893
0.5386
0.4635
0.4474
0.4474
0.4454
0.4440
0.4420
0.4373
0.4326
0.4292
0.4245
0.4197
0.4123
0.4062
0.4008
0.3927
0.3887
0.3867
0.3847
0.3847
0.3833
0.3786
0.3786
0.3752
0.3698
190.7
174.6
168.1
171.1
164.0
147.2
123.2
113.3
118.0
128.0
145.6
149.0
148.3
139.4
128.5
130.9
138.9
139.4
142.1
138.6
130.7
124.5
120.8
108.5
107.1
102.6
94.15
93.38
88.87
84.26
79.65
77.11
72.53
67.74
62.54
57.29
52.40
48.11
44.56
42.27
40.96
39.72
38.90
38.12
37.38
36.65
35.96
35.30
34.59
33.90
33.17
32.46
31.75
31.05
30.37
29.66
28.98
28.28
27.56
26.87
26.15
25.41
24.62
23.78
22.91
22.06
21.21
20.35
19.50
18.67
17.87
17.12
16.43
15.72
14.95
14.08
13.16
12.18
11.11
9.966
8.818
7.685
6.519
5.274
4.079
2.916
1.972
1.277
0.9139
0.6222
0.4618
0.4441
0.4567
0.4742
0.4851
0.4953
0.5013
0.5075
0.5135
0.5182
0.5250
0.5310
0.5358
0.5432
0.5520
0.5560
0.5634
0.5716
0.5796
0.5877
0.5972
0.6073
0.6141
0.6215
0.6302
0.6403
0.6498
0.6572
0.6653
0.6714
0.6822
0.6903
0.6998
0.7085
0.7152
0.7213
0.7241
0.7241
0.7221
0.7160
0.7113
0.7073
0.7066
0.7072
0.7126
0.7220
0.7327
0.7409
0.7497
0.7571
0.7666
0.7727
0.7767
0.7821
0.7848
0.7828
0.7722
0.7520
0.7404
0.7357
0.7123
0.6374
0.5320
0.4676
0.4630
0.4596
0.4582
0.4582
0.4556
0.4529
0.4488
0.4434
0.4394
0.4360
0.4306
0.4272
0.4211
0.4157
0.4104
0.4050
0.3982
0.3928
0.3874
0.3840
0.3833
0.3820
0.3799
0.3772
0.3745
0.3725
0.3678
178.0
173.3
174.6
179.8
167.1
143.3
126.0
126.8
135.7
142.9
137.1
128.4
120.8
132.6
154.9
167.8
174.0
171.9
168.9
159.9
151.0
154.1
154.1
155.5
158.7
156.4
147.8
133.2
126.7
126.7
133.4
134.9
130.2
129.1
124.8
121.2
120.6
116.7
112.3
107.6
102.2
96.41
90.26
83.96
77.41
70.99
64.56
58.28
52.25
46.87
42.51
39.20
36.84
35.19
34.14
33.34
32.57
31.85
31.15
30.51
29.86
29.23
28.58
27.93
27.30
26.69
26.08
25.46
24.84
24.25
23.57
22.81
21.91
20.87
19.86
18.76
17.66
16.54
15.36
14.23
12.95
11.68
10.24
8.321
6.341
4.604
3.339
2.587
2.119
1.747
1.515
1.429
1.421
1.414
1.402
1.382
1.359
1.329
1.293
1.255
1.215
1.173
1.132
1.095
1.057
1.021
0.9871
0.9581
0.9326
0.9102
0.8907
0.8731
0.8603
0.8489
0.8395
0.8286
0.8192
0.8111
0.8044
0.8024
0.8024
0.8024
0.8024
0.8024
0.8037
0.8044
0.8044
0.8044
0.7983
0.7936
0.7739
0.7523
0.7281
0.7220
0.7153
0.7126
0.7126
0.7160
0.7235
0.7330
0.7457
0.7566
0.7687
0.7775
0.7808
0.7801
0.7801
0.7801
0.7788
0.7686
0.7524
0.7320
0.7059
0.6849
0.6769
0.6416
0.5632
0.4803
0.4245
0.4204
0.4157
0.4110
0.4069
0.4022
0.3968
0.3921
0.3866
0.3813
0.3772
0.3705
0.3658
0.3644
0.3597
0.3577
0.3631
0.3630
0.3604
0.3577
0.3604
0.3604
0.3597
167.3
178.2
180.2
170.1
157.6
147.2
150.7
151.8
143.8
133.6
112.6
115.5
121.8
154.9
173.5
200.8
190.0
185.4
170.0
169.5
182.5
186.3
203.8
191.1
189.2
181.6
178.6
192.2
190.0
198.2
198.1
201.4
215.5
227.6
232.0
233.4
234.8
236.0
237.4
238.7
240.0
241.2
241.8
241.4
240.5
239.6
237.9
236.1
232.5
228.3
223.3
218.1
213.1
208.1
203.2
198.6
194.0
189.7
184.5
179.1
173.7
168.4
162.6
157.0
150.8
143.9
136.2
127.4
118.3
108.5
98.03
88.24
79.91
71.76
63.37
55.98
47.55
38.50
30.08
22.76
17.86
15.19
13.14
10.64
7.674
5.021
3.610
2.863
2.271
1.800
1.521
1.418
1.412
1.410
1.407
1.393
1.371
1.343
1.309
1.272
1.233
1.199
1.160
1.125
1.090
1.055
1.023
0.9924
0.9659
0.9408
0.9200
0.9018
0.8849
0.8700
0.8565
0.8451
0.8355
0.8261
0.8173
0.8079
0.8011
0.7923
0.7896
0.7849
0.7835
0.7842
0.7822
0.7815
0.7821
0.7828
0.7835
0.7775
0.7734
0.7360
0.7020
0.6628
0.6600
0.6567
0.6526
0.6532
0.6553
0.6653
0.6821
0.7044
0.7273
0.7504
0.7685
0.7814
0.7908
0.7929
0.7963
0.7997
0.7970
0.7809
0.7539
0.7302
0.7062
0.6695
0.5636
0.4814
0.3972
0.3908
0.3874
0.3833
0.3793
0.3753
0.3685
0.3645
0.3591
0.3543
0.3510
0.3456
0.3415
0.3388
0.3388
0.3414
0.3421
0.3421
0.3435
0.3462
0.3496
