SALVI
1
0
24
15.00
181
1.00

231102 OCH 5050 350 F2M2 PMMA

231102 OCH 5050 350 F2M2 PMMA.ldt
02 November 2023/TB
760
0
225
320
60
0
0
0
0
99.6
100.0
1.000
0.0
1
1
16 LED
4963.7


40.9
0.197
0.285
0.379
0.462
0.523
0.621
0.677
0.729
0.792
0.831
0.0
15.0
30.0
45.0
60.0
75.0
90.0
105.0
120.0
135.0
150.0
165.0
180.0
195.0
210.0
225.0
240.0
255.0
270.0
285.0
300.0
315.0
330.0
345.0
0.0
1.0
2.0
3.0
4.0
5.0
6.0
7.0
8.0
9.0
10.0
11.0
12.0
13.0
14.0
15.0
16.0
17.0
18.0
19.0
20.0
21.0
22.0
23.0
24.0
25.0
26.0
27.0
28.0
29.0
30.0
31.0
32.0
33.0
34.0
35.0
36.0
37.0
38.0
39.0
40.0
41.0
42.0
43.0
44.0
45.0
46.0
47.0
48.0
49.0
50.0
51.0
52.0
53.0
54.0
55.0
56.0
57.0
58.0
59.0
60.0
61.0
62.0
63.0
64.0
65.0
66.0
67.0
68.0
69.0
70.0
71.0
72.0
73.0
74.0
75.0
76.0
77.0
78.0
79.0
80.0
81.0
82.0
83.0
84.0
85.0
86.0
87.0
88.0
89.0
90.0
91.0
92.0
93.0
94.0
95.0
96.0
97.0
98.0
99.0
100.0
101.0
102.0
103.0
104.0
105.0
106.0
107.0
108.0
109.0
110.0
111.0
112.0
113.0
114.0
115.0
116.0
117.0
118.0
119.0
120.0
121.0
122.0
123.0
124.0
125.0
126.0
127.0
128.0
129.0
130.0
131.0
132.0
133.0
134.0
135.0
136.0
137.0
138.0
139.0
140.0
141.0
142.0
143.0
144.0
145.0
146.0
147.0
148.0
149.0
150.0
151.0
152.0
153.0
154.0
155.0
156.0
157.0
158.0
159.0
160.0
161.0
162.0
163.0
164.0
165.0
166.0
167.0
168.0
169.0
170.0
171.0
172.0
173.0
174.0
175.0
176.0
177.0
178.0
179.0
180.0
176.6
163.0
193.5
197.1
185.4
171.3
148.9
137.7
142.9
150.7
156.0
165.5
168.3
165.6
174.2
168.9
186.6
195.6
208.8
215.3
225.6
218.6
226.4
224.9
217.2
238.8
223.7
236.4
237.9
245.7
267.4
272.5
289.8
294.3
298.8
303.1
307.6
311.9
316.5
320.6
324.8
329.3
333.3
337.5
341.4
345.4
349.8
353.7
358.0
362.7
366.4
370.2
373.8
377.2
380.6
383.8
386.2
388.6
391.5
393.7
395.2
396.1
395.2
393.2
389.3
383.7
378.8
373.4
366.2
354.6
337.8
318.8
294.5
267.2
238.4
211.4
184.6
151.5
116.6
76.78
37.19
20.34
12.36
8.033
5.665
3.903
2.610
1.899
1.294
0.8058
0.5536
0.4678
0.5121
0.5665
0.6114
0.6520
0.6786
0.7004
0.7211
0.7420
0.7667
0.7817
0.7964
0.8113
0.8222
0.8341
0.8361
0.8371
0.8380
0.8381
0.8390
0.8370
0.8351
0.8321
0.8271
0.8202
0.8143
0.8084
0.8044
0.7954
0.7905
0.7836
0.7796
0.7776
0.7776
0.7767
0.7776
0.7796
0.7826
0.7836
0.7826
0.7836
0.7688
0.7568
0.7027
0.6726
0.6251
0.6201
0.6172
0.6181
0.6191
0.6231
0.6379
0.6576
0.6796
0.7014
0.7291
0.7500
0.7667
0.7736
0.7746
0.7746
0.7747
0.7736
0.7509
0.7270
0.7031
0.6766
0.5831
0.4981
0.4389
0.3378
0.3378
0.3348
0.3348
0.3289
0.3299
0.3269
0.3249
0.3239
0.3239
0.3239
0.3239
0.3249
0.3249
0.3249
0.3249
0.3249
0.3249
0.3249
0.3249
165.0
168.7
179.7
205.9
184.3
175.9
152.6
150.2
151.3
145.0
137.0
146.2
151.8
168.0
189.4
196.7
206.7
207.7
196.1
198.2
205.4
204.6
201.9
209.1
205.1
208.2
218.6
219.3
226.2
220.1
229.7
243.7
253.5
271.7
277.8
284.0
290.6
296.9
304.4
311.6
317.7
324.5
332.1
340.2
347.3
354.7
362.5
370.0
377.0
383.7
390.5
397.2
404.3
411.4
418.5
425.5
432.3
439.2
445.6
451.4
457.2
462.6
467.3
470.8
472.7
474.0
473.2
471.8
467.2
460.3
448.1
429.1
401.5
365.0
324.4
280.1
235.2
179.7
119.8
70.02
39.80
26.53
18.06
12.54
8.498
5.929
4.329
3.510
2.767
2.070
1.619
1.453
1.431
1.414
1.394
1.368
1.338
1.304
1.263
1.222
1.174
1.127
1.077
1.026
0.9803
0.9375
0.9001
0.8665
0.8377
0.8130
0.7933
0.7775
0.7656
0.7517
0.7399
0.7339
0.7201
0.7132
0.7072
0.6973
0.6904
0.6875
0.6855
0.6855
0.6855
0.6855
0.6855
0.6855
0.6855
0.6855
0.6845
0.6795
0.6614
0.6338
0.5839
0.5458
0.5448
0.5448
0.5448
0.5459
0.5529
0.5608
0.5758
0.5946
0.6173
0.6431
0.6629
0.6756
0.6815
0.6836
0.6885
0.6914
0.6893
0.6774
0.6566
0.6398
0.6250
0.6084
0.4994
0.3967
0.3140
0.3150
0.3150
0.3150
0.3150
0.3150
0.3170
0.3160
0.3170
0.3170
0.3190
0.3259
0.3270
0.3319
0.3378
0.3379
0.3447
0.3457
0.3507
0.3497
0.3487
157.9
160.4
180.3
190.3
193.5
179.1
140.9
165.7
168.1
166.0
161.6
161.6
175.9
160.1
176.8
201.0
185.2
205.7
205.9
198.5
200.4
201.7
202.9
196.4
208.9
206.2
189.8
201.3
197.6
199.6
218.2
213.8
222.7
231.6
233.2
244.9
251.7
254.6
257.7
261.1
265.1
268.9
273.3
277.8
282.5
287.1
292.0
296.8
301.6
306.0
310.2
314.6
318.5
322.3
325.3
327.5
329.5
331.1
331.8
331.9
331.0
329.5
328.1
326.3
324.0
321.4
317.4
311.5
303.3
288.7
269.0
244.7
213.8
180.9
151.0
121.8
93.26
63.87
38.15
18.46
14.02
12.12
10.63
9.075
7.261
5.407
3.700
2.974
2.453
1.897
1.416
1.227
1.205
1.180
1.158
1.132
1.106
1.079
1.051
1.024
0.9967
0.9689
0.9442
0.9177
0.8947
0.8730
0.8491
0.8303
0.8134
0.7946
0.7807
0.7668
0.7559
0.7480
0.7401
0.7331
0.7213
0.7104
0.7005
0.6934
0.6875
0.6826
0.6776
0.6746
0.6736
0.6726
0.6736
0.6716
0.6716
0.6697
0.6598
0.6430
0.6124
0.6063
0.5984
0.5875
0.5796
0.5795
0.5785
0.5775
0.5805
0.5874
0.5942
0.5963
0.6023
0.6033
0.6053
0.6053
0.6062
0.6072
0.6023
0.5905
0.5727
0.5520
0.5508
0.5508
0.5184
0.3544
0.2944
0.2923
0.2932
0.2913
0.2912
0.2912
0.2912
0.2912
0.2912
0.2932
0.2932
0.2942
0.2972
0.2991
0.3031
0.3071
0.3140
0.3219
0.3259
0.3299
0.3368
0.3447
0.3487
152.9
174.3
180.7
190.8
181.2
168.4
148.7
130.7
134.4
139.2
151.5
182.7
200.8
202.7
196.0
190.8
194.2
204.3
194.5
192.8
195.0
197.8
198.0
212.2
227.1
232.9
219.3
214.7
208.8
212.7
216.1
234.3
251.4
256.5
260.5
264.8
269.3
273.7
278.2
282.8
287.4
291.4
294.9
298.1
300.4
301.9
302.9
302.8
301.8
299.9
297.3
293.9
289.9
285.5
280.4
275.0
269.2
262.5
255.1
246.8
236.6
225.6
213.4
199.6
184.9
169.7
155.1
142.1
130.6
117.4
104.2
88.03
74.58
62.03
48.19
34.26
23.47
17.84
14.14
12.42
11.83
11.09
9.870
7.923
5.523
3.134
1.853
1.385
0.9841
0.5947
0.3382
0.2845
0.2973
0.3092
0.3201
0.3279
0.3329
0.3418
0.3467
0.3517
0.3586
0.3636
0.3685
0.3706
0.3765
0.3814
0.3874
0.3933
0.3992
0.4042
0.4131
0.4201
0.4260
0.4329
0.4399
0.4478
0.4548
0.4617
0.4706
0.4786
0.4875
0.4954
0.5072
0.5142
0.5211
0.5211
0.5211
0.5211
0.5211
0.5211
0.5230
0.5240
0.5281
0.5370
0.5479
0.5628
0.5757
0.5906
0.6054
0.6183
0.6321
0.6430
0.6558
0.6617
0.6607
0.6586
0.6478
0.6409
0.6389
0.6388
0.6119
0.5395
0.4019
0.2940
0.2655
0.2675
0.2675
0.2685
0.2714
0.2734
0.2734
0.2744
0.2774
0.2823
0.2833
0.2863
0.2893
0.2932
0.2962
0.3002
0.3032
0.3121
0.3200
0.3269
0.3329
0.3389
0.3467
0.3537
0.3606
0.3645
0.3645
155.6
165.9
179.7
186.9
180.2
149.3
138.7
153.6
152.8
138.6
153.5
159.5
157.0
173.1
197.0
202.5
187.7
186.5
187.1
204.8
220.4
222.6
219.1
208.7
215.4
216.0
213.7
225.6
230.0
237.0
243.5
253.2
268.1
274.5
284.6
300.4
307.0
311.8
315.9
319.6
322.3
324.1
324.4
323.4
320.9
317.8
314.0
309.4
304.3
298.9
292.7
285.8
278.1
269.0
258.1
245.3
231.4
216.2
201.0
186.6
172.6
160.5
148.6
138.2
129.6
121.7
114.3
107.5
97.81
84.34
72.85
65.31
55.42
46.44
37.38
31.93
26.55
21.86
16.43
13.19
11.08
9.246
7.592
6.129
4.360
3.176
2.355
1.870
1.463
1.101
0.8615
0.8096
0.7994
0.7945
0.7856
0.7739
0.7608
0.7490
0.7351
0.7222
0.7103
0.6945
0.6757
0.6657
0.6519
0.6411
0.6281
0.6143
0.6063
0.6013
0.5954
0.5894
0.5815
0.5785
0.5765
0.5736
0.5686
0.5627
0.5587
0.5587
0.5557
0.5557
0.5557
0.5557
0.5557
0.5557
0.5587
0.5627
0.5656
0.5666
0.5676
0.5530
0.5409
0.5379
0.5271
0.5240
0.5240
0.5240
0.5280
0.5339
0.5507
0.5626
0.5715
0.5804
0.5903
0.5973
0.6013
0.6062
0.6082
0.6082
0.6053
0.5974
0.5807
0.5687
0.5666
0.5351
0.4389
0.3162
0.2618
0.2615
0.2615
0.2615
0.2615
0.2615
0.2625
0.2654
0.2665
0.2723
0.2763
0.2774
0.2803
0.2892
0.2961
0.3041
0.3129
0.3209
0.3298
0.3378
0.3467
0.3527
0.3606
170.5
150.3
168.6
199.0
212.0
165.0
155.4
153.7
163.1
164.8
142.0
153.0
187.0
206.8
195.5
191.1
199.0
213.9
246.3
247.5
234.2
206.2
198.8
213.0
231.8
253.1
248.7
254.6
247.7
255.5
266.6
274.3
310.2
321.2
329.6
339.3
347.7
353.7
357.0
357.9
357.9
357.5
357.2
356.4
354.3
351.2
346.6
341.4
334.5
326.2
315.7
303.0
287.3
271.1
253.9
236.3
220.8
206.4
193.5
181.7
171.1
161.0
151.2
142.6
134.4
127.1
120.4
113.8
107.2
98.26
86.10
72.79
63.26
55.90
49.14
41.25
34.87
30.13
25.15
19.34
15.47
13.30
10.61
7.849
5.282
3.368
2.446
1.979
1.555
1.140
0.8863
0.8321
0.8281
0.8242
0.8221
0.8151
0.8013
0.7854
0.7715
0.7547
0.7388
0.7201
0.7012
0.6833
0.6636
0.6477
0.6348
0.6170
0.6032
0.5943
0.5834
0.5735
0.5685
0.5597
0.5557
0.5517
0.5468
0.5448
0.5438
0.5438
0.5438
0.5439
0.5448
0.5468
0.5488
0.5508
0.5577
0.5627
0.5617
0.5617
0.5607
0.5606
0.5477
0.5358
0.5078
0.4785
0.4775
0.4775
0.4775
0.4785
0.4875
0.4994
0.5183
0.5431
0.5687
0.5976
0.6263
0.6489
0.6588
0.6707
0.6796
0.6796
0.6795
0.6775
0.6654
0.6418
0.6328
0.6219
0.5483
0.3303
0.2764
0.2764
0.2784
0.2814
0.2843
0.2854
0.2902
0.2913
0.2953
0.2992
0.3042
0.3131
0.3171
0.3250
0.3339
0.3418
0.3517
0.3577
0.3655
0.3675
0.3675
180.4
139.2
175.0
190.0
209.6
168.8
182.9
145.4
143.0
144.2
159.8
190.0
229.9
171.1
143.9
169.8
174.5
230.5
275.5
290.0
238.6
239.2
241.7
244.6
284.6
265.4
269.0
267.4
280.0
299.8
307.4
347.2
355.4
361.3
366.5
370.4
373.5
375.3
374.9
373.3
370.3
366.2
361.0
355.4
349.1
342.2
334.3
325.3
316.0
304.8
291.0
275.8
260.6
244.2
227.8
213.3
200.0
187.9
176.8
168.3
160.2
151.5
144.0
135.6
127.8
121.5
116.4
113.3
105.9
93.05
84.93
76.81
63.24
55.08
46.67
41.07
35.87
32.56
24.02
17.36
13.20
11.13
9.138
7.402
4.498
2.630
1.742
1.276
0.8434
0.4382
0.2413
0.2338
0.2653
0.2908
0.3304
0.3504
0.3702
0.3882
0.4021
0.4180
0.4318
0.4516
0.4713
0.4873
0.4972
0.5091
0.5248
0.5290
0.5368
0.5486
0.5606
0.5646
0.5646
0.5706
0.5706
0.5706
0.5706
0.5706
0.5706
0.5706
0.5706
0.5686
0.5647
0.5627
0.5627
0.5627
0.5627
0.5627
0.5666
0.5726
0.5785
0.5844
0.5924
0.5885
0.5806
0.5214
0.4956
0.4953
0.4894
0.4913
0.4894
0.4953
0.5129
0.5408
0.5723
0.6039
0.6375
0.6695
0.6914
0.7013
0.7169
0.7270
0.7389
0.7429
0.7429
0.7215
0.6919
0.6776
0.6639
0.4745
0.2833
0.2813
0.2813
0.2813
0.2833
0.2833
0.2853
0.2853
0.2853
0.2853
0.2853
0.2951
0.3030
0.3090
0.3169
0.3248
0.3408
0.3487
0.3527
0.3546
0.3665
170.5
150.3
168.6
199.0
212.0
165.0
155.4
153.7
163.1
164.8
142.0
153.0
187.0
206.8
195.5
191.1
199.0
213.9
246.3
247.5
234.2
206.2
198.8
213.0
231.8
253.1
248.7
254.6
247.7
255.5
266.6
274.3
310.2
321.2
329.6
339.3
347.7
353.7
357.0
357.9
357.9
357.5
357.2
356.4
354.3
351.2
346.6
341.4
334.5
326.2
315.7
303.0
287.3
271.1
253.9
236.3
220.8
206.4
193.5
181.7
171.1
161.0
151.2
142.6
134.4
127.1
120.4
113.8
107.2
98.26
86.10
72.79
63.26
55.90
49.14
41.25
34.87
30.13
25.15
19.34
15.47
13.30
10.61
7.849
5.282
3.368
2.446
1.979
1.555
1.140
0.8863
0.8321
0.8281
0.8242
0.8221
0.8151
0.8013
0.7854
0.7715
0.7547
0.7388
0.7201
0.7012
0.6833
0.6636
0.6477
0.6348
0.6170
0.6032
0.5943
0.5834
0.5735
0.5685
0.5597
0.5557
0.5517
0.5468
0.5448
0.5438
0.5438
0.5438
0.5439
0.5448
0.5468
0.5488
0.5508
0.5577
0.5627
0.5617
0.5617
0.5607
0.5606
0.5477
0.5358
0.5078
0.4785
0.4775
0.4775
0.4775
0.4785
0.4875
0.4994
0.5183
0.5431
0.5687
0.5976
0.6263
0.6489
0.6588
0.6707
0.6796
0.6796
0.6795
0.6775
0.6654
0.6418
0.6328
0.6219
0.5483
0.3303
0.2764
0.2764
0.2784
0.2814
0.2843
0.2854
0.2902
0.2913
0.2953
0.2992
0.3042
0.3131
0.3171
0.3250
0.3339
0.3418
0.3517
0.3577
0.3655
0.3675
0.3675
155.6
165.9
179.7
186.9
180.2
149.3
138.7
153.6
152.8
138.6
153.5
159.5
157.0
173.1
197.0
202.5
187.7
186.5
187.1
204.8
220.4
222.6
219.1
208.7
215.4
216.0
213.7
225.6
230.0
237.0
243.5
253.2
268.1
274.5
284.6
300.4
307.0
311.8
315.9
319.6
322.3
324.1
324.4
323.4
320.9
317.8
314.0
309.4
304.3
298.9
292.7
285.8
278.1
269.0
258.1
245.3
231.4
216.2
201.0
186.6
172.6
160.5
148.6
138.2
129.6
121.7
114.3
107.5
97.81
84.34
72.85
65.31
55.42
46.44
37.38
31.93
26.55
21.86
16.43
13.19
11.08
9.246
7.592
6.129
4.360
3.176
2.355
1.870
1.463
1.101
0.8615
0.8096
0.7994
0.7945
0.7856
0.7739
0.7608
0.7490
0.7351
0.7222
0.7103
0.6945
0.6757
0.6657
0.6519
0.6411
0.6281
0.6143
0.6063
0.6013
0.5954
0.5894
0.5815
0.5785
0.5765
0.5736
0.5686
0.5627
0.5587
0.5587
0.5557
0.5557
0.5557
0.5557
0.5557
0.5557
0.5587
0.5627
0.5656
0.5666
0.5676
0.5530
0.5409
0.5379
0.5271
0.5240
0.5240
0.5240
0.5280
0.5339
0.5507
0.5626
0.5715
0.5804
0.5903
0.5973
0.6013
0.6062
0.6082
0.6082
0.6053
0.5974
0.5807
0.5687
0.5666
0.5351
0.4389
0.3162
0.2618
0.2615
0.2615
0.2615
0.2615
0.2615
0.2625
0.2654
0.2665
0.2723
0.2763
0.2774
0.2803
0.2892
0.2961
0.3041
0.3129
0.3209
0.3298
0.3378
0.3467
0.3527
0.3606
152.9
174.3
180.7
190.8
181.2
168.4
148.7
130.7
134.4
139.2
151.5
182.7
200.8
202.7
196.0
190.8
194.2
204.3
194.5
192.8
195.0
197.8
198.0
212.2
227.1
232.9
219.3
214.7
208.8
212.7
216.1
234.3
251.4
256.5
260.5
264.8
269.3
273.7
278.2
282.8
287.4
291.4
294.9
298.1
300.4
301.9
302.9
302.8
301.8
299.9
297.3
293.9
289.9
285.5
280.4
275.0
269.2
262.5
255.1
246.8
236.6
225.6
213.4
199.6
184.9
169.7
155.1
142.1
130.6
117.4
104.2
88.03
74.58
62.03
48.19
34.26
23.47
17.84
14.14
12.42
11.83
11.09
9.870
7.923
5.523
3.134
1.853
1.385
0.9841
0.5947
0.3382
0.2845
0.2973
0.3092
0.3201
0.3279
0.3329
0.3418
0.3467
0.3517
0.3586
0.3636
0.3685
0.3706
0.3765
0.3814
0.3874
0.3933
0.3992
0.4042
0.4131
0.4201
0.4260
0.4329
0.4399
0.4478
0.4548
0.4617
0.4706
0.4786
0.4875
0.4954
0.5072
0.5142
0.5211
0.5211
0.5211
0.5211
0.5211
0.5211
0.5230
0.5240
0.5281
0.5370
0.5479
0.5628
0.5757
0.5906
0.6054
0.6183
0.6321
0.6430
0.6558
0.6617
0.6607
0.6586
0.6478
0.6409
0.6389
0.6388
0.6119
0.5395
0.4019
0.2940
0.2655
0.2675
0.2675
0.2685
0.2714
0.2734
0.2734
0.2744
0.2774
0.2823
0.2833
0.2863
0.2893
0.2932
0.2962
0.3002
0.3032
0.3121
0.3200
0.3269
0.3329
0.3389
0.3467
0.3537
0.3606
0.3645
0.3645
157.9
160.4
180.3
190.3
193.5
179.1
140.9
165.7
168.1
166.0
161.6
161.6
175.9
160.1
176.8
201.0
185.2
205.7
205.9
198.5
200.4
201.7
202.9
196.4
208.9
206.2
189.8
201.3
197.6
199.6
218.2
213.8
222.7
231.6
233.2
244.9
251.7
254.6
257.7
261.1
265.1
268.9
273.3
277.8
282.5
287.1
292.0
296.8
301.6
306.0
310.2
314.6
318.5
322.3
325.3
327.5
329.5
331.1
331.8
331.9
331.0
329.5
328.1
326.3
324.0
321.4
317.4
311.5
303.3
288.7
269.0
244.7
213.8
180.9
151.0
121.8
93.26
63.87
38.15
18.46
14.02
12.12
10.63
9.075
7.261
5.407
3.700
2.974
2.453
1.897
1.416
1.227
1.205
1.180
1.158
1.132
1.106
1.079
1.051
1.024
0.9967
0.9689
0.9442
0.9177
0.8947
0.8730
0.8491
0.8303
0.8134
0.7946
0.7807
0.7668
0.7559
0.7480
0.7401
0.7331
0.7213
0.7104
0.7005
0.6934
0.6875
0.6826
0.6776
0.6746
0.6736
0.6726
0.6736
0.6716
0.6716
0.6697
0.6598
0.6430
0.6124
0.6063
0.5984
0.5875
0.5796
0.5795
0.5785
0.5775
0.5805
0.5874
0.5942
0.5963
0.6023
0.6033
0.6053
0.6053
0.6062
0.6072
0.6023
0.5905
0.5727
0.5520
0.5508
0.5508
0.5184
0.3544
0.2944
0.2923
0.2932
0.2913
0.2912
0.2912
0.2912
0.2912
0.2912
0.2932
0.2932
0.2942
0.2972
0.2991
0.3031
0.3071
0.3140
0.3219
0.3259
0.3299
0.3368
0.3447
0.3487
165.0
168.7
179.7
205.9
184.3
175.9
152.6
150.2
151.3
145.0
137.0
146.2
151.8
168.0
189.4
196.7
206.7
207.7
196.1
198.2
205.4
204.6
201.9
209.1
205.1
208.2
218.6
219.3
226.2
220.1
229.7
243.7
253.5
271.7
277.8
284.0
290.6
296.9
304.4
311.6
317.7
324.5
332.1
340.2
347.3
354.7
362.5
370.0
377.0
383.7
390.5
397.2
404.3
411.4
418.5
425.5
432.3
439.2
445.6
451.4
457.2
462.6
467.3
470.8
472.7
474.0
473.2
471.8
467.2
460.3
448.1
429.1
401.5
365.0
324.4
280.1
235.2
179.7
119.8
70.02
39.80
26.53
18.06
12.54
8.498
5.929
4.329
3.510
2.767
2.070
1.619
1.453
1.431
1.414
1.394
1.368
1.338
1.304
1.263
1.222
1.174
1.127
1.077
1.026
0.9803
0.9375
0.9001
0.8665
0.8377
0.8130
0.7933
0.7775
0.7656
0.7517
0.7399
0.7339
0.7201
0.7132
0.7072
0.6973
0.6904
0.6875
0.6855
0.6855
0.6855
0.6855
0.6855
0.6855
0.6855
0.6855
0.6845
0.6795
0.6614
0.6338
0.5839
0.5458
0.5448
0.5448
0.5448
0.5459
0.5529
0.5608
0.5758
0.5946
0.6173
0.6431
0.6629
0.6756
0.6815
0.6836
0.6885
0.6914
0.6893
0.6774
0.6566
0.6398
0.6250
0.6084
0.4994
0.3967
0.3140
0.3150
0.3150
0.3150
0.3150
0.3150
0.3170
0.3160
0.3170
0.3170
0.3190
0.3259
0.3270
0.3319
0.3378
0.3379
0.3447
0.3457
0.3507
0.3497
0.3487
176.6
163.0
193.5
197.1
185.4
171.3
148.9
137.7
142.9
150.7
156.0
165.5
168.3
165.6
174.2
168.9
186.6
195.6
208.8
215.3
225.6
218.6
226.4
224.9
217.2
238.8
223.7
236.4
237.9
245.7
267.4
272.5
289.8
294.3
298.8
303.1
307.6
311.9
316.5
320.6
324.8
329.3
333.3
337.5
341.4
345.4
349.8
353.7
358.0
362.7
366.4
370.2
373.8
377.2
380.6
383.8
386.2
388.6
391.5
393.7
395.2
396.1
395.2
393.2
389.3
383.7
378.8
373.4
366.2
354.6
337.8
318.8
294.5
267.2
238.4
211.4
184.6
151.5
116.6
76.78
37.19
20.34
12.36
8.033
5.665
3.903
2.610
1.899
1.294
0.8058
0.5536
0.4678
0.5121
0.5665
0.6114
0.6520
0.6786
0.7004
0.7211
0.7420
0.7667
0.7817
0.7964
0.8113
0.8222
0.8341
0.8361
0.8371
0.8380
0.8381
0.8390
0.8370
0.8351
0.8321
0.8271
0.8202
0.8143
0.8084
0.8044
0.7954
0.7905
0.7836
0.7796
0.7776
0.7776
0.7767
0.7776
0.7796
0.7826
0.7836
0.7826
0.7836
0.7688
0.7568
0.7027
0.6726
0.6251
0.6201
0.6172
0.6181
0.6191
0.6231
0.6379
0.6576
0.6796
0.7014
0.7291
0.7500
0.7667
0.7736
0.7746
0.7746
0.7747
0.7736
0.7509
0.7270
0.7031
0.6766
0.5831
0.4981
0.4389
0.3378
0.3378
0.3348
0.3348
0.3289
0.3299
0.3269
0.3249
0.3239
0.3239
0.3239
0.3239
0.3249
0.3249
0.3249
0.3249
0.3249
0.3249
0.3249
0.3249
165.0
170.9
176.4
201.1
179.5
173.8
153.9
146.7
147.4
143.4
132.5
136.7
136.8
154.0
173.6
181.8
190.8
189.5
181.5
179.4
184.0
182.8
181.3
181.7
180.7
185.2
193.3
195.7
199.5
195.9
204.3
217.5
224.9
241.1
246.2
250.1
253.4
257.3
262.1
267.2
272.4
277.7
282.2
285.5
288.5
291.3
293.8
296.7
299.1
301.3
303.2
304.9
306.0
306.3
306.0
305.2
304.0
302.4
299.8
296.7
293.6
289.5
284.7
278.5
271.3
263.9
254.9
245.7
234.6
222.3
208.2
187.6
166.4
148.5
135.2
122.5
104.8
78.84
56.65
36.87
21.67
15.73
12.27
9.698
6.999
4.929
3.421
2.754
2.229
1.744
1.470
1.387
1.382
1.372
1.365
1.349
1.325
1.297
1.267
1.231
1.191
1.156
1.116
1.079
1.043
1.006
0.9720
0.9394
0.9164
0.8936
0.8729
0.8549
0.8411
0.8264
0.8153
0.8055
0.8004
0.7916
0.7827
0.7777
0.7688
0.7638
0.7598
0.7568
0.7529
0.7529
0.7519
0.7528
0.7529
0.7538
0.7548
0.7451
0.7390
0.7095
0.6748
0.6364
0.6311
0.6281
0.6231
0.6221
0.6221
0.6299
0.6418
0.6616
0.6834
0.7092
0.7279
0.7428
0.7508
0.7548
0.7598
0.7627
0.7628
0.7558
0.7382
0.7133
0.6915
0.6591
0.5519
0.4719
0.3779
0.3716
0.3705
0.3646
0.3606
0.3596
0.3547
0.3527
0.3487
0.3457
0.3428
0.3388
0.3349
0.3338
0.3328
0.3348
0.3397
0.3388
0.3408
0.3437
0.3527
157.9
175.4
186.4
186.1
174.5
130.3
151.2
155.8
149.4
142.6
141.9
150.5
133.9
153.1
168.1
158.4
172.0
167.2
163.7
159.5
161.0
158.9
149.7
157.0
153.1
144.3
151.0
149.6
143.9
155.1
158.3
156.5
165.1
166.1
171.0
174.1
175.5
176.7
177.6
178.7
178.9
178.9
178.7
178.7
178.7
178.7
178.5
178.0
177.3
176.4
175.2
173.7
172.0
170.0
167.7
165.1
162.3
159.4
156.6
153.4
149.7
145.4
140.9
136.0
130.9
126.1
121.0
113.7
105.3
93.15
82.68
73.69
64.28
54.80
46.88
39.20
30.59
23.87
18.25
15.18
12.06
10.66
9.134
7.324
5.449
3.180
2.410
2.046
1.704
1.410
1.285
1.274
1.264
1.253
1.237
1.216
1.194
1.167
1.138
1.109
1.075
1.043
1.013
0.9825
0.9557
0.9259
0.9012
0.8795
0.8597
0.8448
0.8280
0.8172
0.8102
0.7944
0.7855
0.7775
0.7716
0.7677
0.7627
0.7618
0.7618
0.7618
0.7618
0.7618
0.7618
0.7608
0.7608
0.7617
0.7537
0.7438
0.7226
0.6903
0.6795
0.6716
0.6696
0.6687
0.6706
0.6746
0.6806
0.6895
0.7014
0.7093
0.7123
0.7132
0.7132
0.7132
0.7132
0.7142
0.7111
0.6953
0.6823
0.6557
0.6309
0.6221
0.6216
0.5878
0.4579
0.3724
0.3705
0.3685
0.3645
0.3615
0.3566
0.3546
0.3526
0.3486
0.3457
0.3457
0.3457
0.3437
0.3427
0.3427
0.3428
0.3448
0.3477
0.3507
0.3507
0.3517
0.3556
0.3566
0.3566
152.9
171.2
181.3
181.3
172.2
150.5
140.4
116.8
117.1
121.5
134.3
146.6
160.0
157.8
150.9
140.5
144.1
143.2
137.8
131.5
131.4
129.8
134.3
131.0
140.7
139.6
131.2
125.4
122.9
122.4
125.1
129.6
137.0
137.3
137.4
137.5
137.5
137.5
137.4
137.2
136.9
136.5
135.9
135.3
134.7
134.0
133.0
132.1
131.1
129.8
128.6
127.1
125.4
123.6
121.6
119.1
116.6
113.8
111.2
108.2
105.0
101.1
97.09
92.95
88.84
84.65
80.66
76.99
72.38
66.04
59.03
51.71
45.87
40.42
34.94
29.01
24.41
20.81
18.28
14.71
11.26
9.099
7.448
5.746
3.768
2.272
1.389
0.9815
0.7146
0.4922
0.3753
0.3617
0.3695
0.3851
0.3961
0.4070
0.4130
0.4190
0.4289
0.4358
0.4408
0.4438
0.4487
0.4556
0.4615
0.4685
0.4745
0.4863
0.4923
0.5052
0.5091
0.5150
0.5220
0.5319
0.5427
0.5526
0.5626
0.5715
0.5784
0.5893
0.5953
0.6101
0.6161
0.6270
0.6378
0.6409
0.6409
0.6429
0.6439
0.6429
0.6429
0.6429
0.6429
0.6429
0.6459
0.6537
0.6627
0.6735
0.6834
0.6934
0.7003
0.7101
0.7152
0.7230
0.7241
0.7241
0.7202
0.7016
0.6865
0.6835
0.6648
0.5916
0.4737
0.3958
0.3884
0.3883
0.3883
0.3883
0.3883
0.3873
0.3863
0.3834
0.3824
0.3785
0.3784
0.3764
0.3735
0.3705
0.3705
0.3666
0.3655
0.3616
0.3606
0.3576
0.3576
0.3576
0.3586
0.3586
0.3616
0.3645
0.3645
155.6
161.6
169.9
177.0
167.2
135.4
124.2
135.7
133.4
116.2
119.8
121.6
119.6
128.3
137.6
137.2
121.9
118.1
116.6
124.0
128.8
124.1
121.6
115.0
114.1
113.5
112.1
113.1
111.0
112.4
112.8
115.6
119.8
120.3
123.0
126.1
126.3
126.4
126.2
126.0
125.5
125.1
124.7
124.3
123.8
123.3
122.9
122.5
122.0
121.6
120.9
119.9
118.8
117.6
116.2
114.6
112.6
110.6
108.2
105.3
102.5
99.58
96.29
92.64
88.63
85.10
81.83
77.95
71.74
63.64
57.39
52.45
46.66
41.37
37.45
32.67
27.15
23.44
19.21
14.91
12.16
9.547
7.875
6.054
4.583
3.399
2.617
2.136
1.816
1.542
1.377
1.340
1.323
1.306
1.287
1.262
1.234
1.207
1.174
1.145
1.106
1.073
1.039
1.011
0.9806
0.9508
0.9262
0.9032
0.8845
0.8676
0.8499
0.8350
0.8241
0.8182
0.8112
0.7994
0.7885
0.7845
0.7815
0.7766
0.7746
0.7726
0.7697
0.7707
0.7697
0.7677
0.7667
0.7627
0.7597
0.7409
0.7268
0.6883
0.6656
0.6556
0.6409
0.6330
0.6320
0.6320
0.6320
0.6320
0.6320
0.6310
0.6290
0.6280
0.6280
0.6280
0.6280
0.6281
0.6290
0.6200
0.6031
0.5893
0.5636
0.5567
0.5567
0.5556
0.4986
0.4011
0.3814
0.3784
0.3774
0.3734
0.3715
0.3715
0.3685
0.3675
0.3675
0.3675
0.3675
0.3675
0.3675
0.3675
0.3675
0.3705
0.3695
0.3695
0.3695
0.3685
0.3685
0.3685
0.3685
170.5
142.0
164.5
191.8
189.9
144.0
138.5
130.4
136.1
126.2
104.3
120.7
133.0
139.9
125.7
120.3
123.5
131.0
135.8
133.2
119.2
106.7
105.0
107.6
115.6
114.8
112.2
113.8
105.6
110.1
111.2
113.0
124.0
126.2
128.6
130.3
131.6
132.1
132.2
132.7
133.6
134.7
135.4
136.2
137.0
137.9
138.2
138.5
138.5
138.4
138.0
137.5
136.7
135.4
133.8
132.0
129.8
127.5
125.0
122.2
119.4
116.1
112.5
108.7
104.6
100.7
95.50
89.51
84.02
77.49
68.89
63.20
57.99
51.72
45.47
40.20
33.86
29.05
26.50
21.33
18.59
13.53
11.01
7.399
5.003
3.403
2.632
2.210
1.865
1.602
1.468
1.445
1.432
1.420
1.407
1.384
1.358
1.326
1.293
1.256
1.216
1.177
1.136
1.095
1.058
1.022
0.9862
0.9572
0.9293
0.9047
0.8818
0.8630
0.8452
0.8303
0.8154
0.8084
0.7975
0.7905
0.7826
0.7757
0.7697
0.7628
0.7549
0.7539
0.7519
0.7519
0.7519
0.7528
0.7519
0.7509
0.7499
0.7489
0.7203
0.6995
0.6071
0.5836
0.5776
0.5667
0.5578
0.5547
0.5547
0.5547
0.5656
0.5793
0.6022
0.6210
0.6417
0.6507
0.6528
0.6587
0.6637
0.6637
0.6637
0.6637
0.6491
0.6243
0.6182
0.6152
0.5599
0.4240
0.3984
0.3992
0.3963
0.3953
0.3923
0.3913
0.3873
0.3873
0.3844
0.3766
0.3745
0.3715
0.3685
0.3646
0.3645
0.3645
0.3645
0.3636
0.3635
0.3626
0.3705
180.4
136.0
169.3
177.7
192.8
151.8
155.0
122.6
117.3
114.3
120.8
143.8
157.8
110.8
96.10
105.2
103.5
133.6
147.8
147.4
121.7
118.5
116.5
120.1
127.9
118.9
117.7
111.9
120.3
122.6
123.6
135.2
136.4
137.2
137.7
138.0
138.3
138.3
137.8
137.8
137.7
137.7
137.8
138.0
138.1
138.3
138.6
138.8
139.0
138.9
138.4
138.1
137.3
136.3
134.6
132.9
130.8
128.7
126.3
123.5
119.9
116.4
113.1
109.7
105.9
101.9
97.62
92.25
84.40
75.52
69.61
66.21
61.19
53.16
45.09
38.97
34.77
30.14
25.05
16.54
12.64
9.805
8.295
6.114
4.071
2.214
1.466
0.9978
0.6431
0.4333
0.3885
0.4205
0.4642
0.5056
0.5672
0.6006
0.6304
0.6580
0.6799
0.7060
0.7373
0.7750
0.8027
0.8223
0.8381
0.8501
0.8618
0.8598
0.8598
0.8598
0.8579
0.8598
0.8558
0.8519
0.8460
0.8321
0.8261
0.8182
0.8123
0.8083
0.8023
0.7964
0.7905
0.7905
0.7905
0.7905
0.7905
0.7905
0.7905
0.7924
0.7845
0.7826
0.7823
0.7449
0.7203
0.6372
0.5844
0.5765
0.5745
0.5746
0.5766
0.5826
0.5965
0.6125
0.6382
0.6599
0.6819
0.7053
0.7033
0.7033
0.7033
0.7033
0.7013
0.6892
0.6714
0.6456
0.6220
0.6160
0.6051
0.5234
0.3824
0.3784
0.3784
0.3764
0.3764
0.3725
0.3744
0.3725
0.3704
0.3665
0.3665
0.3665
0.3665
0.3685
0.3705
0.3705
0.3705
0.3705
0.3764
0.3764
0.3784
170.5
142.0
164.5
191.8
189.9
144.0
138.5
130.4
136.1
126.2
104.3
120.7
133.0
139.9
125.7
120.3
123.5
131.0
135.8
133.2
119.2
106.7
105.0
107.6
115.6
114.8
112.2
113.8
105.6
110.1
111.2
113.0
124.0
126.2
128.6
130.3
131.6
132.1
132.2
132.7
133.6
134.7
135.4
136.2
137.0
137.9
138.2
138.5
138.5
138.4
138.0
137.5
136.7
135.4
133.8
132.0
129.8
127.5
125.0
122.2
119.4
116.1
112.5
108.7
104.6
100.7
95.50
89.51
84.02
77.49
68.89
63.20
57.99
51.72
45.47
40.20
33.86
29.05
26.50
21.33
18.59
13.53
11.01
7.399
5.003
3.403
2.632
2.210
1.865
1.602
1.468
1.445
1.432
1.420
1.407
1.384
1.358
1.326
1.293
1.256
1.216
1.177
1.136
1.095
1.058
1.022
0.9862
0.9572
0.9293
0.9047
0.8818
0.8630
0.8452
0.8303
0.8154
0.8084
0.7975
0.7905
0.7826
0.7757
0.7697
0.7628
0.7549
0.7539
0.7519
0.7519
0.7519
0.7528
0.7519
0.7509
0.7499
0.7489
0.7203
0.6995
0.6071
0.5836
0.5776
0.5667
0.5578
0.5547
0.5547
0.5547
0.5656
0.5793
0.6022
0.6210
0.6417
0.6507
0.6528
0.6587
0.6637
0.6637
0.6637
0.6637
0.6491
0.6243
0.6182
0.6152
0.5599
0.4240
0.3984
0.3992
0.3963
0.3953
0.3923
0.3913
0.3873
0.3873
0.3844
0.3766
0.3745
0.3715
0.3685
0.3646
0.3645
0.3645
0.3645
0.3636
0.3635
0.3626
0.3705
155.6
161.6
169.9
177.0
167.2
135.4
124.2
135.7
133.4
116.2
119.8
121.6
119.6
128.3
137.6
137.2
121.9
118.1
116.6
124.0
128.8
124.1
121.6
115.0
114.1
113.5
112.1
113.1
111.0
112.4
112.8
115.6
119.8
120.3
123.0
126.1
126.3
126.4
126.2
126.0
125.5
125.1
124.7
124.3
123.8
123.3
122.9
122.5
122.0
121.6
120.9
119.9
118.8
117.6
116.2
114.6
112.6
110.6
108.2
105.3
102.5
99.58
96.29
92.64
88.63
85.10
81.83
77.95
71.74
63.64
57.39
52.45
46.66
41.37
37.45
32.67
27.15
23.44
19.21
14.91
12.16
9.547
7.875
6.054
4.583
3.399
2.617
2.136
1.816
1.542
1.377
1.340
1.323
1.306
1.287
1.262
1.234
1.207
1.174
1.145
1.106
1.073
1.039
1.011
0.9806
0.9508
0.9262
0.9032
0.8845
0.8676
0.8499
0.8350
0.8241
0.8182
0.8112
0.7994
0.7885
0.7845
0.7815
0.7766
0.7746
0.7726
0.7697
0.7707
0.7697
0.7677
0.7667
0.7627
0.7597
0.7409
0.7268
0.6883
0.6656
0.6556
0.6409
0.6330
0.6320
0.6320
0.6320
0.6320
0.6320
0.6310
0.6290
0.6280
0.6280
0.6280
0.6280
0.6281
0.6290
0.6200
0.6031
0.5893
0.5636
0.5567
0.5567
0.5556
0.4986
0.4011
0.3814
0.3784
0.3774
0.3734
0.3715
0.3715
0.3685
0.3675
0.3675
0.3675
0.3675
0.3675
0.3675
0.3675
0.3675
0.3705
0.3695
0.3695
0.3695
0.3685
0.3685
0.3685
0.3685
152.9
171.2
181.3
181.3
172.2
150.5
140.4
116.8
117.1
121.5
134.3
146.6
160.0
157.8
150.9
140.5
144.1
143.2
137.8
131.5
131.4
129.8
134.3
131.0
140.7
139.6
131.2
125.4
122.9
122.4
125.1
129.6
137.0
137.3
137.4
137.5
137.5
137.5
137.4
137.2
136.9
136.5
135.9
135.3
134.7
134.0
133.0
132.1
131.1
129.8
128.6
127.1
125.4
123.6
121.6
119.1
116.6
113.8
111.2
108.2
105.0
101.1
97.09
92.95
88.84
84.65
80.66
76.99
72.38
66.04
59.03
51.71
45.87
40.42
34.94
29.01
24.41
20.81
18.28
14.71
11.26
9.099
7.448
5.746
3.768
2.272
1.389
0.9815
0.7146
0.4922
0.3753
0.3617
0.3695
0.3851
0.3961
0.4070
0.4130
0.4190
0.4289
0.4358
0.4408
0.4438
0.4487
0.4556
0.4615
0.4685
0.4745
0.4863
0.4923
0.5052
0.5091
0.5150
0.5220
0.5319
0.5427
0.5526
0.5626
0.5715
0.5784
0.5893
0.5953
0.6101
0.6161
0.6270
0.6378
0.6409
0.6409
0.6429
0.6439
0.6429
0.6429
0.6429
0.6429
0.6429
0.6459
0.6537
0.6627
0.6735
0.6834
0.6934
0.7003
0.7101
0.7152
0.7230
0.7241
0.7241
0.7202
0.7016
0.6865
0.6835
0.6648
0.5916
0.4737
0.3958
0.3884
0.3883
0.3883
0.3883
0.3883
0.3873
0.3863
0.3834
0.3824
0.3785
0.3784
0.3764
0.3735
0.3705
0.3705
0.3666
0.3655
0.3616
0.3606
0.3576
0.3576
0.3576
0.3586
0.3586
0.3616
0.3645
0.3645
157.9
175.4
186.4
186.1
174.5
130.3
151.2
155.8
149.4
142.6
141.9
150.5
133.9
153.1
168.1
158.4
172.0
167.2
163.7
159.5
161.0
158.9
149.7
157.0
153.1
144.3
151.0
149.6
143.9
155.1
158.3
156.5
165.1
166.1
171.0
174.1
175.5
176.7
177.6
178.7
178.9
178.9
178.7
178.7
178.7
178.7
178.5
178.0
177.3
176.4
175.2
173.7
172.0
170.0
167.7
165.1
162.3
159.4
156.6
153.4
149.7
145.4
140.9
136.0
130.9
126.1
121.0
113.7
105.3
93.15
82.68
73.69
64.28
54.80
46.88
39.20
30.59
23.87
18.25
15.18
12.06
10.66
9.134
7.324
5.449
3.180
2.410
2.046
1.704
1.410
1.285
1.274
1.264
1.253
1.237
1.216
1.194
1.167
1.138
1.109
1.075
1.043
1.013
0.9825
0.9557
0.9259
0.9012
0.8795
0.8597
0.8448
0.8280
0.8172
0.8102
0.7944
0.7855
0.7775
0.7716
0.7677
0.7627
0.7618
0.7618
0.7618
0.7618
0.7618
0.7618
0.7608
0.7608
0.7617
0.7537
0.7438
0.7226
0.6903
0.6795
0.6716
0.6696
0.6687
0.6706
0.6746
0.6806
0.6895
0.7014
0.7093
0.7123
0.7132
0.7132
0.7132
0.7132
0.7142
0.7111
0.6953
0.6823
0.6557
0.6309
0.6221
0.6216
0.5878
0.4579
0.3724
0.3705
0.3685
0.3645
0.3615
0.3566
0.3546
0.3526
0.3486
0.3457
0.3457
0.3457
0.3437
0.3427
0.3427
0.3428
0.3448
0.3477
0.3507
0.3507
0.3517
0.3556
0.3566
0.3566
165.0
170.9
176.4
201.1
179.5
173.8
153.9
146.7
147.4
143.4
132.5
136.7
136.8
154.0
173.6
181.8
190.8
189.5
181.5
179.4
184.0
182.8
181.3
181.7
180.7
185.2
193.3
195.7
199.5
195.9
204.3
217.5
224.9
241.1
246.2
250.1
253.4
257.3
262.1
267.2
272.4
277.7
282.2
285.5
288.5
291.3
293.8
296.7
299.1
301.3
303.2
304.9
306.0
306.3
306.0
305.2
304.0
302.4
299.8
296.7
293.6
289.5
284.7
278.5
271.3
263.9
254.9
245.7
234.6
222.3
208.2
187.6
166.4
148.5
135.2
122.5
104.8
78.84
56.65
36.87
21.67
15.73
12.27
9.698
6.999
4.929
3.421
2.754
2.229
1.744
1.470
1.387
1.382
1.372
1.365
1.349
1.325
1.297
1.267
1.231
1.191
1.156
1.116
1.079
1.043
1.006
0.9720
0.9394
0.9164
0.8936
0.8729
0.8549
0.8411
0.8264
0.8153
0.8055
0.8004
0.7916
0.7827
0.7777
0.7688
0.7638
0.7598
0.7568
0.7529
0.7529
0.7519
0.7528
0.7529
0.7538
0.7548
0.7451
0.7390
0.7095
0.6748
0.6364
0.6311
0.6281
0.6231
0.6221
0.6221
0.6299
0.6418
0.6616
0.6834
0.7092
0.7279
0.7428
0.7508
0.7548
0.7598
0.7627
0.7628
0.7558
0.7382
0.7133
0.6915
0.6591
0.5519
0.4719
0.3779
0.3716
0.3705
0.3646
0.3606
0.3596
0.3547
0.3527
0.3487
0.3457
0.3428
0.3388
0.3349
0.3338
0.3328
0.3348
0.3397
0.3388
0.3408
0.3437
0.3527
