SALVI
1
0
24
15.00
181
1.00

231102 OCH 5050 350 F5M1 VDR

231102 OCH 5050 350 F5M1 VDR.ldt
16 November 2023/TB
760
0
225
320
60
0
0
0
0
99.6
100.0
1.000
0.0
1
1
16 LED
4968.1


40.7
0.121
0.211
0.313
0.404
0.472
0.584
0.649
0.709
0.781
0.825
0.0
15.0
30.0
45.0
60.0
75.0
90.0
105.0
120.0
135.0
150.0
165.0
180.0
195.0
210.0
225.0
240.0
255.0
270.0
285.0
300.0
315.0
330.0
345.0
0.0
1.0
2.0
3.0
4.0
5.0
6.0
7.0
8.0
9.0
10.0
11.0
12.0
13.0
14.0
15.0
16.0
17.0
18.0
19.0
20.0
21.0
22.0
23.0
24.0
25.0
26.0
27.0
28.0
29.0
30.0
31.0
32.0
33.0
34.0
35.0
36.0
37.0
38.0
39.0
40.0
41.0
42.0
43.0
44.0
45.0
46.0
47.0
48.0
49.0
50.0
51.0
52.0
53.0
54.0
55.0
56.0
57.0
58.0
59.0
60.0
61.0
62.0
63.0
64.0
65.0
66.0
67.0
68.0
69.0
70.0
71.0
72.0
73.0
74.0
75.0
76.0
77.0
78.0
79.0
80.0
81.0
82.0
83.0
84.0
85.0
86.0
87.0
88.0
89.0
90.0
91.0
92.0
93.0
94.0
95.0
96.0
97.0
98.0
99.0
100.0
101.0
102.0
103.0
104.0
105.0
106.0
107.0
108.0
109.0
110.0
111.0
112.0
113.0
114.0
115.0
116.0
117.0
118.0
119.0
120.0
121.0
122.0
123.0
124.0
125.0
126.0
127.0
128.0
129.0
130.0
131.0
132.0
133.0
134.0
135.0
136.0
137.0
138.0
139.0
140.0
141.0
142.0
143.0
144.0
145.0
146.0
147.0
148.0
149.0
150.0
151.0
152.0
153.0
154.0
155.0
156.0
157.0
158.0
159.0
160.0
161.0
162.0
163.0
164.0
165.0
166.0
167.0
168.0
169.0
170.0
171.0
172.0
173.0
174.0
175.0
176.0
177.0
178.0
179.0
180.0
85.57
78.08
88.54
90.37
83.46
80.27
72.43
67.79
68.57
72.49
72.55
77.65
80.51
82.55
86.23
88.82
92.88
99.26
104.7
107.2
116.2
113.9
120.6
124.0
122.6
138.0
134.3
143.9
150.9
157.0
174.5
182.3
196.8
203.9
211.0
217.6
223.8
229.6
235.0
240.4
245.8
251.3
256.5
261.2
266.0
271.3
276.6
282.0
288.3
294.6
300.0
306.0
312.9
319.0
324.6
330.2
336.1
342.7
350.3
357.1
365.0
374.7
382.9
385.9
382.4
369.3
348.6
322.7
290.0
248.4
205.0
160.7
109.9
74.37
47.53
39.61
34.38
29.92
26.20
21.68
16.65
11.99
8.747
6.320
4.230
2.455
1.425
0.6950
0.4147
0.3325
0.3911
0.4411
0.4828
0.5326
0.5750
0.6125
0.6422
0.6659
0.6877
0.7037
0.7204
0.7324
0.7452
0.7522
0.7571
0.7561
0.7561
0.7531
0.7462
0.7343
0.7216
0.7096
0.6957
0.6830
0.6710
0.6611
0.6454
0.6364
0.6284
0.6147
0.6047
0.5957
0.5840
0.5780
0.5701
0.5662
0.5642
0.5602
0.5572
0.5562
0.5533
0.5493
0.5395
0.5315
0.4970
0.4779
0.4513
0.4493
0.4484
0.4474
0.4493
0.4524
0.4612
0.4711
0.4859
0.5018
0.5176
0.5295
0.5394
0.5424
0.5433
0.5414
0.5403
0.5335
0.5196
0.5078
0.4879
0.4712
0.4068
0.3609
0.3213
0.2603
0.2563
0.2524
0.2484
0.2454
0.2425
0.2395
0.2346
0.2336
0.2326
0.2316
0.2316
0.2316
0.2326
0.2336
0.2336
0.2336
0.2336
0.2336
0.2375
78.78
81.15
83.42
93.81
84.93
81.95
74.52
73.10
72.93
72.09
68.84
71.64
72.13
78.68
90.68
94.15
98.95
100.6
97.75
99.42
102.4
105.6
107.1
109.7
111.2
115.5
124.4
129.7
136.0
137.3
145.8
156.3
165.5
180.2
187.8
195.3
201.6
208.5
215.9
223.9
231.5
237.9
244.4
251.1
257.9
265.2
272.9
281.0
288.8
295.8
302.7
309.1
315.4
321.5
327.8
334.2
341.4
349.0
356.7
364.8
373.4
382.3
390.6
396.2
394.7
386.4
371.2
347.7
318.3
282.4
239.2
194.1
148.0
102.1
67.44
48.70
39.13
33.95
30.24
26.44
22.46
17.91
13.32
10.08
7.145
4.869
3.113
2.270
1.810
1.658
1.613
1.592
1.572
1.550
1.532
1.499
1.468
1.431
1.386
1.337
1.280
1.217
1.153
1.088
1.023
0.9626
0.9045
0.8527
0.8082
0.7698
0.7353
0.7064
0.6818
0.6609
0.6441
0.6285
0.6185
0.6056
0.5927
0.5829
0.5740
0.5630
0.5542
0.5472
0.5414
0.5384
0.5324
0.5275
0.5246
0.5225
0.5176
0.5135
0.4985
0.4777
0.4511
0.4325
0.4325
0.4315
0.4315
0.4345
0.4385
0.4444
0.4514
0.4662
0.4781
0.4930
0.4998
0.4998
0.4998
0.4998
0.4998
0.5007
0.4938
0.4839
0.4699
0.4541
0.4384
0.4294
0.3574
0.2918
0.2464
0.2375
0.2306
0.2296
0.2296
0.2296
0.2296
0.2296
0.2296
0.2296
0.2296
0.2336
0.2336
0.2336
0.2346
0.2395
0.2405
0.2405
0.2405
0.2405
0.2405
75.67
81.97
85.08
85.39
84.52
77.06
73.03
71.95
75.77
77.32
77.31
77.80
80.42
79.17
90.66
92.59
92.61
98.66
98.77
100.9
102.0
103.8
101.3
105.6
108.1
107.5
109.5
110.8
116.0
125.2
132.7
139.4
143.3
151.6
158.5
165.5
173.7
178.4
183.2
188.4
193.4
198.4
203.3
208.3
213.6
218.4
223.6
228.9
234.6
240.2
245.9
251.7
257.3
263.2
269.3
275.6
281.8
287.9
294.0
300.6
307.5
314.1
320.0
325.1
328.2
326.7
317.7
299.5
273.7
241.3
204.7
168.2
134.0
100.8
70.80
54.38
41.66
34.30
28.90
23.93
20.11
15.74
11.33
8.685
6.639
4.750
3.147
2.176
1.717
1.559
1.513
1.491
1.463
1.437
1.409
1.375
1.343
1.303
1.260
1.213
1.166
1.118
1.071
1.026
0.9823
0.9396
0.9029
0.8682
0.8376
0.8108
0.7852
0.7613
0.7394
0.7216
0.7059
0.6900
0.6730
0.6582
0.6454
0.6335
0.6235
0.6088
0.6018
0.5929
0.5870
0.5810
0.5731
0.5652
0.5592
0.5475
0.5336
0.5108
0.4999
0.4920
0.4840
0.4791
0.4761
0.4741
0.4741
0.4741
0.4751
0.4761
0.4790
0.4850
0.4869
0.4869
0.4889
0.4880
0.4879
0.4869
0.4761
0.4652
0.4464
0.4365
0.4295
0.4129
0.3491
0.2834
0.2634
0.2593
0.2554
0.2514
0.2494
0.2455
0.2445
0.2415
0.2395
0.2366
0.2346
0.2336
0.2336
0.2326
0.2326
0.2326
0.2326
0.2326
0.2326
0.2326
0.2365
0.2375
0.2385
73.14
81.32
84.43
85.83
82.13
74.10
70.16
61.94
61.58
65.25
73.10
81.71
91.39
92.34
91.12
90.27
91.69
96.40
93.43
93.44
96.08
98.67
102.3
108.9
118.3
122.1
116.8
116.6
116.1
120.2
124.3
136.9
150.0
155.1
160.2
165.1
170.1
175.2
180.2
185.6
191.1
197.0
202.9
208.7
214.7
220.7
226.7
232.4
238.1
243.8
249.7
255.4
261.7
267.9
274.0
280.2
286.4
292.6
298.6
303.8
307.2
308.3
306.5
300.5
290.3
274.8
255.5
234.7
213.0
189.5
161.8
129.3
96.40
66.39
46.17
34.19
28.48
25.24
22.93
20.68
17.76
13.83
10.26
7.576
5.099
2.994
1.631
0.8985
0.5299
0.4038
0.3980
0.4069
0.4197
0.4296
0.4405
0.4464
0.4523
0.4573
0.4573
0.4593
0.4632
0.4632
0.4662
0.4662
0.4692
0.4751
0.4761
0.4801
0.4840
0.4860
0.4899
0.4919
0.4929
0.4978
0.4979
0.5028
0.5048
0.5048
0.5057
0.5057
0.5057
0.5057
0.5058
0.5067
0.5047
0.5028
0.5008
0.4968
0.4919
0.4899
0.4899
0.4899
0.4899
0.4909
0.4939
0.4998
0.5058
0.5108
0.5166
0.5236
0.5226
0.5226
0.5226
0.5216
0.5226
0.5196
0.5136
0.5047
0.4958
0.4906
0.4710
0.4282
0.3488
0.2859
0.2593
0.2543
0.2524
0.2474
0.2425
0.2405
0.2365
0.2355
0.2346
0.2346
0.2346
0.2346
0.2346
0.2346
0.2346
0.2346
0.2356
0.2366
0.2385
0.2405
0.2405
0.2425
0.2455
0.2445
0.2474
0.2464
0.2474
73.76
79.09
83.47
85.92
83.31
70.20
71.05
72.02
71.05
65.40
70.69
74.04
75.04
80.75
90.16
91.75
87.36
87.34
88.83
98.36
106.6
108.1
107.9
106.3
111.4
113.2
115.5
120.9
126.7
131.7
136.8
142.1
152.6
158.3
166.8
178.2
184.0
189.5
195.1
200.9
206.6
212.4
218.0
223.9
229.5
235.4
241.4
247.2
253.4
259.3
265.5
271.7
277.6
283.7
290.0
296.8
302.6
306.8
308.5
306.7
300.9
290.8
276.9
261.1
245.0
229.6
212.0
190.2
158.8
121.4
88.37
65.63
49.06
39.04
34.41
30.31
26.99
24.15
21.15
18.16
13.78
10.39
8.452
6.586
4.906
3.661
2.516
1.869
1.533
1.401
1.370
1.346
1.327
1.308
1.284
1.258
1.232
1.198
1.162
1.123
1.083
1.042
1.002
0.9614
0.9227
0.8861
0.8533
0.8229
0.7969
0.7733
0.7523
0.7307
0.7137
0.6988
0.6850
0.6713
0.6572
0.6435
0.6306
0.6196
0.6088
0.5988
0.5938
0.5840
0.5771
0.5711
0.5662
0.5642
0.5573
0.5455
0.5316
0.5109
0.4940
0.4850
0.4752
0.4653
0.4632
0.4612
0.4602
0.4602
0.4602
0.4602
0.4602
0.4602
0.4641
0.4652
0.4662
0.4701
0.4721
0.4711
0.4692
0.4643
0.4544
0.4435
0.4395
0.4187
0.3663
0.2984
0.2656
0.2613
0.2574
0.2534
0.2504
0.2494
0.2465
0.2435
0.2405
0.2395
0.2375
0.2366
0.2326
0.2326
0.2326
0.2326
0.2326
0.2326
0.2326
0.2346
0.2346
0.2435
0.2435
80.65
72.85
79.83
90.99
93.35
74.60
72.73
71.63
75.27
74.99
66.23
72.50
85.67
93.57
88.07
87.65
93.51
100.4
112.6
114.8
108.8
100.6
99.52
109.7
119.9
128.3
129.1
134.0
131.7
138.7
145.8
151.0
173.4
180.8
188.3
197.6
206.9
214.1
220.5
226.3
231.8
238.7
246.7
255.3
263.6
270.9
277.1
282.6
287.9
293.5
299.2
305.6
313.4
321.4
329.4
335.6
339.1
339.0
334.4
324.8
310.5
293.1
275.1
258.3
243.1
224.9
196.8
156.7
119.1
81.65
56.97
49.00
45.36
41.39
36.84
31.34
28.36
26.19
23.19
19.99
16.80
13.33
10.50
8.123
6.143
4.045
2.704
1.964
1.605
1.437
1.415
1.397
1.378
1.363
1.346
1.327
1.303
1.276
1.242
1.204
1.164
1.119
1.069
1.021
0.9676
0.9190
0.8705
0.8251
0.7826
0.7471
0.7155
0.6887
0.6708
0.6481
0.6304
0.6175
0.6057
0.5898
0.5788
0.5660
0.5562
0.5472
0.5393
0.5343
0.5245
0.5226
0.5216
0.5195
0.5147
0.5117
0.5067
0.5046
0.4888
0.4708
0.4421
0.4078
0.4078
0.4078
0.4088
0.4098
0.4118
0.4187
0.4296
0.4405
0.4524
0.4692
0.4831
0.4920
0.4978
0.4978
0.4998
0.4988
0.4948
0.4898
0.4788
0.4631
0.4560
0.4421
0.4033
0.2859
0.2474
0.2424
0.2385
0.2355
0.2346
0.2346
0.2346
0.2346
0.2346
0.2346
0.2346
0.2346
0.2356
0.2405
0.2405
0.2435
0.2455
0.2464
0.2474
0.2464
0.2474
84.30
69.22
84.41
86.63
94.50
77.98
80.26
67.58
67.13
67.98
73.59
92.58
100.9
75.19
68.63
78.95
81.50
108.4
124.8
131.7
112.1
114.2
117.1
122.2
142.4
135.5
139.7
137.5
149.4
160.4
165.9
189.5
196.1
202.5
208.6
214.8
221.4
228.2
234.4
239.7
244.3
249.7
254.7
260.5
265.9
270.6
275.0
279.1
283.2
287.5
292.2
298.8
306.7
315.1
321.1
324.6
325.7
323.3
315.5
303.4
286.5
267.9
250.1
235.7
220.9
198.7
163.0
121.5
87.26
63.62
50.22
46.15
41.46
37.84
33.80
29.86
27.33
24.65
20.27
17.48
14.41
11.18
7.499
5.895
4.299
2.809
1.324
0.6651
0.3584
0.2438
0.2650
0.2987
0.3632
0.4033
0.4529
0.4904
0.5224
0.5500
0.5759
0.6014
0.6233
0.6391
0.6588
0.6788
0.6888
0.6987
0.6987
0.7007
0.7007
0.7007
0.7007
0.7027
0.6928
0.6830
0.6691
0.6612
0.6455
0.6374
0.6257
0.6137
0.6038
0.5959
0.5839
0.5741
0.5701
0.5642
0.5622
0.5563
0.5523
0.5523
0.5503
0.5464
0.5444
0.5206
0.5049
0.4558
0.4242
0.4216
0.4177
0.4117
0.4117
0.4117
0.4137
0.4235
0.4414
0.4551
0.4728
0.4906
0.5007
0.5067
0.5126
0.5127
0.5185
0.5166
0.5166
0.5108
0.4891
0.4791
0.4672
0.3729
0.2664
0.2613
0.2574
0.2554
0.2534
0.2494
0.2455
0.2435
0.2435
0.2376
0.2375
0.2336
0.2336
0.2336
0.2336
0.2355
0.2415
0.2415
0.2435
0.2494
0.2494
80.65
72.85
79.83
90.99
93.35
74.60
72.73
71.63
75.27
74.99
66.23
72.50
85.67
93.57
88.07
87.65
93.51
100.4
112.6
114.8
108.8
100.6
99.52
109.7
119.9
128.3
129.1
134.0
131.7
138.7
145.8
151.0
173.4
180.8
188.3
197.6
206.9
214.1
220.5
226.3
231.8
238.7
246.7
255.3
263.6
270.9
277.1
282.6
287.9
293.5
299.2
305.6
313.4
321.4
329.4
335.6
339.1
339.0
334.4
324.8
310.5
293.1
275.1
258.3
243.1
224.9
196.8
156.7
119.1
81.65
56.97
49.00
45.36
41.39
36.84
31.34
28.36
26.19
23.19
19.99
16.80
13.33
10.50
8.123
6.143
4.045
2.704
1.964
1.605
1.437
1.415
1.397
1.378
1.363
1.346
1.327
1.303
1.276
1.242
1.204
1.164
1.119
1.069
1.021
0.9676
0.9190
0.8705
0.8251
0.7826
0.7471
0.7155
0.6887
0.6708
0.6481
0.6304
0.6175
0.6057
0.5898
0.5788
0.5660
0.5562
0.5472
0.5393
0.5343
0.5245
0.5226
0.5216
0.5195
0.5147
0.5117
0.5067
0.5046
0.4888
0.4708
0.4421
0.4078
0.4078
0.4078
0.4088
0.4098
0.4118
0.4187
0.4296
0.4405
0.4524
0.4692
0.4831
0.4920
0.4978
0.4978
0.4998
0.4988
0.4948
0.4898
0.4788
0.4631
0.4560
0.4421
0.4033
0.2859
0.2474
0.2424
0.2385
0.2355
0.2346
0.2346
0.2346
0.2346
0.2346
0.2346
0.2346
0.2346
0.2356
0.2405
0.2405
0.2435
0.2455
0.2464
0.2474
0.2464
0.2474
73.76
79.09
83.47
85.92
83.31
70.20
71.05
72.02
71.05
65.40
70.69
74.04
75.04
80.75
90.16
91.75
87.36
87.34
88.83
98.36
106.6
108.1
107.9
106.3
111.4
113.2
115.5
120.9
126.7
131.7
136.8
142.1
152.6
158.3
166.8
178.2
184.0
189.5
195.1
200.9
206.6
212.4
218.0
223.9
229.5
235.4
241.4
247.2
253.4
259.3
265.5
271.7
277.6
283.7
290.0
296.8
302.6
306.8
308.5
306.7
300.9
290.8
276.9
261.1
245.0
229.6
212.0
190.2
158.8
121.4
88.37
65.63
49.06
39.04
34.41
30.31
26.99
24.15
21.15
18.16
13.78
10.39
8.452
6.586
4.906
3.661
2.516
1.869
1.533
1.401
1.370
1.346
1.327
1.308
1.284
1.258
1.232
1.198
1.162
1.123
1.083
1.042
1.002
0.9614
0.9227
0.8861
0.8533
0.8229
0.7969
0.7733
0.7523
0.7307
0.7137
0.6988
0.6850
0.6713
0.6572
0.6435
0.6306
0.6196
0.6088
0.5988
0.5938
0.5840
0.5771
0.5711
0.5662
0.5642
0.5573
0.5455
0.5316
0.5109
0.4940
0.4850
0.4752
0.4653
0.4632
0.4612
0.4602
0.4602
0.4602
0.4602
0.4602
0.4602
0.4641
0.4652
0.4662
0.4701
0.4721
0.4711
0.4692
0.4643
0.4544
0.4435
0.4395
0.4187
0.3663
0.2984
0.2656
0.2613
0.2574
0.2534
0.2504
0.2494
0.2465
0.2435
0.2405
0.2395
0.2375
0.2366
0.2326
0.2326
0.2326
0.2326
0.2326
0.2326
0.2326
0.2346
0.2346
0.2435
0.2435
73.14
81.32
84.43
85.83
82.13
74.10
70.16
61.94
61.58
65.25
73.10
81.71
91.39
92.34
91.12
90.27
91.69
96.40
93.43
93.44
96.08
98.67
102.3
108.9
118.3
122.1
116.8
116.6
116.1
120.2
124.3
136.9
150.0
155.1
160.2
165.1
170.1
175.2
180.2
185.6
191.1
197.0
202.9
208.7
214.7
220.7
226.7
232.4
238.1
243.8
249.7
255.4
261.7
267.9
274.0
280.2
286.4
292.6
298.6
303.8
307.2
308.3
306.5
300.5
290.3
274.8
255.5
234.7
213.0
189.5
161.8
129.3
96.40
66.39
46.17
34.19
28.48
25.24
22.93
20.68
17.76
13.83
10.26
7.576
5.099
2.994
1.631
0.8985
0.5299
0.4038
0.3980
0.4069
0.4197
0.4296
0.4405
0.4464
0.4523
0.4573
0.4573
0.4593
0.4632
0.4632
0.4662
0.4662
0.4692
0.4751
0.4761
0.4801
0.4840
0.4860
0.4899
0.4919
0.4929
0.4978
0.4979
0.5028
0.5048
0.5048
0.5057
0.5057
0.5057
0.5057
0.5058
0.5067
0.5047
0.5028
0.5008
0.4968
0.4919
0.4899
0.4899
0.4899
0.4899
0.4909
0.4939
0.4998
0.5058
0.5108
0.5166
0.5236
0.5226
0.5226
0.5226
0.5216
0.5226
0.5196
0.5136
0.5047
0.4958
0.4906
0.4710
0.4282
0.3488
0.2859
0.2593
0.2543
0.2524
0.2474
0.2425
0.2405
0.2365
0.2355
0.2346
0.2346
0.2346
0.2346
0.2346
0.2346
0.2346
0.2346
0.2356
0.2366
0.2385
0.2405
0.2405
0.2425
0.2455
0.2445
0.2474
0.2464
0.2474
75.67
81.97
85.08
85.39
84.52
77.06
73.03
71.95
75.77
77.32
77.31
77.80
80.42
79.17
90.66
92.59
92.61
98.66
98.77
100.9
102.0
103.8
101.3
105.6
108.1
107.5
109.5
110.8
116.0
125.2
132.7
139.4
143.3
151.6
158.5
165.5
173.7
178.4
183.2
188.4
193.4
198.4
203.3
208.3
213.6
218.4
223.6
228.9
234.6
240.2
245.9
251.7
257.3
263.2
269.3
275.6
281.8
287.9
294.0
300.6
307.5
314.1
320.0
325.1
328.2
326.7
317.7
299.5
273.7
241.3
204.7
168.2
134.0
100.8
70.80
54.38
41.66
34.30
28.90
23.93
20.11
15.74
11.33
8.685
6.639
4.750
3.147
2.176
1.717
1.559
1.513
1.491
1.463
1.437
1.409
1.375
1.343
1.303
1.260
1.213
1.166
1.118
1.071
1.026
0.9823
0.9396
0.9029
0.8682
0.8376
0.8108
0.7852
0.7613
0.7394
0.7216
0.7059
0.6900
0.6730
0.6582
0.6454
0.6335
0.6235
0.6088
0.6018
0.5929
0.5870
0.5810
0.5731
0.5652
0.5592
0.5475
0.5336
0.5108
0.4999
0.4920
0.4840
0.4791
0.4761
0.4741
0.4741
0.4741
0.4751
0.4761
0.4790
0.4850
0.4869
0.4869
0.4889
0.4880
0.4879
0.4869
0.4761
0.4652
0.4464
0.4365
0.4295
0.4129
0.3491
0.2834
0.2634
0.2593
0.2554
0.2514
0.2494
0.2455
0.2445
0.2415
0.2395
0.2366
0.2346
0.2336
0.2336
0.2326
0.2326
0.2326
0.2326
0.2326
0.2326
0.2326
0.2365
0.2375
0.2385
78.78
81.15
83.42
93.81
84.93
81.95
74.52
73.10
72.93
72.09
68.84
71.64
72.13
78.68
90.68
94.15
98.95
100.6
97.75
99.42
102.4
105.6
107.1
109.7
111.2
115.5
124.4
129.7
136.0
137.3
145.8
156.3
165.5
180.2
187.8
195.3
201.6
208.5
215.9
223.9
231.5
237.9
244.4
251.1
257.9
265.2
272.9
281.0
288.8
295.8
302.7
309.1
315.4
321.5
327.8
334.2
341.4
349.0
356.7
364.8
373.4
382.3
390.6
396.2
394.7
386.4
371.2
347.7
318.3
282.4
239.2
194.1
148.0
102.1
67.44
48.70
39.13
33.95
30.24
26.44
22.46
17.91
13.32
10.08
7.145
4.869
3.113
2.270
1.810
1.658
1.613
1.592
1.572
1.550
1.532
1.499
1.468
1.431
1.386
1.337
1.280
1.217
1.153
1.088
1.023
0.9626
0.9045
0.8527
0.8082
0.7698
0.7353
0.7064
0.6818
0.6609
0.6441
0.6285
0.6185
0.6056
0.5927
0.5829
0.5740
0.5630
0.5542
0.5472
0.5414
0.5384
0.5324
0.5275
0.5246
0.5225
0.5176
0.5135
0.4985
0.4777
0.4511
0.4325
0.4325
0.4315
0.4315
0.4345
0.4385
0.4444
0.4514
0.4662
0.4781
0.4930
0.4998
0.4998
0.4998
0.4998
0.4998
0.5007
0.4938
0.4839
0.4699
0.4541
0.4384
0.4294
0.3574
0.2918
0.2464
0.2375
0.2306
0.2296
0.2296
0.2296
0.2296
0.2296
0.2296
0.2296
0.2296
0.2336
0.2336
0.2336
0.2346
0.2395
0.2405
0.2405
0.2405
0.2405
0.2405
85.57
78.08
88.54
90.37
83.46
80.27
72.43
67.79
68.57
72.49
72.55
77.65
80.51
82.55
86.23
88.82
92.88
99.26
104.7
107.2
116.2
113.9
120.6
124.0
122.6
138.0
134.3
143.9
150.9
157.0
174.5
182.3
196.8
203.9
211.0
217.6
223.8
229.6
235.0
240.4
245.8
251.3
256.5
261.2
266.0
271.3
276.6
282.0
288.3
294.6
300.0
306.0
312.9
319.0
324.6
330.2
336.1
342.7
350.3
357.1
365.0
374.7
382.9
385.9
382.4
369.3
348.6
322.7
290.0
248.4
205.0
160.7
109.9
74.37
47.53
39.61
34.38
29.92
26.20
21.68
16.65
11.99
8.747
6.320
4.230
2.455
1.425
0.6950
0.4147
0.3325
0.3911
0.4411
0.4828
0.5326
0.5750
0.6125
0.6422
0.6659
0.6877
0.7037
0.7204
0.7324
0.7452
0.7522
0.7571
0.7561
0.7561
0.7531
0.7462
0.7343
0.7216
0.7096
0.6957
0.6830
0.6710
0.6611
0.6454
0.6364
0.6284
0.6147
0.6047
0.5957
0.5840
0.5780
0.5701
0.5662
0.5642
0.5602
0.5572
0.5562
0.5533
0.5493
0.5395
0.5315
0.4970
0.4779
0.4513
0.4493
0.4484
0.4474
0.4493
0.4524
0.4612
0.4711
0.4859
0.5018
0.5176
0.5295
0.5394
0.5424
0.5433
0.5414
0.5403
0.5335
0.5196
0.5078
0.4879
0.4712
0.4068
0.3609
0.3213
0.2603
0.2563
0.2524
0.2484
0.2454
0.2425
0.2395
0.2346
0.2336
0.2326
0.2316
0.2316
0.2316
0.2326
0.2336
0.2336
0.2336
0.2336
0.2336
0.2375
78.78
80.94
84.33
94.97
85.89
82.48
74.31
71.15
72.88
71.98
66.92
70.09
73.77
82.24
88.59
94.02
100.3
100.5
98.28
100.2
104.2
106.5
108.0
108.8
112.7
117.7
121.8
130.0
134.7
136.7
146.2
158.8
168.6
182.1
188.4
195.1
202.7
211.1
220.2
229.1
235.6
241.3
246.9
252.5
258.3
265.2
272.4
280.3
287.9
294.7
301.4
308.0
313.9
320.2
326.5
333.1
339.9
347.2
354.8
362.8
371.1
380.5
388.2
393.8
391.8
383.4
367.7
346.0
316.4
279.0
235.1
192.0
147.4
100.9
67.68
49.22
37.92
33.17
29.59
25.91
21.68
17.19
13.10
9.849
7.001
4.425
2.856
2.102
1.713
1.586
1.556
1.534
1.513
1.493
1.471
1.443
1.412
1.375
1.330
1.282
1.226
1.167
1.106
1.044
0.9809
0.9220
0.8693
0.8218
0.7794
0.7426
0.7127
0.6843
0.6633
0.6435
0.6295
0.6158
0.6038
0.5939
0.5840
0.5742
0.5681
0.5602
0.5523
0.5483
0.5454
0.5375
0.5364
0.5345
0.5345
0.5315
0.5295
0.5217
0.5157
0.4911
0.4692
0.4454
0.4425
0.4414
0.4404
0.4394
0.4394
0.4394
0.4473
0.4590
0.4739
0.4878
0.5017
0.5096
0.5205
0.5226
0.5275
0.5275
0.5295
0.5295
0.5178
0.5039
0.4881
0.4664
0.3967
0.3468
0.2883
0.2821
0.2782
0.2712
0.2673
0.2623
0.2564
0.2524
0.2495
0.2455
0.2435
0.2376
0.2366
0.2326
0.2326
0.2326
0.2326
0.2326
0.2326
0.2326
0.2356
75.67
81.60
84.34
89.28
85.94
79.44
72.06
75.03
75.70
76.37
79.41
76.72
78.75
78.93
90.50
90.98
93.53
97.75
97.68
96.21
99.82
102.5
99.87
102.4
107.9
107.7
112.5
119.1
116.1
123.5
134.8
136.2
143.9
151.7
157.0
165.5
173.1
178.0
182.5
187.3
192.1
197.0
202.0
207.2
212.4
217.3
222.4
227.9
233.8
239.9
246.0
252.5
258.9
265.3
272.2
279.4
286.9
294.1
301.5
308.9
316.3
323.6
329.8
335.2
338.1
336.1
327.0
309.5
283.0
250.0
213.3
173.7
137.2
104.0
74.30
52.34
40.30
32.96
27.30
23.11
19.59
15.29
10.97
8.259
6.449
4.495
2.991
2.065
1.629
1.494
1.456
1.429
1.400
1.372
1.343
1.313
1.277
1.238
1.194
1.147
1.098
1.049
1.001
0.9567
0.9143
0.8718
0.8363
0.8005
0.7707
0.7431
0.7183
0.6947
0.6768
0.6601
0.6481
0.6343
0.6205
0.6066
0.5986
0.5859
0.5779
0.5720
0.5660
0.5591
0.5552
0.5493
0.5463
0.5443
0.5374
0.5304
0.5146
0.4997
0.4869
0.4800
0.4800
0.4800
0.4810
0.4840
0.4840
0.4880
0.4959
0.5038
0.5048
0.5048
0.5048
0.5048
0.5048
0.5048
0.5047
0.4997
0.4897
0.4749
0.4630
0.4483
0.4402
0.4219
0.3670
0.3133
0.2791
0.2731
0.2672
0.2593
0.2553
0.2513
0.2454
0.2444
0.2425
0.2375
0.2365
0.2356
0.2375
0.2365
0.2365
0.2366
0.2405
0.2415
0.2415
0.2445
0.2455
0.2494
0.2464
73.14
82.56
85.26
87.67
82.93
77.64
71.63
65.00
65.34
66.72
72.90
82.71
90.41
91.92
92.45
86.43
90.63
94.24
93.60
92.34
94.43
96.43
100.6
103.5
112.1
117.5
116.1
114.3
116.7
120.2
124.5
136.1
146.2
154.0
158.9
163.9
168.9
174.1
179.1
184.4
190.0
196.0
201.9
207.7
213.7
219.8
225.8
231.6
237.2
243.0
248.9
254.9
260.8
266.8
272.8
278.7
285.0
291.2
297.4
302.2
305.4
306.2
304.2
298.1
286.9
270.3
250.2
228.6
207.4
184.0
154.5
120.1
87.80
63.06
44.48
31.90
26.79
24.05
21.74
19.43
16.31
12.63
9.685
6.939
4.325
2.404
1.305
0.7423
0.4722
0.4065
0.4019
0.4018
0.4018
0.4127
0.4166
0.4206
0.4216
0.4206
0.4216
0.4216
0.4236
0.4236
0.4275
0.4266
0.4285
0.4325
0.4384
0.4394
0.4414
0.4434
0.4503
0.4552
0.4592
0.4612
0.4652
0.4671
0.4691
0.4740
0.4760
0.4800
0.4839
0.4908
0.4938
0.4958
0.4959
0.4959
0.4968
0.4978
0.4978
0.4998
0.4929
0.4889
0.4870
0.4869
0.4869
0.4879
0.4919
0.4968
0.5017
0.5087
0.5155
0.5264
0.5285
0.5344
0.5374
0.5384
0.5414
0.5414
0.5364
0.5354
0.5216
0.4625
0.3704
0.3125
0.3030
0.3019
0.2999
0.2950
0.2910
0.2880
0.2831
0.2771
0.2742
0.2693
0.2643
0.2603
0.2554
0.2514
0.2524
0.2494
0.2455
0.2425
0.2415
0.2385
0.2385
0.2385
0.2385
0.2385
0.2385
0.2385
0.2425
73.76
76.68
82.31
84.85
83.12
69.53
64.46
72.15
72.47
64.74
69.56
73.38
72.82
78.99
89.76
93.23
90.47
87.89
88.58
97.95
103.5
105.7
108.4
107.4
109.1
112.0
112.9
118.4
124.6
126.4
135.3
139.5
149.8
159.3
166.3
175.7
182.4
186.9
192.4
197.9
203.5
209.3
215.1
221.0
226.6
232.2
238.3
244.2
250.1
256.0
261.9
267.7
273.6
279.5
285.5
291.9
298.0
303.0
304.9
303.6
298.5
289.2
275.7
259.1
242.2
226.1
209.3
187.2
155.5
118.7
85.69
59.87
44.66
37.86
33.29
29.26
26.00
23.21
20.43
17.43
13.37
10.06
8.008
6.108
4.553
3.324
2.307
1.788
1.502
1.389
1.364
1.340
1.315
1.288
1.263
1.236
1.202
1.164
1.121
1.079
1.032
0.9856
0.9411
0.8995
0.8600
0.8211
0.7846
0.7568
0.7293
0.7035
0.6818
0.6640
0.6482
0.6373
0.6264
0.6125
0.5977
0.5878
0.5769
0.5661
0.5591
0.5522
0.5473
0.5423
0.5363
0.5314
0.5285
0.5275
0.5235
0.5106
0.5017
0.4780
0.4691
0.4642
0.4632
0.4632
0.4632
0.4652
0.4682
0.4751
0.4820
0.4879
0.4909
0.4968
0.4968
0.4968
0.4968
0.4968
0.4968
0.4909
0.4839
0.4711
0.4571
0.4483
0.4453
0.4382
0.3843
0.3006
0.2771
0.2721
0.2692
0.2652
0.2583
0.2553
0.2484
0.2464
0.2415
0.2385
0.2385
0.2385
0.2385
0.2385
0.2395
0.2405
0.2455
0.2464
0.2464
0.2474
0.2504
0.2514
0.2514
80.65
71.78
79.77
89.58
94.30
75.23
72.97
71.62
74.54
74.39
67.26
71.78
84.83
94.42
89.99
87.98
92.39
98.18
111.2
114.2
111.3
100.0
99.59
107.0
115.5
127.2
127.6
132.2
131.1
136.3
144.5
149.7
171.9
179.9
188.0
195.6
203.3
211.6
219.3
226.0
232.4
239.7
246.7
253.6
260.5
267.5
274.1
280.2
285.7
291.3
296.4
302.5
309.5
317.5
325.3
331.8
335.3
335.2
330.5
320.3
305.3
287.5
269.4
252.8
237.3
217.6
185.9
142.1
102.0
72.21
59.42
46.75
43.09
39.15
33.95
29.51
26.73
24.46
21.36
18.24
15.29
11.83
9.274
7.243
5.102
3.448
2.330
1.783
1.519
1.448
1.432
1.412
1.393
1.372
1.352
1.325
1.297
1.264
1.223
1.177
1.128
1.075
1.019
0.9635
0.9097
0.8614
0.8119
0.7694
0.7339
0.6998
0.6741
0.6505
0.6297
0.6108
0.5960
0.5851
0.5731
0.5652
0.5563
0.5484
0.5414
0.5335
0.5295
0.5246
0.5246
0.5226
0.5167
0.5166
0.5147
0.5147
0.5107
0.5087
0.4911
0.4811
0.4284
0.4197
0.4206
0.4177
0.4137
0.4137
0.4137
0.4137
0.4216
0.4363
0.4563
0.4720
0.4937
0.5008
0.5086
0.5156
0.5264
0.5285
0.5295
0.5295
0.5256
0.5078
0.5019
0.4910
0.4292
0.3115
0.2910
0.2870
0.2821
0.2752
0.2712
0.2663
0.2593
0.2583
0.2544
0.2504
0.2465
0.2425
0.2405
0.2376
0.2375
0.2375
0.2375
0.2375
0.2375
0.2385
0.2455
84.30
68.95
77.20
86.18
93.52
77.87
84.47
69.41
67.92
67.75
73.52
78.43
100.7
84.52
67.94
78.79
81.09
99.26
121.5
131.8
111.6
113.2
116.0
115.8
142.0
133.3
137.2
141.6
141.3
158.2
163.5
184.9
193.2
199.6
205.6
211.6
218.0
225.2
231.8
236.9
241.7
247.1
252.5
257.9
262.7
267.8
272.2
276.4
280.7
284.8
288.9
294.5
301.4
309.8
316.8
321.0
322.0
320.2
313.0
300.4
283.4
264.1
246.2
231.6
216.9
193.8
156.3
118.7
81.29
58.25
48.10
44.44
40.14
36.40
32.27
28.72
25.92
23.00
18.67
15.69
13.08
9.726
6.650
5.228
3.736
2.371
1.079
0.5465
0.3048
0.2963
0.3667
0.4003
0.4378
0.4714
0.5190
0.5504
0.5743
0.5998
0.6199
0.6418
0.6671
0.6908
0.6908
0.6908
0.6888
0.6888
0.6888
0.6849
0.6729
0.6611
0.6532
0.6413
0.6273
0.6136
0.6017
0.5978
0.5798
0.5681
0.5621
0.5542
0.5463
0.5364
0.5324
0.5304
0.5265
0.5245
0.5186
0.5166
0.5127
0.5127
0.5087
0.5087
0.5086
0.4887
0.4748
0.4255
0.4216
0.4216
0.4216
0.4217
0.4276
0.4356
0.4454
0.4613
0.4813
0.5009
0.5210
0.5406
0.5543
0.5602
0.5602
0.5602
0.5601
0.5482
0.5384
0.5186
0.5026
0.4906
0.4766
0.3929
0.2790
0.2711
0.2652
0.2573
0.2553
0.2494
0.2454
0.2415
0.2395
0.2395
0.2395
0.2395
0.2395
0.2396
0.2435
0.2455
0.2455
0.2474
0.2494
0.2494
0.2494
80.65
71.78
79.77
89.58
94.30
75.23
72.97
71.62
74.54
74.39
67.26
71.78
84.83
94.42
89.99
87.98
92.39
98.18
111.2
114.2
111.3
100.0
99.59
107.0
115.5
127.2
127.6
132.2
131.1
136.3
144.5
149.7
171.9
179.9
188.0
195.6
203.3
211.6
219.3
226.0
232.4
239.7
246.7
253.6
260.5
267.5
274.1
280.2
285.7
291.3
296.4
302.5
309.5
317.5
325.3
331.8
335.3
335.2
330.5
320.3
305.3
287.5
269.4
252.8
237.3
217.6
185.9
142.1
102.0
72.21
59.42
46.75
43.09
39.15
33.95
29.51
26.73
24.46
21.36
18.24
15.29
11.83
9.274
7.243
5.102
3.448
2.330
1.783
1.519
1.448
1.432
1.412
1.393
1.372
1.352
1.325
1.297
1.264
1.223
1.177
1.128
1.075
1.019
0.9635
0.9097
0.8614
0.8119
0.7694
0.7339
0.6998
0.6741
0.6505
0.6297
0.6108
0.5960
0.5851
0.5731
0.5652
0.5563
0.5484
0.5414
0.5335
0.5295
0.5246
0.5246
0.5226
0.5167
0.5166
0.5147
0.5147
0.5107
0.5087
0.4911
0.4811
0.4284
0.4197
0.4206
0.4177
0.4137
0.4137
0.4137
0.4137
0.4216
0.4363
0.4563
0.4720
0.4937
0.5008
0.5086
0.5156
0.5264
0.5285
0.5295
0.5295
0.5256
0.5078
0.5019
0.4910
0.4292
0.3115
0.2910
0.2870
0.2821
0.2752
0.2712
0.2663
0.2593
0.2583
0.2544
0.2504
0.2465
0.2425
0.2405
0.2376
0.2375
0.2375
0.2375
0.2375
0.2375
0.2385
0.2455
73.76
76.68
82.31
84.85
83.12
69.53
64.46
72.15
72.47
64.74
69.56
73.38
72.82
78.99
89.76
93.23
90.47
87.89
88.58
97.95
103.5
105.7
108.4
107.4
109.1
112.0
112.9
118.4
124.6
126.4
135.3
139.5
149.8
159.3
166.3
175.7
182.4
186.9
192.4
197.9
203.5
209.3
215.1
221.0
226.6
232.2
238.3
244.2
250.1
256.0
261.9
267.7
273.6
279.5
285.5
291.9
298.0
303.0
304.9
303.6
298.5
289.2
275.7
259.1
242.2
226.1
209.3
187.2
155.5
118.7
85.69
59.87
44.66
37.86
33.29
29.26
26.00
23.21
20.43
17.43
13.37
10.06
8.008
6.108
4.553
3.324
2.307
1.788
1.502
1.389
1.364
1.340
1.315
1.288
1.263
1.236
1.202
1.164
1.121
1.079
1.032
0.9856
0.9411
0.8995
0.8600
0.8211
0.7846
0.7568
0.7293
0.7035
0.6818
0.6640
0.6482
0.6373
0.6264
0.6125
0.5977
0.5878
0.5769
0.5661
0.5591
0.5522
0.5473
0.5423
0.5363
0.5314
0.5285
0.5275
0.5235
0.5106
0.5017
0.4780
0.4691
0.4642
0.4632
0.4632
0.4632
0.4652
0.4682
0.4751
0.4820
0.4879
0.4909
0.4968
0.4968
0.4968
0.4968
0.4968
0.4968
0.4909
0.4839
0.4711
0.4571
0.4483
0.4453
0.4382
0.3843
0.3006
0.2771
0.2721
0.2692
0.2652
0.2583
0.2553
0.2484
0.2464
0.2415
0.2385
0.2385
0.2385
0.2385
0.2385
0.2395
0.2405
0.2455
0.2464
0.2464
0.2474
0.2504
0.2514
0.2514
73.14
82.56
85.26
87.67
82.93
77.64
71.63
65.00
65.34
66.72
72.90
82.71
90.41
91.92
92.45
86.43
90.63
94.24
93.60
92.34
94.43
96.43
100.6
103.5
112.1
117.5
116.1
114.3
116.7
120.2
124.5
136.1
146.2
154.0
158.9
163.9
168.9
174.1
179.1
184.4
190.0
196.0
201.9
207.7
213.7
219.8
225.8
231.6
237.2
243.0
248.9
254.9
260.8
266.8
272.8
278.7
285.0
291.2
297.4
302.2
305.4
306.2
304.2
298.1
286.9
270.3
250.2
228.6
207.4
184.0
154.5
120.1
87.80
63.06
44.48
31.90
26.79
24.05
21.74
19.43
16.31
12.63
9.685
6.939
4.325
2.404
1.305
0.7423
0.4722
0.4065
0.4019
0.4018
0.4018
0.4127
0.4166
0.4206
0.4216
0.4206
0.4216
0.4216
0.4236
0.4236
0.4275
0.4266
0.4285
0.4325
0.4384
0.4394
0.4414
0.4434
0.4503
0.4552
0.4592
0.4612
0.4652
0.4671
0.4691
0.4740
0.4760
0.4800
0.4839
0.4908
0.4938
0.4958
0.4959
0.4959
0.4968
0.4978
0.4978
0.4998
0.4929
0.4889
0.4870
0.4869
0.4869
0.4879
0.4919
0.4968
0.5017
0.5087
0.5155
0.5264
0.5285
0.5344
0.5374
0.5384
0.5414
0.5414
0.5364
0.5354
0.5216
0.4625
0.3704
0.3125
0.3030
0.3019
0.2999
0.2950
0.2910
0.2880
0.2831
0.2771
0.2742
0.2693
0.2643
0.2603
0.2554
0.2514
0.2524
0.2494
0.2455
0.2425
0.2415
0.2385
0.2385
0.2385
0.2385
0.2385
0.2385
0.2385
0.2425
75.67
81.60
84.34
89.28
85.94
79.44
72.06
75.03
75.70
76.37
79.41
76.72
78.75
78.93
90.50
90.98
93.53
97.75
97.68
96.21
99.82
102.5
99.87
102.4
107.9
107.7
112.5
119.1
116.1
123.5
134.8
136.2
143.9
151.7
157.0
165.5
173.1
178.0
182.5
187.3
192.1
197.0
202.0
207.2
212.4
217.3
222.4
227.9
233.8
239.9
246.0
252.5
258.9
265.3
272.2
279.4
286.9
294.1
301.5
308.9
316.3
323.6
329.8
335.2
338.1
336.1
327.0
309.5
283.0
250.0
213.3
173.7
137.2
104.0
74.30
52.34
40.30
32.96
27.30
23.11
19.59
15.29
10.97
8.259
6.449
4.495
2.991
2.065
1.629
1.494
1.456
1.429
1.400
1.372
1.343
1.313
1.277
1.238
1.194
1.147
1.098
1.049
1.001
0.9567
0.9143
0.8718
0.8363
0.8005
0.7707
0.7431
0.7183
0.6947
0.6768
0.6601
0.6481
0.6343
0.6205
0.6066
0.5986
0.5859
0.5779
0.5720
0.5660
0.5591
0.5552
0.5493
0.5463
0.5443
0.5374
0.5304
0.5146
0.4997
0.4869
0.4800
0.4800
0.4800
0.4810
0.4840
0.4840
0.4880
0.4959
0.5038
0.5048
0.5048
0.5048
0.5048
0.5048
0.5048
0.5047
0.4997
0.4897
0.4749
0.4630
0.4483
0.4402
0.4219
0.3670
0.3133
0.2791
0.2731
0.2672
0.2593
0.2553
0.2513
0.2454
0.2444
0.2425
0.2375
0.2365
0.2356
0.2375
0.2365
0.2365
0.2366
0.2405
0.2415
0.2415
0.2445
0.2455
0.2494
0.2464
78.78
80.94
84.33
94.97
85.89
82.48
74.31
71.15
72.88
71.98
66.92
70.09
73.77
82.24
88.59
94.02
100.3
100.5
98.28
100.2
104.2
106.5
108.0
108.8
112.7
117.7
121.8
130.0
134.7
136.7
146.2
158.8
168.6
182.1
188.4
195.1
202.7
211.1
220.2
229.1
235.6
241.3
246.9
252.5
258.3
265.2
272.4
280.3
287.9
294.7
301.4
308.0
313.9
320.2
326.5
333.1
339.9
347.2
354.8
362.8
371.1
380.5
388.2
393.8
391.8
383.4
367.7
346.0
316.4
279.0
235.1
192.0
147.4
100.9
67.68
49.22
37.92
33.17
29.59
25.91
21.68
17.19
13.10
9.849
7.001
4.425
2.856
2.102
1.713
1.586
1.556
1.534
1.513
1.493
1.471
1.443
1.412
1.375
1.330
1.282
1.226
1.167
1.106
1.044
0.9809
0.9220
0.8693
0.8218
0.7794
0.7426
0.7127
0.6843
0.6633
0.6435
0.6295
0.6158
0.6038
0.5939
0.5840
0.5742
0.5681
0.5602
0.5523
0.5483
0.5454
0.5375
0.5364
0.5345
0.5345
0.5315
0.5295
0.5217
0.5157
0.4911
0.4692
0.4454
0.4425
0.4414
0.4404
0.4394
0.4394
0.4394
0.4473
0.4590
0.4739
0.4878
0.5017
0.5096
0.5205
0.5226
0.5275
0.5275
0.5295
0.5295
0.5178
0.5039
0.4881
0.4664
0.3967
0.3468
0.2883
0.2821
0.2782
0.2712
0.2673
0.2623
0.2564
0.2524
0.2495
0.2455
0.2435
0.2376
0.2366
0.2326
0.2326
0.2326
0.2326
0.2326
0.2326
0.2326
0.2356
