SALVI
1
0
24
15.00
181
1.00

231103 OCH Y50 350 F4M2 VDR

231102 OCH Y50 350 F4M2 VDR.ldt
20 November 2023/TB
760
0
225
320
60
0
0
0
0
99.6
100.0
1.000
0.0
1
1
16 LED
7625.9


68.7
0.166
0.253
0.348
0.433
0.496
0.599
0.658
0.714
0.781
0.822
0.0
15.0
30.0
45.0
60.0
75.0
90.0
105.0
120.0
135.0
150.0
165.0
180.0
195.0
210.0
225.0
240.0
255.0
270.0
285.0
300.0
315.0
330.0
345.0
0.0
1.0
2.0
3.0
4.0
5.0
6.0
7.0
8.0
9.0
10.0
11.0
12.0
13.0
14.0
15.0
16.0
17.0
18.0
19.0
20.0
21.0
22.0
23.0
24.0
25.0
26.0
27.0
28.0
29.0
30.0
31.0
32.0
33.0
34.0
35.0
36.0
37.0
38.0
39.0
40.0
41.0
42.0
43.0
44.0
45.0
46.0
47.0
48.0
49.0
50.0
51.0
52.0
53.0
54.0
55.0
56.0
57.0
58.0
59.0
60.0
61.0
62.0
63.0
64.0
65.0
66.0
67.0
68.0
69.0
70.0
71.0
72.0
73.0
74.0
75.0
76.0
77.0
78.0
79.0
80.0
81.0
82.0
83.0
84.0
85.0
86.0
87.0
88.0
89.0
90.0
91.0
92.0
93.0
94.0
95.0
96.0
97.0
98.0
99.0
100.0
101.0
102.0
103.0
104.0
105.0
106.0
107.0
108.0
109.0
110.0
111.0
112.0
113.0
114.0
115.0
116.0
117.0
118.0
119.0
120.0
121.0
122.0
123.0
124.0
125.0
126.0
127.0
128.0
129.0
130.0
131.0
132.0
133.0
134.0
135.0
136.0
137.0
138.0
139.0
140.0
141.0
142.0
143.0
144.0
145.0
146.0
147.0
148.0
149.0
150.0
151.0
152.0
153.0
154.0
155.0
156.0
157.0
158.0
159.0
160.0
161.0
162.0
163.0
164.0
165.0
166.0
167.0
168.0
169.0
170.0
171.0
172.0
173.0
174.0
175.0
176.0
177.0
178.0
179.0
180.0
113.3
120.6
115.0
109.6
108.4
98.40
100.7
95.19
95.50
93.29
101.6
102.7
114.6
126.8
140.6
141.9
140.4
149.9
141.6
163.3
182.9
195.8
204.9
199.7
193.6
190.5
202.7
207.6
222.5
227.5
237.1
251.3
257.2
272.5
277.3
281.0
284.6
287.9
290.1
292.7
295.1
297.4
299.1
301.0
302.4
303.7
304.7
305.5
306.4
306.1
306.7
306.4
306.3
305.3
304.2
302.6
300.4
297.4
294.1
290.3
285.7
279.4
271.4
261.7
251.6
240.5
228.2
215.0
199.6
182.7
165.4
147.6
129.9
112.8
97.27
84.11
71.27
58.50
47.19
35.33
25.86
18.89
13.73
9.736
6.538
3.912
2.069
1.017
0.5309
0.3499
0.3605
0.4042
0.4468
0.4958
0.5393
0.5776
0.6056
0.6299
0.6480
0.6661
0.6828
0.7021
0.7176
0.7286
0.7390
0.7512
0.7525
0.7524
0.7505
0.7505
0.7486
0.7395
0.7325
0.7235
0.7124
0.7041
0.6970
0.6905
0.6809
0.6751
0.6680
0.6628
0.6583
0.6551
0.6538
0.6519
0.6519
0.6519
0.6512
0.6499
0.6480
0.6454
0.6332
0.6241
0.5761
0.5513
0.5088
0.4978
0.4946
0.4939
0.4945
0.4997
0.5125
0.5280
0.5480
0.5693
0.5900
0.6080
0.6242
0.6331
0.6376
0.6422
0.6435
0.6390
0.6261
0.6080
0.5885
0.5687
0.4836
0.4195
0.3765
0.3024
0.3004
0.2992
0.2992
0.2979
0.2966
0.2953
0.2953
0.2947
0.2934
0.2927
0.2927
0.2934
0.2940
0.2966
0.2992
0.2998
0.3056
0.3076
0.3088
107.8
118.0
119.1
111.6
103.3
102.0
100.9
105.9
104.1
99.55
85.16
89.30
97.91
123.0
142.3
163.2
153.7
156.4
147.3
150.8
169.5
173.9
188.8
178.6
180.6
177.5
176.3
193.6
193.5
201.4
204.5
209.9
227.5
240.8
248.7
253.3
258.1
263.4
268.7
274.6
280.9
287.9
294.2
300.5
305.8
311.3
314.7
316.7
318.4
319.9
321.2
322.3
323.1
324.0
324.2
323.5
322.8
321.4
318.9
316.3
312.4
307.1
300.4
292.0
282.3
271.1
257.7
243.7
228.3
212.3
196.3
180.2
163.3
145.3
126.5
106.5
88.07
70.06
52.16
37.98
28.08
20.59
14.62
10.18
7.087
4.807
3.289
2.327
1.776
1.527
1.459
1.441
1.422
1.405
1.383
1.356
1.326
1.292
1.254
1.210
1.159
1.107
1.050
0.9927
0.9383
0.8895
0.8451
0.8067
0.7716
0.7445
0.7227
0.7008
0.6853
0.6744
0.6576
0.6499
0.6396
0.6343
0.6247
0.6170
0.6105
0.6035
0.5990
0.5971
0.5951
0.5951
0.5951
0.5951
0.5951
0.5945
0.5912
0.5854
0.5697
0.5393
0.5034
0.4648
0.4604
0.4578
0.4578
0.4597
0.4630
0.4707
0.4824
0.4973
0.5159
0.5341
0.5520
0.5636
0.5707
0.5777
0.5803
0.5796
0.5783
0.5725
0.5602
0.5467
0.5331
0.5167
0.4228
0.3473
0.2869
0.2882
0.2876
0.2876
0.2876
0.2876
0.2882
0.2889
0.2895
0.2902
0.2927
0.2966
0.2992
0.3044
0.3102
0.3134
0.3192
0.3211
0.3263
0.3275
0.3275
113.4
116.8
116.5
118.1
111.9
97.84
89.69
93.82
105.8
113.6
105.7
104.1
102.8
118.1
139.5
150.7
155.9
160.0
157.4
161.3
155.0
161.6
171.7
173.3
183.3
183.6
181.0
170.6
171.8
182.7
197.9
212.5
217.3
224.6
228.1
235.8
244.5
246.5
248.4
250.2
251.9
253.9
256.6
259.1
262.4
265.2
268.1
271.0
274.1
276.7
279.3
281.9
284.5
286.4
288.3
290.4
292.3
293.1
294.3
293.8
292.6
291.2
288.0
283.2
277.2
269.7
260.1
248.4
234.5
219.3
203.7
186.7
170.5
154.0
138.8
123.0
105.3
85.85
64.77
47.34
31.82
21.60
14.75
10.13
7.051
4.783
3.170
2.143
1.598
1.393
1.336
1.309
1.284
1.255
1.225
1.191
1.159
1.124
1.089
1.055
1.023
0.9873
0.9553
0.9236
0.8947
0.8667
0.8390
0.8171
0.7958
0.7745
0.7558
0.7391
0.7254
0.7120
0.7003
0.6869
0.6720
0.6597
0.6474
0.6365
0.6281
0.6216
0.6151
0.6106
0.6081
0.6042
0.6022
0.5997
0.5964
0.5868
0.5726
0.5476
0.5352
0.5281
0.5178
0.5101
0.5062
0.5055
0.5036
0.5049
0.5042
0.5061
0.5158
0.5221
0.5255
0.5204
0.5210
0.5203
0.5203
0.5203
0.5126
0.5004
0.4851
0.4772
0.4746
0.4542
0.3753
0.2926
0.2717
0.2695
0.2689
0.2689
0.2689
0.2689
0.2689
0.2689
0.2689
0.2689
0.2695
0.2721
0.2753
0.2798
0.2830
0.2888
0.2965
0.2992
0.3076
0.3114
0.3179
0.3205
0.3263
120.2
114.9
113.6
115.3
114.1
105.1
89.91
90.39
94.96
102.6
117.9
131.2
134.2
129.5
123.8
131.2
140.8
154.2
155.4
164.5
163.3
166.4
160.6
170.5
171.6
177.5
174.1
183.7
184.7
194.3
200.2
213.1
221.5
229.0
233.6
238.0
241.4
245.8
251.1
255.6
260.3
265.4
270.2
275.3
280.7
286.4
291.9
297.7
304.3
311.0
317.3
324.6
331.0
338.1
344.7
350.9
356.3
361.1
365.4
368.6
371.0
371.5
370.4
367.7
361.7
353.7
343.4
330.3
315.0
298.9
283.4
264.4
241.0
215.1
186.5
151.7
114.5
80.99
59.49
41.06
29.33
20.70
14.25
9.758
6.295
3.689
1.963
1.024
0.5468
0.3678
0.3476
0.3540
0.3624
0.3708
0.3766
0.3817
0.3837
0.3856
0.3875
0.3888
0.3888
0.3907
0.3914
0.3933
0.3953
0.3972
0.4004
0.4024
0.4075
0.4107
0.4153
0.4211
0.4236
0.4288
0.4320
0.4372
0.4436
0.4476
0.4520
0.4566
0.4643
0.4714
0.4797
0.4842
0.4849
0.4849
0.4849
0.4855
0.4842
0.4842
0.4842
0.4849
0.4888
0.4933
0.4992
0.5095
0.5172
0.5282
0.5365
0.5469
0.5552
0.5649
0.5726
0.5751
0.5745
0.5745
0.5712
0.5641
0.5558
0.5555
0.5324
0.4716
0.3618
0.2811
0.2547
0.2553
0.2566
0.2560
0.2573
0.2566
0.2592
0.2599
0.2618
0.2631
0.2644
0.2650
0.2676
0.2708
0.2740
0.2766
0.2799
0.2870
0.2928
0.2979
0.3063
0.3108
0.3173
0.3211
0.3250
0.3282
0.3275
122.3
115.7
110.6
114.0
118.9
110.5
103.9
92.66
81.66
82.12
92.11
112.8
129.1
136.1
149.4
151.8
148.5
146.6
144.3
150.8
162.5
164.3
160.8
153.6
157.1
161.8
174.6
194.6
195.2
183.7
184.3
191.0
199.4
214.4
225.7
232.0
239.6
246.2
253.2
259.9
265.9
272.3
278.4
284.9
291.7
298.7
306.0
313.2
320.8
328.2
335.7
343.0
349.7
356.3
362.0
366.7
370.9
373.5
374.3
374.8
373.5
370.4
365.4
358.5
350.8
344.7
337.6
328.2
315.8
300.0
276.0
235.9
179.5
139.9
109.4
85.12
65.84
52.31
41.76
32.13
24.85
20.07
15.33
10.96
8.275
5.358
2.769
1.543
1.078
0.9254
0.9053
0.8944
0.8827
0.8706
0.8569
0.8409
0.8254
0.8080
0.7900
0.7696
0.7507
0.7301
0.7095
0.6888
0.6695
0.6515
0.6334
0.6197
0.6075
0.5971
0.5868
0.5784
0.5713
0.5655
0.5591
0.5533
0.5462
0.5410
0.5365
0.5333
0.5300
0.5287
0.5268
0.5268
0.5255
0.5249
0.5248
0.5248
0.5268
0.5274
0.5249
0.5049
0.4927
0.4862
0.4785
0.4752
0.4707
0.4707
0.4701
0.4745
0.4835
0.4887
0.4913
0.4964
0.5022
0.5068
0.5094
0.5189
0.5184
0.5190
0.5159
0.5094
0.4960
0.4876
0.4862
0.4626
0.3879
0.2922
0.2468
0.2463
0.2469
0.2457
0.2457
0.2457
0.2476
0.2489
0.2495
0.2527
0.2566
0.2579
0.2624
0.2682
0.2740
0.2824
0.2869
0.2946
0.3049
0.3088
0.3178
0.3237
0.3282
120.2
120.8
107.9
109.7
112.6
120.8
105.7
95.96
101.5
111.2
113.7
118.1
122.9
132.8
122.4
124.8
129.7
143.7
185.5
189.7
183.3
163.1
165.9
162.7
176.0
192.5
195.4
195.5
206.0
213.1
221.8
237.4
243.9
259.5
266.9
274.4
283.4
292.9
301.5
310.1
318.7
325.1
332.0
339.1
345.8
353.3
360.8
368.2
376.2
383.7
391.8
399.7
406.6
411.6
416.1
419.4
421.0
422.9
423.0
421.9
419.3
414.9
409.4
403.3
396.3
386.3
373.6
352.9
321.2
270.8
203.7
158.2
128.4
106.9
90.76
78.60
66.47
56.52
45.40
36.58
27.52
21.60
16.71
13.01
8.945
4.730
2.470
1.532
1.087
0.9225
0.9116
0.9045
0.8987
0.8910
0.8865
0.8749
0.8626
0.8432
0.8224
0.8007
0.7761
0.7489
0.7221
0.6982
0.6736
0.6504
0.6285
0.6098
0.5930
0.5763
0.5647
0.5538
0.5447
0.5345
0.5274
0.5235
0.5177
0.5139
0.5087
0.5029
0.5003
0.4997
0.4997
0.4997
0.5010
0.5036
0.5042
0.5049
0.5055
0.5042
0.5042
0.5035
0.4924
0.4789
0.4497
0.4133
0.4133
0.4133
0.4133
0.4146
0.4160
0.4243
0.4373
0.4522
0.4702
0.4914
0.5128
0.5288
0.5359
0.5463
0.5590
0.5610
0.5610
0.5602
0.5532
0.5364
0.5267
0.5174
0.4637
0.2980
0.2476
0.2489
0.2489
0.2521
0.2541
0.2554
0.2592
0.2612
0.2637
0.2663
0.2702
0.2780
0.2844
0.2908
0.2979
0.3038
0.3134
0.3179
0.3263
0.3295
0.3301
119.6
122.0
110.5
117.4
122.4
127.4
131.4
111.2
96.33
91.63
108.6
133.0
161.7
151.9
103.9
105.3
121.9
161.4
183.3
206.6
175.4
178.2
186.5
197.0
229.0
231.7
216.0
220.6
231.1
243.6
272.3
282.3
299.1
304.4
310.1
316.2
323.4
330.3
336.5
343.9
351.2
358.5
366.0
372.7
380.4
387.2
393.8
400.1
405.7
410.8
415.1
419.2
422.1
424.1
425.0
424.9
424.1
422.8
420.2
417.6
413.0
408.5
404.5
398.1
390.6
379.4
363.8
339.4
301.7
235.0
174.5
139.8
118.5
100.3
85.82
73.20
60.21
49.61
40.14
32.45
25.79
17.46
11.44
8.646
6.298
3.449
1.373
0.6820
0.3107
0.1835
0.1997
0.2303
0.2666
0.2927
0.3320
0.3544
0.3738
0.3918
0.4061
0.4189
0.4306
0.4449
0.4614
0.4757
0.4885
0.4952
0.5079
0.5107
0.5209
0.5286
0.5339
0.5377
0.5416
0.5429
0.5429
0.5429
0.5429
0.5391
0.5377
0.5326
0.5275
0.5261
0.5210
0.5158
0.5158
0.5158
0.5158
0.5158
0.5158
0.5158
0.5184
0.5210
0.5235
0.5185
0.5081
0.4542
0.4297
0.4269
0.4243
0.4217
0.4217
0.4217
0.4332
0.4512
0.4733
0.4951
0.5206
0.5440
0.5596
0.5698
0.5789
0.5892
0.5983
0.5996
0.6009
0.5869
0.5650
0.5521
0.5405
0.4056
0.2518
0.2502
0.2502
0.2502
0.2502
0.2502
0.2502
0.2502
0.2515
0.2515
0.2591
0.2630
0.2708
0.2785
0.2862
0.2940
0.3030
0.3082
0.3172
0.3250
0.3263
120.2
120.8
107.9
109.7
112.6
120.8
105.7
95.96
101.5
111.2
113.7
118.1
122.9
132.8
122.4
124.8
129.7
143.7
185.5
189.7
183.3
163.1
165.9
162.7
176.0
192.5
195.4
195.5
206.0
213.1
221.8
237.4
243.9
259.5
266.9
274.4
283.4
292.9
301.5
310.1
318.7
325.1
332.0
339.1
345.8
353.3
360.8
368.2
376.2
383.7
391.8
399.7
406.6
411.6
416.1
419.4
421.0
422.9
423.0
421.9
419.3
414.9
409.4
403.3
396.3
386.3
373.6
352.9
321.2
270.8
203.7
158.2
128.4
106.9
90.76
78.60
66.47
56.52
45.40
36.58
27.52
21.60
16.71
13.01
8.945
4.730
2.470
1.532
1.087
0.9225
0.9116
0.9045
0.8987
0.8910
0.8865
0.8749
0.8626
0.8432
0.8224
0.8007
0.7761
0.7489
0.7221
0.6982
0.6736
0.6504
0.6285
0.6098
0.5930
0.5763
0.5647
0.5538
0.5447
0.5345
0.5274
0.5235
0.5177
0.5139
0.5087
0.5029
0.5003
0.4997
0.4997
0.4997
0.5010
0.5036
0.5042
0.5049
0.5055
0.5042
0.5042
0.5035
0.4924
0.4789
0.4497
0.4133
0.4133
0.4133
0.4133
0.4146
0.4160
0.4243
0.4373
0.4522
0.4702
0.4914
0.5128
0.5288
0.5359
0.5463
0.5590
0.5610
0.5610
0.5602
0.5532
0.5364
0.5267
0.5174
0.4637
0.2980
0.2476
0.2489
0.2489
0.2521
0.2541
0.2554
0.2592
0.2612
0.2637
0.2663
0.2702
0.2780
0.2844
0.2908
0.2979
0.3038
0.3134
0.3179
0.3263
0.3295
0.3301
122.3
115.7
110.6
114.0
118.9
110.5
103.9
92.66
81.66
82.12
92.11
112.8
129.1
136.1
149.4
151.8
148.5
146.6
144.3
150.8
162.5
164.3
160.8
153.6
157.1
161.8
174.6
194.6
195.2
183.7
184.3
191.0
199.4
214.4
225.7
232.0
239.6
246.2
253.2
259.9
265.9
272.3
278.4
284.9
291.7
298.7
306.0
313.2
320.8
328.2
335.7
343.0
349.7
356.3
362.0
366.7
370.9
373.5
374.3
374.8
373.5
370.4
365.4
358.5
350.8
344.7
337.6
328.2
315.8
300.0
276.0
235.9
179.5
139.9
109.4
85.12
65.84
52.31
41.76
32.13
24.85
20.07
15.33
10.96
8.275
5.358
2.769
1.543
1.078
0.9254
0.9053
0.8944
0.8827
0.8706
0.8569
0.8409
0.8254
0.8080
0.7900
0.7696
0.7507
0.7301
0.7095
0.6888
0.6695
0.6515
0.6334
0.6197
0.6075
0.5971
0.5868
0.5784
0.5713
0.5655
0.5591
0.5533
0.5462
0.5410
0.5365
0.5333
0.5300
0.5287
0.5268
0.5268
0.5255
0.5249
0.5248
0.5248
0.5268
0.5274
0.5249
0.5049
0.4927
0.4862
0.4785
0.4752
0.4707
0.4707
0.4701
0.4745
0.4835
0.4887
0.4913
0.4964
0.5022
0.5068
0.5094
0.5189
0.5184
0.5190
0.5159
0.5094
0.4960
0.4876
0.4862
0.4626
0.3879
0.2922
0.2468
0.2463
0.2469
0.2457
0.2457
0.2457
0.2476
0.2489
0.2495
0.2527
0.2566
0.2579
0.2624
0.2682
0.2740
0.2824
0.2869
0.2946
0.3049
0.3088
0.3178
0.3237
0.3282
120.2
114.9
113.6
115.3
114.1
105.1
89.91
90.39
94.96
102.6
117.9
131.2
134.2
129.5
123.8
131.2
140.8
154.2
155.4
164.5
163.3
166.4
160.6
170.5
171.6
177.5
174.1
183.7
184.7
194.3
200.2
213.1
221.5
229.0
233.6
238.0
241.4
245.8
251.1
255.6
260.3
265.4
270.2
275.3
280.7
286.4
291.9
297.7
304.3
311.0
317.3
324.6
331.0
338.1
344.7
350.9
356.3
361.1
365.4
368.6
371.0
371.5
370.4
367.7
361.7
353.7
343.4
330.3
315.0
298.9
283.4
264.4
241.0
215.1
186.5
151.7
114.5
80.99
59.49
41.06
29.33
20.70
14.25
9.758
6.295
3.689
1.963
1.024
0.5468
0.3678
0.3476
0.3540
0.3624
0.3708
0.3766
0.3817
0.3837
0.3856
0.3875
0.3888
0.3888
0.3907
0.3914
0.3933
0.3953
0.3972
0.4004
0.4024
0.4075
0.4107
0.4153
0.4211
0.4236
0.4288
0.4320
0.4372
0.4436
0.4476
0.4520
0.4566
0.4643
0.4714
0.4797
0.4842
0.4849
0.4849
0.4849
0.4855
0.4842
0.4842
0.4842
0.4849
0.4888
0.4933
0.4992
0.5095
0.5172
0.5282
0.5365
0.5469
0.5552
0.5649
0.5726
0.5751
0.5745
0.5745
0.5712
0.5641
0.5558
0.5555
0.5324
0.4716
0.3618
0.2811
0.2547
0.2553
0.2566
0.2560
0.2573
0.2566
0.2592
0.2599
0.2618
0.2631
0.2644
0.2650
0.2676
0.2708
0.2740
0.2766
0.2799
0.2870
0.2928
0.2979
0.3063
0.3108
0.3173
0.3211
0.3250
0.3282
0.3275
113.4
116.8
116.5
118.1
111.9
97.84
89.69
93.82
105.8
113.6
105.7
104.1
102.8
118.1
139.5
150.7
155.9
160.0
157.4
161.3
155.0
161.6
171.7
173.3
183.3
183.6
181.0
170.6
171.8
182.7
197.9
212.5
217.3
224.6
228.1
235.8
244.5
246.5
248.4
250.2
251.9
253.9
256.6
259.1
262.4
265.2
268.1
271.0
274.1
276.7
279.3
281.9
284.5
286.4
288.3
290.4
292.3
293.1
294.3
293.8
292.6
291.2
288.0
283.2
277.2
269.7
260.1
248.4
234.5
219.3
203.7
186.7
170.5
154.0
138.8
123.0
105.3
85.85
64.77
47.34
31.82
21.60
14.75
10.13
7.051
4.783
3.170
2.143
1.598
1.393
1.336
1.309
1.284
1.255
1.225
1.191
1.159
1.124
1.089
1.055
1.023
0.9873
0.9553
0.9236
0.8947
0.8667
0.8390
0.8171
0.7958
0.7745
0.7558
0.7391
0.7254
0.7120
0.7003
0.6869
0.6720
0.6597
0.6474
0.6365
0.6281
0.6216
0.6151
0.6106
0.6081
0.6042
0.6022
0.5997
0.5964
0.5868
0.5726
0.5476
0.5352
0.5281
0.5178
0.5101
0.5062
0.5055
0.5036
0.5049
0.5042
0.5061
0.5158
0.5221
0.5255
0.5204
0.5210
0.5203
0.5203
0.5203
0.5126
0.5004
0.4851
0.4772
0.4746
0.4542
0.3753
0.2926
0.2717
0.2695
0.2689
0.2689
0.2689
0.2689
0.2689
0.2689
0.2689
0.2689
0.2695
0.2721
0.2753
0.2798
0.2830
0.2888
0.2965
0.2992
0.3076
0.3114
0.3179
0.3205
0.3263
107.8
118.0
119.1
111.6
103.3
102.0
100.9
105.9
104.1
99.55
85.16
89.30
97.91
123.0
142.3
163.2
153.7
156.4
147.3
150.8
169.5
173.9
188.8
178.6
180.6
177.5
176.3
193.6
193.5
201.4
204.5
209.9
227.5
240.8
248.7
253.3
258.1
263.4
268.7
274.6
280.9
287.9
294.2
300.5
305.8
311.3
314.7
316.7
318.4
319.9
321.2
322.3
323.1
324.0
324.2
323.5
322.8
321.4
318.9
316.3
312.4
307.1
300.4
292.0
282.3
271.1
257.7
243.7
228.3
212.3
196.3
180.2
163.3
145.3
126.5
106.5
88.07
70.06
52.16
37.98
28.08
20.59
14.62
10.18
7.087
4.807
3.289
2.327
1.776
1.527
1.459
1.441
1.422
1.405
1.383
1.356
1.326
1.292
1.254
1.210
1.159
1.107
1.050
0.9927
0.9383
0.8895
0.8451
0.8067
0.7716
0.7445
0.7227
0.7008
0.6853
0.6744
0.6576
0.6499
0.6396
0.6343
0.6247
0.6170
0.6105
0.6035
0.5990
0.5971
0.5951
0.5951
0.5951
0.5951
0.5951
0.5945
0.5912
0.5854
0.5697
0.5393
0.5034
0.4648
0.4604
0.4578
0.4578
0.4597
0.4630
0.4707
0.4824
0.4973
0.5159
0.5341
0.5520
0.5636
0.5707
0.5777
0.5803
0.5796
0.5783
0.5725
0.5602
0.5467
0.5331
0.5167
0.4228
0.3473
0.2869
0.2882
0.2876
0.2876
0.2876
0.2876
0.2882
0.2889
0.2895
0.2902
0.2927
0.2966
0.2992
0.3044
0.3102
0.3134
0.3192
0.3211
0.3263
0.3275
0.3275
113.3
120.6
115.0
109.6
108.4
98.40
100.7
95.19
95.50
93.29
101.6
102.7
114.6
126.8
140.6
141.9
140.4
149.9
141.6
163.3
182.9
195.8
204.9
199.7
193.6
190.5
202.7
207.6
222.5
227.5
237.1
251.3
257.2
272.5
277.3
281.0
284.6
287.9
290.1
292.7
295.1
297.4
299.1
301.0
302.4
303.7
304.7
305.5
306.4
306.1
306.7
306.4
306.3
305.3
304.2
302.6
300.4
297.4
294.1
290.3
285.7
279.4
271.4
261.7
251.6
240.5
228.2
215.0
199.6
182.7
165.4
147.6
129.9
112.8
97.27
84.11
71.27
58.50
47.19
35.33
25.86
18.89
13.73
9.736
6.538
3.912
2.069
1.017
0.5309
0.3499
0.3605
0.4042
0.4468
0.4958
0.5393
0.5776
0.6056
0.6299
0.6480
0.6661
0.6828
0.7021
0.7176
0.7286
0.7390
0.7512
0.7525
0.7524
0.7505
0.7505
0.7486
0.7395
0.7325
0.7235
0.7124
0.7041
0.6970
0.6905
0.6809
0.6751
0.6680
0.6628
0.6583
0.6551
0.6538
0.6519
0.6519
0.6519
0.6512
0.6499
0.6480
0.6454
0.6332
0.6241
0.5761
0.5513
0.5088
0.4978
0.4946
0.4939
0.4945
0.4997
0.5125
0.5280
0.5480
0.5693
0.5900
0.6080
0.6242
0.6331
0.6376
0.6422
0.6435
0.6390
0.6261
0.6080
0.5885
0.5687
0.4836
0.4195
0.3765
0.3024
0.3004
0.2992
0.2992
0.2979
0.2966
0.2953
0.2953
0.2947
0.2934
0.2927
0.2927
0.2934
0.2940
0.2966
0.2992
0.2998
0.3056
0.3076
0.3088
107.8
111.5
113.8
109.6
102.6
95.23
99.58
101.0
97.96
90.00
80.20
83.52
90.72
113.8
128.5
151.7
146.6
145.2
136.9
138.3
151.5
159.0
175.4
165.8
165.9
161.4
160.9
175.9
177.1
184.1
186.4
191.3
206.1
219.0
224.2
227.8
231.3
235.2
239.0
243.1
246.9
250.8
253.6
255.4
257.4
259.2
261.4
263.2
264.5
265.6
265.7
264.1
262.3
259.9
256.9
253.2
248.7
243.7
238.5
232.6
225.8
218.8
210.1
200.4
189.4
177.9
165.0
152.5
140.1
128.7
118.3
108.8
99.33
88.91
78.58
68.23
58.34
49.83
41.31
33.45
26.59
21.61
16.65
11.86
8.716
5.850
3.865
2.370
1.741
1.500
1.456
1.445
1.437
1.430
1.423
1.402
1.376
1.343
1.304
1.256
1.204
1.152
1.098
1.049
1.003
0.9563
0.9158
0.8796
0.8482
0.8198
0.7958
0.7772
0.7583
0.7429
0.7293
0.7178
0.7087
0.7003
0.6932
0.6836
0.6770
0.6706
0.6654
0.6622
0.6596
0.6583
0.6570
0.6551
0.6538
0.6532
0.6512
0.6435
0.6377
0.6038
0.5745
0.5376
0.5326
0.5281
0.5243
0.5223
0.5229
0.5293
0.5396
0.5564
0.5744
0.5944
0.6085
0.6221
0.6325
0.6370
0.6435
0.6467
0.6467
0.6435
0.6288
0.6114
0.5945
0.5634
0.4730
0.4073
0.3393
0.3372
0.3366
0.3340
0.3321
0.3314
0.3282
0.3243
0.3224
0.3192
0.3172
0.3147
0.3108
0.3101
0.3101
0.3133
0.3159
0.3159
0.3198
0.3230
0.3282
113.4
111.0
110.6
113.4
107.1
92.67
84.02
84.82
92.24
98.24
95.04
91.28
87.07
96.69
114.1
125.6
134.3
136.9
136.9
130.1
125.7
131.9
135.7
139.8
148.1
150.4
147.5
137.1
136.4
143.1
155.5
165.5
168.8
173.8
175.2
177.2
183.6
185.4
187.4
188.9
190.5
191.6
191.6
191.3
190.6
189.3
187.7
185.9
184.4
182.3
180.6
178.4
176.3
173.8
170.9
167.9
164.4
160.6
156.4
152.4
147.7
143.2
137.7
131.3
124.0
116.0
108.1
99.88
92.21
85.34
79.24
73.14
67.44
62.57
57.79
53.12
48.27
43.30
37.18
31.14
26.27
21.77
18.01
13.96
10.38
7.553
4.713
2.749
1.837
1.487
1.440
1.429
1.418
1.406
1.390
1.367
1.339
1.304
1.262
1.215
1.165
1.114
1.065
1.020
0.9772
0.9348
0.8979
0.8669
0.8393
0.8153
0.7948
0.7768
0.7601
0.7504
0.7388
0.7317
0.7208
0.7099
0.7066
0.6995
0.6944
0.6925
0.6918
0.6918
0.6918
0.6912
0.6893
0.6880
0.6796
0.6749
0.6587
0.6376
0.6170
0.6099
0.6047
0.6003
0.6003
0.6003
0.6048
0.6107
0.6165
0.6255
0.6300
0.6332
0.6332
0.6332
0.6332
0.6332
0.6312
0.6241
0.6125
0.5969
0.5782
0.5641
0.5554
0.5260
0.4598
0.3915
0.3475
0.3430
0.3417
0.3391
0.3353
0.3320
0.3301
0.3295
0.3282
0.3262
0.3230
0.3204
0.3166
0.3159
0.3147
0.3160
0.3205
0.3237
0.3243
0.3243
0.3282
0.3288
0.3288
120.2
111.5
108.0
110.9
106.9
97.34
83.50
76.36
82.86
88.60
103.9
107.2
109.2
104.4
99.13
103.3
113.4
114.3
122.4
123.9
122.4
122.7
127.5
117.2
123.3
123.8
118.1
125.6
127.8
128.5
133.9
138.8
141.9
142.3
143.4
144.0
145.1
145.9
146.6
147.0
147.3
147.3
147.3
147.1
146.9
146.2
145.7
145.0
144.1
143.1
141.9
140.8
139.0
137.3
135.6
133.4
131.1
128.7
126.1
123.4
120.5
117.6
114.6
111.5
108.0
104.1
99.48
95.02
90.45
85.46
80.42
75.55
70.10
65.05
59.95
54.78
49.65
44.49
38.50
31.92
26.24
20.49
15.31
11.52
7.718
4.094
2.114
1.179
0.6419
0.4624
0.4585
0.4706
0.4828
0.4950
0.5029
0.5087
0.5138
0.5139
0.5158
0.5171
0.5184
0.5190
0.5203
0.5210
0.5235
0.5268
0.5300
0.5326
0.5377
0.5428
0.5455
0.5519
0.5564
0.5596
0.5661
0.5706
0.5764
0.5822
0.5893
0.5932
0.6015
0.6067
0.6144
0.6183
0.6234
0.6273
0.6286
0.6306
0.6261
0.6229
0.6184
0.6164
0.6145
0.6158
0.6183
0.6266
0.6357
0.6447
0.6543
0.6615
0.6686
0.6763
0.6815
0.6854
0.6892
0.6931
0.6880
0.6732
0.6610
0.6571
0.6335
0.5600
0.4538
0.3880
0.3818
0.3779
0.3753
0.3727
0.3688
0.3656
0.3618
0.3592
0.3540
0.3521
0.3488
0.3456
0.3430
0.3398
0.3360
0.3327
0.3308
0.3269
0.3256
0.3237
0.3237
0.3243
0.3243
0.3243
0.3256
0.3263
0.3269
122.3
114.7
107.1
109.3
105.1
99.48
92.53
83.52
71.78
70.80
75.60
89.55
100.9
105.7
112.9
119.4
112.0
109.1
107.1
107.0
112.8
113.1
109.6
107.5
108.1
111.8
120.2
125.0
121.6
118.3
114.9
116.7
120.8
124.3
128.1
129.6
130.9
131.7
132.2
132.0
132.1
131.8
131.9
131.9
131.7
131.4
131.1
130.5
129.9
129.3
128.1
127.1
125.7
124.1
122.6
121.0
119.5
117.8
116.2
114.1
112.0
109.6
106.2
102.4
98.18
93.12
88.26
84.09
80.29
76.99
73.68
70.46
66.99
63.35
59.20
54.12
48.70
43.04
37.69
32.13
26.15
22.28
18.35
14.19
10.70
7.559
4.296
2.713
2.113
1.897
1.867
1.840
1.811
1.780
1.746
1.708
1.661
1.607
1.545
1.482
1.415
1.347
1.286
1.228
1.172
1.121
1.074
1.033
0.9969
0.9616
0.9333
0.9044
0.8824
0.8621
0.8438
0.8278
0.8096
0.7935
0.7808
0.7698
0.7594
0.7505
0.7459
0.7388
0.7325
0.7273
0.7241
0.7214
0.7175
0.7021
0.6863
0.6555
0.6421
0.6311
0.6228
0.6177
0.6171
0.6184
0.6203
0.6242
0.6274
0.6293
0.6306
0.6299
0.6299
0.6299
0.6293
0.6286
0.6273
0.6176
0.6040
0.5872
0.5659
0.5525
0.5480
0.5419
0.4818
0.3923
0.3688
0.3655
0.3623
0.3565
0.3527
0.3494
0.3462
0.3423
0.3385
0.3346
0.3295
0.3275
0.3250
0.3243
0.3243
0.3269
0.3282
0.3282
0.3282
0.3295
0.3288
0.3288
0.3288
120.2
115.6
100.1
101.6
104.8
103.9
92.36
83.80
90.52
91.11
93.27
92.74
99.22
101.0
93.74
92.56
94.90
111.2
128.5
130.5
119.6
110.7
107.7
103.6
115.1
120.1
119.1
116.4
120.9
117.2
122.2
124.9
127.3
133.0
135.6
138.8
141.6
143.0
143.1
143.4
143.5
143.6
143.5
143.4
143.3
143.2
143.6
144.0
144.4
145.1
145.3
145.3
144.8
143.8
142.7
141.4
139.7
138.3
136.5
133.9
131.1
127.6
123.7
119.6
115.4
110.9
106.2
101.3
97.05
92.89
88.73
83.31
77.42
71.08
65.68
61.03
56.01
50.58
44.37
36.90
29.41
22.24
17.83
13.91
9.788
5.889
3.697
2.710
2.181
2.003
1.978
1.956
1.933
1.913
1.885
1.849
1.807
1.757
1.698
1.624
1.543
1.459
1.370
1.287
1.209
1.137
1.075
1.022
0.9764
0.9361
0.9015
0.8726
0.8474
0.8249
0.8074
0.7925
0.7810
0.7706
0.7597
0.7493
0.7416
0.7338
0.7261
0.7222
0.7190
0.7164
0.7144
0.7125
0.7099
0.7080
0.7061
0.7022
0.6767
0.6635
0.5823
0.5727
0.5675
0.5610
0.5559
0.5552
0.5558
0.5596
0.5692
0.5866
0.6054
0.6240
0.6408
0.6499
0.6538
0.6577
0.6621
0.6609
0.6609
0.6545
0.6326
0.6108
0.6030
0.5887
0.5204
0.3996
0.3798
0.3760
0.3734
0.3689
0.3643
0.3611
0.3559
0.3501
0.3456
0.3398
0.3353
0.3295
0.3263
0.3237
0.3224
0.3230
0.3237
0.3237
0.3263
0.3269
0.3269
119.6
117.9
105.2
108.8
109.4
113.1
114.1
92.86
83.68
76.78
89.61
106.0
127.7
107.0
82.55
78.33
85.25
112.2
125.8
140.5
117.2
115.7
116.2
126.8
137.6
135.8
125.9
127.5
125.6
134.9
139.8
141.1
148.6
150.0
151.2
152.2
152.3
152.6
152.5
152.5
152.4
152.0
152.0
151.8
151.4
151.2
150.8
149.9
149.4
148.3
147.2
146.0
145.1
143.7
142.4
141.1
139.6
138.0
135.8
133.4
130.7
126.7
123.0
119.3
115.3
111.3
107.6
103.1
97.34
90.93
85.14
79.97
75.68
71.39
67.12
61.02
53.33
44.61
37.07
31.09
22.94
15.73
11.38
8.936
6.637
4.199
1.790
1.002
0.5228
0.4314
0.5125
0.5651
0.6169
0.6719
0.7395
0.7815
0.8180
0.8499
0.8745
0.8953
0.9185
0.9466
0.9530
0.9542
0.9478
0.9452
0.9426
0.9334
0.9207
0.9078
0.8947
0.8818
0.8652
0.8485
0.8318
0.8187
0.8085
0.7969
0.7878
0.7762
0.7686
0.7594
0.7518
0.7453
0.7402
0.7402
0.7402
0.7402
0.7376
0.7350
0.7337
0.7311
0.7269
0.6936
0.6758
0.6031
0.5739
0.5726
0.5687
0.5687
0.5752
0.5804
0.5933
0.6101
0.6296
0.6514
0.6706
0.6913
0.6964
0.6964
0.6964
0.6964
0.6936
0.6794
0.6625
0.6366
0.6098
0.5981
0.5806
0.4900
0.3700
0.3662
0.3636
0.3623
0.3571
0.3494
0.3443
0.3403
0.3314
0.3262
0.3224
0.3211
0.3211
0.3224
0.3224
0.3224
0.3224
0.3225
0.3288
0.3301
0.3301
120.2
115.6
100.1
101.6
104.8
103.9
92.36
83.80
90.52
91.11
93.27
92.74
99.22
101.0
93.74
92.56
94.90
111.2
128.5
130.5
119.6
110.7
107.7
103.6
115.1
120.1
119.1
116.4
120.9
117.2
122.2
124.9
127.3
133.0
135.6
138.8
141.6
143.0
143.1
143.4
143.5
143.6
143.5
143.4
143.3
143.2
143.6
144.0
144.4
145.1
145.3
145.3
144.8
143.8
142.7
141.4
139.7
138.3
136.5
133.9
131.1
127.6
123.7
119.6
115.4
110.9
106.2
101.3
97.05
92.89
88.73
83.31
77.42
71.08
65.68
61.03
56.01
50.58
44.37
36.90
29.41
22.24
17.83
13.91
9.788
5.889
3.697
2.710
2.181
2.003
1.978
1.956
1.933
1.913
1.885
1.849
1.807
1.757
1.698
1.624
1.543
1.459
1.370
1.287
1.209
1.137
1.075
1.022
0.9764
0.9361
0.9015
0.8726
0.8474
0.8249
0.8074
0.7925
0.7810
0.7706
0.7597
0.7493
0.7416
0.7338
0.7261
0.7222
0.7190
0.7164
0.7144
0.7125
0.7099
0.7080
0.7061
0.7022
0.6767
0.6635
0.5823
0.5727
0.5675
0.5610
0.5559
0.5552
0.5558
0.5596
0.5692
0.5866
0.6054
0.6240
0.6408
0.6499
0.6538
0.6577
0.6621
0.6609
0.6609
0.6545
0.6326
0.6108
0.6030
0.5887
0.5204
0.3996
0.3798
0.3760
0.3734
0.3689
0.3643
0.3611
0.3559
0.3501
0.3456
0.3398
0.3353
0.3295
0.3263
0.3237
0.3224
0.3230
0.3237
0.3237
0.3263
0.3269
0.3269
122.3
114.7
107.1
109.3
105.1
99.48
92.53
83.52
71.78
70.80
75.60
89.55
100.9
105.7
112.9
119.4
112.0
109.1
107.1
107.0
112.8
113.1
109.6
107.5
108.1
111.8
120.2
125.0
121.6
118.3
114.9
116.7
120.8
124.3
128.1
129.6
130.9
131.7
132.2
132.0
132.1
131.8
131.9
131.9
131.7
131.4
131.1
130.5
129.9
129.3
128.1
127.1
125.7
124.1
122.6
121.0
119.5
117.8
116.2
114.1
112.0
109.6
106.2
102.4
98.18
93.12
88.26
84.09
80.29
76.99
73.68
70.46
66.99
63.35
59.20
54.12
48.70
43.04
37.69
32.13
26.15
22.28
18.35
14.19
10.70
7.559
4.296
2.713
2.113
1.897
1.867
1.840
1.811
1.780
1.746
1.708
1.661
1.607
1.545
1.482
1.415
1.347
1.286
1.228
1.172
1.121
1.074
1.033
0.9969
0.9616
0.9333
0.9044
0.8824
0.8621
0.8438
0.8278
0.8096
0.7935
0.7808
0.7698
0.7594
0.7505
0.7459
0.7388
0.7325
0.7273
0.7241
0.7214
0.7175
0.7021
0.6863
0.6555
0.6421
0.6311
0.6228
0.6177
0.6171
0.6184
0.6203
0.6242
0.6274
0.6293
0.6306
0.6299
0.6299
0.6299
0.6293
0.6286
0.6273
0.6176
0.6040
0.5872
0.5659
0.5525
0.5480
0.5419
0.4818
0.3923
0.3688
0.3655
0.3623
0.3565
0.3527
0.3494
0.3462
0.3423
0.3385
0.3346
0.3295
0.3275
0.3250
0.3243
0.3243
0.3269
0.3282
0.3282
0.3282
0.3295
0.3288
0.3288
0.3288
120.2
111.5
108.0
110.9
106.9
97.34
83.50
76.36
82.86
88.60
103.9
107.2
109.2
104.4
99.13
103.3
113.4
114.3
122.4
123.9
122.4
122.7
127.5
117.2
123.3
123.8
118.1
125.6
127.8
128.5
133.9
138.8
141.9
142.3
143.4
144.0
145.1
145.9
146.6
147.0
147.3
147.3
147.3
147.1
146.9
146.2
145.7
145.0
144.1
143.1
141.9
140.8
139.0
137.3
135.6
133.4
131.1
128.7
126.1
123.4
120.5
117.6
114.6
111.5
108.0
104.1
99.48
95.02
90.45
85.46
80.42
75.55
70.10
65.05
59.95
54.78
49.65
44.49
38.50
31.92
26.24
20.49
15.31
11.52
7.718
4.094
2.114
1.179
0.6419
0.4624
0.4585
0.4706
0.4828
0.4950
0.5029
0.5087
0.5138
0.5139
0.5158
0.5171
0.5184
0.5190
0.5203
0.5210
0.5235
0.5268
0.5300
0.5326
0.5377
0.5428
0.5455
0.5519
0.5564
0.5596
0.5661
0.5706
0.5764
0.5822
0.5893
0.5932
0.6015
0.6067
0.6144
0.6183
0.6234
0.6273
0.6286
0.6306
0.6261
0.6229
0.6184
0.6164
0.6145
0.6158
0.6183
0.6266
0.6357
0.6447
0.6543
0.6615
0.6686
0.6763
0.6815
0.6854
0.6892
0.6931
0.6880
0.6732
0.6610
0.6571
0.6335
0.5600
0.4538
0.3880
0.3818
0.3779
0.3753
0.3727
0.3688
0.3656
0.3618
0.3592
0.3540
0.3521
0.3488
0.3456
0.3430
0.3398
0.3360
0.3327
0.3308
0.3269
0.3256
0.3237
0.3237
0.3243
0.3243
0.3243
0.3256
0.3263
0.3269
113.4
111.0
110.6
113.4
107.1
92.67
84.02
84.82
92.24
98.24
95.04
91.28
87.07
96.69
114.1
125.6
134.3
136.9
136.9
130.1
125.7
131.9
135.7
139.8
148.1
150.4
147.5
137.1
136.4
143.1
155.5
165.5
168.8
173.8
175.2
177.2
183.6
185.4
187.4
188.9
190.5
191.6
191.6
191.3
190.6
189.3
187.7
185.9
184.4
182.3
180.6
178.4
176.3
173.8
170.9
167.9
164.4
160.6
156.4
152.4
147.7
143.2
137.7
131.3
124.0
116.0
108.1
99.88
92.21
85.34
79.24
73.14
67.44
62.57
57.79
53.12
48.27
43.30
37.18
31.14
26.27
21.77
18.01
13.96
10.38
7.553
4.713
2.749
1.837
1.487
1.440
1.429
1.418
1.406
1.390
1.367
1.339
1.304
1.262
1.215
1.165
1.114
1.065
1.020
0.9772
0.9348
0.8979
0.8669
0.8393
0.8153
0.7948
0.7768
0.7601
0.7504
0.7388
0.7317
0.7208
0.7099
0.7066
0.6995
0.6944
0.6925
0.6918
0.6918
0.6918
0.6912
0.6893
0.6880
0.6796
0.6749
0.6587
0.6376
0.6170
0.6099
0.6047
0.6003
0.6003
0.6003
0.6048
0.6107
0.6165
0.6255
0.6300
0.6332
0.6332
0.6332
0.6332
0.6332
0.6312
0.6241
0.6125
0.5969
0.5782
0.5641
0.5554
0.5260
0.4598
0.3915
0.3475
0.3430
0.3417
0.3391
0.3353
0.3320
0.3301
0.3295
0.3282
0.3262
0.3230
0.3204
0.3166
0.3159
0.3147
0.3160
0.3205
0.3237
0.3243
0.3243
0.3282
0.3288
0.3288
107.8
111.5
113.8
109.6
102.6
95.23
99.58
101.0
97.96
90.00
80.20
83.52
90.72
113.8
128.5
151.7
146.6
145.2
136.9
138.3
151.5
159.0
175.4
165.8
165.9
161.4
160.9
175.9
177.1
184.1
186.4
191.3
206.1
219.0
224.2
227.8
231.3
235.2
239.0
243.1
246.9
250.8
253.6
255.4
257.4
259.2
261.4
263.2
264.5
265.6
265.7
264.1
262.3
259.9
256.9
253.2
248.7
243.7
238.5
232.6
225.8
218.8
210.1
200.4
189.4
177.9
165.0
152.5
140.1
128.7
118.3
108.8
99.33
88.91
78.58
68.23
58.34
49.83
41.31
33.45
26.59
21.61
16.65
11.86
8.716
5.850
3.865
2.370
1.741
1.500
1.456
1.445
1.437
1.430
1.423
1.402
1.376
1.343
1.304
1.256
1.204
1.152
1.098
1.049
1.003
0.9563
0.9158
0.8796
0.8482
0.8198
0.7958
0.7772
0.7583
0.7429
0.7293
0.7178
0.7087
0.7003
0.6932
0.6836
0.6770
0.6706
0.6654
0.6622
0.6596
0.6583
0.6570
0.6551
0.6538
0.6532
0.6512
0.6435
0.6377
0.6038
0.5745
0.5376
0.5326
0.5281
0.5243
0.5223
0.5229
0.5293
0.5396
0.5564
0.5744
0.5944
0.6085
0.6221
0.6325
0.6370
0.6435
0.6467
0.6467
0.6435
0.6288
0.6114
0.5945
0.5634
0.4730
0.4073
0.3393
0.3372
0.3366
0.3340
0.3321
0.3314
0.3282
0.3243
0.3224
0.3192
0.3172
0.3147
0.3108
0.3101
0.3101
0.3133
0.3159
0.3159
0.3198
0.3230
0.3282
