SALVI
1
0
24
15.00
181
1.00

231103 OCH Y50 350 F4M2 PMMA

231102 OCH Y50 350 F4M2 PMMA.ldt
20 November 2023/TB
760
0
225
320
60
0
0
0
0
99.6
100.0
1.000
0.0
1
1
16 LED
7780.3


68.7
0.164
0.248
0.340
0.424
0.487
0.590
0.650
0.706
0.774
0.817
0.0
15.0
30.0
45.0
60.0
75.0
90.0
105.0
120.0
135.0
150.0
165.0
180.0
195.0
210.0
225.0
240.0
255.0
270.0
285.0
300.0
315.0
330.0
345.0
0.0
1.0
2.0
3.0
4.0
5.0
6.0
7.0
8.0
9.0
10.0
11.0
12.0
13.0
14.0
15.0
16.0
17.0
18.0
19.0
20.0
21.0
22.0
23.0
24.0
25.0
26.0
27.0
28.0
29.0
30.0
31.0
32.0
33.0
34.0
35.0
36.0
37.0
38.0
39.0
40.0
41.0
42.0
43.0
44.0
45.0
46.0
47.0
48.0
49.0
50.0
51.0
52.0
53.0
54.0
55.0
56.0
57.0
58.0
59.0
60.0
61.0
62.0
63.0
64.0
65.0
66.0
67.0
68.0
69.0
70.0
71.0
72.0
73.0
74.0
75.0
76.0
77.0
78.0
79.0
80.0
81.0
82.0
83.0
84.0
85.0
86.0
87.0
88.0
89.0
90.0
91.0
92.0
93.0
94.0
95.0
96.0
97.0
98.0
99.0
100.0
101.0
102.0
103.0
104.0
105.0
106.0
107.0
108.0
109.0
110.0
111.0
112.0
113.0
114.0
115.0
116.0
117.0
118.0
119.0
120.0
121.0
122.0
123.0
124.0
125.0
126.0
127.0
128.0
129.0
130.0
131.0
132.0
133.0
134.0
135.0
136.0
137.0
138.0
139.0
140.0
141.0
142.0
143.0
144.0
145.0
146.0
147.0
148.0
149.0
150.0
151.0
152.0
153.0
154.0
155.0
156.0
157.0
158.0
159.0
160.0
161.0
162.0
163.0
164.0
165.0
166.0
167.0
168.0
169.0
170.0
171.0
172.0
173.0
174.0
175.0
176.0
177.0
178.0
179.0
180.0
109.9
116.7
111.9
106.9
106.2
95.52
97.81
93.86
95.85
91.21
99.36
101.6
112.8
122.9
137.8
138.9
138.2
145.6
138.0
158.2
177.3
192.7
199.6
194.5
186.7
183.7
196.5
201.5
215.7
220.6
229.4
243.6
250.6
263.5
267.7
271.3
275.3
277.9
280.3
282.5
284.8
286.6
288.3
290.2
291.3
292.3
293.4
294.5
294.9
295.5
296.1
296.5
296.7
296.8
296.2
294.8
293.0
290.6
287.6
284.7
281.3
276.9
272.2
266.7
260.3
250.9
239.6
228.3
214.6
197.4
177.6
155.1
135.5
117.0
103.2
89.13
77.12
68.08
54.35
41.61
31.98
23.61
17.47
13.12
6.864
4.031
2.665
1.785
1.176
0.7416
0.5190
0.4182
0.4517
0.4993
0.5393
0.5769
0.5979
0.6161
0.6325
0.6471
0.6611
0.6781
0.6926
0.7028
0.7111
0.7224
0.7261
0.7242
0.7217
0.7204
0.7185
0.7147
0.7066
0.6990
0.6895
0.6838
0.6763
0.6693
0.6623
0.6560
0.6509
0.6440
0.6402
0.6364
0.6364
0.6345
0.6345
0.6345
0.6351
0.6339
0.6326
0.6307
0.6188
0.6098
0.5676
0.5400
0.4986
0.4892
0.4847
0.4841
0.4866
0.4911
0.5018
0.5188
0.5353
0.5544
0.5763
0.5929
0.6074
0.6181
0.6181
0.6193
0.6200
0.6181
0.6030
0.5865
0.5682
0.5498
0.4721
0.4070
0.3638
0.3002
0.2982
0.2945
0.2920
0.2913
0.2907
0.2895
0.2894
0.2875
0.2863
0.2863
0.2863
0.2882
0.2888
0.2901
0.2926
0.2945
0.2977
0.3021
0.3027
105.7
115.1
115.9
109.2
101.8
99.87
98.99
103.8
103.6
98.25
84.23
88.39
95.93
121.6
140.4
160.4
151.0
152.6
144.3
148.0
165.5
170.4
184.6
174.2
176.3
173.6
172.5
189.0
190.0
195.9
199.1
203.9
220.9
235.0
240.8
245.4
249.6
254.2
258.5
264.2
270.3
276.7
283.3
289.5
294.6
299.7
303.8
305.7
307.5
308.6
310.4
311.6
313.1
314.5
315.1
315.5
315.1
314.1
312.4
310.6
307.6
304.5
300.0
295.6
290.0
281.9
272.7
260.3
246.0
229.4
210.8
192.8
173.7
153.9
131.9
112.5
97.58
75.17
52.82
40.94
34.03
25.45
18.30
13.09
7.821
5.401
4.002
3.159
2.531
1.992
1.627
1.455
1.424
1.403
1.379
1.347
1.312
1.272
1.224
1.173
1.116
1.060
1.003
0.9482
0.8956
0.8491
0.8067
0.7714
0.7397
0.7153
0.6925
0.6754
0.6603
0.6484
0.6376
0.6269
0.6187
0.6124
0.6047
0.5984
0.5933
0.5858
0.5820
0.5795
0.5776
0.5770
0.5764
0.5751
0.5751
0.5745
0.5745
0.5699
0.5545
0.5292
0.4893
0.4538
0.4506
0.4487
0.4487
0.4494
0.4538
0.4608
0.4709
0.4862
0.5025
0.5203
0.5373
0.5486
0.5549
0.5593
0.5625
0.5625
0.5618
0.5554
0.5421
0.5283
0.5156
0.5017
0.4158
0.3392
0.2812
0.2819
0.2825
0.2831
0.2838
0.2831
0.2838
0.2838
0.2838
0.2844
0.2882
0.2914
0.2952
0.3002
0.3053
0.3078
0.3154
0.3167
0.3223
0.3223
0.3229
112.0
113.3
113.3
115.1
109.4
95.52
88.19
92.88
102.7
111.5
104.1
103.3
101.7
116.3
136.9
148.5
152.4
156.4
154.5
157.9
153.4
159.4
168.8
170.1
179.9
180.2
176.8
167.6
168.2
179.0
194.2
207.8
213.8
219.9
223.8
230.8
239.0
241.0
242.3
243.8
245.5
247.8
250.1
253.1
256.0
259.0
262.0
264.7
267.7
270.8
273.6
276.5
278.7
281.2
283.1
285.6
287.7
288.9
289.8
290.9
291.3
292.1
292.1
292.0
290.3
286.2
280.0
270.6
258.5
244.5
227.6
208.5
187.9
169.7
152.4
132.5
118.6
95.88
69.29
49.97
36.00
25.45
20.11
15.73
10.54
6.019
4.014
3.077
2.423
1.860
1.490
1.323
1.292
1.259
1.226
1.190
1.155
1.116
1.079
1.041
1.007
0.9703
0.9356
0.9033
0.8724
0.8432
0.8155
0.7902
0.7698
0.7484
0.7301
0.7118
0.6990
0.6858
0.6738
0.6606
0.6478
0.6347
0.6232
0.6137
0.6055
0.5979
0.5941
0.5909
0.5897
0.5865
0.5852
0.5821
0.5783
0.5695
0.5569
0.5317
0.5202
0.5151
0.5044
0.4981
0.4937
0.4936
0.4911
0.4929
0.4923
0.4954
0.5030
0.5112
0.5125
0.5069
0.5075
0.5075
0.5075
0.5062
0.4974
0.4848
0.4697
0.4614
0.4607
0.4427
0.3668
0.2885
0.2655
0.2654
0.2648
0.2648
0.2648
0.2648
0.2648
0.2648
0.2648
0.2648
0.2654
0.2685
0.2724
0.2755
0.2793
0.2850
0.2894
0.2945
0.3002
0.3052
0.3122
0.3154
0.3204
117.3
111.5
110.1
111.8
111.5
102.4
88.53
89.92
93.64
102.0
116.7
128.8
132.5
127.0
122.4
130.5
139.1
151.2
152.7
159.9
160.2
163.3
157.9
167.0
169.9
174.3
171.1
180.0
181.8
190.8
196.5
208.8
218.2
224.6
229.0
233.0
236.1
240.4
244.9
249.5
254.1
258.8
263.5
268.6
273.7
279.2
284.5
290.7
296.7
302.8
309.4
316.4
322.8
329.7
335.8
341.9
347.4
352.5
357.0
360.5
363.6
365.8
366.5
366.0
364.0
359.8
354.0
345.2
333.3
319.0
305.2
287.2
265.2
237.9
199.3
151.0
113.0
88.71
66.40
47.53
36.53
27.19
20.74
14.44
8.961
4.822
2.862
2.008
1.413
0.8750
0.4977
0.3729
0.3805
0.3875
0.3931
0.3950
0.3950
0.3950
0.3950
0.3950
0.3956
0.3969
0.3963
0.3969
0.3969
0.3982
0.3988
0.4013
0.4032
0.4064
0.4102
0.4127
0.4171
0.4184
0.4216
0.4272
0.4323
0.4361
0.4399
0.4443
0.4513
0.4582
0.4652
0.4721
0.4727
0.4727
0.4727
0.4727
0.4702
0.4702
0.4702
0.4715
0.4753
0.4791
0.4874
0.4956
0.5045
0.5132
0.5221
0.5316
0.5398
0.5486
0.5543
0.5555
0.5555
0.5561
0.5523
0.5448
0.5372
0.5376
0.5152
0.4586
0.3498
0.2723
0.2503
0.2509
0.2509
0.2515
0.2528
0.2534
0.2553
0.2547
0.2566
0.2572
0.2591
0.2604
0.2648
0.2649
0.2693
0.2724
0.2743
0.2813
0.2869
0.2927
0.3002
0.3047
0.3110
0.3154
0.3204
0.3229
0.3236
118.3
112.5
107.9
111.8
116.0
108.1
102.0
91.08
80.91
82.28
92.48
111.7
128.3
134.6
146.7
148.9
146.6
145.2
143.4
149.9
160.5
162.6
158.7
152.6
155.9
160.4
173.6
192.2
191.8
180.3
181.8
188.5
196.7
211.5
221.3
227.5
234.2
240.9
247.3
253.2
259.2
265.1
270.8
277.3
284.0
290.7
297.3
304.3
311.5
318.9
325.9
333.2
339.8
346.2
351.8
356.4
360.3
363.3
365.9
367.5
367.4
366.5
364.9
363.1
360.4
357.3
350.8
342.0
331.6
313.8
280.0
225.7
175.0
141.3
114.3
96.28
76.87
65.71
50.36
41.05
33.88
28.28
21.78
19.04
10.47
5.091
3.294
2.492
1.910
1.405
1.029
0.9156
0.8995
0.8837
0.8673
0.8478
0.8274
0.8065
0.7845
0.7624
0.7396
0.7162
0.6936
0.6713
0.6499
0.6322
0.6150
0.5992
0.5866
0.5771
0.5677
0.5582
0.5517
0.5448
0.5385
0.5341
0.5284
0.5239
0.5189
0.5151
0.5119
0.5113
0.5100
0.5088
0.5106
0.5113
0.5113
0.5113
0.5119
0.5125
0.5075
0.4913
0.4792
0.4728
0.4665
0.4620
0.4601
0.4588
0.4582
0.4613
0.4714
0.4752
0.4778
0.4840
0.4885
0.4923
0.4936
0.5004
0.5018
0.5024
0.4993
0.4936
0.4823
0.4728
0.4708
0.4489
0.3764
0.2840
0.2432
0.2421
0.2427
0.2414
0.2414
0.2433
0.2439
0.2439
0.2477
0.2509
0.2522
0.2540
0.2584
0.2641
0.2704
0.2774
0.2837
0.2907
0.3008
0.3033
0.3134
0.3191
0.3248
116.4
117.1
105.2
107.0
110.2
117.8
103.7
94.20
100.9
109.3
112.9
115.8
121.1
130.4
120.1
123.6
128.8
144.2
182.5
185.6
179.2
161.2
163.6
161.2
175.8
189.5
191.8
192.6
202.9
208.3
218.9
232.4
238.7
253.9
260.5
267.5
275.9
284.3
292.5
300.3
308.7
315.2
321.3
327.8
334.9
341.6
349.0
356.5
363.9
371.7
379.4
387.3
393.3
399.5
404.0
407.4
410.0
411.4
412.7
412.6
411.7
410.7
410.1
408.0
404.0
395.4
381.8
359.2
317.7
255.3
199.3
164.2
139.5
118.2
101.1
88.71
79.19
68.42
55.40
50.29
38.21
32.67
28.15
18.71
9.692
5.257
3.592
2.709
2.009
1.382
1.015
0.9233
0.9145
0.9049
0.8955
0.8789
0.8574
0.8333
0.8056
0.7778
0.7510
0.7215
0.6957
0.6679
0.6444
0.6223
0.6015
0.5832
0.5686
0.5548
0.5434
0.5358
0.5252
0.5175
0.5131
0.5062
0.5018
0.4986
0.4917
0.4866
0.4854
0.4854
0.4854
0.4854
0.4867
0.4892
0.4904
0.4911
0.4911
0.4917
0.4917
0.4915
0.4770
0.4681
0.4377
0.4064
0.4045
0.4045
0.4045
0.4051
0.4084
0.4172
0.4281
0.4425
0.4595
0.4786
0.4988
0.5139
0.5221
0.5304
0.5429
0.5492
0.5479
0.5429
0.5358
0.5201
0.5112
0.5003
0.4488
0.2876
0.2452
0.2452
0.2458
0.2472
0.2509
0.2528
0.2547
0.2572
0.2592
0.2629
0.2667
0.2743
0.2794
0.2869
0.2939
0.2984
0.3084
0.3129
0.3223
0.3242
0.3236
116.0
118.1
107.4
114.0
119.1
124.1
127.5
108.2
95.19
90.66
108.0
130.4
158.3
145.9
103.3
105.0
120.9
160.2
179.9
201.6
171.9
175.6
184.1
195.6
224.0
226.1
212.1
217.0
226.1
240.4
265.4
275.2
291.3
295.9
301.8
308.1
313.6
320.2
326.5
332.8
340.0
346.6
353.8
359.8
367.2
374.2
380.4
387.1
392.7
397.2
403.2
407.0
410.0
413.2
413.3
414.3
413.8
413.6
412.4
410.9
410.0
408.6
407.1
403.0
397.6
389.1
375.2
348.7
298.7
224.9
172.7
145.3
123.5
107.6
97.12
86.32
80.45
59.70
50.59
43.63
32.48
21.32
18.89
14.56
7.303
3.733
2.458
1.719
1.100
0.5740
0.2486
0.2352
0.2727
0.2982
0.3332
0.3548
0.3702
0.3842
0.3967
0.4081
0.4184
0.4309
0.4436
0.4587
0.4688
0.4764
0.4840
0.4916
0.4992
0.5068
0.5207
0.5258
0.5246
0.5245
0.5258
0.5258
0.5271
0.5220
0.5182
0.5157
0.5119
0.5081
0.5044
0.5006
0.4993
0.4993
0.4993
0.5005
0.5018
0.5030
0.5068
0.5069
0.5081
0.5018
0.4930
0.4425
0.4201
0.4159
0.4146
0.4108
0.4108
0.4120
0.4221
0.4396
0.4610
0.4813
0.5053
0.5270
0.5434
0.5510
0.5611
0.5712
0.5826
0.5839
0.5827
0.5676
0.5463
0.5373
0.5223
0.3898
0.2487
0.2452
0.2452
0.2452
0.2452
0.2452
0.2452
0.2452
0.2465
0.2490
0.2566
0.2603
0.2654
0.2742
0.2806
0.2856
0.2970
0.3021
0.3109
0.3185
0.3198
116.4
117.1
105.2
107.0
110.2
117.8
103.7
94.20
100.9
109.3
112.9
115.8
121.1
130.4
120.1
123.6
128.8
144.2
182.5
185.6
179.2
161.2
163.6
161.2
175.8
189.5
191.8
192.6
202.9
208.3
218.9
232.4
238.7
253.9
260.5
267.5
275.9
284.3
292.5
300.3
308.7
315.2
321.3
327.8
334.9
341.6
349.0
356.5
363.9
371.7
379.4
387.3
393.3
399.5
404.0
407.4
410.0
411.4
412.7
412.6
411.7
410.7
410.1
408.0
404.0
395.4
381.8
359.2
317.7
255.3
199.3
164.2
139.5
118.2
101.1
88.71
79.19
68.42
55.40
50.29
38.21
32.67
28.15
18.71
9.692
5.257
3.592
2.709
2.009
1.382
1.015
0.9233
0.9145
0.9049
0.8955
0.8789
0.8574
0.8333
0.8056
0.7778
0.7510
0.7215
0.6957
0.6679
0.6444
0.6223
0.6015
0.5832
0.5686
0.5548
0.5434
0.5358
0.5252
0.5175
0.5131
0.5062
0.5018
0.4986
0.4917
0.4866
0.4854
0.4854
0.4854
0.4854
0.4867
0.4892
0.4904
0.4911
0.4911
0.4917
0.4917
0.4915
0.4770
0.4681
0.4377
0.4064
0.4045
0.4045
0.4045
0.4051
0.4084
0.4172
0.4281
0.4425
0.4595
0.4786
0.4988
0.5139
0.5221
0.5304
0.5429
0.5492
0.5479
0.5429
0.5358
0.5201
0.5112
0.5003
0.4488
0.2876
0.2452
0.2452
0.2458
0.2472
0.2509
0.2528
0.2547
0.2572
0.2592
0.2629
0.2667
0.2743
0.2794
0.2869
0.2939
0.2984
0.3084
0.3129
0.3223
0.3242
0.3236
118.3
112.5
107.9
111.8
116.0
108.1
102.0
91.08
80.91
82.28
92.48
111.7
128.3
134.6
146.7
148.9
146.6
145.2
143.4
149.9
160.5
162.6
158.7
152.6
155.9
160.4
173.6
192.2
191.8
180.3
181.8
188.5
196.7
211.5
221.3
227.5
234.2
240.9
247.3
253.2
259.2
265.1
270.8
277.3
284.0
290.7
297.3
304.3
311.5
318.9
325.9
333.2
339.8
346.2
351.8
356.4
360.3
363.3
365.9
367.5
367.4
366.5
364.9
363.1
360.4
357.3
350.8
342.0
331.6
313.8
280.0
225.7
175.0
141.3
114.3
96.28
76.87
65.71
50.36
41.05
33.88
28.28
21.78
19.04
10.47
5.091
3.294
2.492
1.910
1.405
1.029
0.9156
0.8995
0.8837
0.8673
0.8478
0.8274
0.8065
0.7845
0.7624
0.7396
0.7162
0.6936
0.6713
0.6499
0.6322
0.6150
0.5992
0.5866
0.5771
0.5677
0.5582
0.5517
0.5448
0.5385
0.5341
0.5284
0.5239
0.5189
0.5151
0.5119
0.5113
0.5100
0.5088
0.5106
0.5113
0.5113
0.5113
0.5119
0.5125
0.5075
0.4913
0.4792
0.4728
0.4665
0.4620
0.4601
0.4588
0.4582
0.4613
0.4714
0.4752
0.4778
0.4840
0.4885
0.4923
0.4936
0.5004
0.5018
0.5024
0.4993
0.4936
0.4823
0.4728
0.4708
0.4489
0.3764
0.2840
0.2432
0.2421
0.2427
0.2414
0.2414
0.2433
0.2439
0.2439
0.2477
0.2509
0.2522
0.2540
0.2584
0.2641
0.2704
0.2774
0.2837
0.2907
0.3008
0.3033
0.3134
0.3191
0.3248
117.3
111.5
110.1
111.8
111.5
102.4
88.53
89.92
93.64
102.0
116.7
128.8
132.5
127.0
122.4
130.5
139.1
151.2
152.7
159.9
160.2
163.3
157.9
167.0
169.9
174.3
171.1
180.0
181.8
190.8
196.5
208.8
218.2
224.6
229.0
233.0
236.1
240.4
244.9
249.5
254.1
258.8
263.5
268.6
273.7
279.2
284.5
290.7
296.7
302.8
309.4
316.4
322.8
329.7
335.8
341.9
347.4
352.5
357.0
360.5
363.6
365.8
366.5
366.0
364.0
359.8
354.0
345.2
333.3
319.0
305.2
287.2
265.2
237.9
199.3
151.0
113.0
88.71
66.40
47.53
36.53
27.19
20.74
14.44
8.961
4.822
2.862
2.008
1.413
0.8750
0.4977
0.3729
0.3805
0.3875
0.3931
0.3950
0.3950
0.3950
0.3950
0.3950
0.3956
0.3969
0.3963
0.3969
0.3969
0.3982
0.3988
0.4013
0.4032
0.4064
0.4102
0.4127
0.4171
0.4184
0.4216
0.4272
0.4323
0.4361
0.4399
0.4443
0.4513
0.4582
0.4652
0.4721
0.4727
0.4727
0.4727
0.4727
0.4702
0.4702
0.4702
0.4715
0.4753
0.4791
0.4874
0.4956
0.5045
0.5132
0.5221
0.5316
0.5398
0.5486
0.5543
0.5555
0.5555
0.5561
0.5523
0.5448
0.5372
0.5376
0.5152
0.4586
0.3498
0.2723
0.2503
0.2509
0.2509
0.2515
0.2528
0.2534
0.2553
0.2547
0.2566
0.2572
0.2591
0.2604
0.2648
0.2649
0.2693
0.2724
0.2743
0.2813
0.2869
0.2927
0.3002
0.3047
0.3110
0.3154
0.3204
0.3229
0.3236
112.0
113.3
113.3
115.1
109.4
95.52
88.19
92.88
102.7
111.5
104.1
103.3
101.7
116.3
136.9
148.5
152.4
156.4
154.5
157.9
153.4
159.4
168.8
170.1
179.9
180.2
176.8
167.6
168.2
179.0
194.2
207.8
213.8
219.9
223.8
230.8
239.0
241.0
242.3
243.8
245.5
247.8
250.1
253.1
256.0
259.0
262.0
264.7
267.7
270.8
273.6
276.5
278.7
281.2
283.1
285.6
287.7
288.9
289.8
290.9
291.3
292.1
292.1
292.0
290.3
286.2
280.0
270.6
258.5
244.5
227.6
208.5
187.9
169.7
152.4
132.5
118.6
95.88
69.29
49.97
36.00
25.45
20.11
15.73
10.54
6.019
4.014
3.077
2.423
1.860
1.490
1.323
1.292
1.259
1.226
1.190
1.155
1.116
1.079
1.041
1.007
0.9703
0.9356
0.9033
0.8724
0.8432
0.8155
0.7902
0.7698
0.7484
0.7301
0.7118
0.6990
0.6858
0.6738
0.6606
0.6478
0.6347
0.6232
0.6137
0.6055
0.5979
0.5941
0.5909
0.5897
0.5865
0.5852
0.5821
0.5783
0.5695
0.5569
0.5317
0.5202
0.5151
0.5044
0.4981
0.4937
0.4936
0.4911
0.4929
0.4923
0.4954
0.5030
0.5112
0.5125
0.5069
0.5075
0.5075
0.5075
0.5062
0.4974
0.4848
0.4697
0.4614
0.4607
0.4427
0.3668
0.2885
0.2655
0.2654
0.2648
0.2648
0.2648
0.2648
0.2648
0.2648
0.2648
0.2648
0.2654
0.2685
0.2724
0.2755
0.2793
0.2850
0.2894
0.2945
0.3002
0.3052
0.3122
0.3154
0.3204
105.7
115.1
115.9
109.2
101.8
99.87
98.99
103.8
103.6
98.25
84.23
88.39
95.93
121.6
140.4
160.4
151.0
152.6
144.3
148.0
165.5
170.4
184.6
174.2
176.3
173.6
172.5
189.0
190.0
195.9
199.1
203.9
220.9
235.0
240.8
245.4
249.6
254.2
258.5
264.2
270.3
276.7
283.3
289.5
294.6
299.7
303.8
305.7
307.5
308.6
310.4
311.6
313.1
314.5
315.1
315.5
315.1
314.1
312.4
310.6
307.6
304.5
300.0
295.6
290.0
281.9
272.7
260.3
246.0
229.4
210.8
192.8
173.7
153.9
131.9
112.5
97.58
75.17
52.82
40.94
34.03
25.45
18.30
13.09
7.821
5.401
4.002
3.159
2.531
1.992
1.627
1.455
1.424
1.403
1.379
1.347
1.312
1.272
1.224
1.173
1.116
1.060
1.003
0.9482
0.8956
0.8491
0.8067
0.7714
0.7397
0.7153
0.6925
0.6754
0.6603
0.6484
0.6376
0.6269
0.6187
0.6124
0.6047
0.5984
0.5933
0.5858
0.5820
0.5795
0.5776
0.5770
0.5764
0.5751
0.5751
0.5745
0.5745
0.5699
0.5545
0.5292
0.4893
0.4538
0.4506
0.4487
0.4487
0.4494
0.4538
0.4608
0.4709
0.4862
0.5025
0.5203
0.5373
0.5486
0.5549
0.5593
0.5625
0.5625
0.5618
0.5554
0.5421
0.5283
0.5156
0.5017
0.4158
0.3392
0.2812
0.2819
0.2825
0.2831
0.2838
0.2831
0.2838
0.2838
0.2838
0.2844
0.2882
0.2914
0.2952
0.3002
0.3053
0.3078
0.3154
0.3167
0.3223
0.3223
0.3229
109.9
116.7
111.9
106.9
106.2
95.52
97.81
93.86
95.85
91.21
99.36
101.6
112.8
122.9
137.8
138.9
138.2
145.6
138.0
158.2
177.3
192.7
199.6
194.5
186.7
183.7
196.5
201.5
215.7
220.6
229.4
243.6
250.6
263.5
267.7
271.3
275.3
277.9
280.3
282.5
284.8
286.6
288.3
290.2
291.3
292.3
293.4
294.5
294.9
295.5
296.1
296.5
296.7
296.8
296.2
294.8
293.0
290.6
287.6
284.7
281.3
276.9
272.2
266.7
260.3
250.9
239.6
228.3
214.6
197.4
177.6
155.1
135.5
117.0
103.2
89.13
77.12
68.08
54.35
41.61
31.98
23.61
17.47
13.12
6.864
4.031
2.665
1.785
1.176
0.7416
0.5190
0.4182
0.4517
0.4993
0.5393
0.5769
0.5979
0.6161
0.6325
0.6471
0.6611
0.6781
0.6926
0.7028
0.7111
0.7224
0.7261
0.7242
0.7217
0.7204
0.7185
0.7147
0.7066
0.6990
0.6895
0.6838
0.6763
0.6693
0.6623
0.6560
0.6509
0.6440
0.6402
0.6364
0.6364
0.6345
0.6345
0.6345
0.6351
0.6339
0.6326
0.6307
0.6188
0.6098
0.5676
0.5400
0.4986
0.4892
0.4847
0.4841
0.4866
0.4911
0.5018
0.5188
0.5353
0.5544
0.5763
0.5929
0.6074
0.6181
0.6181
0.6193
0.6200
0.6181
0.6030
0.5865
0.5682
0.5498
0.4721
0.4070
0.3638
0.3002
0.2982
0.2945
0.2920
0.2913
0.2907
0.2895
0.2894
0.2875
0.2863
0.2863
0.2863
0.2882
0.2888
0.2901
0.2926
0.2945
0.2977
0.3021
0.3027
105.7
108.7
111.1
107.4
101.2
93.72
97.07
99.41
97.36
88.87
79.38
83.34
90.00
112.8
127.9
147.9
143.0
142.1
134.0
136.3
149.2
156.0
171.4
162.3
162.1
158.2
157.8
172.1
173.9
179.1
181.7
186.2
200.4
213.7
217.5
220.9
223.9
227.4
231.3
234.9
239.0
242.4
245.3
246.8
248.8
250.8
252.6
254.4
255.8
256.9
257.0
255.9
254.4
252.2
249.6
245.9
242.0
237.0
232.0
226.7
220.9
215.3
209.9
204.4
198.1
190.0
179.8
166.2
152.1
138.1
124.8
113.2
103.7
93.59
82.13
75.93
65.89
61.14
46.16
40.37
35.46
27.78
19.58
15.41
9.269
5.167
3.752
2.924
2.330
1.871
1.573
1.450
1.438
1.427
1.413
1.386
1.352
1.310
1.260
1.208
1.154
1.101
1.051
1.003
0.9595
0.9173
0.8789
0.8458
0.8160
0.7909
0.7699
0.7517
0.7344
0.7200
0.7085
0.6984
0.6902
0.6826
0.6738
0.6643
0.6611
0.6529
0.6491
0.6472
0.6428
0.6434
0.6415
0.6402
0.6396
0.6383
0.6377
0.6283
0.6220
0.5920
0.5651
0.5292
0.5265
0.5221
0.5170
0.5163
0.5170
0.5213
0.5314
0.5472
0.5636
0.5820
0.5971
0.6097
0.6186
0.6206
0.6262
0.6282
0.6307
0.6270
0.6113
0.5936
0.5777
0.5486
0.4608
0.3990
0.3341
0.3293
0.3299
0.3274
0.3261
0.3236
0.3211
0.3185
0.3154
0.3129
0.3103
0.3078
0.3065
0.3046
0.3046
0.3065
0.3097
0.3097
0.3116
0.3153
0.3204
112.0
108.0
107.7
111.6
105.3
90.85
83.22
84.32
90.74
96.73
93.09
89.94
86.33
95.55
113.2
124.2
131.5
133.8
133.5
127.7
124.5
130.1
133.7
138.5
145.6
147.9
144.5
135.2
134.4
140.4
152.7
161.7
165.2
169.6
171.3
173.4
179.4
181.1
182.8
184.5
185.7
186.2
186.5
186.1
185.1
184.0
182.5
181.0
179.4
177.9
176.2
174.4
172.1
169.7
167.4
164.6
161.3
157.8
154.3
150.9
146.9
143.3
139.3
135.9
131.7
125.4
118.4
111.2
103.4
95.24
87.30
81.09
74.73
68.42
65.59
61.87
56.56
54.78
46.01
41.68
34.32
31.15
27.77
21.69
15.40
7.119
3.972
2.845
2.276
1.829
1.549
1.438
1.422
1.407
1.386
1.358
1.323
1.281
1.234
1.183
1.132
1.083
1.033
0.9880
0.9450
0.9073
0.8701
0.8391
0.8119
0.7898
0.7702
0.7531
0.7400
0.7286
0.7185
0.7090
0.6996
0.6932
0.6857
0.6806
0.6781
0.6756
0.6756
0.6743
0.6737
0.6750
0.6731
0.6712
0.6673
0.6598
0.6439
0.6247
0.6054
0.5978
0.5940
0.5896
0.5890
0.5890
0.5929
0.5985
0.6061
0.6137
0.6168
0.6187
0.6187
0.6187
0.6187
0.6187
0.6180
0.6092
0.5990
0.5813
0.5630
0.5485
0.5422
0.5138
0.4498
0.3828
0.3393
0.3375
0.3356
0.3311
0.3286
0.3261
0.3229
0.3210
0.3198
0.3185
0.3160
0.3115
0.3090
0.3078
0.3078
0.3110
0.3147
0.3173
0.3173
0.3179
0.3223
0.3223
0.3223
117.3
108.2
105.2
108.5
104.6
95.15
81.98
76.17
81.59
88.04
101.7
105.1
106.9
102.6
97.94
102.3
112.1
113.8
120.9
121.7
120.8
121.2
125.1
115.5
121.9
122.3
116.5
123.5
125.6
126.3
130.8
135.6
138.9
139.2
140.1
140.9
141.8
142.7
143.2
143.4
143.7
143.5
143.4
143.5
143.1
142.9
142.2
141.6
140.9
139.9
138.5
137.0
135.7
134.0
132.2
130.5
128.5
126.1
123.8
121.2
118.7
115.9
114.0
111.7
109.8
107.8
105.5
101.7
97.72
92.32
87.72
83.09
78.14
73.56
69.04
61.61
59.84
54.94
45.62
39.44
35.13
29.70
22.37
13.30
7.289
4.040
2.190
1.541
1.093
0.7415
0.5294
0.4909
0.4973
0.5081
0.5162
0.5220
0.5264
0.5258
0.5264
0.5289
0.5296
0.5296
0.5296
0.5309
0.5321
0.5328
0.5328
0.5334
0.5340
0.5365
0.5397
0.5435
0.5473
0.5505
0.5549
0.5605
0.5662
0.5700
0.5751
0.5814
0.5871
0.5959
0.5991
0.6054
0.6086
0.6123
0.6136
0.6143
0.6130
0.6093
0.6055
0.6017
0.6017
0.6023
0.6067
0.6155
0.6237
0.6331
0.6408
0.6484
0.6559
0.6628
0.6673
0.6718
0.6737
0.6737
0.6706
0.6562
0.6447
0.6402
0.6182
0.5476
0.4448
0.3806
0.3729
0.3704
0.3660
0.3647
0.3603
0.3577
0.3552
0.3514
0.3476
0.3451
0.3413
0.3388
0.3356
0.3312
0.3299
0.3274
0.3255
0.3230
0.3204
0.3167
0.3166
0.3166
0.3173
0.3173
0.3173
0.3204
0.3217
118.3
111.1
104.4
107.6
103.0
97.90
91.61
81.89
71.09
70.51
74.88
88.88
99.43
104.6
111.7
117.2
110.1
108.0
106.0
106.4
111.8
111.9
108.8
106.0
106.4
109.2
117.8
122.4
119.0
115.6
112.5
114.2
117.8
121.6
125.0
126.6
127.9
128.6
128.7
128.9
128.8
128.7
128.7
128.6
128.6
128.3
127.8
127.4
126.8
126.1
125.3
124.1
122.9
121.3
119.9
118.7
117.3
116.1
114.2
112.5
110.5
108.0
105.6
103.0
99.49
95.10
90.62
86.44
82.69
79.78
77.53
74.76
72.00
69.96
66.80
60.03
58.21
55.05
46.55
38.87
33.97
27.92
26.17
19.82
10.75
5.721
3.831
3.103
2.593
2.191
1.928
1.850
1.818
1.784
1.744
1.699
1.647
1.584
1.519
1.453
1.384
1.318
1.256
1.197
1.143
1.089
1.044
1.004
0.9661
0.9325
0.9047
0.8764
0.8548
0.8379
0.8232
0.8030
0.7868
0.7728
0.7602
0.7495
0.7413
0.7349
0.7286
0.7210
0.7154
0.7110
0.7091
0.7066
0.7032
0.6894
0.6754
0.6438
0.6306
0.6212
0.6117
0.6061
0.6061
0.6080
0.6105
0.6143
0.6168
0.6181
0.6181
0.6187
0.6162
0.6162
0.6162
0.6156
0.6142
0.6052
0.5895
0.5737
0.5521
0.5371
0.5327
0.5256
0.4724
0.3847
0.3596
0.3570
0.3514
0.3494
0.3450
0.3419
0.3394
0.3356
0.3324
0.3273
0.3217
0.3210
0.3185
0.3185
0.3185
0.3211
0.3236
0.3236
0.3236
0.3242
0.3248
0.3248
0.3236
116.4
112.5
98.06
99.35
102.1
101.8
91.48
82.53
88.79
89.50
92.29
90.90
96.93
99.27
91.81
91.32
93.07
108.5
125.0
127.1
116.9
108.6
106.1
101.7
112.4
116.8
116.0
113.7
118.2
114.1
119.1
121.4
123.9
129.5
131.4
134.2
136.7
138.4
138.8
139.0
139.2
139.1
138.9
139.2
138.8
138.6
138.8
139.1
139.6
140.2
140.4
140.2
139.9
139.3
138.2
137.3
136.4
135.1
133.3
131.5
128.8
125.8
122.0
118.3
115.3
112.2
108.4
103.9
99.88
96.53
92.87
89.27
84.93
79.85
73.80
68.23
64.09
59.33
53.96
45.92
37.73
29.54
25.48
14.12
7.896
5.439
3.963
3.259
2.665
2.259
2.016
1.969
1.942
1.918
1.885
1.840
1.789
1.727
1.656
1.573
1.488
1.401
1.313
1.231
1.158
1.091
1.034
0.9832
0.9399
0.9053
0.8735
0.8458
0.8224
0.8022
0.7838
0.7717
0.7604
0.7502
0.7408
0.7307
0.7231
0.7161
0.7085
0.7047
0.7028
0.6990
0.6971
0.6958
0.6946
0.6933
0.6914
0.6902
0.6638
0.6510
0.5750
0.5632
0.5612
0.5537
0.5492
0.5479
0.5479
0.5504
0.5612
0.5769
0.5939
0.6123
0.6269
0.6351
0.6402
0.6427
0.6465
0.6465
0.6472
0.6377
0.6163
0.5930
0.5859
0.5720
0.5101
0.3940
0.3719
0.3691
0.3634
0.3615
0.3571
0.3527
0.3489
0.3433
0.3382
0.3338
0.3287
0.3242
0.3198
0.3173
0.3179
0.3179
0.3179
0.3173
0.3192
0.3192
0.3204
116.0
114.7
102.5
106.1
106.8
109.9
111.2
91.02
82.12
75.62
87.52
103.0
123.7
105.4
81.84
77.45
84.09
109.5
121.3
136.2
114.4
113.5
113.7
123.4
133.1
131.5
122.0
124.0
122.3
131.0
135.5
137.3
143.7
145.3
146.5
147.1
147.8
147.8
148.0
147.7
147.8
147.7
147.2
147.2
146.6
146.3
146.3
145.5
144.7
143.8
143.2
142.4
141.7
141.2
140.2
138.9
137.4
135.9
133.8
131.5
128.7
125.8
122.1
118.6
114.9
112.3
110.3
107.3
101.7
95.44
90.43
84.92
79.36
75.13
70.92
69.51
62.45
53.52
46.87
34.13
18.70
18.15
15.39
14.49
5.314
3.446
2.085
1.425
0.9695
0.6860
0.5424
0.5751
0.6253
0.6779
0.7407
0.7790
0.8115
0.8345
0.8560
0.8761
0.8950
0.9202
0.9202
0.9189
0.9151
0.9100
0.9075
0.8987
0.8886
0.8772
0.8645
0.8505
0.8392
0.8266
0.8102
0.8001
0.7900
0.7761
0.7672
0.7596
0.7507
0.7431
0.7355
0.7267
0.7230
0.7217
0.7205
0.7205
0.7179
0.7154
0.7141
0.7141
0.7141
0.6825
0.6670
0.5953
0.5663
0.5637
0.5624
0.5613
0.5663
0.5740
0.5853
0.6006
0.6184
0.6398
0.6576
0.6776
0.6863
0.6863
0.6863
0.6851
0.6811
0.6622
0.6458
0.6178
0.5927
0.5801
0.5648
0.4824
0.3627
0.3577
0.3564
0.3514
0.3475
0.3425
0.3374
0.3336
0.3273
0.3198
0.3185
0.3185
0.3160
0.3160
0.3160
0.3160
0.3160
0.3173
0.3223
0.3223
0.3223
116.4
112.5
98.06
99.35
102.1
101.8
91.48
82.53
88.79
89.50
92.29
90.90
96.93
99.27
91.81
91.32
93.07
108.5
125.0
127.1
116.9
108.6
106.1
101.7
112.4
116.8
116.0
113.7
118.2
114.1
119.1
121.4
123.9
129.5
131.4
134.2
136.7
138.4
138.8
139.0
139.2
139.1
138.9
139.2
138.8
138.6
138.8
139.1
139.6
140.2
140.4
140.2
139.9
139.3
138.2
137.3
136.4
135.1
133.3
131.5
128.8
125.8
122.0
118.3
115.3
112.2
108.4
103.9
99.88
96.53
92.87
89.27
84.93
79.85
73.80
68.23
64.09
59.33
53.96
45.92
37.73
29.54
25.48
14.12
7.896
5.439
3.963
3.259
2.665
2.259
2.016
1.969
1.942
1.918
1.885
1.840
1.789
1.727
1.656
1.573
1.488
1.401
1.313
1.231
1.158
1.091
1.034
0.9832
0.9399
0.9053
0.8735
0.8458
0.8224
0.8022
0.7838
0.7717
0.7604
0.7502
0.7408
0.7307
0.7231
0.7161
0.7085
0.7047
0.7028
0.6990
0.6971
0.6958
0.6946
0.6933
0.6914
0.6902
0.6638
0.6510
0.5750
0.5632
0.5612
0.5537
0.5492
0.5479
0.5479
0.5504
0.5612
0.5769
0.5939
0.6123
0.6269
0.6351
0.6402
0.6427
0.6465
0.6465
0.6472
0.6377
0.6163
0.5930
0.5859
0.5720
0.5101
0.3940
0.3719
0.3691
0.3634
0.3615
0.3571
0.3527
0.3489
0.3433
0.3382
0.3338
0.3287
0.3242
0.3198
0.3173
0.3179
0.3179
0.3179
0.3173
0.3192
0.3192
0.3204
118.3
111.1
104.4
107.6
103.0
97.90
91.61
81.89
71.09
70.51
74.88
88.88
99.43
104.6
111.7
117.2
110.1
108.0
106.0
106.4
111.8
111.9
108.8
106.0
106.4
109.2
117.8
122.4
119.0
115.6
112.5
114.2
117.8
121.6
125.0
126.6
127.9
128.6
128.7
128.9
128.8
128.7
128.7
128.6
128.6
128.3
127.8
127.4
126.8
126.1
125.3
124.1
122.9
121.3
119.9
118.7
117.3
116.1
114.2
112.5
110.5
108.0
105.6
103.0
99.49
95.10
90.62
86.44
82.69
79.78
77.53
74.76
72.00
69.96
66.80
60.03
58.21
55.05
46.55
38.87
33.97
27.92
26.17
19.82
10.75
5.721
3.831
3.103
2.593
2.191
1.928
1.850
1.818
1.784
1.744
1.699
1.647
1.584
1.519
1.453
1.384
1.318
1.256
1.197
1.143
1.089
1.044
1.004
0.9661
0.9325
0.9047
0.8764
0.8548
0.8379
0.8232
0.8030
0.7868
0.7728
0.7602
0.7495
0.7413
0.7349
0.7286
0.7210
0.7154
0.7110
0.7091
0.7066
0.7032
0.6894
0.6754
0.6438
0.6306
0.6212
0.6117
0.6061
0.6061
0.6080
0.6105
0.6143
0.6168
0.6181
0.6181
0.6187
0.6162
0.6162
0.6162
0.6156
0.6142
0.6052
0.5895
0.5737
0.5521
0.5371
0.5327
0.5256
0.4724
0.3847
0.3596
0.3570
0.3514
0.3494
0.3450
0.3419
0.3394
0.3356
0.3324
0.3273
0.3217
0.3210
0.3185
0.3185
0.3185
0.3211
0.3236
0.3236
0.3236
0.3242
0.3248
0.3248
0.3236
117.3
108.2
105.2
108.5
104.6
95.15
81.98
76.17
81.59
88.04
101.7
105.1
106.9
102.6
97.94
102.3
112.1
113.8
120.9
121.7
120.8
121.2
125.1
115.5
121.9
122.3
116.5
123.5
125.6
126.3
130.8
135.6
138.9
139.2
140.1
140.9
141.8
142.7
143.2
143.4
143.7
143.5
143.4
143.5
143.1
142.9
142.2
141.6
140.9
139.9
138.5
137.0
135.7
134.0
132.2
130.5
128.5
126.1
123.8
121.2
118.7
115.9
114.0
111.7
109.8
107.8
105.5
101.7
97.72
92.32
87.72
83.09
78.14
73.56
69.04
61.61
59.84
54.94
45.62
39.44
35.13
29.70
22.37
13.30
7.289
4.040
2.190
1.541
1.093
0.7415
0.5294
0.4909
0.4973
0.5081
0.5162
0.5220
0.5264
0.5258
0.5264
0.5289
0.5296
0.5296
0.5296
0.5309
0.5321
0.5328
0.5328
0.5334
0.5340
0.5365
0.5397
0.5435
0.5473
0.5505
0.5549
0.5605
0.5662
0.5700
0.5751
0.5814
0.5871
0.5959
0.5991
0.6054
0.6086
0.6123
0.6136
0.6143
0.6130
0.6093
0.6055
0.6017
0.6017
0.6023
0.6067
0.6155
0.6237
0.6331
0.6408
0.6484
0.6559
0.6628
0.6673
0.6718
0.6737
0.6737
0.6706
0.6562
0.6447
0.6402
0.6182
0.5476
0.4448
0.3806
0.3729
0.3704
0.3660
0.3647
0.3603
0.3577
0.3552
0.3514
0.3476
0.3451
0.3413
0.3388
0.3356
0.3312
0.3299
0.3274
0.3255
0.3230
0.3204
0.3167
0.3166
0.3166
0.3173
0.3173
0.3173
0.3204
0.3217
112.0
108.0
107.7
111.6
105.3
90.85
83.22
84.32
90.74
96.73
93.09
89.94
86.33
95.55
113.2
124.2
131.5
133.8
133.5
127.7
124.5
130.1
133.7
138.5
145.6
147.9
144.5
135.2
134.4
140.4
152.7
161.7
165.2
169.6
171.3
173.4
179.4
181.1
182.8
184.5
185.7
186.2
186.5
186.1
185.1
184.0
182.5
181.0
179.4
177.9
176.2
174.4
172.1
169.7
167.4
164.6
161.3
157.8
154.3
150.9
146.9
143.3
139.3
135.9
131.7
125.4
118.4
111.2
103.4
95.24
87.30
81.09
74.73
68.42
65.59
61.87
56.56
54.78
46.01
41.68
34.32
31.15
27.77
21.69
15.40
7.119
3.972
2.845
2.276
1.829
1.549
1.438
1.422
1.407
1.386
1.358
1.323
1.281
1.234
1.183
1.132
1.083
1.033
0.9880
0.9450
0.9073
0.8701
0.8391
0.8119
0.7898
0.7702
0.7531
0.7400
0.7286
0.7185
0.7090
0.6996
0.6932
0.6857
0.6806
0.6781
0.6756
0.6756
0.6743
0.6737
0.6750
0.6731
0.6712
0.6673
0.6598
0.6439
0.6247
0.6054
0.5978
0.5940
0.5896
0.5890
0.5890
0.5929
0.5985
0.6061
0.6137
0.6168
0.6187
0.6187
0.6187
0.6187
0.6187
0.6180
0.6092
0.5990
0.5813
0.5630
0.5485
0.5422
0.5138
0.4498
0.3828
0.3393
0.3375
0.3356
0.3311
0.3286
0.3261
0.3229
0.3210
0.3198
0.3185
0.3160
0.3115
0.3090
0.3078
0.3078
0.3110
0.3147
0.3173
0.3173
0.3179
0.3223
0.3223
0.3223
105.7
108.7
111.1
107.4
101.2
93.72
97.07
99.41
97.36
88.87
79.38
83.34
90.00
112.8
127.9
147.9
143.0
142.1
134.0
136.3
149.2
156.0
171.4
162.3
162.1
158.2
157.8
172.1
173.9
179.1
181.7
186.2
200.4
213.7
217.5
220.9
223.9
227.4
231.3
234.9
239.0
242.4
245.3
246.8
248.8
250.8
252.6
254.4
255.8
256.9
257.0
255.9
254.4
252.2
249.6
245.9
242.0
237.0
232.0
226.7
220.9
215.3
209.9
204.4
198.1
190.0
179.8
166.2
152.1
138.1
124.8
113.2
103.7
93.59
82.13
75.93
65.89
61.14
46.16
40.37
35.46
27.78
19.58
15.41
9.269
5.167
3.752
2.924
2.330
1.871
1.573
1.450
1.438
1.427
1.413
1.386
1.352
1.310
1.260
1.208
1.154
1.101
1.051
1.003
0.9595
0.9173
0.8789
0.8458
0.8160
0.7909
0.7699
0.7517
0.7344
0.7200
0.7085
0.6984
0.6902
0.6826
0.6738
0.6643
0.6611
0.6529
0.6491
0.6472
0.6428
0.6434
0.6415
0.6402
0.6396
0.6383
0.6377
0.6283
0.6220
0.5920
0.5651
0.5292
0.5265
0.5221
0.5170
0.5163
0.5170
0.5213
0.5314
0.5472
0.5636
0.5820
0.5971
0.6097
0.6186
0.6206
0.6262
0.6282
0.6307
0.6270
0.6113
0.5936
0.5777
0.5486
0.4608
0.3990
0.3341
0.3293
0.3299
0.3274
0.3261
0.3236
0.3211
0.3185
0.3154
0.3129
0.3103
0.3078
0.3065
0.3046
0.3046
0.3065
0.3097
0.3097
0.3116
0.3153
0.3204
