SALVI
1
0
24
15.00
181
1.00

231101 OCH Z5M4 350 F3T4 VDR

231101 OCH Z5M4 350 F3T4 VDR.ldt
02 November 2023/TB
760
0
225
320
60
0
0
0
0
99.6
100.0
1.000
0.0
1
1
16 LED
2150.3


18.7
0.203
0.295
0.393
0.479
0.540
0.639
0.693
0.745
0.806
0.843
0.0
15.0
30.0
45.0
60.0
75.0
90.0
105.0
120.0
135.0
150.0
165.0
180.0
195.0
210.0
225.0
240.0
255.0
270.0
285.0
300.0
315.0
330.0
345.0
0.0
1.0
2.0
3.0
4.0
5.0
6.0
7.0
8.0
9.0
10.0
11.0
12.0
13.0
14.0
15.0
16.0
17.0
18.0
19.0
20.0
21.0
22.0
23.0
24.0
25.0
26.0
27.0
28.0
29.0
30.0
31.0
32.0
33.0
34.0
35.0
36.0
37.0
38.0
39.0
40.0
41.0
42.0
43.0
44.0
45.0
46.0
47.0
48.0
49.0
50.0
51.0
52.0
53.0
54.0
55.0
56.0
57.0
58.0
59.0
60.0
61.0
62.0
63.0
64.0
65.0
66.0
67.0
68.0
69.0
70.0
71.0
72.0
73.0
74.0
75.0
76.0
77.0
78.0
79.0
80.0
81.0
82.0
83.0
84.0
85.0
86.0
87.0
88.0
89.0
90.0
91.0
92.0
93.0
94.0
95.0
96.0
97.0
98.0
99.0
100.0
101.0
102.0
103.0
104.0
105.0
106.0
107.0
108.0
109.0
110.0
111.0
112.0
113.0
114.0
115.0
116.0
117.0
118.0
119.0
120.0
121.0
122.0
123.0
124.0
125.0
126.0
127.0
128.0
129.0
130.0
131.0
132.0
133.0
134.0
135.0
136.0
137.0
138.0
139.0
140.0
141.0
142.0
143.0
144.0
145.0
146.0
147.0
148.0
149.0
150.0
151.0
152.0
153.0
154.0
155.0
156.0
157.0
158.0
159.0
160.0
161.0
162.0
163.0
164.0
165.0
166.0
167.0
168.0
169.0
170.0
171.0
172.0
173.0
174.0
175.0
176.0
177.0
178.0
179.0
180.0
184.7
177.9
199.2
206.7
186.8
183.6
150.5
150.4
151.9
156.1
168.8
168.6
174.0
168.2
181.4
163.2
190.5
199.2
212.7
225.8
233.8
226.8
244.8
250.7
235.1
256.1
231.8
242.7
243.7
240.9
262.3
271.7
289.4
290.5
291.1
292.4
292.7
292.9
292.9
293.0
293.1
293.1
294.4
294.3
295.0
295.1
294.6
294.3
293.4
292.1
291.3
290.1
289.3
288.1
286.8
286.2
284.8
283.1
280.6
277.7
274.9
271.0
266.9
261.8
256.5
251.1
244.2
235.7
225.0
210.4
192.9
173.4
152.6
131.1
109.1
88.47
69.30
53.27
38.43
25.80
17.19
10.41
7.051
5.169
3.814
2.440
1.364
0.6823
0.3322
0.2496
0.3087
0.3637
0.4069
0.4637
0.5100
0.5557
0.5876
0.6127
0.6449
0.6563
0.6815
0.7109
0.7248
0.7431
0.7546
0.7615
0.7660
0.7660
0.7660
0.7660
0.7660
0.7637
0.7592
0.7569
0.7569
0.7569
0.7569
0.7569
0.7569
0.7501
0.7478
0.7478
0.7410
0.7454
0.7432
0.7432
0.7455
0.7478
0.7523
0.7523
0.7523
0.7523
0.7388
0.7179
0.6586
0.6217
0.5762
0.5695
0.5648
0.5671
0.5695
0.5740
0.5786
0.5967
0.6289
0.6518
0.6813
0.7113
0.7226
0.7249
0.7272
0.7272
0.7317
0.7294
0.7135
0.6951
0.6676
0.6448
0.5426
0.4596
0.3928
0.2973
0.2973
0.2973
0.2973
0.2973
0.2973
0.2973
0.2973
0.2973
0.2973
0.2996
0.3041
0.3018
0.3018
0.3018
0.3018
0.3018
0.3018
0.3018
0.3018
174.3
172.0
192.9
210.0
189.4
175.1
149.4
150.0
150.6
147.1
153.1
172.4
189.5
201.8
212.2
215.2
221.6
225.9
207.6
217.2
229.8
224.2
231.9
247.8
247.5
251.1
253.4
249.3
250.7
239.2
250.8
271.9
279.6
301.6
303.4
307.1
312.3
316.8
319.4
322.0
323.9
327.2
330.1
333.6
337.1
339.1
338.3
338.5
338.2
338.3
338.8
339.7
339.7
340.5
340.9
342.0
341.1
340.3
341.2
342.4
346.0
348.8
348.5
348.9
348.6
347.0
344.0
341.4
335.8
325.5
304.8
280.9
248.7
216.4
182.4
150.4
117.2
87.64
62.04
43.73
29.61
19.49
12.93
8.330
5.672
3.918
2.621
1.917
1.543
1.413
1.360
1.342
1.319
1.310
1.287
1.269
1.237
1.205
1.173
1.139
1.095
1.045
0.9965
0.9419
0.8960
0.8457
0.8091
0.7725
0.7385
0.7225
0.7131
0.6882
0.6768
0.6677
0.6584
0.6493
0.6380
0.6357
0.6357
0.6357
0.6357
0.6357
0.6357
0.6357
0.6357
0.6311
0.6311
0.6311
0.6311
0.6312
0.6333
0.6242
0.6057
0.5712
0.5234
0.5008
0.4962
0.4962
0.4962
0.4986
0.5101
0.5238
0.5397
0.5538
0.5811
0.6108
0.6359
0.6563
0.6586
0.6654
0.6586
0.6563
0.6585
0.6538
0.6265
0.6104
0.5943
0.5757
0.4653
0.3630
0.2904
0.2950
0.2950
0.2950
0.2995
0.2973
0.2996
0.3041
0.3064
0.3087
0.3110
0.3156
0.3202
0.3247
0.3293
0.3339
0.3362
0.3384
0.3407
0.3407
0.3407
158.4
173.4
177.7
201.6
194.4
174.2
166.1
168.0
163.0
166.8
171.1
157.9
163.6
163.7
203.1
204.8
203.1
208.3
203.7
212.4
215.4
233.5
239.4
241.7
257.3
241.8
244.3
243.2
254.0
256.7
257.7
263.2
261.8
264.8
279.0
280.0
288.8
289.7
289.7
290.5
291.9
293.7
295.6
298.4
299.9
302.8
305.8
308.1
312.0
315.1
317.7
320.0
322.1
325.0
328.4
333.6
339.1
345.8
351.8
357.8
363.5
367.9
371.6
374.7
375.9
374.9
370.5
363.4
352.3
335.7
312.7
281.7
244.2
203.3
165.6
127.5
98.12
71.07
49.37
32.73
21.30
13.00
8.306
5.687
4.101
2.935
2.088
1.596
1.348
1.240
1.194
1.169
1.141
1.118
1.086
1.059
1.029
1.006
0.9787
0.9537
0.9263
0.9012
0.8783
0.8576
0.8327
0.8142
0.8004
0.7800
0.7615
0.7456
0.7342
0.7204
0.7158
0.7090
0.6998
0.6907
0.6769
0.6678
0.6587
0.6495
0.6449
0.6403
0.6335
0.6334
0.6334
0.6311
0.6311
0.6311
0.6311
0.6266
0.6197
0.5925
0.5764
0.5717
0.5626
0.5558
0.5512
0.5488
0.5488
0.5488
0.5488
0.5511
0.5579
0.5602
0.5715
0.5717
0.5717
0.5717
0.5717
0.5717
0.5717
0.5671
0.5490
0.5352
0.5351
0.5237
0.4199
0.2937
0.2611
0.2607
0.2607
0.2607
0.2607
0.2607
0.2607
0.2607
0.2630
0.2630
0.2630
0.2652
0.2698
0.2721
0.2812
0.2835
0.2904
0.2904
0.3086
0.3110
0.3156
0.3247
0.3247
145.4
168.8
186.0
202.1
189.8
179.4
146.9
138.7
151.2
156.2
164.7
205.9
221.3
240.4
227.8
234.7
235.3
253.6
242.5
255.8
251.4
261.5
251.6
259.7
255.4
267.8
256.4
266.5
259.8
274.3
276.2
295.4
311.3
320.0
321.1
322.4
323.8
325.6
327.8
330.0
331.9
332.6
333.2
334.2
335.3
336.8
340.2
343.1
346.6
351.1
355.7
361.4
368.5
375.7
384.3
393.9
402.7
411.0
417.1
421.4
425.3
427.7
427.7
424.9
417.9
407.3
389.1
364.1
335.7
300.5
260.5
215.8
167.9
123.1
87.16
60.00
39.49
25.07
16.72
11.71
8.765
7.061
5.500
4.035
2.904
1.890
1.070
0.5673
0.3076
0.2379
0.2447
0.2516
0.2607
0.2653
0.2767
0.2836
0.2927
0.2973
0.3018
0.3042
0.3088
0.3156
0.3202
0.3247
0.3271
0.3361
0.3385
0.3453
0.3499
0.3568
0.3659
0.3683
0.3773
0.3820
0.3911
0.4025
0.4049
0.4185
0.4254
0.4345
0.4482
0.4551
0.4712
0.4802
0.4825
0.4848
0.4848
0.4848
0.4848
0.4848
0.4848
0.4871
0.4963
0.5010
0.5215
0.5353
0.5512
0.5695
0.5833
0.6061
0.6221
0.6381
0.6471
0.6426
0.6426
0.6426
0.6448
0.6403
0.6403
0.6424
0.6080
0.5229
0.3765
0.2650
0.2355
0.2401
0.2401
0.2424
0.2470
0.2515
0.2516
0.2539
0.2607
0.2630
0.2699
0.2721
0.2767
0.2813
0.2836
0.2905
0.2996
0.3065
0.3179
0.3224
0.3248
0.3316
0.3362
0.3407
0.3430
0.3430
0.3430
143.8
165.5
197.4
207.1
197.1
164.7
164.7
185.9
195.4
176.6
181.7
182.3
172.4
178.7
207.5
221.5
221.8
225.7
223.9
216.9
222.4
236.4
242.2
259.6
267.6
257.5
244.8
257.6
252.9
262.7
279.9
280.7
286.6
293.4
292.2
305.2
314.7
317.2
320.8
323.5
325.6
328.4
329.5
332.7
337.3
342.7
349.7
357.7
367.2
376.8
384.3
393.7
402.5
411.4
418.6
424.6
430.3
432.8
433.2
430.2
424.3
410.4
392.3
368.5
339.5
303.7
261.5
222.0
184.5
147.0
115.1
87.93
65.72
48.55
35.47
24.91
17.26
12.49
9.826
8.267
7.029
5.875
4.685
3.660
2.765
1.961
1.294
0.8816
0.6792
0.6088
0.5925
0.5923
0.5900
0.5877
0.5831
0.5831
0.5740
0.5694
0.5671
0.5671
0.5581
0.5512
0.5466
0.5375
0.5306
0.5260
0.5237
0.5123
0.5099
0.5077
0.5031
0.4985
0.4962
0.4962
0.4962
0.4962
0.4962
0.4985
0.4940
0.4917
0.4916
0.4916
0.4916
0.4939
0.4939
0.4939
0.4962
0.4985
0.4985
0.5053
0.5054
0.5054
0.5031
0.4986
0.4917
0.4894
0.4871
0.4848
0.4893
0.4984
0.5098
0.5259
0.5395
0.5600
0.5715
0.5785
0.5808
0.5921
0.6058
0.6151
0.6174
0.6151
0.6015
0.5877
0.5854
0.5627
0.4596
0.3121
0.2325
0.2265
0.2264
0.2264
0.2264
0.2264
0.2264
0.2287
0.2287
0.2287
0.2332
0.2355
0.2446
0.2627
0.2698
0.2766
0.2835
0.2858
0.3018
0.3087
0.3291
0.3384
0.3544
147.3
151.5
198.0
229.5
240.0
188.3
167.2
159.2
161.2
168.0
165.3
173.5
220.0
254.8
263.6
272.2
272.8
255.7
246.3
249.6
252.2
259.0
264.2
268.6
289.7
306.8
292.5
303.4
292.3
275.6
293.5
298.2
324.9
343.7
348.4
356.9
368.1
378.1
386.6
392.6
395.8
401.8
411.2
421.4
429.2
440.0
449.6
457.2
463.9
474.6
481.1
487.2
490.5
494.3
494.9
492.6
487.1
479.6
465.7
444.7
417.2
382.4
342.0
301.0
260.9
222.8
189.5
163.1
137.0
110.1
88.38
69.17
54.49
42.86
33.28
25.06
18.29
14.17
11.47
9.648
8.080
6.637
5.227
4.098
3.051
2.069
1.346
0.8729
0.6672
0.5830
0.5763
0.5762
0.5740
0.5740
0.5739
0.5694
0.5671
0.5648
0.5603
0.5625
0.5556
0.5441
0.5328
0.5236
0.5167
0.5075
0.5008
0.4939
0.4939
0.4893
0.4847
0.4802
0.4779
0.4779
0.4779
0.4779
0.4779
0.4779
0.4779
0.4779
0.4779
0.4780
0.4825
0.4849
0.4917
0.4939
0.4939
0.4939
0.4962
0.4916
0.4916
0.4916
0.4847
0.4800
0.4527
0.4459
0.4459
0.4459
0.4482
0.4529
0.4620
0.4736
0.4965
0.5261
0.5557
0.5883
0.6266
0.6542
0.6678
0.6861
0.6974
0.6952
0.6974
0.6928
0.6791
0.6608
0.6539
0.6440
0.5657
0.3170
0.2425
0.2493
0.2516
0.2562
0.2652
0.2653
0.2698
0.2744
0.2768
0.2836
0.2905
0.3042
0.3066
0.3180
0.3293
0.3408
0.3476
0.3545
0.3591
0.3659
0.3636
138.3
157.8
191.4
252.1
228.0
174.6
174.6
177.1
182.4
185.8
192.6
205.0
266.3
214.0
174.4
219.3
224.9
209.1
261.4
315.0
284.3
323.2
329.0
317.4
357.3
324.3
333.6
340.5
310.7
351.0
358.0
389.0
405.0
406.1
408.3
412.9
418.9
425.7
431.1
434.8
437.6
441.4
446.6
447.5
455.1
460.5
466.7
468.8
477.6
480.7
485.6
488.2
489.6
487.2
482.5
477.6
466.3
452.0
433.9
408.2
377.8
343.8
308.5
275.1
245.6
216.2
190.5
165.9
140.9
111.1
89.60
74.52
59.24
43.41
32.24
22.51
16.09
13.01
11.03
9.197
7.649
6.291
5.020
3.834
2.836
1.790
0.7867
0.3570
0.1903
0.1100
0.1098
0.1233
0.1417
0.1600
0.2012
0.2240
0.2423
0.2649
0.2698
0.2834
0.3016
0.3153
0.3382
0.3566
0.3658
0.3794
0.3979
0.4115
0.4161
0.4162
0.4345
0.4435
0.4482
0.4527
0.4573
0.4664
0.4665
0.4665
0.4665
0.4665
0.4665
0.4665
0.4665
0.4665
0.4665
0.4665
0.4846
0.4848
0.4893
0.4939
0.5030
0.5121
0.5122
0.5122
0.5122
0.4895
0.4531
0.4528
0.4528
0.4528
0.4528
0.4528
0.4664
0.4935
0.5350
0.5667
0.6121
0.6443
0.6811
0.7085
0.7134
0.7362
0.7454
0.7590
0.7592
0.7592
0.7410
0.7181
0.6954
0.5172
0.2581
0.2470
0.2470
0.2470
0.2470
0.2470
0.2470
0.2470
0.2470
0.2470
0.2470
0.2695
0.2744
0.2790
0.2835
0.2971
0.3064
0.3155
0.3338
0.3430
0.3522
147.3
151.5
198.0
229.5
240.0
188.3
167.2
159.2
161.2
168.0
165.3
173.5
220.0
254.8
263.6
272.2
272.8
255.7
246.3
249.6
252.2
259.0
264.2
268.6
289.7
306.8
292.5
303.4
292.3
275.6
293.5
298.2
324.9
343.7
348.4
356.9
368.1
378.1
386.6
392.6
395.8
401.8
411.2
421.4
429.2
440.0
449.6
457.2
463.9
474.6
481.1
487.2
490.5
494.3
494.9
492.6
487.1
479.6
465.7
444.7
417.2
382.4
342.0
301.0
260.9
222.8
189.5
163.1
137.0
110.1
88.38
69.17
54.49
42.86
33.28
25.06
18.29
14.17
11.47
9.648
8.080
6.637
5.227
4.098
3.051
2.069
1.346
0.8729
0.6672
0.5830
0.5763
0.5762
0.5740
0.5740
0.5739
0.5694
0.5671
0.5648
0.5603
0.5625
0.5556
0.5441
0.5328
0.5236
0.5167
0.5075
0.5008
0.4939
0.4939
0.4893
0.4847
0.4802
0.4779
0.4779
0.4779
0.4779
0.4779
0.4779
0.4779
0.4779
0.4779
0.4780
0.4825
0.4849
0.4917
0.4939
0.4939
0.4939
0.4962
0.4916
0.4916
0.4916
0.4847
0.4800
0.4527
0.4459
0.4459
0.4459
0.4482
0.4529
0.4620
0.4736
0.4965
0.5261
0.5557
0.5883
0.6266
0.6542
0.6678
0.6861
0.6974
0.6952
0.6974
0.6928
0.6791
0.6608
0.6539
0.6440
0.5657
0.3170
0.2425
0.2493
0.2516
0.2562
0.2652
0.2653
0.2698
0.2744
0.2768
0.2836
0.2905
0.3042
0.3066
0.3180
0.3293
0.3408
0.3476
0.3545
0.3591
0.3659
0.3636
143.8
165.5
197.4
207.1
197.1
164.7
164.7
185.9
195.4
176.6
181.7
182.3
172.4
178.7
207.5
221.5
221.8
225.7
223.9
216.9
222.4
236.4
242.2
259.6
267.6
257.5
244.8
257.6
252.9
262.7
279.9
280.7
286.6
293.4
292.2
305.2
314.7
317.2
320.8
323.5
325.6
328.4
329.5
332.7
337.3
342.7
349.7
357.7
367.2
376.8
384.3
393.7
402.5
411.4
418.6
424.6
430.3
432.8
433.2
430.2
424.3
410.4
392.3
368.5
339.5
303.7
261.5
222.0
184.5
147.0
115.1
87.93
65.72
48.55
35.47
24.91
17.26
12.49
9.826
8.267
7.029
5.875
4.685
3.660
2.765
1.961
1.294
0.8816
0.6792
0.6088
0.5925
0.5923
0.5900
0.5877
0.5831
0.5831
0.5740
0.5694
0.5671
0.5671
0.5581
0.5512
0.5466
0.5375
0.5306
0.5260
0.5237
0.5123
0.5099
0.5077
0.5031
0.4985
0.4962
0.4962
0.4962
0.4962
0.4962
0.4985
0.4940
0.4917
0.4916
0.4916
0.4916
0.4939
0.4939
0.4939
0.4962
0.4985
0.4985
0.5053
0.5054
0.5054
0.5031
0.4986
0.4917
0.4894
0.4871
0.4848
0.4893
0.4984
0.5098
0.5259
0.5395
0.5600
0.5715
0.5785
0.5808
0.5921
0.6058
0.6151
0.6174
0.6151
0.6015
0.5877
0.5854
0.5627
0.4596
0.3121
0.2325
0.2265
0.2264
0.2264
0.2264
0.2264
0.2264
0.2287
0.2287
0.2287
0.2332
0.2355
0.2446
0.2627
0.2698
0.2766
0.2835
0.2858
0.3018
0.3087
0.3291
0.3384
0.3544
145.4
168.8
186.0
202.1
189.8
179.4
146.9
138.7
151.2
156.2
164.7
205.9
221.3
240.4
227.8
234.7
235.3
253.6
242.5
255.8
251.4
261.5
251.6
259.7
255.4
267.8
256.4
266.5
259.8
274.3
276.2
295.4
311.3
320.0
321.1
322.4
323.8
325.6
327.8
330.0
331.9
332.6
333.2
334.2
335.3
336.8
340.2
343.1
346.6
351.1
355.7
361.4
368.5
375.7
384.3
393.9
402.7
411.0
417.1
421.4
425.3
427.7
427.7
424.9
417.9
407.3
389.1
364.1
335.7
300.5
260.5
215.8
167.9
123.1
87.16
60.00
39.49
25.07
16.72
11.71
8.765
7.061
5.500
4.035
2.904
1.890
1.070
0.5673
0.3076
0.2379
0.2447
0.2516
0.2607
0.2653
0.2767
0.2836
0.2927
0.2973
0.3018
0.3042
0.3088
0.3156
0.3202
0.3247
0.3271
0.3361
0.3385
0.3453
0.3499
0.3568
0.3659
0.3683
0.3773
0.3820
0.3911
0.4025
0.4049
0.4185
0.4254
0.4345
0.4482
0.4551
0.4712
0.4802
0.4825
0.4848
0.4848
0.4848
0.4848
0.4848
0.4848
0.4871
0.4963
0.5010
0.5215
0.5353
0.5512
0.5695
0.5833
0.6061
0.6221
0.6381
0.6471
0.6426
0.6426
0.6426
0.6448
0.6403
0.6403
0.6424
0.6080
0.5229
0.3765
0.2650
0.2355
0.2401
0.2401
0.2424
0.2470
0.2515
0.2516
0.2539
0.2607
0.2630
0.2699
0.2721
0.2767
0.2813
0.2836
0.2905
0.2996
0.3065
0.3179
0.3224
0.3248
0.3316
0.3362
0.3407
0.3430
0.3430
0.3430
158.4
173.4
177.7
201.6
194.4
174.2
166.1
168.0
163.0
166.8
171.1
157.9
163.6
163.7
203.1
204.8
203.1
208.3
203.7
212.4
215.4
233.5
239.4
241.7
257.3
241.8
244.3
243.2
254.0
256.7
257.7
263.2
261.8
264.8
279.0
280.0
288.8
289.7
289.7
290.5
291.9
293.7
295.6
298.4
299.9
302.8
305.8
308.1
312.0
315.1
317.7
320.0
322.1
325.0
328.4
333.6
339.1
345.8
351.8
357.8
363.5
367.9
371.6
374.7
375.9
374.9
370.5
363.4
352.3
335.7
312.7
281.7
244.2
203.3
165.6
127.5
98.12
71.07
49.37
32.73
21.30
13.00
8.306
5.687
4.101
2.935
2.088
1.596
1.348
1.240
1.194
1.169
1.141
1.118
1.086
1.059
1.029
1.006
0.9787
0.9537
0.9263
0.9012
0.8783
0.8576
0.8327
0.8142
0.8004
0.7800
0.7615
0.7456
0.7342
0.7204
0.7158
0.7090
0.6998
0.6907
0.6769
0.6678
0.6587
0.6495
0.6449
0.6403
0.6335
0.6334
0.6334
0.6311
0.6311
0.6311
0.6311
0.6266
0.6197
0.5925
0.5764
0.5717
0.5626
0.5558
0.5512
0.5488
0.5488
0.5488
0.5488
0.5511
0.5579
0.5602
0.5715
0.5717
0.5717
0.5717
0.5717
0.5717
0.5717
0.5671
0.5490
0.5352
0.5351
0.5237
0.4199
0.2937
0.2611
0.2607
0.2607
0.2607
0.2607
0.2607
0.2607
0.2607
0.2630
0.2630
0.2630
0.2652
0.2698
0.2721
0.2812
0.2835
0.2904
0.2904
0.3086
0.3110
0.3156
0.3247
0.3247
174.3
172.0
192.9
210.0
189.4
175.1
149.4
150.0
150.6
147.1
153.1
172.4
189.5
201.8
212.2
215.2
221.6
225.9
207.6
217.2
229.8
224.2
231.9
247.8
247.5
251.1
253.4
249.3
250.7
239.2
250.8
271.9
279.6
301.6
303.4
307.1
312.3
316.8
319.4
322.0
323.9
327.2
330.1
333.6
337.1
339.1
338.3
338.5
338.2
338.3
338.8
339.7
339.7
340.5
340.9
342.0
341.1
340.3
341.2
342.4
346.0
348.8
348.5
348.9
348.6
347.0
344.0
341.4
335.8
325.5
304.8
280.9
248.7
216.4
182.4
150.4
117.2
87.64
62.04
43.73
29.61
19.49
12.93
8.330
5.672
3.918
2.621
1.917
1.543
1.413
1.360
1.342
1.319
1.310
1.287
1.269
1.237
1.205
1.173
1.139
1.095
1.045
0.9965
0.9419
0.8960
0.8457
0.8091
0.7725
0.7385
0.7225
0.7131
0.6882
0.6768
0.6677
0.6584
0.6493
0.6380
0.6357
0.6357
0.6357
0.6357
0.6357
0.6357
0.6357
0.6357
0.6311
0.6311
0.6311
0.6311
0.6312
0.6333
0.6242
0.6057
0.5712
0.5234
0.5008
0.4962
0.4962
0.4962
0.4986
0.5101
0.5238
0.5397
0.5538
0.5811
0.6108
0.6359
0.6563
0.6586
0.6654
0.6586
0.6563
0.6585
0.6538
0.6265
0.6104
0.5943
0.5757
0.4653
0.3630
0.2904
0.2950
0.2950
0.2950
0.2995
0.2973
0.2996
0.3041
0.3064
0.3087
0.3110
0.3156
0.3202
0.3247
0.3293
0.3339
0.3362
0.3384
0.3407
0.3407
0.3407
184.7
177.9
199.2
206.7
186.8
183.6
150.5
150.4
151.9
156.1
168.8
168.6
174.0
168.2
181.4
163.2
190.5
199.2
212.7
225.8
233.8
226.8
244.8
250.7
235.1
256.1
231.8
242.7
243.7
240.9
262.3
271.7
289.4
290.5
291.1
292.4
292.7
292.9
292.9
293.0
293.1
293.1
294.4
294.3
295.0
295.1
294.6
294.3
293.4
292.1
291.3
290.1
289.3
288.1
286.8
286.2
284.8
283.1
280.6
277.7
274.9
271.0
266.9
261.8
256.5
251.1
244.2
235.7
225.0
210.4
192.9
173.4
152.6
131.1
109.1
88.47
69.30
53.27
38.43
25.80
17.19
10.41
7.051
5.169
3.814
2.440
1.364
0.6823
0.3322
0.2496
0.3087
0.3637
0.4069
0.4637
0.5100
0.5557
0.5876
0.6127
0.6449
0.6563
0.6815
0.7109
0.7248
0.7431
0.7546
0.7615
0.7660
0.7660
0.7660
0.7660
0.7660
0.7637
0.7592
0.7569
0.7569
0.7569
0.7569
0.7569
0.7569
0.7501
0.7478
0.7478
0.7410
0.7454
0.7432
0.7432
0.7455
0.7478
0.7523
0.7523
0.7523
0.7523
0.7388
0.7179
0.6586
0.6217
0.5762
0.5695
0.5648
0.5671
0.5695
0.5740
0.5786
0.5967
0.6289
0.6518
0.6813
0.7113
0.7226
0.7249
0.7272
0.7272
0.7317
0.7294
0.7135
0.6951
0.6676
0.6448
0.5426
0.4596
0.3928
0.2973
0.2973
0.2973
0.2973
0.2973
0.2973
0.2973
0.2973
0.2973
0.2973
0.2996
0.3041
0.3018
0.3018
0.3018
0.3018
0.3018
0.3018
0.3018
0.3018
174.3
163.0
169.0
185.1
186.0
171.2
140.7
143.5
138.0
135.5
135.0
148.3
149.4
167.8
179.1
179.8
183.7
177.6
166.8
165.9
170.1
166.2
169.9
173.8
174.3
178.9
180.0
177.4
177.6
170.0
176.3
187.3
189.6
204.4
207.5
208.5
208.4
208.2
207.6
206.9
208.0
211.5
213.7
213.7
212.1
210.9
209.4
207.6
205.3
203.8
202.6
201.5
199.6
197.1
194.7
191.9
189.4
185.9
182.3
178.6
174.3
169.5
164.7
159.3
152.8
145.9
138.4
130.4
120.6
109.5
96.50
81.87
68.79
57.08
46.91
37.69
29.78
22.84
18.01
14.60
11.64
9.265
7.417
5.903
4.456
3.269
2.331
1.778
1.491
1.379
1.365
1.361
1.356
1.349
1.349
1.345
1.329
1.303
1.274
1.244
1.210
1.173
1.132
1.094
1.059
1.018
0.9837
0.9538
0.9218
0.9011
0.8760
0.8554
0.8439
0.8279
0.8187
0.8095
0.8027
0.7936
0.7845
0.7775
0.7707
0.7683
0.7615
0.7615
0.7569
0.7569
0.7546
0.7569
0.7524
0.7523
0.7501
0.7388
0.7318
0.7003
0.6681
0.6249
0.6175
0.6129
0.6061
0.6014
0.5991
0.5991
0.6036
0.6196
0.6515
0.6654
0.6950
0.7089
0.7111
0.7157
0.7180
0.7203
0.7203
0.7203
0.7158
0.7044
0.6771
0.6451
0.5298
0.4465
0.3508
0.3453
0.3430
0.3407
0.3407
0.3430
0.3430
0.3385
0.3362
0.3317
0.3270
0.3270
0.3270
0.3247
0.3247
0.3247
0.3247
0.3270
0.3361
0.3384
0.3384
158.4
161.0
169.0
174.4
170.2
144.4
128.4
125.3
139.6
137.3
130.5
127.5
117.9
126.2
140.9
142.1
143.1
143.0
138.3
137.9
138.0
136.6
135.2
136.7
143.6
139.2
137.5
136.6
134.7
132.0
140.3
139.8
141.2
145.8
145.6
147.3
149.6
149.2
148.9
148.6
147.9
145.5
142.7
140.7
139.2
137.5
135.8
133.8
131.5
129.7
127.6
125.1
122.6
119.7
117.1
114.3
111.7
108.8
106.0
102.9
99.46
95.77
91.60
87.52
83.08
78.47
73.33
67.57
61.04
53.35
45.57
38.42
32.37
26.73
22.03
18.44
15.75
13.46
11.63
10.11
8.697
7.443
6.272
5.177
4.117
3.181
2.342
1.770
1.452
1.338
1.329
1.317
1.312
1.303
1.290
1.274
1.264
1.237
1.200
1.173
1.134
1.090
1.058
1.019
0.9807
0.9490
0.9167
0.8986
0.8778
0.8528
0.8322
0.8117
0.8072
0.8003
0.7912
0.7912
0.7889
0.7843
0.7797
0.7775
0.7775
0.7752
0.7752
0.7774
0.7729
0.7729
0.7729
0.7706
0.7635
0.7500
0.7316
0.7064
0.6883
0.6837
0.6837
0.6837
0.6860
0.6861
0.6953
0.7043
0.7089
0.7158
0.7203
0.7157
0.7157
0.7157
0.7157
0.7157
0.7134
0.7109
0.6790
0.6563
0.6376
0.6128
0.6055
0.5689
0.4818
0.3977
0.3453
0.3407
0.3385
0.3407
0.3361
0.3361
0.3361
0.3339
0.3338
0.3316
0.3316
0.3316
0.3316
0.3316
0.3339
0.3339
0.3430
0.3430
0.3430
0.3453
0.3476
0.3476
0.3476
145.4
159.1
179.2
171.5
161.0
128.3
122.0
99.20
102.7
114.7
121.5
130.3
147.1
142.8
140.3
130.9
138.0
135.6
136.9
130.0
135.3
131.2
130.5
123.1
128.0
123.9
124.8
118.6
124.6
124.3
127.7
131.0
138.7
138.4
137.7
136.5
135.2
133.7
132.0
130.2
128.7
126.9
125.0
123.2
121.2
119.2
117.6
115.9
114.1
112.0
109.5
106.7
104.0
100.9
98.12
95.34
92.82
90.11
87.50
84.89
82.12
78.89
75.45
71.68
67.43
62.78
57.88
52.60
47.12
41.44
34.84
28.48
23.54
19.97
17.30
15.21
13.44
11.72
10.15
8.637
7.277
5.972
4.727
3.637
2.699
1.794
1.113
0.6742
0.4452
0.3844
0.3841
0.3842
0.3887
0.4068
0.4161
0.4343
0.4413
0.4459
0.4527
0.4641
0.4619
0.4619
0.4664
0.4733
0.4825
0.4893
0.4984
0.5076
0.5213
0.5327
0.5374
0.5419
0.5487
0.5602
0.5648
0.5761
0.5966
0.6036
0.6128
0.6128
0.6242
0.6402
0.6493
0.6745
0.6814
0.6815
0.6814
0.6814
0.6814
0.6814
0.6814
0.6814
0.6792
0.6792
0.6792
0.6860
0.6928
0.7109
0.7157
0.7271
0.7408
0.7455
0.7455
0.7523
0.7615
0.7615
0.7615
0.7502
0.7297
0.7294
0.7000
0.6205
0.4976
0.4232
0.4185
0.4139
0.4116
0.4093
0.4048
0.4025
0.3979
0.3956
0.3911
0.3865
0.3842
0.3819
0.3774
0.3727
0.3727
0.3660
0.3613
0.3590
0.3590
0.3568
0.3567
0.3567
0.3544
0.3544
0.3544
0.3544
0.3522
143.8
161.6
179.9
180.4
156.3
133.6
124.3
134.5
134.3
114.3
104.3
100.0
100.8
104.5
110.3
117.6
113.0
112.5
107.4
105.7
109.7
108.7
118.5
116.2
117.2
112.6
108.2
107.7
105.2
109.0
108.6
107.2
109.4
108.5
110.8
113.3
112.3
111.5
110.3
109.3
108.9
108.5
108.0
107.2
106.1
104.4
102.7
100.8
98.69
96.62
94.77
92.75
90.93
89.11
87.43
85.69
83.75
81.62
79.08
76.70
74.18
71.31
68.11
64.59
60.74
56.53
51.74
46.92
41.50
35.45
30.35
26.57
23.24
20.19
17.77
15.96
14.28
12.70
11.24
9.792
8.469
7.326
6.212
5.217
4.313
3.416
2.640
2.125
1.858
1.749
1.737
1.701
1.674
1.653
1.623
1.596
1.555
1.522
1.474
1.428
1.376
1.324
1.273
1.234
1.189
1.143
1.107
1.079
1.047
1.020
0.9969
0.9808
0.9626
0.9488
0.9374
0.9214
0.9077
0.8985
0.8849
0.8802
0.8621
0.8598
0.8574
0.8506
0.8483
0.8438
0.8461
0.8437
0.8388
0.8139
0.7976
0.7385
0.7249
0.7178
0.6972
0.6723
0.6723
0.6723
0.6723
0.6723
0.6723
0.6723
0.6700
0.6678
0.6700
0.6654
0.6631
0.6631
0.6608
0.6493
0.6333
0.6102
0.5830
0.5716
0.5693
0.5642
0.4932
0.4135
0.3887
0.3888
0.3909
0.3772
0.3703
0.3613
0.3590
0.3590
0.3567
0.3567
0.3545
0.3567
0.3522
0.3522
0.3522
0.3522
0.3522
0.3522
0.3522
0.3522
0.3522
0.3521
0.3476
147.3
154.3
183.9
195.2
171.6
129.3
116.9
109.2
109.0
101.9
94.65
113.7
122.7
134.0
131.8
133.0
131.9
113.3
112.8
111.4
107.8
112.9
116.4
115.0
118.2
112.6
112.7
114.8
101.8
104.7
104.0
106.5
114.7
116.6
117.6
118.7
118.3
117.2
116.4
116.0
116.7
116.5
116.9
115.8
113.2
110.1
107.1
104.5
102.4
100.6
98.87
97.46
95.81
94.07
92.06
89.91
87.71
85.28
82.75
80.20
77.61
74.66
71.15
67.42
63.09
58.35
53.50
48.90
43.75
38.70
34.02
29.41
26.01
22.67
19.92
17.57
15.65
14.00
12.63
11.35
10.03
8.619
7.241
5.976
4.787
3.641
2.739
2.255
1.987
1.916
1.900
1.877
1.859
1.843
1.825
1.800
1.764
1.722
1.679
1.624
1.569
1.521
1.458
1.391
1.331
1.270
1.212
1.162
1.121
1.082
1.043
1.013
0.9947
0.9697
0.9515
0.9399
0.9285
0.9193
0.9035
0.9010
0.8874
0.8827
0.8713
0.8712
0.8690
0.8622
0.8621
0.8621
0.8621
0.8575
0.8553
0.8507
0.8141
0.7802
0.6615
0.6428
0.6380
0.6244
0.6152
0.6128
0.6106
0.6106
0.6106
0.6355
0.6493
0.6859
0.6997
0.7065
0.7112
0.7112
0.7134
0.7157
0.7180
0.7226
0.6975
0.6680
0.6609
0.6495
0.5746
0.4490
0.4254
0.4276
0.4185
0.4162
0.4093
0.4025
0.3979
0.3911
0.3842
0.3774
0.3773
0.3727
0.3636
0.3591
0.3590
0.3590
0.3590
0.3567
0.3590
0.3590
0.3636
138.3
145.9
189.2
203.0
173.8
129.9
120.7
118.8
114.3
111.0
104.1
135.2
137.5
96.80
105.2
107.7
98.93
112.8
130.9
126.6
130.3
129.4
122.5
132.1
126.5
119.8
124.0
110.7
118.8
118.7
118.2
128.1
128.4
127.7
126.5
125.0
123.9
122.8
122.0
120.8
119.9
119.5
117.9
115.2
111.6
108.0
105.0
102.1
99.81
98.13
96.42
94.74
92.92
91.00
88.92
86.44
83.90
81.50
79.04
76.51
74.05
71.39
68.36
64.86
60.54
56.22
52.32
48.17
43.71
38.34
33.94
29.86
25.81
21.99
18.93
16.41
14.39
12.55
10.98
9.485
7.951
6.648
5.338
4.193
3.180
2.178
1.095
0.5483
0.3112
0.3628
0.4712
0.5264
0.5763
0.6453
0.7231
0.7598
0.8098
0.8464
0.8741
0.9198
0.9608
1.006
1.024
1.024
1.024
1.024
1.024
1.024
1.020
1.020
1.020
1.020
1.015
0.9787
0.9650
0.9558
0.9467
0.9467
0.9465
0.9326
0.9054
0.8962
0.8872
0.8827
0.8827
0.8827
0.8781
0.8780
0.8735
0.8735
0.8780
0.8689
0.8593
0.8136
0.7860
0.6583
0.6357
0.6311
0.6312
0.6357
0.6403
0.6495
0.6679
0.6907
0.7090
0.7455
0.7592
0.7546
0.7500
0.7455
0.7455
0.7454
0.7363
0.7269
0.6992
0.6628
0.6403
0.6309
0.6162
0.5070
0.3887
0.3887
0.3796
0.3794
0.3659
0.3658
0.3613
0.3613
0.3613
0.3613
0.3613
0.3613
0.3613
0.3704
0.3659
0.3659
0.3659
0.3659
0.3704
0.3704
0.3704
147.3
154.3
183.9
195.2
171.6
129.3
116.9
109.2
109.0
101.9
94.65
113.7
122.7
134.0
131.8
133.0
131.9
113.3
112.8
111.4
107.8
112.9
116.4
115.0
118.2
112.6
112.7
114.8
101.8
104.7
104.0
106.5
114.7
116.6
117.6
118.7
118.3
117.2
116.4
116.0
116.7
116.5
116.9
115.8
113.2
110.1
107.1
104.5
102.4
100.6
98.87
97.46
95.81
94.07
92.06
89.91
87.71
85.28
82.75
80.20
77.61
74.66
71.15
67.42
63.09
58.35
53.50
48.90
43.75
38.70
34.02
29.41
26.01
22.67
19.92
17.57
15.65
14.00
12.63
11.35
10.03
8.619
7.241
5.976
4.787
3.641
2.739
2.255
1.987
1.916
1.900
1.877
1.859
1.843
1.825
1.800
1.764
1.722
1.679
1.624
1.569
1.521
1.458
1.391
1.331
1.270
1.212
1.162
1.121
1.082
1.043
1.013
0.9947
0.9697
0.9515
0.9399
0.9285
0.9193
0.9035
0.9010
0.8874
0.8827
0.8713
0.8712
0.8690
0.8622
0.8621
0.8621
0.8621
0.8575
0.8553
0.8507
0.8141
0.7802
0.6615
0.6428
0.6380
0.6244
0.6152
0.6128
0.6106
0.6106
0.6106
0.6355
0.6493
0.6859
0.6997
0.7065
0.7112
0.7112
0.7134
0.7157
0.7180
0.7226
0.6975
0.6680
0.6609
0.6495
0.5746
0.4490
0.4254
0.4276
0.4185
0.4162
0.4093
0.4025
0.3979
0.3911
0.3842
0.3774
0.3773
0.3727
0.3636
0.3591
0.3590
0.3590
0.3590
0.3567
0.3590
0.3590
0.3636
143.8
161.6
179.9
180.4
156.3
133.6
124.3
134.5
134.3
114.3
104.3
100.0
100.8
104.5
110.3
117.6
113.0
112.5
107.4
105.7
109.7
108.7
118.5
116.2
117.2
112.6
108.2
107.7
105.2
109.0
108.6
107.2
109.4
108.5
110.8
113.3
112.3
111.5
110.3
109.3
108.9
108.5
108.0
107.2
106.1
104.4
102.7
100.8
98.69
96.62
94.77
92.75
90.93
89.11
87.43
85.69
83.75
81.62
79.08
76.70
74.18
71.31
68.11
64.59
60.74
56.53
51.74
46.92
41.50
35.45
30.35
26.57
23.24
20.19
17.77
15.96
14.28
12.70
11.24
9.792
8.469
7.326
6.212
5.217
4.313
3.416
2.640
2.125
1.858
1.749
1.737
1.701
1.674
1.653
1.623
1.596
1.555
1.522
1.474
1.428
1.376
1.324
1.273
1.234
1.189
1.143
1.107
1.079
1.047
1.020
0.9969
0.9808
0.9626
0.9488
0.9374
0.9214
0.9077
0.8985
0.8849
0.8802
0.8621
0.8598
0.8574
0.8506
0.8483
0.8438
0.8461
0.8437
0.8388
0.8139
0.7976
0.7385
0.7249
0.7178
0.6972
0.6723
0.6723
0.6723
0.6723
0.6723
0.6723
0.6723
0.6700
0.6678
0.6700
0.6654
0.6631
0.6631
0.6608
0.6493
0.6333
0.6102
0.5830
0.5716
0.5693
0.5642
0.4932
0.4135
0.3887
0.3888
0.3909
0.3772
0.3703
0.3613
0.3590
0.3590
0.3567
0.3567
0.3545
0.3567
0.3522
0.3522
0.3522
0.3522
0.3522
0.3522
0.3522
0.3522
0.3522
0.3521
0.3476
145.4
159.1
179.2
171.5
161.0
128.3
122.0
99.20
102.7
114.7
121.5
130.3
147.1
142.8
140.3
130.9
138.0
135.6
136.9
130.0
135.3
131.2
130.5
123.1
128.0
123.9
124.8
118.6
124.6
124.3
127.7
131.0
138.7
138.4
137.7
136.5
135.2
133.7
132.0
130.2
128.7
126.9
125.0
123.2
121.2
119.2
117.6
115.9
114.1
112.0
109.5
106.7
104.0
100.9
98.12
95.34
92.82
90.11
87.50
84.89
82.12
78.89
75.45
71.68
67.43
62.78
57.88
52.60
47.12
41.44
34.84
28.48
23.54
19.97
17.30
15.21
13.44
11.72
10.15
8.637
7.277
5.972
4.727
3.637
2.699
1.794
1.113
0.6742
0.4452
0.3844
0.3841
0.3842
0.3887
0.4068
0.4161
0.4343
0.4413
0.4459
0.4527
0.4641
0.4619
0.4619
0.4664
0.4733
0.4825
0.4893
0.4984
0.5076
0.5213
0.5327
0.5374
0.5419
0.5487
0.5602
0.5648
0.5761
0.5966
0.6036
0.6128
0.6128
0.6242
0.6402
0.6493
0.6745
0.6814
0.6815
0.6814
0.6814
0.6814
0.6814
0.6814
0.6814
0.6792
0.6792
0.6792
0.6860
0.6928
0.7109
0.7157
0.7271
0.7408
0.7455
0.7455
0.7523
0.7615
0.7615
0.7615
0.7502
0.7297
0.7294
0.7000
0.6205
0.4976
0.4232
0.4185
0.4139
0.4116
0.4093
0.4048
0.4025
0.3979
0.3956
0.3911
0.3865
0.3842
0.3819
0.3774
0.3727
0.3727
0.3660
0.3613
0.3590
0.3590
0.3568
0.3567
0.3567
0.3544
0.3544
0.3544
0.3544
0.3522
158.4
161.0
169.0
174.4
170.2
144.4
128.4
125.3
139.6
137.3
130.5
127.5
117.9
126.2
140.9
142.1
143.1
143.0
138.3
137.9
138.0
136.6
135.2
136.7
143.6
139.2
137.5
136.6
134.7
132.0
140.3
139.8
141.2
145.8
145.6
147.3
149.6
149.2
148.9
148.6
147.9
145.5
142.7
140.7
139.2
137.5
135.8
133.8
131.5
129.7
127.6
125.1
122.6
119.7
117.1
114.3
111.7
108.8
106.0
102.9
99.46
95.77
91.60
87.52
83.08
78.47
73.33
67.57
61.04
53.35
45.57
38.42
32.37
26.73
22.03
18.44
15.75
13.46
11.63
10.11
8.697
7.443
6.272
5.177
4.117
3.181
2.342
1.770
1.452
1.338
1.329
1.317
1.312
1.303
1.290
1.274
1.264
1.237
1.200
1.173
1.134
1.090
1.058
1.019
0.9807
0.9490
0.9167
0.8986
0.8778
0.8528
0.8322
0.8117
0.8072
0.8003
0.7912
0.7912
0.7889
0.7843
0.7797
0.7775
0.7775
0.7752
0.7752
0.7774
0.7729
0.7729
0.7729
0.7706
0.7635
0.7500
0.7316
0.7064
0.6883
0.6837
0.6837
0.6837
0.6860
0.6861
0.6953
0.7043
0.7089
0.7158
0.7203
0.7157
0.7157
0.7157
0.7157
0.7157
0.7134
0.7109
0.6790
0.6563
0.6376
0.6128
0.6055
0.5689
0.4818
0.3977
0.3453
0.3407
0.3385
0.3407
0.3361
0.3361
0.3361
0.3339
0.3338
0.3316
0.3316
0.3316
0.3316
0.3316
0.3339
0.3339
0.3430
0.3430
0.3430
0.3453
0.3476
0.3476
0.3476
174.3
163.0
169.0
185.1
186.0
171.2
140.7
143.5
138.0
135.5
135.0
148.3
149.4
167.8
179.1
179.8
183.7
177.6
166.8
165.9
170.1
166.2
169.9
173.8
174.3
178.9
180.0
177.4
177.6
170.0
176.3
187.3
189.6
204.4
207.5
208.5
208.4
208.2
207.6
206.9
208.0
211.5
213.7
213.7
212.1
210.9
209.4
207.6
205.3
203.8
202.6
201.5
199.6
197.1
194.7
191.9
189.4
185.9
182.3
178.6
174.3
169.5
164.7
159.3
152.8
145.9
138.4
130.4
120.6
109.5
96.50
81.87
68.79
57.08
46.91
37.69
29.78
22.84
18.01
14.60
11.64
9.265
7.417
5.903
4.456
3.269
2.331
1.778
1.491
1.379
1.365
1.361
1.356
1.349
1.349
1.345
1.329
1.303
1.274
1.244
1.210
1.173
1.132
1.094
1.059
1.018
0.9837
0.9538
0.9218
0.9011
0.8760
0.8554
0.8439
0.8279
0.8187
0.8095
0.8027
0.7936
0.7845
0.7775
0.7707
0.7683
0.7615
0.7615
0.7569
0.7569
0.7546
0.7569
0.7524
0.7523
0.7501
0.7388
0.7318
0.7003
0.6681
0.6249
0.6175
0.6129
0.6061
0.6014
0.5991
0.5991
0.6036
0.6196
0.6515
0.6654
0.6950
0.7089
0.7111
0.7157
0.7180
0.7203
0.7203
0.7203
0.7158
0.7044
0.6771
0.6451
0.5298
0.4465
0.3508
0.3453
0.3430
0.3407
0.3407
0.3430
0.3430
0.3385
0.3362
0.3317
0.3270
0.3270
0.3270
0.3247
0.3247
0.3247
0.3247
0.3270
0.3361
0.3384
0.3384
