SALVI
1
0
24
15.00
181
1.00

231103 OCH Y50 350 F2M2 PMMA CTRANSP

231102 OCH Y50 350 F2M2 PMMA CTRANSP.ldt
20 November 2023/TB
760
0
225
320
60
0
0
0
0
98.4
100.0
1.000
0.0
1
1
16 LED
8162.1


68.3
0.152
0.225
0.306
0.383
0.442
0.540
0.601
0.657
0.727
0.773
0.0
15.0
30.0
45.0
60.0
75.0
90.0
105.0
120.0
135.0
150.0
165.0
180.0
195.0
210.0
225.0
240.0
255.0
270.0
285.0
300.0
315.0
330.0
345.0
0.0
1.0
2.0
3.0
4.0
5.0
6.0
7.0
8.0
9.0
10.0
11.0
12.0
13.0
14.0
15.0
16.0
17.0
18.0
19.0
20.0
21.0
22.0
23.0
24.0
25.0
26.0
27.0
28.0
29.0
30.0
31.0
32.0
33.0
34.0
35.0
36.0
37.0
38.0
39.0
40.0
41.0
42.0
43.0
44.0
45.0
46.0
47.0
48.0
49.0
50.0
51.0
52.0
53.0
54.0
55.0
56.0
57.0
58.0
59.0
60.0
61.0
62.0
63.0
64.0
65.0
66.0
67.0
68.0
69.0
70.0
71.0
72.0
73.0
74.0
75.0
76.0
77.0
78.0
79.0
80.0
81.0
82.0
83.0
84.0
85.0
86.0
87.0
88.0
89.0
90.0
91.0
92.0
93.0
94.0
95.0
96.0
97.0
98.0
99.0
100.0
101.0
102.0
103.0
104.0
105.0
106.0
107.0
108.0
109.0
110.0
111.0
112.0
113.0
114.0
115.0
116.0
117.0
118.0
119.0
120.0
121.0
122.0
123.0
124.0
125.0
126.0
127.0
128.0
129.0
130.0
131.0
132.0
133.0
134.0
135.0
136.0
137.0
138.0
139.0
140.0
141.0
142.0
143.0
144.0
145.0
146.0
147.0
148.0
149.0
150.0
151.0
152.0
153.0
154.0
155.0
156.0
157.0
158.0
159.0
160.0
161.0
162.0
163.0
164.0
165.0
166.0
167.0
168.0
169.0
170.0
171.0
172.0
173.0
174.0
175.0
176.0
177.0
178.0
179.0
180.0
127.8
134.4
134.7
124.8
118.2
114.5
111.4
110.9
104.1
79.89
81.31
90.97
98.30
124.2
118.2
132.8
127.0
127.2
135.2
142.7
152.0
179.2
172.3
174.3
153.1
160.1
172.7
188.8
180.1
192.2
205.5
209.0
224.9
223.4
237.5
240.8
243.3
255.8
266.4
270.5
269.9
272.5
285.6
289.1
295.7
291.5
305.7
312.7
309.6
309.3
314.6
320.0
323.8
329.8
332.1
334.7
339.8
343.2
349.7
352.4
357.4
356.3
362.7
365.1
370.5
371.7
372.2
370.7
370.2
368.0
363.3
357.5
352.4
345.4
324.2
304.2
280.7
258.2
228.9
188.0
147.1
114.2
76.17
51.92
41.84
34.33
33.42
33.51
32.96
33.16
32.36
30.63
25.72
21.14
17.15
12.67
6.590
3.863
3.869
3.763
3.869
3.910
3.636
3.294
2.767
2.507
2.039
1.571
1.474
1.396
1.369
1.343
1.306
1.360
1.576
1.578
2.138
2.209
2.264
2.347
2.527
2.653
2.696
2.777
2.898
3.234
3.516
3.713
3.957
3.997
4.088
3.693
3.551
3.766
3.157
2.462
2.320
2.214
1.866
1.659
1.515
1.186
0.9801
0.8527
0.7989
0.8014
0.8397
0.8969
1.338
1.790
1.912
2.253
2.063
3.153
2.662
2.408
1.551
0.8100
0.5596
0.4161
0.3344
0.2886
0.2886
0.2868
0.2843
0.2819
0.2795
0.2765
0.2741
0.2693
0.2669
0.2663
0.2663
0.2663
0.2663
0.2687
0.2693
0.2705
0.2705
0.2705
0.2705
128.3
136.3
137.1
135.7
125.2
122.9
110.2
112.4
105.7
92.40
75.99
86.60
101.8
119.7
136.7
139.5
140.1
132.2
125.2
134.6
150.1
160.3
160.4
153.2
142.1
138.2
150.5
177.4
168.6
165.1
171.9
182.8
207.9
208.1
225.4
228.0
231.6
234.3
246.7
257.9
260.6
266.2
276.7
279.5
288.1
292.8
306.3
319.6
325.7
331.6
340.2
349.3
358.2
360.0
362.0
374.5
382.2
389.9
400.9
408.7
410.7
419.0
427.7
436.2
444.0
448.1
452.0
453.9
458.4
458.2
457.1
452.4
452.3
442.7
425.0
396.2
363.9
329.9
291.9
241.9
180.8
127.5
88.76
62.42
44.50
36.57
35.42
35.79
36.05
36.67
35.57
31.83
27.36
21.91
17.73
13.94
8.179
5.144
4.532
3.805
3.466
3.062
2.801
2.526
2.224
1.929
1.622
1.435
1.308
1.208
1.197
1.180
1.166
1.150
1.152
1.273
1.429
1.435
1.606
1.686
1.868
1.894
1.872
1.823
2.147
2.174
2.241
2.294
2.565
2.244
2.203
2.311
2.505
2.100
1.938
2.126
1.572
1.488
1.745
1.208
1.085
0.9397
0.7090
0.7013
0.7105
0.7406
0.7750
1.005
1.508
1.693
2.207
2.242
2.439
2.364
2.114
1.779
0.7881
0.5211
0.3913
0.2902
0.2614
0.2608
0.2608
0.2608
0.2608
0.2608
0.2608
0.2608
0.2608
0.2609
0.2633
0.2657
0.2669
0.2705
0.2741
0.2771
0.2820
0.2843
0.2868
0.2868
0.2868
137.8
142.7
142.5
141.0
125.2
105.0
102.8
105.3
115.1
112.8
111.0
91.72
97.34
114.3
131.6
140.9
136.9
154.3
154.4
137.5
135.6
150.1
148.7
155.5
141.1
148.0
139.4
136.5
140.7
148.1
182.4
195.3
190.8
191.7
195.0
206.0
220.8
217.4
223.6
226.3
233.2
244.5
252.6
262.9
264.4
274.4
280.6
279.8
277.2
282.3
292.1
297.0
300.2
300.1
308.1
321.3
322.3
318.5
321.9
324.8
328.9
333.6
334.7
332.4
334.3
331.4
332.8
331.9
324.1
319.8
306.0
293.8
283.3
269.2
243.7
220.4
188.6
153.7
121.6
92.12
61.06
43.47
39.64
36.26
32.98
29.77
27.31
26.09
26.12
25.58
23.92
19.92
17.31
13.46
10.47
8.535
6.884
4.868
3.644
2.943
2.422
2.011
1.792
1.736
1.674
1.597
1.543
1.489
1.450
1.450
1.426
1.446
1.407
1.382
1.374
1.340
1.355
1.303
1.274
1.245
1.239
1.242
1.253
1.282
1.332
1.447
1.492
1.522
1.587
1.517
1.434
1.459
1.455
1.379
1.196
1.058
1.012
0.9324
0.8260
0.7921
0.7868
0.7676
0.6733
0.6447
0.6218
0.6035
0.6492
1.142
1.605
1.600
1.791
1.590
1.258
0.8436
0.6401
0.4706
0.3406
0.2529
0.2494
0.2488
0.2482
0.2482
0.2470
0.2470
0.2470
0.2464
0.2464
0.2464
0.2464
0.2464
0.2470
0.2512
0.2554
0.2572
0.2626
0.2680
0.2723
0.2777
0.2831
0.2855
0.2886
142.3
137.9
140.5
139.5
138.3
123.4
103.8
98.56
106.5
111.7
127.1
123.5
134.9
117.0
122.5
130.4
136.7
140.9
139.8
139.0
146.4
158.7
144.9
138.2
155.0
148.0
150.7
161.3
157.4
166.2
185.2
186.6
193.3
196.9
200.5
209.8
222.3
228.1
239.7
244.4
247.8
250.3
257.3
261.6
265.5
264.1
265.7
268.1
271.7
272.6
268.7
271.9
269.5
268.9
270.5
269.2
270.7
274.0
272.1
265.7
257.8
254.8
248.2
241.1
230.7
221.8
211.5
199.7
189.7
179.6
166.7
154.6
143.9
130.2
117.1
101.3
84.96
69.02
55.12
44.15
36.70
31.31
27.27
23.94
19.97
15.50
13.15
11.60
10.62
9.595
8.614
7.419
5.829
5.009
4.321
3.525
2.999
2.392
2.062
1.781
1.584
1.612
1.551
1.557
1.555
1.526
1.497
1.385
1.316
1.321
1.167
1.096
1.098
1.114
1.102
1.094
1.073
1.031
1.018
0.9894
0.9634
0.9693
0.9812
0.9487
0.9356
0.9542
0.9406
0.9078
0.8878
0.8244
0.7988
0.7536
0.7451
0.7197
0.7005
0.6735
0.6651
0.6608
0.6458
0.6517
0.6428
0.6412
0.6082
0.5921
0.5869
0.6024
0.6779
1.072
1.038
0.6678
0.5150
0.4271
0.3340
0.2552
0.2307
0.2307
0.2307
0.2307
0.2313
0.2319
0.2319
0.2319
0.2319
0.2326
0.2362
0.2380
0.2398
0.2428
0.2446
0.2482
0.2506
0.2567
0.2627
0.2681
0.2747
0.2808
0.2862
0.2928
0.2982
0.2988
0.3006
145.0
132.1
130.4
135.6
142.1
125.6
110.7
95.54
81.76
80.71
98.13
115.7
133.9
142.5
140.0
139.2
130.1
132.8
134.2
146.9
151.5
148.0
141.0
145.4
148.0
161.2
175.1
170.9
170.5
166.8
172.4
183.4
206.2
220.6
224.9
222.2
228.2
233.3
240.7
247.7
246.7
244.8
244.7
249.8
255.0
249.8
249.2
247.4
245.7
244.9
242.9
237.9
228.5
225.3
222.6
218.5
212.0
203.0
195.2
186.7
175.7
164.6
156.1
145.6
137.3
131.5
126.8
120.5
117.6
112.2
105.8
99.24
91.80
84.79
76.44
68.47
58.97
52.66
47.86
39.60
33.64
27.70
22.40
19.89
15.70
11.77
10.52
9.972
9.613
9.098
8.854
8.107
7.230
6.194
5.645
4.939
4.114
3.579
3.059
2.519
2.033
1.735
1.568
1.516
1.382
1.299
1.220
1.149
1.126
1.098
1.082
1.081
1.057
1.046
1.011
1.021
1.056
1.061
1.070
1.068
1.042
1.076
1.101
1.118
1.073
1.074
1.087
1.110
1.064
1.048
1.021
0.9893
0.9936
0.9382
0.8459
0.7884
0.7685
0.7143
0.6804
0.6303
0.5920
0.5670
0.5513
0.5411
0.5380
0.5470
0.6063
0.6495
0.9126
1.475
1.734
1.447
1.126
0.8805
0.6377
0.4734
0.3364
0.2635
0.2286
0.2283
0.2283
0.2283
0.2283
0.2283
0.2283
0.2283
0.2289
0.2301
0.2313
0.2361
0.2397
0.2463
0.2517
0.2614
0.2663
0.2723
0.2801
0.2885
0.2964
0.2982
0.3030
146.4
133.4
134.6
128.7
137.7
136.1
112.1
107.7
107.9
112.8
115.2
119.1
123.5
116.7
112.0
118.3
132.8
158.4
181.1
179.5
153.7
151.2
150.3
166.0
170.4
180.8
179.0
193.3
196.8
203.7
217.3
231.0
247.2
254.6
263.1
270.7
275.6
280.4
282.7
284.1
283.9
284.1
284.3
283.6
281.3
279.9
278.3
278.6
273.8
268.4
261.4
253.8
243.0
233.4
224.3
212.4
202.8
191.5
182.3
174.2
167.6
163.2
157.2
151.5
146.1
140.5
135.9
132.1
127.1
122.2
116.6
111.0
105.9
100.2
93.01
81.55
74.55
67.54
59.02
52.22
45.18
33.81
27.71
20.05
14.31
10.93
10.24
10.17
10.02
10.07
9.895
9.322
8.398
7.651
6.529
5.117
4.096
3.241
2.901
2.456
2.400
2.084
1.853
1.802
1.623
1.390
1.215
1.084
0.9843
0.9295
0.9150
0.9078
0.9024
0.9000
0.9042
0.9377
0.9791
1.001
1.108
1.190
1.157
1.243
1.275
1.284
1.295
1.237
1.341
1.338
1.378
1.332
1.322
1.303
1.320
1.236
1.353
1.176
1.218
1.169
0.9897
0.7993
0.7262
0.6503
0.5723
0.5748
0.5822
0.6052
0.6490
0.7650
1.041
1.665
1.820
2.149
2.399
2.113
2.214
1.370
0.7374
0.6374
0.4279
0.2825
0.2361
0.2356
0.2374
0.2386
0.2398
0.2422
0.2440
0.2452
0.2482
0.2518
0.2548
0.2609
0.2670
0.2735
0.2808
0.2874
0.2958
0.3007
0.3084
0.3102
0.3102
145.5
135.1
124.0
130.3
144.9
146.6
140.1
112.5
93.79
95.39
116.4
153.8
168.2
114.0
88.93
94.10
123.9
156.2
194.0
172.0
165.7
167.5
181.0
208.1
217.8
191.8
201.3
207.1
228.1
241.6
254.6
274.8
285.7
289.0
297.7
303.7
303.4
302.8
303.5
300.4
298.5
297.6
297.7
297.5
293.9
288.3
287.9
282.5
272.7
261.7
249.4
240.1
228.2
214.8
205.7
195.2
187.1
177.1
168.5
164.9
159.2
153.3
149.0
144.1
139.9
136.6
132.3
128.3
123.1
118.7
113.5
108.8
103.5
97.54
87.78
77.71
70.81
59.83
52.68
47.55
37.18
26.10
21.90
17.49
13.12
11.24
10.63
10.72
10.30
10.41
10.29
9.720
8.130
7.252
6.085
4.116
2.682
2.530
2.441
2.281
2.329
2.314
2.019
1.885
1.600
1.328
1.177
1.073
1.000
0.9642
0.9303
0.9277
0.9122
0.9121
0.9647
1.129
1.203
1.201
1.292
1.472
1.544
1.561
1.642
1.777
1.891
2.041
1.997
2.043
2.083
2.247
2.178
2.064
2.041
1.891
1.820
1.736
1.350
1.229
1.185
1.069
0.9539
0.7687
0.6967
0.6309
0.6193
0.6313
0.6769
0.7342
0.8262
1.324
1.855
2.213
2.995
3.074
3.106
2.176
1.153
0.7531
0.6004
0.3539
0.2463
0.2434
0.2434
0.2434
0.2434
0.2434
0.2434
0.2446
0.2458
0.2470
0.2470
0.2542
0.2590
0.2675
0.2746
0.2819
0.2904
0.2940
0.3036
0.3072
0.3121
146.4
133.4
134.6
128.7
137.7
136.1
112.1
107.7
107.9
112.8
115.2
119.1
123.5
116.7
112.0
118.3
132.8
158.4
181.1
179.5
153.7
151.2
150.3
166.0
170.4
180.8
179.0
193.3
196.8
203.7
217.3
231.0
247.2
254.6
263.1
270.7
275.6
280.4
282.7
284.1
283.9
284.1
284.3
283.6
281.3
279.9
278.3
278.6
273.8
268.4
261.4
253.8
243.0
233.4
224.3
212.4
202.8
191.5
182.3
174.2
167.6
163.2
157.2
151.5
146.1
140.5
135.9
132.1
127.1
122.2
116.6
111.0
105.9
100.2
93.01
81.55
74.55
67.54
59.02
52.22
45.18
33.81
27.71
20.05
14.31
10.93
10.24
10.17
10.02
10.07
9.895
9.322
8.398
7.651
6.529
5.117
4.096
3.241
2.901
2.456
2.400
2.084
1.853
1.802
1.623
1.390
1.215
1.084
0.9843
0.9295
0.9150
0.9078
0.9024
0.9000
0.9042
0.9377
0.9791
1.001
1.108
1.190
1.157
1.243
1.275
1.284
1.295
1.237
1.341
1.338
1.378
1.332
1.322
1.303
1.320
1.236
1.353
1.176
1.218
1.169
0.9897
0.7993
0.7262
0.6503
0.5723
0.5748
0.5822
0.6052
0.6490
0.7650
1.041
1.665
1.820
2.149
2.399
2.113
2.214
1.370
0.7374
0.6374
0.4279
0.2825
0.2361
0.2356
0.2374
0.2386
0.2398
0.2422
0.2440
0.2452
0.2482
0.2518
0.2548
0.2609
0.2670
0.2735
0.2808
0.2874
0.2958
0.3007
0.3084
0.3102
0.3102
145.0
132.1
130.4
135.6
142.1
125.6
110.7
95.54
81.76
80.71
98.13
115.7
133.9
142.5
140.0
139.2
130.1
132.8
134.2
146.9
151.5
148.0
141.0
145.4
148.0
161.2
175.1
170.9
170.5
166.8
172.4
183.4
206.2
220.6
224.9
222.2
228.2
233.3
240.7
247.7
246.7
244.8
244.7
249.8
255.0
249.8
249.2
247.4
245.7
244.9
242.9
237.9
228.5
225.3
222.6
218.5
212.0
203.0
195.2
186.7
175.7
164.6
156.1
145.6
137.3
131.5
126.8
120.5
117.6
112.2
105.8
99.24
91.80
84.79
76.44
68.47
58.97
52.66
47.86
39.60
33.64
27.70
22.40
19.89
15.70
11.77
10.52
9.972
9.613
9.098
8.854
8.107
7.230
6.194
5.645
4.939
4.114
3.579
3.059
2.519
2.033
1.735
1.568
1.516
1.382
1.299
1.220
1.149
1.126
1.098
1.082
1.081
1.057
1.046
1.011
1.021
1.056
1.061
1.070
1.068
1.042
1.076
1.101
1.118
1.073
1.074
1.087
1.110
1.064
1.048
1.021
0.9893
0.9936
0.9382
0.8459
0.7884
0.7685
0.7143
0.6804
0.6303
0.5920
0.5670
0.5513
0.5411
0.5380
0.5470
0.6063
0.6495
0.9126
1.475
1.734
1.447
1.126
0.8805
0.6377
0.4734
0.3364
0.2635
0.2286
0.2283
0.2283
0.2283
0.2283
0.2283
0.2283
0.2283
0.2289
0.2301
0.2313
0.2361
0.2397
0.2463
0.2517
0.2614
0.2663
0.2723
0.2801
0.2885
0.2964
0.2982
0.3030
142.3
137.9
140.5
139.5
138.3
123.4
103.8
98.56
106.5
111.7
127.1
123.5
134.9
117.0
122.5
130.4
136.7
140.9
139.8
139.0
146.4
158.7
144.9
138.2
155.0
148.0
150.7
161.3
157.4
166.2
185.2
186.6
193.3
196.9
200.5
209.8
222.3
228.1
239.7
244.4
247.8
250.3
257.3
261.6
265.5
264.1
265.7
268.1
271.7
272.6
268.7
271.9
269.5
268.9
270.5
269.2
270.7
274.0
272.1
265.7
257.8
254.8
248.2
241.1
230.7
221.8
211.5
199.7
189.7
179.6
166.7
154.6
143.9
130.2
117.1
101.3
84.96
69.02
55.12
44.15
36.70
31.31
27.27
23.94
19.97
15.50
13.15
11.60
10.62
9.595
8.614
7.419
5.829
5.009
4.321
3.525
2.999
2.392
2.062
1.781
1.584
1.612
1.551
1.557
1.555
1.526
1.497
1.385
1.316
1.321
1.167
1.096
1.098
1.114
1.102
1.094
1.073
1.031
1.018
0.9894
0.9634
0.9693
0.9812
0.9487
0.9356
0.9542
0.9406
0.9078
0.8878
0.8244
0.7988
0.7536
0.7451
0.7197
0.7005
0.6735
0.6651
0.6608
0.6458
0.6517
0.6428
0.6412
0.6082
0.5921
0.5869
0.6024
0.6779
1.072
1.038
0.6678
0.5150
0.4271
0.3340
0.2552
0.2307
0.2307
0.2307
0.2307
0.2313
0.2319
0.2319
0.2319
0.2319
0.2326
0.2362
0.2380
0.2398
0.2428
0.2446
0.2482
0.2506
0.2567
0.2627
0.2681
0.2747
0.2808
0.2862
0.2928
0.2982
0.2988
0.3006
137.8
142.7
142.5
141.0
125.2
105.0
102.8
105.3
115.1
112.8
111.0
91.72
97.34
114.3
131.6
140.9
136.9
154.3
154.4
137.5
135.6
150.1
148.7
155.5
141.1
148.0
139.4
136.5
140.7
148.1
182.4
195.3
190.8
191.7
195.0
206.0
220.8
217.4
223.6
226.3
233.2
244.5
252.6
262.9
264.4
274.4
280.6
279.8
277.2
282.3
292.1
297.0
300.2
300.1
308.1
321.3
322.3
318.5
321.9
324.8
328.9
333.6
334.7
332.4
334.3
331.4
332.8
331.9
324.1
319.8
306.0
293.8
283.3
269.2
243.7
220.4
188.6
153.7
121.6
92.12
61.06
43.47
39.64
36.26
32.98
29.77
27.31
26.09
26.12
25.58
23.92
19.92
17.31
13.46
10.47
8.535
6.884
4.868
3.644
2.943
2.422
2.011
1.792
1.736
1.674
1.597
1.543
1.489
1.450
1.450
1.426
1.446
1.407
1.382
1.374
1.340
1.355
1.303
1.274
1.245
1.239
1.242
1.253
1.282
1.332
1.447
1.492
1.522
1.587
1.517
1.434
1.459
1.455
1.379
1.196
1.058
1.012
0.9324
0.8260
0.7921
0.7868
0.7676
0.6733
0.6447
0.6218
0.6035
0.6492
1.142
1.605
1.600
1.791
1.590
1.258
0.8436
0.6401
0.4706
0.3406
0.2529
0.2494
0.2488
0.2482
0.2482
0.2470
0.2470
0.2470
0.2464
0.2464
0.2464
0.2464
0.2464
0.2470
0.2512
0.2554
0.2572
0.2626
0.2680
0.2723
0.2777
0.2831
0.2855
0.2886
128.3
136.3
137.1
135.7
125.2
122.9
110.2
112.4
105.7
92.40
75.99
86.60
101.8
119.7
136.7
139.5
140.1
132.2
125.2
134.6
150.1
160.3
160.4
153.2
142.1
138.2
150.5
177.4
168.6
165.1
171.9
182.8
207.9
208.1
225.4
228.0
231.6
234.3
246.7
257.9
260.6
266.2
276.7
279.5
288.1
292.8
306.3
319.6
325.7
331.6
340.2
349.3
358.2
360.0
362.0
374.5
382.2
389.9
400.9
408.7
410.7
419.0
427.7
436.2
444.0
448.1
452.0
453.9
458.4
458.2
457.1
452.4
452.3
442.7
425.0
396.2
363.9
329.9
291.9
241.9
180.8
127.5
88.76
62.42
44.50
36.57
35.42
35.79
36.05
36.67
35.57
31.83
27.36
21.91
17.73
13.94
8.179
5.144
4.532
3.805
3.466
3.062
2.801
2.526
2.224
1.929
1.622
1.435
1.308
1.208
1.197
1.180
1.166
1.150
1.152
1.273
1.429
1.435
1.606
1.686
1.868
1.894
1.872
1.823
2.147
2.174
2.241
2.294
2.565
2.244
2.203
2.311
2.505
2.100
1.938
2.126
1.572
1.488
1.745
1.208
1.085
0.9397
0.7090
0.7013
0.7105
0.7406
0.7750
1.005
1.508
1.693
2.207
2.242
2.439
2.364
2.114
1.779
0.7881
0.5211
0.3913
0.2902
0.2614
0.2608
0.2608
0.2608
0.2608
0.2608
0.2608
0.2608
0.2608
0.2609
0.2633
0.2657
0.2669
0.2705
0.2741
0.2771
0.2820
0.2843
0.2868
0.2868
0.2868
127.8
134.4
134.7
124.8
118.2
114.5
111.4
110.9
104.1
79.89
81.31
90.97
98.30
124.2
118.2
132.8
127.0
127.2
135.2
142.7
152.0
179.2
172.3
174.3
153.1
160.1
172.7
188.8
180.1
192.2
205.5
209.0
224.9
223.4
237.5
240.8
243.3
255.8
266.4
270.5
269.9
272.5
285.6
289.1
295.7
291.5
305.7
312.7
309.6
309.3
314.6
320.0
323.8
329.8
332.1
334.7
339.8
343.2
349.7
352.4
357.4
356.3
362.7
365.1
370.5
371.7
372.2
370.7
370.2
368.0
363.3
357.5
352.4
345.4
324.2
304.2
280.7
258.2
228.9
188.0
147.1
114.2
76.17
51.92
41.84
34.33
33.42
33.51
32.96
33.16
32.36
30.63
25.72
21.14
17.15
12.67
6.590
3.863
3.869
3.763
3.869
3.910
3.636
3.294
2.767
2.507
2.039
1.571
1.474
1.396
1.369
1.343
1.306
1.360
1.576
1.578
2.138
2.209
2.264
2.347
2.527
2.653
2.696
2.777
2.898
3.234
3.516
3.713
3.957
3.997
4.088
3.693
3.551
3.766
3.157
2.462
2.320
2.214
1.866
1.659
1.515
1.186
0.9801
0.8527
0.7989
0.8014
0.8397
0.8969
1.338
1.790
1.912
2.253
2.063
3.153
2.662
2.408
1.551
0.8100
0.5596
0.4161
0.3344
0.2886
0.2886
0.2868
0.2843
0.2819
0.2795
0.2765
0.2741
0.2693
0.2669
0.2663
0.2663
0.2663
0.2663
0.2687
0.2693
0.2705
0.2705
0.2705
0.2705
128.3
122.7
137.8
138.8
125.6
118.9
111.5
117.3
100.9
87.73
76.25
77.72
99.29
102.6
113.5
115.5
141.5
123.6
116.5
130.6
136.2
140.3
149.2
135.5
129.4
124.7
133.9
154.2
156.2
151.7
155.9
163.0
182.6
189.5
197.1
193.8
201.6
203.8
207.7
214.8
218.7
226.4
229.3
229.4
231.6
240.3
244.4
252.5
251.6
252.9
254.6
257.8
266.2
271.6
274.4
275.2
273.7
271.5
276.2
285.2
279.6
275.4
279.8
283.6
281.9
278.2
277.6
273.8
270.0
267.5
264.2
256.9
249.2
237.3
226.2
205.9
183.4
162.1
143.4
120.2
94.07
72.84
52.02
38.39
30.40
24.53
23.22
23.10
24.01
24.04
23.92
22.01
19.65
16.32
14.19
12.69
9.313
7.552
6.253
5.403
4.346
3.028
2.723
2.528
2.388
2.195
1.887
1.656
1.443
1.244
1.163
1.146
1.137
1.120
1.114
1.147
1.190
1.218
1.176
1.297
1.422
1.551
1.614
1.561
1.645
1.724
1.723
1.729
1.776
1.710
1.717
1.873
2.027
1.954
1.600
1.529
1.581
1.279
1.395
1.292
0.9100
0.8426
0.7561
0.7386
0.7350
0.7380
0.7662
1.024
1.131
1.543
1.609
1.806
2.066
2.289
1.892
1.704
0.9101
0.5917
0.4679
0.3566
0.3203
0.3181
0.3145
0.3115
0.3079
0.3042
0.3012
0.2970
0.2928
0.2892
0.2856
0.2826
0.2801
0.2783
0.2777
0.2783
0.2813
0.2801
0.2819
0.2831
0.2868
137.8
122.2
132.2
138.1
134.5
109.0
95.28
98.36
101.6
96.09
98.76
82.58
88.56
97.05
117.7
113.8
117.5
122.6
123.9
109.2
117.7
107.1
117.5
117.5
114.0
118.4
118.5
111.6
100.6
103.7
133.9
135.1
136.5
136.5
137.2
140.1
142.0
158.4
154.9
157.8
158.5
157.0
166.4
157.4
154.8
159.6
167.5
165.0
163.4
168.5
162.7
163.4
165.6
162.2
168.0
166.5
166.0
163.0
159.6
161.8
158.2
158.1
155.9
154.7
155.2
154.5
150.8
148.6
143.1
140.1
137.5
134.9
131.3
123.8
117.3
107.6
95.27
80.80
67.60
56.54
45.88
37.95
35.36
31.32
27.93
24.72
21.54
20.10
19.41
18.76
17.99
16.56
14.50
12.72
11.28
9.579
8.566
7.297
5.799
4.753
3.965
2.920
2.102
1.824
1.732
1.570
1.493
1.436
1.397
1.390
1.409
1.414
1.433
1.464
1.471
1.415
1.377
1.450
1.425
1.428
1.371
1.366
1.363
1.375
1.373
1.405
1.365
1.319
1.301
1.337
1.322
1.171
1.136
1.095
0.9913
0.9522
0.9329
0.8769
0.8630
0.8028
0.7414
0.7021
0.6759
0.6765
0.6704
0.6579
0.7184
0.8621
0.9007
0.9983
1.466
1.227
1.244
1.013
0.6490
0.5114
0.4151
0.3390
0.3199
0.3186
0.3144
0.3120
0.3109
0.3096
0.3042
0.3012
0.2970
0.2946
0.2910
0.2880
0.2861
0.2843
0.2844
0.2856
0.2892
0.2915
0.2873
0.2874
0.2916
0.2934
0.2928
142.3
130.0
131.5
139.2
131.8
118.5
98.73
90.39
92.69
95.43
108.8
102.2
104.3
90.59
92.27
98.44
95.88
94.55
101.8
100.7
96.46
106.4
95.21
87.09
104.3
88.82
90.16
86.27
89.25
110.0
117.1
110.9
99.42
101.0
100.8
104.3
104.8
99.73
107.0
105.7
106.4
112.3
114.5
117.5
118.7
117.4
116.4
121.1
123.2
124.1
124.2
125.0
128.7
129.2
124.8
121.8
120.5
122.1
120.1
118.0
117.1
115.3
113.2
111.5
109.4
106.1
105.7
105.6
105.8
100.7
100.1
97.11
94.82
90.48
83.54
79.46
73.80
68.14
63.06
57.30
51.30
45.71
38.42
30.66
24.21
19.05
16.21
15.06
13.66
12.39
11.42
9.842
8.005
6.659
5.871
4.979
4.057
3.307
2.833
2.137
1.624
1.531
1.533
1.471
1.481
1.548
1.574
1.626
1.480
1.423
1.404
1.383
1.401
1.481
1.482
1.484
1.385
1.295
1.281
1.237
1.195
1.244
1.198
1.137
1.128
1.103
1.120
1.086
0.9984
0.9476
0.9041
0.8248
0.8223
0.8318
0.8308
0.7986
0.7499
0.7286
0.7218
0.7312
0.7265
0.7049
0.6809
0.6635
0.6484
0.6351
0.6872
0.6539
0.7269
0.6717
0.6205
0.5267
0.4119
0.3562
0.3411
0.3386
0.3386
0.3362
0.3356
0.3338
0.3308
0.3289
0.3265
0.3247
0.3217
0.3205
0.3169
0.3145
0.3121
0.3097
0.3067
0.3048
0.3024
0.3006
0.3006
0.3006
0.3006
0.3000
0.3000
0.3000
0.2988
145.0
141.8
128.2
127.3
121.8
115.1
102.2
92.15
76.43
65.58
74.53
84.48
95.96
101.1
99.53
96.91
91.51
84.11
89.88
90.40
82.63
88.79
87.42
94.55
86.28
84.08
85.03
87.83
78.32
72.51
74.75
83.46
81.65
81.52
87.99
86.60
88.62
95.61
95.89
97.42
98.14
98.01
102.2
100.9
97.10
96.35
97.62
101.1
105.4
107.6
107.7
106.0
105.6
106.0
106.9
109.3
113.3
112.9
112.8
112.0
108.1
107.0
107.6
106.2
107.0
104.3
102.8
101.4
99.26
96.84
96.32
94.39
90.91
89.58
87.06
82.84
77.95
72.06
66.58
57.60
51.92
47.57
39.75
31.93
25.07
18.89
16.50
15.95
14.77
14.32
12.97
11.98
10.54
9.393
8.049
7.215
6.336
5.487
4.384
3.676
2.524
2.104
1.720
1.640
1.596
1.550
1.471
1.443
1.462
1.452
1.462
1.485
1.538
1.514
1.477
1.493
1.479
1.461
1.388
1.364
1.363
1.405
1.436
1.474
1.538
1.641
1.585
1.601
1.579
1.878
1.823
1.771
1.809
1.483
1.374
1.290
1.157
0.9932
0.8303
0.7975
0.7914
0.7294
0.6752
0.6408
0.6161
0.6030
0.6076
0.6423
0.8479
0.7727
0.8023
0.7458
0.7225
0.6687
0.6495
0.5886
0.4489
0.3535
0.3295
0.3259
0.3259
0.3253
0.3235
0.3247
0.3199
0.3181
0.3168
0.3138
0.3114
0.3108
0.3096
0.3066
0.3066
0.3072
0.3096
0.3096
0.3078
0.3078
0.3090
0.3084
0.3084
146.4
140.4
120.1
123.4
121.6
120.4
108.1
97.21
92.20
94.48
87.59
80.20
92.54
86.45
79.27
77.03
73.03
92.83
96.86
96.13
86.27
80.24
76.83
80.96
90.46
77.33
78.32
78.04
81.23
84.45
83.64
86.60
91.74
94.61
97.26
99.69
103.9
107.9
108.5
107.9
105.2
105.1
107.3
109.2
113.7
114.0
116.3
118.6
121.3
121.2
121.0
121.3
124.6
127.4
128.6
125.5
122.1
122.4
121.0
122.1
118.8
119.9
120.1
119.6
117.8
116.4
112.4
111.8
109.5
109.9
107.8
105.4
103.2
101.0
96.40
89.85
85.20
77.18
66.61
58.99
52.96
40.91
35.66
27.66
19.40
14.33
13.06
12.39
12.10
11.68
11.23
10.03
9.032
7.785
6.820
5.387
4.184
3.310
2.891
2.471
2.265
2.113
2.002
1.907
1.820
1.708
1.500
1.375
1.275
1.169
1.095
1.083
1.071
1.069
1.054
1.063
1.212
1.255
1.372
1.550
1.852
1.906
2.037
2.079
2.112
1.957
2.130
2.165
2.206
2.204
2.116
2.158
2.291
2.094
2.121
2.195
1.916
2.126
1.418
1.443
1.078
0.9022
0.7116
0.7001
0.6922
0.6796
0.6885
0.7059
0.9587
1.136
1.097
1.145
1.380
1.219
1.083
0.8734
0.6767
0.6807
0.5002
0.3644
0.3345
0.3325
0.3325
0.3325
0.3325
0.3319
0.3313
0.3289
0.3253
0.3223
0.3193
0.3157
0.3121
0.3090
0.3090
0.3090
0.3090
0.3084
0.3078
0.3078
0.3096
145.5
138.1
115.7
121.8
122.1
140.1
133.7
101.5
83.21
79.90
87.07
93.62
99.74
90.03
70.31
61.71
62.88
84.45
98.74
97.64
82.78
83.72
79.46
86.98
102.0
98.20
87.96
92.70
89.31
91.80
106.9
107.4
109.3
103.3
108.4
122.2
115.0
112.2
115.9
118.7
118.4
114.4
117.2
120.8
125.0
126.9
132.9
130.9
129.6
129.5
127.3
126.9
131.4
129.6
129.5
127.6
130.8
129.6
130.5
128.5
125.3
128.4
127.9
122.4
124.3
121.1
118.7
117.0
115.9
115.5
114.1
110.7
107.0
101.5
95.00
90.54
83.29
72.61
62.00
55.32
46.42
30.25
26.96
24.53
18.84
15.18
13.82
13.09
12.25
12.09
11.75
10.78
9.264
8.142
6.078
4.056
2.544
1.948
1.955
2.033
2.071
2.084
2.125
2.009
1.879
1.659
1.466
1.302
1.232
1.193
1.195
1.197
1.186
1.186
1.347
1.486
1.662
2.201
2.000
2.137
2.496
2.678
2.705
2.990
3.412
3.557
3.682
3.855
4.427
4.693
4.339
4.013
4.213
4.153
3.403
3.193
2.906
2.044
1.966
1.505
1.284
1.332
0.8238
0.7865
0.7097
0.7159
0.7388
0.7545
0.7856
0.9879
0.8808
1.020
1.472
1.474
1.591
1.544
0.8028
0.6534
0.7774
0.4479
0.3385
0.3265
0.3253
0.3253
0.3265
0.3241
0.3217
0.3205
0.3168
0.3120
0.3108
0.3108
0.3109
0.3133
0.3133
0.3133
0.3133
0.3157
0.3157
0.3157
0.3133
146.4
140.4
120.1
123.4
121.6
120.4
108.1
97.21
92.20
94.48
87.59
80.20
92.54
86.45
79.27
77.03
73.03
92.83
96.86
96.13
86.27
80.24
76.83
80.96
90.46
77.33
78.32
78.04
81.23
84.45
83.64
86.60
91.74
94.61
97.26
99.69
103.9
107.9
108.5
107.9
105.2
105.1
107.3
109.2
113.7
114.0
116.3
118.6
121.3
121.2
121.0
121.3
124.6
127.4
128.6
125.5
122.1
122.4
121.0
122.1
118.8
119.9
120.1
119.6
117.8
116.4
112.4
111.8
109.5
109.9
107.8
105.4
103.2
101.0
96.40
89.85
85.20
77.18
66.61
58.99
52.96
40.91
35.66
27.66
19.40
14.33
13.06
12.39
12.10
11.68
11.23
10.03
9.032
7.785
6.820
5.387
4.184
3.310
2.891
2.471
2.265
2.113
2.002
1.907
1.820
1.708
1.500
1.375
1.275
1.169
1.095
1.083
1.071
1.069
1.054
1.063
1.212
1.255
1.372
1.550
1.852
1.906
2.037
2.079
2.112
1.957
2.130
2.165
2.206
2.204
2.116
2.158
2.291
2.094
2.121
2.195
1.916
2.126
1.418
1.443
1.078
0.9022
0.7116
0.7001
0.6922
0.6796
0.6885
0.7059
0.9587
1.136
1.097
1.145
1.380
1.219
1.083
0.8734
0.6767
0.6807
0.5002
0.3644
0.3345
0.3325
0.3325
0.3325
0.3325
0.3319
0.3313
0.3289
0.3253
0.3223
0.3193
0.3157
0.3121
0.3090
0.3090
0.3090
0.3090
0.3084
0.3078
0.3078
0.3096
145.0
141.8
128.2
127.3
121.8
115.1
102.2
92.15
76.43
65.58
74.53
84.48
95.96
101.1
99.53
96.91
91.51
84.11
89.88
90.40
82.63
88.79
87.42
94.55
86.28
84.08
85.03
87.83
78.32
72.51
74.75
83.46
81.65
81.52
87.99
86.60
88.62
95.61
95.89
97.42
98.14
98.01
102.2
100.9
97.10
96.35
97.62
101.1
105.4
107.6
107.7
106.0
105.6
106.0
106.9
109.3
113.3
112.9
112.8
112.0
108.1
107.0
107.6
106.2
107.0
104.3
102.8
101.4
99.26
96.84
96.32
94.39
90.91
89.58
87.06
82.84
77.95
72.06
66.58
57.60
51.92
47.57
39.75
31.93
25.07
18.89
16.50
15.95
14.77
14.32
12.97
11.98
10.54
9.393
8.049
7.215
6.336
5.487
4.384
3.676
2.524
2.104
1.720
1.640
1.596
1.550
1.471
1.443
1.462
1.452
1.462
1.485
1.538
1.514
1.477
1.493
1.479
1.461
1.388
1.364
1.363
1.405
1.436
1.474
1.538
1.641
1.585
1.601
1.579
1.878
1.823
1.771
1.809
1.483
1.374
1.290
1.157
0.9932
0.8303
0.7975
0.7914
0.7294
0.6752
0.6408
0.6161
0.6030
0.6076
0.6423
0.8479
0.7727
0.8023
0.7458
0.7225
0.6687
0.6495
0.5886
0.4489
0.3535
0.3295
0.3259
0.3259
0.3253
0.3235
0.3247
0.3199
0.3181
0.3168
0.3138
0.3114
0.3108
0.3096
0.3066
0.3066
0.3072
0.3096
0.3096
0.3078
0.3078
0.3090
0.3084
0.3084
142.3
130.0
131.5
139.2
131.8
118.5
98.73
90.39
92.69
95.43
108.8
102.2
104.3
90.59
92.27
98.44
95.88
94.55
101.8
100.7
96.46
106.4
95.21
87.09
104.3
88.82
90.16
86.27
89.25
110.0
117.1
110.9
99.42
101.0
100.8
104.3
104.8
99.73
107.0
105.7
106.4
112.3
114.5
117.5
118.7
117.4
116.4
121.1
123.2
124.1
124.2
125.0
128.7
129.2
124.8
121.8
120.5
122.1
120.1
118.0
117.1
115.3
113.2
111.5
109.4
106.1
105.7
105.6
105.8
100.7
100.1
97.11
94.82
90.48
83.54
79.46
73.80
68.14
63.06
57.30
51.30
45.71
38.42
30.66
24.21
19.05
16.21
15.06
13.66
12.39
11.42
9.842
8.005
6.659
5.871
4.979
4.057
3.307
2.833
2.137
1.624
1.531
1.533
1.471
1.481
1.548
1.574
1.626
1.480
1.423
1.404
1.383
1.401
1.481
1.482
1.484
1.385
1.295
1.281
1.237
1.195
1.244
1.198
1.137
1.128
1.103
1.120
1.086
0.9984
0.9476
0.9041
0.8248
0.8223
0.8318
0.8308
0.7986
0.7499
0.7286
0.7218
0.7312
0.7265
0.7049
0.6809
0.6635
0.6484
0.6351
0.6872
0.6539
0.7269
0.6717
0.6205
0.5267
0.4119
0.3562
0.3411
0.3386
0.3386
0.3362
0.3356
0.3338
0.3308
0.3289
0.3265
0.3247
0.3217
0.3205
0.3169
0.3145
0.3121
0.3097
0.3067
0.3048
0.3024
0.3006
0.3006
0.3006
0.3006
0.3000
0.3000
0.3000
0.2988
137.8
122.2
132.2
138.1
134.5
109.0
95.28
98.36
101.6
96.09
98.76
82.58
88.56
97.05
117.7
113.8
117.5
122.6
123.9
109.2
117.7
107.1
117.5
117.5
114.0
118.4
118.5
111.6
100.6
103.7
133.9
135.1
136.5
136.5
137.2
140.1
142.0
158.4
154.9
157.8
158.5
157.0
166.4
157.4
154.8
159.6
167.5
165.0
163.4
168.5
162.7
163.4
165.6
162.2
168.0
166.5
166.0
163.0
159.6
161.8
158.2
158.1
155.9
154.7
155.2
154.5
150.8
148.6
143.1
140.1
137.5
134.9
131.3
123.8
117.3
107.6
95.27
80.80
67.60
56.54
45.88
37.95
35.36
31.32
27.93
24.72
21.54
20.10
19.41
18.76
17.99
16.56
14.50
12.72
11.28
9.579
8.566
7.297
5.799
4.753
3.965
2.920
2.102
1.824
1.732
1.570
1.493
1.436
1.397
1.390
1.409
1.414
1.433
1.464
1.471
1.415
1.377
1.450
1.425
1.428
1.371
1.366
1.363
1.375
1.373
1.405
1.365
1.319
1.301
1.337
1.322
1.171
1.136
1.095
0.9913
0.9522
0.9329
0.8769
0.8630
0.8028
0.7414
0.7021
0.6759
0.6765
0.6704
0.6579
0.7184
0.8621
0.9007
0.9983
1.466
1.227
1.244
1.013
0.6490
0.5114
0.4151
0.3390
0.3199
0.3186
0.3144
0.3120
0.3109
0.3096
0.3042
0.3012
0.2970
0.2946
0.2910
0.2880
0.2861
0.2843
0.2844
0.2856
0.2892
0.2915
0.2873
0.2874
0.2916
0.2934
0.2928
128.3
122.7
137.8
138.8
125.6
118.9
111.5
117.3
100.9
87.73
76.25
77.72
99.29
102.6
113.5
115.5
141.5
123.6
116.5
130.6
136.2
140.3
149.2
135.5
129.4
124.7
133.9
154.2
156.2
151.7
155.9
163.0
182.6
189.5
197.1
193.8
201.6
203.8
207.7
214.8
218.7
226.4
229.3
229.4
231.6
240.3
244.4
252.5
251.6
252.9
254.6
257.8
266.2
271.6
274.4
275.2
273.7
271.5
276.2
285.2
279.6
275.4
279.8
283.6
281.9
278.2
277.6
273.8
270.0
267.5
264.2
256.9
249.2
237.3
226.2
205.9
183.4
162.1
143.4
120.2
94.07
72.84
52.02
38.39
30.40
24.53
23.22
23.10
24.01
24.04
23.92
22.01
19.65
16.32
14.19
12.69
9.313
7.552
6.253
5.403
4.346
3.028
2.723
2.528
2.388
2.195
1.887
1.656
1.443
1.244
1.163
1.146
1.137
1.120
1.114
1.147
1.190
1.218
1.176
1.297
1.422
1.551
1.614
1.561
1.645
1.724
1.723
1.729
1.776
1.710
1.717
1.873
2.027
1.954
1.600
1.529
1.581
1.279
1.395
1.292
0.9100
0.8426
0.7561
0.7386
0.7350
0.7380
0.7662
1.024
1.131
1.543
1.609
1.806
2.066
2.289
1.892
1.704
0.9101
0.5917
0.4679
0.3566
0.3203
0.3181
0.3145
0.3115
0.3079
0.3042
0.3012
0.2970
0.2928
0.2892
0.2856
0.2826
0.2801
0.2783
0.2777
0.2783
0.2813
0.2801
0.2819
0.2831
0.2868
