SALVI
1
0
24
15.00
181
1.00

231102 OCH 5050 350 F4MD PMMA

231102 OCH 5050 350 F4MD PMMA.ldt
17 November 2023/TB
760
0
225
320
60
0
0
0
0
99.6
100.0
1.000
0.0
1
1
16 LED
4683.1


40.9
0.150
0.242
0.344
0.433
0.498
0.605
0.665
0.722
0.788
0.829
0.0
15.0
30.0
45.0
60.0
75.0
90.0
105.0
120.0
135.0
150.0
165.0
180.0
195.0
210.0
225.0
240.0
255.0
270.0
285.0
300.0
315.0
330.0
345.0
0.0
1.0
2.0
3.0
4.0
5.0
6.0
7.0
8.0
9.0
10.0
11.0
12.0
13.0
14.0
15.0
16.0
17.0
18.0
19.0
20.0
21.0
22.0
23.0
24.0
25.0
26.0
27.0
28.0
29.0
30.0
31.0
32.0
33.0
34.0
35.0
36.0
37.0
38.0
39.0
40.0
41.0
42.0
43.0
44.0
45.0
46.0
47.0
48.0
49.0
50.0
51.0
52.0
53.0
54.0
55.0
56.0
57.0
58.0
59.0
60.0
61.0
62.0
63.0
64.0
65.0
66.0
67.0
68.0
69.0
70.0
71.0
72.0
73.0
74.0
75.0
76.0
77.0
78.0
79.0
80.0
81.0
82.0
83.0
84.0
85.0
86.0
87.0
88.0
89.0
90.0
91.0
92.0
93.0
94.0
95.0
96.0
97.0
98.0
99.0
100.0
101.0
102.0
103.0
104.0
105.0
106.0
107.0
108.0
109.0
110.0
111.0
112.0
113.0
114.0
115.0
116.0
117.0
118.0
119.0
120.0
121.0
122.0
123.0
124.0
125.0
126.0
127.0
128.0
129.0
130.0
131.0
132.0
133.0
134.0
135.0
136.0
137.0
138.0
139.0
140.0
141.0
142.0
143.0
144.0
145.0
146.0
147.0
148.0
149.0
150.0
151.0
152.0
153.0
154.0
155.0
156.0
157.0
158.0
159.0
160.0
161.0
162.0
163.0
164.0
165.0
166.0
167.0
168.0
169.0
170.0
171.0
172.0
173.0
174.0
175.0
176.0
177.0
178.0
179.0
180.0
104.0
98.74
113.5
114.7
109.1
102.5
91.15
87.54
92.31
99.25
104.3
109.5
111.8
114.5
123.3
118.0
137.2
144.7
155.4
168.9
177.7
174.1
190.0
190.6
187.7
210.5
197.5
220.0
223.3
231.8
256.7
263.6
283.2
289.7
295.8
301.5
306.6
311.3
316.1
320.3
324.5
328.6
332.4
335.8
339.0
341.7
344.3
346.4
348.6
349.7
350.8
351.4
351.6
351.6
351.0
349.2
346.8
343.5
339.4
334.4
327.8
319.5
309.4
298.1
285.8
271.5
256.7
239.6
218.2
190.5
163.5
138.2
115.8
96.61
78.15
63.55
53.08
41.54
33.51
26.48
18.83
13.66
9.988
6.647
4.526
2.844
1.965
1.370
0.8998
0.5484
0.4103
0.3873
0.4272
0.4799
0.5238
0.5596
0.5880
0.6079
0.6280
0.6478
0.6667
0.6920
0.7076
0.7193
0.7266
0.7350
0.7371
0.7381
0.7350
0.7286
0.7171
0.7077
0.6961
0.6856
0.6751
0.6656
0.6552
0.6520
0.6457
0.6405
0.6353
0.6321
0.6289
0.6248
0.6237
0.6216
0.6226
0.6247
0.6258
0.6237
0.6216
0.6195
0.6060
0.5964
0.5494
0.5205
0.4851
0.4788
0.4757
0.4756
0.4767
0.4788
0.4861
0.5008
0.5176
0.5376
0.5597
0.5732
0.5901
0.5974
0.6016
0.6048
0.6048
0.6048
0.5943
0.5776
0.5617
0.5470
0.4646
0.4027
0.3537
0.2719
0.2698
0.2667
0.2635
0.2646
0.2625
0.2625
0.2614
0.2593
0.2583
0.2552
0.2551
0.2551
0.2551
0.2551
0.2551
0.2562
0.2541
0.2541
0.2551
101.2
98.67
107.9
119.7
109.3
105.3
92.25
93.07
95.11
93.20
89.74
98.67
105.1
119.9
132.8
138.3
148.2
155.1
149.8
154.8
167.6
167.8
169.1
183.0
178.5
187.1
198.8
198.6
214.8
210.4
223.1
243.0
252.2
274.1
281.9
289.8
298.2
307.4
314.5
320.8
327.9
335.9
342.7
348.7
355.3
361.3
365.8
369.8
373.8
377.5
380.7
383.5
385.8
387.6
388.8
389.9
391.0
391.7
391.7
391.8
390.5
387.6
381.4
374.3
365.0
353.4
339.6
324.5
307.4
285.7
259.1
224.5
185.6
154.7
126.9
102.7
79.37
59.64
42.20
31.32
22.29
15.85
11.91
8.864
6.260
4.638
3.669
2.984
2.386
1.860
1.543
1.419
1.386
1.360
1.329
1.295
1.258
1.216
1.173
1.125
1.069
1.013
0.9507
0.8903
0.8349
0.7830
0.7345
0.6970
0.6634
0.6371
0.6130
0.5931
0.5806
0.5669
0.5595
0.5491
0.5438
0.5375
0.5323
0.5313
0.5323
0.5270
0.5229
0.5208
0.5197
0.5197
0.5197
0.5187
0.5176
0.5187
0.5176
0.5092
0.4962
0.4676
0.4315
0.4042
0.4021
0.4011
0.4011
0.4053
0.4053
0.4127
0.4232
0.4389
0.4558
0.4757
0.4916
0.5030
0.5103
0.5145
0.5197
0.5187
0.5197
0.5145
0.5049
0.4955
0.4828
0.4703
0.3837
0.3120
0.2488
0.2499
0.2499
0.2499
0.2509
0.2530
0.2531
0.2552
0.2562
0.2572
0.2594
0.2646
0.2667
0.2730
0.2772
0.2814
0.2867
0.2909
0.2950
0.2961
0.2971
95.56
103.1
106.6
111.8
108.1
103.1
95.39
100.5
104.3
106.2
111.8
110.6
119.4
116.3
134.0
136.1
141.4
151.1
150.3
156.0
155.6
160.4
163.9
167.3
175.3
171.9
175.4
177.6
187.6
193.8
199.9
211.3
212.3
221.7
233.5
241.5
251.2
256.9
262.4
267.8
274.2
281.9
290.9
302.4
316.4
331.9
348.8
365.6
381.1
394.2
404.7
413.5
423.0
436.4
453.3
471.8
488.0
498.9
504.1
507.8
509.5
509.5
509.0
507.6
502.9
494.9
483.2
465.0
438.0
403.2
362.2
316.6
264.2
208.0
162.1
121.7
87.13
63.92
44.26
29.59
22.92
18.71
13.36
10.57
7.528
5.040
3.645
2.846
2.257
1.707
1.350
1.212
1.172
1.129
1.088
1.046
1.008
0.9723
0.9379
0.9052
0.8748
0.8455
0.8162
0.7929
0.7679
0.7466
0.7257
0.7069
0.6900
0.6763
0.6595
0.6469
0.6353
0.6259
0.6144
0.6029
0.5922
0.5797
0.5681
0.5598
0.5503
0.5439
0.5397
0.5345
0.5313
0.5302
0.5240
0.5229
0.5167
0.5103
0.4978
0.4737
0.4611
0.4557
0.4463
0.4369
0.4337
0.4305
0.4294
0.4294
0.4284
0.4294
0.4346
0.4378
0.4399
0.4410
0.4410
0.4410
0.4410
0.4410
0.4400
0.4316
0.4192
0.4127
0.4126
0.3980
0.3251
0.2399
0.2123
0.2110
0.2110
0.2110
0.2110
0.2110
0.2142
0.2152
0.2184
0.2174
0.2194
0.2194
0.2257
0.2309
0.2393
0.2446
0.2540
0.2562
0.2635
0.2708
0.2772
0.2897
0.2992
94.21
104.1
105.7
112.5
106.3
103.7
91.76
85.30
88.12
92.99
99.89
120.2
133.2
138.4
136.7
137.7
139.4
150.5
147.4
151.2
152.4
157.9
158.5
173.1
185.0
194.7
189.6
189.1
184.0
190.3
195.9
211.8
227.0
237.1
245.5
256.3
268.6
282.7
297.4
313.9
330.5
346.1
359.7
371.5
382.9
395.4
411.2
429.7
448.2
464.4
476.0
483.2
488.4
493.2
497.1
502.4
507.5
511.7
515.0
516.7
517.6
517.2
513.3
507.5
498.3
485.6
471.6
458.4
444.0
419.6
378.5
318.5
256.2
196.2
143.4
99.85
66.32
47.30
35.60
25.96
18.59
14.56
12.33
10.43
7.400
4.591
2.871
1.864
1.249
0.6998
0.3628
0.2720
0.2761
0.2772
0.2803
0.2793
0.2793
0.2803
0.2804
0.2825
0.2835
0.2835
0.2835
0.2856
0.2877
0.2898
0.2909
0.2919
0.2930
0.2972
0.3034
0.3045
0.3098
0.3150
0.3172
0.3255
0.3287
0.3339
0.3402
0.3455
0.3528
0.3591
0.3686
0.3759
0.3780
0.3822
0.3811
0.3811
0.3811
0.3811
0.3822
0.3822
0.3844
0.3938
0.4022
0.4128
0.4221
0.4316
0.4431
0.4506
0.4631
0.4725
0.4767
0.4809
0.4819
0.4830
0.4787
0.4746
0.4746
0.4745
0.4556
0.3942
0.2838
0.2033
0.1816
0.1806
0.1806
0.1838
0.1848
0.1890
0.1900
0.1922
0.1932
0.1985
0.2006
0.2048
0.2090
0.2142
0.2174
0.2226
0.2289
0.2374
0.2468
0.2552
0.2625
0.2699
0.2783
0.2878
0.2951
0.2982
0.3013
95.35
100.1
105.8
108.6
104.8
92.11
88.25
95.81
98.25
92.61
101.1
108.6
106.8
116.9
138.1
146.1
139.7
141.2
143.8
156.8
170.6
176.8
177.9
172.5
176.1
182.3
181.2
192.5
196.4
205.4
214.2
228.9
249.6
266.0
281.8
305.5
324.6
340.7
354.7
367.1
379.3
393.0
409.8
428.4
446.4
461.1
471.6
480.0
487.7
495.1
503.4
511.8
519.5
526.0
530.5
532.5
532.0
528.1
521.8
514.3
506.8
500.0
495.7
490.2
482.3
467.7
442.5
403.7
346.3
278.7
201.3
137.0
98.47
73.48
59.19
44.94
36.74
30.15
24.46
18.92
15.25
12.38
9.684
7.224
5.304
3.699
2.529
1.776
1.269
0.8074
0.4467
0.3789
0.3738
0.3686
0.3644
0.3612
0.3570
0.3538
0.3538
0.3518
0.3476
0.3444
0.3402
0.3371
0.3360
0.3329
0.3307
0.3297
0.3287
0.3286
0.3276
0.3276
0.3276
0.3265
0.3265
0.3265
0.3265
0.3265
0.3265
0.3265
0.3276
0.3328
0.3349
0.3360
0.3412
0.3433
0.3517
0.3591
0.3622
0.3664
0.3654
0.3654
0.3643
0.3643
0.3622
0.3622
0.3612
0.3612
0.3633
0.3685
0.3810
0.3947
0.4000
0.4094
0.4136
0.4179
0.4252
0.4335
0.4399
0.4389
0.4430
0.4389
0.4264
0.4179
0.4158
0.3906
0.3155
0.2157
0.1681
0.1680
0.1680
0.1690
0.1690
0.1690
0.1711
0.1711
0.1753
0.1837
0.1900
0.1984
0.1995
0.2078
0.2152
0.2246
0.2330
0.2435
0.2604
0.2698
0.2813
0.2856
0.2971
100.3
93.37
99.66
113.9
122.7
103.2
95.41
97.72
102.0
107.0
98.59
102.6
125.6
140.8
139.9
140.2
146.0
159.9
184.6
188.2
188.2
168.1
163.9
176.7
190.1
215.4
215.0
218.1
226.2
230.7
248.2
265.7
297.9
326.6
348.9
366.2
381.9
395.3
410.4
428.7
448.6
469.4
488.2
504.4
517.5
530.4
541.8
554.5
567.3
580.2
591.4
601.0
607.6
612.3
614.4
613.5
608.7
601.9
594.5
587.3
582.6
578.3
571.2
555.2
521.7
464.8
389.5
314.0
240.8
170.4
135.6
101.0
79.39
63.67
55.71
48.73
37.24
29.24
24.53
19.71
16.38
13.21
10.48
8.072
6.007
4.234
2.732
1.826
1.278
0.7301
0.4002
0.3444
0.3444
0.3444
0.3433
0.3423
0.3391
0.3360
0.3349
0.3297
0.3297
0.3286
0.3255
0.3244
0.3244
0.3244
0.3244
0.3244
0.3244
0.3244
0.3244
0.3244
0.3244
0.3244
0.3265
0.3265
0.3265
0.3265
0.3265
0.3307
0.3307
0.3318
0.3339
0.3371
0.3423
0.3455
0.3529
0.3580
0.3580
0.3580
0.3580
0.3580
0.3507
0.3463
0.3265
0.3161
0.3181
0.3192
0.3192
0.3224
0.3277
0.3383
0.3539
0.3718
0.3939
0.4117
0.4381
0.4557
0.4663
0.4757
0.4872
0.4882
0.4882
0.4902
0.4829
0.4712
0.4609
0.4490
0.3981
0.2236
0.1764
0.1796
0.1817
0.1838
0.1869
0.1901
0.1943
0.1985
0.2037
0.2079
0.2132
0.2257
0.2332
0.2436
0.2520
0.2615
0.2752
0.2825
0.2919
0.3024
0.3045
104.8
87.00
99.20
111.2
120.3
103.5
113.0
94.31
92.85
95.73
107.3
128.4
149.6
128.0
105.6
126.0
133.9
166.3
203.8
219.3
190.4
193.6
202.6
202.9
242.2
230.6
232.6
246.9
251.6
278.4
300.2
334.3
361.9
385.0
400.7
414.2
426.1
438.9
455.0
473.3
491.9
507.9
520.2
530.3
540.1
549.3
560.1
569.7
579.7
588.6
596.3
602.4
606.1
607.1
605.4
598.2
588.1
575.9
566.9
563.7
566.1
569.1
565.9
547.2
498.0
426.8
356.3
296.5
228.2
174.8
141.4
118.5
93.67
73.83
69.99
66.80
59.07
50.89
38.17
30.77
23.63
18.64
15.31
11.08
7.427
4.472
2.407
1.519
1.005
0.4582
0.1396
0.1199
0.1218
0.1260
0.1509
0.1575
0.1637
0.1721
0.1868
0.1952
0.1974
0.2057
0.2203
0.2267
0.2351
0.2435
0.2477
0.2561
0.2624
0.2749
0.2792
0.2959
0.2982
0.2982
0.3023
0.3024
0.3066
0.3066
0.3087
0.3128
0.3129
0.3150
0.3171
0.3253
0.3297
0.3318
0.3318
0.3402
0.3464
0.3568
0.3591
0.3612
0.3696
0.3675
0.3675
0.3425
0.3237
0.3234
0.3234
0.3234
0.3234
0.3255
0.3379
0.3609
0.3843
0.4114
0.4343
0.4616
0.4807
0.4933
0.5018
0.5143
0.5270
0.5271
0.5271
0.5292
0.5082
0.4956
0.4851
0.3462
0.1823
0.1785
0.1785
0.1785
0.1785
0.1785
0.1785
0.1785
0.1806
0.1827
0.1868
0.1994
0.2079
0.2225
0.2268
0.2372
0.2541
0.2583
0.2729
0.2856
0.3003
100.3
93.37
99.66
113.9
122.7
103.2
95.41
97.72
102.0
107.0
98.59
102.6
125.6
140.8
139.9
140.2
146.0
159.9
184.6
188.2
188.2
168.1
163.9
176.7
190.1
215.4
215.0
218.1
226.2
230.7
248.2
265.7
297.9
326.6
348.9
366.2
381.9
395.3
410.4
428.7
448.6
469.4
488.2
504.4
517.5
530.4
541.8
554.5
567.3
580.2
591.4
601.0
607.6
612.3
614.4
613.5
608.7
601.9
594.5
587.3
582.6
578.3
571.2
555.2
521.7
464.8
389.5
314.0
240.8
170.4
135.6
101.0
79.39
63.67
55.71
48.73
37.24
29.24
24.53
19.71
16.38
13.21
10.48
8.072
6.007
4.234
2.732
1.826
1.278
0.7301
0.4002
0.3444
0.3444
0.3444
0.3433
0.3423
0.3391
0.3360
0.3349
0.3297
0.3297
0.3286
0.3255
0.3244
0.3244
0.3244
0.3244
0.3244
0.3244
0.3244
0.3244
0.3244
0.3244
0.3244
0.3265
0.3265
0.3265
0.3265
0.3265
0.3307
0.3307
0.3318
0.3339
0.3371
0.3423
0.3455
0.3529
0.3580
0.3580
0.3580
0.3580
0.3580
0.3507
0.3463
0.3265
0.3161
0.3181
0.3192
0.3192
0.3224
0.3277
0.3383
0.3539
0.3718
0.3939
0.4117
0.4381
0.4557
0.4663
0.4757
0.4872
0.4882
0.4882
0.4902
0.4829
0.4712
0.4609
0.4490
0.3981
0.2236
0.1764
0.1796
0.1817
0.1838
0.1869
0.1901
0.1943
0.1985
0.2037
0.2079
0.2132
0.2257
0.2332
0.2436
0.2520
0.2615
0.2752
0.2825
0.2919
0.3024
0.3045
95.35
100.1
105.8
108.6
104.8
92.11
88.25
95.81
98.25
92.61
101.1
108.6
106.8
116.9
138.1
146.1
139.7
141.2
143.8
156.8
170.6
176.8
177.9
172.5
176.1
182.3
181.2
192.5
196.4
205.4
214.2
228.9
249.6
266.0
281.8
305.5
324.6
340.7
354.7
367.1
379.3
393.0
409.8
428.4
446.4
461.1
471.6
480.0
487.7
495.1
503.4
511.8
519.5
526.0
530.5
532.5
532.0
528.1
521.8
514.3
506.8
500.0
495.7
490.2
482.3
467.7
442.5
403.7
346.3
278.7
201.3
137.0
98.47
73.48
59.19
44.94
36.74
30.15
24.46
18.92
15.25
12.38
9.684
7.224
5.304
3.699
2.529
1.776
1.269
0.8074
0.4467
0.3789
0.3738
0.3686
0.3644
0.3612
0.3570
0.3538
0.3538
0.3518
0.3476
0.3444
0.3402
0.3371
0.3360
0.3329
0.3307
0.3297
0.3287
0.3286
0.3276
0.3276
0.3276
0.3265
0.3265
0.3265
0.3265
0.3265
0.3265
0.3265
0.3276
0.3328
0.3349
0.3360
0.3412
0.3433
0.3517
0.3591
0.3622
0.3664
0.3654
0.3654
0.3643
0.3643
0.3622
0.3622
0.3612
0.3612
0.3633
0.3685
0.3810
0.3947
0.4000
0.4094
0.4136
0.4179
0.4252
0.4335
0.4399
0.4389
0.4430
0.4389
0.4264
0.4179
0.4158
0.3906
0.3155
0.2157
0.1681
0.1680
0.1680
0.1690
0.1690
0.1690
0.1711
0.1711
0.1753
0.1837
0.1900
0.1984
0.1995
0.2078
0.2152
0.2246
0.2330
0.2435
0.2604
0.2698
0.2813
0.2856
0.2971
94.21
104.1
105.7
112.5
106.3
103.7
91.76
85.30
88.12
92.99
99.89
120.2
133.2
138.4
136.7
137.7
139.4
150.5
147.4
151.2
152.4
157.9
158.5
173.1
185.0
194.7
189.6
189.1
184.0
190.3
195.9
211.8
227.0
237.1
245.5
256.3
268.6
282.7
297.4
313.9
330.5
346.1
359.7
371.5
382.9
395.4
411.2
429.7
448.2
464.4
476.0
483.2
488.4
493.2
497.1
502.4
507.5
511.7
515.0
516.7
517.6
517.2
513.3
507.5
498.3
485.6
471.6
458.4
444.0
419.6
378.5
318.5
256.2
196.2
143.4
99.85
66.32
47.30
35.60
25.96
18.59
14.56
12.33
10.43
7.400
4.591
2.871
1.864
1.249
0.6998
0.3628
0.2720
0.2761
0.2772
0.2803
0.2793
0.2793
0.2803
0.2804
0.2825
0.2835
0.2835
0.2835
0.2856
0.2877
0.2898
0.2909
0.2919
0.2930
0.2972
0.3034
0.3045
0.3098
0.3150
0.3172
0.3255
0.3287
0.3339
0.3402
0.3455
0.3528
0.3591
0.3686
0.3759
0.3780
0.3822
0.3811
0.3811
0.3811
0.3811
0.3822
0.3822
0.3844
0.3938
0.4022
0.4128
0.4221
0.4316
0.4431
0.4506
0.4631
0.4725
0.4767
0.4809
0.4819
0.4830
0.4787
0.4746
0.4746
0.4745
0.4556
0.3942
0.2838
0.2033
0.1816
0.1806
0.1806
0.1838
0.1848
0.1890
0.1900
0.1922
0.1932
0.1985
0.2006
0.2048
0.2090
0.2142
0.2174
0.2226
0.2289
0.2374
0.2468
0.2552
0.2625
0.2699
0.2783
0.2878
0.2951
0.2982
0.3013
95.56
103.1
106.6
111.8
108.1
103.1
95.39
100.5
104.3
106.2
111.8
110.6
119.4
116.3
134.0
136.1
141.4
151.1
150.3
156.0
155.6
160.4
163.9
167.3
175.3
171.9
175.4
177.6
187.6
193.8
199.9
211.3
212.3
221.7
233.5
241.5
251.2
256.9
262.4
267.8
274.2
281.9
290.9
302.4
316.4
331.9
348.8
365.6
381.1
394.2
404.7
413.5
423.0
436.4
453.3
471.8
488.0
498.9
504.1
507.8
509.5
509.5
509.0
507.6
502.9
494.9
483.2
465.0
438.0
403.2
362.2
316.6
264.2
208.0
162.1
121.7
87.13
63.92
44.26
29.59
22.92
18.71
13.36
10.57
7.528
5.040
3.645
2.846
2.257
1.707
1.350
1.212
1.172
1.129
1.088
1.046
1.008
0.9723
0.9379
0.9052
0.8748
0.8455
0.8162
0.7929
0.7679
0.7466
0.7257
0.7069
0.6900
0.6763
0.6595
0.6469
0.6353
0.6259
0.6144
0.6029
0.5922
0.5797
0.5681
0.5598
0.5503
0.5439
0.5397
0.5345
0.5313
0.5302
0.5240
0.5229
0.5167
0.5103
0.4978
0.4737
0.4611
0.4557
0.4463
0.4369
0.4337
0.4305
0.4294
0.4294
0.4284
0.4294
0.4346
0.4378
0.4399
0.4410
0.4410
0.4410
0.4410
0.4410
0.4400
0.4316
0.4192
0.4127
0.4126
0.3980
0.3251
0.2399
0.2123
0.2110
0.2110
0.2110
0.2110
0.2110
0.2142
0.2152
0.2184
0.2174
0.2194
0.2194
0.2257
0.2309
0.2393
0.2446
0.2540
0.2562
0.2635
0.2708
0.2772
0.2897
0.2992
101.2
98.67
107.9
119.7
109.3
105.3
92.25
93.07
95.11
93.20
89.74
98.67
105.1
119.9
132.8
138.3
148.2
155.1
149.8
154.8
167.6
167.8
169.1
183.0
178.5
187.1
198.8
198.6
214.8
210.4
223.1
243.0
252.2
274.1
281.9
289.8
298.2
307.4
314.5
320.8
327.9
335.9
342.7
348.7
355.3
361.3
365.8
369.8
373.8
377.5
380.7
383.5
385.8
387.6
388.8
389.9
391.0
391.7
391.7
391.8
390.5
387.6
381.4
374.3
365.0
353.4
339.6
324.5
307.4
285.7
259.1
224.5
185.6
154.7
126.9
102.7
79.37
59.64
42.20
31.32
22.29
15.85
11.91
8.864
6.260
4.638
3.669
2.984
2.386
1.860
1.543
1.419
1.386
1.360
1.329
1.295
1.258
1.216
1.173
1.125
1.069
1.013
0.9507
0.8903
0.8349
0.7830
0.7345
0.6970
0.6634
0.6371
0.6130
0.5931
0.5806
0.5669
0.5595
0.5491
0.5438
0.5375
0.5323
0.5313
0.5323
0.5270
0.5229
0.5208
0.5197
0.5197
0.5197
0.5187
0.5176
0.5187
0.5176
0.5092
0.4962
0.4676
0.4315
0.4042
0.4021
0.4011
0.4011
0.4053
0.4053
0.4127
0.4232
0.4389
0.4558
0.4757
0.4916
0.5030
0.5103
0.5145
0.5197
0.5187
0.5197
0.5145
0.5049
0.4955
0.4828
0.4703
0.3837
0.3120
0.2488
0.2499
0.2499
0.2499
0.2509
0.2530
0.2531
0.2552
0.2562
0.2572
0.2594
0.2646
0.2667
0.2730
0.2772
0.2814
0.2867
0.2909
0.2950
0.2961
0.2971
104.0
98.74
113.5
114.7
109.1
102.5
91.15
87.54
92.31
99.25
104.3
109.5
111.8
114.5
123.3
118.0
137.2
144.7
155.4
168.9
177.7
174.1
190.0
190.6
187.7
210.5
197.5
220.0
223.3
231.8
256.7
263.6
283.2
289.7
295.8
301.5
306.6
311.3
316.1
320.3
324.5
328.6
332.4
335.8
339.0
341.7
344.3
346.4
348.6
349.7
350.8
351.4
351.6
351.6
351.0
349.2
346.8
343.5
339.4
334.4
327.8
319.5
309.4
298.1
285.8
271.5
256.7
239.6
218.2
190.5
163.5
138.2
115.8
96.61
78.15
63.55
53.08
41.54
33.51
26.48
18.83
13.66
9.988
6.647
4.526
2.844
1.965
1.370
0.8998
0.5484
0.4103
0.3873
0.4272
0.4799
0.5238
0.5596
0.5880
0.6079
0.6280
0.6478
0.6667
0.6920
0.7076
0.7193
0.7266
0.7350
0.7371
0.7381
0.7350
0.7286
0.7171
0.7077
0.6961
0.6856
0.6751
0.6656
0.6552
0.6520
0.6457
0.6405
0.6353
0.6321
0.6289
0.6248
0.6237
0.6216
0.6226
0.6247
0.6258
0.6237
0.6216
0.6195
0.6060
0.5964
0.5494
0.5205
0.4851
0.4788
0.4757
0.4756
0.4767
0.4788
0.4861
0.5008
0.5176
0.5376
0.5597
0.5732
0.5901
0.5974
0.6016
0.6048
0.6048
0.6048
0.5943
0.5776
0.5617
0.5470
0.4646
0.4027
0.3537
0.2719
0.2698
0.2667
0.2635
0.2646
0.2625
0.2625
0.2614
0.2593
0.2583
0.2552
0.2551
0.2551
0.2551
0.2551
0.2551
0.2562
0.2541
0.2541
0.2551
101.2
103.2
106.3
115.8
106.9
105.4
96.92
93.25
93.65
93.04
90.14
94.26
93.39
104.2
122.2
127.1
135.4
139.4
136.8
138.5
145.3
146.4
147.2
155.0
155.3
161.5
171.4
173.2
183.9
182.1
192.0
207.3
214.3
231.2
237.3
241.5
244.7
247.6
250.8
254.1
257.4
259.0
259.0
256.9
252.8
247.3
241.0
233.9
226.3
218.1
209.3
200.0
190.5
180.8
170.5
159.8
148.8
137.7
127.0
117.6
109.6
102.8
97.23
91.40
85.35
79.29
72.75
65.85
59.35
52.99
46.83
40.48
35.46
31.69
27.47
24.67
20.93
17.82
14.25
11.84
9.892
8.543
7.106
5.830
4.606
3.614
2.837
2.346
1.965
1.651
1.489
1.443
1.441
1.437
1.433
1.414
1.390
1.355
1.315
1.270
1.222
1.178
1.132
1.086
1.044
0.9989
0.9600
0.9221
0.8918
0.8634
0.8359
0.8150
0.7960
0.7783
0.7644
0.7529
0.7414
0.7319
0.7214
0.7119
0.7014
0.6951
0.6857
0.6814
0.6793
0.6751
0.6741
0.6720
0.6699
0.6667
0.6646
0.6531
0.6457
0.6185
0.5905
0.5578
0.5544
0.5481
0.5460
0.5439
0.5460
0.5502
0.5575
0.5752
0.5952
0.6141
0.6299
0.6446
0.6509
0.6551
0.6593
0.6604
0.6604
0.6604
0.6542
0.6386
0.6207
0.5892
0.5021
0.4359
0.3582
0.3529
0.3465
0.3402
0.3371
0.3308
0.3255
0.3192
0.3150
0.3098
0.3045
0.3003
0.2982
0.2930
0.2940
0.2898
0.2887
0.2877
0.2908
0.2940
0.2950
95.56
104.7
106.3
109.7
108.4
96.86
90.04
92.49
98.11
97.63
96.38
97.16
101.5
105.8
117.5
116.3
121.6
125.3
125.2
126.7
128.8
127.3
122.7
123.3
128.0
125.4
125.2
125.3
123.1
123.5
128.3
123.1
119.6
118.0
114.0
111.9
110.0
106.1
101.6
96.01
89.55
81.88
73.41
64.72
56.37
48.63
42.11
37.49
34.06
31.65
30.25
29.53
29.00
28.49
28.00
27.56
27.11
26.72
26.30
25.92
25.61
25.35
25.16
25.02
24.95
24.99
25.11
25.17
25.00
24.42
23.63
22.80
21.96
21.09
20.19
19.24
18.26
17.14
16.24
14.97
13.62
12.10
10.26
8.644
6.524
4.693
3.028
2.362
1.996
1.729
1.566
1.514
1.510
1.502
1.485
1.464
1.434
1.393
1.348
1.295
1.243
1.185
1.132
1.080
1.030
0.9813
0.9383
0.9037
0.8680
0.8396
0.8157
0.7957
0.7778
0.7664
0.7569
0.7475
0.7359
0.7276
0.7244
0.7213
0.7181
0.7160
0.7129
0.7129
0.7098
0.7097
0.7066
0.7054
0.6961
0.6907
0.6717
0.6540
0.6383
0.6352
0.6342
0.6342
0.6384
0.6405
0.6458
0.6532
0.6647
0.6741
0.6825
0.6856
0.6846
0.6846
0.6846
0.6846
0.6825
0.6792
0.6666
0.6498
0.6329
0.6131
0.6065
0.5746
0.5118
0.4428
0.3874
0.3832
0.3779
0.3685
0.3642
0.3548
0.3475
0.3412
0.3348
0.3265
0.3202
0.3160
0.3118
0.3108
0.3087
0.3076
0.3045
0.3013
0.3013
0.3013
0.3013
0.3013
0.3013
94.21
101.2
109.3
108.6
107.7
93.14
90.81
76.93
79.03
84.85
93.92
101.4
114.0
114.9
111.1
109.7
112.5
113.4
111.1
108.2
108.6
106.4
107.7
102.3
104.2
97.53
86.91
78.88
72.46
69.03
66.25
64.29
60.86
54.69
48.43
42.73
38.31
35.20
33.29
32.21
31.61
31.14
30.68
30.23
29.77
29.32
28.85
28.39
27.94
27.54
27.15
26.76
26.37
25.98
25.59
25.23
24.89
24.52
24.09
23.62
23.10
22.58
22.10
21.66
21.28
21.02
20.80
20.57
20.13
19.46
18.53
17.25
15.97
15.00
14.01
13.08
11.98
10.89
9.719
8.571
7.428
6.249
5.244
4.265
3.326
2.440
1.651
1.104
0.8311
0.6317
0.5357
0.5251
0.5260
0.5448
0.5481
0.5533
0.5554
0.5596
0.5607
0.5648
0.5659
0.5680
0.5712
0.5732
0.5805
0.5858
0.5879
0.5922
0.6015
0.6027
0.6089
0.6121
0.6173
0.6278
0.6300
0.6362
0.6415
0.6447
0.6509
0.6593
0.6635
0.6688
0.6740
0.6772
0.6834
0.6846
0.6846
0.6846
0.6825
0.6804
0.6773
0.6720
0.6709
0.6709
0.6709
0.6709
0.6803
0.6866
0.6929
0.6992
0.7055
0.7128
0.7191
0.7255
0.7286
0.7308
0.7308
0.7204
0.7129
0.7067
0.6847
0.6240
0.5330
0.4720
0.4620
0.4557
0.4505
0.4442
0.4379
0.4326
0.4233
0.4148
0.4064
0.4001
0.3917
0.3833
0.3770
0.3686
0.3623
0.3549
0.3507
0.3424
0.3339
0.3297
0.3286
0.3276
0.3244
0.3192
0.3150
0.3139
0.3076
95.35
98.40
103.6
109.2
103.0
89.76
85.40
89.84
90.08
84.42
84.89
87.28
90.71
99.45
105.4
107.1
99.69
98.20
96.87
99.63
98.59
90.29
82.72
73.31
68.13
63.83
59.25
55.38
49.54
44.14
38.96
35.09
32.85
32.07
32.10
32.33
32.50
32.46
32.26
31.98
31.63
31.26
30.93
30.59
30.28
29.95
29.61
29.23
28.83
28.44
28.07
27.69
27.33
26.97
26.63
26.27
25.88
25.44
25.05
24.67
24.29
23.88
23.39
22.87
22.29
21.62
20.79
19.86
18.93
18.02
17.17
16.42
15.72
14.98
14.21
13.42
12.60
11.73
10.83
9.905
8.988
8.094
7.177
6.290
5.462
4.639
3.784
3.087
2.776
2.514
2.337
2.274
2.230
2.186
2.138
2.082
2.018
1.945
1.870
1.793
1.711
1.634
1.555
1.483
1.415
1.350
1.290
1.236
1.187
1.145
1.106
1.072
1.044
1.016
0.9941
0.9679
0.9469
0.9239
0.9059
0.8881
0.8724
0.8630
0.8493
0.8367
0.8263
0.8199
0.8084
0.8031
0.7885
0.7716
0.7503
0.7116
0.6929
0.6845
0.6730
0.6699
0.6688
0.6688
0.6688
0.6688
0.6688
0.6699
0.6678
0.6678
0.6678
0.6678
0.6678
0.6678
0.6667
0.6582
0.6447
0.6288
0.6047
0.5911
0.5858
0.5795
0.5335
0.4618
0.4431
0.4346
0.4262
0.4168
0.4145
0.4000
0.3895
0.3800
0.3726
0.3643
0.3528
0.3444
0.3379
0.3265
0.3213
0.3181
0.3150
0.3139
0.3129
0.3108
0.3087
0.3086
0.3045
100.3
89.14
100.8
116.7
113.4
94.97
92.46
88.39
95.53
87.88
76.61
91.50
100.3
106.9
101.5
98.49
102.5
106.8
104.8
97.34
83.19
70.55
66.46
62.39
60.58
56.21
48.99
42.49
37.27
34.15
33.03
33.17
33.91
35.23
36.00
36.51
36.69
36.73
36.58
36.40
36.23
36.07
35.90
35.69
35.47
35.16
34.80
34.41
34.03
33.64
33.22
32.80
32.36
31.95
31.55
31.13
30.74
30.34
29.90
29.41
28.95
28.47
27.93
27.30
26.57
25.74
24.88
23.95
23.03
22.20
21.39
20.53
19.65
18.69
17.68
16.63
15.52
14.40
13.28
12.13
10.94
9.760
8.587
7.404
6.272
5.086
3.943
3.244
2.893
2.628
2.478
2.435
2.398
2.365
2.324
2.273
2.213
2.143
2.066
1.978
1.885
1.790
1.691
1.593
1.501
1.413
1.331
1.260
1.196
1.143
1.092
1.051
1.013
0.9778
0.9537
0.9317
0.9126
0.8936
0.8790
0.8631
0.8496
0.8369
0.8232
0.8190
0.8107
0.8043
0.7980
0.7917
0.7865
0.7791
0.7739
0.7675
0.7354
0.7205
0.6400
0.6228
0.6195
0.6122
0.6080
0.6038
0.6048
0.6069
0.6111
0.6257
0.6445
0.6614
0.6751
0.6845
0.6898
0.6909
0.6961
0.6982
0.6972
0.6940
0.6720
0.6449
0.6395
0.6259
0.5757
0.4824
0.4590
0.4526
0.4432
0.4327
0.4221
0.4107
0.4022
0.3928
0.3791
0.3697
0.3603
0.3518
0.3414
0.3339
0.3318
0.3307
0.3255
0.3161
0.3150
0.3129
0.3076
104.8
85.99
104.1
108.5
117.2
99.38
98.01
84.63
82.14
81.82
87.60
109.2
117.2
86.93
82.38
86.99
85.71
106.4
110.4
103.3
81.99
74.23
69.31
65.84
65.62
56.54
48.61
42.51
38.73
36.99
37.18
37.90
39.36
40.31
40.93
41.11
41.04
40.73
40.34
39.98
39.66
39.33
38.99
38.59
38.21
37.76
37.27
36.77
36.27
35.75
35.24
34.73
34.24
33.72
33.16
32.66
32.12
31.54
30.94
30.30
29.60
28.86
28.06
27.16
26.22
25.27
24.28
23.31
22.37
21.49
20.56
19.63
18.64
17.55
16.40
15.15
13.83
12.51
11.20
9.809
8.433
7.105
5.809
4.684
3.716
2.665
1.629
1.044
0.7539
0.5986
0.6091
0.6600
0.7170
0.7817
0.8596
0.9118
0.9560
0.9934
1.029
1.063
1.105
1.147
1.153
1.151
1.149
1.142
1.138
1.130
1.113
1.098
1.071
1.052
1.031
1.006
0.9783
0.9596
0.9386
0.9239
0.9050
0.8966
0.8756
0.8629
0.8482
0.8377
0.8273
0.8231
0.8168
0.8084
0.8021
0.7979
0.7937
0.7895
0.7806
0.7433
0.7251
0.6483
0.6152
0.6111
0.6111
0.6111
0.6176
0.6279
0.6405
0.6533
0.6765
0.6952
0.7100
0.7286
0.7266
0.7266
0.7244
0.7224
0.7180
0.6991
0.6863
0.6611
0.6320
0.6234
0.6109
0.5407
0.4450
0.4346
0.4261
0.4157
0.4052
0.3967
0.3862
0.3716
0.3673
0.3528
0.3380
0.3296
0.3213
0.3129
0.3108
0.3066
0.3045
0.3045
0.3045
0.3024
0.3024
100.3
89.14
100.8
116.7
113.4
94.97
92.46
88.39
95.53
87.88
76.61
91.50
100.3
106.9
101.5
98.49
102.5
106.8
104.8
97.34
83.19
70.55
66.46
62.39
60.58
56.21
48.99
42.49
37.27
34.15
33.03
33.17
33.91
35.23
36.00
36.51
36.69
36.73
36.58
36.40
36.23
36.07
35.90
35.69
35.47
35.16
34.80
34.41
34.03
33.64
33.22
32.80
32.36
31.95
31.55
31.13
30.74
30.34
29.90
29.41
28.95
28.47
27.93
27.30
26.57
25.74
24.88
23.95
23.03
22.20
21.39
20.53
19.65
18.69
17.68
16.63
15.52
14.40
13.28
12.13
10.94
9.760
8.587
7.404
6.272
5.086
3.943
3.244
2.893
2.628
2.478
2.435
2.398
2.365
2.324
2.273
2.213
2.143
2.066
1.978
1.885
1.790
1.691
1.593
1.501
1.413
1.331
1.260
1.196
1.143
1.092
1.051
1.013
0.9778
0.9537
0.9317
0.9126
0.8936
0.8790
0.8631
0.8496
0.8369
0.8232
0.8190
0.8107
0.8043
0.7980
0.7917
0.7865
0.7791
0.7739
0.7675
0.7354
0.7205
0.6400
0.6228
0.6195
0.6122
0.6080
0.6038
0.6048
0.6069
0.6111
0.6257
0.6445
0.6614
0.6751
0.6845
0.6898
0.6909
0.6961
0.6982
0.6972
0.6940
0.6720
0.6449
0.6395
0.6259
0.5757
0.4824
0.4590
0.4526
0.4432
0.4327
0.4221
0.4107
0.4022
0.3928
0.3791
0.3697
0.3603
0.3518
0.3414
0.3339
0.3318
0.3307
0.3255
0.3161
0.3150
0.3129
0.3076
95.35
98.40
103.6
109.2
103.0
89.76
85.40
89.84
90.08
84.42
84.89
87.28
90.71
99.45
105.4
107.1
99.69
98.20
96.87
99.63
98.59
90.29
82.72
73.31
68.13
63.83
59.25
55.38
49.54
44.14
38.96
35.09
32.85
32.07
32.10
32.33
32.50
32.46
32.26
31.98
31.63
31.26
30.93
30.59
30.28
29.95
29.61
29.23
28.83
28.44
28.07
27.69
27.33
26.97
26.63
26.27
25.88
25.44
25.05
24.67
24.29
23.88
23.39
22.87
22.29
21.62
20.79
19.86
18.93
18.02
17.17
16.42
15.72
14.98
14.21
13.42
12.60
11.73
10.83
9.905
8.988
8.094
7.177
6.290
5.462
4.639
3.784
3.087
2.776
2.514
2.337
2.274
2.230
2.186
2.138
2.082
2.018
1.945
1.870
1.793
1.711
1.634
1.555
1.483
1.415
1.350
1.290
1.236
1.187
1.145
1.106
1.072
1.044
1.016
0.9941
0.9679
0.9469
0.9239
0.9059
0.8881
0.8724
0.8630
0.8493
0.8367
0.8263
0.8199
0.8084
0.8031
0.7885
0.7716
0.7503
0.7116
0.6929
0.6845
0.6730
0.6699
0.6688
0.6688
0.6688
0.6688
0.6688
0.6699
0.6678
0.6678
0.6678
0.6678
0.6678
0.6678
0.6667
0.6582
0.6447
0.6288
0.6047
0.5911
0.5858
0.5795
0.5335
0.4618
0.4431
0.4346
0.4262
0.4168
0.4145
0.4000
0.3895
0.3800
0.3726
0.3643
0.3528
0.3444
0.3379
0.3265
0.3213
0.3181
0.3150
0.3139
0.3129
0.3108
0.3087
0.3086
0.3045
94.21
101.2
109.3
108.6
107.7
93.14
90.81
76.93
79.03
84.85
93.92
101.4
114.0
114.9
111.1
109.7
112.5
113.4
111.1
108.2
108.6
106.4
107.7
102.3
104.2
97.53
86.91
78.88
72.46
69.03
66.25
64.29
60.86
54.69
48.43
42.73
38.31
35.20
33.29
32.21
31.61
31.14
30.68
30.23
29.77
29.32
28.85
28.39
27.94
27.54
27.15
26.76
26.37
25.98
25.59
25.23
24.89
24.52
24.09
23.62
23.10
22.58
22.10
21.66
21.28
21.02
20.80
20.57
20.13
19.46
18.53
17.25
15.97
15.00
14.01
13.08
11.98
10.89
9.719
8.571
7.428
6.249
5.244
4.265
3.326
2.440
1.651
1.104
0.8311
0.6317
0.5357
0.5251
0.5260
0.5448
0.5481
0.5533
0.5554
0.5596
0.5607
0.5648
0.5659
0.5680
0.5712
0.5732
0.5805
0.5858
0.5879
0.5922
0.6015
0.6027
0.6089
0.6121
0.6173
0.6278
0.6300
0.6362
0.6415
0.6447
0.6509
0.6593
0.6635
0.6688
0.6740
0.6772
0.6834
0.6846
0.6846
0.6846
0.6825
0.6804
0.6773
0.6720
0.6709
0.6709
0.6709
0.6709
0.6803
0.6866
0.6929
0.6992
0.7055
0.7128
0.7191
0.7255
0.7286
0.7308
0.7308
0.7204
0.7129
0.7067
0.6847
0.6240
0.5330
0.4720
0.4620
0.4557
0.4505
0.4442
0.4379
0.4326
0.4233
0.4148
0.4064
0.4001
0.3917
0.3833
0.3770
0.3686
0.3623
0.3549
0.3507
0.3424
0.3339
0.3297
0.3286
0.3276
0.3244
0.3192
0.3150
0.3139
0.3076
95.56
104.7
106.3
109.7
108.4
96.86
90.04
92.49
98.11
97.63
96.38
97.16
101.5
105.8
117.5
116.3
121.6
125.3
125.2
126.7
128.8
127.3
122.7
123.3
128.0
125.4
125.2
125.3
123.1
123.5
128.3
123.1
119.6
118.0
114.0
111.9
110.0
106.1
101.6
96.01
89.55
81.88
73.41
64.72
56.37
48.63
42.11
37.49
34.06
31.65
30.25
29.53
29.00
28.49
28.00
27.56
27.11
26.72
26.30
25.92
25.61
25.35
25.16
25.02
24.95
24.99
25.11
25.17
25.00
24.42
23.63
22.80
21.96
21.09
20.19
19.24
18.26
17.14
16.24
14.97
13.62
12.10
10.26
8.644
6.524
4.693
3.028
2.362
1.996
1.729
1.566
1.514
1.510
1.502
1.485
1.464
1.434
1.393
1.348
1.295
1.243
1.185
1.132
1.080
1.030
0.9813
0.9383
0.9037
0.8680
0.8396
0.8157
0.7957
0.7778
0.7664
0.7569
0.7475
0.7359
0.7276
0.7244
0.7213
0.7181
0.7160
0.7129
0.7129
0.7098
0.7097
0.7066
0.7054
0.6961
0.6907
0.6717
0.6540
0.6383
0.6352
0.6342
0.6342
0.6384
0.6405
0.6458
0.6532
0.6647
0.6741
0.6825
0.6856
0.6846
0.6846
0.6846
0.6846
0.6825
0.6792
0.6666
0.6498
0.6329
0.6131
0.6065
0.5746
0.5118
0.4428
0.3874
0.3832
0.3779
0.3685
0.3642
0.3548
0.3475
0.3412
0.3348
0.3265
0.3202
0.3160
0.3118
0.3108
0.3087
0.3076
0.3045
0.3013
0.3013
0.3013
0.3013
0.3013
0.3013
101.2
103.2
106.3
115.8
106.9
105.4
96.92
93.25
93.65
93.04
90.14
94.26
93.39
104.2
122.2
127.1
135.4
139.4
136.8
138.5
145.3
146.4
147.2
155.0
155.3
161.5
171.4
173.2
183.9
182.1
192.0
207.3
214.3
231.2
237.3
241.5
244.7
247.6
250.8
254.1
257.4
259.0
259.0
256.9
252.8
247.3
241.0
233.9
226.3
218.1
209.3
200.0
190.5
180.8
170.5
159.8
148.8
137.7
127.0
117.6
109.6
102.8
97.23
91.40
85.35
79.29
72.75
65.85
59.35
52.99
46.83
40.48
35.46
31.69
27.47
24.67
20.93
17.82
14.25
11.84
9.892
8.543
7.106
5.830
4.606
3.614
2.837
2.346
1.965
1.651
1.489
1.443
1.441
1.437
1.433
1.414
1.390
1.355
1.315
1.270
1.222
1.178
1.132
1.086
1.044
0.9989
0.9600
0.9221
0.8918
0.8634
0.8359
0.8150
0.7960
0.7783
0.7644
0.7529
0.7414
0.7319
0.7214
0.7119
0.7014
0.6951
0.6857
0.6814
0.6793
0.6751
0.6741
0.6720
0.6699
0.6667
0.6646
0.6531
0.6457
0.6185
0.5905
0.5578
0.5544
0.5481
0.5460
0.5439
0.5460
0.5502
0.5575
0.5752
0.5952
0.6141
0.6299
0.6446
0.6509
0.6551
0.6593
0.6604
0.6604
0.6604
0.6542
0.6386
0.6207
0.5892
0.5021
0.4359
0.3582
0.3529
0.3465
0.3402
0.3371
0.3308
0.3255
0.3192
0.3150
0.3098
0.3045
0.3003
0.2982
0.2930
0.2940
0.2898
0.2887
0.2877
0.2908
0.2940
0.2950
