SALVI
1
0
24
15.00
181
1.00

231103 OCH Y50 350 F2MD PMMA TRANSL

231102 OCH Y50 350 F2MD PMMA TRANSL.ldt
20 November 2023/TB
760
0
225
320
60
0
0
0
0
99.5
100.0
1.000
0.0
1
1
16 LED
6559.3


68.2
0.229
0.316
0.407
0.485
0.541
0.631
0.680
0.729
0.786
0.822
0.0
15.0
30.0
45.0
60.0
75.0
90.0
105.0
120.0
135.0
150.0
165.0
180.0
195.0
210.0
225.0
240.0
255.0
270.0
285.0
300.0
315.0
330.0
345.0
0.0
1.0
2.0
3.0
4.0
5.0
6.0
7.0
8.0
9.0
10.0
11.0
12.0
13.0
14.0
15.0
16.0
17.0
18.0
19.0
20.0
21.0
22.0
23.0
24.0
25.0
26.0
27.0
28.0
29.0
30.0
31.0
32.0
33.0
34.0
35.0
36.0
37.0
38.0
39.0
40.0
41.0
42.0
43.0
44.0
45.0
46.0
47.0
48.0
49.0
50.0
51.0
52.0
53.0
54.0
55.0
56.0
57.0
58.0
59.0
60.0
61.0
62.0
63.0
64.0
65.0
66.0
67.0
68.0
69.0
70.0
71.0
72.0
73.0
74.0
75.0
76.0
77.0
78.0
79.0
80.0
81.0
82.0
83.0
84.0
85.0
86.0
87.0
88.0
89.0
90.0
91.0
92.0
93.0
94.0
95.0
96.0
97.0
98.0
99.0
100.0
101.0
102.0
103.0
104.0
105.0
106.0
107.0
108.0
109.0
110.0
111.0
112.0
113.0
114.0
115.0
116.0
117.0
118.0
119.0
120.0
121.0
122.0
123.0
124.0
125.0
126.0
127.0
128.0
129.0
130.0
131.0
132.0
133.0
134.0
135.0
136.0
137.0
138.0
139.0
140.0
141.0
142.0
143.0
144.0
145.0
146.0
147.0
148.0
149.0
150.0
151.0
152.0
153.0
154.0
155.0
156.0
157.0
158.0
159.0
160.0
161.0
162.0
163.0
164.0
165.0
166.0
167.0
168.0
169.0
170.0
171.0
172.0
173.0
174.0
175.0
176.0
177.0
178.0
179.0
180.0
209.0
219.5
212.3
202.4
198.9
185.3
183.6
173.4
170.2
167.5
173.0
176.2
189.0
207.9
220.8
225.4
221.9
230.1
220.5
239.7
258.6
272.4
283.9
276.5
266.9
261.9
266.0
272.3
285.3
289.8
300.3
312.5
319.5
331.5
334.9
337.8
340.0
341.0
342.1
343.1
343.3
343.2
342.7
342.0
341.3
340.2
338.5
336.9
334.6
331.7
328.8
324.9
321.4
317.3
312.7
307.8
302.7
297.0
291.0
284.6
277.6
270.7
263.4
255.7
247.7
239.4
230.3
221.2
212.4
202.8
192.6
182.0
171.7
161.0
150.0
139.0
128.2
117.6
107.1
96.76
86.45
76.41
65.82
55.27
44.19
33.59
23.50
15.19
8.043
3.574
1.138
0.4368
0.4590
0.5139
0.5580
0.5961
0.6222
0.6447
0.6657
0.6867
0.7107
0.7340
0.7570
0.7744
0.7917
0.8081
0.8223
0.8336
0.8381
0.8396
0.8411
0.8426
0.8425
0.8396
0.8373
0.8351
0.8314
0.8276
0.8246
0.8201
0.8194
0.8171
0.8148
0.8141
0.8141
0.8156
0.8186
0.8201
0.8261
0.8291
0.8321
0.8343
0.8224
0.8086
0.7460
0.7103
0.6500
0.6372
0.6320
0.6312
0.6320
0.6425
0.6589
0.6829
0.7113
0.7416
0.7758
0.7998
0.8209
0.8343
0.8389
0.8441
0.8434
0.8381
0.8141
0.7886
0.7613
0.7331
0.6206
0.5330
0.4681
0.3658
0.3651
0.3651
0.3636
0.3628
0.3628
0.3621
0.3621
0.3621
0.3621
0.3621
0.3621
0.3621
0.3628
0.3651
0.3666
0.3673
0.3681
0.3711
0.3711
205.2
216.9
217.5
205.5
192.4
189.0
186.7
187.2
182.7
175.3
155.5
159.8
174.6
207.6
232.8
254.8
246.7
243.4
233.4
233.4
249.0
257.5
269.5
262.2
255.7
250.9
252.3
264.1
269.1
278.2
280.2
289.6
305.2
317.4
329.0
333.9
339.0
344.2
348.5
353.3
357.2
361.5
365.7
369.4
372.4
374.9
377.2
378.2
378.6
378.6
378.2
377.0
375.3
372.7
369.5
366.1
361.4
357.1
351.6
345.4
339.0
331.7
324.1
316.0
307.5
297.8
288.5
277.9
267.0
255.7
243.5
231.1
218.4
205.2
192.0
179.0
165.5
152.6
139.3
126.1
113.5
100.6
87.97
74.59
60.70
46.75
33.59
22.16
12.26
5.679
2.267
1.377
1.340
1.326
1.309
1.281
1.249
1.214
1.172
1.128
1.083
1.040
0.9966
0.9531
0.9133
0.8767
0.8453
0.8182
0.7961
0.7780
0.7622
0.7488
0.7406
0.7308
0.7241
0.7181
0.7151
0.7106
0.7083
0.7054
0.7054
0.7054
0.7054
0.7062
0.7084
0.7144
0.7159
0.7182
0.7211
0.7211
0.7203
0.7150
0.6982
0.6616
0.6064
0.5562
0.5540
0.5517
0.5517
0.5533
0.5594
0.5713
0.5870
0.6111
0.6365
0.6667
0.6936
0.7092
0.7204
0.7294
0.7369
0.7384
0.7361
0.7270
0.7084
0.6910
0.6730
0.6575
0.5349
0.4247
0.3336
0.3374
0.3411
0.3441
0.3471
0.3486
0.3531
0.3546
0.3576
0.3598
0.3629
0.3696
0.3756
0.3831
0.3884
0.3943
0.4026
0.4078
0.4145
0.4160
0.4168
212.3
215.0
215.6
215.1
202.6
181.1
166.6
174.5
188.0
196.5
188.5
182.9
183.7
201.8
229.2
246.5
255.5
256.7
252.1
250.7
244.9
250.0
259.8
266.0
273.6
271.9
265.9
256.7
257.0
266.0
282.6
297.5
306.4
314.1
319.6
327.2
334.5
339.5
342.5
345.2
347.3
349.2
350.8
352.0
353.2
354.1
354.3
354.0
354.1
353.2
351.9
350.2
348.5
345.7
342.5
338.6
334.1
329.4
323.8
318.3
311.9
304.7
297.4
289.3
280.8
272.0
262.3
252.2
241.9
231.2
219.8
207.9
196.1
183.9
171.9
159.7
147.9
135.8
123.9
111.9
100.3
89.11
78.22
66.84
55.09
42.92
30.42
19.58
10.90
4.844
1.923
1.156
1.125
1.107
1.085
1.063
1.042
1.021
0.9994
0.9754
0.9507
0.9221
0.8961
0.8675
0.8436
0.8196
0.7986
0.7821
0.7654
0.7520
0.7399
0.7310
0.7256
0.7189
0.7159
0.7107
0.7018
0.6957
0.6897
0.6845
0.6822
0.6784
0.6769
0.6769
0.6769
0.6777
0.6792
0.6799
0.6814
0.6807
0.6703
0.6413
0.6290
0.6222
0.6111
0.6035
0.6012
0.5990
0.5997
0.6027
0.6072
0.6131
0.6258
0.6364
0.6416
0.6343
0.6349
0.6357
0.6357
0.6319
0.6185
0.6044
0.5834
0.5721
0.5720
0.5504
0.4448
0.3296
0.2973
0.2969
0.2976
0.2998
0.2998
0.3021
0.3088
0.3126
0.3163
0.3186
0.3223
0.3290
0.3380
0.3470
0.3530
0.3590
0.3680
0.3762
0.3853
0.3943
0.4077
0.4123
0.4183
219.3
213.0
209.4
211.4
208.5
192.7
171.1
167.6
173.1
187.7
210.4
224.9
228.3
222.8
218.3
225.7
239.3
255.0
262.3
266.6
265.3
266.7
264.7
269.1
272.5
279.0
280.1
285.3
290.0
300.4
308.9
320.6
330.9
338.9
343.9
347.5
351.7
355.2
358.0
360.6
362.9
363.9
365.3
365.9
365.8
365.6
364.0
362.3
360.1
357.0
353.5
349.3
344.6
339.5
333.5
327.0
320.1
313.0
305.3
297.0
288.3
279.6
270.4
260.4
250.6
240.8
230.3
220.0
209.4
198.5
187.9
177.1
166.3
155.4
144.4
133.6
122.8
112.2
101.8
91.68
81.57
71.99
62.82
54.06
45.60
36.51
26.72
17.46
9.631
3.922
1.078
0.2932
0.3044
0.3149
0.3269
0.3373
0.3426
0.3479
0.3516
0.3554
0.3583
0.3591
0.3598
0.3606
0.3606
0.3606
0.3628
0.3681
0.3696
0.3748
0.3816
0.3869
0.3921
0.3996
0.4064
0.4146
0.4228
0.4311
0.4401
0.4484
0.4612
0.4732
0.4858
0.4971
0.5038
0.5113
0.5157
0.5157
0.5158
0.5165
0.5165
0.5180
0.5270
0.5376
0.5511
0.5684
0.5865
0.6074
0.6239
0.6426
0.6612
0.6778
0.6943
0.7077
0.7136
0.7121
0.7076
0.7031
0.7002
0.7014
0.6763
0.5862
0.4253
0.3021
0.2617
0.2639
0.2684
0.2714
0.2736
0.2767
0.2811
0.2849
0.2894
0.2947
0.3006
0.3044
0.3104
0.3156
0.3239
0.3299
0.3366
0.3479
0.3583
0.3682
0.3786
0.3891
0.4004
0.4093
0.4191
0.4243
0.4243
223.8
213.2
205.8
211.6
213.6
201.8
189.5
172.4
157.6
156.2
172.0
200.1
224.8
240.1
253.2
254.8
248.6
245.2
244.7
253.9
267.7
273.3
270.8
264.2
267.5
276.1
290.0
306.7
309.6
301.1
298.5
305.1
314.8
328.8
340.6
346.0
350.1
352.8
354.9
356.3
357.2
357.4
356.8
355.3
353.4
350.7
346.8
343.0
338.5
333.2
327.1
320.5
313.8
306.6
298.6
290.6
281.9
272.7
263.8
254.8
245.1
235.6
225.7
216.1
206.3
196.4
186.9
177.1
167.5
157.8
148.3
138.9
129.6
120.5
111.6
102.8
94.10
85.47
76.94
68.78
60.88
53.26
46.05
39.13
32.09
25.04
18.05
11.96
6.830
3.047
1.009
0.5995
0.5915
0.5877
0.5802
0.5743
0.5661
0.5623
0.5593
0.5540
0.5487
0.5427
0.5346
0.5278
0.5210
0.5173
0.5113
0.5068
0.5067
0.5045
0.5030
0.5015
0.5015
0.5015
0.5015
0.5015
0.5015
0.5015
0.5015
0.5015
0.5023
0.5060
0.5075
0.5120
0.5202
0.5277
0.5366
0.5457
0.5539
0.5570
0.5577
0.5452
0.5346
0.5330
0.5285
0.5255
0.5255
0.5277
0.5374
0.5530
0.5739
0.5899
0.6064
0.6176
0.6289
0.6386
0.6498
0.6589
0.6641
0.6686
0.6635
0.6523
0.6366
0.6245
0.6215
0.5904
0.4847
0.3270
0.2597
0.2586
0.2616
0.2616
0.2646
0.2676
0.2758
0.2810
0.2856
0.2923
0.3013
0.3066
0.3140
0.3260
0.3343
0.3478
0.3620
0.3695
0.3838
0.3928
0.4100
0.4183
0.4295
223.5
218.7
202.6
203.4
209.6
216.9
195.2
178.4
185.1
197.0
203.1
209.8
218.3
226.3
217.7
218.4
226.5
252.7
295.8
308.1
297.1
273.4
271.5
273.5
289.6
309.1
312.2
311.0
320.4
329.6
340.1
355.9
368.0
382.8
394.0
399.2
402.9
406.2
408.4
409.3
409.5
408.2
406.0
403.2
399.1
394.8
389.4
382.5
376.2
368.6
360.1
352.1
342.9
333.6
323.8
313.2
302.8
292.7
281.5
270.9
260.1
248.9
238.0
227.0
216.5
205.7
195.0
184.6
174.1
163.6
153.7
143.5
133.6
124.0
114.6
105.2
96.05
87.33
78.62
70.27
62.17
54.39
46.88
39.36
32.12
24.82
18.16
12.24
6.999
2.738
0.8962
0.5929
0.5899
0.5892
0.5892
0.5861
0.5757
0.5704
0.5629
0.5562
0.5509
0.5449
0.5359
0.5285
0.5232
0.5202
0.5090
0.5052
0.5038
0.5038
0.5037
0.5030
0.5030
0.5030
0.5030
0.5030
0.5030
0.5030
0.5030
0.5038
0.5053
0.5060
0.5075
0.5105
0.5166
0.5226
0.5331
0.5406
0.5473
0.5525
0.5540
0.5532
0.5441
0.5350
0.5058
0.4790
0.4783
0.4783
0.4790
0.4821
0.4910
0.5054
0.5258
0.5550
0.5857
0.6208
0.6548
0.6845
0.6964
0.7145
0.7370
0.7534
0.7541
0.7541
0.7442
0.7203
0.7105
0.6981
0.6185
0.3538
0.2714
0.2752
0.2804
0.2826
0.2887
0.2939
0.3007
0.3074
0.3119
0.3187
0.3276
0.3381
0.3494
0.3622
0.3742
0.3854
0.3981
0.4087
0.4221
0.4288
0.4310
223.0
220.4
201.4
208.8
220.5
229.4
230.3
200.2
175.7
171.1
197.8
231.4
270.9
250.2
194.0
187.4
212.9
265.2
305.0
322.8
295.8
291.6
301.1
324.1
357.7
358.5
343.9
348.9
358.6
374.8
400.3
413.5
428.5
438.9
441.9
443.4
445.1
443.7
443.1
441.4
438.8
435.3
430.5
424.8
419.1
411.8
403.9
396.2
387.0
377.7
367.7
356.7
346.2
335.0
324.0
312.4
300.8
289.0
277.8
266.0
254.5
243.4
232.1
221.1
209.8
199.4
188.7
178.4
168.0
158.0
147.9
137.8
128.5
118.9
109.7
100.6
91.63
83.12
74.92
66.54
58.63
51.19
43.77
36.34
29.25
22.29
15.88
10.20
5.170
1.869
0.3206
0.1962
0.2127
0.2248
0.2592
0.2772
0.2878
0.3026
0.3133
0.3252
0.3373
0.3522
0.3702
0.3836
0.3972
0.4077
0.4213
0.4302
0.4422
0.4528
0.4631
0.4723
0.4826
0.4857
0.4917
0.4962
0.4977
0.4963
0.5022
0.5008
0.5008
0.5022
0.5037
0.5052
0.5097
0.5172
0.5247
0.5367
0.5472
0.5531
0.5637
0.5696
0.5771
0.5787
0.5713
0.5167
0.4891
0.4888
0.4888
0.4888
0.4888
0.5022
0.5259
0.5577
0.5950
0.6339
0.6740
0.7145
0.7450
0.7614
0.7794
0.7946
0.8140
0.8171
0.8171
0.7993
0.7661
0.7498
0.7348
0.5344
0.2786
0.2759
0.2759
0.2773
0.2774
0.2803
0.2878
0.2924
0.2983
0.3057
0.3133
0.3252
0.3342
0.3478
0.3598
0.3792
0.3868
0.3987
0.4152
0.4243
0.4288
223.5
218.7
202.6
203.4
209.6
216.9
195.2
178.4
185.1
197.0
203.1
209.8
218.3
226.3
217.7
218.4
226.5
252.7
295.8
308.1
297.1
273.4
271.5
273.5
289.6
309.1
312.2
311.0
320.4
329.6
340.1
355.9
368.0
382.8
394.0
399.2
402.9
406.2
408.4
409.3
409.5
408.2
406.0
403.2
399.1
394.8
389.4
382.5
376.2
368.6
360.1
352.1
342.9
333.6
323.8
313.2
302.8
292.7
281.5
270.9
260.1
248.9
238.0
227.0
216.5
205.7
195.0
184.6
174.1
163.6
153.7
143.5
133.6
124.0
114.6
105.2
96.05
87.33
78.62
70.27
62.17
54.39
46.88
39.36
32.12
24.82
18.16
12.24
6.999
2.738
0.8962
0.5929
0.5899
0.5892
0.5892
0.5861
0.5757
0.5704
0.5629
0.5562
0.5509
0.5449
0.5359
0.5285
0.5232
0.5202
0.5090
0.5052
0.5038
0.5038
0.5037
0.5030
0.5030
0.5030
0.5030
0.5030
0.5030
0.5030
0.5030
0.5038
0.5053
0.5060
0.5075
0.5105
0.5166
0.5226
0.5331
0.5406
0.5473
0.5525
0.5540
0.5532
0.5441
0.5350
0.5058
0.4790
0.4783
0.4783
0.4790
0.4821
0.4910
0.5054
0.5258
0.5550
0.5857
0.6208
0.6548
0.6845
0.6964
0.7145
0.7370
0.7534
0.7541
0.7541
0.7442
0.7203
0.7105
0.6981
0.6185
0.3538
0.2714
0.2752
0.2804
0.2826
0.2887
0.2939
0.3007
0.3074
0.3119
0.3187
0.3276
0.3381
0.3494
0.3622
0.3742
0.3854
0.3981
0.4087
0.4221
0.4288
0.4310
223.8
213.2
205.8
211.6
213.6
201.8
189.5
172.4
157.6
156.2
172.0
200.1
224.8
240.1
253.2
254.8
248.6
245.2
244.7
253.9
267.7
273.3
270.8
264.2
267.5
276.1
290.0
306.7
309.6
301.1
298.5
305.1
314.8
328.8
340.6
346.0
350.1
352.8
354.9
356.3
357.2
357.4
356.8
355.3
353.4
350.7
346.8
343.0
338.5
333.2
327.1
320.5
313.8
306.6
298.6
290.6
281.9
272.7
263.8
254.8
245.1
235.6
225.7
216.1
206.3
196.4
186.9
177.1
167.5
157.8
148.3
138.9
129.6
120.5
111.6
102.8
94.10
85.47
76.94
68.78
60.88
53.26
46.05
39.13
32.09
25.04
18.05
11.96
6.830
3.047
1.009
0.5995
0.5915
0.5877
0.5802
0.5743
0.5661
0.5623
0.5593
0.5540
0.5487
0.5427
0.5346
0.5278
0.5210
0.5173
0.5113
0.5068
0.5067
0.5045
0.5030
0.5015
0.5015
0.5015
0.5015
0.5015
0.5015
0.5015
0.5015
0.5015
0.5023
0.5060
0.5075
0.5120
0.5202
0.5277
0.5366
0.5457
0.5539
0.5570
0.5577
0.5452
0.5346
0.5330
0.5285
0.5255
0.5255
0.5277
0.5374
0.5530
0.5739
0.5899
0.6064
0.6176
0.6289
0.6386
0.6498
0.6589
0.6641
0.6686
0.6635
0.6523
0.6366
0.6245
0.6215
0.5904
0.4847
0.3270
0.2597
0.2586
0.2616
0.2616
0.2646
0.2676
0.2758
0.2810
0.2856
0.2923
0.3013
0.3066
0.3140
0.3260
0.3343
0.3478
0.3620
0.3695
0.3838
0.3928
0.4100
0.4183
0.4295
219.3
213.0
209.4
211.4
208.5
192.7
171.1
167.6
173.1
187.7
210.4
224.9
228.3
222.8
218.3
225.7
239.3
255.0
262.3
266.6
265.3
266.7
264.7
269.1
272.5
279.0
280.1
285.3
290.0
300.4
308.9
320.6
330.9
338.9
343.9
347.5
351.7
355.2
358.0
360.6
362.9
363.9
365.3
365.9
365.8
365.6
364.0
362.3
360.1
357.0
353.5
349.3
344.6
339.5
333.5
327.0
320.1
313.0
305.3
297.0
288.3
279.6
270.4
260.4
250.6
240.8
230.3
220.0
209.4
198.5
187.9
177.1
166.3
155.4
144.4
133.6
122.8
112.2
101.8
91.68
81.57
71.99
62.82
54.06
45.60
36.51
26.72
17.46
9.631
3.922
1.078
0.2932
0.3044
0.3149
0.3269
0.3373
0.3426
0.3479
0.3516
0.3554
0.3583
0.3591
0.3598
0.3606
0.3606
0.3606
0.3628
0.3681
0.3696
0.3748
0.3816
0.3869
0.3921
0.3996
0.4064
0.4146
0.4228
0.4311
0.4401
0.4484
0.4612
0.4732
0.4858
0.4971
0.5038
0.5113
0.5157
0.5157
0.5158
0.5165
0.5165
0.5180
0.5270
0.5376
0.5511
0.5684
0.5865
0.6074
0.6239
0.6426
0.6612
0.6778
0.6943
0.7077
0.7136
0.7121
0.7076
0.7031
0.7002
0.7014
0.6763
0.5862
0.4253
0.3021
0.2617
0.2639
0.2684
0.2714
0.2736
0.2767
0.2811
0.2849
0.2894
0.2947
0.3006
0.3044
0.3104
0.3156
0.3239
0.3299
0.3366
0.3479
0.3583
0.3682
0.3786
0.3891
0.4004
0.4093
0.4191
0.4243
0.4243
212.3
215.0
215.6
215.1
202.6
181.1
166.6
174.5
188.0
196.5
188.5
182.9
183.7
201.8
229.2
246.5
255.5
256.7
252.1
250.7
244.9
250.0
259.8
266.0
273.6
271.9
265.9
256.7
257.0
266.0
282.6
297.5
306.4
314.1
319.6
327.2
334.5
339.5
342.5
345.2
347.3
349.2
350.8
352.0
353.2
354.1
354.3
354.0
354.1
353.2
351.9
350.2
348.5
345.7
342.5
338.6
334.1
329.4
323.8
318.3
311.9
304.7
297.4
289.3
280.8
272.0
262.3
252.2
241.9
231.2
219.8
207.9
196.1
183.9
171.9
159.7
147.9
135.8
123.9
111.9
100.3
89.11
78.22
66.84
55.09
42.92
30.42
19.58
10.90
4.844
1.923
1.156
1.125
1.107
1.085
1.063
1.042
1.021
0.9994
0.9754
0.9507
0.9221
0.8961
0.8675
0.8436
0.8196
0.7986
0.7821
0.7654
0.7520
0.7399
0.7310
0.7256
0.7189
0.7159
0.7107
0.7018
0.6957
0.6897
0.6845
0.6822
0.6784
0.6769
0.6769
0.6769
0.6777
0.6792
0.6799
0.6814
0.6807
0.6703
0.6413
0.6290
0.6222
0.6111
0.6035
0.6012
0.5990
0.5997
0.6027
0.6072
0.6131
0.6258
0.6364
0.6416
0.6343
0.6349
0.6357
0.6357
0.6319
0.6185
0.6044
0.5834
0.5721
0.5720
0.5504
0.4448
0.3296
0.2973
0.2969
0.2976
0.2998
0.2998
0.3021
0.3088
0.3126
0.3163
0.3186
0.3223
0.3290
0.3380
0.3470
0.3530
0.3590
0.3680
0.3762
0.3853
0.3943
0.4077
0.4123
0.4183
205.2
216.9
217.5
205.5
192.4
189.0
186.7
187.2
182.7
175.3
155.5
159.8
174.6
207.6
232.8
254.8
246.7
243.4
233.4
233.4
249.0
257.5
269.5
262.2
255.7
250.9
252.3
264.1
269.1
278.2
280.2
289.6
305.2
317.4
329.0
333.9
339.0
344.2
348.5
353.3
357.2
361.5
365.7
369.4
372.4
374.9
377.2
378.2
378.6
378.6
378.2
377.0
375.3
372.7
369.5
366.1
361.4
357.1
351.6
345.4
339.0
331.7
324.1
316.0
307.5
297.8
288.5
277.9
267.0
255.7
243.5
231.1
218.4
205.2
192.0
179.0
165.5
152.6
139.3
126.1
113.5
100.6
87.97
74.59
60.70
46.75
33.59
22.16
12.26
5.679
2.267
1.377
1.340
1.326
1.309
1.281
1.249
1.214
1.172
1.128
1.083
1.040
0.9966
0.9531
0.9133
0.8767
0.8453
0.8182
0.7961
0.7780
0.7622
0.7488
0.7406
0.7308
0.7241
0.7181
0.7151
0.7106
0.7083
0.7054
0.7054
0.7054
0.7054
0.7062
0.7084
0.7144
0.7159
0.7182
0.7211
0.7211
0.7203
0.7150
0.6982
0.6616
0.6064
0.5562
0.5540
0.5517
0.5517
0.5533
0.5594
0.5713
0.5870
0.6111
0.6365
0.6667
0.6936
0.7092
0.7204
0.7294
0.7369
0.7384
0.7361
0.7270
0.7084
0.6910
0.6730
0.6575
0.5349
0.4247
0.3336
0.3374
0.3411
0.3441
0.3471
0.3486
0.3531
0.3546
0.3576
0.3598
0.3629
0.3696
0.3756
0.3831
0.3884
0.3943
0.4026
0.4078
0.4145
0.4160
0.4168
209.0
219.5
212.3
202.4
198.9
185.3
183.6
173.4
170.2
167.5
173.0
176.2
189.0
207.9
220.8
225.4
221.9
230.1
220.5
239.7
258.6
272.4
283.9
276.5
266.9
261.9
266.0
272.3
285.3
289.8
300.3
312.5
319.5
331.5
334.9
337.8
340.0
341.0
342.1
343.1
343.3
343.2
342.7
342.0
341.3
340.2
338.5
336.9
334.6
331.7
328.8
324.9
321.4
317.3
312.7
307.8
302.7
297.0
291.0
284.6
277.6
270.7
263.4
255.7
247.7
239.4
230.3
221.2
212.4
202.8
192.6
182.0
171.7
161.0
150.0
139.0
128.2
117.6
107.1
96.76
86.45
76.41
65.82
55.27
44.19
33.59
23.50
15.19
8.043
3.574
1.138
0.4368
0.4590
0.5139
0.5580
0.5961
0.6222
0.6447
0.6657
0.6867
0.7107
0.7340
0.7570
0.7744
0.7917
0.8081
0.8223
0.8336
0.8381
0.8396
0.8411
0.8426
0.8425
0.8396
0.8373
0.8351
0.8314
0.8276
0.8246
0.8201
0.8194
0.8171
0.8148
0.8141
0.8141
0.8156
0.8186
0.8201
0.8261
0.8291
0.8321
0.8343
0.8224
0.8086
0.7460
0.7103
0.6500
0.6372
0.6320
0.6312
0.6320
0.6425
0.6589
0.6829
0.7113
0.7416
0.7758
0.7998
0.8209
0.8343
0.8389
0.8441
0.8434
0.8381
0.8141
0.7886
0.7613
0.7331
0.6206
0.5330
0.4681
0.3658
0.3651
0.3651
0.3636
0.3628
0.3628
0.3621
0.3621
0.3621
0.3621
0.3621
0.3621
0.3621
0.3628
0.3651
0.3666
0.3673
0.3681
0.3711
0.3711
205.2
210.6
212.1
201.6
189.6
181.9
181.7
179.5
172.1
163.0
144.3
146.1
157.4
186.3
207.4
227.7
221.0
216.4
204.9
203.1
213.2
220.3
230.7
223.3
216.7
209.2
208.0
214.8
216.4
222.0
221.4
225.3
233.7
240.9
246.2
247.3
248.4
248.9
248.9
248.7
248.3
247.7
246.6
245.4
243.6
241.5
238.9
236.5
233.0
229.5
225.6
221.2
216.8
212.0
207.2
202.1
196.9
191.8
186.5
181.0
175.3
169.7
164.0
158.1
152.3
146.1
140.2
133.9
127.6
121.3
114.7
108.1
101.5
94.91
88.38
81.79
75.24
68.83
62.62
56.50
50.44
44.60
38.67
32.68
26.49
20.46
14.78
9.981
5.966
3.158
1.740
1.375
1.361
1.354
1.346
1.326
1.300
1.273
1.244
1.212
1.181
1.151
1.120
1.089
1.062
1.034
1.007
0.9844
0.9620
0.9439
0.9281
0.9146
0.9012
0.8877
0.8787
0.8733
0.8652
0.8598
0.8524
0.8464
0.8397
0.8359
0.8336
0.8321
0.8328
0.8336
0.8336
0.8351
0.8388
0.8418
0.8426
0.8322
0.8254
0.7787
0.7380
0.6857
0.6807
0.6717
0.6650
0.6612
0.6627
0.6716
0.6895
0.7127
0.7410
0.7682
0.7945
0.8103
0.8238
0.8298
0.8372
0.8396
0.8411
0.8337
0.8075
0.7819
0.7605
0.7206
0.5991
0.5081
0.4125
0.4101
0.4100
0.4100
0.4100
0.4093
0.4078
0.4048
0.4018
0.3988
0.3958
0.3951
0.3943
0.3921
0.3928
0.3973
0.4010
0.4025
0.4063
0.4078
0.4130
212.3
207.0
208.2
208.2
195.3
174.1
157.1
156.6
164.2
169.3
162.6
154.8
150.8
161.1
181.8
193.2
197.8
197.3
192.9
184.2
177.1
177.4
178.9
180.9
181.9
179.0
172.7
162.5
157.1
156.8
161.2
163.2
162.3
161.8
160.0
158.8
158.2
156.0
152.6
149.1
145.7
141.9
138.2
134.5
130.8
127.3
123.7
120.1
116.6
113.2
109.9
106.6
103.3
100.1
96.92
93.74
90.74
87.70
84.71
81.81
78.86
75.97
73.23
70.40
67.59
64.82
62.07
59.35
56.57
53.77
50.99
48.23
45.37
42.47
39.65
36.84
34.01
31.12
28.31
25.55
22.81
20.21
17.62
15.06
12.54
9.981
7.537
5.365
3.615
2.310
1.582
1.369
1.355
1.343
1.326
1.307
1.281
1.256
1.226
1.194
1.161
1.126
1.093
1.061
1.030
1.000
0.9729
0.9541
0.9324
0.9152
0.9040
0.8875
0.8807
0.8726
0.8673
0.8590
0.8515
0.8493
0.8493
0.8493
0.8501
0.8509
0.8523
0.8538
0.8554
0.8576
0.8613
0.8621
0.8568
0.8476
0.8253
0.8019
0.7720
0.7592
0.7458
0.7391
0.7399
0.7407
0.7460
0.7549
0.7655
0.7796
0.7902
0.7984
0.8021
0.8014
0.8014
0.8013
0.8005
0.7946
0.7764
0.7540
0.7285
0.7083
0.7001
0.6642
0.5768
0.4868
0.4258
0.4250
0.4243
0.4243
0.4228
0.4235
0.4213
0.4153
0.4138
0.4123
0.4108
0.4100
0.4078
0.4070
0.4063
0.4071
0.4101
0.4138
0.4138
0.4138
0.4175
0.4198
0.4183
219.3
207.5
201.6
201.2
193.6
177.5
154.0
142.6
145.2
154.4
169.5
172.1
170.0
163.2
155.2
155.7
163.1
167.2
168.7
166.6
158.9
153.4
149.0
141.7
139.3
138.3
133.0
131.6
127.9
124.6
121.0
119.4
116.4
114.2
111.1
108.1
105.1
102.2
99.29
96.16
93.17
90.18
87.17
84.45
81.84
79.14
76.79
74.49
72.15
70.15
68.03
65.90
64.02
62.09
60.18
58.44
56.60
54.88
53.11
51.38
49.63
47.92
46.23
44.55
42.83
41.10
39.36
37.65
35.90
34.16
32.41
30.65
28.86
27.02
25.18
23.31
21.40
19.52
17.67
15.80
13.98
12.26
10.61
8.989
7.443
5.892
4.366
2.969
1.774
0.9017
0.4874
0.4380
0.4541
0.4743
0.4894
0.5006
0.5112
0.5186
0.5254
0.5285
0.5337
0.5375
0.5419
0.5450
0.5502
0.5532
0.5599
0.5637
0.5711
0.5816
0.5869
0.5959
0.6049
0.6146
0.6251
0.6349
0.6454
0.6536
0.6655
0.6746
0.6895
0.7030
0.7195
0.7278
0.7390
0.7488
0.7504
0.7519
0.7496
0.7467
0.7466
0.7429
0.7429
0.7473
0.7518
0.7615
0.7757
0.7870
0.7975
0.8051
0.8147
0.8216
0.8320
0.8343
0.8358
0.8358
0.8224
0.7972
0.7813
0.7781
0.7513
0.6599
0.5323
0.4552
0.4505
0.4498
0.4498
0.4498
0.4498
0.4498
0.4505
0.4483
0.4483
0.4475
0.4468
0.4453
0.4430
0.4415
0.4385
0.4371
0.4326
0.4325
0.4288
0.4266
0.4265
0.4273
0.4295
0.4266
0.4273
0.4288
0.4273
223.8
210.0
197.6
199.7
192.1
180.1
165.4
146.4
127.7
121.5
124.8
139.8
153.3
158.2
163.3
162.9
152.0
143.7
136.5
134.4
134.3
131.8
125.9
118.8
112.3
108.2
106.3
105.2
103.2
97.37
91.96
88.70
85.98
84.77
84.11
82.68
81.09
79.39
77.59
75.69
73.77
71.95
70.21
68.54
67.02
65.52
64.09
62.68
61.34
59.96
58.67
57.33
56.05
54.73
53.45
52.13
50.81
49.46
48.13
46.77
45.37
43.97
42.56
41.11
39.65
38.16
36.68
35.15
33.61
32.06
30.50
28.91
27.31
25.71
24.09
22.51
20.86
19.19
17.51
15.82
14.15
12.60
11.11
9.666
8.292
6.929
5.609
4.334
3.199
2.335
1.858
1.767
1.743
1.720
1.689
1.656
1.615
1.575
1.534
1.488
1.437
1.384
1.334
1.288
1.242
1.197
1.157
1.124
1.095
1.069
1.045
1.025
1.012
1.001
0.9901
0.9773
0.9639
0.9542
0.9445
0.9415
0.9370
0.9348
0.9355
0.9325
0.9303
0.9273
0.9265
0.9257
0.9204
0.9017
0.8809
0.8289
0.8101
0.7915
0.7735
0.7586
0.7541
0.7534
0.7534
0.7564
0.7548
0.7481
0.7429
0.7414
0.7384
0.7361
0.7354
0.7346
0.7301
0.7149
0.6978
0.6761
0.6476
0.6364
0.6356
0.6294
0.5632
0.4713
0.4520
0.4513
0.4505
0.4498
0.4490
0.4475
0.4475
0.4460
0.4445
0.4385
0.4378
0.4347
0.4310
0.4303
0.4303
0.4318
0.4318
0.4318
0.4303
0.4303
0.4310
0.4310
0.4310
223.5
211.8
191.3
188.8
188.6
185.2
164.6
145.3
146.2
145.2
144.2
142.3
144.2
145.4
133.0
126.7
123.5
130.2
143.3
143.0
134.1
118.9
111.9
104.8
102.8
102.9
99.15
93.75
90.22
87.71
85.17
84.71
83.71
83.53
83.27
82.30
81.16
79.92
78.35
76.72
75.15
73.78
72.31
71.07
69.77
68.43
67.25
65.94
64.79
63.59
62.23
61.04
59.82
58.56
57.26
56.02
54.72
53.30
51.85
50.47
49.08
47.56
46.13
44.65
43.08
41.49
39.86
38.21
36.51
34.80
33.06
31.31
29.55
27.76
25.97
24.16
22.33
20.52
18.72
16.95
15.19
13.51
11.91
10.34
8.828
7.362
5.936
4.564
3.323
2.395
1.957
1.909
1.888
1.872
1.844
1.804
1.757
1.702
1.642
1.582
1.518
1.456
1.397
1.338
1.285
1.237
1.191
1.153
1.119
1.089
1.062
1.038
1.019
1.001
0.9850
0.9739
0.9641
0.9566
0.9453
0.9356
0.9289
0.9229
0.9183
0.9138
0.9131
0.9130
0.9130
0.9130
0.9130
0.9138
0.9116
0.9078
0.8721
0.8472
0.7210
0.7017
0.6927
0.6786
0.6673
0.6634
0.6627
0.6634
0.6746
0.6962
0.7202
0.7427
0.7644
0.7706
0.7721
0.7729
0.7758
0.7774
0.7766
0.7595
0.7283
0.6988
0.6942
0.6867
0.6101
0.4817
0.4642
0.4633
0.4625
0.4625
0.4625
0.4625
0.4603
0.4603
0.4543
0.4513
0.4461
0.4416
0.4356
0.4333
0.4333
0.4340
0.4340
0.4325
0.4325
0.4325
0.4348
223.0
214.9
192.1
192.1
194.9
196.2
192.9
162.4
139.4
124.6
137.4
151.8
172.1
160.4
121.7
110.4
112.2
129.4
138.8
146.1
127.8
118.4
113.1
108.9
114.6
111.8
103.2
98.30
95.94
91.69
93.31
92.70
92.30
92.47
91.71
90.67
88.90
87.12
85.23
83.46
81.74
80.13
78.60
77.13
75.68
74.28
72.88
71.52
70.16
68.75
67.31
65.86
64.44
63.03
61.61
60.13
58.65
57.13
55.53
53.93
52.24
50.56
48.86
47.10
45.30
43.48
41.62
39.69
37.81
35.87
33.93
31.95
29.97
27.97
25.98
23.94
21.88
19.81
17.82
15.86
13.93
12.11
10.36
8.674
7.091
5.592
4.152
2.826
1.661
0.8791
0.5177
0.5508
0.6029
0.6644
0.7380
0.7740
0.8066
0.8399
0.8653
0.8925
0.9254
0.9612
0.9925
1.012
1.026
1.039
1.051
1.054
1.054
1.054
1.052
1.051
1.045
1.034
1.025
1.015
1.009
0.9999
0.9953
0.9849
0.9775
0.9730
0.9655
0.9640
0.9640
0.9640
0.9625
0.9625
0.9625
0.9610
0.9610
0.9610
0.9589
0.9081
0.8809
0.7537
0.7106
0.6999
0.6852
0.6867
0.6868
0.6972
0.7079
0.7289
0.7516
0.7767
0.8022
0.8276
0.8261
0.8246
0.8231
0.8231
0.8185
0.7961
0.7749
0.7356
0.7031
0.6956
0.6866
0.5796
0.4557
0.4543
0.4543
0.4543
0.4542
0.4513
0.4512
0.4483
0.4437
0.4363
0.4333
0.4318
0.4318
0.4348
0.4333
0.4333
0.4333
0.4333
0.4333
0.4333
0.4333
223.5
211.8
191.3
188.8
188.6
185.2
164.6
145.3
146.2
145.2
144.2
142.3
144.2
145.4
133.0
126.7
123.5
130.2
143.3
143.0
134.1
118.9
111.9
104.8
102.8
102.9
99.15
93.75
90.22
87.71
85.17
84.71
83.71
83.53
83.27
82.30
81.16
79.92
78.35
76.72
75.15
73.78
72.31
71.07
69.77
68.43
67.25
65.94
64.79
63.59
62.23
61.04
59.82
58.56
57.26
56.02
54.72
53.30
51.85
50.47
49.08
47.56
46.13
44.65
43.08
41.49
39.86
38.21
36.51
34.80
33.06
31.31
29.55
27.76
25.97
24.16
22.33
20.52
18.72
16.95
15.19
13.51
11.91
10.34
8.828
7.362
5.936
4.564
3.323
2.395
1.957
1.909
1.888
1.872
1.844
1.804
1.757
1.702
1.642
1.582
1.518
1.456
1.397
1.338
1.285
1.237
1.191
1.153
1.119
1.089
1.062
1.038
1.019
1.001
0.9850
0.9739
0.9641
0.9566
0.9453
0.9356
0.9289
0.9229
0.9183
0.9138
0.9131
0.9130
0.9130
0.9130
0.9130
0.9138
0.9116
0.9078
0.8721
0.8472
0.7210
0.7017
0.6927
0.6786
0.6673
0.6634
0.6627
0.6634
0.6746
0.6962
0.7202
0.7427
0.7644
0.7706
0.7721
0.7729
0.7758
0.7774
0.7766
0.7595
0.7283
0.6988
0.6942
0.6867
0.6101
0.4817
0.4642
0.4633
0.4625
0.4625
0.4625
0.4625
0.4603
0.4603
0.4543
0.4513
0.4461
0.4416
0.4356
0.4333
0.4333
0.4340
0.4340
0.4325
0.4325
0.4325
0.4348
223.8
210.0
197.6
199.7
192.1
180.1
165.4
146.4
127.7
121.5
124.8
139.8
153.3
158.2
163.3
162.9
152.0
143.7
136.5
134.4
134.3
131.8
125.9
118.8
112.3
108.2
106.3
105.2
103.2
97.37
91.96
88.70
85.98
84.77
84.11
82.68
81.09
79.39
77.59
75.69
73.77
71.95
70.21
68.54
67.02
65.52
64.09
62.68
61.34
59.96
58.67
57.33
56.05
54.73
53.45
52.13
50.81
49.46
48.13
46.77
45.37
43.97
42.56
41.11
39.65
38.16
36.68
35.15
33.61
32.06
30.50
28.91
27.31
25.71
24.09
22.51
20.86
19.19
17.51
15.82
14.15
12.60
11.11
9.666
8.292
6.929
5.609
4.334
3.199
2.335
1.858
1.767
1.743
1.720
1.689
1.656
1.615
1.575
1.534
1.488
1.437
1.384
1.334
1.288
1.242
1.197
1.157
1.124
1.095
1.069
1.045
1.025
1.012
1.001
0.9901
0.9773
0.9639
0.9542
0.9445
0.9415
0.9370
0.9348
0.9355
0.9325
0.9303
0.9273
0.9265
0.9257
0.9204
0.9017
0.8809
0.8289
0.8101
0.7915
0.7735
0.7586
0.7541
0.7534
0.7534
0.7564
0.7548
0.7481
0.7429
0.7414
0.7384
0.7361
0.7354
0.7346
0.7301
0.7149
0.6978
0.6761
0.6476
0.6364
0.6356
0.6294
0.5632
0.4713
0.4520
0.4513
0.4505
0.4498
0.4490
0.4475
0.4475
0.4460
0.4445
0.4385
0.4378
0.4347
0.4310
0.4303
0.4303
0.4318
0.4318
0.4318
0.4303
0.4303
0.4310
0.4310
0.4310
219.3
207.5
201.6
201.2
193.6
177.5
154.0
142.6
145.2
154.4
169.5
172.1
170.0
163.2
155.2
155.7
163.1
167.2
168.7
166.6
158.9
153.4
149.0
141.7
139.3
138.3
133.0
131.6
127.9
124.6
121.0
119.4
116.4
114.2
111.1
108.1
105.1
102.2
99.29
96.16
93.17
90.18
87.17
84.45
81.84
79.14
76.79
74.49
72.15
70.15
68.03
65.90
64.02
62.09
60.18
58.44
56.60
54.88
53.11
51.38
49.63
47.92
46.23
44.55
42.83
41.10
39.36
37.65
35.90
34.16
32.41
30.65
28.86
27.02
25.18
23.31
21.40
19.52
17.67
15.80
13.98
12.26
10.61
8.989
7.443
5.892
4.366
2.969
1.774
0.9017
0.4874
0.4380
0.4541
0.4743
0.4894
0.5006
0.5112
0.5186
0.5254
0.5285
0.5337
0.5375
0.5419
0.5450
0.5502
0.5532
0.5599
0.5637
0.5711
0.5816
0.5869
0.5959
0.6049
0.6146
0.6251
0.6349
0.6454
0.6536
0.6655
0.6746
0.6895
0.7030
0.7195
0.7278
0.7390
0.7488
0.7504
0.7519
0.7496
0.7467
0.7466
0.7429
0.7429
0.7473
0.7518
0.7615
0.7757
0.7870
0.7975
0.8051
0.8147
0.8216
0.8320
0.8343
0.8358
0.8358
0.8224
0.7972
0.7813
0.7781
0.7513
0.6599
0.5323
0.4552
0.4505
0.4498
0.4498
0.4498
0.4498
0.4498
0.4505
0.4483
0.4483
0.4475
0.4468
0.4453
0.4430
0.4415
0.4385
0.4371
0.4326
0.4325
0.4288
0.4266
0.4265
0.4273
0.4295
0.4266
0.4273
0.4288
0.4273
212.3
207.0
208.2
208.2
195.3
174.1
157.1
156.6
164.2
169.3
162.6
154.8
150.8
161.1
181.8
193.2
197.8
197.3
192.9
184.2
177.1
177.4
178.9
180.9
181.9
179.0
172.7
162.5
157.1
156.8
161.2
163.2
162.3
161.8
160.0
158.8
158.2
156.0
152.6
149.1
145.7
141.9
138.2
134.5
130.8
127.3
123.7
120.1
116.6
113.2
109.9
106.6
103.3
100.1
96.92
93.74
90.74
87.70
84.71
81.81
78.86
75.97
73.23
70.40
67.59
64.82
62.07
59.35
56.57
53.77
50.99
48.23
45.37
42.47
39.65
36.84
34.01
31.12
28.31
25.55
22.81
20.21
17.62
15.06
12.54
9.981
7.537
5.365
3.615
2.310
1.582
1.369
1.355
1.343
1.326
1.307
1.281
1.256
1.226
1.194
1.161
1.126
1.093
1.061
1.030
1.000
0.9729
0.9541
0.9324
0.9152
0.9040
0.8875
0.8807
0.8726
0.8673
0.8590
0.8515
0.8493
0.8493
0.8493
0.8501
0.8509
0.8523
0.8538
0.8554
0.8576
0.8613
0.8621
0.8568
0.8476
0.8253
0.8019
0.7720
0.7592
0.7458
0.7391
0.7399
0.7407
0.7460
0.7549
0.7655
0.7796
0.7902
0.7984
0.8021
0.8014
0.8014
0.8013
0.8005
0.7946
0.7764
0.7540
0.7285
0.7083
0.7001
0.6642
0.5768
0.4868
0.4258
0.4250
0.4243
0.4243
0.4228
0.4235
0.4213
0.4153
0.4138
0.4123
0.4108
0.4100
0.4078
0.4070
0.4063
0.4071
0.4101
0.4138
0.4138
0.4138
0.4175
0.4198
0.4183
205.2
210.6
212.1
201.6
189.6
181.9
181.7
179.5
172.1
163.0
144.3
146.1
157.4
186.3
207.4
227.7
221.0
216.4
204.9
203.1
213.2
220.3
230.7
223.3
216.7
209.2
208.0
214.8
216.4
222.0
221.4
225.3
233.7
240.9
246.2
247.3
248.4
248.9
248.9
248.7
248.3
247.7
246.6
245.4
243.6
241.5
238.9
236.5
233.0
229.5
225.6
221.2
216.8
212.0
207.2
202.1
196.9
191.8
186.5
181.0
175.3
169.7
164.0
158.1
152.3
146.1
140.2
133.9
127.6
121.3
114.7
108.1
101.5
94.91
88.38
81.79
75.24
68.83
62.62
56.50
50.44
44.60
38.67
32.68
26.49
20.46
14.78
9.981
5.966
3.158
1.740
1.375
1.361
1.354
1.346
1.326
1.300
1.273
1.244
1.212
1.181
1.151
1.120
1.089
1.062
1.034
1.007
0.9844
0.9620
0.9439
0.9281
0.9146
0.9012
0.8877
0.8787
0.8733
0.8652
0.8598
0.8524
0.8464
0.8397
0.8359
0.8336
0.8321
0.8328
0.8336
0.8336
0.8351
0.8388
0.8418
0.8426
0.8322
0.8254
0.7787
0.7380
0.6857
0.6807
0.6717
0.6650
0.6612
0.6627
0.6716
0.6895
0.7127
0.7410
0.7682
0.7945
0.8103
0.8238
0.8298
0.8372
0.8396
0.8411
0.8337
0.8075
0.7819
0.7605
0.7206
0.5991
0.5081
0.4125
0.4101
0.4100
0.4100
0.4100
0.4093
0.4078
0.4048
0.4018
0.3988
0.3958
0.3951
0.3943
0.3921
0.3928
0.3973
0.4010
0.4025
0.4063
0.4078
0.4130
