SALVI
1
0
24
15.00
181
1.00

231101 OCH Z5M4 350 F4T1  PMMA TRANSL

231101 OCH Z5M4 350 F4T1 PMMA TRANSL.ldt
02 November 2023/TB
760
0
225
320
60
0
0
0
0
99.6
100.0
1.000
0.0
1
1
16 LED
1950.0


18.7
0.209
0.296
0.386
0.465
0.523
0.615
0.667
0.717
0.777
0.815
0.0
15.0
30.0
45.0
60.0
75.0
90.0
105.0
120.0
135.0
150.0
165.0
180.0
195.0
210.0
225.0
240.0
255.0
270.0
285.0
300.0
315.0
330.0
345.0
0.0
1.0
2.0
3.0
4.0
5.0
6.0
7.0
8.0
9.0
10.0
11.0
12.0
13.0
14.0
15.0
16.0
17.0
18.0
19.0
20.0
21.0
22.0
23.0
24.0
25.0
26.0
27.0
28.0
29.0
30.0
31.0
32.0
33.0
34.0
35.0
36.0
37.0
38.0
39.0
40.0
41.0
42.0
43.0
44.0
45.0
46.0
47.0
48.0
49.0
50.0
51.0
52.0
53.0
54.0
55.0
56.0
57.0
58.0
59.0
60.0
61.0
62.0
63.0
64.0
65.0
66.0
67.0
68.0
69.0
70.0
71.0
72.0
73.0
74.0
75.0
76.0
77.0
78.0
79.0
80.0
81.0
82.0
83.0
84.0
85.0
86.0
87.0
88.0
89.0
90.0
91.0
92.0
93.0
94.0
95.0
96.0
97.0
98.0
99.0
100.0
101.0
102.0
103.0
104.0
105.0
106.0
107.0
108.0
109.0
110.0
111.0
112.0
113.0
114.0
115.0
116.0
117.0
118.0
119.0
120.0
121.0
122.0
123.0
124.0
125.0
126.0
127.0
128.0
129.0
130.0
131.0
132.0
133.0
134.0
135.0
136.0
137.0
138.0
139.0
140.0
141.0
142.0
143.0
144.0
145.0
146.0
147.0
148.0
149.0
150.0
151.0
152.0
153.0
154.0
155.0
156.0
157.0
158.0
159.0
160.0
161.0
162.0
163.0
164.0
165.0
166.0
167.0
168.0
169.0
170.0
171.0
172.0
173.0
174.0
175.0
176.0
177.0
178.0
179.0
180.0
170.5
163.7
176.1
176.1
161.5
160.2
140.9
138.7
140.2
142.8
147.8
152.1
157.3
158.2
163.7
161.4
171.4
178.7
185.1
193.2
202.7
202.4
213.0
215.9
212.6
220.4
213.0
218.2
224.2
228.1
243.8
251.2
261.2
267.3
270.4
272.8
275.2
276.8
277.7
279.1
279.6
279.7
279.8
279.5
279.2
278.0
276.3
274.4
272.0
269.6
266.1
262.8
258.8
254.3
249.9
244.6
239.1
233.5
227.4
221.0
214.3
207.5
200.7
193.1
185.6
177.9
169.9
162.1
154.0
145.8
137.5
129.0
120.4
112.1
103.9
95.74
87.81
79.92
72.26
64.84
57.55
50.62
43.63
36.61
29.34
22.24
15.61
9.967
5.505
2.541
1.020
0.3654
0.3732
0.4261
0.4614
0.5015
0.5244
0.5422
0.5623
0.5926
0.6053
0.6203
0.6379
0.6657
0.6757
0.6783
0.6808
0.6858
0.6984
0.6960
0.7010
0.6985
0.6985
0.6985
0.6985
0.7010
0.7010
0.7010
0.7010
0.6960
0.6934
0.6909
0.6884
0.6859
0.6859
0.6859
0.6859
0.6859
0.6859
0.6859
0.6859
0.6859
0.6685
0.6581
0.6078
0.5774
0.5320
0.5221
0.5195
0.5194
0.5194
0.5220
0.5271
0.5447
0.5650
0.5876
0.6230
0.6381
0.6556
0.6581
0.6632
0.6632
0.6631
0.6581
0.6581
0.6379
0.6152
0.5976
0.4922
0.4312
0.3856
0.2975
0.3000
0.2951
0.2950
0.2950
0.2950
0.2950
0.2950
0.2950
0.2950
0.2950
0.2975
0.3001
0.3051
0.3026
0.3026
0.3026
0.3051
0.3076
0.3102
158.5
157.2
163.4
176.3
166.3
158.3
143.5
143.7
141.6
142.8
142.9
156.5
172.4
178.7
189.1
193.8
194.2
194.7
189.6
189.5
194.9
199.2
201.7
205.8
209.6
214.9
219.4
220.2
222.9
223.1
231.6
244.4
256.7
270.5
276.0
281.3
285.7
289.6
293.7
296.9
300.2
303.1
305.5
307.2
308.2
308.9
308.9
308.0
306.6
304.9
302.2
299.2
295.3
290.9
285.9
280.7
274.8
268.4
261.9
254.7
247.2
239.8
231.8
223.5
215.1
206.6
197.5
188.2
179.2
169.9
160.3
150.7
140.8
131.2
121.9
112.5
103.3
94.31
85.51
76.84
68.47
60.43
52.53
44.68
36.46
28.19
20.30
13.34
7.758
3.975
2.027
1.278
1.235
1.220
1.205
1.170
1.140
1.104
1.064
1.018
0.9782
0.9427
0.8925
0.8644
0.8090
0.7788
0.7485
0.7110
0.7031
0.6705
0.6504
0.6353
0.6279
0.6279
0.6228
0.6178
0.6178
0.6176
0.6051
0.5976
0.5976
0.5976
0.5976
0.6001
0.6026
0.6001
0.6001
0.6001
0.6001
0.5975
0.5875
0.5749
0.5670
0.5267
0.4992
0.4690
0.4690
0.4690
0.4690
0.4690
0.4767
0.4843
0.5045
0.5196
0.5422
0.5675
0.5877
0.6051
0.6027
0.6027
0.6027
0.6026
0.6000
0.5849
0.5773
0.5672
0.5492
0.5133
0.4109
0.3673
0.2925
0.2925
0.2926
0.2976
0.3026
0.3051
0.3026
0.3026
0.3077
0.3127
0.3152
0.3177
0.3228
0.3278
0.3329
0.3430
0.3480
0.3480
0.3480
0.3480
0.3480
152.0
157.2
165.6
169.1
161.5
149.9
144.8
143.6
153.5
159.7
157.9
154.0
158.2
167.0
185.3
190.2
192.5
195.7
195.9
200.0
205.9
211.4
214.8
221.0
225.7
226.0
227.9
227.8
231.9
239.0
249.4
257.2
263.2
271.2
276.9
282.6
289.4
291.7
293.7
296.0
297.6
298.3
299.5
299.7
299.8
299.8
299.4
298.4
297.1
295.4
293.5
290.5
287.1
283.2
279.5
274.6
269.6
263.7
257.7
251.6
244.9
237.6
230.5
222.5
214.3
206.1
197.3
188.9
180.1
171.1
161.7
152.2
142.8
133.3
123.9
114.3
105.2
96.06
87.02
78.03
69.48
61.30
53.46
45.76
38.04
29.61
21.05
13.64
7.724
3.811
1.911
1.143
1.122
1.095
1.079
1.052
1.031
1.006
0.9788
0.9460
0.9207
0.8929
0.8603
0.8297
0.8072
0.7769
0.7592
0.7342
0.7238
0.7037
0.6910
0.6835
0.6733
0.6658
0.6607
0.6507
0.6456
0.6331
0.6304
0.6229
0.6154
0.6128
0.6127
0.6078
0.6077
0.6077
0.6077
0.6077
0.6077
0.6052
0.5951
0.5801
0.5548
0.5547
0.5448
0.5372
0.5321
0.5270
0.5270
0.5270
0.5270
0.5295
0.5295
0.5295
0.5295
0.5295
0.5295
0.5320
0.5321
0.5345
0.5346
0.5296
0.5146
0.5069
0.5068
0.4667
0.3888
0.3031
0.2602
0.2572
0.2572
0.2572
0.2572
0.2572
0.2572
0.2572
0.2572
0.2572
0.2572
0.2572
0.2622
0.2698
0.2748
0.2799
0.2824
0.2924
0.2950
0.3101
0.3252
0.3404
0.3455
145.7
157.6
171.8
173.0
165.0
148.8
140.4
131.6
136.9
153.7
167.8
186.3
206.8
212.6
211.9
216.5
222.5
231.3
229.8
233.7
239.7
245.5
244.9
249.7
254.4
260.8
258.1
262.3
269.2
279.8
288.3
303.4
317.3
325.6
328.7
331.5
333.2
335.2
336.9
337.9
339.3
339.4
339.7
339.5
339.2
338.4
336.7
335.2
333.4
331.2
328.7
325.2
322.0
317.9
313.1
308.8
303.0
297.6
291.7
285.5
278.5
271.2
263.5
255.6
247.0
238.1
229.1
220.2
210.6
200.9
190.8
180.6
170.3
159.6
148.9
138.0
127.1
116.4
105.8
95.40
85.31
75.56
66.27
57.12
48.55
39.54
29.36
18.32
9.122
3.574
1.093
0.3001
0.3152
0.3253
0.3278
0.3329
0.3354
0.3379
0.3379
0.3379
0.3379
0.3379
0.3404
0.3429
0.3429
0.3429
0.3455
0.3505
0.3505
0.3531
0.3656
0.3657
0.3708
0.3783
0.3834
0.3883
0.3935
0.4010
0.4086
0.4187
0.4338
0.4414
0.4489
0.4565
0.4666
0.4740
0.4690
0.4690
0.4690
0.4715
0.4716
0.4741
0.4842
0.4918
0.4994
0.5195
0.5296
0.5474
0.5624
0.5776
0.5952
0.6103
0.6153
0.6178
0.6178
0.6175
0.6001
0.5900
0.5875
0.5873
0.5513
0.4485
0.3338
0.2319
0.2245
0.2270
0.2295
0.2295
0.2345
0.2395
0.2396
0.2446
0.2446
0.2547
0.2547
0.2598
0.2673
0.2698
0.2725
0.2824
0.2850
0.2901
0.3026
0.3103
0.3203
0.3303
0.3354
0.3354
0.3354
0.3354
0.3354
142.0
159.8
177.0
180.4
169.3
150.0
152.3
166.9
166.6
159.3
161.8
164.6
168.9
181.1
200.3
211.6
215.3
220.9
221.5
226.2
236.5
247.7
256.9
267.9
275.6
270.6
269.9
276.0
279.5
290.7
296.1
306.4
316.6
324.7
331.8
340.3
345.5
347.3
349.9
350.8
352.3
353.2
353.9
354.3
354.2
354.3
353.4
352.2
350.9
349.0
346.1
344.0
340.6
337.2
333.3
328.7
323.9
317.9
312.0
305.7
298.7
291.5
283.7
275.4
266.7
258.0
248.5
238.8
228.8
218.2
207.4
196.1
184.4
172.7
161.4
149.7
138.0
126.4
115.0
103.9
92.80
82.13
71.91
61.91
51.72
40.39
27.61
15.74
8.420
3.777
1.204
0.7323
0.7087
0.7010
0.6910
0.6783
0.6658
0.6507
0.6355
0.6280
0.6153
0.6002
0.5852
0.5676
0.5574
0.5423
0.5322
0.5271
0.5195
0.5119
0.5094
0.5068
0.4993
0.4993
0.4968
0.4917
0.4942
0.4868
0.4892
0.4867
0.4842
0.4841
0.4841
0.4891
0.4867
0.4867
0.4867
0.4867
0.4867
0.4867
0.4867
0.4867
0.4842
0.4841
0.4791
0.4766
0.4716
0.4690
0.4690
0.4690
0.4791
0.4941
0.5093
0.5268
0.5396
0.5421
0.5447
0.5546
0.5547
0.5597
0.5598
0.5598
0.5573
0.5573
0.5573
0.5095
0.3797
0.2701
0.2246
0.2244
0.2219
0.2219
0.2219
0.2219
0.2269
0.2320
0.2320
0.2320
0.2345
0.2345
0.2445
0.2421
0.2521
0.2647
0.2773
0.2899
0.2950
0.3051
0.3101
0.3202
0.3253
138.4
155.8
181.3
195.9
187.8
153.7
149.7
149.7
153.2
158.4
163.6
179.0
213.8
237.4
244.0
253.1
256.9
244.0
248.4
253.7
255.9
274.8
281.4
285.5
303.7
308.1
310.1
323.1
313.9
321.1
335.1
348.8
376.3
388.9
394.6
400.4
406.6
411.7
416.0
418.8
422.0
424.8
427.1
429.1
431.0
431.8
432.2
432.3
431.2
429.1
426.2
422.5
418.8
415.0
409.5
403.4
397.7
390.1
383.1
375.3
366.0
356.6
346.9
336.5
326.6
315.1
302.6
290.2
278.0
265.1
251.3
237.4
223.2
209.0
194.8
180.3
166.4
152.4
138.6
124.9
111.9
98.96
86.17
73.05
59.06
44.19
30.33
18.54
9.936
3.725
0.9608
0.6857
0.6732
0.6631
0.6605
0.6429
0.6302
0.6151
0.6025
0.5898
0.5673
0.5596
0.5447
0.5444
0.5143
0.4992
0.4866
0.4741
0.4741
0.4741
0.4741
0.4741
0.4741
0.4741
0.4741
0.4741
0.4741
0.4741
0.4741
0.4741
0.4741
0.4741
0.4741
0.4740
0.4715
0.4715
0.4690
0.4690
0.4690
0.4690
0.4690
0.4690
0.4614
0.4586
0.4287
0.4261
0.4261
0.4261
0.4262
0.4312
0.4389
0.4591
0.4792
0.4996
0.5323
0.5626
0.5902
0.6154
0.6305
0.6430
0.6430
0.6430
0.6430
0.6428
0.6278
0.6200
0.6000
0.5918
0.4765
0.2572
0.2295
0.2370
0.2396
0.2447
0.2547
0.2497
0.2574
0.2673
0.2674
0.2749
0.2800
0.2950
0.2976
0.3128
0.3203
0.3278
0.3253
0.3253
0.3253
0.3253
0.3253
138.5
154.8
188.8
201.8
183.2
154.3
156.2
159.7
165.1
171.9
179.3
216.3
227.9
192.3
198.0
220.6
222.6
251.5
287.1
299.6
310.9
322.2
321.2
337.2
346.4
335.6
349.9
343.8
357.7
380.3
392.1
422.6
433.0
437.6
441.0
444.4
446.5
449.6
452.1
453.2
454.0
454.2
455.0
455.3
454.9
453.9
452.4
451.3
447.9
445.0
441.7
437.8
434.3
428.5
422.1
416.2
409.6
402.7
394.8
385.8
376.9
366.9
356.3
345.5
333.4
322.2
309.4
296.9
283.5
269.6
255.9
240.2
225.7
211.3
196.3
181.3
166.8
152.8
138.8
124.6
111.1
98.13
84.82
70.29
54.70
40.27
28.11
16.51
6.965
1.985
0.2866
0.1969
0.2017
0.2067
0.2316
0.2519
0.2622
0.2773
0.3022
0.2976
0.3127
0.3277
0.3427
0.3529
0.3731
0.3831
0.3883
0.4034
0.4135
0.4186
0.4236
0.4385
0.4538
0.4489
0.4538
0.4539
0.4589
0.4689
0.4640
0.4640
0.4640
0.4640
0.4789
0.4892
0.4842
0.4841
0.4841
0.4841
0.4841
0.4841
0.4841
0.4841
0.4891
0.4892
0.4892
0.4544
0.4338
0.4337
0.4337
0.4337
0.4337
0.4337
0.4488
0.4787
0.5041
0.5394
0.5645
0.6146
0.6253
0.6453
0.6654
0.6857
0.7058
0.7110
0.7061
0.7060
0.6862
0.6758
0.6609
0.4055
0.2333
0.2320
0.2320
0.2370
0.2370
0.2370
0.2370
0.2420
0.2669
0.2673
0.2673
0.2673
0.2673
0.2673
0.2673
0.2773
0.3024
0.3026
0.3076
0.3177
0.3278
138.4
155.8
181.3
195.9
187.8
153.7
149.7
149.7
153.2
158.4
163.6
179.0
213.8
237.4
244.0
253.1
256.9
244.0
248.4
253.7
255.9
274.8
281.4
285.5
303.7
308.1
310.1
323.1
313.9
321.1
335.1
348.8
376.3
388.9
394.6
400.4
406.6
411.7
416.0
418.8
422.0
424.8
427.1
429.1
431.0
431.8
432.2
432.3
431.2
429.1
426.2
422.5
418.8
415.0
409.5
403.4
397.7
390.1
383.1
375.3
366.0
356.6
346.9
336.5
326.6
315.1
302.6
290.2
278.0
265.1
251.3
237.4
223.2
209.0
194.8
180.3
166.4
152.4
138.6
124.9
111.9
98.96
86.17
73.05
59.06
44.19
30.33
18.54
9.936
3.725
0.9608
0.6857
0.6732
0.6631
0.6605
0.6429
0.6302
0.6151
0.6025
0.5898
0.5673
0.5596
0.5447
0.5444
0.5143
0.4992
0.4866
0.4741
0.4741
0.4741
0.4741
0.4741
0.4741
0.4741
0.4741
0.4741
0.4741
0.4741
0.4741
0.4741
0.4741
0.4741
0.4741
0.4740
0.4715
0.4715
0.4690
0.4690
0.4690
0.4690
0.4690
0.4690
0.4614
0.4586
0.4287
0.4261
0.4261
0.4261
0.4262
0.4312
0.4389
0.4591
0.4792
0.4996
0.5323
0.5626
0.5902
0.6154
0.6305
0.6430
0.6430
0.6430
0.6430
0.6428
0.6278
0.6200
0.6000
0.5918
0.4765
0.2572
0.2295
0.2370
0.2396
0.2447
0.2547
0.2497
0.2574
0.2673
0.2674
0.2749
0.2800
0.2950
0.2976
0.3128
0.3203
0.3278
0.3253
0.3253
0.3253
0.3253
0.3253
142.0
159.8
177.0
180.4
169.3
150.0
152.3
166.9
166.6
159.3
161.8
164.6
168.9
181.1
200.3
211.6
215.3
220.9
221.5
226.2
236.5
247.7
256.9
267.9
275.6
270.6
269.9
276.0
279.5
290.7
296.1
306.4
316.6
324.7
331.8
340.3
345.5
347.3
349.9
350.8
352.3
353.2
353.9
354.3
354.2
354.3
353.4
352.2
350.9
349.0
346.1
344.0
340.6
337.2
333.3
328.7
323.9
317.9
312.0
305.7
298.7
291.5
283.7
275.4
266.7
258.0
248.5
238.8
228.8
218.2
207.4
196.1
184.4
172.7
161.4
149.7
138.0
126.4
115.0
103.9
92.80
82.13
71.91
61.91
51.72
40.39
27.61
15.74
8.420
3.777
1.204
0.7323
0.7087
0.7010
0.6910
0.6783
0.6658
0.6507
0.6355
0.6280
0.6153
0.6002
0.5852
0.5676
0.5574
0.5423
0.5322
0.5271
0.5195
0.5119
0.5094
0.5068
0.4993
0.4993
0.4968
0.4917
0.4942
0.4868
0.4892
0.4867
0.4842
0.4841
0.4841
0.4891
0.4867
0.4867
0.4867
0.4867
0.4867
0.4867
0.4867
0.4867
0.4842
0.4841
0.4791
0.4766
0.4716
0.4690
0.4690
0.4690
0.4791
0.4941
0.5093
0.5268
0.5396
0.5421
0.5447
0.5546
0.5547
0.5597
0.5598
0.5598
0.5573
0.5573
0.5573
0.5095
0.3797
0.2701
0.2246
0.2244
0.2219
0.2219
0.2219
0.2219
0.2269
0.2320
0.2320
0.2320
0.2345
0.2345
0.2445
0.2421
0.2521
0.2647
0.2773
0.2899
0.2950
0.3051
0.3101
0.3202
0.3253
145.7
157.6
171.8
173.0
165.0
148.8
140.4
131.6
136.9
153.7
167.8
186.3
206.8
212.6
211.9
216.5
222.5
231.3
229.8
233.7
239.7
245.5
244.9
249.7
254.4
260.8
258.1
262.3
269.2
279.8
288.3
303.4
317.3
325.6
328.7
331.5
333.2
335.2
336.9
337.9
339.3
339.4
339.7
339.5
339.2
338.4
336.7
335.2
333.4
331.2
328.7
325.2
322.0
317.9
313.1
308.8
303.0
297.6
291.7
285.5
278.5
271.2
263.5
255.6
247.0
238.1
229.1
220.2
210.6
200.9
190.8
180.6
170.3
159.6
148.9
138.0
127.1
116.4
105.8
95.40
85.31
75.56
66.27
57.12
48.55
39.54
29.36
18.32
9.122
3.574
1.093
0.3001
0.3152
0.3253
0.3278
0.3329
0.3354
0.3379
0.3379
0.3379
0.3379
0.3379
0.3404
0.3429
0.3429
0.3429
0.3455
0.3505
0.3505
0.3531
0.3656
0.3657
0.3708
0.3783
0.3834
0.3883
0.3935
0.4010
0.4086
0.4187
0.4338
0.4414
0.4489
0.4565
0.4666
0.4740
0.4690
0.4690
0.4690
0.4715
0.4716
0.4741
0.4842
0.4918
0.4994
0.5195
0.5296
0.5474
0.5624
0.5776
0.5952
0.6103
0.6153
0.6178
0.6178
0.6175
0.6001
0.5900
0.5875
0.5873
0.5513
0.4485
0.3338
0.2319
0.2245
0.2270
0.2295
0.2295
0.2345
0.2395
0.2396
0.2446
0.2446
0.2547
0.2547
0.2598
0.2673
0.2698
0.2725
0.2824
0.2850
0.2901
0.3026
0.3103
0.3203
0.3303
0.3354
0.3354
0.3354
0.3354
0.3354
152.0
157.2
165.6
169.1
161.5
149.9
144.8
143.6
153.5
159.7
157.9
154.0
158.2
167.0
185.3
190.2
192.5
195.7
195.9
200.0
205.9
211.4
214.8
221.0
225.7
226.0
227.9
227.8
231.9
239.0
249.4
257.2
263.2
271.2
276.9
282.6
289.4
291.7
293.7
296.0
297.6
298.3
299.5
299.7
299.8
299.8
299.4
298.4
297.1
295.4
293.5
290.5
287.1
283.2
279.5
274.6
269.6
263.7
257.7
251.6
244.9
237.6
230.5
222.5
214.3
206.1
197.3
188.9
180.1
171.1
161.7
152.2
142.8
133.3
123.9
114.3
105.2
96.06
87.02
78.03
69.48
61.30
53.46
45.76
38.04
29.61
21.05
13.64
7.724
3.811
1.911
1.143
1.122
1.095
1.079
1.052
1.031
1.006
0.9788
0.9460
0.9207
0.8929
0.8603
0.8297
0.8072
0.7769
0.7592
0.7342
0.7238
0.7037
0.6910
0.6835
0.6733
0.6658
0.6607
0.6507
0.6456
0.6331
0.6304
0.6229
0.6154
0.6128
0.6127
0.6078
0.6077
0.6077
0.6077
0.6077
0.6077
0.6052
0.5951
0.5801
0.5548
0.5547
0.5448
0.5372
0.5321
0.5270
0.5270
0.5270
0.5270
0.5295
0.5295
0.5295
0.5295
0.5295
0.5295
0.5320
0.5321
0.5345
0.5346
0.5296
0.5146
0.5069
0.5068
0.4667
0.3888
0.3031
0.2602
0.2572
0.2572
0.2572
0.2572
0.2572
0.2572
0.2572
0.2572
0.2572
0.2572
0.2572
0.2622
0.2698
0.2748
0.2799
0.2824
0.2924
0.2950
0.3101
0.3252
0.3404
0.3455
158.5
157.2
163.4
176.3
166.3
158.3
143.5
143.7
141.6
142.8
142.9
156.5
172.4
178.7
189.1
193.8
194.2
194.7
189.6
189.5
194.9
199.2
201.7
205.8
209.6
214.9
219.4
220.2
222.9
223.1
231.6
244.4
256.7
270.5
276.0
281.3
285.7
289.6
293.7
296.9
300.2
303.1
305.5
307.2
308.2
308.9
308.9
308.0
306.6
304.9
302.2
299.2
295.3
290.9
285.9
280.7
274.8
268.4
261.9
254.7
247.2
239.8
231.8
223.5
215.1
206.6
197.5
188.2
179.2
169.9
160.3
150.7
140.8
131.2
121.9
112.5
103.3
94.31
85.51
76.84
68.47
60.43
52.53
44.68
36.46
28.19
20.30
13.34
7.758
3.975
2.027
1.278
1.235
1.220
1.205
1.170
1.140
1.104
1.064
1.018
0.9782
0.9427
0.8925
0.8644
0.8090
0.7788
0.7485
0.7110
0.7031
0.6705
0.6504
0.6353
0.6279
0.6279
0.6228
0.6178
0.6178
0.6176
0.6051
0.5976
0.5976
0.5976
0.5976
0.6001
0.6026
0.6001
0.6001
0.6001
0.6001
0.5975
0.5875
0.5749
0.5670
0.5267
0.4992
0.4690
0.4690
0.4690
0.4690
0.4690
0.4767
0.4843
0.5045
0.5196
0.5422
0.5675
0.5877
0.6051
0.6027
0.6027
0.6027
0.6026
0.6000
0.5849
0.5773
0.5672
0.5492
0.5133
0.4109
0.3673
0.2925
0.2925
0.2926
0.2976
0.3026
0.3051
0.3026
0.3026
0.3077
0.3127
0.3152
0.3177
0.3228
0.3278
0.3329
0.3430
0.3480
0.3480
0.3480
0.3480
0.3480
170.5
163.7
176.1
176.1
161.5
160.2
140.9
138.7
140.2
142.8
147.8
152.1
157.3
158.2
163.7
161.4
171.4
178.7
185.1
193.2
202.7
202.4
213.0
215.9
212.6
220.4
213.0
218.2
224.2
228.1
243.8
251.2
261.2
267.3
270.4
272.8
275.2
276.8
277.7
279.1
279.6
279.7
279.8
279.5
279.2
278.0
276.3
274.4
272.0
269.6
266.1
262.8
258.8
254.3
249.9
244.6
239.1
233.5
227.4
221.0
214.3
207.5
200.7
193.1
185.6
177.9
169.9
162.1
154.0
145.8
137.5
129.0
120.4
112.1
103.9
95.74
87.81
79.92
72.26
64.84
57.55
50.62
43.63
36.61
29.34
22.24
15.61
9.967
5.505
2.541
1.020
0.3654
0.3732
0.4261
0.4614
0.5015
0.5244
0.5422
0.5623
0.5926
0.6053
0.6203
0.6379
0.6657
0.6757
0.6783
0.6808
0.6858
0.6984
0.6960
0.7010
0.6985
0.6985
0.6985
0.6985
0.7010
0.7010
0.7010
0.7010
0.6960
0.6934
0.6909
0.6884
0.6859
0.6859
0.6859
0.6859
0.6859
0.6859
0.6859
0.6859
0.6859
0.6685
0.6581
0.6078
0.5774
0.5320
0.5221
0.5195
0.5194
0.5194
0.5220
0.5271
0.5447
0.5650
0.5876
0.6230
0.6381
0.6556
0.6581
0.6632
0.6632
0.6631
0.6581
0.6581
0.6379
0.6152
0.5976
0.4922
0.4312
0.3856
0.2975
0.3000
0.2951
0.2950
0.2950
0.2950
0.2950
0.2950
0.2950
0.2950
0.2950
0.2975
0.3001
0.3051
0.3026
0.3026
0.3026
0.3051
0.3076
0.3102
158.5
158.0
164.8
176.8
164.7
152.1
135.5
133.0
132.0
132.3
131.2
139.5
147.7
154.8
159.7
162.6
162.3
164.0
160.6
160.1
163.3
164.2
167.2
170.3
172.1
174.0
174.6
173.1
173.9
173.1
178.9
187.3
194.5
203.0
206.5
209.1
211.3
213.2
214.9
215.8
216.9
217.6
218.1
218.3
218.3
217.8
217.2
215.9
214.6
212.2
210.1
207.5
204.8
201.1
197.5
193.9
189.7
185.4
180.6
175.9
170.9
165.4
160.2
154.5
148.8
142.8
136.8
130.6
124.1
117.8
111.4
104.8
98.38
91.67
85.10
78.72
72.22
65.97
59.90
53.94
48.12
42.51
37.01
31.56
25.81
20.05
14.51
9.686
5.860
3.218
1.866
1.347
1.324
1.314
1.301
1.276
1.248
1.218
1.185
1.148
1.110
1.074
1.034
1.004
0.9637
0.9384
0.9082
0.8828
0.8601
0.8349
0.8221
0.8045
0.7868
0.7792
0.7641
0.7566
0.7515
0.7389
0.7338
0.7288
0.7287
0.7187
0.7186
0.7136
0.7111
0.7111
0.7111
0.7111
0.7086
0.7086
0.7061
0.6960
0.6884
0.6511
0.6279
0.5806
0.5725
0.5624
0.5573
0.5497
0.5472
0.5472
0.5472
0.5571
0.5747
0.5975
0.6178
0.6352
0.6429
0.6480
0.6530
0.6581
0.6606
0.6607
0.6557
0.6556
0.6356
0.5951
0.4925
0.4440
0.3512
0.3380
0.3379
0.3379
0.3379
0.3404
0.3379
0.3329
0.3303
0.3303
0.3303
0.3278
0.3253
0.3253
0.3253
0.3253
0.3228
0.3228
0.3253
0.3278
0.3404
152.0
154.2
157.8
166.4
158.7
146.0
133.9
131.6
130.1
128.5
125.6
118.5
119.5
122.5
135.0
137.0
137.9
138.5
137.2
137.2
138.1
141.0
140.7
142.5
144.0
141.8
141.6
140.4
140.1
140.9
142.6
144.5
145.3
148.3
150.1
152.0
154.1
153.9
153.6
153.1
152.5
151.7
150.7
149.8
148.9
147.6
146.3
144.8
143.1
141.6
139.7
137.7
135.4
133.1
130.6
128.1
125.1
122.2
119.0
115.9
112.4
108.9
105.4
101.5
97.73
93.98
90.07
86.04
81.99
77.76
73.67
69.51
65.17
60.99
56.74
52.61
48.41
44.32
40.19
36.20
32.32
28.63
25.09
21.62
18.12
14.43
10.62
7.268
4.634
2.800
1.737
1.298
1.266
1.256
1.238
1.218
1.185
1.157
1.137
1.089
1.059
1.016
0.9852
0.9429
0.9125
0.8899
0.8547
0.8270
0.8142
0.7916
0.7739
0.7564
0.7513
0.7438
0.7413
0.7313
0.7313
0.7337
0.7212
0.7186
0.7186
0.7186
0.7161
0.7161
0.7161
0.7161
0.7161
0.7161
0.7085
0.7008
0.6806
0.6529
0.6304
0.6279
0.6278
0.6253
0.6254
0.6279
0.6279
0.6304
0.6304
0.6304
0.6304
0.6304
0.6304
0.6304
0.6304
0.6304
0.6304
0.6278
0.6224
0.5950
0.5799
0.5648
0.5621
0.5229
0.4460
0.3849
0.3303
0.3303
0.3303
0.3303
0.3303
0.3303
0.3303
0.3303
0.3303
0.3304
0.3328
0.3328
0.3328
0.3328
0.3329
0.3354
0.3429
0.3455
0.3455
0.3480
0.3505
0.3505
0.3505
145.7
151.5
160.4
162.8
152.7
136.9
121.7
109.3
108.7
112.3
119.6
130.1
139.7
142.7
139.5
139.5
139.5
141.1
137.8
136.9
136.2
136.1
132.5
131.6
130.6
130.7
127.1
126.1
125.7
127.3
127.9
131.2
134.3
135.3
134.5
133.7
132.8
131.7
130.4
129.1
127.7
126.0
124.2
122.5
120.8
118.9
117.0
115.1
113.0
111.0
108.9
106.7
104.4
102.1
99.70
97.24
94.70
92.21
89.53
86.88
84.04
81.19
78.37
75.43
72.45
69.59
66.61
63.59
60.56
57.50
54.50
51.42
48.19
45.20
42.03
38.91
35.77
32.69
29.61
26.60
23.65
20.88
18.23
15.65
13.15
10.64
7.799
4.954
2.737
1.301
0.5629
0.3776
0.3757
0.3807
0.4034
0.4110
0.4236
0.4337
0.4412
0.4487
0.4588
0.4665
0.4715
0.4690
0.4740
0.4766
0.4791
0.4866
0.4942
0.4992
0.5067
0.5118
0.5244
0.5245
0.5295
0.5445
0.5472
0.5572
0.5698
0.5799
0.5950
0.6051
0.6102
0.6252
0.6403
0.6380
0.6405
0.6405
0.6405
0.6405
0.6405
0.6405
0.6405
0.6405
0.6405
0.6405
0.6430
0.6556
0.6681
0.6807
0.6858
0.6959
0.7009
0.7010
0.7060
0.7035
0.7085
0.7011
0.6910
0.6808
0.6583
0.5860
0.4900
0.4072
0.3837
0.3833
0.3783
0.3782
0.3782
0.3782
0.3782
0.3807
0.3783
0.3732
0.3707
0.3707
0.3707
0.3707
0.3682
0.3656
0.3631
0.3631
0.3531
0.3530
0.3530
0.3530
0.3530
0.3530
0.3530
0.3505
0.3505
142.0
147.2
160.5
163.6
154.0
132.8
121.4
127.2
124.2
116.4
113.7
112.8
110.0
111.9
120.5
124.9
125.3
124.4
122.6
120.7
119.8
121.6
122.1
123.0
123.2
119.1
115.4
114.7
113.7
113.9
115.3
115.0
116.0
116.7
116.6
117.6
117.8
117.0
115.8
114.4
112.9
111.3
109.8
108.1
106.3
104.6
102.8
101.0
99.17
97.32
95.43
93.52
91.49
89.34
87.16
85.01
82.82
80.59
78.32
75.87
73.49
71.13
68.74
66.30
63.77
61.28
58.81
56.23
53.74
51.12
48.56
45.87
43.28
40.59
37.96
35.32
32.72
30.04
27.43
24.80
22.21
19.80
17.44
15.18
12.88
10.44
7.925
5.726
4.008
2.716
1.932
1.717
1.694
1.669
1.641
1.611
1.571
1.540
1.485
1.437
1.384
1.326
1.270
1.220
1.170
1.127
1.081
1.039
1.006
0.9807
0.9580
0.9228
0.9127
0.9027
0.8950
0.8724
0.8648
0.8497
0.8446
0.8397
0.8371
0.8346
0.8321
0.8270
0.8220
0.8195
0.8219
0.8119
0.8068
0.7891
0.7764
0.7411
0.7134
0.6908
0.6706
0.6581
0.6506
0.6480
0.6455
0.6430
0.6430
0.6379
0.6329
0.6329
0.6329
0.6304
0.6304
0.6304
0.6278
0.6177
0.6025
0.5848
0.5597
0.5497
0.5472
0.5491
0.4930
0.4109
0.3782
0.3731
0.3681
0.3656
0.3681
0.3631
0.3505
0.3480
0.3480
0.3480
0.3454
0.3429
0.3429
0.3429
0.3429
0.3429
0.3429
0.3429
0.3429
0.3429
0.3429
0.3429
0.3429
138.4
144.0
161.7
173.4
169.3
135.6
121.9
115.0
112.7
109.6
107.7
111.0
124.6
133.5
135.7
135.6
135.2
128.6
124.9
124.0
121.6
124.1
123.7
121.8
123.6
122.9
120.3
121.5
116.3
114.6
115.8
116.8
122.4
124.7
125.2
125.8
125.8
125.4
124.6
123.2
121.8
120.6
119.3
117.7
116.1
114.5
112.5
110.6
108.5
106.6
104.3
102.2
99.87
97.58
95.14
92.87
90.40
87.91
85.23
82.74
80.09
77.49
74.82
72.17
69.46
66.72
64.06
61.30
58.44
55.58
52.71
49.82
47.00
44.09
41.14
38.36
35.38
32.48
29.68
26.93
24.18
21.48
19.01
16.36
13.56
10.83
8.223
5.970
4.066
2.730
2.007
1.912
1.886
1.866
1.846
1.813
1.758
1.705
1.652
1.582
1.508
1.446
1.380
1.309
1.254
1.198
1.155
1.115
1.079
1.040
1.019
0.9963
0.9708
0.9508
0.9357
0.9255
0.9104
0.9053
0.8927
0.8852
0.8801
0.8700
0.8649
0.8524
0.8498
0.8498
0.8498
0.8498
0.8473
0.8447
0.8472
0.8398
0.8172
0.7995
0.7093
0.6611
0.6531
0.6356
0.6279
0.6254
0.6179
0.6178
0.6178
0.6203
0.6253
0.6429
0.6655
0.6781
0.6933
0.6959
0.6935
0.6959
0.6960
0.6985
0.6884
0.6583
0.6456
0.6355
0.6003
0.4635
0.4189
0.4086
0.4110
0.4060
0.4060
0.4010
0.3984
0.3909
0.3783
0.3782
0.3757
0.3707
0.3707
0.3657
0.3656
0.3631
0.3606
0.3606
0.3556
0.3555
0.3555
138.5
141.2
161.4
180.1
168.3
136.1
124.8
121.2
119.5
117.2
115.7
124.7
135.5
120.5
107.1
116.3
116.0
117.6
131.6
137.6
134.1
138.2
136.3
135.5
139.5
131.6
131.7
129.2
125.9
130.7
131.3
135.7
139.1
139.4
139.3
138.5
137.8
135.8
134.0
131.9
129.9
127.6
125.7
123.4
121.4
119.3
116.9
114.6
112.3
110.0
107.4
104.9
102.4
100.0
97.43
95.18
92.43
89.83
86.97
84.41
81.74
79.02
76.32
73.34
70.49
67.38
64.60
61.60
58.67
55.61
52.60
49.67
46.71
43.69
40.64
37.49
34.51
31.46
28.44
25.54
22.63
19.96
17.31
14.51
11.67
8.858
6.343
4.173
2.430
1.242
0.5747
0.5555
0.6109
0.6708
0.7421
0.7872
0.8173
0.8476
0.8679
0.8930
0.9180
0.9384
0.9734
0.9884
0.9834
0.9834
0.9834
0.9834
0.9834
0.9834
0.9883
0.9783
0.9732
0.9582
0.9481
0.9380
0.9328
0.9177
0.9078
0.9076
0.8926
0.8875
0.8825
0.8725
0.8725
0.8725
0.8725
0.8725
0.8725
0.8725
0.8725
0.8674
0.8718
0.8269
0.8017
0.7256
0.6556
0.6556
0.6556
0.6556
0.6557
0.6607
0.6708
0.6813
0.7111
0.7313
0.7313
0.7313
0.7313
0.7313
0.7313
0.7312
0.7209
0.7059
0.6954
0.6601
0.6253
0.6251
0.6094
0.5388
0.3932
0.3833
0.3782
0.3782
0.3681
0.3631
0.3580
0.3480
0.3480
0.3480
0.3480
0.3480
0.3480
0.3480
0.3480
0.3480
0.3480
0.3480
0.3480
0.3580
0.3530
138.4
144.0
161.7
173.4
169.3
135.6
121.9
115.0
112.7
109.6
107.7
111.0
124.6
133.5
135.7
135.6
135.2
128.6
124.9
124.0
121.6
124.1
123.7
121.8
123.6
122.9
120.3
121.5
116.3
114.6
115.8
116.8
122.4
124.7
125.2
125.8
125.8
125.4
124.6
123.2
121.8
120.6
119.3
117.7
116.1
114.5
112.5
110.6
108.5
106.6
104.3
102.2
99.87
97.58
95.14
92.87
90.40
87.91
85.23
82.74
80.09
77.49
74.82
72.17
69.46
66.72
64.06
61.30
58.44
55.58
52.71
49.82
47.00
44.09
41.14
38.36
35.38
32.48
29.68
26.93
24.18
21.48
19.01
16.36
13.56
10.83
8.223
5.970
4.066
2.730
2.007
1.912
1.886
1.866
1.846
1.813
1.758
1.705
1.652
1.582
1.508
1.446
1.380
1.309
1.254
1.198
1.155
1.115
1.079
1.040
1.019
0.9963
0.9708
0.9508
0.9357
0.9255
0.9104
0.9053
0.8927
0.8852
0.8801
0.8700
0.8649
0.8524
0.8498
0.8498
0.8498
0.8498
0.8473
0.8447
0.8472
0.8398
0.8172
0.7995
0.7093
0.6611
0.6531
0.6356
0.6279
0.6254
0.6179
0.6178
0.6178
0.6203
0.6253
0.6429
0.6655
0.6781
0.6933
0.6959
0.6935
0.6959
0.6960
0.6985
0.6884
0.6583
0.6456
0.6355
0.6003
0.4635
0.4189
0.4086
0.4110
0.4060
0.4060
0.4010
0.3984
0.3909
0.3783
0.3782
0.3757
0.3707
0.3707
0.3657
0.3656
0.3631
0.3606
0.3606
0.3556
0.3555
0.3555
142.0
147.2
160.5
163.6
154.0
132.8
121.4
127.2
124.2
116.4
113.7
112.8
110.0
111.9
120.5
124.9
125.3
124.4
122.6
120.7
119.8
121.6
122.1
123.0
123.2
119.1
115.4
114.7
113.7
113.9
115.3
115.0
116.0
116.7
116.6
117.6
117.8
117.0
115.8
114.4
112.9
111.3
109.8
108.1
106.3
104.6
102.8
101.0
99.17
97.32
95.43
93.52
91.49
89.34
87.16
85.01
82.82
80.59
78.32
75.87
73.49
71.13
68.74
66.30
63.77
61.28
58.81
56.23
53.74
51.12
48.56
45.87
43.28
40.59
37.96
35.32
32.72
30.04
27.43
24.80
22.21
19.80
17.44
15.18
12.88
10.44
7.925
5.726
4.008
2.716
1.932
1.717
1.694
1.669
1.641
1.611
1.571
1.540
1.485
1.437
1.384
1.326
1.270
1.220
1.170
1.127
1.081
1.039
1.006
0.9807
0.9580
0.9228
0.9127
0.9027
0.8950
0.8724
0.8648
0.8497
0.8446
0.8397
0.8371
0.8346
0.8321
0.8270
0.8220
0.8195
0.8219
0.8119
0.8068
0.7891
0.7764
0.7411
0.7134
0.6908
0.6706
0.6581
0.6506
0.6480
0.6455
0.6430
0.6430
0.6379
0.6329
0.6329
0.6329
0.6304
0.6304
0.6304
0.6278
0.6177
0.6025
0.5848
0.5597
0.5497
0.5472
0.5491
0.4930
0.4109
0.3782
0.3731
0.3681
0.3656
0.3681
0.3631
0.3505
0.3480
0.3480
0.3480
0.3454
0.3429
0.3429
0.3429
0.3429
0.3429
0.3429
0.3429
0.3429
0.3429
0.3429
0.3429
0.3429
145.7
151.5
160.4
162.8
152.7
136.9
121.7
109.3
108.7
112.3
119.6
130.1
139.7
142.7
139.5
139.5
139.5
141.1
137.8
136.9
136.2
136.1
132.5
131.6
130.6
130.7
127.1
126.1
125.7
127.3
127.9
131.2
134.3
135.3
134.5
133.7
132.8
131.7
130.4
129.1
127.7
126.0
124.2
122.5
120.8
118.9
117.0
115.1
113.0
111.0
108.9
106.7
104.4
102.1
99.70
97.24
94.70
92.21
89.53
86.88
84.04
81.19
78.37
75.43
72.45
69.59
66.61
63.59
60.56
57.50
54.50
51.42
48.19
45.20
42.03
38.91
35.77
32.69
29.61
26.60
23.65
20.88
18.23
15.65
13.15
10.64
7.799
4.954
2.737
1.301
0.5629
0.3776
0.3757
0.3807
0.4034
0.4110
0.4236
0.4337
0.4412
0.4487
0.4588
0.4665
0.4715
0.4690
0.4740
0.4766
0.4791
0.4866
0.4942
0.4992
0.5067
0.5118
0.5244
0.5245
0.5295
0.5445
0.5472
0.5572
0.5698
0.5799
0.5950
0.6051
0.6102
0.6252
0.6403
0.6380
0.6405
0.6405
0.6405
0.6405
0.6405
0.6405
0.6405
0.6405
0.6405
0.6405
0.6430
0.6556
0.6681
0.6807
0.6858
0.6959
0.7009
0.7010
0.7060
0.7035
0.7085
0.7011
0.6910
0.6808
0.6583
0.5860
0.4900
0.4072
0.3837
0.3833
0.3783
0.3782
0.3782
0.3782
0.3782
0.3807
0.3783
0.3732
0.3707
0.3707
0.3707
0.3707
0.3682
0.3656
0.3631
0.3631
0.3531
0.3530
0.3530
0.3530
0.3530
0.3530
0.3530
0.3505
0.3505
152.0
154.2
157.8
166.4
158.7
146.0
133.9
131.6
130.1
128.5
125.6
118.5
119.5
122.5
135.0
137.0
137.9
138.5
137.2
137.2
138.1
141.0
140.7
142.5
144.0
141.8
141.6
140.4
140.1
140.9
142.6
144.5
145.3
148.3
150.1
152.0
154.1
153.9
153.6
153.1
152.5
151.7
150.7
149.8
148.9
147.6
146.3
144.8
143.1
141.6
139.7
137.7
135.4
133.1
130.6
128.1
125.1
122.2
119.0
115.9
112.4
108.9
105.4
101.5
97.73
93.98
90.07
86.04
81.99
77.76
73.67
69.51
65.17
60.99
56.74
52.61
48.41
44.32
40.19
36.20
32.32
28.63
25.09
21.62
18.12
14.43
10.62
7.268
4.634
2.800
1.737
1.298
1.266
1.256
1.238
1.218
1.185
1.157
1.137
1.089
1.059
1.016
0.9852
0.9429
0.9125
0.8899
0.8547
0.8270
0.8142
0.7916
0.7739
0.7564
0.7513
0.7438
0.7413
0.7313
0.7313
0.7337
0.7212
0.7186
0.7186
0.7186
0.7161
0.7161
0.7161
0.7161
0.7161
0.7161
0.7085
0.7008
0.6806
0.6529
0.6304
0.6279
0.6278
0.6253
0.6254
0.6279
0.6279
0.6304
0.6304
0.6304
0.6304
0.6304
0.6304
0.6304
0.6304
0.6304
0.6304
0.6278
0.6224
0.5950
0.5799
0.5648
0.5621
0.5229
0.4460
0.3849
0.3303
0.3303
0.3303
0.3303
0.3303
0.3303
0.3303
0.3303
0.3303
0.3304
0.3328
0.3328
0.3328
0.3328
0.3329
0.3354
0.3429
0.3455
0.3455
0.3480
0.3505
0.3505
0.3505
158.5
158.0
164.8
176.8
164.7
152.1
135.5
133.0
132.0
132.3
131.2
139.5
147.7
154.8
159.7
162.6
162.3
164.0
160.6
160.1
163.3
164.2
167.2
170.3
172.1
174.0
174.6
173.1
173.9
173.1
178.9
187.3
194.5
203.0
206.5
209.1
211.3
213.2
214.9
215.8
216.9
217.6
218.1
218.3
218.3
217.8
217.2
215.9
214.6
212.2
210.1
207.5
204.8
201.1
197.5
193.9
189.7
185.4
180.6
175.9
170.9
165.4
160.2
154.5
148.8
142.8
136.8
130.6
124.1
117.8
111.4
104.8
98.38
91.67
85.10
78.72
72.22
65.97
59.90
53.94
48.12
42.51
37.01
31.56
25.81
20.05
14.51
9.686
5.860
3.218
1.866
1.347
1.324
1.314
1.301
1.276
1.248
1.218
1.185
1.148
1.110
1.074
1.034
1.004
0.9637
0.9384
0.9082
0.8828
0.8601
0.8349
0.8221
0.8045
0.7868
0.7792
0.7641
0.7566
0.7515
0.7389
0.7338
0.7288
0.7287
0.7187
0.7186
0.7136
0.7111
0.7111
0.7111
0.7111
0.7086
0.7086
0.7061
0.6960
0.6884
0.6511
0.6279
0.5806
0.5725
0.5624
0.5573
0.5497
0.5472
0.5472
0.5472
0.5571
0.5747
0.5975
0.6178
0.6352
0.6429
0.6480
0.6530
0.6581
0.6606
0.6607
0.6557
0.6556
0.6356
0.5951
0.4925
0.4440
0.3512
0.3380
0.3379
0.3379
0.3379
0.3404
0.3379
0.3329
0.3303
0.3303
0.3303
0.3278
0.3253
0.3253
0.3253
0.3253
0.3228
0.3228
0.3253
0.3278
0.3404
