SALVI
1
0
24
15.00
181
1.00

231103 OCH Y50 350 F2M2 PMMA CTRANSL

231102 OCH Y50 350 F2M2 PMMA CTRANSL.ldt
20 November 2023/TB
760
0
225
320
60
0
0
0
0
93.7
100.0
1.000
0.0
1
1
16 LED
7602.7


68.4
0.161
0.230
0.304
0.372
0.424
0.510
0.563
0.613
0.676
0.717
0.0
15.0
30.0
45.0
60.0
75.0
90.0
105.0
120.0
135.0
150.0
165.0
180.0
195.0
210.0
225.0
240.0
255.0
270.0
285.0
300.0
315.0
330.0
345.0
0.0
1.0
2.0
3.0
4.0
5.0
6.0
7.0
8.0
9.0
10.0
11.0
12.0
13.0
14.0
15.0
16.0
17.0
18.0
19.0
20.0
21.0
22.0
23.0
24.0
25.0
26.0
27.0
28.0
29.0
30.0
31.0
32.0
33.0
34.0
35.0
36.0
37.0
38.0
39.0
40.0
41.0
42.0
43.0
44.0
45.0
46.0
47.0
48.0
49.0
50.0
51.0
52.0
53.0
54.0
55.0
56.0
57.0
58.0
59.0
60.0
61.0
62.0
63.0
64.0
65.0
66.0
67.0
68.0
69.0
70.0
71.0
72.0
73.0
74.0
75.0
76.0
77.0
78.0
79.0
80.0
81.0
82.0
83.0
84.0
85.0
86.0
87.0
88.0
89.0
90.0
91.0
92.0
93.0
94.0
95.0
96.0
97.0
98.0
99.0
100.0
101.0
102.0
103.0
104.0
105.0
106.0
107.0
108.0
109.0
110.0
111.0
112.0
113.0
114.0
115.0
116.0
117.0
118.0
119.0
120.0
121.0
122.0
123.0
124.0
125.0
126.0
127.0
128.0
129.0
130.0
131.0
132.0
133.0
134.0
135.0
136.0
137.0
138.0
139.0
140.0
141.0
142.0
143.0
144.0
145.0
146.0
147.0
148.0
149.0
150.0
151.0
152.0
153.0
154.0
155.0
156.0
157.0
158.0
159.0
160.0
161.0
162.0
163.0
164.0
165.0
166.0
167.0
168.0
169.0
170.0
171.0
172.0
173.0
174.0
175.0
176.0
177.0
178.0
179.0
180.0
137.7
137.7
137.6
137.4
137.2
137.2
137.2
137.3
137.9
139.0
140.0
141.4
142.7
144.1
145.8
147.3
149.2
150.9
152.8
154.7
156.6
158.8
161.2
163.5
166.0
168.5
171.3
174.0
177.3
180.4
184.0
187.4
191.2
195.1
199.3
203.4
207.6
212.2
216.7
221.2
225.9
230.6
235.2
240.2
244.8
249.4
254.0
258.3
262.5
266.2
270.4
273.7
276.7
280.0
283.0
285.6
287.9
289.6
290.4
290.9
291.0
290.5
289.9
288.4
286.3
283.3
279.8
275.0
269.7
263.6
256.5
248.7
240.0
230.4
220.4
209.5
198.4
186.4
174.6
162.3
150.2
138.4
126.9
115.8
105.5
96.09
87.09
78.99
71.52
64.42
58.10
52.39
47.22
42.53
38.44
34.72
31.43
28.50
25.92
23.61
21.60
19.81
18.23
16.85
15.62
14.52
13.47
12.49
11.62
10.86
10.19
9.600
9.075
8.609
8.201
7.830
7.494
7.191
6.913
6.656
6.418
6.194
5.984
5.786
5.603
5.420
5.246
5.070
4.899
4.730
4.563
4.402
4.240
4.077
3.912
3.751
3.591
3.429
3.265
3.103
2.941
2.782
2.625
2.472
2.320
2.170
2.019
1.869
1.726
1.585
1.441
1.305
1.172
1.043
0.9206
0.8040
0.6937
0.5904
0.4891
0.3876
0.3261
0.2936
0.2930
0.2910
0.2897
0.2891
0.2872
0.2865
0.2865
0.2865
0.2865
0.2865
0.2865
0.2865
0.2878
0.2878
0.2891
0.2891
0.2891
0.2897
0.2897
134.1
134.7
135.1
135.7
136.1
136.9
137.6
138.5
139.7
141.3
143.2
144.8
147.0
148.9
151.2
153.3
155.5
157.9
160.3
162.8
164.9
167.8
170.3
173.0
175.8
178.5
181.9
184.9
188.3
192.1
195.7
199.5
203.5
207.7
212.0
216.9
221.2
225.8
231.0
235.6
240.8
245.4
250.8
255.8
261.0
266.1
270.8
276.5
281.1
285.6
290.6
294.6
298.9
302.4
305.8
308.9
311.9
314.3
316.0
317.5
318.4
318.7
318.6
317.4
315.2
312.2
308.8
304.1
298.5
292.1
284.6
276.2
266.8
256.7
245.4
233.4
220.5
207.3
193.9
179.9
166.0
152.4
139.5
127.1
115.7
105.0
95.29
86.23
78.24
70.26
63.39
57.10
51.45
46.39
41.85
37.79
34.21
31.01
28.15
25.60
23.37
21.36
19.60
18.04
16.65
15.36
14.14
13.04
12.07
11.23
10.48
9.818
9.234
8.713
8.246
7.834
7.453
7.112
6.800
6.511
6.246
5.997
5.771
5.553
5.347
5.149
4.958
4.779
4.606
4.433
4.266
4.099
3.935
3.769
3.608
3.449
3.289
3.129
2.972
2.813
2.656
2.506
2.361
2.216
2.075
1.932
1.792
1.656
1.523
1.388
1.260
1.134
1.013
0.8955
0.7853
0.6809
0.5817
0.4879
0.3905
0.2947
0.2768
0.2768
0.2768
0.2775
0.2775
0.2781
0.2787
0.2788
0.2801
0.2813
0.2820
0.2872
0.2891
0.2930
0.2949
0.2982
0.3014
0.3021
0.3040
0.3040
0.3040
134.0
135.3
136.5
137.5
138.7
139.8
141.2
142.5
144.0
146.0
148.1
150.6
153.1
155.6
158.4
161.1
163.9
166.6
169.4
172.1
174.4
177.0
179.6
181.8
184.6
186.9
189.5
192.5
195.1
197.9
200.9
203.8
207.1
210.2
213.6
217.2
220.8
224.5
228.0
231.7
235.4
238.9
242.9
246.4
249.9
253.1
256.5
259.5
262.4
265.0
267.7
269.7
272.2
273.7
274.8
275.8
276.5
276.2
276.4
275.7
274.7
273.1
270.8
268.1
264.7
260.3
255.3
249.9
243.7
236.8
229.0
220.4
211.7
202.5
192.5
182.5
171.7
161.0
150.1
139.3
129.0
119.0
109.5
100.6
92.08
84.40
77.02
70.39
64.22
58.67
53.48
48.97
44.71
40.94
37.60
34.55
31.84
29.39
27.15
25.14
23.35
21.69
20.23
18.90
17.59
16.37
15.30
14.32
13.45
12.64
11.91
11.24
10.63
10.07
9.544
9.058
8.603
8.181
7.786
7.414
7.059
6.722
6.407
6.102
5.814
5.536
5.271
5.011
4.763
4.516
4.282
4.051
3.827
3.606
3.395
3.185
2.985
2.787
2.599
2.416
2.234
2.066
1.909
1.756
1.604
1.464
1.335
1.214
1.096
0.9861
0.8770
0.7767
0.6840
0.5944
0.5118
0.4324
0.3379
0.2671
0.2652
0.2639
0.2639
0.2639
0.2639
0.2639
0.2645
0.2645
0.2645
0.2645
0.2645
0.2645
0.2652
0.2696
0.2723
0.2781
0.2826
0.2929
0.2962
0.2969
0.2988
0.3014
0.3033
133.9
135.7
137.4
139.1
140.6
142.2
143.9
145.4
147.4
149.3
151.8
154.3
157.4
160.4
163.5
166.4
169.3
172.1
174.5
177.0
179.4
181.8
183.8
186.0
188.0
190.2
192.2
194.0
195.9
198.0
200.2
202.1
204.3
206.3
208.4
210.8
212.7
214.9
216.8
219.2
220.9
222.7
224.6
226.0
227.3
228.6
229.2
230.0
230.7
230.7
230.7
230.2
229.3
228.2
226.8
225.5
223.4
221.2
218.2
215.0
211.6
207.8
203.4
198.9
194.1
189.0
183.6
177.6
171.6
165.1
158.6
151.6
144.7
137.5
130.3
123.2
116.0
109.1
102.1
95.32
88.94
82.94
77.19
71.44
66.28
61.39
56.90
52.71
48.83
45.24
42.00
39.01
36.29
33.79
31.52
29.46
27.60
25.91
24.36
22.95
21.68
20.48
19.25
18.13
17.08
16.13
15.27
14.45
13.70
13.01
12.37
11.76
11.20
10.67
10.18
9.712
9.263
8.846
8.442
8.064
7.692
7.338
7.001
6.673
6.354
6.044
5.746
5.451
5.165
4.881
4.603
4.336
4.081
3.832
3.589
3.354
3.125
2.904
2.686
2.474
2.266
2.065
1.873
1.686
1.507
1.335
1.172
1.017
0.8714
0.7272
0.5836
0.4457
0.3344
0.2630
0.2477
0.2490
0.2503
0.2510
0.2522
0.2529
0.2542
0.2535
0.2555
0.2587
0.2600
0.2613
0.2632
0.2671
0.2704
0.2730
0.2756
0.2814
0.2859
0.2917
0.2962
0.3014
0.3092
0.3124
0.3182
0.3195
0.3201
134.0
136.2
138.4
140.4
142.3
144.3
146.2
148.2
150.1
152.5
154.8
157.6
160.2
162.8
165.5
168.4
170.8
173.7
176.2
178.6
181.1
183.1
185.2
187.0
189.1
190.7
192.7
194.7
196.4
198.0
200.0
201.9
203.4
205.4
207.0
208.5
210.1
211.2
212.7
213.7
214.3
215.0
215.4
215.8
215.8
215.2
214.7
213.8
212.7
211.1
209.4
207.4
205.2
202.7
199.6
196.6
193.0
189.4
185.3
181.2
177.1
172.3
167.7
162.9
157.9
152.8
147.5
142.2
136.8
131.2
125.6
119.9
114.3
108.7
103.1
97.58
92.03
86.69
81.44
76.34
71.37
66.65
62.08
57.86
53.71
49.99
46.48
43.21
40.35
37.50
34.93
32.59
30.42
28.46
26.67
25.02
23.55
22.19
20.92
19.71
18.60
17.58
16.63
15.79
14.99
14.21
13.49
12.82
12.20
11.62
11.08
10.58
10.10
9.656
9.234
8.834
8.448
8.089
7.740
7.410
7.091
6.779
6.480
6.199
5.920
5.657
5.396
5.147
4.898
4.662
4.425
4.193
3.970
3.748
3.531
3.315
3.107
2.902
2.706
2.513
2.325
2.138
1.957
1.789
1.631
1.492
1.356
1.227
1.105
0.9896
0.8790
0.7769
0.6827
0.5912
0.5094
0.4179
0.3279
0.2705
0.2485
0.2477
0.2477
0.2483
0.2477
0.2471
0.2477
0.2483
0.2515
0.2548
0.2593
0.2619
0.2645
0.2709
0.2781
0.2871
0.2904
0.2949
0.3013
0.3078
0.3169
0.3188
0.3208
133.9
136.2
138.7
141.0
143.2
145.2
147.1
149.4
151.6
154.3
156.7
159.2
161.8
164.0
166.6
169.1
171.2
173.4
175.7
177.7
179.6
181.5
183.3
185.1
186.8
188.4
190.3
192.1
193.9
195.8
197.9
199.7
201.8
203.4
205.4
207.0
208.5
209.8
210.8
211.6
212.6
212.7
212.9
212.5
211.9
211.3
210.2
208.6
206.8
204.7
202.3
199.5
196.6
193.3
189.8
186.0
182.2
178.1
174.0
169.5
165.1
160.4
155.8
150.8
146.0
141.0
135.9
130.8
125.7
120.5
115.1
109.9
104.5
99.10
93.91
88.58
83.43
78.34
73.25
68.43
63.74
59.22
54.86
50.72
46.87
43.24
39.91
36.82
33.92
31.30
28.91
26.72
24.74
22.94
21.34
19.85
18.53
17.31
16.21
15.22
14.32
13.51
12.78
12.12
11.52
10.98
10.47
9.962
9.511
9.092
8.712
8.362
8.033
7.735
7.445
7.181
6.933
6.696
6.468
6.248
6.041
5.839
5.648
5.462
5.281
5.100
4.930
4.759
4.594
4.430
4.266
4.105
3.946
3.785
3.626
3.466
3.305
3.142
2.984
2.824
2.665
2.512
2.362
2.214
2.067
1.923
1.780
1.641
1.500
1.365
1.234
1.108
0.9863
0.8701
0.7614
0.6609
0.5643
0.4739
0.3697
0.2723
0.2555
0.2568
0.2568
0.2600
0.2632
0.2645
0.2684
0.2710
0.2736
0.2769
0.2813
0.2866
0.2937
0.3008
0.3072
0.3125
0.3202
0.3234
0.3279
0.3286
0.3298
134.1
136.5
139.0
141.5
143.6
145.8
147.9
150.1
152.7
155.2
157.5
160.0
162.6
164.8
167.3
169.5
172.1
174.2
176.4
178.1
179.9
182.1
183.2
185.2
186.8
188.3
190.0
191.6
193.2
194.5
196.1
198.1
199.5
201.2
202.4
203.5
204.9
205.4
206.3
207.1
207.3
207.2
207.3
206.5
205.8
204.2
202.9
201.1
198.9
196.4
193.7
190.5
187.4
184.0
180.2
176.5
172.7
168.6
164.5
159.8
155.6
151.1
146.6
141.6
137.0
132.2
127.1
122.2
117.2
112.2
107.1
101.8
96.70
91.49
86.39
81.40
76.26
71.35
66.57
61.81
57.29
52.96
48.68
44.78
41.08
37.61
34.49
31.58
28.91
26.47
24.30
22.34
20.56
18.96
17.57
16.28
15.15
14.16
13.24
12.45
11.75
11.12
10.57
10.06
9.624
9.238
8.869
8.511
8.184
7.878
7.611
7.364
7.128
6.926
6.725
6.538
6.359
6.191
6.031
5.875
5.723
5.566
5.421
5.282
5.143
5.004
4.862
4.721
4.581
4.443
4.304
4.158
4.016
3.872
3.729
3.579
3.430
3.278
3.122
2.971
2.818
2.663
2.514
2.366
2.217
2.072
1.923
1.779
1.638
1.498
1.359
1.225
1.096
0.9710
0.8573
0.7470
0.6440
0.5469
0.4504
0.3317
0.2607
0.2587
0.2587
0.2587
0.2587
0.2587
0.2625
0.2613
0.2626
0.2690
0.2716
0.2793
0.2845
0.2910
0.2974
0.3026
0.3104
0.3156
0.3233
0.3260
0.3273
133.9
136.2
138.7
141.0
143.2
145.2
147.1
149.4
151.6
154.3
156.7
159.2
161.8
164.0
166.6
169.1
171.2
173.4
175.7
177.7
179.6
181.5
183.3
185.1
186.8
188.4
190.3
192.1
193.9
195.8
197.9
199.7
201.8
203.4
205.4
207.0
208.5
209.8
210.8
211.6
212.6
212.7
212.9
212.5
211.9
211.3
210.2
208.6
206.8
204.7
202.3
199.5
196.6
193.3
189.8
186.0
182.2
178.1
174.0
169.5
165.1
160.4
155.8
150.8
146.0
141.0
135.9
130.8
125.7
120.5
115.1
109.9
104.5
99.10
93.91
88.58
83.43
78.34
73.25
68.43
63.74
59.22
54.86
50.72
46.87
43.24
39.91
36.82
33.92
31.30
28.91
26.72
24.74
22.94
21.34
19.85
18.53
17.31
16.21
15.22
14.32
13.51
12.78
12.12
11.52
10.98
10.47
9.962
9.511
9.092
8.712
8.362
8.033
7.735
7.445
7.181
6.933
6.696
6.468
6.248
6.041
5.839
5.648
5.462
5.281
5.100
4.930
4.759
4.594
4.430
4.266
4.105
3.946
3.785
3.626
3.466
3.305
3.142
2.984
2.824
2.665
2.512
2.362
2.214
2.067
1.923
1.780
1.641
1.500
1.365
1.234
1.108
0.9863
0.8701
0.7614
0.6609
0.5643
0.4739
0.3697
0.2723
0.2555
0.2568
0.2568
0.2600
0.2632
0.2645
0.2684
0.2710
0.2736
0.2769
0.2813
0.2866
0.2937
0.3008
0.3072
0.3125
0.3202
0.3234
0.3279
0.3286
0.3298
134.0
136.2
138.4
140.4
142.3
144.3
146.2
148.2
150.1
152.5
154.8
157.6
160.2
162.8
165.5
168.4
170.8
173.7
176.2
178.6
181.1
183.1
185.2
187.0
189.1
190.7
192.7
194.7
196.4
198.0
200.0
201.9
203.4
205.4
207.0
208.5
210.1
211.2
212.7
213.7
214.3
215.0
215.4
215.8
215.8
215.2
214.7
213.8
212.7
211.1
209.4
207.4
205.2
202.7
199.6
196.6
193.0
189.4
185.3
181.2
177.1
172.3
167.7
162.9
157.9
152.8
147.5
142.2
136.8
131.2
125.6
119.9
114.3
108.7
103.1
97.58
92.03
86.69
81.44
76.34
71.37
66.65
62.08
57.86
53.71
49.99
46.48
43.21
40.35
37.50
34.93
32.59
30.42
28.46
26.67
25.02
23.55
22.19
20.92
19.71
18.60
17.58
16.63
15.79
14.99
14.21
13.49
12.82
12.20
11.62
11.08
10.58
10.10
9.656
9.234
8.834
8.448
8.089
7.740
7.410
7.091
6.779
6.480
6.199
5.920
5.657
5.396
5.147
4.898
4.662
4.425
4.193
3.970
3.748
3.531
3.315
3.107
2.902
2.706
2.513
2.325
2.138
1.957
1.789
1.631
1.492
1.356
1.227
1.105
0.9896
0.8790
0.7769
0.6827
0.5912
0.5094
0.4179
0.3279
0.2705
0.2485
0.2477
0.2477
0.2483
0.2477
0.2471
0.2477
0.2483
0.2515
0.2548
0.2593
0.2619
0.2645
0.2709
0.2781
0.2871
0.2904
0.2949
0.3013
0.3078
0.3169
0.3188
0.3208
133.9
135.7
137.4
139.1
140.6
142.2
143.9
145.4
147.4
149.3
151.8
154.3
157.4
160.4
163.5
166.4
169.3
172.1
174.5
177.0
179.4
181.8
183.8
186.0
188.0
190.2
192.2
194.0
195.9
198.0
200.2
202.1
204.3
206.3
208.4
210.8
212.7
214.9
216.8
219.2
220.9
222.7
224.6
226.0
227.3
228.6
229.2
230.0
230.7
230.7
230.7
230.2
229.3
228.2
226.8
225.5
223.4
221.2
218.2
215.0
211.6
207.8
203.4
198.9
194.1
189.0
183.6
177.6
171.6
165.1
158.6
151.6
144.7
137.5
130.3
123.2
116.0
109.1
102.1
95.32
88.94
82.94
77.19
71.44
66.28
61.39
56.90
52.71
48.83
45.24
42.00
39.01
36.29
33.79
31.52
29.46
27.60
25.91
24.36
22.95
21.68
20.48
19.25
18.13
17.08
16.13
15.27
14.45
13.70
13.01
12.37
11.76
11.20
10.67
10.18
9.712
9.263
8.846
8.442
8.064
7.692
7.338
7.001
6.673
6.354
6.044
5.746
5.451
5.165
4.881
4.603
4.336
4.081
3.832
3.589
3.354
3.125
2.904
2.686
2.474
2.266
2.065
1.873
1.686
1.507
1.335
1.172
1.017
0.8714
0.7272
0.5836
0.4457
0.3344
0.2630
0.2477
0.2490
0.2503
0.2510
0.2522
0.2529
0.2542
0.2535
0.2555
0.2587
0.2600
0.2613
0.2632
0.2671
0.2704
0.2730
0.2756
0.2814
0.2859
0.2917
0.2962
0.3014
0.3092
0.3124
0.3182
0.3195
0.3201
134.0
135.3
136.5
137.5
138.7
139.8
141.2
142.5
144.0
146.0
148.1
150.6
153.1
155.6
158.4
161.1
163.9
166.6
169.4
172.1
174.4
177.0
179.6
181.8
184.6
186.9
189.5
192.5
195.1
197.9
200.9
203.8
207.1
210.2
213.6
217.2
220.8
224.5
228.0
231.7
235.4
238.9
242.9
246.4
249.9
253.1
256.5
259.5
262.4
265.0
267.7
269.7
272.2
273.7
274.8
275.8
276.5
276.2
276.4
275.7
274.7
273.1
270.8
268.1
264.7
260.3
255.3
249.9
243.7
236.8
229.0
220.4
211.7
202.5
192.5
182.5
171.7
161.0
150.1
139.3
129.0
119.0
109.5
100.6
92.08
84.40
77.02
70.39
64.22
58.67
53.48
48.97
44.71
40.94
37.60
34.55
31.84
29.39
27.15
25.14
23.35
21.69
20.23
18.90
17.59
16.37
15.30
14.32
13.45
12.64
11.91
11.24
10.63
10.07
9.544
9.058
8.603
8.181
7.786
7.414
7.059
6.722
6.407
6.102
5.814
5.536
5.271
5.011
4.763
4.516
4.282
4.051
3.827
3.606
3.395
3.185
2.985
2.787
2.599
2.416
2.234
2.066
1.909
1.756
1.604
1.464
1.335
1.214
1.096
0.9861
0.8770
0.7767
0.6840
0.5944
0.5118
0.4324
0.3379
0.2671
0.2652
0.2639
0.2639
0.2639
0.2639
0.2639
0.2645
0.2645
0.2645
0.2645
0.2645
0.2645
0.2652
0.2696
0.2723
0.2781
0.2826
0.2929
0.2962
0.2969
0.2988
0.3014
0.3033
134.1
134.7
135.1
135.7
136.1
136.9
137.6
138.5
139.7
141.3
143.2
144.8
147.0
148.9
151.2
153.3
155.5
157.9
160.3
162.8
164.9
167.8
170.3
173.0
175.8
178.5
181.9
184.9
188.3
192.1
195.7
199.5
203.5
207.7
212.0
216.9
221.2
225.8
231.0
235.6
240.8
245.4
250.8
255.8
261.0
266.1
270.8
276.5
281.1
285.6
290.6
294.6
298.9
302.4
305.8
308.9
311.9
314.3
316.0
317.5
318.4
318.7
318.6
317.4
315.2
312.2
308.8
304.1
298.5
292.1
284.6
276.2
266.8
256.7
245.4
233.4
220.5
207.3
193.9
179.9
166.0
152.4
139.5
127.1
115.7
105.0
95.29
86.23
78.24
70.26
63.39
57.10
51.45
46.39
41.85
37.79
34.21
31.01
28.15
25.60
23.37
21.36
19.60
18.04
16.65
15.36
14.14
13.04
12.07
11.23
10.48
9.818
9.234
8.713
8.246
7.834
7.453
7.112
6.800
6.511
6.246
5.997
5.771
5.553
5.347
5.149
4.958
4.779
4.606
4.433
4.266
4.099
3.935
3.769
3.608
3.449
3.289
3.129
2.972
2.813
2.656
2.506
2.361
2.216
2.075
1.932
1.792
1.656
1.523
1.388
1.260
1.134
1.013
0.8955
0.7853
0.6809
0.5817
0.4879
0.3905
0.2947
0.2768
0.2768
0.2768
0.2775
0.2775
0.2781
0.2787
0.2788
0.2801
0.2813
0.2820
0.2872
0.2891
0.2930
0.2949
0.2982
0.3014
0.3021
0.3040
0.3040
0.3040
137.7
137.7
137.6
137.4
137.2
137.2
137.2
137.3
137.9
139.0
140.0
141.4
142.7
144.1
145.8
147.3
149.2
150.9
152.8
154.7
156.6
158.8
161.2
163.5
166.0
168.5
171.3
174.0
177.3
180.4
184.0
187.4
191.2
195.1
199.3
203.4
207.6
212.2
216.7
221.2
225.9
230.6
235.2
240.2
244.8
249.4
254.0
258.3
262.5
266.2
270.4
273.7
276.7
280.0
283.0
285.6
287.9
289.6
290.4
290.9
291.0
290.5
289.9
288.4
286.3
283.3
279.8
275.0
269.7
263.6
256.5
248.7
240.0
230.4
220.4
209.5
198.4
186.4
174.6
162.3
150.2
138.4
126.9
115.8
105.5
96.09
87.09
78.99
71.52
64.42
58.10
52.39
47.22
42.53
38.44
34.72
31.43
28.50
25.92
23.61
21.60
19.81
18.23
16.85
15.62
14.52
13.47
12.49
11.62
10.86
10.19
9.600
9.075
8.609
8.201
7.830
7.494
7.191
6.913
6.656
6.418
6.194
5.984
5.786
5.603
5.420
5.246
5.070
4.899
4.730
4.563
4.402
4.240
4.077
3.912
3.751
3.591
3.429
3.265
3.103
2.941
2.782
2.625
2.472
2.320
2.170
2.019
1.869
1.726
1.585
1.441
1.305
1.172
1.043
0.9206
0.8040
0.6937
0.5904
0.4891
0.3876
0.3261
0.2936
0.2930
0.2910
0.2897
0.2891
0.2872
0.2865
0.2865
0.2865
0.2865
0.2865
0.2865
0.2865
0.2878
0.2878
0.2891
0.2891
0.2891
0.2897
0.2897
134.1
133.4
132.5
131.7
130.8
130.1
129.4
128.9
128.7
129.1
129.7
130.6
131.2
132.2
133.5
134.3
135.6
136.8
138.2
139.7
140.8
142.2
143.9
145.7
147.4
149.5
151.6
154.1
156.5
159.1
162.1
165.0
167.9
170.8
174.3
177.6
181.1
184.6
188.3
191.5
195.2
198.5
202.2
205.2
208.6
211.6
214.6
217.5
220.1
222.8
224.7
227.0
228.9
230.6
231.9
233.2
233.7
234.2
234.3
233.5
233.0
231.4
229.8
227.7
224.7
221.5
217.8
213.3
208.8
203.3
197.4
190.9
183.6
176.3
168.3
159.8
151.3
142.4
133.7
124.7
115.8
107.3
99.11
90.98
83.64
76.54
70.18
64.17
58.60
53.49
48.78
44.54
40.79
37.37
34.16
31.32
28.75
26.48
24.43
22.57
20.92
19.44
18.11
16.93
15.86
14.86
13.88
12.99
12.19
11.48
10.84
10.25
9.720
9.239
8.808
8.403
8.035
7.698
7.374
7.077
6.799
6.534
6.292
6.060
5.828
5.614
5.389
5.185
4.990
4.791
4.603
4.416
4.235
4.053
3.873
3.696
3.519
3.344
3.169
3.002
2.833
2.671
2.513
2.363
2.209
2.059
1.910
1.767
1.624
1.487
1.347
1.215
1.088
0.9667
0.8509
0.7415
0.6396
0.5411
0.4403
0.3455
0.3202
0.3188
0.3163
0.3143
0.3124
0.3098
0.3085
0.3066
0.3053
0.3040
0.3014
0.2982
0.2975
0.2949
0.2949
0.2949
0.2956
0.2962
0.2981
0.3014
0.3027
134.0
132.6
131.3
129.5
128.1
126.3
125.2
124.0
123.2
122.6
122.7
122.8
123.2
123.9
124.5
125.6
126.4
127.5
128.5
129.5
130.4
131.4
132.4
133.4
134.3
135.4
136.8
137.9
139.3
140.6
142.1
143.7
145.3
146.9
148.5
150.3
152.1
153.9
155.6
157.5
158.9
160.6
162.3
163.8
164.9
166.2
167.5
168.6
169.4
170.0
170.9
171.2
171.5
171.5
171.5
170.8
170.3
169.4
168.4
166.9
165.1
163.3
161.2
158.6
155.9
152.9
149.7
146.0
142.2
138.1
133.7
129.1
124.1
119.0
113.9
108.4
102.9
97.23
91.78
86.38
81.12
75.93
70.90
66.09
61.55
57.31
53.29
49.56
46.10
42.88
39.91
37.20
34.65
32.33
30.25
28.31
26.56
24.97
23.48
22.10
20.82
19.65
18.56
17.58
16.63
15.68
14.82
14.02
13.29
12.60
11.98
11.39
10.84
10.33
9.850
9.397
8.971
8.566
8.184
7.823
7.478
7.147
6.834
6.533
6.243
5.963
5.695
5.432
5.177
4.926
4.684
4.443
4.215
3.984
3.756
3.535
3.316
3.105
2.899
2.701
2.507
2.318
2.132
1.958
1.793
1.642
1.503
1.371
1.244
1.122
1.003
0.8918
0.7866
0.6877
0.5947
0.5072
0.4125
0.3259
0.3149
0.3124
0.3123
0.3085
0.3072
0.3065
0.3053
0.3053
0.3040
0.3027
0.3007
0.2982
0.2982
0.2982
0.2982
0.3001
0.3020
0.3040
0.3040
0.3040
0.3066
0.3085
0.3091
133.9
132.0
129.9
127.8
125.6
123.3
121.3
119.5
118.0
116.7
116.0
115.8
116.0
116.5
117.3
117.7
118.5
119.0
119.5
119.8
120.0
120.2
120.4
120.5
120.5
120.9
120.9
121.2
121.6
121.9
122.4
122.8
123.5
124.0
124.6
125.3
126.1
126.7
127.7
128.2
129.2
129.9
130.5
131.2
131.6
132.1
132.3
132.5
132.5
132.5
132.3
131.8
131.5
130.7
130.0
129.2
128.1
126.9
125.6
123.9
122.3
120.3
118.3
116.1
113.9
111.6
109.0
106.4
103.4
100.6
97.44
94.10
90.92
87.31
83.94
80.31
76.81
73.21
69.54
66.00
62.46
58.98
55.75
52.40
49.45
46.42
43.63
41.07
38.67
36.37
34.23
32.25
30.39
28.66
27.08
25.62
24.26
23.02
21.87
20.81
19.83
18.90
17.91
16.95
16.07
15.25
14.50
13.79
13.13
12.51
11.93
11.38
10.87
10.38
9.909
9.467
9.052
8.651
8.265
7.896
7.546
7.202
6.882
6.563
6.258
5.963
5.678
5.396
5.123
4.857
4.595
4.345
4.100
3.864
3.637
3.408
3.191
2.977
2.764
2.561
2.360
2.162
1.971
1.787
1.603
1.429
1.259
1.099
0.9500
0.8059
0.6671
0.5212
0.3970
0.3414
0.3307
0.3292
0.3286
0.3285
0.3260
0.3253
0.3253
0.3234
0.3234
0.3227
0.3208
0.3208
0.3189
0.3182
0.3156
0.3150
0.3130
0.3124
0.3105
0.3085
0.3085
0.3085
0.3098
0.3098
0.3117
0.3124
0.3169
134.0
131.6
129.0
126.4
123.8
121.3
118.8
116.6
114.6
113.0
112.0
111.2
110.9
110.6
110.5
110.2
110.1
110.0
110.0
109.8
109.5
109.4
109.0
108.7
108.7
108.5
108.5
108.4
108.5
108.6
108.9
109.1
109.6
110.1
110.6
111.3
111.7
112.3
113.1
113.7
114.4
114.9
115.4
115.9
116.4
116.6
117.1
117.3
117.4
117.4
117.3
117.2
116.9
116.4
115.8
115.2
114.3
113.5
112.4
111.1
109.8
108.2
106.7
105.0
103.1
101.0
98.87
96.69
94.25
91.71
89.11
86.40
83.54
80.54
77.43
74.32
71.12
67.83
64.57
61.27
57.99
54.81
51.68
48.64
45.71
42.93
40.28
37.79
35.44
33.24
31.22
29.32
27.57
25.94
24.45
23.09
21.84
20.69
19.61
18.58
17.61
16.71
15.89
15.13
14.39
13.66
12.97
12.34
11.75
11.19
10.67
10.18
9.713
9.272
8.853
8.455
8.075
7.718
7.370
7.042
6.733
6.428
6.143
5.864
5.601
5.340
5.095
4.855
4.619
4.394
4.173
3.959
3.747
3.543
3.339
3.142
2.950
2.761
2.577
2.404
2.231
2.062
1.890
1.729
1.596
1.471
1.353
1.238
1.128
1.023
0.9182
0.8180
0.7257
0.6371
0.5561
0.4784
0.4042
0.3404
0.3156
0.3156
0.3163
0.3143
0.3143
0.3143
0.3143
0.3143
0.3137
0.3137
0.3137
0.3137
0.3137
0.3137
0.3137
0.3163
0.3214
0.3208
0.3208
0.3221
0.3214
0.3214
0.3214
133.9
131.2
128.2
125.4
122.5
119.7
117.1
114.6
112.6
111.0
109.8
108.5
107.5
106.6
105.7
104.8
104.0
103.0
102.2
101.3
100.7
99.90
99.21
98.83
98.54
98.33
98.20
98.29
98.59
98.91
99.49
99.95
100.7
101.5
102.3
103.2
104.2
105.2
106.1
107.0
108.0
108.8
109.7
110.5
111.3
112.1
112.6
113.2
113.6
113.8
114.2
114.2
114.2
114.1
113.7
113.4
112.7
112.0
111.1
110.3
109.0
107.8
106.3
104.7
103.1
101.0
99.19
96.86
94.39
91.97
89.19
86.41
83.30
80.17
76.74
73.36
69.91
66.28
62.66
59.11
55.47
51.97
48.48
45.11
41.91
39.06
36.21
33.58
31.14
28.89
26.82
24.92
23.19
21.61
20.18
18.89
17.69
16.60
15.63
14.71
13.89
13.14
12.44
11.82
11.24
10.72
10.17
9.663
9.204
8.776
8.392
8.024
7.692
7.382
7.097
6.830
6.577
6.339
6.110
5.891
5.687
5.489
5.300
5.121
4.943
4.772
4.601
4.437
4.278
4.122
3.967
3.817
3.666
3.518
3.370
3.223
3.078
2.932
2.783
2.641
2.500
2.363
2.230
2.101
1.970
1.843
1.718
1.595
1.471
1.351
1.229
1.112
0.9990
0.8895
0.7840
0.6860
0.5955
0.5105
0.4296
0.3434
0.3228
0.3214
0.3214
0.3214
0.3214
0.3214
0.3214
0.3214
0.3208
0.3195
0.3195
0.3169
0.3169
0.3163
0.3169
0.3169
0.3201
0.3208
0.3227
0.3260
0.3273
134.1
131.2
128.4
125.3
122.4
119.5
116.8
114.1
111.9
110.5
109.1
107.8
106.5
105.2
104.1
102.9
101.9
100.8
99.63
98.89
97.88
97.03
96.37
95.71
95.30
94.96
94.96
94.94
95.00
95.33
95.58
96.16
96.83
97.39
98.25
99.02
99.72
100.8
101.8
102.7
103.7
104.4
105.4
106.3
107.1
108.0
108.4
109.3
109.7
110.0
110.3
110.7
110.7
110.8
110.4
110.1
109.5
108.9
108.3
107.3
106.2
105.0
103.7
102.1
100.5
98.40
96.53
94.30
91.83
89.20
86.40
83.68
80.57
77.19
73.81
70.22
66.54
62.82
59.13
55.28
51.58
47.99
44.45
41.09
37.87
34.87
32.07
29.52
27.13
24.98
23.05
21.28
19.67
18.22
16.93
15.78
14.74
13.82
13.00
12.25
11.60
11.01
10.48
10.00
9.582
9.195
8.825
8.445
8.104
7.789
7.503
7.235
6.997
6.767
6.561
6.360
6.172
5.997
5.828
5.662
5.504
5.344
5.195
5.050
4.906
4.765
4.626
4.483
4.345
4.207
4.068
3.928
3.791
3.655
3.515
3.378
3.238
3.097
2.957
2.817
2.673
2.532
2.400
2.266
2.134
2.000
1.871
1.740
1.614
1.486
1.356
1.231
1.110
0.9926
0.8784
0.7673
0.6693
0.5742
0.4861
0.4032
0.3208
0.3169
0.3169
0.3169
0.3169
0.3169
0.3169
0.3169
0.3169
0.3169
0.3169
0.3169
0.3182
0.3209
0.3273
0.3298
0.3285
0.3285
0.3285
0.3285
0.3285
133.9
131.2
128.2
125.4
122.5
119.7
117.1
114.6
112.6
111.0
109.8
108.5
107.5
106.6
105.7
104.8
104.0
103.0
102.2
101.3
100.7
99.90
99.21
98.83
98.54
98.33
98.20
98.29
98.59
98.91
99.49
99.95
100.7
101.5
102.3
103.2
104.2
105.2
106.1
107.0
108.0
108.8
109.7
110.5
111.3
112.1
112.6
113.2
113.6
113.8
114.2
114.2
114.2
114.1
113.7
113.4
112.7
112.0
111.1
110.3
109.0
107.8
106.3
104.7
103.1
101.0
99.19
96.86
94.39
91.97
89.19
86.41
83.30
80.17
76.74
73.36
69.91
66.28
62.66
59.11
55.47
51.97
48.48
45.11
41.91
39.06
36.21
33.58
31.14
28.89
26.82
24.92
23.19
21.61
20.18
18.89
17.69
16.60
15.63
14.71
13.89
13.14
12.44
11.82
11.24
10.72
10.17
9.663
9.204
8.776
8.392
8.024
7.692
7.382
7.097
6.830
6.577
6.339
6.110
5.891
5.687
5.489
5.300
5.121
4.943
4.772
4.601
4.437
4.278
4.122
3.967
3.817
3.666
3.518
3.370
3.223
3.078
2.932
2.783
2.641
2.500
2.363
2.230
2.101
1.970
1.843
1.718
1.595
1.471
1.351
1.229
1.112
0.9990
0.8895
0.7840
0.6860
0.5955
0.5105
0.4296
0.3434
0.3228
0.3214
0.3214
0.3214
0.3214
0.3214
0.3214
0.3214
0.3208
0.3195
0.3195
0.3169
0.3169
0.3163
0.3169
0.3169
0.3201
0.3208
0.3227
0.3260
0.3273
134.0
131.6
129.0
126.4
123.8
121.3
118.8
116.6
114.6
113.0
112.0
111.2
110.9
110.6
110.5
110.2
110.1
110.0
110.0
109.8
109.5
109.4
109.0
108.7
108.7
108.5
108.5
108.4
108.5
108.6
108.9
109.1
109.6
110.1
110.6
111.3
111.7
112.3
113.1
113.7
114.4
114.9
115.4
115.9
116.4
116.6
117.1
117.3
117.4
117.4
117.3
117.2
116.9
116.4
115.8
115.2
114.3
113.5
112.4
111.1
109.8
108.2
106.7
105.0
103.1
101.0
98.87
96.69
94.25
91.71
89.11
86.40
83.54
80.54
77.43
74.32
71.12
67.83
64.57
61.27
57.99
54.81
51.68
48.64
45.71
42.93
40.28
37.79
35.44
33.24
31.22
29.32
27.57
25.94
24.45
23.09
21.84
20.69
19.61
18.58
17.61
16.71
15.89
15.13
14.39
13.66
12.97
12.34
11.75
11.19
10.67
10.18
9.713
9.272
8.853
8.455
8.075
7.718
7.370
7.042
6.733
6.428
6.143
5.864
5.601
5.340
5.095
4.855
4.619
4.394
4.173
3.959
3.747
3.543
3.339
3.142
2.950
2.761
2.577
2.404
2.231
2.062
1.890
1.729
1.596
1.471
1.353
1.238
1.128
1.023
0.9182
0.8180
0.7257
0.6371
0.5561
0.4784
0.4042
0.3404
0.3156
0.3156
0.3163
0.3143
0.3143
0.3143
0.3143
0.3143
0.3137
0.3137
0.3137
0.3137
0.3137
0.3137
0.3137
0.3163
0.3214
0.3208
0.3208
0.3221
0.3214
0.3214
0.3214
133.9
132.0
129.9
127.8
125.6
123.3
121.3
119.5
118.0
116.7
116.0
115.8
116.0
116.5
117.3
117.7
118.5
119.0
119.5
119.8
120.0
120.2
120.4
120.5
120.5
120.9
120.9
121.2
121.6
121.9
122.4
122.8
123.5
124.0
124.6
125.3
126.1
126.7
127.7
128.2
129.2
129.9
130.5
131.2
131.6
132.1
132.3
132.5
132.5
132.5
132.3
131.8
131.5
130.7
130.0
129.2
128.1
126.9
125.6
123.9
122.3
120.3
118.3
116.1
113.9
111.6
109.0
106.4
103.4
100.6
97.44
94.10
90.92
87.31
83.94
80.31
76.81
73.21
69.54
66.00
62.46
58.98
55.75
52.40
49.45
46.42
43.63
41.07
38.67
36.37
34.23
32.25
30.39
28.66
27.08
25.62
24.26
23.02
21.87
20.81
19.83
18.90
17.91
16.95
16.07
15.25
14.50
13.79
13.13
12.51
11.93
11.38
10.87
10.38
9.909
9.467
9.052
8.651
8.265
7.896
7.546
7.202
6.882
6.563
6.258
5.963
5.678
5.396
5.123
4.857
4.595
4.345
4.100
3.864
3.637
3.408
3.191
2.977
2.764
2.561
2.360
2.162
1.971
1.787
1.603
1.429
1.259
1.099
0.9500
0.8059
0.6671
0.5212
0.3970
0.3414
0.3307
0.3292
0.3286
0.3285
0.3260
0.3253
0.3253
0.3234
0.3234
0.3227
0.3208
0.3208
0.3189
0.3182
0.3156
0.3150
0.3130
0.3124
0.3105
0.3085
0.3085
0.3085
0.3098
0.3098
0.3117
0.3124
0.3169
134.0
132.6
131.3
129.5
128.1
126.3
125.2
124.0
123.2
122.6
122.7
122.8
123.2
123.9
124.5
125.6
126.4
127.5
128.5
129.5
130.4
131.4
132.4
133.4
134.3
135.4
136.8
137.9
139.3
140.6
142.1
143.7
145.3
146.9
148.5
150.3
152.1
153.9
155.6
157.5
158.9
160.6
162.3
163.8
164.9
166.2
167.5
168.6
169.4
170.0
170.9
171.2
171.5
171.5
171.5
170.8
170.3
169.4
168.4
166.9
165.1
163.3
161.2
158.6
155.9
152.9
149.7
146.0
142.2
138.1
133.7
129.1
124.1
119.0
113.9
108.4
102.9
97.23
91.78
86.38
81.12
75.93
70.90
66.09
61.55
57.31
53.29
49.56
46.10
42.88
39.91
37.20
34.65
32.33
30.25
28.31
26.56
24.97
23.48
22.10
20.82
19.65
18.56
17.58
16.63
15.68
14.82
14.02
13.29
12.60
11.98
11.39
10.84
10.33
9.850
9.397
8.971
8.566
8.184
7.823
7.478
7.147
6.834
6.533
6.243
5.963
5.695
5.432
5.177
4.926
4.684
4.443
4.215
3.984
3.756
3.535
3.316
3.105
2.899
2.701
2.507
2.318
2.132
1.958
1.793
1.642
1.503
1.371
1.244
1.122
1.003
0.8918
0.7866
0.6877
0.5947
0.5072
0.4125
0.3259
0.3149
0.3124
0.3123
0.3085
0.3072
0.3065
0.3053
0.3053
0.3040
0.3027
0.3007
0.2982
0.2982
0.2982
0.2982
0.3001
0.3020
0.3040
0.3040
0.3040
0.3066
0.3085
0.3091
134.1
133.4
132.5
131.7
130.8
130.1
129.4
128.9
128.7
129.1
129.7
130.6
131.2
132.2
133.5
134.3
135.6
136.8
138.2
139.7
140.8
142.2
143.9
145.7
147.4
149.5
151.6
154.1
156.5
159.1
162.1
165.0
167.9
170.8
174.3
177.6
181.1
184.6
188.3
191.5
195.2
198.5
202.2
205.2
208.6
211.6
214.6
217.5
220.1
222.8
224.7
227.0
228.9
230.6
231.9
233.2
233.7
234.2
234.3
233.5
233.0
231.4
229.8
227.7
224.7
221.5
217.8
213.3
208.8
203.3
197.4
190.9
183.6
176.3
168.3
159.8
151.3
142.4
133.7
124.7
115.8
107.3
99.11
90.98
83.64
76.54
70.18
64.17
58.60
53.49
48.78
44.54
40.79
37.37
34.16
31.32
28.75
26.48
24.43
22.57
20.92
19.44
18.11
16.93
15.86
14.86
13.88
12.99
12.19
11.48
10.84
10.25
9.720
9.239
8.808
8.403
8.035
7.698
7.374
7.077
6.799
6.534
6.292
6.060
5.828
5.614
5.389
5.185
4.990
4.791
4.603
4.416
4.235
4.053
3.873
3.696
3.519
3.344
3.169
3.002
2.833
2.671
2.513
2.363
2.209
2.059
1.910
1.767
1.624
1.487
1.347
1.215
1.088
0.9667
0.8509
0.7415
0.6396
0.5411
0.4403
0.3455
0.3202
0.3188
0.3163
0.3143
0.3124
0.3098
0.3085
0.3066
0.3053
0.3040
0.3014
0.2982
0.2975
0.2949
0.2949
0.2949
0.2956
0.2962
0.2981
0.3014
0.3027
