SALVI
1
0
24
15.00
181
1.00

231101 OCH Z5M4 350 F4T1  PMMA

231101 OCH Z5M4 350 F4T1 PMMA.ldt
02 November 2023/TB
760
0
225
320
60
0
0
0
0
99.6
100.0
1.000
0.0
1
1
16 LED
2205.9


18.7
0.160
0.249
0.347
0.434
0.499
0.606
0.666
0.724
0.791
0.834
0.0
15.0
30.0
45.0
60.0
75.0
90.0
105.0
120.0
135.0
150.0
165.0
180.0
195.0
210.0
225.0
240.0
255.0
270.0
285.0
300.0
315.0
330.0
345.0
0.0
1.0
2.0
3.0
4.0
5.0
6.0
7.0
8.0
9.0
10.0
11.0
12.0
13.0
14.0
15.0
16.0
17.0
18.0
19.0
20.0
21.0
22.0
23.0
24.0
25.0
26.0
27.0
28.0
29.0
30.0
31.0
32.0
33.0
34.0
35.0
36.0
37.0
38.0
39.0
40.0
41.0
42.0
43.0
44.0
45.0
46.0
47.0
48.0
49.0
50.0
51.0
52.0
53.0
54.0
55.0
56.0
57.0
58.0
59.0
60.0
61.0
62.0
63.0
64.0
65.0
66.0
67.0
68.0
69.0
70.0
71.0
72.0
73.0
74.0
75.0
76.0
77.0
78.0
79.0
80.0
81.0
82.0
83.0
84.0
85.0
86.0
87.0
88.0
89.0
90.0
91.0
92.0
93.0
94.0
95.0
96.0
97.0
98.0
99.0
100.0
101.0
102.0
103.0
104.0
105.0
106.0
107.0
108.0
109.0
110.0
111.0
112.0
113.0
114.0
115.0
116.0
117.0
118.0
119.0
120.0
121.0
122.0
123.0
124.0
125.0
126.0
127.0
128.0
129.0
130.0
131.0
132.0
133.0
134.0
135.0
136.0
137.0
138.0
139.0
140.0
141.0
142.0
143.0
144.0
145.0
146.0
147.0
148.0
149.0
150.0
151.0
152.0
153.0
154.0
155.0
156.0
157.0
158.0
159.0
160.0
161.0
162.0
163.0
164.0
165.0
166.0
167.0
168.0
169.0
170.0
171.0
172.0
173.0
174.0
175.0
176.0
177.0
178.0
179.0
180.0
132.5
121.6
135.5
139.3
121.6
125.0
103.8
100.7
103.0
104.4
109.8
110.8
115.4
115.3
118.6
118.9
125.2
127.4
135.2
144.0
150.7
145.7
159.7
164.4
154.4
169.7
155.3
167.0
170.7
169.1
193.1
199.2
216.2
222.6
229.0
235.9
242.4
249.2
255.6
261.6
268.3
274.3
280.7
285.8
290.6
294.8
298.9
302.6
305.4
307.8
309.4
309.8
310.3
308.8
306.7
304.7
301.6
298.0
293.7
288.7
282.7
274.7
265.7
254.7
242.9
227.5
212.1
196.2
178.0
154.4
128.4
97.16
74.36
55.28
39.55
29.07
23.12
19.38
16.89
14.84
12.99
11.07
9.354
6.894
4.230
2.538
1.600
1.133
0.8359
0.5797
0.4003
0.3276
0.3567
0.4035
0.4484
0.4793
0.5083
0.5350
0.5550
0.5729
0.5973
0.6108
0.6374
0.6531
0.6598
0.6620
0.6620
0.6620
0.6597
0.6553
0.6464
0.6419
0.6330
0.6308
0.6241
0.6108
0.6086
0.6063
0.6019
0.5974
0.5952
0.5930
0.5841
0.5840
0.5862
0.5840
0.5818
0.5818
0.5796
0.5773
0.5773
0.5751
0.5662
0.5504
0.5019
0.4792
0.4569
0.4503
0.4503
0.4481
0.4480
0.4548
0.4570
0.4746
0.4926
0.5148
0.5351
0.5594
0.5595
0.5595
0.5595
0.5595
0.5595
0.5595
0.5572
0.5418
0.5368
0.4994
0.4196
0.3705
0.3321
0.2585
0.2586
0.2542
0.2541
0.2519
0.2519
0.2519
0.2475
0.2474
0.2474
0.2474
0.2474
0.2474
0.2474
0.2474
0.2474
0.2474
0.2474
0.2452
0.2452
120.9
117.4
120.3
136.8
130.3
121.6
105.2
109.4
105.8
105.4
101.9
117.7
123.3
131.1
138.5
143.5
140.5
144.9
137.5
136.9
146.1
151.9
154.1
156.5
159.0
163.7
170.9
167.1
175.4
170.2
179.9
198.0
206.1
229.6
237.3
245.0
252.9
262.0
274.3
287.6
297.9
308.2
315.2
322.0
329.2
337.3
345.4
351.1
354.1
357.5
360.3
361.6
363.0
362.4
360.8
357.5
355.0
350.6
344.3
337.4
329.3
320.2
309.2
297.9
285.0
270.3
249.1
226.6
201.7
174.1
141.5
107.8
79.50
58.27
42.38
31.07
24.17
19.47
16.91
14.99
13.35
11.68
9.570
7.469
5.453
3.952
3.008
2.524
2.092
1.681
1.393
1.242
1.210
1.190
1.168
1.143
1.112
1.090
1.049
1.014
0.9781
0.9289
0.8845
0.8355
0.7909
0.7530
0.7085
0.6754
0.6397
0.6196
0.5993
0.5727
0.5616
0.5550
0.5483
0.5392
0.5238
0.5194
0.5171
0.5037
0.4993
0.4993
0.4993
0.4993
0.5015
0.4949
0.4949
0.4949
0.4948
0.4882
0.4881
0.4769
0.4678
0.4390
0.4233
0.4057
0.4035
0.4035
0.4035
0.4035
0.4102
0.4169
0.4303
0.4481
0.4660
0.4815
0.4949
0.5037
0.5015
0.5015
0.5015
0.5038
0.5015
0.4970
0.4858
0.4746
0.4632
0.4315
0.3477
0.3158
0.2519
0.2519
0.2519
0.2563
0.2541
0.2541
0.2541
0.2542
0.2586
0.2564
0.2630
0.2631
0.2653
0.2675
0.2675
0.2675
0.2675
0.2675
0.2675
0.2675
0.2675
113.7
115.9
122.1
126.8
121.4
114.1
107.6
104.4
115.2
121.0
116.2
106.4
115.0
116.4
140.7
143.4
140.5
147.5
143.3
148.9
153.3
158.8
163.3
173.9
177.7
174.2
177.6
175.2
184.2
194.9
206.5
216.1
217.1
229.7
238.1
246.9
257.1
261.5
267.9
274.4
281.1
288.4
296.3
304.3
311.8
319.9
327.2
334.5
341.8
348.3
354.3
359.1
364.1
369.3
372.2
374.3
375.1
375.1
373.2
370.9
366.5
359.9
350.4
338.4
322.4
303.9
281.3
256.2
230.1
200.1
166.6
133.1
102.5
75.40
55.02
39.72
28.14
21.27
16.75
13.99
11.85
9.985
8.320
6.446
4.743
3.487
2.782
2.315
1.889
1.487
1.223
1.087
1.057
1.028
0.9989
0.9722
0.9409
0.9118
0.8873
0.8606
0.8338
0.8050
0.7781
0.7558
0.7381
0.7181
0.7023
0.6801
0.6711
0.6577
0.6398
0.6287
0.6197
0.6108
0.6063
0.5930
0.5797
0.5707
0.5640
0.5551
0.5484
0.5439
0.5372
0.5328
0.5261
0.5261
0.5216
0.5216
0.5238
0.5194
0.4994
0.4882
0.4726
0.4703
0.4570
0.4547
0.4503
0.4481
0.4480
0.4480
0.4480
0.4480
0.4480
0.4480
0.4480
0.4480
0.4480
0.4480
0.4480
0.4480
0.4480
0.4525
0.4348
0.4303
0.4258
0.3969
0.3308
0.2634
0.2278
0.2252
0.2251
0.2251
0.2251
0.2251
0.2251
0.2251
0.2251
0.2251
0.2251
0.2251
0.2251
0.2251
0.2251
0.2251
0.2385
0.2363
0.2385
0.2429
0.2496
0.2541
0.2586
106.0
116.5
130.6
133.2
126.3
111.8
101.2
91.03
95.49
107.5
122.7
147.8
161.9
166.5
160.1
170.2
170.3
183.7
177.5
187.1
193.4
200.5
192.6
208.1
211.1
218.1
206.8
219.6
224.6
235.4
240.2
260.9
280.8
286.7
291.1
295.5
299.9
304.1
308.6
313.1
318.0
323.3
328.0
332.4
336.8
341.7
346.1
350.5
354.5
359.9
364.4
370.6
377.2
384.2
392.2
399.0
405.3
412.0
418.9
427.5
434.3
441.0
444.2
444.3
439.2
429.6
413.6
391.4
360.2
321.1
280.8
237.3
194.1
151.1
113.4
81.15
54.60
35.08
24.08
18.02
14.78
11.65
9.338
7.155
4.805
3.063
2.227
1.687
1.183
0.6779
0.3675
0.2541
0.2564
0.2653
0.2697
0.2720
0.2764
0.2787
0.2831
0.2831
0.2875
0.2876
0.2920
0.2898
0.2965
0.2988
0.3054
0.3054
0.3098
0.3144
0.3232
0.3255
0.3344
0.3344
0.3389
0.3456
0.3523
0.3611
0.3634
0.3679
0.3769
0.3879
0.3924
0.4012
0.3990
0.3990
0.3990
0.3990
0.3990
0.3990
0.4012
0.4013
0.4058
0.4192
0.4281
0.4348
0.4482
0.4615
0.4726
0.4861
0.4926
0.4971
0.5015
0.5060
0.5060
0.5059
0.4993
0.4993
0.4993
0.5011
0.4649
0.3828
0.2886
0.1939
0.1917
0.1939
0.1939
0.1939
0.1962
0.1962
0.1962
0.2029
0.2073
0.2073
0.2095
0.2118
0.2185
0.2207
0.2296
0.2297
0.2363
0.2408
0.2430
0.2542
0.2608
0.2653
0.2630
0.2630
0.2630
0.2630
0.2653
101.4
119.1
136.1
137.6
128.4
111.9
110.8
129.7
127.0
119.0
119.9
122.6
123.8
131.5
151.8
160.2
164.8
172.6
172.5
177.5
186.2
202.6
214.6
225.3
236.3
224.9
220.6
229.4
235.0
250.5
256.1
258.1
270.6
279.5
292.3
305.3
310.7
314.6
319.0
322.6
326.3
331.4
336.2
340.5
345.1
350.8
357.2
362.5
369.0
374.8
381.2
387.2
394.3
401.5
410.8
418.5
427.6
435.3
443.9
453.8
461.5
468.0
474.7
480.3
481.6
480.0
473.8
462.2
441.2
412.3
373.0
317.1
251.2
182.7
117.9
62.40
41.69
32.75
26.07
20.90
16.94
14.42
11.58
8.876
5.618
3.586
2.657
2.065
1.538
1.028
0.6737
0.5786
0.5707
0.5596
0.5550
0.5462
0.5350
0.5239
0.5128
0.5083
0.4950
0.4860
0.4771
0.4659
0.4548
0.4459
0.4370
0.4303
0.4214
0.4191
0.4124
0.4124
0.4079
0.4013
0.4012
0.4012
0.3990
0.3946
0.3923
0.3923
0.3923
0.3923
0.3923
0.3923
0.3923
0.3923
0.3923
0.3923
0.3945
0.3990
0.4057
0.4057
0.3946
0.3923
0.3923
0.3901
0.3901
0.3901
0.3923
0.3945
0.3990
0.4079
0.4212
0.4257
0.4368
0.4413
0.4592
0.4725
0.4770
0.4770
0.4770
0.4770
0.4726
0.4704
0.4681
0.4262
0.3136
0.2163
0.1810
0.1783
0.1739
0.1739
0.1739
0.1739
0.1739
0.1739
0.1739
0.1739
0.1827
0.1894
0.1983
0.2006
0.2028
0.2051
0.2139
0.2184
0.2340
0.2429
0.2518
0.2630
0.2719
97.97
115.1
137.3
153.7
151.8
111.7
109.9
107.8
111.2
117.8
118.0
138.1
167.7
191.1
197.6
206.0
213.1
195.6
201.3
206.8
203.1
230.0
228.0
242.2
263.5
262.2
260.3
280.6
259.7
269.5
281.5
290.0
329.9
338.5
345.8
356.2
368.2
374.5
378.3
382.7
387.1
391.9
401.1
413.0
426.2
438.9
448.1
455.9
462.3
468.3
475.0
481.8
487.9
494.6
502.2
510.7
519.0
528.1
537.0
545.5
551.9
556.9
560.6
561.1
561.0
557.1
548.0
532.5
504.2
456.5
382.0
272.2
162.9
91.47
54.74
37.98
30.10
25.32
21.60
18.30
15.92
13.26
10.91
8.120
5.628
3.794
2.907
2.311
1.692
0.9926
0.6016
0.5573
0.5572
0.5550
0.5505
0.5438
0.5303
0.4970
0.4925
0.4814
0.4747
0.4547
0.4413
0.4302
0.4211
0.4101
0.4034
0.4010
0.3855
0.3745
0.3745
0.3745
0.3745
0.3745
0.3745
0.3745
0.3745
0.3745
0.3745
0.3745
0.3745
0.3745
0.3767
0.3767
0.3767
0.3812
0.3834
0.3834
0.3834
0.3834
0.3834
0.3721
0.3610
0.3543
0.3455
0.3455
0.3478
0.3500
0.3500
0.3545
0.3657
0.3770
0.3992
0.4170
0.4392
0.4639
0.4951
0.5107
0.5284
0.5394
0.5439
0.5417
0.5416
0.5394
0.5327
0.5060
0.4992
0.4917
0.3908
0.2069
0.1872
0.1917
0.1895
0.1918
0.1984
0.1963
0.2029
0.2118
0.2162
0.2162
0.2208
0.2319
0.2430
0.2497
0.2586
0.2653
0.2764
0.2786
0.2809
0.2809
0.2809
97.91
110.1
149.2
164.2
148.3
114.1
116.7
119.0
123.3
128.1
131.3
174.6
191.0
143.1
152.3
174.1
177.2
199.7
238.9
256.8
265.6
274.4
268.8
289.7
303.2
283.6
303.8
281.4
308.8
327.7
338.3
381.6
390.1
397.2
402.1
407.2
411.3
416.7
421.8
427.4
433.3
440.2
447.4
453.8
462.4
470.2
478.8
486.1
493.2
500.1
505.5
512.7
518.4
527.2
537.9
550.9
560.8
572.2
580.1
587.1
593.4
597.5
597.6
600.1
599.9
596.7
585.3
562.2
523.9
449.3
338.3
211.9
147.0
82.77
50.37
34.73
27.59
23.05
19.94
17.04
14.64
12.25
10.16
8.046
4.938
3.085
2.301
1.732
1.066
0.4395
0.1487
0.1382
0.1382
0.1471
0.1825
0.1960
0.2050
0.2184
0.2273
0.2363
0.2630
0.2630
0.2675
0.2853
0.2941
0.3030
0.3164
0.3298
0.3610
0.3611
0.3611
0.3611
0.3611
0.3611
0.3611
0.3611
0.3611
0.3611
0.3611
0.3611
0.3611
0.3611
0.3611
0.3611
0.3611
0.3611
0.3611
0.3611
0.3743
0.3833
0.3834
0.3966
0.4144
0.4146
0.4101
0.3659
0.3478
0.3477
0.3477
0.3477
0.3477
0.3477
0.3477
0.3742
0.4100
0.4367
0.4636
0.4945
0.5169
0.5348
0.5482
0.5615
0.5750
0.5751
0.5751
0.5751
0.5707
0.5573
0.5397
0.3289
0.1883
0.1829
0.1828
0.1872
0.1783
0.1783
0.1783
0.1783
0.1783
0.1783
0.1872
0.1960
0.1962
0.2139
0.2140
0.2184
0.2362
0.2452
0.2630
0.2675
0.2719
97.97
115.1
137.3
153.7
151.8
111.7
109.9
107.8
111.2
117.8
118.0
138.1
167.7
191.1
197.6
206.0
213.1
195.6
201.3
206.8
203.1
230.0
228.0
242.2
263.5
262.2
260.3
280.6
259.7
269.5
281.5
290.0
329.9
338.5
345.8
356.2
368.2
374.5
378.3
382.7
387.1
391.9
401.1
413.0
426.2
438.9
448.1
455.9
462.3
468.3
475.0
481.8
487.9
494.6
502.2
510.7
519.0
528.1
537.0
545.5
551.9
556.9
560.6
561.1
561.0
557.1
548.0
532.5
504.2
456.5
382.0
272.2
162.9
91.47
54.74
37.98
30.10
25.32
21.60
18.30
15.92
13.26
10.91
8.120
5.628
3.794
2.907
2.311
1.692
0.9926
0.6016
0.5573
0.5572
0.5550
0.5505
0.5438
0.5303
0.4970
0.4925
0.4814
0.4747
0.4547
0.4413
0.4302
0.4211
0.4101
0.4034
0.4010
0.3855
0.3745
0.3745
0.3745
0.3745
0.3745
0.3745
0.3745
0.3745
0.3745
0.3745
0.3745
0.3745
0.3745
0.3767
0.3767
0.3767
0.3812
0.3834
0.3834
0.3834
0.3834
0.3834
0.3721
0.3610
0.3543
0.3455
0.3455
0.3478
0.3500
0.3500
0.3545
0.3657
0.3770
0.3992
0.4170
0.4392
0.4639
0.4951
0.5107
0.5284
0.5394
0.5439
0.5417
0.5416
0.5394
0.5327
0.5060
0.4992
0.4917
0.3908
0.2069
0.1872
0.1917
0.1895
0.1918
0.1984
0.1963
0.2029
0.2118
0.2162
0.2162
0.2208
0.2319
0.2430
0.2497
0.2586
0.2653
0.2764
0.2786
0.2809
0.2809
0.2809
101.4
119.1
136.1
137.6
128.4
111.9
110.8
129.7
127.0
119.0
119.9
122.6
123.8
131.5
151.8
160.2
164.8
172.6
172.5
177.5
186.2
202.6
214.6
225.3
236.3
224.9
220.6
229.4
235.0
250.5
256.1
258.1
270.6
279.5
292.3
305.3
310.7
314.6
319.0
322.6
326.3
331.4
336.2
340.5
345.1
350.8
357.2
362.5
369.0
374.8
381.2
387.2
394.3
401.5
410.8
418.5
427.6
435.3
443.9
453.8
461.5
468.0
474.7
480.3
481.6
480.0
473.8
462.2
441.2
412.3
373.0
317.1
251.2
182.7
117.9
62.40
41.69
32.75
26.07
20.90
16.94
14.42
11.58
8.876
5.618
3.586
2.657
2.065
1.538
1.028
0.6737
0.5786
0.5707
0.5596
0.5550
0.5462
0.5350
0.5239
0.5128
0.5083
0.4950
0.4860
0.4771
0.4659
0.4548
0.4459
0.4370
0.4303
0.4214
0.4191
0.4124
0.4124
0.4079
0.4013
0.4012
0.4012
0.3990
0.3946
0.3923
0.3923
0.3923
0.3923
0.3923
0.3923
0.3923
0.3923
0.3923
0.3923
0.3945
0.3990
0.4057
0.4057
0.3946
0.3923
0.3923
0.3901
0.3901
0.3901
0.3923
0.3945
0.3990
0.4079
0.4212
0.4257
0.4368
0.4413
0.4592
0.4725
0.4770
0.4770
0.4770
0.4770
0.4726
0.4704
0.4681
0.4262
0.3136
0.2163
0.1810
0.1783
0.1739
0.1739
0.1739
0.1739
0.1739
0.1739
0.1739
0.1739
0.1827
0.1894
0.1983
0.2006
0.2028
0.2051
0.2139
0.2184
0.2340
0.2429
0.2518
0.2630
0.2719
106.0
116.5
130.6
133.2
126.3
111.8
101.2
91.03
95.49
107.5
122.7
147.8
161.9
166.5
160.1
170.2
170.3
183.7
177.5
187.1
193.4
200.5
192.6
208.1
211.1
218.1
206.8
219.6
224.6
235.4
240.2
260.9
280.8
286.7
291.1
295.5
299.9
304.1
308.6
313.1
318.0
323.3
328.0
332.4
336.8
341.7
346.1
350.5
354.5
359.9
364.4
370.6
377.2
384.2
392.2
399.0
405.3
412.0
418.9
427.5
434.3
441.0
444.2
444.3
439.2
429.6
413.6
391.4
360.2
321.1
280.8
237.3
194.1
151.1
113.4
81.15
54.60
35.08
24.08
18.02
14.78
11.65
9.338
7.155
4.805
3.063
2.227
1.687
1.183
0.6779
0.3675
0.2541
0.2564
0.2653
0.2697
0.2720
0.2764
0.2787
0.2831
0.2831
0.2875
0.2876
0.2920
0.2898
0.2965
0.2988
0.3054
0.3054
0.3098
0.3144
0.3232
0.3255
0.3344
0.3344
0.3389
0.3456
0.3523
0.3611
0.3634
0.3679
0.3769
0.3879
0.3924
0.4012
0.3990
0.3990
0.3990
0.3990
0.3990
0.3990
0.4012
0.4013
0.4058
0.4192
0.4281
0.4348
0.4482
0.4615
0.4726
0.4861
0.4926
0.4971
0.5015
0.5060
0.5060
0.5059
0.4993
0.4993
0.4993
0.5011
0.4649
0.3828
0.2886
0.1939
0.1917
0.1939
0.1939
0.1939
0.1962
0.1962
0.1962
0.2029
0.2073
0.2073
0.2095
0.2118
0.2185
0.2207
0.2296
0.2297
0.2363
0.2408
0.2430
0.2542
0.2608
0.2653
0.2630
0.2630
0.2630
0.2630
0.2653
113.7
115.9
122.1
126.8
121.4
114.1
107.6
104.4
115.2
121.0
116.2
106.4
115.0
116.4
140.7
143.4
140.5
147.5
143.3
148.9
153.3
158.8
163.3
173.9
177.7
174.2
177.6
175.2
184.2
194.9
206.5
216.1
217.1
229.7
238.1
246.9
257.1
261.5
267.9
274.4
281.1
288.4
296.3
304.3
311.8
319.9
327.2
334.5
341.8
348.3
354.3
359.1
364.1
369.3
372.2
374.3
375.1
375.1
373.2
370.9
366.5
359.9
350.4
338.4
322.4
303.9
281.3
256.2
230.1
200.1
166.6
133.1
102.5
75.40
55.02
39.72
28.14
21.27
16.75
13.99
11.85
9.985
8.320
6.446
4.743
3.487
2.782
2.315
1.889
1.487
1.223
1.087
1.057
1.028
0.9989
0.9722
0.9409
0.9118
0.8873
0.8606
0.8338
0.8050
0.7781
0.7558
0.7381
0.7181
0.7023
0.6801
0.6711
0.6577
0.6398
0.6287
0.6197
0.6108
0.6063
0.5930
0.5797
0.5707
0.5640
0.5551
0.5484
0.5439
0.5372
0.5328
0.5261
0.5261
0.5216
0.5216
0.5238
0.5194
0.4994
0.4882
0.4726
0.4703
0.4570
0.4547
0.4503
0.4481
0.4480
0.4480
0.4480
0.4480
0.4480
0.4480
0.4480
0.4480
0.4480
0.4480
0.4480
0.4480
0.4480
0.4525
0.4348
0.4303
0.4258
0.3969
0.3308
0.2634
0.2278
0.2252
0.2251
0.2251
0.2251
0.2251
0.2251
0.2251
0.2251
0.2251
0.2251
0.2251
0.2251
0.2251
0.2251
0.2251
0.2385
0.2363
0.2385
0.2429
0.2496
0.2541
0.2586
120.9
117.4
120.3
136.8
130.3
121.6
105.2
109.4
105.8
105.4
101.9
117.7
123.3
131.1
138.5
143.5
140.5
144.9
137.5
136.9
146.1
151.9
154.1
156.5
159.0
163.7
170.9
167.1
175.4
170.2
179.9
198.0
206.1
229.6
237.3
245.0
252.9
262.0
274.3
287.6
297.9
308.2
315.2
322.0
329.2
337.3
345.4
351.1
354.1
357.5
360.3
361.6
363.0
362.4
360.8
357.5
355.0
350.6
344.3
337.4
329.3
320.2
309.2
297.9
285.0
270.3
249.1
226.6
201.7
174.1
141.5
107.8
79.50
58.27
42.38
31.07
24.17
19.47
16.91
14.99
13.35
11.68
9.570
7.469
5.453
3.952
3.008
2.524
2.092
1.681
1.393
1.242
1.210
1.190
1.168
1.143
1.112
1.090
1.049
1.014
0.9781
0.9289
0.8845
0.8355
0.7909
0.7530
0.7085
0.6754
0.6397
0.6196
0.5993
0.5727
0.5616
0.5550
0.5483
0.5392
0.5238
0.5194
0.5171
0.5037
0.4993
0.4993
0.4993
0.4993
0.5015
0.4949
0.4949
0.4949
0.4948
0.4882
0.4881
0.4769
0.4678
0.4390
0.4233
0.4057
0.4035
0.4035
0.4035
0.4035
0.4102
0.4169
0.4303
0.4481
0.4660
0.4815
0.4949
0.5037
0.5015
0.5015
0.5015
0.5038
0.5015
0.4970
0.4858
0.4746
0.4632
0.4315
0.3477
0.3158
0.2519
0.2519
0.2519
0.2563
0.2541
0.2541
0.2541
0.2542
0.2586
0.2564
0.2630
0.2631
0.2653
0.2675
0.2675
0.2675
0.2675
0.2675
0.2675
0.2675
0.2675
132.5
121.6
135.5
139.3
121.6
125.0
103.8
100.7
103.0
104.4
109.8
110.8
115.4
115.3
118.6
118.9
125.2
127.4
135.2
144.0
150.7
145.7
159.7
164.4
154.4
169.7
155.3
167.0
170.7
169.1
193.1
199.2
216.2
222.6
229.0
235.9
242.4
249.2
255.6
261.6
268.3
274.3
280.7
285.8
290.6
294.8
298.9
302.6
305.4
307.8
309.4
309.8
310.3
308.8
306.7
304.7
301.6
298.0
293.7
288.7
282.7
274.7
265.7
254.7
242.9
227.5
212.1
196.2
178.0
154.4
128.4
97.16
74.36
55.28
39.55
29.07
23.12
19.38
16.89
14.84
12.99
11.07
9.354
6.894
4.230
2.538
1.600
1.133
0.8359
0.5797
0.4003
0.3276
0.3567
0.4035
0.4484
0.4793
0.5083
0.5350
0.5550
0.5729
0.5973
0.6108
0.6374
0.6531
0.6598
0.6620
0.6620
0.6620
0.6597
0.6553
0.6464
0.6419
0.6330
0.6308
0.6241
0.6108
0.6086
0.6063
0.6019
0.5974
0.5952
0.5930
0.5841
0.5840
0.5862
0.5840
0.5818
0.5818
0.5796
0.5773
0.5773
0.5751
0.5662
0.5504
0.5019
0.4792
0.4569
0.4503
0.4503
0.4481
0.4480
0.4548
0.4570
0.4746
0.4926
0.5148
0.5351
0.5594
0.5595
0.5595
0.5595
0.5595
0.5595
0.5595
0.5572
0.5418
0.5368
0.4994
0.4196
0.3705
0.3321
0.2585
0.2586
0.2542
0.2541
0.2519
0.2519
0.2519
0.2475
0.2474
0.2474
0.2474
0.2474
0.2474
0.2474
0.2474
0.2474
0.2474
0.2474
0.2452
0.2452
120.9
118.0
121.3
139.4
126.9
114.1
99.61
99.43
97.85
97.85
90.60
100.4
108.2
113.1
116.3
119.3
115.9
120.3
113.4
112.7
116.4
114.8
116.7
120.5
122.5
124.1
124.6
119.5
123.6
120.2
125.9
135.9
139.8
153.3
158.6
162.6
166.7
172.7
179.0
184.3
190.0
196.1
201.8
206.8
211.4
216.8
222.8
227.9
232.1
235.4
238.5
241.1
242.5
242.3
241.1
239.3
236.7
234.0
229.2
224.7
219.8
215.6
209.9
202.1
193.0
183.2
170.4
157.2
143.4
127.8
109.5
90.67
71.23
55.79
43.64
34.53
26.43
20.86
18.24
16.37
14.81
12.95
10.64
8.215
5.324
3.563
2.692
2.259
1.927
1.650
1.462
1.366
1.355
1.346
1.333
1.320
1.295
1.262
1.224
1.182
1.144
1.097
1.059
1.012
0.9724
0.9255
0.8895
0.8563
0.8272
0.7983
0.7736
0.7581
0.7402
0.7180
0.7067
0.6978
0.6866
0.6799
0.6688
0.6577
0.6509
0.6509
0.6443
0.6376
0.6353
0.6331
0.6264
0.6242
0.6219
0.6197
0.6175
0.6109
0.5998
0.5733
0.5465
0.5129
0.5061
0.5038
0.4972
0.4949
0.4949
0.4949
0.4971
0.5015
0.5170
0.5349
0.5615
0.5684
0.5728
0.5773
0.5795
0.5884
0.5885
0.5885
0.5863
0.5773
0.5573
0.5199
0.4402
0.3974
0.3216
0.3121
0.3121
0.3121
0.3055
0.3032
0.2965
0.2898
0.2876
0.2832
0.2809
0.2786
0.2720
0.2697
0.2697
0.2675
0.2675
0.2675
0.2675
0.2697
0.2742
113.7
113.1
116.7
125.6
121.0
107.3
97.43
97.79
95.36
95.48
93.69
83.17
83.68
84.15
100.6
98.68
96.77
97.69
96.04
96.46
96.16
98.31
98.01
101.7
102.1
98.65
98.96
95.23
98.14
99.66
100.0
103.8
102.6
105.5
108.2
108.4
112.1
112.8
113.4
114.5
115.6
117.1
118.7
120.8
123.4
125.8
128.0
130.5
132.4
134.8
136.4
138.0
139.6
140.5
141.7
142.5
142.7
141.1
138.6
135.4
132.0
127.7
123.0
117.1
111.2
104.1
97.05
88.75
80.59
71.11
58.37
48.46
41.40
35.93
29.95
25.02
20.98
18.19
16.03
14.47
13.50
11.88
10.22
8.286
5.381
3.635
2.433
2.039
1.774
1.549
1.406
1.322
1.313
1.304
1.288
1.275
1.244
1.217
1.174
1.134
1.087
1.043
1.003
0.9585
0.9205
0.8824
0.8469
0.8179
0.7867
0.7755
0.7444
0.7288
0.7176
0.7021
0.6976
0.6865
0.6754
0.6709
0.6665
0.6576
0.6576
0.6576
0.6576
0.6553
0.6531
0.6508
0.6442
0.6464
0.6374
0.6218
0.6084
0.5838
0.5684
0.5684
0.5662
0.5662
0.5707
0.5773
0.5796
0.5862
0.5840
0.5885
0.5862
0.5862
0.5862
0.5862
0.5862
0.5862
0.5795
0.5728
0.5593
0.5458
0.5238
0.5081
0.4990
0.4678
0.4029
0.3610
0.3120
0.3053
0.2964
0.2942
0.2875
0.2853
0.2831
0.2831
0.2831
0.2831
0.2786
0.2764
0.2742
0.2764
0.2720
0.2742
0.2764
0.2742
0.2742
0.2742
0.2742
0.2742
0.2742
106.0
111.9
121.4
123.7
114.7
102.2
87.94
75.03
74.48
80.97
90.33
94.76
104.9
107.5
101.0
103.9
101.0
104.1
97.51
99.57
99.85
99.41
93.74
97.01
95.14
96.07
90.41
92.43
92.05
93.05
93.11
97.66
102.3
102.3
102.4
101.9
101.4
100.6
99.92
99.13
98.49
97.67
97.11
96.46
96.01
95.42
95.08
94.75
94.51
94.43
94.30
93.97
93.85
93.42
92.73
92.26
91.29
90.34
89.14
87.53
86.59
85.17
82.99
80.53
76.86
72.14
67.02
61.66
55.82
50.36
45.90
39.05
32.64
28.16
24.60
21.64
18.68
16.63
14.48
12.58
11.12
9.561
7.908
6.538
4.378
2.166
1.246
0.8989
0.6795
0.5085
0.4038
0.3704
0.3700
0.3788
0.3834
0.3878
0.4034
0.4168
0.4234
0.4301
0.4412
0.4480
0.4503
0.4613
0.4702
0.4770
0.4880
0.4926
0.4993
0.5037
0.5126
0.5193
0.5260
0.5371
0.5460
0.5550
0.5595
0.5639
0.5684
0.5684
0.5728
0.5884
0.5973
0.6018
0.6084
0.6107
0.6108
0.6152
0.6152
0.6174
0.6131
0.6063
0.6063
0.6063
0.6063
0.6107
0.6130
0.6152
0.6218
0.6241
0.6285
0.6352
0.6397
0.6442
0.6442
0.6464
0.6464
0.6442
0.6398
0.6309
0.6043
0.5512
0.4690
0.4080
0.3857
0.3834
0.3790
0.3745
0.3723
0.3656
0.3589
0.3567
0.3522
0.3434
0.3411
0.3344
0.3277
0.3255
0.3232
0.3166
0.3121
0.3054
0.2987
0.2987
0.2987
0.2987
0.2965
0.2965
0.2920
0.2920
0.2898
101.4
109.5
121.7
123.4
116.3
93.56
88.08
97.91
94.02
85.68
81.89
82.90
75.35
77.67
87.13
90.74
88.00
88.15
86.83
86.01
84.82
87.04
89.45
90.88
92.10
86.29
83.49
84.45
84.46
85.66
86.95
85.39
85.20
85.53
85.12
87.89
87.71
86.83
86.03
85.20
84.41
83.78
82.99
82.44
82.30
82.44
82.66
82.40
82.10
81.85
81.57
80.80
79.94
78.80
77.58
76.19
74.20
72.41
71.21
69.78
68.69
67.21
65.94
64.76
63.16
61.03
58.80
56.31
54.08
49.87
43.36
38.22
33.93
29.71
26.32
23.35
20.16
17.63
15.54
13.31
12.14
10.69
9.636
8.064
5.822
4.031
3.085
2.654
2.388
2.168
2.012
1.935
1.910
1.872
1.830
1.790
1.738
1.678
1.620
1.551
1.480
1.417
1.359
1.308
1.246
1.195
1.141
1.094
1.058
1.019
0.9938
0.9583
0.9380
0.9115
0.8870
0.8715
0.8558
0.8402
0.8245
0.8113
0.8023
0.7913
0.7846
0.7801
0.7735
0.7690
0.7645
0.7600
0.7466
0.7265
0.7061
0.6706
0.6441
0.6397
0.6352
0.6264
0.6263
0.6241
0.6241
0.6241
0.6241
0.6196
0.6152
0.6152
0.6129
0.6040
0.5996
0.5996
0.6017
0.5860
0.5660
0.5481
0.5259
0.5081
0.4993
0.4925
0.4563
0.3831
0.3656
0.3566
0.3564
0.3387
0.3298
0.3232
0.3232
0.3141
0.2965
0.2920
0.2897
0.2853
0.2853
0.2853
0.2853
0.2853
0.2853
0.2853
0.2853
0.2831
0.2831
0.2831
0.2831
97.97
105.7
122.0
134.9
133.5
95.35
88.57
81.49
80.56
78.43
75.67
77.10
93.35
100.0
102.6
101.7
101.1
95.08
91.69
90.36
87.22
93.47
90.18
90.55
93.79
92.59
89.87
93.18
84.73
84.71
85.46
85.16
93.39
94.08
95.21
96.52
97.63
97.40
96.81
96.20
95.69
95.52
96.97
97.71
96.75
96.21
95.43
94.61
93.32
92.03
90.29
88.64
86.74
84.94
83.07
81.60
79.91
78.44
77.33
75.92
74.68
73.25
72.08
70.31
68.61
66.62
64.14
61.65
59.06
55.75
52.28
46.55
40.22
35.19
31.14
26.77
23.13
18.82
15.86
14.11
13.05
11.69
10.80
8.638
6.263
4.199
3.260
2.867
2.582
2.357
2.207
2.171
2.138
2.109
2.082
2.044
1.993
1.935
1.869
1.795
1.708
1.614
1.525
1.446
1.363
1.285
1.218
1.153
1.104
1.055
1.017
0.9876
0.9545
0.9298
0.9075
0.8940
0.8761
0.8627
0.8538
0.8427
0.8293
0.8182
0.8092
0.8002
0.7936
0.7869
0.7846
0.7824
0.7802
0.7779
0.7736
0.7690
0.7446
0.7223
0.6534
0.6131
0.6086
0.6041
0.5953
0.5929
0.5929
0.5929
0.5929
0.5929
0.6149
0.6241
0.6353
0.6419
0.6464
0.6442
0.6442
0.6442
0.6442
0.6442
0.6200
0.5954
0.5798
0.5685
0.5397
0.4268
0.3882
0.3812
0.3768
0.3723
0.3678
0.3567
0.3500
0.3456
0.3411
0.3301
0.3233
0.3210
0.3121
0.3032
0.3032
0.3032
0.3009
0.2987
0.2965
0.2920
0.2942
97.91
103.3
124.1
144.1
128.1
95.83
91.60
89.52
87.89
85.71
84.40
92.38
105.4
88.10
75.03
83.74
84.07
85.36
99.86
105.8
98.60
104.5
103.7
101.7
108.2
98.92
101.4
97.16
93.00
98.08
97.50
105.4
105.1
105.4
105.5
105.1
104.7
104.1
103.7
103.1
102.7
102.1
100.8
100.0
99.27
98.63
97.87
96.73
95.36
94.32
92.03
89.34
86.90
84.71
82.85
81.03
79.88
78.70
77.99
77.30
75.63
73.75
72.31
70.79
68.34
65.76
63.44
61.75
58.76
55.73
50.74
45.53
42.88
36.06
30.08
25.91
20.65
16.40
13.67
11.77
10.25
9.483
8.867
6.887
4.388
2.234
1.243
0.8774
0.6997
0.5882
0.5710
0.6063
0.6737
0.7356
0.8122
0.8650
0.9053
0.9407
0.9674
0.9855
1.003
1.017
1.057
1.057
1.057
1.056
1.052
1.034
1.021
1.003
0.9985
0.9852
0.9806
0.9539
0.9228
0.9137
0.9003
0.8781
0.8692
0.8604
0.8470
0.8381
0.8378
0.8114
0.8069
0.8024
0.7980
0.7935
0.7891
0.7891
0.7890
0.7802
0.7800
0.7444
0.7214
0.6641
0.6197
0.6152
0.6152
0.6153
0.6242
0.6287
0.6377
0.6509
0.6732
0.6866
0.6910
0.6911
0.6954
0.6909
0.6820
0.6598
0.6552
0.6374
0.6194
0.5878
0.5528
0.5482
0.5346
0.4859
0.3566
0.3432
0.3388
0.3343
0.3298
0.3165
0.3162
0.2986
0.2942
0.2942
0.2853
0.2853
0.2853
0.2853
0.2853
0.2853
0.2853
0.2853
0.2853
0.2853
0.2853
97.97
105.7
122.0
134.9
133.5
95.35
88.57
81.49
80.56
78.43
75.67
77.10
93.35
100.0
102.6
101.7
101.1
95.08
91.69
90.36
87.22
93.47
90.18
90.55
93.79
92.59
89.87
93.18
84.73
84.71
85.46
85.16
93.39
94.08
95.21
96.52
97.63
97.40
96.81
96.20
95.69
95.52
96.97
97.71
96.75
96.21
95.43
94.61
93.32
92.03
90.29
88.64
86.74
84.94
83.07
81.60
79.91
78.44
77.33
75.92
74.68
73.25
72.08
70.31
68.61
66.62
64.14
61.65
59.06
55.75
52.28
46.55
40.22
35.19
31.14
26.77
23.13
18.82
15.86
14.11
13.05
11.69
10.80
8.638
6.263
4.199
3.260
2.867
2.582
2.357
2.207
2.171
2.138
2.109
2.082
2.044
1.993
1.935
1.869
1.795
1.708
1.614
1.525
1.446
1.363
1.285
1.218
1.153
1.104
1.055
1.017
0.9876
0.9545
0.9298
0.9075
0.8940
0.8761
0.8627
0.8538
0.8427
0.8293
0.8182
0.8092
0.8002
0.7936
0.7869
0.7846
0.7824
0.7802
0.7779
0.7736
0.7690
0.7446
0.7223
0.6534
0.6131
0.6086
0.6041
0.5953
0.5929
0.5929
0.5929
0.5929
0.5929
0.6149
0.6241
0.6353
0.6419
0.6464
0.6442
0.6442
0.6442
0.6442
0.6442
0.6200
0.5954
0.5798
0.5685
0.5397
0.4268
0.3882
0.3812
0.3768
0.3723
0.3678
0.3567
0.3500
0.3456
0.3411
0.3301
0.3233
0.3210
0.3121
0.3032
0.3032
0.3032
0.3009
0.2987
0.2965
0.2920
0.2942
101.4
109.5
121.7
123.4
116.3
93.56
88.08
97.91
94.02
85.68
81.89
82.90
75.35
77.67
87.13
90.74
88.00
88.15
86.83
86.01
84.82
87.04
89.45
90.88
92.10
86.29
83.49
84.45
84.46
85.66
86.95
85.39
85.20
85.53
85.12
87.89
87.71
86.83
86.03
85.20
84.41
83.78
82.99
82.44
82.30
82.44
82.66
82.40
82.10
81.85
81.57
80.80
79.94
78.80
77.58
76.19
74.20
72.41
71.21
69.78
68.69
67.21
65.94
64.76
63.16
61.03
58.80
56.31
54.08
49.87
43.36
38.22
33.93
29.71
26.32
23.35
20.16
17.63
15.54
13.31
12.14
10.69
9.636
8.064
5.822
4.031
3.085
2.654
2.388
2.168
2.012
1.935
1.910
1.872
1.830
1.790
1.738
1.678
1.620
1.551
1.480
1.417
1.359
1.308
1.246
1.195
1.141
1.094
1.058
1.019
0.9938
0.9583
0.9380
0.9115
0.8870
0.8715
0.8558
0.8402
0.8245
0.8113
0.8023
0.7913
0.7846
0.7801
0.7735
0.7690
0.7645
0.7600
0.7466
0.7265
0.7061
0.6706
0.6441
0.6397
0.6352
0.6264
0.6263
0.6241
0.6241
0.6241
0.6241
0.6196
0.6152
0.6152
0.6129
0.6040
0.5996
0.5996
0.6017
0.5860
0.5660
0.5481
0.5259
0.5081
0.4993
0.4925
0.4563
0.3831
0.3656
0.3566
0.3564
0.3387
0.3298
0.3232
0.3232
0.3141
0.2965
0.2920
0.2897
0.2853
0.2853
0.2853
0.2853
0.2853
0.2853
0.2853
0.2853
0.2831
0.2831
0.2831
0.2831
106.0
111.9
121.4
123.7
114.7
102.2
87.94
75.03
74.48
80.97
90.33
94.76
104.9
107.5
101.0
103.9
101.0
104.1
97.51
99.57
99.85
99.41
93.74
97.01
95.14
96.07
90.41
92.43
92.05
93.05
93.11
97.66
102.3
102.3
102.4
101.9
101.4
100.6
99.92
99.13
98.49
97.67
97.11
96.46
96.01
95.42
95.08
94.75
94.51
94.43
94.30
93.97
93.85
93.42
92.73
92.26
91.29
90.34
89.14
87.53
86.59
85.17
82.99
80.53
76.86
72.14
67.02
61.66
55.82
50.36
45.90
39.05
32.64
28.16
24.60
21.64
18.68
16.63
14.48
12.58
11.12
9.561
7.908
6.538
4.378
2.166
1.246
0.8989
0.6795
0.5085
0.4038
0.3704
0.3700
0.3788
0.3834
0.3878
0.4034
0.4168
0.4234
0.4301
0.4412
0.4480
0.4503
0.4613
0.4702
0.4770
0.4880
0.4926
0.4993
0.5037
0.5126
0.5193
0.5260
0.5371
0.5460
0.5550
0.5595
0.5639
0.5684
0.5684
0.5728
0.5884
0.5973
0.6018
0.6084
0.6107
0.6108
0.6152
0.6152
0.6174
0.6131
0.6063
0.6063
0.6063
0.6063
0.6107
0.6130
0.6152
0.6218
0.6241
0.6285
0.6352
0.6397
0.6442
0.6442
0.6464
0.6464
0.6442
0.6398
0.6309
0.6043
0.5512
0.4690
0.4080
0.3857
0.3834
0.3790
0.3745
0.3723
0.3656
0.3589
0.3567
0.3522
0.3434
0.3411
0.3344
0.3277
0.3255
0.3232
0.3166
0.3121
0.3054
0.2987
0.2987
0.2987
0.2987
0.2965
0.2965
0.2920
0.2920
0.2898
113.7
113.1
116.7
125.6
121.0
107.3
97.43
97.79
95.36
95.48
93.69
83.17
83.68
84.15
100.6
98.68
96.77
97.69
96.04
96.46
96.16
98.31
98.01
101.7
102.1
98.65
98.96
95.23
98.14
99.66
100.0
103.8
102.6
105.5
108.2
108.4
112.1
112.8
113.4
114.5
115.6
117.1
118.7
120.8
123.4
125.8
128.0
130.5
132.4
134.8
136.4
138.0
139.6
140.5
141.7
142.5
142.7
141.1
138.6
135.4
132.0
127.7
123.0
117.1
111.2
104.1
97.05
88.75
80.59
71.11
58.37
48.46
41.40
35.93
29.95
25.02
20.98
18.19
16.03
14.47
13.50
11.88
10.22
8.286
5.381
3.635
2.433
2.039
1.774
1.549
1.406
1.322
1.313
1.304
1.288
1.275
1.244
1.217
1.174
1.134
1.087
1.043
1.003
0.9585
0.9205
0.8824
0.8469
0.8179
0.7867
0.7755
0.7444
0.7288
0.7176
0.7021
0.6976
0.6865
0.6754
0.6709
0.6665
0.6576
0.6576
0.6576
0.6576
0.6553
0.6531
0.6508
0.6442
0.6464
0.6374
0.6218
0.6084
0.5838
0.5684
0.5684
0.5662
0.5662
0.5707
0.5773
0.5796
0.5862
0.5840
0.5885
0.5862
0.5862
0.5862
0.5862
0.5862
0.5862
0.5795
0.5728
0.5593
0.5458
0.5238
0.5081
0.4990
0.4678
0.4029
0.3610
0.3120
0.3053
0.2964
0.2942
0.2875
0.2853
0.2831
0.2831
0.2831
0.2831
0.2786
0.2764
0.2742
0.2764
0.2720
0.2742
0.2764
0.2742
0.2742
0.2742
0.2742
0.2742
0.2742
120.9
118.0
121.3
139.4
126.9
114.1
99.61
99.43
97.85
97.85
90.60
100.4
108.2
113.1
116.3
119.3
115.9
120.3
113.4
112.7
116.4
114.8
116.7
120.5
122.5
124.1
124.6
119.5
123.6
120.2
125.9
135.9
139.8
153.3
158.6
162.6
166.7
172.7
179.0
184.3
190.0
196.1
201.8
206.8
211.4
216.8
222.8
227.9
232.1
235.4
238.5
241.1
242.5
242.3
241.1
239.3
236.7
234.0
229.2
224.7
219.8
215.6
209.9
202.1
193.0
183.2
170.4
157.2
143.4
127.8
109.5
90.67
71.23
55.79
43.64
34.53
26.43
20.86
18.24
16.37
14.81
12.95
10.64
8.215
5.324
3.563
2.692
2.259
1.927
1.650
1.462
1.366
1.355
1.346
1.333
1.320
1.295
1.262
1.224
1.182
1.144
1.097
1.059
1.012
0.9724
0.9255
0.8895
0.8563
0.8272
0.7983
0.7736
0.7581
0.7402
0.7180
0.7067
0.6978
0.6866
0.6799
0.6688
0.6577
0.6509
0.6509
0.6443
0.6376
0.6353
0.6331
0.6264
0.6242
0.6219
0.6197
0.6175
0.6109
0.5998
0.5733
0.5465
0.5129
0.5061
0.5038
0.4972
0.4949
0.4949
0.4949
0.4971
0.5015
0.5170
0.5349
0.5615
0.5684
0.5728
0.5773
0.5795
0.5884
0.5885
0.5885
0.5863
0.5773
0.5573
0.5199
0.4402
0.3974
0.3216
0.3121
0.3121
0.3121
0.3055
0.3032
0.2965
0.2898
0.2876
0.2832
0.2809
0.2786
0.2720
0.2697
0.2697
0.2675
0.2675
0.2675
0.2675
0.2697
0.2742
