SALVI
1
0
24
15.00
181
1.00

231102 OCH 5050 350 F2M2 PMMA CTRANSL

231102 OCH 5050 350 F2M2 PMMA CTRANSL.ldt
02 November 2023/TB
760
0
225
320
60
0
0
0
0
93.9
100.0
1.000
0.0
1
1
16 LED
4827.1


40.8
0.171
0.243
0.319
0.389
0.441
0.528
0.579
0.628
0.690
0.730
0.0
15.0
30.0
45.0
60.0
75.0
90.0
105.0
120.0
135.0
150.0
165.0
180.0
195.0
210.0
225.0
240.0
255.0
270.0
285.0
300.0
315.0
330.0
345.0
0.0
1.0
2.0
3.0
4.0
5.0
6.0
7.0
8.0
9.0
10.0
11.0
12.0
13.0
14.0
15.0
16.0
17.0
18.0
19.0
20.0
21.0
22.0
23.0
24.0
25.0
26.0
27.0
28.0
29.0
30.0
31.0
32.0
33.0
34.0
35.0
36.0
37.0
38.0
39.0
40.0
41.0
42.0
43.0
44.0
45.0
46.0
47.0
48.0
49.0
50.0
51.0
52.0
53.0
54.0
55.0
56.0
57.0
58.0
59.0
60.0
61.0
62.0
63.0
64.0
65.0
66.0
67.0
68.0
69.0
70.0
71.0
72.0
73.0
74.0
75.0
76.0
77.0
78.0
79.0
80.0
81.0
82.0
83.0
84.0
85.0
86.0
87.0
88.0
89.0
90.0
91.0
92.0
93.0
94.0
95.0
96.0
97.0
98.0
99.0
100.0
101.0
102.0
103.0
104.0
105.0
106.0
107.0
108.0
109.0
110.0
111.0
112.0
113.0
114.0
115.0
116.0
117.0
118.0
119.0
120.0
121.0
122.0
123.0
124.0
125.0
126.0
127.0
128.0
129.0
130.0
131.0
132.0
133.0
134.0
135.0
136.0
137.0
138.0
139.0
140.0
141.0
142.0
143.0
144.0
145.0
146.0
147.0
148.0
149.0
150.0
151.0
152.0
153.0
154.0
155.0
156.0
157.0
158.0
159.0
160.0
161.0
162.0
163.0
164.0
165.0
166.0
167.0
168.0
169.0
170.0
171.0
172.0
173.0
174.0
175.0
176.0
177.0
178.0
179.0
180.0
150.9
150.8
150.8
150.9
150.8
150.7
150.9
151.3
152.0
153.2
154.3
155.5
156.7
157.7
158.9
160.2
161.6
163.0
164.4
165.9
167.5
169.3
171.2
173.3
175.5
177.9
180.5
183.4
186.6
189.9
193.4
197.1
201.2
205.3
209.5
214.0
218.7
223.4
228.2
233.3
238.3
243.5
248.5
253.5
258.7
263.6
268.4
273.2
277.6
281.8
286.0
289.9
293.6
296.6
299.6
301.9
303.8
305.3
306.3
306.8
306.7
305.8
304.3
301.8
298.8
295.0
290.3
284.9
278.4
271.1
263.0
254.1
244.1
233.7
222.3
210.4
197.7
184.9
171.9
158.8
145.7
133.5
122.0
110.7
100.7
91.35
82.58
74.74
67.49
60.89
54.93
49.58
44.70
40.34
36.52
33.06
30.01
27.34
24.92
22.80
20.95
19.29
17.85
16.55
15.42
14.40
13.42
12.52
11.71
10.99
10.37
9.807
9.316
8.864
8.463
8.100
7.772
7.471
7.197
6.939
6.699
6.473
6.257
6.059
5.867
5.681
5.502
5.321
5.145
4.971
4.802
4.632
4.468
4.298
4.130
3.964
3.794
3.627
3.455
3.287
3.116
2.947
2.784
2.622
2.465
2.307
2.149
1.994
1.840
1.690
1.538
1.391
1.247
1.109
0.9776
0.8511
0.7346
0.6237
0.5160
0.4010
0.3237
0.2995
0.2985
0.2975
0.2964
0.2954
0.2954
0.2954
0.2944
0.2944
0.2944
0.2944
0.2944
0.2944
0.2944
0.2944
0.2944
0.2954
0.2954
0.2954
0.2954
147.6
148.2
148.7
149.3
150.0
150.5
151.4
152.4
153.8
155.5
157.4
159.3
161.2
163.1
165.0
166.9
168.7
170.6
172.3
174.2
176.1
178.2
180.4
182.7
185.2
187.8
190.6
193.7
197.2
200.7
204.5
208.7
212.8
217.2
221.9
226.5
231.4
236.5
241.6
246.9
252.3
257.6
262.9
268.3
273.6
278.6
283.9
288.8
293.7
298.6
303.2
307.5
311.5
315.2
318.8
321.8
324.5
326.4
328.0
328.9
329.1
328.7
327.3
325.3
322.2
318.7
313.9
308.1
301.6
293.9
285.2
275.7
265.2
253.8
241.5
228.4
214.4
200.2
185.4
170.9
156.8
143.5
131.0
119.6
108.2
98.02
88.66
80.17
72.30
65.18
58.79
52.98
47.82
43.18
39.04
35.35
32.11
29.18
26.59
24.30
22.28
20.45
18.85
17.42
16.16
14.98
13.87
12.87
11.98
11.21
10.51
9.889
9.340
8.844
8.398
7.994
7.625
7.292
6.985
6.698
6.433
6.185
5.954
5.734
5.527
5.329
5.136
4.950
4.773
4.599
4.426
4.255
4.087
3.918
3.755
3.591
3.424
3.260
3.095
2.932
2.772
2.622
2.470
2.321
2.175
2.028
1.883
1.740
1.596
1.457
1.321
1.187
1.058
0.9343
0.8173
0.7045
0.6050
0.5043
0.3999
0.2882
0.2811
0.2811
0.2812
0.2852
0.2862
0.2852
0.2872
0.2863
0.2883
0.2893
0.2924
0.2944
0.2975
0.2995
0.3036
0.3046
0.3046
0.3056
0.3097
0.3107
0.3107
148.0
149.1
150.3
151.4
152.4
153.6
154.8
156.3
158.0
159.9
162.4
165.0
167.5
169.9
172.5
174.9
177.3
179.6
181.9
184.0
186.1
188.1
190.1
192.2
194.4
196.7
199.2
201.8
204.5
207.3
210.3
213.4
216.7
220.0
223.5
227.0
230.7
234.3
238.0
241.7
245.3
248.9
252.4
255.9
259.4
262.4
265.4
268.3
270.9
273.4
275.6
277.6
279.3
280.5
281.4
281.7
281.6
281.0
280.2
278.6
276.0
273.2
269.8
265.6
260.8
255.3
249.2
242.5
235.1
226.9
218.3
208.8
199.1
189.0
178.5
167.8
156.8
146.1
135.6
125.4
115.8
106.5
97.90
89.69
82.07
75.06
68.52
62.94
57.37
52.38
47.91
43.86
40.21
36.93
33.97
31.32
28.98
26.88
24.98
23.25
21.71
20.30
19.04
17.89
16.76
15.72
14.76
13.90
13.10
12.37
11.71
11.09
10.53
10.00
9.513
9.056
8.624
8.219
7.838
7.475
7.137
6.812
6.504
6.210
5.920
5.646
5.381
5.127
4.880
4.637
4.405
4.172
3.950
3.729
3.514
3.300
3.096
2.897
2.703
2.513
2.327
2.154
1.995
1.833
1.672
1.524
1.392
1.270
1.142
1.029
0.9140
0.8113
0.7124
0.6222
0.5347
0.4481
0.3500
0.2725
0.2690
0.2679
0.2679
0.2679
0.2679
0.2679
0.2679
0.2679
0.2679
0.2679
0.2679
0.2679
0.2689
0.2719
0.2760
0.2781
0.2852
0.2892
0.2944
0.2944
0.3035
0.3066
0.3097
148.0
149.7
151.3
153.0
154.4
156.0
157.4
159.1
161.0
163.1
165.5
168.1
171.0
174.1
177.1
179.8
182.5
185.0
187.4
189.6
191.7
193.5
195.5
197.3
199.1
201.0
202.9
204.8
206.7
208.8
210.9
213.0
215.0
217.2
219.5
221.6
223.9
226.0
228.0
230.0
231.7
233.4
234.8
236.1
237.2
237.8
238.1
238.2
237.8
237.2
236.2
234.9
233.2
231.2
228.8
226.0
222.7
219.1
215.1
210.7
206.1
201.0
195.5
189.8
183.8
177.6
171.2
164.5
157.6
150.6
143.5
136.3
129.2
122.1
114.9
107.9
101.1
94.49
88.07
82.00
76.24
70.78
65.63
60.80
56.36
52.19
48.41
44.91
41.68
38.74
36.07
33.62
31.42
29.40
27.55
25.89
24.39
23.00
21.75
20.61
19.58
18.59
17.63
16.72
15.86
15.08
14.35
13.67
13.03
12.43
11.86
11.33
10.82
10.35
9.890
9.462
9.050
8.659
8.283
7.928
7.584
7.244
6.925
6.614
6.310
6.014
5.725
5.441
5.165
4.891
4.624
4.366
4.115
3.869
3.633
3.400
3.172
2.951
2.738
2.528
2.321
2.119
1.924
1.735
1.551
1.376
1.206
1.046
0.8910
0.7431
0.5925
0.4475
0.3370
0.2587
0.2496
0.2496
0.2526
0.2516
0.2536
0.2547
0.2577
0.2577
0.2608
0.2618
0.2639
0.2659
0.2689
0.2700
0.2720
0.2781
0.2822
0.2863
0.2954
0.2985
0.3056
0.3097
0.3127
0.3148
0.3188
0.3188
0.3188
148.2
150.4
152.5
154.4
156.2
157.9
159.7
161.7
163.8
166.1
168.6
171.2
173.9
176.5
179.3
182.0
184.7
187.4
190.0
192.3
194.6
196.7
198.7
200.6
202.5
204.3
206.2
208.1
210.0
211.9
213.8
215.7
217.6
219.5
221.2
222.9
224.4
225.9
227.1
228.1
228.8
229.3
229.5
229.0
228.5
227.8
226.5
225.0
223.1
220.7
217.9
215.0
211.6
207.7
203.7
199.2
194.6
189.5
184.4
179.1
173.5
167.8
161.8
155.9
149.8
143.8
137.6
131.5
125.3
119.0
112.9
106.8
100.8
94.98
89.31
83.73
78.33
73.16
68.24
63.72
59.19
55.03
51.13
47.48
44.12
41.02
38.15
35.52
33.12
30.91
28.92
27.09
25.41
23.92
22.55
21.29
20.17
19.14
18.17
17.26
16.43
15.64
14.92
14.26
13.62
13.01
12.43
11.89
11.37
10.89
10.43
9.997
9.585
9.189
8.816
8.455
8.108
7.776
7.459
7.149
6.855
6.571
6.291
6.027
5.773
5.521
5.280
5.041
4.808
4.582
4.358
4.136
3.922
3.707
3.493
3.289
3.085
2.887
2.700
2.508
2.326
2.143
1.971
1.808
1.651
1.511
1.378
1.255
1.132
1.016
0.9055
0.7995
0.7059
0.6114
0.5211
0.4234
0.3293
0.2710
0.2487
0.2445
0.2455
0.2455
0.2455
0.2475
0.2465
0.2465
0.2485
0.2526
0.2546
0.2557
0.2607
0.2679
0.2739
0.2831
0.2872
0.2893
0.2994
0.3056
0.3178
0.3219
0.3219
148.1
150.7
153.0
155.1
157.1
159.0
161.1
163.1
165.4
167.8
170.3
172.8
175.3
177.9
180.5
183.0
185.5
187.8
190.0
192.2
194.2
196.2
198.2
200.0
202.0
203.9
205.8
207.7
209.7
211.8
213.8
215.9
217.9
219.8
221.8
223.4
225.0
226.3
227.4
228.1
228.6
228.7
228.5
227.9
226.8
225.4
223.5
221.2
218.6
215.5
212.2
208.4
204.3
200.0
195.3
190.3
185.2
179.9
174.4
168.8
163.3
157.4
151.5
145.6
139.7
133.7
127.8
121.7
115.7
109.8
103.9
98.09
92.34
86.72
81.24
75.93
70.71
65.82
61.03
56.50
52.21
48.17
44.38
40.82
37.55
34.52
31.80
29.31
27.00
24.95
23.10
21.43
19.94
18.60
17.39
16.31
15.34
14.45
13.65
12.92
12.27
11.67
11.13
10.63
10.18
9.766
9.382
8.997
8.647
8.322
8.013
7.731
7.461
7.213
6.971
6.749
6.537
6.331
6.133
5.944
5.760
5.581
5.410
5.242
5.077
4.915
4.761
4.605
4.454
4.301
4.147
3.996
3.844
3.697
3.545
3.393
3.241
3.090
2.936
2.784
2.636
2.490
2.347
2.203
2.060
1.922
1.782
1.648
1.513
1.383
1.253
1.127
1.005
0.8879
0.7779
0.6739
0.5755
0.4762
0.3631
0.2698
0.2567
0.2567
0.2588
0.2608
0.2649
0.2689
0.2700
0.2731
0.2781
0.2802
0.2852
0.2924
0.2995
0.3026
0.3097
0.3158
0.3219
0.3250
0.3280
0.3280
0.3280
148.3
150.8
153.3
155.4
157.5
159.5
161.5
163.6
166.1
168.5
171.0
173.4
176.0
178.4
181.0
183.5
185.8
188.3
190.5
192.6
194.7
196.5
198.4
200.2
202.1
203.9
205.7
207.3
209.2
210.9
212.7
214.4
216.1
217.8
219.3
220.6
221.7
222.6
223.3
223.6
223.8
223.4
222.7
221.5
220.0
218.3
216.0
213.4
210.4
206.9
203.3
199.3
195.1
190.7
186.0
180.9
175.8
170.5
165.1
159.6
154.0
148.4
142.8
136.9
131.3
125.5
119.9
114.1
108.4
102.7
96.97
91.44
85.85
80.42
75.22
70.03
65.04
60.36
55.69
51.31
47.05
43.12
39.43
35.96
32.81
29.91
27.26
24.90
22.73
20.81
19.12
17.61
16.26
15.06
14.01
13.06
12.24
11.53
10.87
10.31
9.814
9.359
8.971
8.619
8.307
8.031
7.779
7.529
7.298
7.080
6.890
6.705
6.534
6.371
6.216
6.072
5.933
5.799
5.666
5.537
5.410
5.279
5.155
5.038
4.918
4.798
4.676
4.547
4.422
4.296
4.169
4.037
3.905
3.773
3.636
3.500
3.362
3.216
3.073
2.927
2.781
2.639
2.496
2.353
2.210
2.071
1.930
1.790
1.650
1.518
1.379
1.251
1.123
0.9994
0.8835
0.7702
0.6662
0.5657
0.4621
0.3305
0.2660
0.2608
0.2608
0.2608
0.2608
0.2608
0.2608
0.2608
0.2608
0.2628
0.2668
0.2749
0.2851
0.2872
0.2913
0.2954
0.3035
0.3117
0.3178
0.3178
0.3219
148.1
150.7
153.0
155.1
157.1
159.0
161.1
163.1
165.4
167.8
170.3
172.8
175.3
177.9
180.5
183.0
185.5
187.8
190.0
192.2
194.2
196.2
198.2
200.0
202.0
203.9
205.8
207.7
209.7
211.8
213.8
215.9
217.9
219.8
221.8
223.4
225.0
226.3
227.4
228.1
228.6
228.7
228.5
227.9
226.8
225.4
223.5
221.2
218.6
215.5
212.2
208.4
204.3
200.0
195.3
190.3
185.2
179.9
174.4
168.8
163.3
157.4
151.5
145.6
139.7
133.7
127.8
121.7
115.7
109.8
103.9
98.09
92.34
86.72
81.24
75.93
70.71
65.82
61.03
56.50
52.21
48.17
44.38
40.82
37.55
34.52
31.80
29.31
27.00
24.95
23.10
21.43
19.94
18.60
17.39
16.31
15.34
14.45
13.65
12.92
12.27
11.67
11.13
10.63
10.18
9.766
9.382
8.997
8.647
8.322
8.013
7.731
7.461
7.213
6.971
6.749
6.537
6.331
6.133
5.944
5.760
5.581
5.410
5.242
5.077
4.915
4.761
4.605
4.454
4.301
4.147
3.996
3.844
3.697
3.545
3.393
3.241
3.090
2.936
2.784
2.636
2.490
2.347
2.203
2.060
1.922
1.782
1.648
1.513
1.383
1.253
1.127
1.005
0.8879
0.7779
0.6739
0.5755
0.4762
0.3631
0.2698
0.2567
0.2567
0.2588
0.2608
0.2649
0.2689
0.2700
0.2731
0.2781
0.2802
0.2852
0.2924
0.2995
0.3026
0.3097
0.3158
0.3219
0.3250
0.3280
0.3280
0.3280
148.2
150.4
152.5
154.4
156.2
157.9
159.7
161.7
163.8
166.1
168.6
171.2
173.9
176.5
179.3
182.0
184.7
187.4
190.0
192.3
194.6
196.7
198.7
200.6
202.5
204.3
206.2
208.1
210.0
211.9
213.8
215.7
217.6
219.5
221.2
222.9
224.4
225.9
227.1
228.1
228.8
229.3
229.5
229.0
228.5
227.8
226.5
225.0
223.1
220.7
217.9
215.0
211.6
207.7
203.7
199.2
194.6
189.5
184.4
179.1
173.5
167.8
161.8
155.9
149.8
143.8
137.6
131.5
125.3
119.0
112.9
106.8
100.8
94.98
89.31
83.73
78.33
73.16
68.24
63.72
59.19
55.03
51.13
47.48
44.12
41.02
38.15
35.52
33.12
30.91
28.92
27.09
25.41
23.92
22.55
21.29
20.17
19.14
18.17
17.26
16.43
15.64
14.92
14.26
13.62
13.01
12.43
11.89
11.37
10.89
10.43
9.997
9.585
9.189
8.816
8.455
8.108
7.776
7.459
7.149
6.855
6.571
6.291
6.027
5.773
5.521
5.280
5.041
4.808
4.582
4.358
4.136
3.922
3.707
3.493
3.289
3.085
2.887
2.700
2.508
2.326
2.143
1.971
1.808
1.651
1.511
1.378
1.255
1.132
1.016
0.9055
0.7995
0.7059
0.6114
0.5211
0.4234
0.3293
0.2710
0.2487
0.2445
0.2455
0.2455
0.2455
0.2475
0.2465
0.2465
0.2485
0.2526
0.2546
0.2557
0.2607
0.2679
0.2739
0.2831
0.2872
0.2893
0.2994
0.3056
0.3178
0.3219
0.3219
148.0
149.7
151.3
153.0
154.4
156.0
157.4
159.1
161.0
163.1
165.5
168.1
171.0
174.1
177.1
179.8
182.5
185.0
187.4
189.6
191.7
193.5
195.5
197.3
199.1
201.0
202.9
204.8
206.7
208.8
210.9
213.0
215.0
217.2
219.5
221.6
223.9
226.0
228.0
230.0
231.7
233.4
234.8
236.1
237.2
237.8
238.1
238.2
237.8
237.2
236.2
234.9
233.2
231.2
228.8
226.0
222.7
219.1
215.1
210.7
206.1
201.0
195.5
189.8
183.8
177.6
171.2
164.5
157.6
150.6
143.5
136.3
129.2
122.1
114.9
107.9
101.1
94.49
88.07
82.00
76.24
70.78
65.63
60.80
56.36
52.19
48.41
44.91
41.68
38.74
36.07
33.62
31.42
29.40
27.55
25.89
24.39
23.00
21.75
20.61
19.58
18.59
17.63
16.72
15.86
15.08
14.35
13.67
13.03
12.43
11.86
11.33
10.82
10.35
9.890
9.462
9.050
8.659
8.283
7.928
7.584
7.244
6.925
6.614
6.310
6.014
5.725
5.441
5.165
4.891
4.624
4.366
4.115
3.869
3.633
3.400
3.172
2.951
2.738
2.528
2.321
2.119
1.924
1.735
1.551
1.376
1.206
1.046
0.8910
0.7431
0.5925
0.4475
0.3370
0.2587
0.2496
0.2496
0.2526
0.2516
0.2536
0.2547
0.2577
0.2577
0.2608
0.2618
0.2639
0.2659
0.2689
0.2700
0.2720
0.2781
0.2822
0.2863
0.2954
0.2985
0.3056
0.3097
0.3127
0.3148
0.3188
0.3188
0.3188
148.0
149.1
150.3
151.4
152.4
153.6
154.8
156.3
158.0
159.9
162.4
165.0
167.5
169.9
172.5
174.9
177.3
179.6
181.9
184.0
186.1
188.1
190.1
192.2
194.4
196.7
199.2
201.8
204.5
207.3
210.3
213.4
216.7
220.0
223.5
227.0
230.7
234.3
238.0
241.7
245.3
248.9
252.4
255.9
259.4
262.4
265.4
268.3
270.9
273.4
275.6
277.6
279.3
280.5
281.4
281.7
281.6
281.0
280.2
278.6
276.0
273.2
269.8
265.6
260.8
255.3
249.2
242.5
235.1
226.9
218.3
208.8
199.1
189.0
178.5
167.8
156.8
146.1
135.6
125.4
115.8
106.5
97.90
89.69
82.07
75.06
68.52
62.94
57.37
52.38
47.91
43.86
40.21
36.93
33.97
31.32
28.98
26.88
24.98
23.25
21.71
20.30
19.04
17.89
16.76
15.72
14.76
13.90
13.10
12.37
11.71
11.09
10.53
10.00
9.513
9.056
8.624
8.219
7.838
7.475
7.137
6.812
6.504
6.210
5.920
5.646
5.381
5.127
4.880
4.637
4.405
4.172
3.950
3.729
3.514
3.300
3.096
2.897
2.703
2.513
2.327
2.154
1.995
1.833
1.672
1.524
1.392
1.270
1.142
1.029
0.9140
0.8113
0.7124
0.6222
0.5347
0.4481
0.3500
0.2725
0.2690
0.2679
0.2679
0.2679
0.2679
0.2679
0.2679
0.2679
0.2679
0.2679
0.2679
0.2679
0.2689
0.2719
0.2760
0.2781
0.2852
0.2892
0.2944
0.2944
0.3035
0.3066
0.3097
147.6
148.2
148.7
149.3
150.0
150.5
151.4
152.4
153.8
155.5
157.4
159.3
161.2
163.1
165.0
166.9
168.7
170.6
172.3
174.2
176.1
178.2
180.4
182.7
185.2
187.8
190.6
193.7
197.2
200.7
204.5
208.7
212.8
217.2
221.9
226.5
231.4
236.5
241.6
246.9
252.3
257.6
262.9
268.3
273.6
278.6
283.9
288.8
293.7
298.6
303.2
307.5
311.5
315.2
318.8
321.8
324.5
326.4
328.0
328.9
329.1
328.7
327.3
325.3
322.2
318.7
313.9
308.1
301.6
293.9
285.2
275.7
265.2
253.8
241.5
228.4
214.4
200.2
185.4
170.9
156.8
143.5
131.0
119.6
108.2
98.02
88.66
80.17
72.30
65.18
58.79
52.98
47.82
43.18
39.04
35.35
32.11
29.18
26.59
24.30
22.28
20.45
18.85
17.42
16.16
14.98
13.87
12.87
11.98
11.21
10.51
9.889
9.340
8.844
8.398
7.994
7.625
7.292
6.985
6.698
6.433
6.185
5.954
5.734
5.527
5.329
5.136
4.950
4.773
4.599
4.426
4.255
4.087
3.918
3.755
3.591
3.424
3.260
3.095
2.932
2.772
2.622
2.470
2.321
2.175
2.028
1.883
1.740
1.596
1.457
1.321
1.187
1.058
0.9343
0.8173
0.7045
0.6050
0.5043
0.3999
0.2882
0.2811
0.2811
0.2812
0.2852
0.2862
0.2852
0.2872
0.2863
0.2883
0.2893
0.2924
0.2944
0.2975
0.2995
0.3036
0.3046
0.3046
0.3056
0.3097
0.3107
0.3107
150.9
150.8
150.8
150.9
150.8
150.7
150.9
151.3
152.0
153.2
154.3
155.5
156.7
157.7
158.9
160.2
161.6
163.0
164.4
165.9
167.5
169.3
171.2
173.3
175.5
177.9
180.5
183.4
186.6
189.9
193.4
197.1
201.2
205.3
209.5
214.0
218.7
223.4
228.2
233.3
238.3
243.5
248.5
253.5
258.7
263.6
268.4
273.2
277.6
281.8
286.0
289.9
293.6
296.6
299.6
301.9
303.8
305.3
306.3
306.8
306.7
305.8
304.3
301.8
298.8
295.0
290.3
284.9
278.4
271.1
263.0
254.1
244.1
233.7
222.3
210.4
197.7
184.9
171.9
158.8
145.7
133.5
122.0
110.7
100.7
91.35
82.58
74.74
67.49
60.89
54.93
49.58
44.70
40.34
36.52
33.06
30.01
27.34
24.92
22.80
20.95
19.29
17.85
16.55
15.42
14.40
13.42
12.52
11.71
10.99
10.37
9.807
9.316
8.864
8.463
8.100
7.772
7.471
7.197
6.939
6.699
6.473
6.257
6.059
5.867
5.681
5.502
5.321
5.145
4.971
4.802
4.632
4.468
4.298
4.130
3.964
3.794
3.627
3.455
3.287
3.116
2.947
2.784
2.622
2.465
2.307
2.149
1.994
1.840
1.690
1.538
1.391
1.247
1.109
0.9776
0.8511
0.7346
0.6237
0.5160
0.4010
0.3237
0.2995
0.2985
0.2975
0.2964
0.2954
0.2954
0.2954
0.2944
0.2944
0.2944
0.2944
0.2944
0.2944
0.2944
0.2944
0.2944
0.2954
0.2954
0.2954
0.2954
147.6
147.0
146.3
145.5
144.6
143.8
143.2
142.6
142.4
142.7
143.0
143.5
144.1
144.6
145.4
146.2
147.2
148.2
149.2
150.3
151.4
152.7
154.0
155.5
157.2
159.1
161.2
163.4
165.8
168.4
171.2
174.1
177.3
180.5
184.0
187.5
191.1
194.6
198.2
201.8
205.5
209.2
212.7
216.3
219.6
222.9
226.1
229.0
231.5
234.0
236.2
238.2
240.0
241.3
242.4
242.8
243.0
242.8
242.0
240.8
239.0
236.9
234.3
231.0
227.2
222.9
218.3
212.9
207.0
200.5
193.4
185.9
178.1
169.8
161.4
152.6
143.5
134.2
125.0
115.9
106.9
98.42
90.49
82.95
75.99
69.54
63.74
58.37
53.33
48.81
44.67
40.94
37.57
34.47
31.75
29.29
27.04
25.04
23.24
21.60
20.15
18.84
17.65
16.59
15.63
14.73
13.85
13.05
12.32
11.65
11.05
10.50
9.991
9.535
9.113
8.715
8.356
8.015
7.694
7.394
7.121
6.853
6.605
6.371
6.140
5.913
5.690
5.476
5.273
5.073
4.876
4.683
4.492
4.302
4.116
3.930
3.747
3.560
3.378
3.202
3.023
2.857
2.687
2.528
2.368
2.208
2.049
1.895
1.746
1.594
1.446
1.301
1.165
1.033
0.9059
0.7907
0.6808
0.5773
0.4653
0.3508
0.3303
0.3290
0.3240
0.3239
0.3199
0.3158
0.3158
0.3117
0.3117
0.3077
0.3056
0.3036
0.3015
0.3015
0.3015
0.3015
0.3015
0.3015
0.3015
0.3036
0.3097
148.0
146.7
145.4
143.7
142.2
140.7
139.2
137.8
136.7
135.9
135.4
135.3
135.4
135.7
136.0
136.6
137.1
137.8
138.6
139.3
140.1
140.9
141.6
142.4
143.3
144.2
145.2
146.2
147.2
148.5
149.7
151.0
152.5
154.0
155.6
157.3
158.9
160.5
162.1
163.7
165.2
166.7
168.0
169.3
170.5
171.4
172.2
172.8
173.5
173.8
173.8
173.8
173.4
172.8
171.8
170.6
169.2
167.6
165.7
163.6
161.2
158.4
155.5
152.2
148.7
144.9
140.9
136.6
132.1
127.4
122.5
117.4
112.1
106.9
101.5
96.17
90.74
85.44
80.17
75.18
70.27
65.72
61.36
57.21
53.36
49.75
46.39
43.31
40.43
37.81
35.40
33.18
31.15
29.27
27.58
26.01
24.60
23.30
22.10
20.96
19.90
18.93
18.03
17.21
16.39
15.60
14.85
14.14
13.49
12.87
12.30
11.74
11.23
10.74
10.28
9.838
9.417
9.024
8.642
8.275
7.929
7.595
7.273
6.963
6.664
6.374
6.091
5.813
5.547
5.283
5.025
4.772
4.524
4.280
4.038
3.801
3.566
3.340
3.115
2.904
2.697
2.496
2.296
2.108
1.929
1.762
1.615
1.470
1.335
1.200
1.070
0.9484
0.8350
0.7274
0.6305
0.5311
0.4295
0.3249
0.3188
0.3188
0.3188
0.3198
0.3178
0.3158
0.3126
0.3056
0.3056
0.3056
0.3066
0.3046
0.3046
0.3046
0.3046
0.3076
0.3076
0.3107
0.3107
0.3117
0.3117
0.3148
0.3137
148.0
146.1
144.1
141.8
139.6
137.4
135.2
133.2
131.3
129.7
128.5
128.0
127.7
127.7
128.0
128.3
128.5
128.6
128.7
128.7
128.6
128.5
128.3
128.3
128.2
128.0
127.9
127.9
128.0
128.0
128.3
128.4
128.8
129.1
129.5
130.0
130.4
130.9
131.5
132.1
132.5
133.0
133.4
133.6
133.8
133.8
133.8
133.6
133.3
132.8
132.3
131.5
130.6
129.5
128.2
126.8
125.2
123.4
121.5
119.5
117.2
114.8
112.3
109.6
106.9
104.0
100.9
97.91
94.72
91.45
88.08
84.64
81.16
77.63
74.17
70.73
67.25
63.89
60.66
57.46
54.33
51.34
48.48
45.75
43.19
40.77
38.51
36.41
34.45
32.65
30.96
29.38
27.93
26.56
25.31
24.14
23.04
22.03
21.09
20.20
19.38
18.62
17.81
17.01
16.27
15.56
14.88
14.26
13.65
13.08
12.53
12.01
11.51
11.03
10.57
10.13
9.707
9.306
8.909
8.535
8.171
7.816
7.475
7.147
6.823
6.513
6.206
5.907
5.612
5.321
5.038
4.767
4.500
4.242
3.993
3.749
3.512
3.273
3.040
2.816
2.593
2.373
2.160
1.952
1.750
1.555
1.367
1.192
1.027
0.8683
0.7172
0.5593
0.4165
0.3548
0.3374
0.3352
0.3351
0.3351
0.3351
0.3351
0.3341
0.3361
0.3321
0.3311
0.3290
0.3270
0.3270
0.3239
0.3229
0.3239
0.3219
0.3188
0.3168
0.3158
0.3148
0.3148
0.3148
0.3148
0.3148
0.3158
0.3168
148.2
146.0
143.4
140.8
138.0
135.1
132.5
129.8
127.5
125.7
124.0
122.8
121.9
121.0
120.3
119.7
119.1
118.7
118.1
117.5
116.9
116.2
115.6
115.0
114.5
114.1
113.8
113.5
113.3
113.2
113.1
113.3
113.5
113.8
114.1
114.6
115.0
115.4
115.9
116.3
116.7
117.1
117.3
117.5
117.7
117.8
117.9
117.8
117.6
117.4
117.0
116.5
115.9
115.1
114.1
113.0
111.8
110.4
108.9
107.3
105.5
103.5
101.4
99.20
96.87
94.42
91.87
89.19
86.46
83.62
80.71
77.76
74.75
71.67
68.58
65.51
62.37
59.35
56.31
53.36
50.46
47.73
45.07
42.54
40.16
37.91
35.82
33.86
32.02
30.32
28.72
27.25
25.86
24.57
23.40
22.28
21.28
20.34
19.44
18.60
17.78
17.03
16.31
15.63
14.99
14.33
13.70
13.11
12.54
12.00
11.49
11.00
10.53
10.08
9.657
9.246
8.852
8.480
8.114
7.769
7.437
7.120
6.809
6.513
6.227
5.946
5.677
5.415
5.158
4.908
4.665
4.426
4.189
3.959
3.733
3.513
3.293
3.082
2.873
2.678
2.484
2.288
2.097
1.912
1.758
1.616
1.484
1.354
1.231
1.110
0.9921
0.8793
0.7751
0.6784
0.5910
0.5078
0.4238
0.3503
0.3209
0.3198
0.3198
0.3198
0.3198
0.3198
0.3198
0.3198
0.3198
0.3198
0.3198
0.3198
0.3198
0.3198
0.3199
0.3239
0.3249
0.3249
0.3249
0.3260
0.3270
0.3270
0.3270
148.1
145.5
142.7
139.7
136.6
133.5
130.5
127.6
125.0
123.0
121.2
119.6
118.1
116.6
115.2
113.7
112.4
111.1
109.8
108.5
107.3
106.2
105.2
104.3
103.6
103.0
102.5
102.2
102.2
102.3
102.4
102.8
103.3
103.9
104.6
105.3
106.1
107.0
107.7
108.6
109.3
110.1
110.8
111.4
112.0
112.4
112.8
113.1
113.2
113.2
113.1
112.9
112.6
112.1
111.3
110.6
109.6
108.4
107.1
105.6
104.0
102.2
100.2
98.11
95.79
93.39
90.89
88.22
85.45
82.56
79.51
76.41
73.31
70.06
66.80
63.61
60.43
57.18
54.00
50.91
47.87
44.92
42.12
39.42
36.88
34.49
32.28
30.23
28.32
26.58
24.94
23.46
22.09
20.82
19.67
18.62
17.63
16.73
15.90
15.12
14.39
13.73
13.09
12.52
11.98
11.48
10.98
10.50
10.05
9.630
9.246
8.885
8.544
8.227
7.926
7.643
7.372
7.117
6.872
6.633
6.408
6.187
5.982
5.781
5.583
5.386
5.197
5.011
4.836
4.658
4.483
4.308
4.139
3.969
3.804
3.635
3.469
3.301
3.134
2.970
2.808
2.656
2.504
2.357
2.208
2.063
1.918
1.775
1.637
1.498
1.359
1.223
1.095
0.9721
0.8520
0.7437
0.6465
0.5516
0.4624
0.3665
0.3383
0.3342
0.3331
0.3341
0.3311
0.3311
0.3300
0.3300
0.3280
0.3290
0.3260
0.3249
0.3229
0.3219
0.3229
0.3239
0.3239
0.3239
0.3239
0.3270
0.3280
148.3
145.6
142.7
139.6
136.4
133.3
130.1
127.0
124.4
122.4
120.4
118.6
116.8
115.1
113.5
112.0
110.5
109.0
107.3
105.9
104.4
103.3
102.1
101.1
100.2
99.46
98.88
98.45
98.29
98.21
98.36
98.58
98.97
99.47
100.0
100.7
101.4
102.2
103.0
103.8
104.6
105.4
106.1
106.7
107.4
107.9
108.4
108.7
109.0
109.1
109.1
109.0
108.7
108.3
107.7
106.9
106.0
104.9
103.6
102.2
100.6
98.77
96.90
94.81
92.59
90.25
87.70
85.06
82.25
79.36
76.39
73.24
70.12
66.83
63.57
60.22
56.91
53.60
50.35
47.15
44.04
41.11
38.23
35.53
33.00
30.61
28.44
26.43
24.61
22.93
21.42
20.03
18.76
17.60
16.57
15.63
14.79
14.02
13.32
12.70
12.14
11.63
11.16
10.74
10.34
9.989
9.652
9.297
8.971
8.659
8.377
8.109
7.859
7.627
7.402
7.195
6.989
6.798
6.610
6.424
6.245
6.069
5.896
5.730
5.568
5.405
5.245
5.087
4.924
4.769
4.610
4.445
4.292
4.131
3.972
3.812
3.657
3.497
3.329
3.168
3.005
2.846
2.691
2.538
2.385
2.235
2.084
1.933
1.790
1.644
1.497
1.355
1.217
1.080
0.9522
0.8312
0.7221
0.6155
0.5195
0.4278
0.3300
0.3239
0.3239
0.3239
0.3239
0.3239
0.3239
0.3239
0.3239
0.3239
0.3239
0.3239
0.3239
0.3260
0.3280
0.3280
0.3280
0.3280
0.3280
0.3280
0.3280
148.1
145.5
142.7
139.7
136.6
133.5
130.5
127.6
125.0
123.0
121.2
119.6
118.1
116.6
115.2
113.7
112.4
111.1
109.8
108.5
107.3
106.2
105.2
104.3
103.6
103.0
102.5
102.2
102.2
102.3
102.4
102.8
103.3
103.9
104.6
105.3
106.1
107.0
107.7
108.6
109.3
110.1
110.8
111.4
112.0
112.4
112.8
113.1
113.2
113.2
113.1
112.9
112.6
112.1
111.3
110.6
109.6
108.4
107.1
105.6
104.0
102.2
100.2
98.11
95.79
93.39
90.89
88.22
85.45
82.56
79.51
76.41
73.31
70.06
66.80
63.61
60.43
57.18
54.00
50.91
47.87
44.92
42.12
39.42
36.88
34.49
32.28
30.23
28.32
26.58
24.94
23.46
22.09
20.82
19.67
18.62
17.63
16.73
15.90
15.12
14.39
13.73
13.09
12.52
11.98
11.48
10.98
10.50
10.05
9.630
9.246
8.885
8.544
8.227
7.926
7.643
7.372
7.117
6.872
6.633
6.408
6.187
5.982
5.781
5.583
5.386
5.197
5.011
4.836
4.658
4.483
4.308
4.139
3.969
3.804
3.635
3.469
3.301
3.134
2.970
2.808
2.656
2.504
2.357
2.208
2.063
1.918
1.775
1.637
1.498
1.359
1.223
1.095
0.9721
0.8520
0.7437
0.6465
0.5516
0.4624
0.3665
0.3383
0.3342
0.3331
0.3341
0.3311
0.3311
0.3300
0.3300
0.3280
0.3290
0.3260
0.3249
0.3229
0.3219
0.3229
0.3239
0.3239
0.3239
0.3239
0.3270
0.3280
148.2
146.0
143.4
140.8
138.0
135.1
132.5
129.8
127.5
125.7
124.0
122.8
121.9
121.0
120.3
119.7
119.1
118.7
118.1
117.5
116.9
116.2
115.6
115.0
114.5
114.1
113.8
113.5
113.3
113.2
113.1
113.3
113.5
113.8
114.1
114.6
115.0
115.4
115.9
116.3
116.7
117.1
117.3
117.5
117.7
117.8
117.9
117.8
117.6
117.4
117.0
116.5
115.9
115.1
114.1
113.0
111.8
110.4
108.9
107.3
105.5
103.5
101.4
99.20
96.87
94.42
91.87
89.19
86.46
83.62
80.71
77.76
74.75
71.67
68.58
65.51
62.37
59.35
56.31
53.36
50.46
47.73
45.07
42.54
40.16
37.91
35.82
33.86
32.02
30.32
28.72
27.25
25.86
24.57
23.40
22.28
21.28
20.34
19.44
18.60
17.78
17.03
16.31
15.63
14.99
14.33
13.70
13.11
12.54
12.00
11.49
11.00
10.53
10.08
9.657
9.246
8.852
8.480
8.114
7.769
7.437
7.120
6.809
6.513
6.227
5.946
5.677
5.415
5.158
4.908
4.665
4.426
4.189
3.959
3.733
3.513
3.293
3.082
2.873
2.678
2.484
2.288
2.097
1.912
1.758
1.616
1.484
1.354
1.231
1.110
0.9921
0.8793
0.7751
0.6784
0.5910
0.5078
0.4238
0.3503
0.3209
0.3198
0.3198
0.3198
0.3198
0.3198
0.3198
0.3198
0.3198
0.3198
0.3198
0.3198
0.3198
0.3198
0.3199
0.3239
0.3249
0.3249
0.3249
0.3260
0.3270
0.3270
0.3270
148.0
146.1
144.1
141.8
139.6
137.4
135.2
133.2
131.3
129.7
128.5
128.0
127.7
127.7
128.0
128.3
128.5
128.6
128.7
128.7
128.6
128.5
128.3
128.3
128.2
128.0
127.9
127.9
128.0
128.0
128.3
128.4
128.8
129.1
129.5
130.0
130.4
130.9
131.5
132.1
132.5
133.0
133.4
133.6
133.8
133.8
133.8
133.6
133.3
132.8
132.3
131.5
130.6
129.5
128.2
126.8
125.2
123.4
121.5
119.5
117.2
114.8
112.3
109.6
106.9
104.0
100.9
97.91
94.72
91.45
88.08
84.64
81.16
77.63
74.17
70.73
67.25
63.89
60.66
57.46
54.33
51.34
48.48
45.75
43.19
40.77
38.51
36.41
34.45
32.65
30.96
29.38
27.93
26.56
25.31
24.14
23.04
22.03
21.09
20.20
19.38
18.62
17.81
17.01
16.27
15.56
14.88
14.26
13.65
13.08
12.53
12.01
11.51
11.03
10.57
10.13
9.707
9.306
8.909
8.535
8.171
7.816
7.475
7.147
6.823
6.513
6.206
5.907
5.612
5.321
5.038
4.767
4.500
4.242
3.993
3.749
3.512
3.273
3.040
2.816
2.593
2.373
2.160
1.952
1.750
1.555
1.367
1.192
1.027
0.8683
0.7172
0.5593
0.4165
0.3548
0.3374
0.3352
0.3351
0.3351
0.3351
0.3351
0.3341
0.3361
0.3321
0.3311
0.3290
0.3270
0.3270
0.3239
0.3229
0.3239
0.3219
0.3188
0.3168
0.3158
0.3148
0.3148
0.3148
0.3148
0.3148
0.3158
0.3168
148.0
146.7
145.4
143.7
142.2
140.7
139.2
137.8
136.7
135.9
135.4
135.3
135.4
135.7
136.0
136.6
137.1
137.8
138.6
139.3
140.1
140.9
141.6
142.4
143.3
144.2
145.2
146.2
147.2
148.5
149.7
151.0
152.5
154.0
155.6
157.3
158.9
160.5
162.1
163.7
165.2
166.7
168.0
169.3
170.5
171.4
172.2
172.8
173.5
173.8
173.8
173.8
173.4
172.8
171.8
170.6
169.2
167.6
165.7
163.6
161.2
158.4
155.5
152.2
148.7
144.9
140.9
136.6
132.1
127.4
122.5
117.4
112.1
106.9
101.5
96.17
90.74
85.44
80.17
75.18
70.27
65.72
61.36
57.21
53.36
49.75
46.39
43.31
40.43
37.81
35.40
33.18
31.15
29.27
27.58
26.01
24.60
23.30
22.10
20.96
19.90
18.93
18.03
17.21
16.39
15.60
14.85
14.14
13.49
12.87
12.30
11.74
11.23
10.74
10.28
9.838
9.417
9.024
8.642
8.275
7.929
7.595
7.273
6.963
6.664
6.374
6.091
5.813
5.547
5.283
5.025
4.772
4.524
4.280
4.038
3.801
3.566
3.340
3.115
2.904
2.697
2.496
2.296
2.108
1.929
1.762
1.615
1.470
1.335
1.200
1.070
0.9484
0.8350
0.7274
0.6305
0.5311
0.4295
0.3249
0.3188
0.3188
0.3188
0.3198
0.3178
0.3158
0.3126
0.3056
0.3056
0.3056
0.3066
0.3046
0.3046
0.3046
0.3046
0.3076
0.3076
0.3107
0.3107
0.3117
0.3117
0.3148
0.3137
147.6
147.0
146.3
145.5
144.6
143.8
143.2
142.6
142.4
142.7
143.0
143.5
144.1
144.6
145.4
146.2
147.2
148.2
149.2
150.3
151.4
152.7
154.0
155.5
157.2
159.1
161.2
163.4
165.8
168.4
171.2
174.1
177.3
180.5
184.0
187.5
191.1
194.6
198.2
201.8
205.5
209.2
212.7
216.3
219.6
222.9
226.1
229.0
231.5
234.0
236.2
238.2
240.0
241.3
242.4
242.8
243.0
242.8
242.0
240.8
239.0
236.9
234.3
231.0
227.2
222.9
218.3
212.9
207.0
200.5
193.4
185.9
178.1
169.8
161.4
152.6
143.5
134.2
125.0
115.9
106.9
98.42
90.49
82.95
75.99
69.54
63.74
58.37
53.33
48.81
44.67
40.94
37.57
34.47
31.75
29.29
27.04
25.04
23.24
21.60
20.15
18.84
17.65
16.59
15.63
14.73
13.85
13.05
12.32
11.65
11.05
10.50
9.991
9.535
9.113
8.715
8.356
8.015
7.694
7.394
7.121
6.853
6.605
6.371
6.140
5.913
5.690
5.476
5.273
5.073
4.876
4.683
4.492
4.302
4.116
3.930
3.747
3.560
3.378
3.202
3.023
2.857
2.687
2.528
2.368
2.208
2.049
1.895
1.746
1.594
1.446
1.301
1.165
1.033
0.9059
0.7907
0.6808
0.5773
0.4653
0.3508
0.3303
0.3290
0.3240
0.3239
0.3199
0.3158
0.3158
0.3117
0.3117
0.3077
0.3056
0.3036
0.3015
0.3015
0.3015
0.3015
0.3015
0.3015
0.3015
0.3036
0.3097
