SALVI
1
0
24
15.00
181
1.00

231103 OCH Y50 350 F4M2 PMMA TRANSL

231102 OCH Y50 350 F4M2 PMMA TRANSL.ldt
20 November 2023/TB
760
0
225
320
60
0
0
0
0
99.5
100.0
1.000
0.0
1
1
16 LED
6960.2


68.6
0.210
0.296
0.385
0.464
0.522
0.613
0.665
0.715
0.775
0.813
0.0
15.0
30.0
45.0
60.0
75.0
90.0
105.0
120.0
135.0
150.0
165.0
180.0
195.0
210.0
225.0
240.0
255.0
270.0
285.0
300.0
315.0
330.0
345.0
0.0
1.0
2.0
3.0
4.0
5.0
6.0
7.0
8.0
9.0
10.0
11.0
12.0
13.0
14.0
15.0
16.0
17.0
18.0
19.0
20.0
21.0
22.0
23.0
24.0
25.0
26.0
27.0
28.0
29.0
30.0
31.0
32.0
33.0
34.0
35.0
36.0
37.0
38.0
39.0
40.0
41.0
42.0
43.0
44.0
45.0
46.0
47.0
48.0
49.0
50.0
51.0
52.0
53.0
54.0
55.0
56.0
57.0
58.0
59.0
60.0
61.0
62.0
63.0
64.0
65.0
66.0
67.0
68.0
69.0
70.0
71.0
72.0
73.0
74.0
75.0
76.0
77.0
78.0
79.0
80.0
81.0
82.0
83.0
84.0
85.0
86.0
87.0
88.0
89.0
90.0
91.0
92.0
93.0
94.0
95.0
96.0
97.0
98.0
99.0
100.0
101.0
102.0
103.0
104.0
105.0
106.0
107.0
108.0
109.0
110.0
111.0
112.0
113.0
114.0
115.0
116.0
117.0
118.0
119.0
120.0
121.0
122.0
123.0
124.0
125.0
126.0
127.0
128.0
129.0
130.0
131.0
132.0
133.0
134.0
135.0
136.0
137.0
138.0
139.0
140.0
141.0
142.0
143.0
144.0
145.0
146.0
147.0
148.0
149.0
150.0
151.0
152.0
153.0
154.0
155.0
156.0
157.0
158.0
159.0
160.0
161.0
162.0
163.0
164.0
165.0
166.0
167.0
168.0
169.0
170.0
171.0
172.0
173.0
174.0
175.0
176.0
177.0
178.0
179.0
180.0
158.5
163.6
159.1
153.1
150.2
141.4
140.5
135.1
133.9
132.6
139.5
143.4
154.3
168.0
181.2
183.0
183.3
189.3
186.1
204.8
221.1
235.2
241.5
236.2
230.5
228.5
235.5
242.1
253.0
258.7
268.2
278.8
285.7
294.8
297.7
300.0
301.8
302.1
302.5
301.8
301.6
300.4
299.3
297.5
295.7
293.6
290.9
288.4
285.0
281.6
277.9
273.7
269.6
264.5
259.5
254.2
249.1
243.1
236.9
230.7
224.0
217.4
210.5
203.3
195.9
188.5
180.7
172.7
164.8
156.3
148.0
139.4
131.1
122.6
114.0
105.5
96.94
88.85
80.78
72.57
64.53
56.96
49.12
40.86
32.49
24.56
17.40
11.39
6.256
2.821
0.9734
0.4187
0.4395
0.4885
0.5276
0.5631
0.5850
0.6053
0.6232
0.6416
0.6613
0.6818
0.6999
0.7148
0.7297
0.7460
0.7580
0.7651
0.7679
0.7714
0.7721
0.7743
0.7700
0.7693
0.7672
0.7637
0.7580
0.7524
0.7474
0.7439
0.7404
0.7368
0.7340
0.7305
0.7305
0.7312
0.7326
0.7354
0.7382
0.7396
0.7425
0.7418
0.7278
0.7149
0.6573
0.6251
0.5743
0.5609
0.5546
0.5546
0.5560
0.5638
0.5799
0.5970
0.6210
0.6478
0.6739
0.6945
0.7142
0.7275
0.7340
0.7347
0.7354
0.7333
0.7142
0.6931
0.6752
0.6513
0.5520
0.4775
0.4241
0.3412
0.3426
0.3426
0.3433
0.3412
0.3398
0.3391
0.3391
0.3398
0.3398
0.3433
0.3433
0.3461
0.3511
0.3539
0.3589
0.3589
0.3596
0.3610
0.3617
155.9
162.2
162.9
155.3
146.7
143.5
142.3
143.9
142.9
137.0
126.0
131.3
144.0
167.9
187.1
203.0
198.5
198.1
192.4
195.3
209.3
217.7
226.3
220.4
216.6
214.4
216.5
227.1
231.4
237.2
240.2
247.3
259.9
269.2
276.7
280.1
283.2
286.3
288.4
290.6
292.0
294.2
295.7
297.1
297.5
297.9
297.3
296.2
294.4
292.2
289.4
286.5
282.6
278.7
274.4
269.7
264.8
259.3
253.6
247.7
241.3
235.0
228.2
221.2
213.4
205.9
198.0
189.9
181.7
173.1
164.4
155.7
146.7
137.7
128.8
119.5
110.4
101.4
92.57
83.70
75.04
66.61
58.05
49.11
39.86
30.74
22.34
15.06
8.745
4.283
2.016
1.387
1.352
1.338
1.321
1.291
1.257
1.219
1.176
1.131
1.085
1.041
0.9998
0.9561
0.9173
0.8812
0.8489
0.8206
0.7961
0.7762
0.7593
0.7459
0.7325
0.7226
0.7121
0.7050
0.7001
0.6937
0.6888
0.6824
0.6781
0.6761
0.6761
0.6761
0.6761
0.6782
0.6810
0.6817
0.6810
0.6810
0.6788
0.6724
0.6552
0.6212
0.5764
0.5305
0.5249
0.5228
0.5221
0.5235
0.5278
0.5364
0.5511
0.5696
0.5915
0.6149
0.6359
0.6486
0.6556
0.6662
0.6718
0.6718
0.6703
0.6603
0.6449
0.6292
0.6130
0.5943
0.4878
0.3975
0.3250
0.3278
0.3306
0.3320
0.3341
0.3349
0.3363
0.3398
0.3412
0.3434
0.3462
0.3525
0.3561
0.3625
0.3688
0.3737
0.3801
0.3829
0.3843
0.3843
0.3843
159.9
161.5
161.4
160.4
152.0
138.3
130.2
136.5
145.5
152.0
146.6
144.8
147.6
161.6
182.3
196.0
203.0
205.6
203.7
203.7
201.2
205.8
214.8
219.7
225.4
224.2
219.5
213.6
214.9
222.1
234.5
245.5
251.1
256.4
260.4
265.2
270.1
272.5
272.8
273.6
273.9
273.9
274.0
273.3
272.6
271.7
270.3
269.2
267.6
265.6
263.3
260.6
257.9
254.9
251.5
247.7
243.8
239.3
234.6
229.9
224.6
219.3
213.4
207.4
201.3
194.7
187.8
180.7
173.5
165.7
157.9
149.8
141.6
133.3
125.1
116.7
108.1
99.56
91.07
82.53
73.97
65.90
58.05
49.97
41.22
31.85
22.92
15.04
8.632
4.013
1.807
1.250
1.225
1.207
1.183
1.157
1.130
1.105
1.075
1.046
1.015
0.9822
0.9498
0.9180
0.8883
0.8613
0.8344
0.8126
0.7943
0.7786
0.7616
0.7503
0.7404
0.7327
0.7263
0.7171
0.7079
0.6994
0.6903
0.6853
0.6803
0.6761
0.6740
0.6732
0.6732
0.6732
0.6725
0.6725
0.6725
0.6683
0.6542
0.6248
0.6118
0.6048
0.5934
0.5864
0.5814
0.5793
0.5793
0.5835
0.5856
0.5913
0.5990
0.6046
0.6103
0.6033
0.6026
0.6033
0.6026
0.6026
0.5899
0.5766
0.5561
0.5468
0.5461
0.5228
0.4297
0.3359
0.3077
0.3066
0.3066
0.3066
0.3066
0.3066
0.3087
0.3108
0.3165
0.3193
0.3235
0.3236
0.3271
0.3320
0.3411
0.3468
0.3539
0.3588
0.3680
0.3730
0.3814
0.3836
0.3850
163.5
160.3
157.9
158.9
156.2
145.7
132.0
130.3
135.0
145.0
161.1
172.8
175.6
173.5
172.3
179.9
190.5
202.8
207.8
212.0
212.9
214.6
213.4
217.5
220.5
224.6
224.8
228.6
233.0
241.3
247.2
255.3
262.6
267.5
270.3
273.2
275.6
277.7
279.7
281.2
282.6
283.5
284.1
284.7
285.3
285.6
285.0
284.4
283.4
282.1
280.7
278.9
276.5
274.0
270.9
267.5
264.1
259.6
255.2
250.4
245.1
239.6
233.8
227.3
220.7
213.9
206.4
199.1
191.2
183.2
174.9
166.1
157.4
148.3
138.9
129.4
119.7
110.3
100.8
91.62
82.33
73.25
64.55
56.07
47.89
38.49
27.81
17.85
9.874
4.056
1.017
0.3646
0.3781
0.3900
0.4020
0.4119
0.4154
0.4203
0.4203
0.4210
0.4210
0.4210
0.4210
0.4218
0.4225
0.4225
0.4232
0.4246
0.4267
0.4310
0.4338
0.4402
0.4451
0.4501
0.4571
0.4642
0.4698
0.4769
0.4833
0.4911
0.5003
0.5101
0.5207
0.5299
0.5377
0.5440
0.5440
0.5440
0.5440
0.5440
0.5440
0.5447
0.5504
0.5581
0.5674
0.5773
0.5921
0.6049
0.6182
0.6302
0.6423
0.6549
0.6648
0.6711
0.6711
0.6711
0.6653
0.6563
0.6506
0.6503
0.6229
0.5491
0.4150
0.3185
0.2889
0.2897
0.2911
0.2932
0.2946
0.2981
0.2995
0.3017
0.3038
0.3066
0.3095
0.3130
0.3165
0.3208
0.3243
0.3292
0.3335
0.3420
0.3490
0.3561
0.3646
0.3702
0.3801
0.3844
0.3900
0.3949
0.3956
166.0
159.9
154.9
157.9
159.8
151.8
143.4
133.0
124.3
124.4
135.9
156.1
173.2
184.6
195.2
196.6
194.6
194.0
194.8
202.9
213.1
216.2
214.3
209.9
213.6
219.7
229.9
241.8
241.8
235.0
234.4
240.2
248.0
258.6
266.8
271.0
274.3
278.0
280.5
283.0
285.0
286.7
288.1
289.2
290.2
290.5
290.4
290.0
289.6
288.5
287.2
285.1
282.8
280.4
277.0
273.6
269.5
265.0
260.3
255.3
249.7
243.7
237.6
231.1
223.8
216.8
208.8
201.0
192.8
183.9
175.1
165.7
156.3
146.7
137.2
127.9
118.3
108.7
99.05
89.59
80.19
71.07
62.31
53.58
44.30
34.60
24.42
15.78
9.395
4.044
1.411
0.9806
0.9622
0.9475
0.9320
0.9136
0.8938
0.8754
0.8555
0.8346
0.8139
0.7901
0.7688
0.7476
0.7277
0.7086
0.6924
0.6761
0.6649
0.6570
0.6479
0.6415
0.6330
0.6281
0.6259
0.6210
0.6161
0.6118
0.6076
0.6027
0.6012
0.6012
0.6012
0.6026
0.6019
0.6026
0.6047
0.6096
0.6145
0.6139
0.6104
0.5866
0.5703
0.5659
0.5553
0.5496
0.5461
0.5461
0.5461
0.5517
0.5636
0.5722
0.5778
0.5828
0.5898
0.5948
0.6012
0.6103
0.6132
0.6132
0.6083
0.6013
0.5872
0.5759
0.5736
0.5476
0.4604
0.3401
0.2879
0.2868
0.2868
0.2868
0.2889
0.2910
0.2939
0.2953
0.2981
0.3030
0.3086
0.3101
0.3150
0.3235
0.3312
0.3397
0.3475
0.3553
0.3638
0.3709
0.3821
0.3864
0.3942
165.9
162.9
153.4
153.7
157.6
161.5
148.0
137.8
142.6
150.2
155.2
161.7
167.1
174.4
169.5
172.5
180.8
199.7
230.1
236.8
229.1
214.2
215.3
218.3
230.6
243.6
245.3
245.2
253.7
260.7
269.0
282.0
290.7
303.7
311.2
316.4
321.3
326.0
329.1
332.9
335.7
338.2
340.0
341.6
342.2
343.0
343.1
342.6
342.5
340.9
339.2
337.7
334.4
331.6
327.5
323.1
318.4
312.7
306.9
300.4
293.4
285.5
278.0
269.2
260.7
251.7
242.1
232.2
222.0
210.9
200.1
189.2
178.2
167.0
155.9
144.7
133.5
122.7
111.8
101.0
90.51
80.15
69.80
59.19
48.67
37.56
26.75
17.93
10.26
3.826
1.315
1.003
0.9904
0.9777
0.9711
0.9521
0.9310
0.9062
0.8800
0.8540
0.8312
0.8022
0.7783
0.7551
0.7318
0.7119
0.6929
0.6745
0.6591
0.6485
0.6357
0.6265
0.6188
0.6110
0.6040
0.6005
0.5962
0.5913
0.5884
0.5871
0.5871
0.5871
0.5871
0.5871
0.5892
0.5927
0.5969
0.5991
0.6005
0.6005
0.6005
0.6004
0.5827
0.5699
0.5329
0.4874
0.4867
0.4839
0.4832
0.4840
0.4883
0.4996
0.5146
0.5357
0.5585
0.5858
0.6099
0.6295
0.6394
0.6514
0.6649
0.6739
0.6739
0.6717
0.6619
0.6435
0.6336
0.6228
0.5601
0.3538
0.2925
0.2953
0.2974
0.3010
0.3045
0.3080
0.3101
0.3151
0.3201
0.3229
0.3272
0.3356
0.3420
0.3512
0.3603
0.3667
0.3758
0.3830
0.3921
0.3928
0.3928
166.1
163.9
152.6
156.9
164.1
169.5
169.4
151.2
137.5
135.4
154.8
176.7
201.6
187.8
153.4
153.4
172.5
210.5
235.2
248.3
228.4
230.9
239.5
255.9
280.0
279.0
269.5
275.8
284.8
296.9
316.8
325.5
339.1
345.4
349.7
353.7
356.5
359.6
361.7
363.5
364.7
365.9
366.2
366.9
367.1
365.9
365.4
363.4
360.8
358.9
355.8
352.0
348.0
343.4
338.0
332.2
325.9
319.9
312.6
305.1
296.8
288.3
280.2
271.0
261.8
252.0
241.8
231.5
220.6
209.4
198.3
186.7
175.6
164.3
153.0
141.7
130.5
119.5
108.6
97.56
86.90
76.64
65.78
55.10
44.27
34.07
23.88
14.96
7.271
2.764
0.4219
0.2652
0.2993
0.3263
0.3714
0.3969
0.4125
0.4294
0.4448
0.4577
0.4719
0.4872
0.5069
0.5213
0.5367
0.5467
0.5595
0.5707
0.5793
0.5905
0.6004
0.6089
0.6146
0.6188
0.6202
0.6203
0.6203
0.6203
0.6203
0.6203
0.6174
0.6146
0.6104
0.6076
0.6075
0.6075
0.6075
0.6089
0.6131
0.6160
0.6244
0.6259
0.6273
0.6189
0.6033
0.5399
0.5060
0.5003
0.4945
0.4931
0.4931
0.4973
0.5143
0.5366
0.5634
0.5917
0.6216
0.6527
0.6711
0.6824
0.6950
0.7064
0.7177
0.7206
0.7192
0.7052
0.6785
0.6655
0.6528
0.4869
0.2971
0.2953
0.2953
0.2953
0.2953
0.2953
0.3009
0.3164
0.3151
0.3151
0.3151
0.3207
0.3292
0.3390
0.3461
0.3560
0.3631
0.3730
0.3800
0.3885
0.3942
165.9
162.9
153.4
153.7
157.6
161.5
148.0
137.8
142.6
150.2
155.2
161.7
167.1
174.4
169.5
172.5
180.8
199.7
230.1
236.8
229.1
214.2
215.3
218.3
230.6
243.6
245.3
245.2
253.7
260.7
269.0
282.0
290.7
303.7
311.2
316.4
321.3
326.0
329.1
332.9
335.7
338.2
340.0
341.6
342.2
343.0
343.1
342.6
342.5
340.9
339.2
337.7
334.4
331.6
327.5
323.1
318.4
312.7
306.9
300.4
293.4
285.5
278.0
269.2
260.7
251.7
242.1
232.2
222.0
210.9
200.1
189.2
178.2
167.0
155.9
144.7
133.5
122.7
111.8
101.0
90.51
80.15
69.80
59.19
48.67
37.56
26.75
17.93
10.26
3.826
1.315
1.003
0.9904
0.9777
0.9711
0.9521
0.9310
0.9062
0.8800
0.8540
0.8312
0.8022
0.7783
0.7551
0.7318
0.7119
0.6929
0.6745
0.6591
0.6485
0.6357
0.6265
0.6188
0.6110
0.6040
0.6005
0.5962
0.5913
0.5884
0.5871
0.5871
0.5871
0.5871
0.5871
0.5892
0.5927
0.5969
0.5991
0.6005
0.6005
0.6005
0.6004
0.5827
0.5699
0.5329
0.4874
0.4867
0.4839
0.4832
0.4840
0.4883
0.4996
0.5146
0.5357
0.5585
0.5858
0.6099
0.6295
0.6394
0.6514
0.6649
0.6739
0.6739
0.6717
0.6619
0.6435
0.6336
0.6228
0.5601
0.3538
0.2925
0.2953
0.2974
0.3010
0.3045
0.3080
0.3101
0.3151
0.3201
0.3229
0.3272
0.3356
0.3420
0.3512
0.3603
0.3667
0.3758
0.3830
0.3921
0.3928
0.3928
166.0
159.9
154.9
157.9
159.8
151.8
143.4
133.0
124.3
124.4
135.9
156.1
173.2
184.6
195.2
196.6
194.6
194.0
194.8
202.9
213.1
216.2
214.3
209.9
213.6
219.7
229.9
241.8
241.8
235.0
234.4
240.2
248.0
258.6
266.8
271.0
274.3
278.0
280.5
283.0
285.0
286.7
288.1
289.2
290.2
290.5
290.4
290.0
289.6
288.5
287.2
285.1
282.8
280.4
277.0
273.6
269.5
265.0
260.3
255.3
249.7
243.7
237.6
231.1
223.8
216.8
208.8
201.0
192.8
183.9
175.1
165.7
156.3
146.7
137.2
127.9
118.3
108.7
99.05
89.59
80.19
71.07
62.31
53.58
44.30
34.60
24.42
15.78
9.395
4.044
1.411
0.9806
0.9622
0.9475
0.9320
0.9136
0.8938
0.8754
0.8555
0.8346
0.8139
0.7901
0.7688
0.7476
0.7277
0.7086
0.6924
0.6761
0.6649
0.6570
0.6479
0.6415
0.6330
0.6281
0.6259
0.6210
0.6161
0.6118
0.6076
0.6027
0.6012
0.6012
0.6012
0.6026
0.6019
0.6026
0.6047
0.6096
0.6145
0.6139
0.6104
0.5866
0.5703
0.5659
0.5553
0.5496
0.5461
0.5461
0.5461
0.5517
0.5636
0.5722
0.5778
0.5828
0.5898
0.5948
0.6012
0.6103
0.6132
0.6132
0.6083
0.6013
0.5872
0.5759
0.5736
0.5476
0.4604
0.3401
0.2879
0.2868
0.2868
0.2868
0.2889
0.2910
0.2939
0.2953
0.2981
0.3030
0.3086
0.3101
0.3150
0.3235
0.3312
0.3397
0.3475
0.3553
0.3638
0.3709
0.3821
0.3864
0.3942
163.5
160.3
157.9
158.9
156.2
145.7
132.0
130.3
135.0
145.0
161.1
172.8
175.6
173.5
172.3
179.9
190.5
202.8
207.8
212.0
212.9
214.6
213.4
217.5
220.5
224.6
224.8
228.6
233.0
241.3
247.2
255.3
262.6
267.5
270.3
273.2
275.6
277.7
279.7
281.2
282.6
283.5
284.1
284.7
285.3
285.6
285.0
284.4
283.4
282.1
280.7
278.9
276.5
274.0
270.9
267.5
264.1
259.6
255.2
250.4
245.1
239.6
233.8
227.3
220.7
213.9
206.4
199.1
191.2
183.2
174.9
166.1
157.4
148.3
138.9
129.4
119.7
110.3
100.8
91.62
82.33
73.25
64.55
56.07
47.89
38.49
27.81
17.85
9.874
4.056
1.017
0.3646
0.3781
0.3900
0.4020
0.4119
0.4154
0.4203
0.4203
0.4210
0.4210
0.4210
0.4210
0.4218
0.4225
0.4225
0.4232
0.4246
0.4267
0.4310
0.4338
0.4402
0.4451
0.4501
0.4571
0.4642
0.4698
0.4769
0.4833
0.4911
0.5003
0.5101
0.5207
0.5299
0.5377
0.5440
0.5440
0.5440
0.5440
0.5440
0.5440
0.5447
0.5504
0.5581
0.5674
0.5773
0.5921
0.6049
0.6182
0.6302
0.6423
0.6549
0.6648
0.6711
0.6711
0.6711
0.6653
0.6563
0.6506
0.6503
0.6229
0.5491
0.4150
0.3185
0.2889
0.2897
0.2911
0.2932
0.2946
0.2981
0.2995
0.3017
0.3038
0.3066
0.3095
0.3130
0.3165
0.3208
0.3243
0.3292
0.3335
0.3420
0.3490
0.3561
0.3646
0.3702
0.3801
0.3844
0.3900
0.3949
0.3956
159.9
161.5
161.4
160.4
152.0
138.3
130.2
136.5
145.5
152.0
146.6
144.8
147.6
161.6
182.3
196.0
203.0
205.6
203.7
203.7
201.2
205.8
214.8
219.7
225.4
224.2
219.5
213.6
214.9
222.1
234.5
245.5
251.1
256.4
260.4
265.2
270.1
272.5
272.8
273.6
273.9
273.9
274.0
273.3
272.6
271.7
270.3
269.2
267.6
265.6
263.3
260.6
257.9
254.9
251.5
247.7
243.8
239.3
234.6
229.9
224.6
219.3
213.4
207.4
201.3
194.7
187.8
180.7
173.5
165.7
157.9
149.8
141.6
133.3
125.1
116.7
108.1
99.56
91.07
82.53
73.97
65.90
58.05
49.97
41.22
31.85
22.92
15.04
8.632
4.013
1.807
1.250
1.225
1.207
1.183
1.157
1.130
1.105
1.075
1.046
1.015
0.9822
0.9498
0.9180
0.8883
0.8613
0.8344
0.8126
0.7943
0.7786
0.7616
0.7503
0.7404
0.7327
0.7263
0.7171
0.7079
0.6994
0.6903
0.6853
0.6803
0.6761
0.6740
0.6732
0.6732
0.6732
0.6725
0.6725
0.6725
0.6683
0.6542
0.6248
0.6118
0.6048
0.5934
0.5864
0.5814
0.5793
0.5793
0.5835
0.5856
0.5913
0.5990
0.6046
0.6103
0.6033
0.6026
0.6033
0.6026
0.6026
0.5899
0.5766
0.5561
0.5468
0.5461
0.5228
0.4297
0.3359
0.3077
0.3066
0.3066
0.3066
0.3066
0.3066
0.3087
0.3108
0.3165
0.3193
0.3235
0.3236
0.3271
0.3320
0.3411
0.3468
0.3539
0.3588
0.3680
0.3730
0.3814
0.3836
0.3850
155.9
162.2
162.9
155.3
146.7
143.5
142.3
143.9
142.9
137.0
126.0
131.3
144.0
167.9
187.1
203.0
198.5
198.1
192.4
195.3
209.3
217.7
226.3
220.4
216.6
214.4
216.5
227.1
231.4
237.2
240.2
247.3
259.9
269.2
276.7
280.1
283.2
286.3
288.4
290.6
292.0
294.2
295.7
297.1
297.5
297.9
297.3
296.2
294.4
292.2
289.4
286.5
282.6
278.7
274.4
269.7
264.8
259.3
253.6
247.7
241.3
235.0
228.2
221.2
213.4
205.9
198.0
189.9
181.7
173.1
164.4
155.7
146.7
137.7
128.8
119.5
110.4
101.4
92.57
83.70
75.04
66.61
58.05
49.11
39.86
30.74
22.34
15.06
8.745
4.283
2.016
1.387
1.352
1.338
1.321
1.291
1.257
1.219
1.176
1.131
1.085
1.041
0.9998
0.9561
0.9173
0.8812
0.8489
0.8206
0.7961
0.7762
0.7593
0.7459
0.7325
0.7226
0.7121
0.7050
0.7001
0.6937
0.6888
0.6824
0.6781
0.6761
0.6761
0.6761
0.6761
0.6782
0.6810
0.6817
0.6810
0.6810
0.6788
0.6724
0.6552
0.6212
0.5764
0.5305
0.5249
0.5228
0.5221
0.5235
0.5278
0.5364
0.5511
0.5696
0.5915
0.6149
0.6359
0.6486
0.6556
0.6662
0.6718
0.6718
0.6703
0.6603
0.6449
0.6292
0.6130
0.5943
0.4878
0.3975
0.3250
0.3278
0.3306
0.3320
0.3341
0.3349
0.3363
0.3398
0.3412
0.3434
0.3462
0.3525
0.3561
0.3625
0.3688
0.3737
0.3801
0.3829
0.3843
0.3843
0.3843
158.5
163.6
159.1
153.1
150.2
141.4
140.5
135.1
133.9
132.6
139.5
143.4
154.3
168.0
181.2
183.0
183.3
189.3
186.1
204.8
221.1
235.2
241.5
236.2
230.5
228.5
235.5
242.1
253.0
258.7
268.2
278.8
285.7
294.8
297.7
300.0
301.8
302.1
302.5
301.8
301.6
300.4
299.3
297.5
295.7
293.6
290.9
288.4
285.0
281.6
277.9
273.7
269.6
264.5
259.5
254.2
249.1
243.1
236.9
230.7
224.0
217.4
210.5
203.3
195.9
188.5
180.7
172.7
164.8
156.3
148.0
139.4
131.1
122.6
114.0
105.5
96.94
88.85
80.78
72.57
64.53
56.96
49.12
40.86
32.49
24.56
17.40
11.39
6.256
2.821
0.9734
0.4187
0.4395
0.4885
0.5276
0.5631
0.5850
0.6053
0.6232
0.6416
0.6613
0.6818
0.6999
0.7148
0.7297
0.7460
0.7580
0.7651
0.7679
0.7714
0.7721
0.7743
0.7700
0.7693
0.7672
0.7637
0.7580
0.7524
0.7474
0.7439
0.7404
0.7368
0.7340
0.7305
0.7305
0.7312
0.7326
0.7354
0.7382
0.7396
0.7425
0.7418
0.7278
0.7149
0.6573
0.6251
0.5743
0.5609
0.5546
0.5546
0.5560
0.5638
0.5799
0.5970
0.6210
0.6478
0.6739
0.6945
0.7142
0.7275
0.7340
0.7347
0.7354
0.7333
0.7142
0.6931
0.6752
0.6513
0.5520
0.4775
0.4241
0.3412
0.3426
0.3426
0.3433
0.3412
0.3398
0.3391
0.3391
0.3398
0.3398
0.3433
0.3433
0.3461
0.3511
0.3539
0.3589
0.3589
0.3596
0.3610
0.3617
155.9
157.2
159.0
153.1
145.7
139.3
140.3
140.0
137.1
129.7
119.7
124.2
135.7
157.4
174.1
189.7
186.9
184.9
179.1
181.1
192.2
201.0
209.6
204.0
199.3
195.4
197.7
206.5
209.2
214.8
216.7
222.7
232.8
241.0
246.1
248.9
250.7
252.2
253.5
254.4
255.1
255.3
254.8
254.9
253.6
252.4
251.2
249.0
246.8
244.3
240.8
237.6
233.6
229.7
224.9
220.2
215.4
210.1
204.7
199.0
193.0
186.9
181.0
174.5
168.2
161.3
154.8
147.7
140.5
133.5
126.2
119.0
111.7
104.5
97.26
90.11
82.76
75.79
68.81
62.05
55.35
48.88
42.44
35.56
28.86
22.26
16.22
11.00
6.544
3.352
1.787
1.384
1.365
1.352
1.336
1.307
1.275
1.239
1.200
1.160
1.119
1.081
1.042
1.005
0.9703
0.9378
0.9075
0.8812
0.8585
0.8394
0.8217
0.8061
0.7927
0.7814
0.7715
0.7624
0.7567
0.7510
0.7432
0.7376
0.7312
0.7270
0.7255
0.7234
0.7227
0.7227
0.7227
0.7234
0.7269
0.7284
0.7276
0.7186
0.7100
0.6709
0.6361
0.5904
0.5836
0.5772
0.5709
0.5680
0.5687
0.5756
0.5884
0.6082
0.6333
0.6569
0.6760
0.6901
0.7020
0.7078
0.7169
0.7233
0.7276
0.7227
0.7023
0.6840
0.6650
0.6316
0.5227
0.4491
0.3670
0.3652
0.3645
0.3645
0.3645
0.3645
0.3645
0.3645
0.3645
0.3645
0.3645
0.3652
0.3617
0.3610
0.3624
0.3680
0.3730
0.3730
0.3758
0.3801
0.3836
159.9
156.2
156.8
156.6
148.6
134.7
125.4
126.3
132.0
137.0
132.7
129.7
128.9
139.9
158.8
169.8
177.1
179.6
177.8
172.4
170.0
172.8
177.0
181.7
185.3
184.9
180.6
174.2
172.3
177.4
185.6
192.1
195.9
198.5
199.9
201.7
204.4
205.2
204.7
204.0
203.0
201.9
200.0
198.3
196.1
193.8
191.4
188.8
186.0
183.2
180.1
176.7
173.6
170.0
166.4
162.6
158.7
154.6
150.6
146.2
142.0
137.5
133.0
128.4
123.6
118.7
113.9
108.9
103.7
98.64
93.51
88.41
83.20
77.93
72.86
67.74
62.60
57.38
52.26
47.12
42.11
37.23
32.47
27.85
22.78
17.67
12.88
8.766
5.397
2.926
1.657
1.339
1.317
1.299
1.278
1.253
1.222
1.191
1.158
1.121
1.083
1.049
1.008
0.9761
0.9414
0.9097
0.8822
0.8567
0.8370
0.8201
0.8039
0.7911
0.7799
0.7735
0.7685
0.7580
0.7524
0.7446
0.7425
0.7418
0.7418
0.7418
0.7425
0.7439
0.7446
0.7467
0.7481
0.7474
0.7438
0.7380
0.7176
0.6955
0.6689
0.6604
0.6492
0.6443
0.6436
0.6450
0.6485
0.6542
0.6620
0.6712
0.6789
0.6803
0.6817
0.6817
0.6817
0.6817
0.6803
0.6753
0.6638
0.6455
0.6273
0.6111
0.6053
0.5731
0.4953
0.4206
0.3695
0.3695
0.3695
0.3695
0.3695
0.3695
0.3695
0.3695
0.3695
0.3695
0.3695
0.3695
0.3695
0.3695
0.3702
0.3737
0.3780
0.3829
0.3836
0.3843
0.3900
0.3907
0.3900
163.5
156.7
153.5
153.9
148.6
138.3
123.9
116.8
120.6
129.4
142.5
146.3
147.3
144.5
141.6
146.0
154.9
160.4
165.5
166.0
164.2
163.8
164.2
160.0
161.9
162.3
159.7
162.9
165.4
166.5
169.6
173.1
174.8
175.8
176.0
176.0
176.0
175.6
174.9
174.0
172.6
171.2
169.5
167.6
165.8
163.7
161.5
159.3
156.6
154.2
151.5
148.6
145.9
142.7
139.6
136.5
133.1
129.8
126.3
122.8
119.0
115.3
111.6
107.8
103.8
99.87
95.82
91.80
87.72
83.56
79.33
75.04
70.72
66.38
62.08
57.60
53.10
48.58
44.14
39.73
35.33
31.18
27.17
23.24
19.51
15.44
10.90
6.902
3.846
1.600
0.5537
0.4408
0.4514
0.4689
0.4810
0.4909
0.5014
0.5030
0.5058
0.5072
0.5100
0.5121
0.5122
0.5122
0.5122
0.5136
0.5157
0.5178
0.5192
0.5227
0.5284
0.5340
0.5390
0.5460
0.5559
0.5637
0.5694
0.5764
0.5849
0.5933
0.6047
0.6166
0.6272
0.6365
0.6477
0.6527
0.6535
0.6548
0.6549
0.6549
0.6542
0.6514
0.6506
0.6527
0.6591
0.6696
0.6788
0.6915
0.7000
0.7092
0.7183
0.7254
0.7332
0.7389
0.7396
0.7403
0.7340
0.7199
0.7065
0.7037
0.6818
0.5956
0.4668
0.3881
0.3843
0.3836
0.3836
0.3836
0.3836
0.3836
0.3836
0.3843
0.3829
0.3829
0.3829
0.3822
0.3822
0.3815
0.3801
0.3794
0.3794
0.3772
0.3772
0.3758
0.3758
0.3779
0.3801
0.3801
0.3829
0.3871
0.3942
166.0
158.1
151.1
152.1
147.2
140.3
131.1
119.8
109.1
107.0
112.9
126.0
138.3
145.6
152.3
154.7
149.8
146.7
146.3
148.6
152.4
152.7
149.8
147.5
146.8
148.4
153.7
156.0
154.5
150.5
148.0
149.5
151.9
155.1
157.8
158.3
158.6
158.5
158.1
157.3
156.2
154.9
153.3
152.1
150.4
148.6
146.7
144.8
142.7
140.6
138.2
136.1
133.5
130.9
128.2
125.4
122.6
119.8
116.6
113.5
110.4
107.2
103.8
100.5
96.73
93.15
89.36
85.57
81.78
77.92
74.07
70.31
66.38
62.35
58.37
54.29
50.31
46.16
41.89
37.58
33.44
29.56
25.80
22.22
18.79
15.00
11.17
7.731
4.808
2.706
1.765
1.627
1.601
1.578
1.547
1.511
1.473
1.431
1.386
1.339
1.287
1.236
1.185
1.139
1.091
1.046
1.006
0.9725
0.9437
0.9189
0.8962
0.8759
0.8632
0.8519
0.8398
0.8293
0.8173
0.8095
0.8032
0.7976
0.7976
0.7968
0.7926
0.7912
0.7905
0.7891
0.7891
0.7897
0.7841
0.7721
0.7563
0.7168
0.7041
0.6894
0.6766
0.6676
0.6655
0.6662
0.6676
0.6739
0.6754
0.6746
0.6739
0.6739
0.6739
0.6739
0.6739
0.6739
0.6718
0.6619
0.6476
0.6300
0.6054
0.5969
0.5941
0.5910
0.5155
0.4116
0.3857
0.3850
0.3843
0.3836
0.3829
0.3829
0.3829
0.3829
0.3836
0.3822
0.3801
0.3801
0.3801
0.3801
0.3801
0.3830
0.3886
0.3914
0.3914
0.3935
0.3963
0.3963
0.3963
165.9
158.5
147.0
146.1
147.1
144.3
131.9
122.0
124.0
124.5
127.2
128.5
133.7
135.0
129.4
129.4
132.8
148.3
162.7
164.7
155.7
147.1
144.5
143.6
151.1
154.5
152.3
151.2
153.7
153.1
156.9
159.8
162.5
167.1
169.0
170.3
171.2
171.7
171.3
170.5
169.4
168.3
166.9
165.8
164.1
162.5
160.9
159.0
157.2
155.3
153.1
150.8
148.6
145.9
143.3
140.4
137.5
134.3
131.1
127.7
124.0
120.6
116.8
113.1
109.1
105.2
100.9
96.72
92.45
88.09
83.55
79.09
74.44
69.82
65.23
60.54
55.77
51.09
46.50
41.98
37.45
33.07
28.90
24.88
20.68
16.18
11.90
8.052
4.885
2.685
1.818
1.754
1.730
1.712
1.685
1.640
1.592
1.534
1.472
1.405
1.339
1.275
1.213
1.159
1.107
1.061
1.020
0.9835
0.9531
0.9270
0.9044
0.8832
0.8668
0.8506
0.8379
0.8288
0.8195
0.8125
0.8047
0.7976
0.7927
0.7863
0.7835
0.7813
0.7792
0.7792
0.7792
0.7792
0.7792
0.7792
0.7799
0.7785
0.7548
0.7363
0.6391
0.6253
0.6189
0.6084
0.5999
0.5977
0.5976
0.5990
0.6110
0.6313
0.6526
0.6746
0.6970
0.7077
0.7121
0.7184
0.7227
0.7262
0.7255
0.7178
0.6947
0.6684
0.6627
0.6514
0.5706
0.4209
0.4006
0.3998
0.3998
0.3998
0.3991
0.3991
0.3970
0.3956
0.3914
0.3893
0.3857
0.3822
0.3801
0.3794
0.3801
0.3808
0.3808
0.3815
0.3822
0.3843
0.3928
166.1
159.9
147.3
148.1
151.1
153.0
150.4
131.4
118.7
112.4
125.6
140.0
157.4
140.5
118.8
114.6
124.7
148.1
162.9
169.5
154.4
152.7
153.9
163.6
173.5
170.9
163.7
165.1
165.2
170.8
176.9
179.3
184.2
185.9
186.8
187.0
186.8
185.6
183.9
182.7
181.1
179.3
177.3
175.6
173.4
171.3
169.2
167.0
164.4
161.9
159.2
156.3
153.5
150.7
147.6
144.3
141.2
137.7
134.1
130.4
126.6
122.8
119.0
114.9
110.9
106.5
102.4
97.82
93.38
88.79
84.00
79.21
74.39
69.64
64.78
60.00
55.05
50.19
45.39
40.68
35.92
31.48
27.20
23.16
18.78
14.24
10.01
6.388
3.291
1.313
0.5284
0.5315
0.5779
0.6279
0.6899
0.7208
0.7476
0.7701
0.7900
0.8111
0.8351
0.8593
0.8803
0.8916
0.8958
0.9042
0.9042
0.9042
0.9042
0.9042
0.9043
0.9054
0.8844
0.8760
0.8674
0.8590
0.8534
0.8449
0.8392
0.8350
0.8335
0.8209
0.8195
0.8195
0.8195
0.8195
0.8195
0.8195
0.8195
0.8195
0.8195
0.8195
0.8177
0.7841
0.7617
0.6692
0.6329
0.6230
0.6189
0.6203
0.6232
0.6317
0.6444
0.6599
0.6840
0.7109
0.7363
0.7617
0.7728
0.7728
0.7728
0.7728
0.7726
0.7573
0.7399
0.7078
0.6753
0.6654
0.6510
0.5399
0.3928
0.3928
0.3928
0.3928
0.3928
0.3927
0.3857
0.3815
0.3801
0.3787
0.3787
0.3787
0.3787
0.3787
0.3843
0.3843
0.3843
0.3858
0.3942
0.3998
0.3998
165.9
158.5
147.0
146.1
147.1
144.3
131.9
122.0
124.0
124.5
127.2
128.5
133.7
135.0
129.4
129.4
132.8
148.3
162.7
164.7
155.7
147.1
144.5
143.6
151.1
154.5
152.3
151.2
153.7
153.1
156.9
159.8
162.5
167.1
169.0
170.3
171.2
171.7
171.3
170.5
169.4
168.3
166.9
165.8
164.1
162.5
160.9
159.0
157.2
155.3
153.1
150.8
148.6
145.9
143.3
140.4
137.5
134.3
131.1
127.7
124.0
120.6
116.8
113.1
109.1
105.2
100.9
96.72
92.45
88.09
83.55
79.09
74.44
69.82
65.23
60.54
55.77
51.09
46.50
41.98
37.45
33.07
28.90
24.88
20.68
16.18
11.90
8.052
4.885
2.685
1.818
1.754
1.730
1.712
1.685
1.640
1.592
1.534
1.472
1.405
1.339
1.275
1.213
1.159
1.107
1.061
1.020
0.9835
0.9531
0.9270
0.9044
0.8832
0.8668
0.8506
0.8379
0.8288
0.8195
0.8125
0.8047
0.7976
0.7927
0.7863
0.7835
0.7813
0.7792
0.7792
0.7792
0.7792
0.7792
0.7792
0.7799
0.7785
0.7548
0.7363
0.6391
0.6253
0.6189
0.6084
0.5999
0.5977
0.5976
0.5990
0.6110
0.6313
0.6526
0.6746
0.6970
0.7077
0.7121
0.7184
0.7227
0.7262
0.7255
0.7178
0.6947
0.6684
0.6627
0.6514
0.5706
0.4209
0.4006
0.3998
0.3998
0.3998
0.3991
0.3991
0.3970
0.3956
0.3914
0.3893
0.3857
0.3822
0.3801
0.3794
0.3801
0.3808
0.3808
0.3815
0.3822
0.3843
0.3928
166.0
158.1
151.1
152.1
147.2
140.3
131.1
119.8
109.1
107.0
112.9
126.0
138.3
145.6
152.3
154.7
149.8
146.7
146.3
148.6
152.4
152.7
149.8
147.5
146.8
148.4
153.7
156.0
154.5
150.5
148.0
149.5
151.9
155.1
157.8
158.3
158.6
158.5
158.1
157.3
156.2
154.9
153.3
152.1
150.4
148.6
146.7
144.8
142.7
140.6
138.2
136.1
133.5
130.9
128.2
125.4
122.6
119.8
116.6
113.5
110.4
107.2
103.8
100.5
96.73
93.15
89.36
85.57
81.78
77.92
74.07
70.31
66.38
62.35
58.37
54.29
50.31
46.16
41.89
37.58
33.44
29.56
25.80
22.22
18.79
15.00
11.17
7.731
4.808
2.706
1.765
1.627
1.601
1.578
1.547
1.511
1.473
1.431
1.386
1.339
1.287
1.236
1.185
1.139
1.091
1.046
1.006
0.9725
0.9437
0.9189
0.8962
0.8759
0.8632
0.8519
0.8398
0.8293
0.8173
0.8095
0.8032
0.7976
0.7976
0.7968
0.7926
0.7912
0.7905
0.7891
0.7891
0.7897
0.7841
0.7721
0.7563
0.7168
0.7041
0.6894
0.6766
0.6676
0.6655
0.6662
0.6676
0.6739
0.6754
0.6746
0.6739
0.6739
0.6739
0.6739
0.6739
0.6739
0.6718
0.6619
0.6476
0.6300
0.6054
0.5969
0.5941
0.5910
0.5155
0.4116
0.3857
0.3850
0.3843
0.3836
0.3829
0.3829
0.3829
0.3829
0.3836
0.3822
0.3801
0.3801
0.3801
0.3801
0.3801
0.3830
0.3886
0.3914
0.3914
0.3935
0.3963
0.3963
0.3963
163.5
156.7
153.5
153.9
148.6
138.3
123.9
116.8
120.6
129.4
142.5
146.3
147.3
144.5
141.6
146.0
154.9
160.4
165.5
166.0
164.2
163.8
164.2
160.0
161.9
162.3
159.7
162.9
165.4
166.5
169.6
173.1
174.8
175.8
176.0
176.0
176.0
175.6
174.9
174.0
172.6
171.2
169.5
167.6
165.8
163.7
161.5
159.3
156.6
154.2
151.5
148.6
145.9
142.7
139.6
136.5
133.1
129.8
126.3
122.8
119.0
115.3
111.6
107.8
103.8
99.87
95.82
91.80
87.72
83.56
79.33
75.04
70.72
66.38
62.08
57.60
53.10
48.58
44.14
39.73
35.33
31.18
27.17
23.24
19.51
15.44
10.90
6.902
3.846
1.600
0.5537
0.4408
0.4514
0.4689
0.4810
0.4909
0.5014
0.5030
0.5058
0.5072
0.5100
0.5121
0.5122
0.5122
0.5122
0.5136
0.5157
0.5178
0.5192
0.5227
0.5284
0.5340
0.5390
0.5460
0.5559
0.5637
0.5694
0.5764
0.5849
0.5933
0.6047
0.6166
0.6272
0.6365
0.6477
0.6527
0.6535
0.6548
0.6549
0.6549
0.6542
0.6514
0.6506
0.6527
0.6591
0.6696
0.6788
0.6915
0.7000
0.7092
0.7183
0.7254
0.7332
0.7389
0.7396
0.7403
0.7340
0.7199
0.7065
0.7037
0.6818
0.5956
0.4668
0.3881
0.3843
0.3836
0.3836
0.3836
0.3836
0.3836
0.3836
0.3843
0.3829
0.3829
0.3829
0.3822
0.3822
0.3815
0.3801
0.3794
0.3794
0.3772
0.3772
0.3758
0.3758
0.3779
0.3801
0.3801
0.3829
0.3871
0.3942
159.9
156.2
156.8
156.6
148.6
134.7
125.4
126.3
132.0
137.0
132.7
129.7
128.9
139.9
158.8
169.8
177.1
179.6
177.8
172.4
170.0
172.8
177.0
181.7
185.3
184.9
180.6
174.2
172.3
177.4
185.6
192.1
195.9
198.5
199.9
201.7
204.4
205.2
204.7
204.0
203.0
201.9
200.0
198.3
196.1
193.8
191.4
188.8
186.0
183.2
180.1
176.7
173.6
170.0
166.4
162.6
158.7
154.6
150.6
146.2
142.0
137.5
133.0
128.4
123.6
118.7
113.9
108.9
103.7
98.64
93.51
88.41
83.20
77.93
72.86
67.74
62.60
57.38
52.26
47.12
42.11
37.23
32.47
27.85
22.78
17.67
12.88
8.766
5.397
2.926
1.657
1.339
1.317
1.299
1.278
1.253
1.222
1.191
1.158
1.121
1.083
1.049
1.008
0.9761
0.9414
0.9097
0.8822
0.8567
0.8370
0.8201
0.8039
0.7911
0.7799
0.7735
0.7685
0.7580
0.7524
0.7446
0.7425
0.7418
0.7418
0.7418
0.7425
0.7439
0.7446
0.7467
0.7481
0.7474
0.7438
0.7380
0.7176
0.6955
0.6689
0.6604
0.6492
0.6443
0.6436
0.6450
0.6485
0.6542
0.6620
0.6712
0.6789
0.6803
0.6817
0.6817
0.6817
0.6817
0.6803
0.6753
0.6638
0.6455
0.6273
0.6111
0.6053
0.5731
0.4953
0.4206
0.3695
0.3695
0.3695
0.3695
0.3695
0.3695
0.3695
0.3695
0.3695
0.3695
0.3695
0.3695
0.3695
0.3695
0.3702
0.3737
0.3780
0.3829
0.3836
0.3843
0.3900
0.3907
0.3900
155.9
157.2
159.0
153.1
145.7
139.3
140.3
140.0
137.1
129.7
119.7
124.2
135.7
157.4
174.1
189.7
186.9
184.9
179.1
181.1
192.2
201.0
209.6
204.0
199.3
195.4
197.7
206.5
209.2
214.8
216.7
222.7
232.8
241.0
246.1
248.9
250.7
252.2
253.5
254.4
255.1
255.3
254.8
254.9
253.6
252.4
251.2
249.0
246.8
244.3
240.8
237.6
233.6
229.7
224.9
220.2
215.4
210.1
204.7
199.0
193.0
186.9
181.0
174.5
168.2
161.3
154.8
147.7
140.5
133.5
126.2
119.0
111.7
104.5
97.26
90.11
82.76
75.79
68.81
62.05
55.35
48.88
42.44
35.56
28.86
22.26
16.22
11.00
6.544
3.352
1.787
1.384
1.365
1.352
1.336
1.307
1.275
1.239
1.200
1.160
1.119
1.081
1.042
1.005
0.9703
0.9378
0.9075
0.8812
0.8585
0.8394
0.8217
0.8061
0.7927
0.7814
0.7715
0.7624
0.7567
0.7510
0.7432
0.7376
0.7312
0.7270
0.7255
0.7234
0.7227
0.7227
0.7227
0.7234
0.7269
0.7284
0.7276
0.7186
0.7100
0.6709
0.6361
0.5904
0.5836
0.5772
0.5709
0.5680
0.5687
0.5756
0.5884
0.6082
0.6333
0.6569
0.6760
0.6901
0.7020
0.7078
0.7169
0.7233
0.7276
0.7227
0.7023
0.6840
0.6650
0.6316
0.5227
0.4491
0.3670
0.3652
0.3645
0.3645
0.3645
0.3645
0.3645
0.3645
0.3645
0.3645
0.3645
0.3652
0.3617
0.3610
0.3624
0.3680
0.3730
0.3730
0.3758
0.3801
0.3836
