SALVI
1
0
24
15.00
181
1.00

231101 OCH Z5M4 350 F5T1 VDR

231101 OCH Z5M4 350 F5T1 VDR.ldt
02 November 2023/TB
760
0
225
320
60
0
0
0
0
99.6
100.0
1.000
0.0
1
1
16 LED
2206.5


18.7
0.107
0.194
0.293
0.385
0.454
0.570
0.639
0.702
0.778
0.825
0.0
15.0
30.0
45.0
60.0
75.0
90.0
105.0
120.0
135.0
150.0
165.0
180.0
195.0
210.0
225.0
240.0
255.0
270.0
285.0
300.0
315.0
330.0
345.0
0.0
1.0
2.0
3.0
4.0
5.0
6.0
7.0
8.0
9.0
10.0
11.0
12.0
13.0
14.0
15.0
16.0
17.0
18.0
19.0
20.0
21.0
22.0
23.0
24.0
25.0
26.0
27.0
28.0
29.0
30.0
31.0
32.0
33.0
34.0
35.0
36.0
37.0
38.0
39.0
40.0
41.0
42.0
43.0
44.0
45.0
46.0
47.0
48.0
49.0
50.0
51.0
52.0
53.0
54.0
55.0
56.0
57.0
58.0
59.0
60.0
61.0
62.0
63.0
64.0
65.0
66.0
67.0
68.0
69.0
70.0
71.0
72.0
73.0
74.0
75.0
76.0
77.0
78.0
79.0
80.0
81.0
82.0
83.0
84.0
85.0
86.0
87.0
88.0
89.0
90.0
91.0
92.0
93.0
94.0
95.0
96.0
97.0
98.0
99.0
100.0
101.0
102.0
103.0
104.0
105.0
106.0
107.0
108.0
109.0
110.0
111.0
112.0
113.0
114.0
115.0
116.0
117.0
118.0
119.0
120.0
121.0
122.0
123.0
124.0
125.0
126.0
127.0
128.0
129.0
130.0
131.0
132.0
133.0
134.0
135.0
136.0
137.0
138.0
139.0
140.0
141.0
142.0
143.0
144.0
145.0
146.0
147.0
148.0
149.0
150.0
151.0
152.0
153.0
154.0
155.0
156.0
157.0
158.0
159.0
160.0
161.0
162.0
163.0
164.0
165.0
166.0
167.0
168.0
169.0
170.0
171.0
172.0
173.0
174.0
175.0
176.0
177.0
178.0
179.0
180.0
109.9
101.6
113.4
113.2
96.98
102.2
86.04
85.05
85.16
87.16
85.92
89.81
88.99
91.25
95.09
95.58
96.72
102.2
103.3
107.0
114.7
109.2
119.8
122.9
116.3
126.1
118.0
122.3
128.5
126.1
141.9
146.1
156.7
162.2
167.4
172.9
178.9
185.5
192.7
200.7
209.9
220.3
231.0
239.8
248.1
256.0
264.5
272.4
280.3
288.9
297.2
306.4
314.7
323.3
330.8
339.3
348.3
356.5
365.3
372.1
378.1
383.5
388.1
391.2
390.8
384.8
365.0
338.9
297.0
251.2
204.3
151.9
103.1
62.93
36.31
24.06
17.93
14.32
11.52
9.385
7.487
5.983
4.748
3.622
2.619
1.771
1.076
0.5823
0.3924
0.3275
0.3589
0.4079
0.4503
0.4992
0.5395
0.5816
0.6107
0.6375
0.6617
0.6753
0.6863
0.6886
0.6930
0.6996
0.6975
0.6953
0.6953
0.6907
0.6840
0.6773
0.6684
0.6529
0.6373
0.6196
0.6084
0.6038
0.5882
0.5727
0.5660
0.5594
0.5526
0.5416
0.5371
0.5370
0.5304
0.5259
0.5259
0.5259
0.5192
0.5103
0.5080
0.5058
0.5014
0.4879
0.4503
0.4391
0.4234
0.4190
0.4190
0.4234
0.4234
0.4257
0.4301
0.4412
0.4568
0.4725
0.4924
0.4924
0.4925
0.4925
0.4925
0.4924
0.4902
0.4902
0.4836
0.4702
0.4432
0.4234
0.3597
0.3186
0.2871
0.2206
0.2117
0.2095
0.2095
0.2072
0.2027
0.1961
0.1850
0.1850
0.1850
0.1850
0.1850
0.1850
0.1850
0.1850
0.1850
0.1850
0.1850
0.1850
0.1827
103.0
96.68
100.7
110.2
102.6
100.6
87.30
86.53
83.53
81.31
79.49
87.38
88.86
98.09
104.8
105.6
105.7
103.8
98.39
97.42
100.1
100.1
101.9
104.7
104.9
108.3
111.2
111.4
113.8
111.7
117.1
125.8
134.6
142.0
147.9
155.3
160.7
166.8
173.6
181.2
192.3
203.4
215.3
227.3
238.3
247.1
256.0
265.7
277.5
289.3
298.3
308.3
318.0
327.0
335.0
343.5
351.9
363.3
372.3
380.2
386.6
392.1
397.0
399.4
402.8
400.4
390.4
368.5
334.9
289.7
243.0
194.3
142.2
92.55
55.93
33.29
22.43
17.06
13.68
11.57
9.732
7.989
6.476
5.289
4.213
3.225
2.487
2.005
1.728
1.604
1.557
1.533
1.515
1.495
1.475
1.453
1.422
1.386
1.345
1.285
1.229
1.167
1.102
1.033
0.9623
0.9020
0.8373
0.7842
0.7372
0.6973
0.6659
0.6327
0.6127
0.5947
0.5704
0.5638
0.5481
0.5347
0.5258
0.5147
0.5035
0.4968
0.4902
0.4879
0.4791
0.4769
0.4769
0.4746
0.4724
0.4701
0.4634
0.4500
0.4430
0.4189
0.4122
0.4056
0.4056
0.4056
0.4078
0.4123
0.4167
0.4258
0.4368
0.4435
0.4591
0.4657
0.4657
0.4658
0.4679
0.4613
0.4612
0.4523
0.4434
0.4345
0.4188
0.4054
0.3918
0.3627
0.2962
0.2556
0.2006
0.2005
0.1983
0.1939
0.1938
0.1849
0.1827
0.1805
0.1805
0.1805
0.1805
0.1805
0.1805
0.1850
0.1850
0.1850
0.1850
0.1850
0.1850
0.1849
0.1850
95.96
96.71
105.3
103.2
98.68
89.21
84.43
80.31
89.44
90.98
85.12
82.16
81.02
84.46
91.07
93.51
92.96
93.58
91.38
93.57
95.25
95.71
94.23
98.14
102.4
100.6
99.88
98.92
101.6
104.8
113.6
121.4
121.8
128.5
132.3
136.8
147.4
153.4
157.7
162.3
168.3
175.4
182.5
190.5
198.6
206.6
214.7
223.5
232.5
241.5
250.5
259.7
269.4
278.8
288.1
297.3
307.3
317.0
325.5
332.1
337.0
341.3
343.6
345.6
348.4
350.1
349.9
344.5
330.1
299.3
259.1
214.1
168.5
121.5
82.56
50.26
30.47
19.81
14.32
11.44
9.308
7.516
5.872
4.639
3.666
2.832
2.194
1.836
1.624
1.523
1.487
1.464
1.438
1.411
1.386
1.355
1.317
1.277
1.235
1.188
1.137
1.090
1.037
0.9944
0.9520
0.9052
0.8669
0.8382
0.8070
0.7757
0.7468
0.7244
0.7065
0.6910
0.6711
0.6575
0.6376
0.6195
0.6063
0.5929
0.5817
0.5728
0.5639
0.5527
0.5460
0.5437
0.5349
0.5260
0.5215
0.5126
0.4948
0.4792
0.4658
0.4569
0.4568
0.4480
0.4435
0.4412
0.4412
0.4412
0.4412
0.4412
0.4412
0.4412
0.4412
0.4412
0.4412
0.4412
0.4412
0.4412
0.4368
0.4301
0.4146
0.4034
0.3945
0.3680
0.3239
0.2679
0.2366
0.2274
0.2251
0.2251
0.2185
0.2184
0.2117
0.2095
0.2028
0.2028
0.2006
0.2006
0.1961
0.1939
0.1961
0.1916
0.1916
0.1894
0.1894
0.1894
0.1894
0.1894
0.1894
87.66
96.83
109.0
105.7
100.7
83.59
81.33
68.91
72.27
80.05
85.63
92.77
104.5
102.4
98.90
100.4
99.88
102.9
100.8
101.0
104.2
104.4
101.6
104.4
105.8
107.1
103.1
106.7
110.3
114.6
119.0
128.1
139.0
143.1
146.9
151.2
155.9
160.9
166.4
172.6
179.0
186.0
193.6
201.4
210.0
219.0
227.7
237.6
247.2
256.5
265.3
273.8
281.7
290.3
298.5
306.3
313.2
319.4
323.4
328.0
331.8
335.4
339.4
342.3
343.8
338.7
327.6
309.9
283.0
250.7
213.8
170.2
125.7
83.39
48.90
28.05
18.15
13.93
11.48
9.737
8.031
6.121
4.589
3.405
2.417
1.557
0.9568
0.5814
0.3936
0.3432
0.3477
0.3522
0.3633
0.3766
0.3878
0.3923
0.4011
0.4012
0.4100
0.4123
0.4168
0.4278
0.4279
0.4368
0.4390
0.4434
0.4435
0.4479
0.4457
0.4457
0.4457
0.4457
0.4524
0.4546
0.4546
0.4568
0.4590
0.4591
0.4613
0.4613
0.4613
0.4613
0.4613
0.4590
0.4523
0.4479
0.4457
0.4457
0.4457
0.4457
0.4457
0.4457
0.4457
0.4457
0.4524
0.4547
0.4635
0.4702
0.4769
0.4769
0.4813
0.4836
0.4835
0.4813
0.4791
0.4745
0.4612
0.4501
0.4345
0.4297
0.4052
0.3561
0.2829
0.2228
0.2095
0.2094
0.2072
0.2028
0.2005
0.1983
0.1916
0.1872
0.1872
0.1894
0.1850
0.1850
0.1872
0.1894
0.1872
0.1872
0.1872
0.1872
0.1872
0.1872
0.1872
0.1872
0.1894
0.1894
0.1894
0.1894
0.1894
86.39
99.90
110.7
110.9
100.1
86.11
87.80
92.95
89.85
83.62
78.60
76.32
78.23
83.29
89.10
92.17
91.65
92.87
90.14
90.22
94.04
99.50
102.8
105.4
107.5
102.8
101.5
106.4
106.9
112.5
115.1
117.6
124.4
128.2
136.0
144.4
148.9
154.0
159.1
164.5
171.1
178.0
185.5
193.7
203.7
215.0
225.7
236.2
245.8
254.8
265.6
276.3
285.7
293.3
299.5
305.7
312.3
318.1
325.1
330.7
337.0
341.3
338.7
329.8
315.0
294.4
268.4
237.4
200.3
154.8
104.3
58.71
32.63
22.26
18.10
15.49
13.33
11.63
10.04
8.516
7.107
5.945
4.921
4.041
3.300
2.527
1.964
1.613
1.426
1.351
1.331
1.304
1.293
1.273
1.246
1.226
1.201
1.168
1.128
1.092
1.048
1.003
0.9610
0.9206
0.8828
0.8425
0.8136
0.7846
0.7579
0.7333
0.7154
0.6910
0.6775
0.6620
0.6464
0.6285
0.6128
0.6040
0.5840
0.5750
0.5683
0.5593
0.5483
0.5438
0.5349
0.5304
0.5281
0.5172
0.5148
0.5037
0.4881
0.4681
0.4569
0.4502
0.4413
0.4390
0.4302
0.4279
0.4278
0.4278
0.4278
0.4278
0.4278
0.4278
0.4278
0.4278
0.4278
0.4278
0.4278
0.4278
0.4278
0.4278
0.4212
0.4124
0.4056
0.3813
0.3194
0.2613
0.2344
0.2296
0.2317
0.2251
0.2229
0.2184
0.2140
0.2117
0.2095
0.2095
0.2073
0.2028
0.1984
0.1983
0.1983
0.1983
0.1983
0.1983
0.1983
0.1983
0.1983
0.1983
0.1983
84.18
97.62
117.1
124.0
109.6
86.78
83.38
79.82
79.74
78.59
74.96
86.31
98.97
108.8
108.8
110.0
111.2
99.82
100.2
100.4
95.78
105.6
106.7
108.9
116.5
113.1
113.8
121.3
109.8
118.0
121.7
133.0
144.3
148.7
155.5
165.4
170.8
175.8
182.3
188.9
196.2
205.5
219.0
233.0
243.4
251.6
258.6
265.5
275.0
287.0
295.6
302.6
309.2
317.1
324.5
332.1
341.7
348.2
357.0
364.8
366.4
360.4
347.0
324.6
292.9
257.3
218.1
176.8
130.2
76.65
39.38
27.00
23.17
20.54
18.06
15.51
13.52
11.98
10.52
9.009
7.669
6.445
5.500
4.456
3.468
2.628
2.014
1.639
1.442
1.370
1.355
1.341
1.328
1.308
1.292
1.275
1.254
1.221
1.185
1.154
1.107
1.063
1.009
0.9558
0.9045
0.8486
0.7951
0.7481
0.7083
0.6725
0.6394
0.6194
0.5925
0.5682
0.5570
0.5414
0.5280
0.5103
0.5035
0.4925
0.4880
0.4902
0.4746
0.4724
0.4679
0.4635
0.4635
0.4635
0.4634
0.4568
0.4501
0.4455
0.4254
0.4119
0.3877
0.3833
0.3833
0.3833
0.3855
0.3856
0.3945
0.4012
0.4168
0.4301
0.4412
0.4479
0.4501
0.4501
0.4501
0.4501
0.4501
0.4457
0.4456
0.4367
0.4188
0.4100
0.4055
0.3958
0.3292
0.2250
0.2006
0.2006
0.2006
0.2005
0.1961
0.1939
0.1939
0.1939
0.1939
0.1939
0.1939
0.1939
0.1939
0.1939
0.1939
0.1939
0.1939
0.1939
0.1939
0.1939
0.1961
83.07
92.75
123.0
125.0
106.1
87.61
86.95
86.84
86.54
86.15
82.30
110.6
109.7
77.25
89.61
93.28
85.66
104.9
116.0
115.6
121.6
123.1
118.2
131.4
125.8
122.5
130.9
119.2
134.4
138.5
142.1
161.4
166.0
170.4
174.2
178.7
183.4
188.9
194.9
201.8
209.1
216.9
224.2
231.6
238.5
244.5
250.3
257.6
266.3
274.9
279.9
284.9
291.3
297.6
304.0
310.6
316.0
322.5
329.7
332.2
329.3
318.7
304.1
278.6
243.3
209.5
173.5
137.8
94.15
49.69
29.04
23.62
21.01
18.65
16.34
14.07
12.07
10.48
8.816
7.353
6.121
4.965
4.006
3.015
2.125
1.231
0.6020
0.3669
0.2277
0.2095
0.2491
0.2935
0.3338
0.3740
0.4276
0.4588
0.4945
0.5167
0.5481
0.5614
0.5748
0.5968
0.6193
0.6327
0.6329
0.6373
0.6373
0.6373
0.6373
0.6373
0.6373
0.6373
0.6373
0.6418
0.6196
0.6063
0.5928
0.5884
0.5749
0.5616
0.5571
0.5439
0.5349
0.5304
0.5216
0.5259
0.5215
0.5170
0.5126
0.5081
0.5081
0.5036
0.5080
0.4859
0.4726
0.4192
0.3969
0.3967
0.3922
0.3878
0.3877
0.3877
0.3921
0.4011
0.4144
0.4189
0.4457
0.4590
0.4723
0.4858
0.4902
0.4902
0.4902
0.4902
0.4946
0.4726
0.4593
0.4369
0.4324
0.3129
0.2326
0.2318
0.2274
0.2229
0.2184
0.2139
0.2139
0.2095
0.2095
0.2006
0.1961
0.1872
0.1872
0.1872
0.1872
0.1872
0.1872
0.1872
0.1872
0.1916
0.2050
84.18
97.62
117.1
124.0
109.6
86.78
83.38
79.82
79.74
78.59
74.96
86.31
98.97
108.8
108.8
110.0
111.2
99.82
100.2
100.4
95.78
105.6
106.7
108.9
116.5
113.1
113.8
121.3
109.8
118.0
121.7
133.0
144.3
148.7
155.5
165.4
170.8
175.8
182.3
188.9
196.2
205.5
219.0
233.0
243.4
251.6
258.6
265.5
275.0
287.0
295.6
302.6
309.2
317.1
324.5
332.1
341.7
348.2
357.0
364.8
366.4
360.4
347.0
324.6
292.9
257.3
218.1
176.8
130.2
76.65
39.38
27.00
23.17
20.54
18.06
15.51
13.52
11.98
10.52
9.009
7.669
6.445
5.500
4.456
3.468
2.628
2.014
1.639
1.442
1.370
1.355
1.341
1.328
1.308
1.292
1.275
1.254
1.221
1.185
1.154
1.107
1.063
1.009
0.9558
0.9045
0.8486
0.7951
0.7481
0.7083
0.6725
0.6394
0.6194
0.5925
0.5682
0.5570
0.5414
0.5280
0.5103
0.5035
0.4925
0.4880
0.4902
0.4746
0.4724
0.4679
0.4635
0.4635
0.4635
0.4634
0.4568
0.4501
0.4455
0.4254
0.4119
0.3877
0.3833
0.3833
0.3833
0.3855
0.3856
0.3945
0.4012
0.4168
0.4301
0.4412
0.4479
0.4501
0.4501
0.4501
0.4501
0.4501
0.4457
0.4456
0.4367
0.4188
0.4100
0.4055
0.3958
0.3292
0.2250
0.2006
0.2006
0.2006
0.2005
0.1961
0.1939
0.1939
0.1939
0.1939
0.1939
0.1939
0.1939
0.1939
0.1939
0.1939
0.1939
0.1939
0.1939
0.1939
0.1939
0.1961
86.39
99.90
110.7
110.9
100.1
86.11
87.80
92.95
89.85
83.62
78.60
76.32
78.23
83.29
89.10
92.17
91.65
92.87
90.14
90.22
94.04
99.50
102.8
105.4
107.5
102.8
101.5
106.4
106.9
112.5
115.1
117.6
124.4
128.2
136.0
144.4
148.9
154.0
159.1
164.5
171.1
178.0
185.5
193.7
203.7
215.0
225.7
236.2
245.8
254.8
265.6
276.3
285.7
293.3
299.5
305.7
312.3
318.1
325.1
330.7
337.0
341.3
338.7
329.8
315.0
294.4
268.4
237.4
200.3
154.8
104.3
58.71
32.63
22.26
18.10
15.49
13.33
11.63
10.04
8.516
7.107
5.945
4.921
4.041
3.300
2.527
1.964
1.613
1.426
1.351
1.331
1.304
1.293
1.273
1.246
1.226
1.201
1.168
1.128
1.092
1.048
1.003
0.9610
0.9206
0.8828
0.8425
0.8136
0.7846
0.7579
0.7333
0.7154
0.6910
0.6775
0.6620
0.6464
0.6285
0.6128
0.6040
0.5840
0.5750
0.5683
0.5593
0.5483
0.5438
0.5349
0.5304
0.5281
0.5172
0.5148
0.5037
0.4881
0.4681
0.4569
0.4502
0.4413
0.4390
0.4302
0.4279
0.4278
0.4278
0.4278
0.4278
0.4278
0.4278
0.4278
0.4278
0.4278
0.4278
0.4278
0.4278
0.4278
0.4278
0.4212
0.4124
0.4056
0.3813
0.3194
0.2613
0.2344
0.2296
0.2317
0.2251
0.2229
0.2184
0.2140
0.2117
0.2095
0.2095
0.2073
0.2028
0.1984
0.1983
0.1983
0.1983
0.1983
0.1983
0.1983
0.1983
0.1983
0.1983
0.1983
87.66
96.83
109.0
105.7
100.7
83.59
81.33
68.91
72.27
80.05
85.63
92.77
104.5
102.4
98.90
100.4
99.88
102.9
100.8
101.0
104.2
104.4
101.6
104.4
105.8
107.1
103.1
106.7
110.3
114.6
119.0
128.1
139.0
143.1
146.9
151.2
155.9
160.9
166.4
172.6
179.0
186.0
193.6
201.4
210.0
219.0
227.7
237.6
247.2
256.5
265.3
273.8
281.7
290.3
298.5
306.3
313.2
319.4
323.4
328.0
331.8
335.4
339.4
342.3
343.8
338.7
327.6
309.9
283.0
250.7
213.8
170.2
125.7
83.39
48.90
28.05
18.15
13.93
11.48
9.737
8.031
6.121
4.589
3.405
2.417
1.557
0.9568
0.5814
0.3936
0.3432
0.3477
0.3522
0.3633
0.3766
0.3878
0.3923
0.4011
0.4012
0.4100
0.4123
0.4168
0.4278
0.4279
0.4368
0.4390
0.4434
0.4435
0.4479
0.4457
0.4457
0.4457
0.4457
0.4524
0.4546
0.4546
0.4568
0.4590
0.4591
0.4613
0.4613
0.4613
0.4613
0.4613
0.4590
0.4523
0.4479
0.4457
0.4457
0.4457
0.4457
0.4457
0.4457
0.4457
0.4457
0.4524
0.4547
0.4635
0.4702
0.4769
0.4769
0.4813
0.4836
0.4835
0.4813
0.4791
0.4745
0.4612
0.4501
0.4345
0.4297
0.4052
0.3561
0.2829
0.2228
0.2095
0.2094
0.2072
0.2028
0.2005
0.1983
0.1916
0.1872
0.1872
0.1894
0.1850
0.1850
0.1872
0.1894
0.1872
0.1872
0.1872
0.1872
0.1872
0.1872
0.1872
0.1872
0.1894
0.1894
0.1894
0.1894
0.1894
95.96
96.71
105.3
103.2
98.68
89.21
84.43
80.31
89.44
90.98
85.12
82.16
81.02
84.46
91.07
93.51
92.96
93.58
91.38
93.57
95.25
95.71
94.23
98.14
102.4
100.6
99.88
98.92
101.6
104.8
113.6
121.4
121.8
128.5
132.3
136.8
147.4
153.4
157.7
162.3
168.3
175.4
182.5
190.5
198.6
206.6
214.7
223.5
232.5
241.5
250.5
259.7
269.4
278.8
288.1
297.3
307.3
317.0
325.5
332.1
337.0
341.3
343.6
345.6
348.4
350.1
349.9
344.5
330.1
299.3
259.1
214.1
168.5
121.5
82.56
50.26
30.47
19.81
14.32
11.44
9.308
7.516
5.872
4.639
3.666
2.832
2.194
1.836
1.624
1.523
1.487
1.464
1.438
1.411
1.386
1.355
1.317
1.277
1.235
1.188
1.137
1.090
1.037
0.9944
0.9520
0.9052
0.8669
0.8382
0.8070
0.7757
0.7468
0.7244
0.7065
0.6910
0.6711
0.6575
0.6376
0.6195
0.6063
0.5929
0.5817
0.5728
0.5639
0.5527
0.5460
0.5437
0.5349
0.5260
0.5215
0.5126
0.4948
0.4792
0.4658
0.4569
0.4568
0.4480
0.4435
0.4412
0.4412
0.4412
0.4412
0.4412
0.4412
0.4412
0.4412
0.4412
0.4412
0.4412
0.4412
0.4412
0.4368
0.4301
0.4146
0.4034
0.3945
0.3680
0.3239
0.2679
0.2366
0.2274
0.2251
0.2251
0.2185
0.2184
0.2117
0.2095
0.2028
0.2028
0.2006
0.2006
0.1961
0.1939
0.1961
0.1916
0.1916
0.1894
0.1894
0.1894
0.1894
0.1894
0.1894
103.0
96.68
100.7
110.2
102.6
100.6
87.30
86.53
83.53
81.31
79.49
87.38
88.86
98.09
104.8
105.6
105.7
103.8
98.39
97.42
100.1
100.1
101.9
104.7
104.9
108.3
111.2
111.4
113.8
111.7
117.1
125.8
134.6
142.0
147.9
155.3
160.7
166.8
173.6
181.2
192.3
203.4
215.3
227.3
238.3
247.1
256.0
265.7
277.5
289.3
298.3
308.3
318.0
327.0
335.0
343.5
351.9
363.3
372.3
380.2
386.6
392.1
397.0
399.4
402.8
400.4
390.4
368.5
334.9
289.7
243.0
194.3
142.2
92.55
55.93
33.29
22.43
17.06
13.68
11.57
9.732
7.989
6.476
5.289
4.213
3.225
2.487
2.005
1.728
1.604
1.557
1.533
1.515
1.495
1.475
1.453
1.422
1.386
1.345
1.285
1.229
1.167
1.102
1.033
0.9623
0.9020
0.8373
0.7842
0.7372
0.6973
0.6659
0.6327
0.6127
0.5947
0.5704
0.5638
0.5481
0.5347
0.5258
0.5147
0.5035
0.4968
0.4902
0.4879
0.4791
0.4769
0.4769
0.4746
0.4724
0.4701
0.4634
0.4500
0.4430
0.4189
0.4122
0.4056
0.4056
0.4056
0.4078
0.4123
0.4167
0.4258
0.4368
0.4435
0.4591
0.4657
0.4657
0.4658
0.4679
0.4613
0.4612
0.4523
0.4434
0.4345
0.4188
0.4054
0.3918
0.3627
0.2962
0.2556
0.2006
0.2005
0.1983
0.1939
0.1938
0.1849
0.1827
0.1805
0.1805
0.1805
0.1805
0.1805
0.1805
0.1850
0.1850
0.1850
0.1850
0.1850
0.1850
0.1849
0.1850
109.9
101.6
113.4
113.2
96.98
102.2
86.04
85.05
85.16
87.16
85.92
89.81
88.99
91.25
95.09
95.58
96.72
102.2
103.3
107.0
114.7
109.2
119.8
122.9
116.3
126.1
118.0
122.3
128.5
126.1
141.9
146.1
156.7
162.2
167.4
172.9
178.9
185.5
192.7
200.7
209.9
220.3
231.0
239.8
248.1
256.0
264.5
272.4
280.3
288.9
297.2
306.4
314.7
323.3
330.8
339.3
348.3
356.5
365.3
372.1
378.1
383.5
388.1
391.2
390.8
384.8
365.0
338.9
297.0
251.2
204.3
151.9
103.1
62.93
36.31
24.06
17.93
14.32
11.52
9.385
7.487
5.983
4.748
3.622
2.619
1.771
1.076
0.5823
0.3924
0.3275
0.3589
0.4079
0.4503
0.4992
0.5395
0.5816
0.6107
0.6375
0.6617
0.6753
0.6863
0.6886
0.6930
0.6996
0.6975
0.6953
0.6953
0.6907
0.6840
0.6773
0.6684
0.6529
0.6373
0.6196
0.6084
0.6038
0.5882
0.5727
0.5660
0.5594
0.5526
0.5416
0.5371
0.5370
0.5304
0.5259
0.5259
0.5259
0.5192
0.5103
0.5080
0.5058
0.5014
0.4879
0.4503
0.4391
0.4234
0.4190
0.4190
0.4234
0.4234
0.4257
0.4301
0.4412
0.4568
0.4725
0.4924
0.4924
0.4925
0.4925
0.4925
0.4924
0.4902
0.4902
0.4836
0.4702
0.4432
0.4234
0.3597
0.3186
0.2871
0.2206
0.2117
0.2095
0.2095
0.2072
0.2027
0.1961
0.1850
0.1850
0.1850
0.1850
0.1850
0.1850
0.1850
0.1850
0.1850
0.1850
0.1850
0.1850
0.1827
103.0
100.5
107.9
116.1
109.2
97.56
86.84
83.04
82.18
84.19
81.28
90.76
94.39
98.56
103.0
99.37
102.0
103.8
99.12
99.40
104.1
101.7
104.9
109.6
110.1
111.5
113.8
111.8
113.5
112.2
117.7
129.3
134.5
145.7
150.2
156.6
164.0
171.5
180.3
188.4
196.6
206.2
217.4
230.0
242.0
251.7
260.3
269.1
277.8
286.1
295.2
304.5
314.0
322.7
331.3
339.5
348.4
357.7
367.0
375.8
382.0
386.8
391.3
396.4
398.8
399.1
391.5
372.6
340.3
298.0
250.8
200.9
149.3
97.15
57.39
34.84
22.33
17.28
13.97
11.77
9.966
8.222
6.720
5.479
4.358
3.318
2.502
1.982
1.693
1.571
1.524
1.507
1.484
1.471
1.446
1.420
1.395
1.357
1.313
1.268
1.208
1.153
1.088
1.019
0.9544
0.8940
0.8383
0.7846
0.7424
0.7066
0.6730
0.6441
0.6242
0.5995
0.5840
0.5728
0.5550
0.5527
0.5394
0.5326
0.5282
0.5193
0.5148
0.5081
0.5081
0.4993
0.4969
0.4969
0.4991
0.4948
0.4925
0.4881
0.4814
0.4615
0.4437
0.4215
0.4123
0.4123
0.4123
0.4123
0.4123
0.4123
0.4144
0.4256
0.4300
0.4456
0.4589
0.4745
0.4878
0.4858
0.4858
0.4880
0.4880
0.4880
0.4791
0.4658
0.4459
0.4212
0.3506
0.3188
0.2566
0.2452
0.2363
0.2362
0.2274
0.2229
0.2207
0.2140
0.2072
0.2028
0.1940
0.1917
0.1894
0.1872
0.1872
0.1850
0.1850
0.1850
0.1850
0.1850
0.1850
95.96
99.69
100.8
112.2
105.0
99.26
90.79
90.67
87.43
87.34
84.11
79.54
76.67
78.08
89.66
87.40
89.43
91.17
91.00
91.08
91.18
97.55
98.26
99.43
105.6
101.0
104.5
105.8
106.8
108.9
110.2
116.4
117.4
123.7
130.3
136.8
142.8
147.2
152.6
159.0
166.5
174.6
182.6
191.3
199.5
207.9
216.7
225.8
234.6
243.6
252.7
261.7
270.1
279.5
287.5
294.6
301.9
309.4
317.3
324.6
329.0
333.2
336.7
339.1
341.5
343.0
344.2
341.2
329.2
301.0
266.8
225.3
182.9
136.6
92.88
58.19
35.11
22.66
15.78
12.27
9.872
8.062
6.513
5.140
3.986
3.103
2.365
1.884
1.588
1.450
1.399
1.375
1.346
1.321
1.297
1.265
1.228
1.187
1.152
1.100
1.049
1.005
0.9557
0.9045
0.8690
0.8198
0.7819
0.7507
0.7130
0.6972
0.6594
0.6372
0.6281
0.6037
0.5925
0.5748
0.5638
0.5503
0.5348
0.5259
0.5214
0.5191
0.5103
0.5080
0.5034
0.4902
0.4879
0.4835
0.4745
0.4655
0.4523
0.4457
0.4457
0.4457
0.4457
0.4457
0.4501
0.4502
0.4546
0.4546
0.4546
0.4546
0.4546
0.4546
0.4546
0.4546
0.4568
0.4501
0.4501
0.4434
0.4344
0.4144
0.4032
0.3921
0.3788
0.3539
0.3004
0.2606
0.2117
0.2072
0.2050
0.2050
0.2050
0.2050
0.1961
0.1894
0.1850
0.1849
0.1805
0.1805
0.1805
0.1805
0.1805
0.1805
0.1872
0.1872
0.1872
0.1872
0.1872
0.1872
0.1872
87.66
95.99
101.6
109.8
102.1
94.25
78.98
69.49
74.41
75.15
80.70
94.29
99.02
104.3
99.72
100.6
99.29
102.1
99.22
101.5
101.2
103.8
101.7
104.0
102.4
106.0
102.9
106.5
107.2
113.6
116.4
126.1
133.3
140.5
144.5
148.5
152.8
157.6
162.7
168.3
174.4
181.0
188.0
195.6
203.9
212.4
221.1
230.8
240.0
249.6
259.0
267.6
275.0
283.0
291.5
299.5
307.3
313.4
317.4
321.5
324.7
327.1
330.8
332.9
333.1
329.6
320.5
303.5
279.7
249.2
210.6
165.9
122.4
82.39
49.13
29.04
18.38
14.42
11.86
10.02
8.509
6.725
5.021
3.817
2.767
1.833
1.125
0.6799
0.4493
0.3577
0.3434
0.3432
0.3432
0.3432
0.3454
0.3498
0.3499
0.3521
0.3565
0.3565
0.3720
0.3699
0.3743
0.3831
0.3988
0.4033
0.4122
0.4144
0.4167
0.4211
0.4234
0.4212
0.4212
0.4212
0.4212
0.4234
0.4234
0.4256
0.4256
0.4278
0.4323
0.4389
0.4434
0.4456
0.4435
0.4434
0.4434
0.4434
0.4434
0.4434
0.4434
0.4434
0.4434
0.4434
0.4434
0.4434
0.4434
0.4434
0.4456
0.4611
0.4722
0.4746
0.4879
0.4858
0.4858
0.4858
0.4858
0.4880
0.4880
0.4880
0.4813
0.4351
0.3551
0.2965
0.2700
0.2674
0.2652
0.2608
0.2541
0.2562
0.2518
0.2430
0.2407
0.2318
0.2295
0.2229
0.2206
0.2140
0.2095
0.2050
0.2072
0.2006
0.1983
0.1939
0.1939
0.1917
0.1872
0.1872
0.1872
0.1872
0.1894
86.39
91.33
104.5
110.4
104.2
90.27
81.45
88.34
90.79
86.05
83.76
81.94
79.72
78.12
85.87
92.93
97.82
94.28
92.09
89.06
88.90
93.39
94.62
102.9
105.9
104.1
97.75
99.76
101.2
103.8
112.2
117.4
123.5
128.2
128.6
135.9
143.2
147.5
152.1
157.4
163.3
169.3
175.9
183.5
191.6
199.9
209.6
219.9
230.0
239.3
249.3
261.3
273.9
283.9
291.5
297.2
303.8
309.9
315.8
321.7
326.5
331.6
332.5
325.9
312.8
294.9
267.1
239.2
205.5
162.0
113.6
69.50
38.44
24.04
18.93
16.29
14.12
12.36
10.79
9.360
7.873
6.560
5.500
4.606
3.811
3.027
2.293
1.773
1.505
1.372
1.337
1.312
1.288
1.268
1.234
1.201
1.172
1.134
1.089
1.042
0.9980
0.9509
0.9022
0.8533
0.8176
0.7775
0.7396
0.7083
0.6795
0.6593
0.6327
0.6105
0.5971
0.5838
0.5660
0.5593
0.5414
0.5280
0.5168
0.5058
0.5058
0.4990
0.4924
0.4880
0.4857
0.4769
0.4769
0.4724
0.4723
0.4568
0.4433
0.4323
0.4301
0.4301
0.4301
0.4301
0.4346
0.4368
0.4391
0.4457
0.4434
0.4434
0.4434
0.4434
0.4434
0.4434
0.4434
0.4434
0.4434
0.4367
0.4299
0.4144
0.3987
0.3877
0.3833
0.3831
0.3425
0.2492
0.2117
0.2072
0.2050
0.1983
0.1983
0.1961
0.1961
0.1939
0.1939
0.1916
0.1916
0.1894
0.1894
0.1894
0.1894
0.1917
0.1939
0.1939
0.1961
0.1983
0.1983
0.1983
0.1983
84.18
86.95
105.7
116.6
123.2
98.07
83.53
79.46
78.85
77.97
77.17
78.07
92.14
104.6
107.9
109.5
109.5
105.6
96.45
99.17
97.46
99.76
103.6
103.0
110.6
114.7
111.1
116.3
115.9
111.9
119.0
122.1
133.9
144.8
149.0
155.4
164.5
170.7
176.5
182.6
189.3
196.2
205.9
220.3
233.5
242.9
250.8
257.1
267.1
277.1
287.9
294.9
300.4
307.7
315.2
322.9
331.5
338.8
346.2
353.7
358.2
355.3
342.9
323.1
294.7
260.0
222.1
180.2
133.6
84.62
42.16
27.14
22.66
20.03
17.82
15.77
14.00
12.48
11.15
9.628
8.190
6.896
5.895
4.996
4.017
3.036
2.272
1.816
1.563
1.458
1.438
1.415
1.389
1.373
1.357
1.333
1.299
1.266
1.228
1.186
1.132
1.079
1.019
0.9584
0.9030
0.8430
0.7938
0.7423
0.7025
0.6711
0.6397
0.6175
0.5910
0.5729
0.5551
0.5461
0.5327
0.5193
0.5192
0.5082
0.5036
0.4992
0.4925
0.4880
0.4836
0.4836
0.4814
0.4813
0.4769
0.4769
0.4747
0.4746
0.4613
0.4568
0.4215
0.3968
0.3944
0.3922
0.3922
0.3900
0.3900
0.3922
0.3922
0.3988
0.4099
0.4276
0.4433
0.4656
0.4812
0.4857
0.4880
0.4925
0.4925
0.4925
0.4925
0.4727
0.4636
0.4525
0.4194
0.2999
0.2546
0.2518
0.2430
0.2407
0.2362
0.2318
0.2229
0.2184
0.2118
0.2095
0.2006
0.1961
0.1961
0.1917
0.1894
0.1894
0.1894
0.1872
0.1872
0.1872
0.1916
83.07
87.70
98.37
129.1
118.9
96.08
86.61
85.14
85.69
85.59
85.28
88.57
110.1
97.16
74.95
91.32
92.10
82.61
105.5
118.2
110.3
121.6
122.5
117.7
131.1
119.9
121.4
129.4
118.2
134.6
137.9
142.2
160.0
163.9
168.2
172.1
176.6
181.8
186.7
192.8
198.5
206.0
213.5
221.6
228.8
235.8
241.3
246.2
255.3
265.7
271.7
275.8
281.2
287.5
293.1
299.2
305.2
311.3
318.4
324.2
324.7
317.4
304.8
277.6
250.5
216.1
183.2
147.5
106.7
59.50
31.08
23.36
20.42
18.24
16.32
14.38
12.62
11.06
9.561
7.974
6.637
5.400
4.404
3.537
2.637
1.826
1.012
0.5155
0.3164
0.3077
0.3477
0.3878
0.4193
0.4546
0.5041
0.5350
0.5619
0.5930
0.6063
0.6242
0.6418
0.6596
0.6596
0.6596
0.6596
0.6597
0.6638
0.6416
0.6327
0.6236
0.5972
0.5927
0.5746
0.5570
0.5437
0.5348
0.5258
0.5213
0.4947
0.4946
0.4902
0.4902
0.4902
0.4858
0.4858
0.4813
0.4769
0.4769
0.4724
0.4724
0.4724
0.4724
0.4677
0.4411
0.4317
0.3967
0.3967
0.3967
0.3967
0.4056
0.4145
0.4235
0.4326
0.4502
0.4680
0.4860
0.5125
0.5081
0.5081
0.5081
0.5081
0.5081
0.5080
0.4991
0.4902
0.4806
0.4412
0.4277
0.4140
0.3558
0.2271
0.2095
0.2095
0.2095
0.2095
0.2095
0.2095
0.2094
0.1961
0.1961
0.2006
0.2006
0.2006
0.2006
0.2006
0.2050
0.2050
0.2050
0.2050
0.2050
0.2050
84.18
86.95
105.7
116.6
123.2
98.07
83.53
79.46
78.85
77.97
77.17
78.07
92.14
104.6
107.9
109.5
109.5
105.6
96.45
99.17
97.46
99.76
103.6
103.0
110.6
114.7
111.1
116.3
115.9
111.9
119.0
122.1
133.9
144.8
149.0
155.4
164.5
170.7
176.5
182.6
189.3
196.2
205.9
220.3
233.5
242.9
250.8
257.1
267.1
277.1
287.9
294.9
300.4
307.7
315.2
322.9
331.5
338.8
346.2
353.7
358.2
355.3
342.9
323.1
294.7
260.0
222.1
180.2
133.6
84.62
42.16
27.14
22.66
20.03
17.82
15.77
14.00
12.48
11.15
9.628
8.190
6.896
5.895
4.996
4.017
3.036
2.272
1.816
1.563
1.458
1.438
1.415
1.389
1.373
1.357
1.333
1.299
1.266
1.228
1.186
1.132
1.079
1.019
0.9584
0.9030
0.8430
0.7938
0.7423
0.7025
0.6711
0.6397
0.6175
0.5910
0.5729
0.5551
0.5461
0.5327
0.5193
0.5192
0.5082
0.5036
0.4992
0.4925
0.4880
0.4836
0.4836
0.4814
0.4813
0.4769
0.4769
0.4747
0.4746
0.4613
0.4568
0.4215
0.3968
0.3944
0.3922
0.3922
0.3900
0.3900
0.3922
0.3922
0.3988
0.4099
0.4276
0.4433
0.4656
0.4812
0.4857
0.4880
0.4925
0.4925
0.4925
0.4925
0.4727
0.4636
0.4525
0.4194
0.2999
0.2546
0.2518
0.2430
0.2407
0.2362
0.2318
0.2229
0.2184
0.2118
0.2095
0.2006
0.1961
0.1961
0.1917
0.1894
0.1894
0.1894
0.1872
0.1872
0.1872
0.1916
86.39
91.33
104.5
110.4
104.2
90.27
81.45
88.34
90.79
86.05
83.76
81.94
79.72
78.12
85.87
92.93
97.82
94.28
92.09
89.06
88.90
93.39
94.62
102.9
105.9
104.1
97.75
99.76
101.2
103.8
112.2
117.4
123.5
128.2
128.6
135.9
143.2
147.5
152.1
157.4
163.3
169.3
175.9
183.5
191.6
199.9
209.6
219.9
230.0
239.3
249.3
261.3
273.9
283.9
291.5
297.2
303.8
309.9
315.8
321.7
326.5
331.6
332.5
325.9
312.8
294.9
267.1
239.2
205.5
162.0
113.6
69.50
38.44
24.04
18.93
16.29
14.12
12.36
10.79
9.360
7.873
6.560
5.500
4.606
3.811
3.027
2.293
1.773
1.505
1.372
1.337
1.312
1.288
1.268
1.234
1.201
1.172
1.134
1.089
1.042
0.9980
0.9509
0.9022
0.8533
0.8176
0.7775
0.7396
0.7083
0.6795
0.6593
0.6327
0.6105
0.5971
0.5838
0.5660
0.5593
0.5414
0.5280
0.5168
0.5058
0.5058
0.4990
0.4924
0.4880
0.4857
0.4769
0.4769
0.4724
0.4723
0.4568
0.4433
0.4323
0.4301
0.4301
0.4301
0.4301
0.4346
0.4368
0.4391
0.4457
0.4434
0.4434
0.4434
0.4434
0.4434
0.4434
0.4434
0.4434
0.4434
0.4367
0.4299
0.4144
0.3987
0.3877
0.3833
0.3831
0.3425
0.2492
0.2117
0.2072
0.2050
0.1983
0.1983
0.1961
0.1961
0.1939
0.1939
0.1916
0.1916
0.1894
0.1894
0.1894
0.1894
0.1917
0.1939
0.1939
0.1961
0.1983
0.1983
0.1983
0.1983
87.66
95.99
101.6
109.8
102.1
94.25
78.98
69.49
74.41
75.15
80.70
94.29
99.02
104.3
99.72
100.6
99.29
102.1
99.22
101.5
101.2
103.8
101.7
104.0
102.4
106.0
102.9
106.5
107.2
113.6
116.4
126.1
133.3
140.5
144.5
148.5
152.8
157.6
162.7
168.3
174.4
181.0
188.0
195.6
203.9
212.4
221.1
230.8
240.0
249.6
259.0
267.6
275.0
283.0
291.5
299.5
307.3
313.4
317.4
321.5
324.7
327.1
330.8
332.9
333.1
329.6
320.5
303.5
279.7
249.2
210.6
165.9
122.4
82.39
49.13
29.04
18.38
14.42
11.86
10.02
8.509
6.725
5.021
3.817
2.767
1.833
1.125
0.6799
0.4493
0.3577
0.3434
0.3432
0.3432
0.3432
0.3454
0.3498
0.3499
0.3521
0.3565
0.3565
0.3720
0.3699
0.3743
0.3831
0.3988
0.4033
0.4122
0.4144
0.4167
0.4211
0.4234
0.4212
0.4212
0.4212
0.4212
0.4234
0.4234
0.4256
0.4256
0.4278
0.4323
0.4389
0.4434
0.4456
0.4435
0.4434
0.4434
0.4434
0.4434
0.4434
0.4434
0.4434
0.4434
0.4434
0.4434
0.4434
0.4434
0.4434
0.4456
0.4611
0.4722
0.4746
0.4879
0.4858
0.4858
0.4858
0.4858
0.4880
0.4880
0.4880
0.4813
0.4351
0.3551
0.2965
0.2700
0.2674
0.2652
0.2608
0.2541
0.2562
0.2518
0.2430
0.2407
0.2318
0.2295
0.2229
0.2206
0.2140
0.2095
0.2050
0.2072
0.2006
0.1983
0.1939
0.1939
0.1917
0.1872
0.1872
0.1872
0.1872
0.1894
95.96
99.69
100.8
112.2
105.0
99.26
90.79
90.67
87.43
87.34
84.11
79.54
76.67
78.08
89.66
87.40
89.43
91.17
91.00
91.08
91.18
97.55
98.26
99.43
105.6
101.0
104.5
105.8
106.8
108.9
110.2
116.4
117.4
123.7
130.3
136.8
142.8
147.2
152.6
159.0
166.5
174.6
182.6
191.3
199.5
207.9
216.7
225.8
234.6
243.6
252.7
261.7
270.1
279.5
287.5
294.6
301.9
309.4
317.3
324.6
329.0
333.2
336.7
339.1
341.5
343.0
344.2
341.2
329.2
301.0
266.8
225.3
182.9
136.6
92.88
58.19
35.11
22.66
15.78
12.27
9.872
8.062
6.513
5.140
3.986
3.103
2.365
1.884
1.588
1.450
1.399
1.375
1.346
1.321
1.297
1.265
1.228
1.187
1.152
1.100
1.049
1.005
0.9557
0.9045
0.8690
0.8198
0.7819
0.7507
0.7130
0.6972
0.6594
0.6372
0.6281
0.6037
0.5925
0.5748
0.5638
0.5503
0.5348
0.5259
0.5214
0.5191
0.5103
0.5080
0.5034
0.4902
0.4879
0.4835
0.4745
0.4655
0.4523
0.4457
0.4457
0.4457
0.4457
0.4457
0.4501
0.4502
0.4546
0.4546
0.4546
0.4546
0.4546
0.4546
0.4546
0.4546
0.4568
0.4501
0.4501
0.4434
0.4344
0.4144
0.4032
0.3921
0.3788
0.3539
0.3004
0.2606
0.2117
0.2072
0.2050
0.2050
0.2050
0.2050
0.1961
0.1894
0.1850
0.1849
0.1805
0.1805
0.1805
0.1805
0.1805
0.1805
0.1872
0.1872
0.1872
0.1872
0.1872
0.1872
0.1872
103.0
100.5
107.9
116.1
109.2
97.56
86.84
83.04
82.18
84.19
81.28
90.76
94.39
98.56
103.0
99.37
102.0
103.8
99.12
99.40
104.1
101.7
104.9
109.6
110.1
111.5
113.8
111.8
113.5
112.2
117.7
129.3
134.5
145.7
150.2
156.6
164.0
171.5
180.3
188.4
196.6
206.2
217.4
230.0
242.0
251.7
260.3
269.1
277.8
286.1
295.2
304.5
314.0
322.7
331.3
339.5
348.4
357.7
367.0
375.8
382.0
386.8
391.3
396.4
398.8
399.1
391.5
372.6
340.3
298.0
250.8
200.9
149.3
97.15
57.39
34.84
22.33
17.28
13.97
11.77
9.966
8.222
6.720
5.479
4.358
3.318
2.502
1.982
1.693
1.571
1.524
1.507
1.484
1.471
1.446
1.420
1.395
1.357
1.313
1.268
1.208
1.153
1.088
1.019
0.9544
0.8940
0.8383
0.7846
0.7424
0.7066
0.6730
0.6441
0.6242
0.5995
0.5840
0.5728
0.5550
0.5527
0.5394
0.5326
0.5282
0.5193
0.5148
0.5081
0.5081
0.4993
0.4969
0.4969
0.4991
0.4948
0.4925
0.4881
0.4814
0.4615
0.4437
0.4215
0.4123
0.4123
0.4123
0.4123
0.4123
0.4123
0.4144
0.4256
0.4300
0.4456
0.4589
0.4745
0.4878
0.4858
0.4858
0.4880
0.4880
0.4880
0.4791
0.4658
0.4459
0.4212
0.3506
0.3188
0.2566
0.2452
0.2363
0.2362
0.2274
0.2229
0.2207
0.2140
0.2072
0.2028
0.1940
0.1917
0.1894
0.1872
0.1872
0.1850
0.1850
0.1850
0.1850
0.1850
0.1850
