SALVI
1
0
24
15.00
181
1.00

231102 OCH 5050 350 F4MC PMMA TRANSL

231102 OCH 5050 350 F4MC PMMA TRANSL.ldt
15 November 2023/TB
760
0
225
320
60
0
0
0
0
99.6
100.0
1.000
0.0
1
1
16 LED
4190.1


40.7
0.193
0.279
0.370
0.450
0.508
0.603
0.657
0.708
0.770
0.809
0.0
15.0
30.0
45.0
60.0
75.0
90.0
105.0
120.0
135.0
150.0
165.0
180.0
195.0
210.0
225.0
240.0
255.0
270.0
285.0
300.0
315.0
330.0
345.0
0.0
1.0
2.0
3.0
4.0
5.0
6.0
7.0
8.0
9.0
10.0
11.0
12.0
13.0
14.0
15.0
16.0
17.0
18.0
19.0
20.0
21.0
22.0
23.0
24.0
25.0
26.0
27.0
28.0
29.0
30.0
31.0
32.0
33.0
34.0
35.0
36.0
37.0
38.0
39.0
40.0
41.0
42.0
43.0
44.0
45.0
46.0
47.0
48.0
49.0
50.0
51.0
52.0
53.0
54.0
55.0
56.0
57.0
58.0
59.0
60.0
61.0
62.0
63.0
64.0
65.0
66.0
67.0
68.0
69.0
70.0
71.0
72.0
73.0
74.0
75.0
76.0
77.0
78.0
79.0
80.0
81.0
82.0
83.0
84.0
85.0
86.0
87.0
88.0
89.0
90.0
91.0
92.0
93.0
94.0
95.0
96.0
97.0
98.0
99.0
100.0
101.0
102.0
103.0
104.0
105.0
106.0
107.0
108.0
109.0
110.0
111.0
112.0
113.0
114.0
115.0
116.0
117.0
118.0
119.0
120.0
121.0
122.0
123.0
124.0
125.0
126.0
127.0
128.0
129.0
130.0
131.0
132.0
133.0
134.0
135.0
136.0
137.0
138.0
139.0
140.0
141.0
142.0
143.0
144.0
145.0
146.0
147.0
148.0
149.0
150.0
151.0
152.0
153.0
154.0
155.0
156.0
157.0
158.0
159.0
160.0
161.0
162.0
163.0
164.0
165.0
166.0
167.0
168.0
169.0
170.0
171.0
172.0
173.0
174.0
175.0
176.0
177.0
178.0
179.0
180.0
146.5
144.9
155.4
156.3
148.9
142.0
129.6
125.0
127.9
133.8
139.8
147.6
150.9
155.1
161.9
162.3
178.0
187.5
197.2
208.5
216.4
215.3
224.8
224.6
224.7
237.1
232.6
244.3
250.4
256.4
272.4
279.6
290.0
295.3
297.4
299.2
299.8
300.0
299.6
298.9
297.6
295.9
293.8
291.3
288.3
284.9
281.2
277.3
272.8
268.0
262.9
257.2
251.5
245.4
239.2
232.7
225.9
218.9
211.9
204.7
197.2
189.8
182.2
174.6
166.8
159.2
151.5
143.8
135.9
128.1
120.4
112.7
105.1
97.67
90.26
83.01
75.99
69.08
62.32
55.73
49.39
43.32
37.27
31.29
25.18
19.19
13.58
8.818
4.949
2.158
0.7853
0.3497
0.3835
0.4309
0.4673
0.5046
0.5234
0.5434
0.5645
0.5845
0.6044
0.6301
0.6454
0.6619
0.6736
0.6889
0.6994
0.7006
0.7006
0.7006
0.7006
0.6994
0.6993
0.6958
0.6947
0.6912
0.6888
0.6830
0.6807
0.6794
0.6759
0.6748
0.6736
0.6724
0.6701
0.6736
0.6748
0.6759
0.6771
0.6771
0.6783
0.6759
0.6630
0.6512
0.5952
0.5655
0.5175
0.5058
0.5046
0.5034
0.5058
0.5105
0.5210
0.5385
0.5621
0.5857
0.6125
0.6324
0.6501
0.6630
0.6678
0.6747
0.6748
0.6759
0.6619
0.6454
0.6255
0.6042
0.5118
0.4394
0.3830
0.2957
0.2969
0.2969
0.2969
0.2969
0.2969
0.2969
0.2969
0.2957
0.2980
0.2981
0.2969
0.2969
0.2969
0.2969
0.2969
0.2992
0.2981
0.2981
0.2981
141.0
142.7
151.4
161.1
151.3
144.0
132.2
132.2
132.6
131.2
130.4
139.1
147.9
161.4
176.0
185.4
193.0
196.8
194.9
198.5
206.5
210.1
211.0
215.9
216.4
223.9
233.5
238.0
245.4
246.2
256.2
270.3
282.5
296.1
302.1
307.2
311.9
316.0
319.6
322.5
324.8
326.8
328.1
329.1
329.3
329.1
328.4
326.9
324.7
322.2
319.0
315.4
311.2
306.5
301.4
296.0
289.9
283.7
276.9
269.9
262.5
254.8
246.9
238.5
230.0
221.1
212.3
203.3
193.8
184.3
174.5
164.5
154.4
144.3
134.4
124.5
114.6
105.0
95.42
86.13
77.06
68.22
59.51
50.87
41.74
32.36
23.34
15.50
9.054
4.319
1.909
1.269
1.245
1.226
1.208
1.179
1.146
1.107
1.067
1.021
0.9733
0.9265
0.8811
0.8376
0.7963
0.7614
0.7295
0.7026
0.6817
0.6581
0.6441
0.6288
0.6195
0.6102
0.6031
0.5961
0.5950
0.5950
0.5950
0.5950
0.5950
0.5950
0.5950
0.5961
0.5961
0.5961
0.5961
0.5961
0.5961
0.5949
0.5937
0.5844
0.5722
0.5381
0.4939
0.4600
0.4577
0.4577
0.4588
0.4589
0.4648
0.4730
0.4860
0.5048
0.5260
0.5482
0.5704
0.5844
0.5927
0.6020
0.6055
0.6067
0.6066
0.6018
0.5855
0.5761
0.5691
0.5466
0.4441
0.3580
0.2816
0.2840
0.2875
0.2887
0.2934
0.2946
0.2969
0.3016
0.3028
0.3063
0.3087
0.3181
0.3216
0.3286
0.3321
0.3356
0.3415
0.3438
0.3462
0.3462
0.3450
136.8
145.1
150.5
155.0
148.5
141.8
136.2
139.8
144.7
148.6
152.3
152.9
159.2
164.3
178.7
184.2
189.9
197.1
199.2
202.2
205.2
209.2
211.6
215.9
219.9
219.7
222.5
225.1
231.4
239.0
246.5
254.7
260.0
268.2
275.3
281.9
288.3
291.1
293.8
296.1
298.3
300.3
301.9
303.4
304.4
305.1
305.5
305.4
305.2
304.2
303.0
301.3
299.0
296.3
293.1
289.5
285.4
280.8
275.8
270.0
264.0
257.5
250.5
243.1
235.6
227.5
219.1
210.5
201.6
192.3
182.5
172.6
162.2
152.0
141.7
131.5
121.3
111.2
101.1
91.30
81.67
72.45
63.69
54.73
45.85
36.02
25.85
16.85
9.822
4.580
1.831
1.120
1.087
1.065
1.040
1.015
0.9894
0.9661
0.9403
0.9157
0.8864
0.8557
0.8263
0.7983
0.7747
0.7491
0.7254
0.7044
0.6878
0.6713
0.6608
0.6479
0.6407
0.6361
0.6268
0.6220
0.6127
0.6021
0.5973
0.5903
0.5856
0.5832
0.5809
0.5809
0.5809
0.5797
0.5797
0.5797
0.5809
0.5762
0.5658
0.5389
0.5294
0.5246
0.5164
0.5059
0.5023
0.4999
0.4987
0.4987
0.4987
0.5022
0.5092
0.5128
0.5175
0.5175
0.5187
0.5210
0.5210
0.5210
0.5210
0.5082
0.4942
0.4848
0.4835
0.4650
0.3826
0.2790
0.2494
0.2476
0.2476
0.2476
0.2476
0.2476
0.2488
0.2499
0.2558
0.2581
0.2675
0.2687
0.2711
0.2792
0.2886
0.2945
0.3015
0.3098
0.3180
0.3274
0.3309
0.3379
0.3450
135.5
144.9
149.8
154.4
148.6
140.9
131.5
125.0
128.0
133.5
145.6
165.4
179.7
185.6
185.0
185.6
191.0
198.6
197.6
198.2
201.2
206.9
212.4
224.1
236.3
244.3
241.5
239.2
239.7
247.0
255.9
270.4
284.6
295.0
300.5
305.8
310.6
315.4
320.1
324.5
328.8
333.2
337.0
340.8
344.3
347.6
350.3
352.5
354.3
355.4
356.0
356.0
355.2
353.8
351.6
348.6
345.0
340.6
335.3
329.3
322.6
315.2
307.0
298.2
289.0
279.2
268.7
258.3
247.3
235.9
224.1
211.9
199.5
186.9
174.4
161.7
149.1
136.7
124.3
112.1
100.3
88.94
77.92
67.37
57.35
46.99
35.49
22.66
11.71
4.832
1.281
0.3181
0.3263
0.3286
0.3286
0.3286
0.3286
0.3286
0.3286
0.3286
0.3274
0.3274
0.3274
0.3262
0.3262
0.3262
0.3262
0.3262
0.3286
0.3321
0.3344
0.3368
0.3404
0.3450
0.3509
0.3556
0.3615
0.3673
0.3721
0.3838
0.3908
0.4014
0.4108
0.4213
0.4283
0.4319
0.4389
0.4365
0.4365
0.4365
0.4366
0.4389
0.4460
0.4543
0.4671
0.4789
0.4917
0.5059
0.5223
0.5365
0.5481
0.5645
0.5727
0.5785
0.5785
0.5773
0.5750
0.5727
0.5727
0.5724
0.5477
0.4754
0.3429
0.2414
0.2147
0.2136
0.2183
0.2194
0.2207
0.2277
0.2289
0.2312
0.2359
0.2406
0.2430
0.2477
0.2535
0.2594
0.2676
0.2735
0.2794
0.2887
0.2981
0.3053
0.3180
0.3228
0.3345
0.3427
0.3520
0.3532
0.3532
136.7
142.1
149.1
154.5
149.1
133.2
128.5
136.3
138.3
137.1
146.8
154.8
158.4
170.9
187.6
195.3
192.4
193.9
199.2
211.3
224.7
230.9
232.0
229.5
232.8
237.6
243.0
253.9
260.3
268.0
279.5
290.6
304.1
316.6
326.2
338.0
347.9
355.1
362.5
369.4
376.7
383.8
390.5
397.3
403.8
409.7
415.3
420.4
424.8
428.6
431.4
433.5
434.5
434.5
433.2
430.9
427.7
422.7
417.1
410.0
401.9
392.9
382.5
371.3
359.3
346.8
333.2
319.1
304.4
289.1
273.6
257.5
241.7
225.4
209.6
193.6
177.9
162.2
146.9
131.8
117.3
103.3
89.74
76.94
64.32
51.49
37.74
23.52
12.76
5.474
1.275
0.5410
0.5293
0.5199
0.5082
0.5000
0.4882
0.4847
0.4765
0.4695
0.4624
0.4553
0.4460
0.4413
0.4343
0.4261
0.4225
0.4178
0.4166
0.4154
0.4154
0.4131
0.4119
0.4119
0.4119
0.4119
0.4119
0.4119
0.4119
0.4119
0.4119
0.4119
0.4119
0.4142
0.4165
0.4259
0.4306
0.4399
0.4505
0.4518
0.4529
0.4460
0.4436
0.4424
0.4378
0.4342
0.4319
0.4318
0.4412
0.4436
0.4610
0.4797
0.4846
0.4951
0.5045
0.5150
0.5221
0.5315
0.5386
0.5386
0.5386
0.5328
0.5270
0.5165
0.5152
0.4859
0.3967
0.2645
0.2079
0.2054
0.2054
0.2054
0.2065
0.2065
0.2089
0.2158
0.2206
0.2241
0.2288
0.2392
0.2452
0.2592
0.2640
0.2734
0.2909
0.3004
0.3097
0.3145
0.3274
0.3427
0.3509
139.0
136.4
144.7
158.5
165.4
145.4
137.9
140.6
145.7
150.1
146.0
153.2
176.5
192.6
192.1
194.1
204.6
218.5
241.2
245.8
241.1
227.4
228.6
237.6
253.9
275.5
279.5
287.4
293.0
298.9
317.1
332.9
358.3
379.0
390.1
401.0
412.7
424.3
435.8
447.2
458.8
470.5
481.6
492.9
503.7
514.2
524.0
533.0
541.1
548.1
553.8
558.3
560.9
562.2
561.8
559.5
555.5
549.7
541.7
532.6
521.5
509.4
495.4
480.1
463.5
445.9
427.4
408.3
388.3
368.0
347.1
326.0
305.0
284.1
263.1
242.3
221.7
201.7
181.9
162.7
144.5
126.3
109.0
92.02
75.55
58.85
42.57
27.28
14.87
5.620
0.9974
0.4893
0.4858
0.4799
0.4775
0.4728
0.4623
0.4553
0.4494
0.4412
0.4389
0.4340
0.4248
0.4212
0.4131
0.4072
0.4060
0.4060
0.4060
0.4037
0.4037
0.4037
0.4037
0.4049
0.4049
0.4049
0.4072
0.4061
0.4095
0.4084
0.4084
0.4119
0.4143
0.4189
0.4213
0.4260
0.4354
0.4413
0.4436
0.4424
0.4412
0.4411
0.4318
0.4303
0.4022
0.3849
0.3861
0.3861
0.3873
0.3908
0.3955
0.4109
0.4295
0.4520
0.4780
0.5073
0.5366
0.5586
0.5705
0.5881
0.6032
0.6126
0.6137
0.6125
0.6042
0.5866
0.5773
0.5677
0.4983
0.2731
0.2148
0.2195
0.2218
0.2242
0.2289
0.2336
0.2394
0.2453
0.2500
0.2559
0.2629
0.2735
0.2841
0.2957
0.3052
0.3146
0.3274
0.3345
0.3509
0.3544
0.3556
141.3
132.7
144.9
158.0
164.7
150.6
151.1
138.2
135.5
141.7
152.8
173.5
196.5
175.7
159.3
180.6
195.0
232.9
265.9
274.2
255.0
256.2
265.9
277.3
303.9
299.3
306.2
315.0
323.8
350.3
366.7
392.2
412.9
423.5
433.5
443.4
453.6
463.9
474.6
485.7
496.2
507.0
517.1
527.3
537.5
546.9
555.7
563.8
571.3
577.5
582.1
585.4
586.9
586.8
584.5
580.4
574.9
567.5
558.3
547.6
535.2
521.1
505.7
488.7
470.8
452.0
431.4
411.4
390.7
369.4
347.7
326.1
304.3
282.9
261.4
240.0
219.2
198.8
178.8
159.4
140.7
122.9
105.3
87.93
71.21
54.48
39.24
25.01
12.63
3.966
0.4865
0.1773
0.1737
0.1784
0.2064
0.2158
0.2252
0.2346
0.2487
0.2511
0.2652
0.2769
0.2885
0.3003
0.3074
0.3191
0.3284
0.3403
0.3473
0.3567
0.3683
0.3685
0.3778
0.3848
0.3895
0.3896
0.3966
0.3990
0.4013
0.4037
0.4060
0.4060
0.4060
0.4060
0.4060
0.4107
0.4177
0.4271
0.4365
0.4412
0.4482
0.4552
0.4576
0.4600
0.4623
0.4205
0.3969
0.3966
0.3966
0.3966
0.3966
0.3990
0.4175
0.4409
0.4759
0.5022
0.5374
0.5702
0.5934
0.6102
0.6266
0.6382
0.6571
0.6595
0.6618
0.6595
0.6338
0.6197
0.6056
0.4313
0.2222
0.2183
0.2229
0.2206
0.2230
0.2230
0.2230
0.2230
0.2299
0.2346
0.2441
0.2511
0.2604
0.2744
0.2910
0.2934
0.3027
0.3215
0.3309
0.3380
0.3450
139.0
136.4
144.7
158.5
165.4
145.4
137.9
140.6
145.7
150.1
146.0
153.2
176.5
192.6
192.1
194.1
204.6
218.5
241.2
245.8
241.1
227.4
228.6
237.6
253.9
275.5
279.5
287.4
293.0
298.9
317.1
332.9
358.3
379.0
390.1
401.0
412.7
424.3
435.8
447.2
458.8
470.5
481.6
492.9
503.7
514.2
524.0
533.0
541.1
548.1
553.8
558.3
560.9
562.2
561.8
559.5
555.5
549.7
541.7
532.6
521.5
509.4
495.4
480.1
463.5
445.9
427.4
408.3
388.3
368.0
347.1
326.0
305.0
284.1
263.1
242.3
221.7
201.7
181.9
162.7
144.5
126.3
109.0
92.02
75.55
58.85
42.57
27.28
14.87
5.620
0.9974
0.4893
0.4858
0.4799
0.4775
0.4728
0.4623
0.4553
0.4494
0.4412
0.4389
0.4340
0.4248
0.4212
0.4131
0.4072
0.4060
0.4060
0.4060
0.4037
0.4037
0.4037
0.4037
0.4049
0.4049
0.4049
0.4072
0.4061
0.4095
0.4084
0.4084
0.4119
0.4143
0.4189
0.4213
0.4260
0.4354
0.4413
0.4436
0.4424
0.4412
0.4411
0.4318
0.4303
0.4022
0.3849
0.3861
0.3861
0.3873
0.3908
0.3955
0.4109
0.4295
0.4520
0.4780
0.5073
0.5366
0.5586
0.5705
0.5881
0.6032
0.6126
0.6137
0.6125
0.6042
0.5866
0.5773
0.5677
0.4983
0.2731
0.2148
0.2195
0.2218
0.2242
0.2289
0.2336
0.2394
0.2453
0.2500
0.2559
0.2629
0.2735
0.2841
0.2957
0.3052
0.3146
0.3274
0.3345
0.3509
0.3544
0.3556
136.7
142.1
149.1
154.5
149.1
133.2
128.5
136.3
138.3
137.1
146.8
154.8
158.4
170.9
187.6
195.3
192.4
193.9
199.2
211.3
224.7
230.9
232.0
229.5
232.8
237.6
243.0
253.9
260.3
268.0
279.5
290.6
304.1
316.6
326.2
338.0
347.9
355.1
362.5
369.4
376.7
383.8
390.5
397.3
403.8
409.7
415.3
420.4
424.8
428.6
431.4
433.5
434.5
434.5
433.2
430.9
427.7
422.7
417.1
410.0
401.9
392.9
382.5
371.3
359.3
346.8
333.2
319.1
304.4
289.1
273.6
257.5
241.7
225.4
209.6
193.6
177.9
162.2
146.9
131.8
117.3
103.3
89.74
76.94
64.32
51.49
37.74
23.52
12.76
5.474
1.275
0.5410
0.5293
0.5199
0.5082
0.5000
0.4882
0.4847
0.4765
0.4695
0.4624
0.4553
0.4460
0.4413
0.4343
0.4261
0.4225
0.4178
0.4166
0.4154
0.4154
0.4131
0.4119
0.4119
0.4119
0.4119
0.4119
0.4119
0.4119
0.4119
0.4119
0.4119
0.4119
0.4142
0.4165
0.4259
0.4306
0.4399
0.4505
0.4518
0.4529
0.4460
0.4436
0.4424
0.4378
0.4342
0.4319
0.4318
0.4412
0.4436
0.4610
0.4797
0.4846
0.4951
0.5045
0.5150
0.5221
0.5315
0.5386
0.5386
0.5386
0.5328
0.5270
0.5165
0.5152
0.4859
0.3967
0.2645
0.2079
0.2054
0.2054
0.2054
0.2065
0.2065
0.2089
0.2158
0.2206
0.2241
0.2288
0.2392
0.2452
0.2592
0.2640
0.2734
0.2909
0.3004
0.3097
0.3145
0.3274
0.3427
0.3509
135.5
144.9
149.8
154.4
148.6
140.9
131.5
125.0
128.0
133.5
145.6
165.4
179.7
185.6
185.0
185.6
191.0
198.6
197.6
198.2
201.2
206.9
212.4
224.1
236.3
244.3
241.5
239.2
239.7
247.0
255.9
270.4
284.6
295.0
300.5
305.8
310.6
315.4
320.1
324.5
328.8
333.2
337.0
340.8
344.3
347.6
350.3
352.5
354.3
355.4
356.0
356.0
355.2
353.8
351.6
348.6
345.0
340.6
335.3
329.3
322.6
315.2
307.0
298.2
289.0
279.2
268.7
258.3
247.3
235.9
224.1
211.9
199.5
186.9
174.4
161.7
149.1
136.7
124.3
112.1
100.3
88.94
77.92
67.37
57.35
46.99
35.49
22.66
11.71
4.832
1.281
0.3181
0.3263
0.3286
0.3286
0.3286
0.3286
0.3286
0.3286
0.3286
0.3274
0.3274
0.3274
0.3262
0.3262
0.3262
0.3262
0.3262
0.3286
0.3321
0.3344
0.3368
0.3404
0.3450
0.3509
0.3556
0.3615
0.3673
0.3721
0.3838
0.3908
0.4014
0.4108
0.4213
0.4283
0.4319
0.4389
0.4365
0.4365
0.4365
0.4366
0.4389
0.4460
0.4543
0.4671
0.4789
0.4917
0.5059
0.5223
0.5365
0.5481
0.5645
0.5727
0.5785
0.5785
0.5773
0.5750
0.5727
0.5727
0.5724
0.5477
0.4754
0.3429
0.2414
0.2147
0.2136
0.2183
0.2194
0.2207
0.2277
0.2289
0.2312
0.2359
0.2406
0.2430
0.2477
0.2535
0.2594
0.2676
0.2735
0.2794
0.2887
0.2981
0.3053
0.3180
0.3228
0.3345
0.3427
0.3520
0.3532
0.3532
136.8
145.1
150.5
155.0
148.5
141.8
136.2
139.8
144.7
148.6
152.3
152.9
159.2
164.3
178.7
184.2
189.9
197.1
199.2
202.2
205.2
209.2
211.6
215.9
219.9
219.7
222.5
225.1
231.4
239.0
246.5
254.7
260.0
268.2
275.3
281.9
288.3
291.1
293.8
296.1
298.3
300.3
301.9
303.4
304.4
305.1
305.5
305.4
305.2
304.2
303.0
301.3
299.0
296.3
293.1
289.5
285.4
280.8
275.8
270.0
264.0
257.5
250.5
243.1
235.6
227.5
219.1
210.5
201.6
192.3
182.5
172.6
162.2
152.0
141.7
131.5
121.3
111.2
101.1
91.30
81.67
72.45
63.69
54.73
45.85
36.02
25.85
16.85
9.822
4.580
1.831
1.120
1.087
1.065
1.040
1.015
0.9894
0.9661
0.9403
0.9157
0.8864
0.8557
0.8263
0.7983
0.7747
0.7491
0.7254
0.7044
0.6878
0.6713
0.6608
0.6479
0.6407
0.6361
0.6268
0.6220
0.6127
0.6021
0.5973
0.5903
0.5856
0.5832
0.5809
0.5809
0.5809
0.5797
0.5797
0.5797
0.5809
0.5762
0.5658
0.5389
0.5294
0.5246
0.5164
0.5059
0.5023
0.4999
0.4987
0.4987
0.4987
0.5022
0.5092
0.5128
0.5175
0.5175
0.5187
0.5210
0.5210
0.5210
0.5210
0.5082
0.4942
0.4848
0.4835
0.4650
0.3826
0.2790
0.2494
0.2476
0.2476
0.2476
0.2476
0.2476
0.2488
0.2499
0.2558
0.2581
0.2675
0.2687
0.2711
0.2792
0.2886
0.2945
0.3015
0.3098
0.3180
0.3274
0.3309
0.3379
0.3450
141.0
142.7
151.4
161.1
151.3
144.0
132.2
132.2
132.6
131.2
130.4
139.1
147.9
161.4
176.0
185.4
193.0
196.8
194.9
198.5
206.5
210.1
211.0
215.9
216.4
223.9
233.5
238.0
245.4
246.2
256.2
270.3
282.5
296.1
302.1
307.2
311.9
316.0
319.6
322.5
324.8
326.8
328.1
329.1
329.3
329.1
328.4
326.9
324.7
322.2
319.0
315.4
311.2
306.5
301.4
296.0
289.9
283.7
276.9
269.9
262.5
254.8
246.9
238.5
230.0
221.1
212.3
203.3
193.8
184.3
174.5
164.5
154.4
144.3
134.4
124.5
114.6
105.0
95.42
86.13
77.06
68.22
59.51
50.87
41.74
32.36
23.34
15.50
9.054
4.319
1.909
1.269
1.245
1.226
1.208
1.179
1.146
1.107
1.067
1.021
0.9733
0.9265
0.8811
0.8376
0.7963
0.7614
0.7295
0.7026
0.6817
0.6581
0.6441
0.6288
0.6195
0.6102
0.6031
0.5961
0.5950
0.5950
0.5950
0.5950
0.5950
0.5950
0.5950
0.5961
0.5961
0.5961
0.5961
0.5961
0.5961
0.5949
0.5937
0.5844
0.5722
0.5381
0.4939
0.4600
0.4577
0.4577
0.4588
0.4589
0.4648
0.4730
0.4860
0.5048
0.5260
0.5482
0.5704
0.5844
0.5927
0.6020
0.6055
0.6067
0.6066
0.6018
0.5855
0.5761
0.5691
0.5466
0.4441
0.3580
0.2816
0.2840
0.2875
0.2887
0.2934
0.2946
0.2969
0.3016
0.3028
0.3063
0.3087
0.3181
0.3216
0.3286
0.3321
0.3356
0.3415
0.3438
0.3462
0.3462
0.3450
146.5
144.9
155.4
156.3
148.9
142.0
129.6
125.0
127.9
133.8
139.8
147.6
150.9
155.1
161.9
162.3
178.0
187.5
197.2
208.5
216.4
215.3
224.8
224.6
224.7
237.1
232.6
244.3
250.4
256.4
272.4
279.6
290.0
295.3
297.4
299.2
299.8
300.0
299.6
298.9
297.6
295.9
293.8
291.3
288.3
284.9
281.2
277.3
272.8
268.0
262.9
257.2
251.5
245.4
239.2
232.7
225.9
218.9
211.9
204.7
197.2
189.8
182.2
174.6
166.8
159.2
151.5
143.8
135.9
128.1
120.4
112.7
105.1
97.67
90.26
83.01
75.99
69.08
62.32
55.73
49.39
43.32
37.27
31.29
25.18
19.19
13.58
8.818
4.949
2.158
0.7853
0.3497
0.3835
0.4309
0.4673
0.5046
0.5234
0.5434
0.5645
0.5845
0.6044
0.6301
0.6454
0.6619
0.6736
0.6889
0.6994
0.7006
0.7006
0.7006
0.7006
0.6994
0.6993
0.6958
0.6947
0.6912
0.6888
0.6830
0.6807
0.6794
0.6759
0.6748
0.6736
0.6724
0.6701
0.6736
0.6748
0.6759
0.6771
0.6771
0.6783
0.6759
0.6630
0.6512
0.5952
0.5655
0.5175
0.5058
0.5046
0.5034
0.5058
0.5105
0.5210
0.5385
0.5621
0.5857
0.6125
0.6324
0.6501
0.6630
0.6678
0.6747
0.6748
0.6759
0.6619
0.6454
0.6255
0.6042
0.5118
0.4394
0.3830
0.2957
0.2969
0.2969
0.2969
0.2969
0.2969
0.2969
0.2969
0.2957
0.2980
0.2981
0.2969
0.2969
0.2969
0.2969
0.2969
0.2992
0.2981
0.2981
0.2981
141.0
144.2
148.8
157.6
148.7
142.7
131.9
128.4
127.5
126.3
123.5
127.1
132.6
143.6
156.5
165.4
171.1
173.3
171.9
172.7
176.5
178.6
179.4
179.3
179.7
183.3
187.6
189.7
192.7
191.5
196.3
202.7
208.4
214.9
215.6
215.2
214.1
212.4
210.2
207.7
204.7
201.3
197.4
193.2
188.6
183.6
178.5
173.3
167.9
162.4
156.8
151.1
145.5
140.0
134.3
128.9
123.5
118.3
113.1
108.1
103.1
98.32
93.68
89.11
84.61
80.32
76.10
71.93
67.91
63.93
60.01
56.17
52.45
48.73
45.11
41.57
38.06
34.67
31.38
28.18
25.04
22.04
19.17
16.31
13.44
10.65
8.001
5.664
3.728
2.296
1.556
1.342
1.328
1.319
1.305
1.282
1.254
1.222
1.187
1.150
1.114
1.079
1.042
1.007
0.9765
0.9436
0.9144
0.8874
0.8662
0.8463
0.8287
0.8122
0.7958
0.7828
0.7722
0.7640
0.7558
0.7488
0.7429
0.7370
0.7299
0.7264
0.7218
0.7182
0.7158
0.7158
0.7158
0.7147
0.7146
0.7158
0.7123
0.7030
0.6902
0.6596
0.6243
0.5826
0.5739
0.5680
0.5610
0.5598
0.5574
0.5597
0.5668
0.5842
0.6088
0.6323
0.6499
0.6653
0.6782
0.6829
0.6923
0.6959
0.7005
0.6994
0.6890
0.6760
0.6572
0.6247
0.5248
0.4480
0.3602
0.3567
0.3556
0.3544
0.3521
0.3509
0.3486
0.3474
0.3462
0.3450
0.3438
0.3415
0.3391
0.3380
0.3380
0.3403
0.3415
0.3427
0.3438
0.3474
0.3497
136.8
144.6
148.0
150.7
146.4
135.3
127.1
126.8
130.9
130.0
128.9
127.5
129.8
134.2
143.8
145.8
148.5
151.0
149.2
147.2
147.6
145.9
142.8
140.5
139.8
136.3
134.6
133.3
129.9
129.3
130.8
128.7
127.3
126.6
125.0
123.6
122.1
118.9
115.6
112.1
108.5
104.9
101.4
97.88
94.52
91.24
88.07
84.98
81.96
79.07
76.28
73.54
70.96
68.39
65.97
63.59
61.29
59.07
56.92
54.81
52.74
50.72
48.78
46.85
44.95
43.07
41.22
39.35
37.54
35.68
33.83
31.98
30.12
28.22
26.36
24.52
22.65
20.79
18.95
17.16
15.38
13.68
12.01
10.39
8.768
7.154
5.597
4.177
2.975
2.060
1.544
1.381
1.366
1.351
1.332
1.306
1.277
1.241
1.202
1.162
1.121
1.078
1.036
0.9973
0.9631
0.9278
0.8987
0.8680
0.8448
0.8271
0.8118
0.7990
0.7896
0.7792
0.7686
0.7662
0.7580
0.7557
0.7522
0.7510
0.7475
0.7475
0.7510
0.7511
0.7534
0.7546
0.7557
0.7510
0.7450
0.7368
0.7178
0.6967
0.6711
0.6618
0.6536
0.6536
0.6536
0.6548
0.6584
0.6654
0.6713
0.6842
0.6888
0.6912
0.6912
0.6912
0.6912
0.6912
0.6900
0.6852
0.6723
0.6570
0.6357
0.6172
0.6123
0.5816
0.5062
0.4314
0.3790
0.3755
0.3731
0.3719
0.3684
0.3614
0.3590
0.3556
0.3556
0.3556
0.3532
0.3532
0.3544
0.3532
0.3509
0.3521
0.3544
0.3579
0.3532
0.3520
0.3520
0.3520
0.3520
135.5
142.1
148.1
147.8
143.0
128.4
121.8
109.0
108.1
110.7
118.6
127.2
135.8
136.2
132.5
128.9
129.5
129.4
125.7
122.2
119.5
116.9
115.8
113.7
114.4
113.2
107.2
102.3
97.81
94.88
92.23
91.45
90.23
88.56
86.06
83.53
81.11
78.71
76.28
73.84
71.45
69.11
66.85
64.73
62.71
60.82
59.01
57.28
55.61
54.03
52.49
51.01
49.55
48.13
46.72
45.35
44.00
42.65
41.29
39.95
38.60
37.26
35.92
34.55
33.19
31.83
30.47
29.10
27.72
26.35
24.96
23.55
22.15
20.71
19.25
17.80
16.33
14.90
13.48
12.06
10.68
9.383
8.135
6.926
5.772
4.651
3.534
2.504
1.565
0.8666
0.5293
0.4909
0.5045
0.5222
0.5420
0.5479
0.5550
0.5609
0.5644
0.5668
0.5680
0.5703
0.5727
0.5727
0.5750
0.5762
0.5785
0.5797
0.5809
0.5867
0.5949
0.6019
0.6055
0.6113
0.6160
0.6242
0.6313
0.6372
0.6466
0.6559
0.6629
0.6735
0.6829
0.6923
0.6993
0.7041
0.7076
0.7088
0.7100
0.7100
0.7100
0.7088
0.7064
0.7064
0.7064
0.7088
0.7134
0.7274
0.7333
0.7346
0.7392
0.7463
0.7510
0.7522
0.7522
0.7522
0.7499
0.7370
0.7217
0.7182
0.6925
0.6209
0.5111
0.4417
0.4366
0.4330
0.4319
0.4295
0.4295
0.4272
0.4237
0.4190
0.4166
0.4108
0.4084
0.4037
0.3990
0.3955
0.3920
0.3885
0.3849
0.3767
0.3755
0.3732
0.3720
0.3708
0.3697
0.3685
0.3673
0.3650
0.3626
136.7
137.4
143.4
147.7
139.7
122.1
114.1
116.5
113.1
107.8
109.1
110.4
110.7
115.6
122.2
122.3
116.0
112.0
109.2
110.6
110.3
107.7
103.8
98.21
93.55
89.63
85.39
82.49
80.81
77.63
75.81
73.93
72.36
71.14
69.70
68.63
67.58
66.23
64.77
63.26
61.72
60.19
58.78
57.45
56.20
55.00
53.85
52.71
51.57
50.48
49.39
48.29
47.21
46.11
45.03
43.92
42.80
41.67
40.52
39.37
38.17
37.00
35.80
34.58
33.34
32.09
30.84
29.55
28.25
26.95
25.63
24.32
22.98
21.62
20.27
18.95
17.59
16.22
14.87
13.53
12.20
10.96
9.762
8.608
7.516
6.460
5.436
4.432
3.465
2.681
2.225
2.126
2.089
2.057
2.019
1.972
1.916
1.863
1.799
1.732
1.660
1.587
1.514
1.445
1.377
1.314
1.259
1.207
1.163
1.125
1.090
1.063
1.038
1.016
0.9997
0.9856
0.9657
0.9491
0.9352
0.9247
0.9130
0.9035
0.8988
0.8930
0.8895
0.8848
0.8813
0.8789
0.8705
0.8554
0.8362
0.7908
0.7732
0.7603
0.7461
0.7311
0.7264
0.7229
0.7217
0.7217
0.7216
0.7158
0.7088
0.7076
0.7040
0.6994
0.6970
0.6970
0.6958
0.6840
0.6664
0.6466
0.6207
0.6043
0.6008
0.5971
0.5427
0.4574
0.4354
0.4318
0.4283
0.4248
0.4213
0.4177
0.4107
0.4036
0.3954
0.3918
0.3849
0.3836
0.3731
0.3685
0.3638
0.3626
0.3626
0.3638
0.3579
0.3556
0.3556
0.3556
0.3556
139.0
131.5
141.1
152.2
149.5
128.2
120.5
116.2
117.6
112.2
102.6
108.7
117.5
120.9
114.7
110.8
110.7
114.8
117.6
115.2
108.4
97.87
92.36
89.71
87.36
86.95
83.02
79.61
76.71
74.57
72.44
71.22
71.20
71.50
71.31
71.01
70.40
69.55
68.38
67.12
65.92
64.80
63.71
62.66
61.63
60.59
59.57
58.52
57.47
56.43
55.36
54.28
53.17
52.05
50.90
49.73
48.53
47.30
46.03
44.77
43.45
42.13
40.78
39.39
37.98
36.55
35.09
33.61
32.11
30.58
29.04
27.48
25.93
24.35
22.77
21.20
19.64
18.08
16.56
15.06
13.58
12.16
10.82
9.509
8.237
7.040
5.867
4.738
3.651
2.800
2.367
2.317
2.288
2.262
2.225
2.171
2.109
2.034
1.954
1.860
1.770
1.676
1.586
1.503
1.425
1.356
1.290
1.237
1.190
1.148
1.113
1.082
1.054
1.028
1.011
0.9942
0.9753
0.9647
0.9494
0.9447
0.9342
0.9224
0.9130
0.9071
0.9036
0.8989
0.8989
0.8977
0.8977
0.8942
0.8919
0.8884
0.8535
0.8333
0.7292
0.7125
0.7054
0.6948
0.6854
0.6807
0.6795
0.6794
0.6794
0.6958
0.7133
0.7368
0.7497
0.7580
0.7581
0.7592
0.7592
0.7592
0.7604
0.7522
0.7242
0.6937
0.6877
0.6738
0.6109
0.4917
0.4707
0.4671
0.4601
0.4553
0.4460
0.4401
0.4319
0.4213
0.4143
0.4072
0.3991
0.3943
0.3850
0.3791
0.3779
0.3755
0.3743
0.3685
0.3650
0.3638
0.3626
141.3
128.6
141.6
147.4
141.0
134.6
128.4
113.7
107.9
106.6
108.5
122.1
129.2
108.8
97.06
100.6
99.64
113.5
122.0
122.9
108.5
103.0
99.10
94.95
97.77
91.39
87.47
85.00
80.58
80.29
78.98
78.36
79.09
79.05
78.80
78.08
77.05
75.57
74.00
72.54
71.14
69.80
68.52
67.33
66.07
64.88
63.68
62.46
61.25
60.03
58.78
57.52
56.26
55.02
53.77
52.46
51.12
49.73
48.32
46.87
45.38
43.89
42.34
40.75
39.15
37.51
35.88
34.20
32.54
30.82
29.08
27.35
25.61
23.88
22.13
20.37
18.58
16.83
15.14
13.47
11.84
10.30
8.837
7.441
6.169
4.941
3.780
2.690
1.698
0.9629
0.6506
0.6979
0.7581
0.8191
0.8989
0.9441
0.9792
1.014
1.040
1.068
1.098
1.134
1.138
1.138
1.138
1.138
1.141
1.136
1.131
1.119
1.108
1.098
1.084
1.075
1.054
1.040
1.023
1.011
0.9998
0.9857
0.9787
0.9669
0.9575
0.9481
0.9458
0.9458
0.9411
0.9364
0.9364
0.9341
0.9364
0.9270
0.9268
0.8870
0.8634
0.7599
0.7204
0.7064
0.7064
0.7065
0.7112
0.7205
0.7277
0.7465
0.7652
0.7864
0.8028
0.8167
0.8144
0.8096
0.8050
0.8003
0.7954
0.7766
0.7580
0.7225
0.6876
0.6806
0.6639
0.5730
0.4552
0.4483
0.4412
0.4387
0.4271
0.4201
0.4131
0.4059
0.3989
0.3849
0.3778
0.3685
0.3661
0.3661
0.3661
0.3661
0.3638
0.3638
0.3638
0.3638
0.3638
139.0
131.5
141.1
152.2
149.5
128.2
120.5
116.2
117.6
112.2
102.6
108.7
117.5
120.9
114.7
110.8
110.7
114.8
117.6
115.2
108.4
97.87
92.36
89.71
87.36
86.95
83.02
79.61
76.71
74.57
72.44
71.22
71.20
71.50
71.31
71.01
70.40
69.55
68.38
67.12
65.92
64.80
63.71
62.66
61.63
60.59
59.57
58.52
57.47
56.43
55.36
54.28
53.17
52.05
50.90
49.73
48.53
47.30
46.03
44.77
43.45
42.13
40.78
39.39
37.98
36.55
35.09
33.61
32.11
30.58
29.04
27.48
25.93
24.35
22.77
21.20
19.64
18.08
16.56
15.06
13.58
12.16
10.82
9.509
8.237
7.040
5.867
4.738
3.651
2.800
2.367
2.317
2.288
2.262
2.225
2.171
2.109
2.034
1.954
1.860
1.770
1.676
1.586
1.503
1.425
1.356
1.290
1.237
1.190
1.148
1.113
1.082
1.054
1.028
1.011
0.9942
0.9753
0.9647
0.9494
0.9447
0.9342
0.9224
0.9130
0.9071
0.9036
0.8989
0.8989
0.8977
0.8977
0.8942
0.8919
0.8884
0.8535
0.8333
0.7292
0.7125
0.7054
0.6948
0.6854
0.6807
0.6795
0.6794
0.6794
0.6958
0.7133
0.7368
0.7497
0.7580
0.7581
0.7592
0.7592
0.7592
0.7604
0.7522
0.7242
0.6937
0.6877
0.6738
0.6109
0.4917
0.4707
0.4671
0.4601
0.4553
0.4460
0.4401
0.4319
0.4213
0.4143
0.4072
0.3991
0.3943
0.3850
0.3791
0.3779
0.3755
0.3743
0.3685
0.3650
0.3638
0.3626
136.7
137.4
143.4
147.7
139.7
122.1
114.1
116.5
113.1
107.8
109.1
110.4
110.7
115.6
122.2
122.3
116.0
112.0
109.2
110.6
110.3
107.7
103.8
98.21
93.55
89.63
85.39
82.49
80.81
77.63
75.81
73.93
72.36
71.14
69.70
68.63
67.58
66.23
64.77
63.26
61.72
60.19
58.78
57.45
56.20
55.00
53.85
52.71
51.57
50.48
49.39
48.29
47.21
46.11
45.03
43.92
42.80
41.67
40.52
39.37
38.17
37.00
35.80
34.58
33.34
32.09
30.84
29.55
28.25
26.95
25.63
24.32
22.98
21.62
20.27
18.95
17.59
16.22
14.87
13.53
12.20
10.96
9.762
8.608
7.516
6.460
5.436
4.432
3.465
2.681
2.225
2.126
2.089
2.057
2.019
1.972
1.916
1.863
1.799
1.732
1.660
1.587
1.514
1.445
1.377
1.314
1.259
1.207
1.163
1.125
1.090
1.063
1.038
1.016
0.9997
0.9856
0.9657
0.9491
0.9352
0.9247
0.9130
0.9035
0.8988
0.8930
0.8895
0.8848
0.8813
0.8789
0.8705
0.8554
0.8362
0.7908
0.7732
0.7603
0.7461
0.7311
0.7264
0.7229
0.7217
0.7217
0.7216
0.7158
0.7088
0.7076
0.7040
0.6994
0.6970
0.6970
0.6958
0.6840
0.6664
0.6466
0.6207
0.6043
0.6008
0.5971
0.5427
0.4574
0.4354
0.4318
0.4283
0.4248
0.4213
0.4177
0.4107
0.4036
0.3954
0.3918
0.3849
0.3836
0.3731
0.3685
0.3638
0.3626
0.3626
0.3638
0.3579
0.3556
0.3556
0.3556
0.3556
135.5
142.1
148.1
147.8
143.0
128.4
121.8
109.0
108.1
110.7
118.6
127.2
135.8
136.2
132.5
128.9
129.5
129.4
125.7
122.2
119.5
116.9
115.8
113.7
114.4
113.2
107.2
102.3
97.81
94.88
92.23
91.45
90.23
88.56
86.06
83.53
81.11
78.71
76.28
73.84
71.45
69.11
66.85
64.73
62.71
60.82
59.01
57.28
55.61
54.03
52.49
51.01
49.55
48.13
46.72
45.35
44.00
42.65
41.29
39.95
38.60
37.26
35.92
34.55
33.19
31.83
30.47
29.10
27.72
26.35
24.96
23.55
22.15
20.71
19.25
17.80
16.33
14.90
13.48
12.06
10.68
9.383
8.135
6.926
5.772
4.651
3.534
2.504
1.565
0.8666
0.5293
0.4909
0.5045
0.5222
0.5420
0.5479
0.5550
0.5609
0.5644
0.5668
0.5680
0.5703
0.5727
0.5727
0.5750
0.5762
0.5785
0.5797
0.5809
0.5867
0.5949
0.6019
0.6055
0.6113
0.6160
0.6242
0.6313
0.6372
0.6466
0.6559
0.6629
0.6735
0.6829
0.6923
0.6993
0.7041
0.7076
0.7088
0.7100
0.7100
0.7100
0.7088
0.7064
0.7064
0.7064
0.7088
0.7134
0.7274
0.7333
0.7346
0.7392
0.7463
0.7510
0.7522
0.7522
0.7522
0.7499
0.7370
0.7217
0.7182
0.6925
0.6209
0.5111
0.4417
0.4366
0.4330
0.4319
0.4295
0.4295
0.4272
0.4237
0.4190
0.4166
0.4108
0.4084
0.4037
0.3990
0.3955
0.3920
0.3885
0.3849
0.3767
0.3755
0.3732
0.3720
0.3708
0.3697
0.3685
0.3673
0.3650
0.3626
136.8
144.6
148.0
150.7
146.4
135.3
127.1
126.8
130.9
130.0
128.9
127.5
129.8
134.2
143.8
145.8
148.5
151.0
149.2
147.2
147.6
145.9
142.8
140.5
139.8
136.3
134.6
133.3
129.9
129.3
130.8
128.7
127.3
126.6
125.0
123.6
122.1
118.9
115.6
112.1
108.5
104.9
101.4
97.88
94.52
91.24
88.07
84.98
81.96
79.07
76.28
73.54
70.96
68.39
65.97
63.59
61.29
59.07
56.92
54.81
52.74
50.72
48.78
46.85
44.95
43.07
41.22
39.35
37.54
35.68
33.83
31.98
30.12
28.22
26.36
24.52
22.65
20.79
18.95
17.16
15.38
13.68
12.01
10.39
8.768
7.154
5.597
4.177
2.975
2.060
1.544
1.381
1.366
1.351
1.332
1.306
1.277
1.241
1.202
1.162
1.121
1.078
1.036
0.9973
0.9631
0.9278
0.8987
0.8680
0.8448
0.8271
0.8118
0.7990
0.7896
0.7792
0.7686
0.7662
0.7580
0.7557
0.7522
0.7510
0.7475
0.7475
0.7510
0.7511
0.7534
0.7546
0.7557
0.7510
0.7450
0.7368
0.7178
0.6967
0.6711
0.6618
0.6536
0.6536
0.6536
0.6548
0.6584
0.6654
0.6713
0.6842
0.6888
0.6912
0.6912
0.6912
0.6912
0.6912
0.6900
0.6852
0.6723
0.6570
0.6357
0.6172
0.6123
0.5816
0.5062
0.4314
0.3790
0.3755
0.3731
0.3719
0.3684
0.3614
0.3590
0.3556
0.3556
0.3556
0.3532
0.3532
0.3544
0.3532
0.3509
0.3521
0.3544
0.3579
0.3532
0.3520
0.3520
0.3520
0.3520
141.0
144.2
148.8
157.6
148.7
142.7
131.9
128.4
127.5
126.3
123.5
127.1
132.6
143.6
156.5
165.4
171.1
173.3
171.9
172.7
176.5
178.6
179.4
179.3
179.7
183.3
187.6
189.7
192.7
191.5
196.3
202.7
208.4
214.9
215.6
215.2
214.1
212.4
210.2
207.7
204.7
201.3
197.4
193.2
188.6
183.6
178.5
173.3
167.9
162.4
156.8
151.1
145.5
140.0
134.3
128.9
123.5
118.3
113.1
108.1
103.1
98.32
93.68
89.11
84.61
80.32
76.10
71.93
67.91
63.93
60.01
56.17
52.45
48.73
45.11
41.57
38.06
34.67
31.38
28.18
25.04
22.04
19.17
16.31
13.44
10.65
8.001
5.664
3.728
2.296
1.556
1.342
1.328
1.319
1.305
1.282
1.254
1.222
1.187
1.150
1.114
1.079
1.042
1.007
0.9765
0.9436
0.9144
0.8874
0.8662
0.8463
0.8287
0.8122
0.7958
0.7828
0.7722
0.7640
0.7558
0.7488
0.7429
0.7370
0.7299
0.7264
0.7218
0.7182
0.7158
0.7158
0.7158
0.7147
0.7146
0.7158
0.7123
0.7030
0.6902
0.6596
0.6243
0.5826
0.5739
0.5680
0.5610
0.5598
0.5574
0.5597
0.5668
0.5842
0.6088
0.6323
0.6499
0.6653
0.6782
0.6829
0.6923
0.6959
0.7005
0.6994
0.6890
0.6760
0.6572
0.6247
0.5248
0.4480
0.3602
0.3567
0.3556
0.3544
0.3521
0.3509
0.3486
0.3474
0.3462
0.3450
0.3438
0.3415
0.3391
0.3380
0.3380
0.3403
0.3415
0.3427
0.3438
0.3474
0.3497
