SALVI
1
0
24
15.00
181
1.00

231102 OCH 5050 350 F2M2 VDR

231102 OCH 5050 350 F2M2 VDR.ldt
02 November 2023/TB
760
0
225
320
60
0
0
0
0
99.6
100.0
1.000
0.0
1
1
16 LED
4919.8


40.8
0.200
0.290
0.386
0.470
0.531
0.629
0.683
0.735
0.797
0.835
0.0
15.0
30.0
45.0
60.0
75.0
90.0
105.0
120.0
135.0
150.0
165.0
180.0
195.0
210.0
225.0
240.0
255.0
270.0
285.0
300.0
315.0
330.0
345.0
0.0
1.0
2.0
3.0
4.0
5.0
6.0
7.0
8.0
9.0
10.0
11.0
12.0
13.0
14.0
15.0
16.0
17.0
18.0
19.0
20.0
21.0
22.0
23.0
24.0
25.0
26.0
27.0
28.0
29.0
30.0
31.0
32.0
33.0
34.0
35.0
36.0
37.0
38.0
39.0
40.0
41.0
42.0
43.0
44.0
45.0
46.0
47.0
48.0
49.0
50.0
51.0
52.0
53.0
54.0
55.0
56.0
57.0
58.0
59.0
60.0
61.0
62.0
63.0
64.0
65.0
66.0
67.0
68.0
69.0
70.0
71.0
72.0
73.0
74.0
75.0
76.0
77.0
78.0
79.0
80.0
81.0
82.0
83.0
84.0
85.0
86.0
87.0
88.0
89.0
90.0
91.0
92.0
93.0
94.0
95.0
96.0
97.0
98.0
99.0
100.0
101.0
102.0
103.0
104.0
105.0
106.0
107.0
108.0
109.0
110.0
111.0
112.0
113.0
114.0
115.0
116.0
117.0
118.0
119.0
120.0
121.0
122.0
123.0
124.0
125.0
126.0
127.0
128.0
129.0
130.0
131.0
132.0
133.0
134.0
135.0
136.0
137.0
138.0
139.0
140.0
141.0
142.0
143.0
144.0
145.0
146.0
147.0
148.0
149.0
150.0
151.0
152.0
153.0
154.0
155.0
156.0
157.0
158.0
159.0
160.0
161.0
162.0
163.0
164.0
165.0
166.0
167.0
168.0
169.0
170.0
171.0
172.0
173.0
174.0
175.0
176.0
177.0
178.0
179.0
180.0
183.0
166.2
197.6
201.7
187.1
174.9
152.5
140.3
145.4
153.8
156.9
167.5
170.3
168.9
177.6
173.8
189.8
199.4
211.8
218.0
229.4
221.7
230.3
229.3
220.6
243.4
227.3
241.2
242.8
249.9
272.5
277.5
295.6
300.0
304.7
309.3
313.7
318.1
322.6
327.3
331.6
336.1
340.1
344.2
348.3
352.4
356.2
360.1
364.1
368.0
372.0
375.4
378.8
381.9
384.8
387.2
389.1
390.7
391.7
392.2
391.9
391.0
389.1
385.7
380.6
374.3
367.0
358.4
345.8
330.1
312.4
292.6
269.1
243.5
218.2
191.8
165.1
137.0
105.0
75.93
44.73
23.47
11.40
5.995
3.383
2.091
1.292
0.7632
0.4429
0.3467
0.4067
0.4614
0.5059
0.5618
0.6096
0.6526
0.6836
0.7104
0.7305
0.7544
0.7756
0.7993
0.8135
0.8295
0.8416
0.8565
0.8585
0.8615
0.8625
0.8625
0.8595
0.8585
0.8555
0.8545
0.8436
0.8365
0.8295
0.8225
0.8176
0.8086
0.8025
0.7986
0.7946
0.7926
0.7906
0.7906
0.7906
0.7936
0.7965
0.7965
0.7956
0.7946
0.7797
0.7684
0.7126
0.6817
0.6356
0.6277
0.6237
0.6236
0.6256
0.6296
0.6457
0.6625
0.6884
0.7138
0.7397
0.7656
0.7836
0.7886
0.7926
0.7965
0.7945
0.7895
0.7676
0.7428
0.7195
0.6926
0.5918
0.5089
0.4489
0.3468
0.3458
0.3458
0.3408
0.3368
0.3318
0.3288
0.3288
0.3288
0.3278
0.3278
0.3278
0.3278
0.3298
0.3298
0.3298
0.3298
0.3298
0.3298
0.3298
169.0
171.6
183.6
210.0
187.4
179.4
157.6
154.8
154.9
149.1
140.9
149.6
153.8
169.7
191.0
198.5
210.0
210.9
198.2
201.7
208.2
208.1
206.1
211.3
207.7
210.9
221.4
223.0
230.5
223.7
234.0
248.4
257.9
277.4
283.3
289.0
295.7
302.9
310.7
317.9
324.1
331.1
339.2
347.2
354.5
361.8
369.7
377.2
384.6
391.5
398.1
405.2
412.0
418.7
424.8
430.9
437.3
443.3
448.9
454.1
458.6
462.5
465.6
466.9
466.5
464.6
460.7
453.9
443.2
427.8
408.1
384.5
357.5
327.4
293.7
255.0
212.8
169.9
127.9
84.59
47.75
24.63
13.97
8.969
5.963
4.009
2.811
2.098
1.670
1.511
1.471
1.452
1.433
1.417
1.400
1.377
1.348
1.320
1.285
1.245
1.202
1.154
1.106
1.057
1.009
0.9632
0.9231
0.8893
0.8585
0.8333
0.8122
0.7924
0.7814
0.7675
0.7555
0.7445
0.7355
0.7286
0.7206
0.7156
0.7025
0.6996
0.6986
0.6986
0.6986
0.6986
0.6986
0.6986
0.6976
0.6966
0.6935
0.6875
0.6704
0.6420
0.5990
0.5606
0.5527
0.5527
0.5527
0.5527
0.5597
0.5697
0.5838
0.6060
0.6278
0.6538
0.6748
0.6877
0.6956
0.7006
0.7046
0.7036
0.7005
0.6923
0.6706
0.6525
0.6384
0.6240
0.5110
0.4037
0.3198
0.3188
0.3198
0.3198
0.3208
0.3218
0.3218
0.3228
0.3228
0.3238
0.3269
0.3309
0.3348
0.3388
0.3408
0.3448
0.3488
0.3518
0.3528
0.3528
0.3548
156.8
177.1
185.3
193.4
189.8
170.9
158.1
161.7
167.9
170.0
172.0
169.9
173.8
168.8
197.2
194.3
196.2
208.3
204.0
205.2
204.6
205.8
199.7
202.3
208.6
199.8
200.6
199.3
204.2
213.0
219.7
226.7
228.1
236.0
243.3
250.7
257.3
260.5
264.0
268.0
272.0
276.4
280.9
285.5
290.3
295.2
300.0
304.6
309.3
313.8
317.9
322.2
325.8
329.2
331.8
334.0
335.4
336.7
336.7
335.9
334.3
331.9
329.0
325.5
321.4
315.9
308.2
297.0
281.0
261.2
238.5
213.5
186.2
158.7
132.5
106.8
81.66
56.76
33.50
16.33
9.049
6.926
5.890
4.880
3.902
3.031
2.293
1.747
1.393
1.265
1.236
1.215
1.195
1.174
1.150
1.124
1.099
1.075
1.050
1.024
0.9986
0.9697
0.9457
0.9218
0.8997
0.8777
0.8566
0.8375
0.8217
0.8056
0.7916
0.7776
0.7696
0.7606
0.7526
0.7437
0.7317
0.7217
0.7127
0.7037
0.6987
0.6936
0.6906
0.6916
0.6887
0.6886
0.6876
0.6876
0.6846
0.6796
0.6648
0.6358
0.6198
0.6127
0.6047
0.5948
0.5907
0.5877
0.5877
0.5896
0.5907
0.5996
0.6086
0.6166
0.6206
0.6216
0.6196
0.6196
0.6196
0.6196
0.6117
0.5968
0.5738
0.5638
0.5627
0.5427
0.4439
0.3272
0.2972
0.2968
0.2968
0.2968
0.2968
0.2968
0.2968
0.2968
0.2968
0.2978
0.2978
0.3008
0.3028
0.3058
0.3088
0.3158
0.3218
0.3287
0.3308
0.3388
0.3448
0.3528
0.3578
152.3
177.7
184.1
193.8
183.3
169.4
151.3
134.1
137.5
141.5
154.0
186.4
202.1
205.5
199.9
191.8
195.8
206.2
196.1
194.1
196.6
199.6
200.9
214.2
229.7
235.9
222.0
217.2
211.6
215.5
219.0
237.7
254.7
260.8
264.7
269.3
273.9
278.7
283.4
288.2
292.9
297.1
301.0
304.3
306.9
308.6
309.9
309.8
309.0
307.3
304.4
300.8
296.6
291.6
286.7
281.2
275.3
268.6
261.0
252.1
241.9
230.3
217.5
203.5
188.7
173.1
157.8
142.7
127.3
111.3
95.75
82.11
70.46
59.92
47.35
33.69
23.13
16.56
11.79
8.647
7.065
6.416
5.612
4.576
3.417
2.318
1.400
0.7219
0.3635
0.2599
0.2670
0.2798
0.2919
0.3029
0.3169
0.3249
0.3329
0.3399
0.3448
0.3518
0.3578
0.3638
0.3678
0.3738
0.3798
0.3849
0.3918
0.3968
0.4018
0.4098
0.4178
0.4239
0.4328
0.4388
0.4488
0.4548
0.4638
0.4708
0.4798
0.4868
0.4979
0.5088
0.5188
0.5267
0.5307
0.5317
0.5317
0.5317
0.5317
0.5317
0.5337
0.5357
0.5388
0.5479
0.5609
0.5768
0.5889
0.6039
0.6197
0.6338
0.6458
0.6576
0.6666
0.6716
0.6716
0.6706
0.6636
0.6576
0.6526
0.6532
0.6244
0.5499
0.4129
0.3018
0.2728
0.2728
0.2729
0.2739
0.2749
0.2769
0.2809
0.2828
0.2839
0.2858
0.2878
0.2918
0.2939
0.2979
0.3019
0.3049
0.3119
0.3189
0.3238
0.3338
0.3389
0.3469
0.3558
0.3588
0.3658
0.3668
0.3668
156.4
168.9
183.9
191.8
184.7
152.6
141.2
156.1
156.9
140.1
155.9
162.8
161.4
175.4
199.4
205.8
191.4
189.9
190.3
208.3
223.5
225.1
222.5
213.0
219.0
218.9
217.7
228.9
233.8
240.5
247.6
256.9
272.2
279.2
289.7
305.9
313.4
318.6
323.0
326.7
329.6
331.5
332.1
331.2
328.6
325.5
321.6
317.0
311.6
305.9
299.5
292.8
285.1
275.8
264.8
252.2
238.2
222.7
206.7
191.1
176.4
162.7
150.5
139.3
129.6
120.6
111.6
101.0
90.15
79.00
70.08
60.96
51.83
43.68
36.01
29.03
23.71
19.10
14.66
10.80
8.184
6.655
5.288
4.090
3.135
2.312
1.647
1.195
0.9070
0.8169
0.8086
0.8016
0.7986
0.7906
0.7826
0.7766
0.7647
0.7566
0.7447
0.7326
0.7197
0.7037
0.6888
0.6787
0.6657
0.6538
0.6418
0.6297
0.6227
0.6167
0.6097
0.6027
0.5987
0.5957
0.5927
0.5867
0.5817
0.5767
0.5747
0.5727
0.5697
0.5707
0.5697
0.5697
0.5697
0.5697
0.5697
0.5736
0.5786
0.5787
0.5797
0.5658
0.5518
0.5477
0.5398
0.5357
0.5347
0.5337
0.5367
0.5437
0.5615
0.5756
0.5855
0.5906
0.6054
0.6096
0.6136
0.6215
0.6217
0.6226
0.6187
0.6127
0.5949
0.5818
0.5797
0.5442
0.4442
0.3220
0.2677
0.2659
0.2658
0.2658
0.2658
0.2658
0.2678
0.2698
0.2728
0.2748
0.2798
0.2808
0.2838
0.2928
0.3017
0.3098
0.3158
0.3227
0.3357
0.3448
0.3527
0.3578
0.3668
173.0
153.4
173.3
202.7
217.0
168.9
158.5
156.6
165.6
167.9
144.4
156.0
189.7
212.4
199.7
194.7
204.9
218.5
251.8
253.2
239.7
209.9
203.0
217.4
236.0
257.8
253.1
259.5
252.1
260.3
271.9
279.9
316.4
328.2
337.6
348.0
357.5
363.5
366.4
367.3
367.5
367.2
367.1
366.5
364.9
361.3
356.4
350.5
343.3
334.5
324.2
311.2
295.7
279.4
262.1
243.7
226.9
211.5
197.2
184.6
173.1
163.0
153.1
143.7
134.6
126.0
116.9
107.8
98.11
87.98
77.75
69.04
60.91
52.82
44.77
35.85
30.09
25.37
21.10
16.77
12.32
9.180
7.347
5.637
4.180
2.895
1.883
1.275
0.9520
0.8345
0.8315
0.8245
0.8225
0.8216
0.8234
0.8165
0.8084
0.7934
0.7833
0.7685
0.7544
0.7363
0.7204
0.7005
0.6855
0.6646
0.6505
0.6364
0.6215
0.6095
0.5995
0.5886
0.5806
0.5737
0.5696
0.5637
0.5606
0.5577
0.5567
0.5567
0.5567
0.5567
0.5567
0.5567
0.5607
0.5647
0.5707
0.5737
0.5717
0.5717
0.5717
0.5716
0.5595
0.5475
0.5136
0.4867
0.4857
0.4857
0.4858
0.4888
0.4958
0.5069
0.5301
0.5529
0.5790
0.6109
0.6408
0.6627
0.6727
0.6838
0.6986
0.6976
0.6986
0.6955
0.6805
0.6565
0.6496
0.6368
0.5584
0.3371
0.2779
0.2808
0.2819
0.2839
0.2888
0.2889
0.2928
0.2939
0.3008
0.3019
0.3068
0.3149
0.3209
0.3298
0.3369
0.3458
0.3548
0.3608
0.3668
0.3678
0.3678
183.0
141.2
180.0
193.7
214.2
171.0
186.8
148.2
145.6
147.3
162.9
195.4
236.0
174.1
146.5
174.5
178.7
236.5
282.7
298.3
243.3
244.3
246.5
248.5
289.7
270.2
274.0
271.9
285.3
306.4
313.9
354.9
363.1
369.5
375.0
379.3
382.6
384.3
384.1
382.6
379.7
375.7
370.7
364.9
358.1
351.0
343.0
334.1
324.1
312.6
298.6
282.7
266.2
248.5
231.7
216.4
202.5
189.7
178.7
169.1
160.4
151.3
142.9
134.0
126.0
118.2
110.8
101.9
94.46
86.68
79.97
70.31
60.35
50.38
42.62
36.09
30.96
26.64
21.15
15.82
10.94
7.883
6.031
4.548
3.331
2.210
1.116
0.5421
0.2631
0.1901
0.2019
0.2256
0.2614
0.2916
0.3295
0.3535
0.3758
0.3917
0.4077
0.4276
0.4437
0.4615
0.4836
0.4995
0.5096
0.5216
0.5337
0.5416
0.5536
0.5656
0.5696
0.5756
0.5777
0.5797
0.5836
0.5817
0.5817
0.5817
0.5817
0.5817
0.5817
0.5797
0.5797
0.5777
0.5757
0.5757
0.5757
0.5757
0.5796
0.5856
0.5955
0.6016
0.5997
0.6016
0.5917
0.5325
0.5058
0.5018
0.4997
0.4997
0.5017
0.5017
0.5257
0.5554
0.5872
0.6176
0.6494
0.6894
0.7053
0.7214
0.7354
0.7455
0.7595
0.7576
0.7595
0.7359
0.7097
0.6918
0.6777
0.4770
0.2888
0.2858
0.2858
0.2858
0.2858
0.2858
0.2858
0.2858
0.2878
0.2918
0.2918
0.3095
0.3177
0.3178
0.3238
0.3298
0.3398
0.3458
0.3558
0.3598
0.3698
173.0
153.4
173.3
202.7
217.0
168.9
158.5
156.6
165.6
167.9
144.4
156.0
189.7
212.4
199.7
194.7
204.9
218.5
251.8
253.2
239.7
209.9
203.0
217.4
236.0
257.8
253.1
259.5
252.1
260.3
271.9
279.9
316.4
328.2
337.6
348.0
357.5
363.5
366.4
367.3
367.5
367.2
367.1
366.5
364.9
361.3
356.4
350.5
343.3
334.5
324.2
311.2
295.7
279.4
262.1
243.7
226.9
211.5
197.2
184.6
173.1
163.0
153.1
143.7
134.6
126.0
116.9
107.8
98.11
87.98
77.75
69.04
60.91
52.82
44.77
35.85
30.09
25.37
21.10
16.77
12.32
9.180
7.347
5.637
4.180
2.895
1.883
1.275
0.9520
0.8345
0.8315
0.8245
0.8225
0.8216
0.8234
0.8165
0.8084
0.7934
0.7833
0.7685
0.7544
0.7363
0.7204
0.7005
0.6855
0.6646
0.6505
0.6364
0.6215
0.6095
0.5995
0.5886
0.5806
0.5737
0.5696
0.5637
0.5606
0.5577
0.5567
0.5567
0.5567
0.5567
0.5567
0.5567
0.5607
0.5647
0.5707
0.5737
0.5717
0.5717
0.5717
0.5716
0.5595
0.5475
0.5136
0.4867
0.4857
0.4857
0.4858
0.4888
0.4958
0.5069
0.5301
0.5529
0.5790
0.6109
0.6408
0.6627
0.6727
0.6838
0.6986
0.6976
0.6986
0.6955
0.6805
0.6565
0.6496
0.6368
0.5584
0.3371
0.2779
0.2808
0.2819
0.2839
0.2888
0.2889
0.2928
0.2939
0.3008
0.3019
0.3068
0.3149
0.3209
0.3298
0.3369
0.3458
0.3548
0.3608
0.3668
0.3678
0.3678
156.4
168.9
183.9
191.8
184.7
152.6
141.2
156.1
156.9
140.1
155.9
162.8
161.4
175.4
199.4
205.8
191.4
189.9
190.3
208.3
223.5
225.1
222.5
213.0
219.0
218.9
217.7
228.9
233.8
240.5
247.6
256.9
272.2
279.2
289.7
305.9
313.4
318.6
323.0
326.7
329.6
331.5
332.1
331.2
328.6
325.5
321.6
317.0
311.6
305.9
299.5
292.8
285.1
275.8
264.8
252.2
238.2
222.7
206.7
191.1
176.4
162.7
150.5
139.3
129.6
120.6
111.6
101.0
90.15
79.00
70.08
60.96
51.83
43.68
36.01
29.03
23.71
19.10
14.66
10.80
8.184
6.655
5.288
4.090
3.135
2.312
1.647
1.195
0.9070
0.8169
0.8086
0.8016
0.7986
0.7906
0.7826
0.7766
0.7647
0.7566
0.7447
0.7326
0.7197
0.7037
0.6888
0.6787
0.6657
0.6538
0.6418
0.6297
0.6227
0.6167
0.6097
0.6027
0.5987
0.5957
0.5927
0.5867
0.5817
0.5767
0.5747
0.5727
0.5697
0.5707
0.5697
0.5697
0.5697
0.5697
0.5697
0.5736
0.5786
0.5787
0.5797
0.5658
0.5518
0.5477
0.5398
0.5357
0.5347
0.5337
0.5367
0.5437
0.5615
0.5756
0.5855
0.5906
0.6054
0.6096
0.6136
0.6215
0.6217
0.6226
0.6187
0.6127
0.5949
0.5818
0.5797
0.5442
0.4442
0.3220
0.2677
0.2659
0.2658
0.2658
0.2658
0.2658
0.2678
0.2698
0.2728
0.2748
0.2798
0.2808
0.2838
0.2928
0.3017
0.3098
0.3158
0.3227
0.3357
0.3448
0.3527
0.3578
0.3668
152.3
177.7
184.1
193.8
183.3
169.4
151.3
134.1
137.5
141.5
154.0
186.4
202.1
205.5
199.9
191.8
195.8
206.2
196.1
194.1
196.6
199.6
200.9
214.2
229.7
235.9
222.0
217.2
211.6
215.5
219.0
237.7
254.7
260.8
264.7
269.3
273.9
278.7
283.4
288.2
292.9
297.1
301.0
304.3
306.9
308.6
309.9
309.8
309.0
307.3
304.4
300.8
296.6
291.6
286.7
281.2
275.3
268.6
261.0
252.1
241.9
230.3
217.5
203.5
188.7
173.1
157.8
142.7
127.3
111.3
95.75
82.11
70.46
59.92
47.35
33.69
23.13
16.56
11.79
8.647
7.065
6.416
5.612
4.576
3.417
2.318
1.400
0.7219
0.3635
0.2599
0.2670
0.2798
0.2919
0.3029
0.3169
0.3249
0.3329
0.3399
0.3448
0.3518
0.3578
0.3638
0.3678
0.3738
0.3798
0.3849
0.3918
0.3968
0.4018
0.4098
0.4178
0.4239
0.4328
0.4388
0.4488
0.4548
0.4638
0.4708
0.4798
0.4868
0.4979
0.5088
0.5188
0.5267
0.5307
0.5317
0.5317
0.5317
0.5317
0.5317
0.5337
0.5357
0.5388
0.5479
0.5609
0.5768
0.5889
0.6039
0.6197
0.6338
0.6458
0.6576
0.6666
0.6716
0.6716
0.6706
0.6636
0.6576
0.6526
0.6532
0.6244
0.5499
0.4129
0.3018
0.2728
0.2728
0.2729
0.2739
0.2749
0.2769
0.2809
0.2828
0.2839
0.2858
0.2878
0.2918
0.2939
0.2979
0.3019
0.3049
0.3119
0.3189
0.3238
0.3338
0.3389
0.3469
0.3558
0.3588
0.3658
0.3668
0.3668
156.8
177.1
185.3
193.4
189.8
170.9
158.1
161.7
167.9
170.0
172.0
169.9
173.8
168.8
197.2
194.3
196.2
208.3
204.0
205.2
204.6
205.8
199.7
202.3
208.6
199.8
200.6
199.3
204.2
213.0
219.7
226.7
228.1
236.0
243.3
250.7
257.3
260.5
264.0
268.0
272.0
276.4
280.9
285.5
290.3
295.2
300.0
304.6
309.3
313.8
317.9
322.2
325.8
329.2
331.8
334.0
335.4
336.7
336.7
335.9
334.3
331.9
329.0
325.5
321.4
315.9
308.2
297.0
281.0
261.2
238.5
213.5
186.2
158.7
132.5
106.8
81.66
56.76
33.50
16.33
9.049
6.926
5.890
4.880
3.902
3.031
2.293
1.747
1.393
1.265
1.236
1.215
1.195
1.174
1.150
1.124
1.099
1.075
1.050
1.024
0.9986
0.9697
0.9457
0.9218
0.8997
0.8777
0.8566
0.8375
0.8217
0.8056
0.7916
0.7776
0.7696
0.7606
0.7526
0.7437
0.7317
0.7217
0.7127
0.7037
0.6987
0.6936
0.6906
0.6916
0.6887
0.6886
0.6876
0.6876
0.6846
0.6796
0.6648
0.6358
0.6198
0.6127
0.6047
0.5948
0.5907
0.5877
0.5877
0.5896
0.5907
0.5996
0.6086
0.6166
0.6206
0.6216
0.6196
0.6196
0.6196
0.6196
0.6117
0.5968
0.5738
0.5638
0.5627
0.5427
0.4439
0.3272
0.2972
0.2968
0.2968
0.2968
0.2968
0.2968
0.2968
0.2968
0.2968
0.2978
0.2978
0.3008
0.3028
0.3058
0.3088
0.3158
0.3218
0.3287
0.3308
0.3388
0.3448
0.3528
0.3578
169.0
171.6
183.6
210.0
187.4
179.4
157.6
154.8
154.9
149.1
140.9
149.6
153.8
169.7
191.0
198.5
210.0
210.9
198.2
201.7
208.2
208.1
206.1
211.3
207.7
210.9
221.4
223.0
230.5
223.7
234.0
248.4
257.9
277.4
283.3
289.0
295.7
302.9
310.7
317.9
324.1
331.1
339.2
347.2
354.5
361.8
369.7
377.2
384.6
391.5
398.1
405.2
412.0
418.7
424.8
430.9
437.3
443.3
448.9
454.1
458.6
462.5
465.6
466.9
466.5
464.6
460.7
453.9
443.2
427.8
408.1
384.5
357.5
327.4
293.7
255.0
212.8
169.9
127.9
84.59
47.75
24.63
13.97
8.969
5.963
4.009
2.811
2.098
1.670
1.511
1.471
1.452
1.433
1.417
1.400
1.377
1.348
1.320
1.285
1.245
1.202
1.154
1.106
1.057
1.009
0.9632
0.9231
0.8893
0.8585
0.8333
0.8122
0.7924
0.7814
0.7675
0.7555
0.7445
0.7355
0.7286
0.7206
0.7156
0.7025
0.6996
0.6986
0.6986
0.6986
0.6986
0.6986
0.6986
0.6976
0.6966
0.6935
0.6875
0.6704
0.6420
0.5990
0.5606
0.5527
0.5527
0.5527
0.5527
0.5597
0.5697
0.5838
0.6060
0.6278
0.6538
0.6748
0.6877
0.6956
0.7006
0.7046
0.7036
0.7005
0.6923
0.6706
0.6525
0.6384
0.6240
0.5110
0.4037
0.3198
0.3188
0.3198
0.3198
0.3208
0.3218
0.3218
0.3228
0.3228
0.3238
0.3269
0.3309
0.3348
0.3388
0.3408
0.3448
0.3488
0.3518
0.3528
0.3528
0.3548
183.0
166.2
197.6
201.7
187.1
174.9
152.5
140.3
145.4
153.8
156.9
167.5
170.3
168.9
177.6
173.8
189.8
199.4
211.8
218.0
229.4
221.7
230.3
229.3
220.6
243.4
227.3
241.2
242.8
249.9
272.5
277.5
295.6
300.0
304.7
309.3
313.7
318.1
322.6
327.3
331.6
336.1
340.1
344.2
348.3
352.4
356.2
360.1
364.1
368.0
372.0
375.4
378.8
381.9
384.8
387.2
389.1
390.7
391.7
392.2
391.9
391.0
389.1
385.7
380.6
374.3
367.0
358.4
345.8
330.1
312.4
292.6
269.1
243.5
218.2
191.8
165.1
137.0
105.0
75.93
44.73
23.47
11.40
5.995
3.383
2.091
1.292
0.7632
0.4429
0.3467
0.4067
0.4614
0.5059
0.5618
0.6096
0.6526
0.6836
0.7104
0.7305
0.7544
0.7756
0.7993
0.8135
0.8295
0.8416
0.8565
0.8585
0.8615
0.8625
0.8625
0.8595
0.8585
0.8555
0.8545
0.8436
0.8365
0.8295
0.8225
0.8176
0.8086
0.8025
0.7986
0.7946
0.7926
0.7906
0.7906
0.7906
0.7936
0.7965
0.7965
0.7956
0.7946
0.7797
0.7684
0.7126
0.6817
0.6356
0.6277
0.6237
0.6236
0.6256
0.6296
0.6457
0.6625
0.6884
0.7138
0.7397
0.7656
0.7836
0.7886
0.7926
0.7965
0.7945
0.7895
0.7676
0.7428
0.7195
0.6926
0.5918
0.5089
0.4489
0.3468
0.3458
0.3458
0.3408
0.3368
0.3318
0.3288
0.3288
0.3288
0.3278
0.3278
0.3278
0.3278
0.3298
0.3298
0.3298
0.3298
0.3298
0.3298
0.3298
169.0
173.9
180.2
204.1
182.5
177.6
157.3
149.2
150.2
147.5
135.8
139.7
139.3
156.4
175.5
183.9
194.3
192.6
183.8
182.1
186.7
186.2
185.9
184.3
183.0
187.5
195.9
198.3
202.9
199.1
208.0
221.7
229.3
246.4
251.4
255.0
258.6
262.9
267.9
273.1
278.4
284.1
288.9
292.3
294.8
297.2
299.7
302.2
304.5
306.5
308.2
309.4
310.4
310.6
310.1
309.0
307.7
305.8
303.1
299.6
295.3
290.5
284.8
278.1
270.0
260.8
250.1
237.4
222.7
206.9
188.9
171.3
154.6
138.8
123.5
106.8
87.97
70.78
53.68
38.11
23.78
13.74
8.581
6.353
4.863
3.676
2.683
1.980
1.562
1.419
1.401
1.391
1.385
1.378
1.373
1.360
1.342
1.319
1.293
1.258
1.222
1.187
1.147
1.108
1.071
1.032
0.9988
0.9687
0.9408
0.9167
0.8955
0.8767
0.8616
0.8446
0.8346
0.8217
0.8136
0.8076
0.7976
0.7896
0.7826
0.7786
0.7726
0.7686
0.7686
0.7666
0.7656
0.7656
0.7646
0.7656
0.7676
0.7587
0.7496
0.7186
0.6830
0.6431
0.6377
0.6347
0.6287
0.6286
0.6296
0.6356
0.6486
0.6685
0.6914
0.7184
0.7395
0.7563
0.7655
0.7685
0.7735
0.7755
0.7785
0.7746
0.7549
0.7287
0.7087
0.6758
0.5613
0.4800
0.3830
0.3788
0.3768
0.3728
0.3708
0.3678
0.3609
0.3598
0.3558
0.3519
0.3488
0.3438
0.3438
0.3398
0.3378
0.3398
0.3408
0.3408
0.3438
0.3498
0.3568
156.8
175.9
181.4
189.2
182.5
161.4
145.6
148.0
153.3
150.8
150.7
144.1
146.6
147.1
166.5
164.3
166.0
171.4
167.7
163.6
164.9
161.8
153.5
152.1
155.1
150.2
150.5
153.6
147.5
151.8
163.3
158.9
163.7
168.1
169.5
174.5
177.9
179.1
180.3
181.5
182.2
182.3
182.0
181.9
181.7
181.7
181.4
181.0
180.3
179.3
178.1
176.7
175.1
173.1
171.0
168.8
166.1
163.0
159.6
156.1
152.0
147.6
143.0
137.7
131.9
125.8
119.2
111.0
102.0
91.88
82.21
73.29
65.20
57.29
49.43
40.56
32.07
24.80
18.73
14.21
10.90
8.653
6.844
5.576
4.507
3.495
2.595
1.899
1.475
1.325
1.293
1.287
1.279
1.267
1.257
1.240
1.221
1.197
1.173
1.145
1.115
1.082
1.049
1.019
0.9913
0.9651
0.9362
0.9132
0.8914
0.8733
0.8544
0.8425
0.8284
0.8214
0.8115
0.8025
0.7964
0.7865
0.7805
0.7796
0.7796
0.7796
0.7796
0.7796
0.7805
0.7776
0.7776
0.7755
0.7685
0.7615
0.7445
0.7203
0.6936
0.6846
0.6806
0.6786
0.6786
0.6807
0.6866
0.6927
0.7027
0.7137
0.7237
0.7286
0.7286
0.7286
0.7286
0.7286
0.7275
0.7174
0.7014
0.6814
0.6595
0.6416
0.6363
0.6090
0.5260
0.4409
0.3798
0.3778
0.3778
0.3767
0.3718
0.3688
0.3647
0.3558
0.3528
0.3518
0.3508
0.3508
0.3508
0.3508
0.3508
0.3519
0.3568
0.3598
0.3598
0.3628
0.3648
0.3668
0.3668
152.3
174.2
184.4
184.1
174.0
152.1
142.3
120.4
119.5
123.2
134.9
147.4
161.4
159.7
154.6
140.9
145.1
144.7
140.1
133.2
133.0
131.3
136.5
131.9
141.9
141.5
133.5
127.0
124.6
124.0
126.9
131.6
139.2
139.7
139.7
139.7
139.8
139.8
139.8
139.7
139.4
139.0
138.5
137.9
137.2
136.4
135.5
134.6
133.4
132.1
130.7
129.1
127.3
125.5
123.4
121.0
118.4
115.4
112.2
108.8
105.3
101.6
97.52
93.23
88.80
84.33
79.65
74.55
68.46
61.01
53.43
46.80
41.72
36.99
31.72
26.48
21.72
17.86
14.64
11.88
9.161
6.972
5.175
3.818
2.774
1.873
1.181
0.7071
0.4239
0.3406
0.3398
0.3517
0.3657
0.3807
0.3937
0.4037
0.4137
0.4257
0.4287
0.4327
0.4367
0.4437
0.4477
0.4577
0.4617
0.4726
0.4797
0.4867
0.4947
0.5037
0.5146
0.5246
0.5317
0.5426
0.5516
0.5606
0.5696
0.5786
0.5885
0.6006
0.6106
0.6206
0.6296
0.6376
0.6475
0.6536
0.6546
0.6546
0.6546
0.6546
0.6536
0.6536
0.6536
0.6536
0.6585
0.6645
0.6764
0.6856
0.6946
0.7085
0.7125
0.7245
0.7335
0.7336
0.7346
0.7346
0.7306
0.7158
0.6998
0.6976
0.6797
0.6030
0.4830
0.4037
0.3949
0.3928
0.3928
0.3928
0.3938
0.3918
0.3928
0.3918
0.3888
0.3878
0.3858
0.3838
0.3808
0.3788
0.3748
0.3748
0.3708
0.3688
0.3668
0.3648
0.3648
0.3648
0.3648
0.3648
0.3648
0.3648
0.3668
156.4
163.0
174.4
181.1
170.3
137.9
125.6
138.2
135.8
117.5
121.4
124.7
122.2
129.2
140.0
140.4
124.9
120.2
118.6
125.1
130.9
125.5
124.1
117.2
115.6
115.6
114.3
114.4
112.4
113.7
114.3
117.3
121.6
122.5
125.2
128.3
128.5
128.5
128.4
128.2
127.8
127.4
127.1
126.7
126.2
125.7
125.2
124.8
124.3
123.7
123.0
122.2
121.0
119.8
118.3
116.6
114.5
112.2
109.6
106.7
103.7
100.4
96.92
93.02
88.93
84.55
79.52
73.03
66.09
59.45
53.65
48.07
42.94
38.45
34.04
29.38
25.07
20.96
16.79
12.52
9.623
7.751
6.242
4.873
3.824
2.958
2.286
1.820
1.521
1.385
1.366
1.350
1.335
1.319
1.299
1.280
1.258
1.230
1.199
1.168
1.136
1.103
1.066
1.035
1.007
0.9761
0.9523
0.9284
0.9063
0.8903
0.8742
0.8564
0.8484
0.8404
0.8294
0.8224
0.8135
0.8034
0.7945
0.7935
0.7925
0.7885
0.7845
0.7815
0.7795
0.7765
0.7756
0.7765
0.7724
0.7574
0.7412
0.7023
0.6815
0.6685
0.6505
0.6446
0.6446
0.6446
0.6466
0.6476
0.6456
0.6416
0.6416
0.6416
0.6406
0.6406
0.6406
0.6406
0.6396
0.6325
0.6185
0.6015
0.5756
0.5687
0.5686
0.5643
0.5139
0.4112
0.3828
0.3828
0.3828
0.3808
0.3817
0.3768
0.3768
0.3748
0.3728
0.3718
0.3708
0.3698
0.3698
0.3698
0.3698
0.3708
0.3708
0.3708
0.3708
0.3708
0.3708
0.3708
0.3708
173.0
145.8
168.3
195.0
193.9
146.6
140.7
132.8
137.0
128.6
106.2
122.4
135.7
143.6
127.6
123.1
126.1
133.5
138.8
136.1
122.2
108.6
107.5
108.8
116.8
116.8
114.0
115.8
107.3
112.0
113.2
114.6
126.2
128.7
130.8
132.3
133.9
134.5
134.8
135.7
136.8
137.7
138.3
139.1
140.2
140.9
141.2
141.2
141.2
141.1
140.8
140.2
139.3
138.2
136.7
134.9
132.7
130.3
127.6
124.5
121.1
117.3
113.3
109.1
104.2
98.95
92.50
85.20
77.13
69.46
63.23
57.99
53.51
48.06
41.85
35.29
29.77
25.36
21.61
18.21
14.49
10.88
8.240
6.322
4.626
3.344
2.421
1.864
1.565
1.485
1.470
1.455
1.445
1.434
1.423
1.405
1.382
1.354
1.325
1.291
1.253
1.214
1.173
1.132
1.093
1.055
1.020
0.9865
0.9576
0.9336
0.9088
0.8875
0.8686
0.8516
0.8396
0.8285
0.8176
0.8096
0.8026
0.7947
0.7866
0.7806
0.7756
0.7716
0.7725
0.7706
0.7706
0.7706
0.7706
0.7696
0.7686
0.7666
0.7349
0.7128
0.6168
0.5938
0.5877
0.5749
0.5687
0.5637
0.5627
0.5627
0.5696
0.5885
0.6104
0.6325
0.6534
0.6635
0.6656
0.6696
0.6746
0.6796
0.6786
0.6786
0.6638
0.6368
0.6317
0.6287
0.5723
0.4313
0.4029
0.4028
0.4028
0.4008
0.3988
0.3978
0.3938
0.3908
0.3878
0.3848
0.3789
0.3768
0.3758
0.3708
0.3708
0.3708
0.3718
0.3678
0.3678
0.3678
0.3698
183.0
138.6
172.4
181.1
198.1
155.9
158.6
124.1
119.5
116.2
123.0
147.0
161.4
113.2
98.31
107.4
105.5
136.2
151.6
151.6
124.3
120.8
118.6
121.0
130.9
121.2
120.0
114.1
122.2
125.1
125.8
137.7
138.9
139.7
140.3
140.5
140.7
140.6
140.5
140.5
140.5
140.4
140.5
140.7
140.7
141.0
141.1
141.3
141.4
141.3
140.9
140.4
139.6
138.5
137.2
135.3
133.2
130.6
127.9
125.0
121.5
117.9
114.2
109.8
105.1
99.91
93.46
84.95
77.11
70.15
65.04
59.75
53.43
47.38
41.90
35.98
30.67
25.41
20.38
15.67
11.23
7.758
5.576
4.274
3.103
2.087
1.193
0.5981
0.3274
0.3028
0.3780
0.4218
0.4620
0.5085
0.5719
0.6080
0.6398
0.6677
0.6960
0.7222
0.7538
0.7917
0.8237
0.8456
0.8635
0.8775
0.8895
0.8915
0.8915
0.8915
0.8915
0.8914
0.8854
0.8795
0.8634
0.8574
0.8495
0.8395
0.8354
0.8275
0.8215
0.8154
0.8075
0.8035
0.8035
0.8035
0.8035
0.8035
0.8036
0.8055
0.8035
0.8035
0.7990
0.7595
0.7374
0.6489
0.5995
0.5877
0.5857
0.5857
0.5858
0.5938
0.6077
0.6237
0.6479
0.6718
0.6959
0.7157
0.7256
0.7256
0.7256
0.7256
0.7235
0.7055
0.6935
0.6614
0.6356
0.6294
0.6176
0.5368
0.3917
0.3878
0.3857
0.3838
0.3838
0.3798
0.3777
0.3738
0.3718
0.3698
0.3698
0.3698
0.3698
0.3718
0.3738
0.3738
0.3738
0.3778
0.3798
0.3798
0.3818
173.0
145.8
168.3
195.0
193.9
146.6
140.7
132.8
137.0
128.6
106.2
122.4
135.7
143.6
127.6
123.1
126.1
133.5
138.8
136.1
122.2
108.6
107.5
108.8
116.8
116.8
114.0
115.8
107.3
112.0
113.2
114.6
126.2
128.7
130.8
132.3
133.9
134.5
134.8
135.7
136.8
137.7
138.3
139.1
140.2
140.9
141.2
141.2
141.2
141.1
140.8
140.2
139.3
138.2
136.7
134.9
132.7
130.3
127.6
124.5
121.1
117.3
113.3
109.1
104.2
98.95
92.50
85.20
77.13
69.46
63.23
57.99
53.51
48.06
41.85
35.29
29.77
25.36
21.61
18.21
14.49
10.88
8.240
6.322
4.626
3.344
2.421
1.864
1.565
1.485
1.470
1.455
1.445
1.434
1.423
1.405
1.382
1.354
1.325
1.291
1.253
1.214
1.173
1.132
1.093
1.055
1.020
0.9865
0.9576
0.9336
0.9088
0.8875
0.8686
0.8516
0.8396
0.8285
0.8176
0.8096
0.8026
0.7947
0.7866
0.7806
0.7756
0.7716
0.7725
0.7706
0.7706
0.7706
0.7706
0.7696
0.7686
0.7666
0.7349
0.7128
0.6168
0.5938
0.5877
0.5749
0.5687
0.5637
0.5627
0.5627
0.5696
0.5885
0.6104
0.6325
0.6534
0.6635
0.6656
0.6696
0.6746
0.6796
0.6786
0.6786
0.6638
0.6368
0.6317
0.6287
0.5723
0.4313
0.4029
0.4028
0.4028
0.4008
0.3988
0.3978
0.3938
0.3908
0.3878
0.3848
0.3789
0.3768
0.3758
0.3708
0.3708
0.3708
0.3718
0.3678
0.3678
0.3678
0.3698
156.4
163.0
174.4
181.1
170.3
137.9
125.6
138.2
135.8
117.5
121.4
124.7
122.2
129.2
140.0
140.4
124.9
120.2
118.6
125.1
130.9
125.5
124.1
117.2
115.6
115.6
114.3
114.4
112.4
113.7
114.3
117.3
121.6
122.5
125.2
128.3
128.5
128.5
128.4
128.2
127.8
127.4
127.1
126.7
126.2
125.7
125.2
124.8
124.3
123.7
123.0
122.2
121.0
119.8
118.3
116.6
114.5
112.2
109.6
106.7
103.7
100.4
96.92
93.02
88.93
84.55
79.52
73.03
66.09
59.45
53.65
48.07
42.94
38.45
34.04
29.38
25.07
20.96
16.79
12.52
9.623
7.751
6.242
4.873
3.824
2.958
2.286
1.820
1.521
1.385
1.366
1.350
1.335
1.319
1.299
1.280
1.258
1.230
1.199
1.168
1.136
1.103
1.066
1.035
1.007
0.9761
0.9523
0.9284
0.9063
0.8903
0.8742
0.8564
0.8484
0.8404
0.8294
0.8224
0.8135
0.8034
0.7945
0.7935
0.7925
0.7885
0.7845
0.7815
0.7795
0.7765
0.7756
0.7765
0.7724
0.7574
0.7412
0.7023
0.6815
0.6685
0.6505
0.6446
0.6446
0.6446
0.6466
0.6476
0.6456
0.6416
0.6416
0.6416
0.6406
0.6406
0.6406
0.6406
0.6396
0.6325
0.6185
0.6015
0.5756
0.5687
0.5686
0.5643
0.5139
0.4112
0.3828
0.3828
0.3828
0.3808
0.3817
0.3768
0.3768
0.3748
0.3728
0.3718
0.3708
0.3698
0.3698
0.3698
0.3698
0.3708
0.3708
0.3708
0.3708
0.3708
0.3708
0.3708
0.3708
152.3
174.2
184.4
184.1
174.0
152.1
142.3
120.4
119.5
123.2
134.9
147.4
161.4
159.7
154.6
140.9
145.1
144.7
140.1
133.2
133.0
131.3
136.5
131.9
141.9
141.5
133.5
127.0
124.6
124.0
126.9
131.6
139.2
139.7
139.7
139.7
139.8
139.8
139.8
139.7
139.4
139.0
138.5
137.9
137.2
136.4
135.5
134.6
133.4
132.1
130.7
129.1
127.3
125.5
123.4
121.0
118.4
115.4
112.2
108.8
105.3
101.6
97.52
93.23
88.80
84.33
79.65
74.55
68.46
61.01
53.43
46.80
41.72
36.99
31.72
26.48
21.72
17.86
14.64
11.88
9.161
6.972
5.175
3.818
2.774
1.873
1.181
0.7071
0.4239
0.3406
0.3398
0.3517
0.3657
0.3807
0.3937
0.4037
0.4137
0.4257
0.4287
0.4327
0.4367
0.4437
0.4477
0.4577
0.4617
0.4726
0.4797
0.4867
0.4947
0.5037
0.5146
0.5246
0.5317
0.5426
0.5516
0.5606
0.5696
0.5786
0.5885
0.6006
0.6106
0.6206
0.6296
0.6376
0.6475
0.6536
0.6546
0.6546
0.6546
0.6546
0.6536
0.6536
0.6536
0.6536
0.6585
0.6645
0.6764
0.6856
0.6946
0.7085
0.7125
0.7245
0.7335
0.7336
0.7346
0.7346
0.7306
0.7158
0.6998
0.6976
0.6797
0.6030
0.4830
0.4037
0.3949
0.3928
0.3928
0.3928
0.3938
0.3918
0.3928
0.3918
0.3888
0.3878
0.3858
0.3838
0.3808
0.3788
0.3748
0.3748
0.3708
0.3688
0.3668
0.3648
0.3648
0.3648
0.3648
0.3648
0.3648
0.3648
0.3668
156.8
175.9
181.4
189.2
182.5
161.4
145.6
148.0
153.3
150.8
150.7
144.1
146.6
147.1
166.5
164.3
166.0
171.4
167.7
163.6
164.9
161.8
153.5
152.1
155.1
150.2
150.5
153.6
147.5
151.8
163.3
158.9
163.7
168.1
169.5
174.5
177.9
179.1
180.3
181.5
182.2
182.3
182.0
181.9
181.7
181.7
181.4
181.0
180.3
179.3
178.1
176.7
175.1
173.1
171.0
168.8
166.1
163.0
159.6
156.1
152.0
147.6
143.0
137.7
131.9
125.8
119.2
111.0
102.0
91.88
82.21
73.29
65.20
57.29
49.43
40.56
32.07
24.80
18.73
14.21
10.90
8.653
6.844
5.576
4.507
3.495
2.595
1.899
1.475
1.325
1.293
1.287
1.279
1.267
1.257
1.240
1.221
1.197
1.173
1.145
1.115
1.082
1.049
1.019
0.9913
0.9651
0.9362
0.9132
0.8914
0.8733
0.8544
0.8425
0.8284
0.8214
0.8115
0.8025
0.7964
0.7865
0.7805
0.7796
0.7796
0.7796
0.7796
0.7796
0.7805
0.7776
0.7776
0.7755
0.7685
0.7615
0.7445
0.7203
0.6936
0.6846
0.6806
0.6786
0.6786
0.6807
0.6866
0.6927
0.7027
0.7137
0.7237
0.7286
0.7286
0.7286
0.7286
0.7286
0.7275
0.7174
0.7014
0.6814
0.6595
0.6416
0.6363
0.6090
0.5260
0.4409
0.3798
0.3778
0.3778
0.3767
0.3718
0.3688
0.3647
0.3558
0.3528
0.3518
0.3508
0.3508
0.3508
0.3508
0.3508
0.3519
0.3568
0.3598
0.3598
0.3628
0.3648
0.3668
0.3668
169.0
173.9
180.2
204.1
182.5
177.6
157.3
149.2
150.2
147.5
135.8
139.7
139.3
156.4
175.5
183.9
194.3
192.6
183.8
182.1
186.7
186.2
185.9
184.3
183.0
187.5
195.9
198.3
202.9
199.1
208.0
221.7
229.3
246.4
251.4
255.0
258.6
262.9
267.9
273.1
278.4
284.1
288.9
292.3
294.8
297.2
299.7
302.2
304.5
306.5
308.2
309.4
310.4
310.6
310.1
309.0
307.7
305.8
303.1
299.6
295.3
290.5
284.8
278.1
270.0
260.8
250.1
237.4
222.7
206.9
188.9
171.3
154.6
138.8
123.5
106.8
87.97
70.78
53.68
38.11
23.78
13.74
8.581
6.353
4.863
3.676
2.683
1.980
1.562
1.419
1.401
1.391
1.385
1.378
1.373
1.360
1.342
1.319
1.293
1.258
1.222
1.187
1.147
1.108
1.071
1.032
0.9988
0.9687
0.9408
0.9167
0.8955
0.8767
0.8616
0.8446
0.8346
0.8217
0.8136
0.8076
0.7976
0.7896
0.7826
0.7786
0.7726
0.7686
0.7686
0.7666
0.7656
0.7656
0.7646
0.7656
0.7676
0.7587
0.7496
0.7186
0.6830
0.6431
0.6377
0.6347
0.6287
0.6286
0.6296
0.6356
0.6486
0.6685
0.6914
0.7184
0.7395
0.7563
0.7655
0.7685
0.7735
0.7755
0.7785
0.7746
0.7549
0.7287
0.7087
0.6758
0.5613
0.4800
0.3830
0.3788
0.3768
0.3728
0.3708
0.3678
0.3609
0.3598
0.3558
0.3519
0.3488
0.3438
0.3438
0.3398
0.3378
0.3398
0.3408
0.3408
0.3438
0.3498
0.3568
