SALVI
1
0
24
15.00
181
1.00

231103 OCH Y50 350 F5M1 PMMA CTRANSP

231102 OCH Y50 350 F5M1 CTRANSP.ldt
20 November 2023/TB
760
0
225
320
60
0
0
0
0
98.5
100.0
1.000
0.0
1
1
16 LED
8390.9


68.9
0.100
0.172
0.255
0.335
0.399
0.507
0.575
0.637
0.715
0.766
0.0
15.0
30.0
45.0
60.0
75.0
90.0
105.0
120.0
135.0
150.0
165.0
180.0
195.0
210.0
225.0
240.0
255.0
270.0
285.0
300.0
315.0
330.0
345.0
0.0
1.0
2.0
3.0
4.0
5.0
6.0
7.0
8.0
9.0
10.0
11.0
12.0
13.0
14.0
15.0
16.0
17.0
18.0
19.0
20.0
21.0
22.0
23.0
24.0
25.0
26.0
27.0
28.0
29.0
30.0
31.0
32.0
33.0
34.0
35.0
36.0
37.0
38.0
39.0
40.0
41.0
42.0
43.0
44.0
45.0
46.0
47.0
48.0
49.0
50.0
51.0
52.0
53.0
54.0
55.0
56.0
57.0
58.0
59.0
60.0
61.0
62.0
63.0
64.0
65.0
66.0
67.0
68.0
69.0
70.0
71.0
72.0
73.0
74.0
75.0
76.0
77.0
78.0
79.0
80.0
81.0
82.0
83.0
84.0
85.0
86.0
87.0
88.0
89.0
90.0
91.0
92.0
93.0
94.0
95.0
96.0
97.0
98.0
99.0
100.0
101.0
102.0
103.0
104.0
105.0
106.0
107.0
108.0
109.0
110.0
111.0
112.0
113.0
114.0
115.0
116.0
117.0
118.0
119.0
120.0
121.0
122.0
123.0
124.0
125.0
126.0
127.0
128.0
129.0
130.0
131.0
132.0
133.0
134.0
135.0
136.0
137.0
138.0
139.0
140.0
141.0
142.0
143.0
144.0
145.0
146.0
147.0
148.0
149.0
150.0
151.0
152.0
153.0
154.0
155.0
156.0
157.0
158.0
159.0
160.0
161.0
162.0
163.0
164.0
165.0
166.0
167.0
168.0
169.0
170.0
171.0
172.0
173.0
174.0
175.0
176.0
177.0
178.0
179.0
180.0
59.43
60.55
59.91
58.18
55.38
50.63
52.56
52.07
47.04
39.46
38.73
45.57
50.95
60.10
59.27
61.49
65.82
61.26
70.27
76.12
86.63
101.3
100.3
101.5
89.86
95.30
107.1
120.5
120.2
128.4
139.4
146.3
157.0
160.6
173.7
182.6
184.6
198.5
206.8
211.8
208.9
209.1
214.9
215.6
219.5
219.1
228.1
235.1
235.4
237.7
242.9
249.6
256.9
265.4
270.2
277.7
286.3
296.3
304.8
312.1
321.9
328.3
338.3
342.4
346.3
347.5
344.2
335.2
323.5
304.6
277.6
248.3
218.0
178.6
131.4
99.68
89.58
83.48
76.43
67.96
60.81
57.63
49.94
43.30
36.29
31.86
31.00
30.66
29.59
28.06
25.47
22.60
16.94
12.38
8.399
5.457
3.940
3.425
3.454
3.411
3.538
3.589
3.388
3.037
2.581
2.302
1.795
1.349
1.218
1.133
1.115
1.086
1.054
1.104
1.218
1.221
1.667
1.708
1.735
1.818
1.903
2.073
2.117
2.147
2.184
2.420
2.571
2.727
2.865
2.806
2.799
2.521
2.459
2.479
2.066
1.663
1.519
1.456
1.226
1.117
0.9875
0.8086
0.6803
0.6023
0.5773
0.5808
0.6059
0.6439
0.8828
1.373
1.229
1.395
1.355
1.895
1.797
1.555
1.031
0.5887
0.3917
0.3048
0.2587
0.2361
0.2262
0.2244
0.2226
0.2186
0.2162
0.2121
0.2092
0.2080
0.2033
0.2028
0.2028
0.2028
0.2028
0.2039
0.2063
0.2074
0.2092
0.2098
0.2110
61.16
63.08
63.62
64.24
57.77
56.40
49.28
50.36
49.04
45.62
40.58
42.05
50.29
59.46
65.07
65.28
70.83
60.83
66.11
70.71
78.54
86.84
90.46
87.66
85.12
80.21
89.31
109.7
105.9
109.0
112.9
122.4
142.8
142.5
157.1
162.4
165.0
169.6
180.9
187.2
192.1
195.8
197.4
197.0
201.5
202.9
213.3
220.9
229.1
235.0
244.8
253.6
261.7
264.2
267.5
277.7
288.2
296.5
308.6
316.4
324.0
332.3
339.8
349.9
354.2
354.0
351.7
347.4
339.9
326.3
308.3
282.8
255.3
213.0
163.8
123.7
102.8
92.15
85.54
77.47
70.14
67.11
57.93
49.36
39.80
31.84
29.73
29.65
29.01
28.85
26.62
22.87
18.38
13.94
10.71
8.843
6.983
5.329
4.667
3.820
3.352
3.035
2.828
2.579
2.260
2.025
1.694
1.455
1.266
1.119
1.084
1.071
1.059
1.036
1.025
1.091
1.211
1.192
1.318
1.355
1.518
1.529
1.470
1.439
1.597
1.643
1.659
1.653
1.831
1.623
1.582
1.619
1.747
1.480
1.298
1.369
1.115
0.9928
1.112
0.8340
0.7364
0.6723
0.5472
0.5427
0.5450
0.5576
0.5814
0.7374
0.9991
1.121
1.421
1.503
1.630
1.610
1.224
1.056
0.5468
0.3793
0.2993
0.2361
0.2133
0.2110
0.2109
0.2057
0.2016
0.2010
0.2004
0.2004
0.2004
0.2010
0.2016
0.2039
0.2034
0.2057
0.2086
0.2086
0.2104
0.2110
0.2127
0.2127
0.2127
61.92
62.94
63.15
65.07
58.15
49.28
47.68
50.71
53.49
52.50
50.03
44.78
47.21
51.73
63.13
68.45
69.18
75.80
79.12
69.33
71.01
74.76
78.66
83.74
80.02
82.16
78.95
78.56
82.84
86.32
110.4
125.0
124.0
126.9
127.2
134.9
145.6
145.8
149.6
154.9
161.4
171.6
179.9
185.5
187.3
192.8
197.3
200.3
200.8
203.1
211.1
219.5
225.5
227.6
236.2
252.4
258.7
260.4
265.8
274.3
283.9
295.3
302.3
306.3
311.0
310.6
310.3
304.9
293.0
280.9
259.1
236.3
212.9
188.1
155.0
126.6
105.8
90.84
84.18
78.99
68.10
60.73
55.65
48.04
40.04
32.80
28.29
26.45
25.71
24.14
21.17
17.78
14.98
12.62
10.80
9.595
8.161
6.638
5.291
4.254
3.219
2.381
1.974
1.888
1.796
1.651
1.553
1.441
1.375
1.366
1.351
1.354
1.325
1.299
1.276
1.233
1.241
1.175
1.140
1.114
1.100
1.102
1.082
1.082
1.103
1.163
1.173
1.187
1.203
1.162
1.078
1.117
1.075
1.026
0.8834
0.7889
0.7581
0.6983
0.6543
0.6214
0.6142
0.5879
0.5438
0.5257
0.5094
0.4971
0.5385
0.9697
1.188
1.109
1.237
0.9682
0.8379
0.6355
0.4578
0.3747
0.2915
0.2356
0.2309
0.2286
0.2245
0.2215
0.2168
0.2157
0.2127
0.2110
0.2080
0.2063
0.2057
0.2039
0.2045
0.2022
0.2022
0.2022
0.2027
0.2051
0.2057
0.2063
0.2086
0.2092
0.2127
63.70
62.42
62.55
61.17
61.27
54.74
46.04
44.72
47.23
51.75
57.73
57.21
58.94
55.59
58.56
62.91
65.53
68.69
70.15
69.92
73.69
81.90
77.35
75.96
82.75
74.16
86.76
86.63
97.40
101.0
109.1
111.9
119.9
121.2
124.9
133.2
138.3
147.2
156.1
158.9
159.9
164.1
173.7
179.9
186.4
188.7
191.9
202.2
209.7
219.4
221.3
230.1
234.3
245.1
255.6
264.8
272.6
283.3
289.9
289.3
290.8
290.5
291.0
291.6
287.2
280.3
275.8
265.9
255.5
243.7
228.0
209.8
184.9
154.4
125.7
107.3
100.5
94.69
87.74
77.88
71.41
64.94
55.72
48.44
36.20
27.32
21.76
18.11
15.15
12.86
11.75
10.63
9.364
8.454
7.772
6.412
5.325
4.013
3.092
2.396
1.956
1.973
1.916
1.947
1.976
1.901
1.874
1.690
1.556
1.520
1.264
1.157
1.156
1.161
1.134
1.116
1.081
1.024
0.9969
0.9573
0.9187
0.9124
0.9104
0.8618
0.8485
0.8484
0.8266
0.8088
0.7717
0.7258
0.6987
0.6585
0.6420
0.6274
0.6093
0.5853
0.5760
0.5690
0.5626
0.5625
0.5561
0.5587
0.5179
0.5056
0.4993
0.4968
0.5934
0.7774
0.7306
0.5096
0.4199
0.3620
0.3037
0.2542
0.2344
0.2320
0.2262
0.2232
0.2203
0.2156
0.2150
0.2103
0.2057
0.2051
0.2051
0.2045
0.2051
0.2039
0.2028
0.2028
0.2045
0.2063
0.2080
0.2110
0.2133
0.2156
0.2174
0.2198
0.2221
0.2215
0.2227
65.47
61.29
59.14
61.04
62.21
54.39
49.05
44.34
39.95
37.03
44.42
53.62
62.85
66.33
64.58
63.65
60.93
62.31
67.40
73.31
77.33
76.92
73.53
78.65
85.17
88.64
93.35
97.04
92.65
91.56
100.4
108.2
114.9
119.3
128.6
133.0
136.2
142.2
145.7
154.3
157.9
162.2
166.7
176.3
181.2
186.0
190.1
195.3
204.2
212.8
217.2
224.3
226.5
231.9
237.6
245.6
249.0
251.4
255.6
255.9
253.1
251.0
245.9
239.3
235.3
229.2
220.8
212.6
201.2
183.3
158.1
128.1
98.52
89.96
87.30
84.31
80.76
75.56
72.55
65.50
61.57
56.64
47.19
40.65
32.78
24.91
22.08
20.31
18.35
16.39
14.21
13.05
11.39
9.925
8.928
8.061
6.798
5.581
4.767
3.568
2.602
2.075
1.862
1.828
1.652
1.551
1.447
1.373
1.306
1.261
1.238
1.226
1.186
1.172
1.114
1.124
1.102
1.098
1.107
1.087
1.071
1.106
1.119
1.137
1.100
1.086
1.080
1.092
1.057
1.024
0.9955
0.9812
0.9638
0.8785
0.8090
0.7209
0.6761
0.6272
0.5803
0.5435
0.5137
0.4911
0.4812
0.4648
0.4618
0.4653
0.4903
0.5074
0.6770
0.9151
1.069
0.9057
0.7591
0.5735
0.4861
0.3715
0.2952
0.2544
0.2341
0.2292
0.2256
0.2239
0.2204
0.2180
0.2157
0.2133
0.2104
0.2086
0.2075
0.2057
0.2051
0.2051
0.2051
0.2051
0.2051
0.2063
0.2115
0.2156
0.2180
0.2209
0.2227
65.98
59.57
60.36
59.96
61.95
59.88
50.29
47.97
46.64
47.82
53.16
53.60
55.05
54.64
52.14
56.69
63.66
74.91
86.48
85.29
77.26
76.82
79.21
88.98
91.54
96.32
94.37
103.3
106.7
113.4
119.5
128.0
140.0
145.4
150.1
153.4
159.2
167.6
172.6
178.3
182.6
188.3
194.8
201.2
206.9
214.7
222.2
232.0
239.4
245.1
251.7
259.1
265.1
268.7
270.1
270.8
270.6
268.8
267.7
268.4
265.7
263.2
258.6
249.8
241.1
227.0
214.0
194.9
170.7
141.4
110.2
93.38
92.67
92.77
91.78
87.03
83.23
75.60
68.00
61.97
57.88
49.08
42.87
34.20
26.73
21.69
20.23
19.22
17.33
15.73
13.57
11.29
10.11
9.308
8.240
6.686
5.087
4.017
3.676
3.149
3.050
2.719
2.430
2.344
2.103
1.766
1.501
1.297
1.144
1.050
1.016
1.009
0.9901
0.9740
0.9838
1.075
1.103
1.135
1.285
1.425
1.389
1.462
1.560
1.518
1.511
1.377
1.497
1.481
1.574
1.519
1.450
1.435
1.426
1.292
1.406
1.191
1.157
1.035
0.9094
0.7111
0.6089
0.5479
0.4811
0.4811
0.4823
0.4938
0.5224
0.5793
0.7101
1.041
1.088
1.388
1.421
1.246
1.396
0.8861
0.5036
0.4430
0.3263
0.2487
0.2215
0.2150
0.2092
0.2074
0.2057
0.2057
0.2057
0.2057
0.2057
0.2057
0.2063
0.2092
0.2104
0.2133
0.2157
0.2168
0.2209
0.2227
0.2233
0.2233
0.2233
65.87
61.88
58.00
59.06
64.62
63.68
57.95
53.80
42.37
44.61
51.49
67.28
70.85
51.55
43.78
44.68
58.62
79.14
88.84
79.33
81.99
83.38
92.93
102.6
110.5
100.2
105.1
111.1
122.2
129.7
137.8
149.8
157.0
159.2
166.9
174.0
177.5
182.4
185.7
189.2
193.4
201.3
207.7
216.3
221.3
227.7
234.5
240.7
245.1
246.6
251.9
261.2
263.4
262.3
263.6
263.2
265.7
262.0
260.0
261.3
258.8
250.2
244.7
236.3
225.5
213.6
192.3
170.3
146.3
117.8
94.62
88.58
89.91
89.80
87.32
82.42
77.48
68.55
60.84
55.89
51.07
38.72
34.66
30.59
23.13
20.28
18.81
17.38
15.50
13.78
11.75
9.590
8.114
7.301
6.496
4.727
3.403
3.249
3.194
3.007
3.055
3.088
2.694
2.428
1.992
1.624
1.383
1.168
1.098
1.061
1.035
1.033
1.015
1.007
1.080
1.493
1.454
1.498
1.625
1.889
2.023
1.985
2.088
2.262
2.339
2.552
2.554
2.502
2.609
2.759
2.552
2.443
2.293
2.100
1.887
1.789
1.307
1.163
1.071
0.9708
0.8358
0.6499
0.5870
0.5156
0.4994
0.4981
0.5168
0.5415
0.5900
0.8574
1.182
1.250
1.701
1.783
1.774
1.364
0.7144
0.4940
0.4092
0.2889
0.2301
0.2274
0.2250
0.2215
0.2180
0.2145
0.2145
0.2133
0.2098
0.2098
0.2086
0.2063
0.2063
0.2063
0.2086
0.2110
0.2121
0.2145
0.2180
0.2203
0.2215
65.98
59.57
60.36
59.96
61.95
59.88
50.29
47.97
46.64
47.82
53.16
53.60
55.05
54.64
52.14
56.69
63.66
74.91
86.48
85.29
77.26
76.82
79.21
88.98
91.54
96.32
94.37
103.3
106.7
113.4
119.5
128.0
140.0
145.4
150.1
153.4
159.2
167.6
172.6
178.3
182.6
188.3
194.8
201.2
206.9
214.7
222.2
232.0
239.4
245.1
251.7
259.1
265.1
268.7
270.1
270.8
270.6
268.8
267.7
268.4
265.7
263.2
258.6
249.8
241.1
227.0
214.0
194.9
170.7
141.4
110.2
93.38
92.67
92.77
91.78
87.03
83.23
75.60
68.00
61.97
57.88
49.08
42.87
34.20
26.73
21.69
20.23
19.22
17.33
15.73
13.57
11.29
10.11
9.308
8.240
6.686
5.087
4.017
3.676
3.149
3.050
2.719
2.430
2.344
2.103
1.766
1.501
1.297
1.144
1.050
1.016
1.009
0.9901
0.9740
0.9838
1.075
1.103
1.135
1.285
1.425
1.389
1.462
1.560
1.518
1.511
1.377
1.497
1.481
1.574
1.519
1.450
1.435
1.426
1.292
1.406
1.191
1.157
1.035
0.9094
0.7111
0.6089
0.5479
0.4811
0.4811
0.4823
0.4938
0.5224
0.5793
0.7101
1.041
1.088
1.388
1.421
1.246
1.396
0.8861
0.5036
0.4430
0.3263
0.2487
0.2215
0.2150
0.2092
0.2074
0.2057
0.2057
0.2057
0.2057
0.2057
0.2057
0.2063
0.2092
0.2104
0.2133
0.2157
0.2168
0.2209
0.2227
0.2233
0.2233
0.2233
65.47
61.29
59.14
61.04
62.21
54.39
49.05
44.34
39.95
37.03
44.42
53.62
62.85
66.33
64.58
63.65
60.93
62.31
67.40
73.31
77.33
76.92
73.53
78.65
85.17
88.64
93.35
97.04
92.65
91.56
100.4
108.2
114.9
119.3
128.6
133.0
136.2
142.2
145.7
154.3
157.9
162.2
166.7
176.3
181.2
186.0
190.1
195.3
204.2
212.8
217.2
224.3
226.5
231.9
237.6
245.6
249.0
251.4
255.6
255.9
253.1
251.0
245.9
239.3
235.3
229.2
220.8
212.6
201.2
183.3
158.1
128.1
98.52
89.96
87.30
84.31
80.76
75.56
72.55
65.50
61.57
56.64
47.19
40.65
32.78
24.91
22.08
20.31
18.35
16.39
14.21
13.05
11.39
9.925
8.928
8.061
6.798
5.581
4.767
3.568
2.602
2.075
1.862
1.828
1.652
1.551
1.447
1.373
1.306
1.261
1.238
1.226
1.186
1.172
1.114
1.124
1.102
1.098
1.107
1.087
1.071
1.106
1.119
1.137
1.100
1.086
1.080
1.092
1.057
1.024
0.9955
0.9812
0.9638
0.8785
0.8090
0.7209
0.6761
0.6272
0.5803
0.5435
0.5137
0.4911
0.4812
0.4648
0.4618
0.4653
0.4903
0.5074
0.6770
0.9151
1.069
0.9057
0.7591
0.5735
0.4861
0.3715
0.2952
0.2544
0.2341
0.2292
0.2256
0.2239
0.2204
0.2180
0.2157
0.2133
0.2104
0.2086
0.2075
0.2057
0.2051
0.2051
0.2051
0.2051
0.2051
0.2063
0.2115
0.2156
0.2180
0.2209
0.2227
63.70
62.42
62.55
61.17
61.27
54.74
46.04
44.72
47.23
51.75
57.73
57.21
58.94
55.59
58.56
62.91
65.53
68.69
70.15
69.92
73.69
81.90
77.35
75.96
82.75
74.16
86.76
86.63
97.40
101.0
109.1
111.9
119.9
121.2
124.9
133.2
138.3
147.2
156.1
158.9
159.9
164.1
173.7
179.9
186.4
188.7
191.9
202.2
209.7
219.4
221.3
230.1
234.3
245.1
255.6
264.8
272.6
283.3
289.9
289.3
290.8
290.5
291.0
291.6
287.2
280.3
275.8
265.9
255.5
243.7
228.0
209.8
184.9
154.4
125.7
107.3
100.5
94.69
87.74
77.88
71.41
64.94
55.72
48.44
36.20
27.32
21.76
18.11
15.15
12.86
11.75
10.63
9.364
8.454
7.772
6.412
5.325
4.013
3.092
2.396
1.956
1.973
1.916
1.947
1.976
1.901
1.874
1.690
1.556
1.520
1.264
1.157
1.156
1.161
1.134
1.116
1.081
1.024
0.9969
0.9573
0.9187
0.9124
0.9104
0.8618
0.8485
0.8484
0.8266
0.8088
0.7717
0.7258
0.6987
0.6585
0.6420
0.6274
0.6093
0.5853
0.5760
0.5690
0.5626
0.5625
0.5561
0.5587
0.5179
0.5056
0.4993
0.4968
0.5934
0.7774
0.7306
0.5096
0.4199
0.3620
0.3037
0.2542
0.2344
0.2320
0.2262
0.2232
0.2203
0.2156
0.2150
0.2103
0.2057
0.2051
0.2051
0.2045
0.2051
0.2039
0.2028
0.2028
0.2045
0.2063
0.2080
0.2110
0.2133
0.2156
0.2174
0.2198
0.2221
0.2215
0.2227
61.92
62.94
63.15
65.07
58.15
49.28
47.68
50.71
53.49
52.50
50.03
44.78
47.21
51.73
63.13
68.45
69.18
75.80
79.12
69.33
71.01
74.76
78.66
83.74
80.02
82.16
78.95
78.56
82.84
86.32
110.4
125.0
124.0
126.9
127.2
134.9
145.6
145.8
149.6
154.9
161.4
171.6
179.9
185.5
187.3
192.8
197.3
200.3
200.8
203.1
211.1
219.5
225.5
227.6
236.2
252.4
258.7
260.4
265.8
274.3
283.9
295.3
302.3
306.3
311.0
310.6
310.3
304.9
293.0
280.9
259.1
236.3
212.9
188.1
155.0
126.6
105.8
90.84
84.18
78.99
68.10
60.73
55.65
48.04
40.04
32.80
28.29
26.45
25.71
24.14
21.17
17.78
14.98
12.62
10.80
9.595
8.161
6.638
5.291
4.254
3.219
2.381
1.974
1.888
1.796
1.651
1.553
1.441
1.375
1.366
1.351
1.354
1.325
1.299
1.276
1.233
1.241
1.175
1.140
1.114
1.100
1.102
1.082
1.082
1.103
1.163
1.173
1.187
1.203
1.162
1.078
1.117
1.075
1.026
0.8834
0.7889
0.7581
0.6983
0.6543
0.6214
0.6142
0.5879
0.5438
0.5257
0.5094
0.4971
0.5385
0.9697
1.188
1.109
1.237
0.9682
0.8379
0.6355
0.4578
0.3747
0.2915
0.2356
0.2309
0.2286
0.2245
0.2215
0.2168
0.2157
0.2127
0.2110
0.2080
0.2063
0.2057
0.2039
0.2045
0.2022
0.2022
0.2022
0.2027
0.2051
0.2057
0.2063
0.2086
0.2092
0.2127
61.16
63.08
63.62
64.24
57.77
56.40
49.28
50.36
49.04
45.62
40.58
42.05
50.29
59.46
65.07
65.28
70.83
60.83
66.11
70.71
78.54
86.84
90.46
87.66
85.12
80.21
89.31
109.7
105.9
109.0
112.9
122.4
142.8
142.5
157.1
162.4
165.0
169.6
180.9
187.2
192.1
195.8
197.4
197.0
201.5
202.9
213.3
220.9
229.1
235.0
244.8
253.6
261.7
264.2
267.5
277.7
288.2
296.5
308.6
316.4
324.0
332.3
339.8
349.9
354.2
354.0
351.7
347.4
339.9
326.3
308.3
282.8
255.3
213.0
163.8
123.7
102.8
92.15
85.54
77.47
70.14
67.11
57.93
49.36
39.80
31.84
29.73
29.65
29.01
28.85
26.62
22.87
18.38
13.94
10.71
8.843
6.983
5.329
4.667
3.820
3.352
3.035
2.828
2.579
2.260
2.025
1.694
1.455
1.266
1.119
1.084
1.071
1.059
1.036
1.025
1.091
1.211
1.192
1.318
1.355
1.518
1.529
1.470
1.439
1.597
1.643
1.659
1.653
1.831
1.623
1.582
1.619
1.747
1.480
1.298
1.369
1.115
0.9928
1.112
0.8340
0.7364
0.6723
0.5472
0.5427
0.5450
0.5576
0.5814
0.7374
0.9991
1.121
1.421
1.503
1.630
1.610
1.224
1.056
0.5468
0.3793
0.2993
0.2361
0.2133
0.2110
0.2109
0.2057
0.2016
0.2010
0.2004
0.2004
0.2004
0.2010
0.2016
0.2039
0.2034
0.2057
0.2086
0.2086
0.2104
0.2110
0.2127
0.2127
0.2127
59.43
60.55
59.91
58.18
55.38
50.63
52.56
52.07
47.04
39.46
38.73
45.57
50.95
60.10
59.27
61.49
65.82
61.26
70.27
76.12
86.63
101.3
100.3
101.5
89.86
95.30
107.1
120.5
120.2
128.4
139.4
146.3
157.0
160.6
173.7
182.6
184.6
198.5
206.8
211.8
208.9
209.1
214.9
215.6
219.5
219.1
228.1
235.1
235.4
237.7
242.9
249.6
256.9
265.4
270.2
277.7
286.3
296.3
304.8
312.1
321.9
328.3
338.3
342.4
346.3
347.5
344.2
335.2
323.5
304.6
277.6
248.3
218.0
178.6
131.4
99.68
89.58
83.48
76.43
67.96
60.81
57.63
49.94
43.30
36.29
31.86
31.00
30.66
29.59
28.06
25.47
22.60
16.94
12.38
8.399
5.457
3.940
3.425
3.454
3.411
3.538
3.589
3.388
3.037
2.581
2.302
1.795
1.349
1.218
1.133
1.115
1.086
1.054
1.104
1.218
1.221
1.667
1.708
1.735
1.818
1.903
2.073
2.117
2.147
2.184
2.420
2.571
2.727
2.865
2.806
2.799
2.521
2.459
2.479
2.066
1.663
1.519
1.456
1.226
1.117
0.9875
0.8086
0.6803
0.6023
0.5773
0.5808
0.6059
0.6439
0.8828
1.373
1.229
1.395
1.355
1.895
1.797
1.555
1.031
0.5887
0.3917
0.3048
0.2587
0.2361
0.2262
0.2244
0.2226
0.2186
0.2162
0.2121
0.2092
0.2080
0.2033
0.2028
0.2028
0.2028
0.2028
0.2039
0.2063
0.2074
0.2092
0.2098
0.2110
61.16
57.23
61.33
66.46
58.58
55.28
53.56
55.39
50.02
44.13
36.55
40.50
49.54
55.50
59.97
65.90
71.05
63.33
65.37
69.21
79.77
89.54
90.33
89.51
84.83
83.59
90.55
105.7
111.5
106.8
113.9
123.5
145.7
146.9
158.1
158.2
167.2
169.5
176.8
186.7
188.6
197.8
200.6
200.2
204.1
211.9
220.5
227.5
227.8
230.8
237.8
244.1
256.4
265.4
272.6
279.2
285.7
291.4
301.0
319.7
324.9
329.1
339.9
352.5
355.9
356.2
357.2
352.2
343.5
332.5
315.2
288.9
261.2
225.7
177.5
129.4
104.5
92.14
83.96
75.98
69.51
64.78
56.51
48.78
40.64
32.41
29.21
28.76
28.98
28.04
26.38
23.17
18.72
14.37
11.16
9.224
7.108
5.860
4.691
3.996
3.277
2.902
2.627
2.390
2.202
1.974
1.669
1.387
1.187
1.025
0.9441
0.9214
0.9050
0.8827
0.8703
0.8991
0.9408
0.9405
0.9184
1.044
1.191
1.281
1.317
1.261
1.339
1.340
1.358
1.374
1.396
1.364
1.300
1.412
1.516
1.427
1.154
1.129
1.143
0.9363
0.9532
0.8683
0.6415
0.6174
0.5524
0.5352
0.5338
0.5368
0.5565
0.6653
0.9501
1.169
1.143
1.258
1.594
1.446
1.279
1.181
0.6455
0.4200
0.3431
0.2744
0.2494
0.2450
0.2415
0.2391
0.2344
0.2327
0.2280
0.2250
0.2204
0.2174
0.2127
0.2116
0.2080
0.2063
0.2063
0.2063
0.2080
0.2080
0.2069
0.2074
0.2098
61.92
56.65
59.10
64.64
65.47
52.94
46.76
49.29
51.41
48.91
46.69
43.43
48.17
53.60
62.73
67.94
73.25
73.15
72.09
66.08
68.87
69.19
76.05
81.00
82.80
84.87
92.92
86.30
82.33
93.09
116.6
120.9
127.0
132.5
135.0
137.7
149.8
154.7
161.3
162.2
168.6
171.7
183.6
180.9
179.3
184.2
191.6
204.2
210.5
209.0
207.6
216.4
225.4
229.1
242.3
250.2
257.7
260.0
263.4
273.7
280.6
288.7
296.3
305.1
313.1
321.0
322.1
319.0
309.4
296.8
282.3
262.7
236.6
206.2
180.5
150.6
121.8
95.12
86.77
81.14
70.78
60.45
57.46
52.00
45.07
39.21
32.55
29.57
28.55
26.50
24.31
21.66
18.04
14.77
12.26
10.14
8.916
7.375
5.715
4.481
3.568
2.641
1.973
1.736
1.648
1.478
1.386
1.309
1.225
1.203
1.198
1.178
1.174
1.167
1.152
1.100
1.059
1.087
1.066
1.069
1.028
1.009
0.9980
1.005
1.046
1.075
1.062
1.026
1.035
1.085
1.067
0.9353
0.9535
0.8739
0.7907
0.7664
0.7492
0.6837
0.6597
0.6149
0.5693
0.5341
0.5145
0.5133
0.5150
0.5015
0.5960
0.6773
0.6960
0.9096
1.271
1.014
0.9516
0.7890
0.4969
0.3804
0.3125
0.2595
0.2473
0.2402
0.2367
0.2338
0.2332
0.2332
0.2297
0.2273
0.2174
0.2156
0.2139
0.2133
0.2115
0.2110
0.2110
0.2127
0.2139
0.2162
0.2157
0.2168
0.2203
0.2174
0.2133
63.70
60.63
61.26
65.52
61.96
55.18
49.43
46.97
45.48
50.78
54.75
56.82
54.70
56.67
54.96
57.22
60.62
63.52
72.13
72.95
71.86
75.35
71.47
75.81
81.48
80.97
75.27
80.39
84.65
92.93
118.0
127.0
120.0
118.7
124.7
130.4
131.5
133.5
144.2
146.4
154.4
164.6
177.9
179.9
182.9
184.8
189.6
196.5
210.0
219.6
222.8
230.1
241.9
252.2
254.1
256.9
262.0
271.4
277.6
277.5
279.7
283.0
283.4
283.8
283.0
279.4
277.6
273.1
264.7
249.3
236.9
220.1
199.1
171.9
142.1
117.7
102.0
94.54
87.92
81.25
73.78
67.77
58.62
48.30
38.95
29.99
23.44
20.78
17.67
14.34
12.74
11.59
10.32
8.940
8.075
6.738
5.521
4.332
3.640
2.640
1.946
1.834
1.789
1.740
1.767
1.859
1.898
1.873
1.552
1.403
1.277
1.172
1.127
1.130
1.169
1.142
1.063
1.002
0.9876
0.9560
0.9424
0.9573
0.9059
0.8651
0.8568
0.8131
0.8110
0.7854
0.7377
0.7070
0.6742
0.6351
0.6282
0.6282
0.6229
0.6026
0.5723
0.5609
0.5585
0.5631
0.5556
0.5445
0.5292
0.5187
0.5082
0.5034
0.5273
0.5366
0.6026
0.5988
0.5077
0.4172
0.3338
0.2857
0.2702
0.2661
0.2637
0.2590
0.2555
0.2526
0.2485
0.2444
0.2420
0.2380
0.2356
0.2327
0.2297
0.2250
0.2244
0.2221
0.2186
0.2157
0.2139
0.2133
0.2133
0.2133
0.2133
0.2133
0.2133
0.2133
0.2145
65.47
64.57
61.12
61.60
60.00
56.06
51.53
45.30
46.32
37.68
42.36
49.77
55.56
61.92
65.65
62.70
62.12
57.88
70.43
71.08
69.87
72.63
74.24
80.38
91.08
88.89
89.19
95.22
94.91
89.04
89.93
101.7
103.8
108.3
117.9
123.4
128.6
132.7
137.8
138.3
145.2
151.8
160.8
160.8
159.3
163.4
169.2
178.4
190.4
201.4
207.4
210.5
217.8
226.5
235.9
242.0
250.5
254.6
253.4
254.7
250.3
247.5
248.5
247.2
245.3
238.6
228.7
219.2
210.9
197.7
179.2
155.4
124.7
97.46
90.98
86.67
85.21
81.22
76.36
70.12
63.89
59.88
52.88
44.13
35.63
27.76
23.29
22.35
20.04
17.66
14.71
12.94
11.84
11.19
9.461
8.598
7.630
6.747
5.181
4.249
2.977
2.298
1.890
1.776
1.717
1.624
1.462
1.368
1.320
1.266
1.259
1.268
1.284
1.230
1.188
1.168
1.143
1.119
1.057
1.030
1.015
1.020
1.028
1.071
1.090
1.135
1.103
1.101
1.082
1.180
1.202
1.251
1.189
0.9709
0.9274
0.8691
0.8130
0.7104
0.6175
0.5924
0.5834
0.5515
0.5190
0.5021
0.4946
0.4941
0.5077
0.5605
0.7916
0.7549
0.7595
0.7537
0.6838
0.6402
0.6093
0.5322
0.3600
0.2724
0.2508
0.2479
0.2414
0.2379
0.2344
0.2314
0.2273
0.2256
0.2221
0.2192
0.2174
0.2162
0.2156
0.2156
0.2156
0.2163
0.2198
0.2203
0.2203
0.2209
0.2233
0.2250
0.2244
65.98
64.61
57.97
59.71
59.84
60.41
56.89
51.78
46.79
50.16
48.47
47.13
54.33
55.85
53.04
52.66
56.82
68.15
75.79
80.99
77.34
72.22
76.94
82.11
100.2
89.60
88.52
91.19
102.9
113.3
111.1
117.6
125.8
132.8
143.0
143.9
155.2
165.3
171.1
172.8
172.4
173.6
179.5
184.6
195.8
203.8
208.9
215.5
223.3
231.1
237.2
244.3
253.5
260.2
264.8
264.0
259.0
260.6
262.4
263.8
259.9
259.5
256.1
252.2
243.1
233.9
222.6
208.9
188.5
165.5
138.7
105.9
90.26
90.44
89.73
89.09
87.40
79.79
71.63
63.07
59.11
50.44
44.84
36.94
28.43
21.19
18.79
17.79
16.15
14.33
11.87
9.905
8.883
8.134
7.156
5.879
4.622
3.606
3.303
3.060
2.813
2.697
2.514
2.357
2.166
1.997
1.643
1.431
1.225
1.057
0.9453
0.9204
0.9054
0.8966
0.8692
0.8610
0.9496
0.9586
1.009
1.154
1.273
1.350
1.497
1.445
1.449
1.312
1.363
1.396
1.438
1.423
1.375
1.407
1.483
1.329
1.309
1.346
1.149
1.431
0.9329
0.9127
0.7237
0.6452
0.5554
0.5473
0.5473
0.5479
0.5705
0.6240
1.062
0.9939
1.131
1.137
1.385
1.315
1.112
0.8607
0.6247
0.6387
0.4229
0.2861
0.2534
0.2502
0.2479
0.2444
0.2420
0.2397
0.2362
0.2321
0.2286
0.2256
0.2215
0.2180
0.2168
0.2151
0.2151
0.2168
0.2197
0.2186
0.2209
0.2203
0.2209
65.87
65.09
55.35
58.48
56.63
65.67
65.95
51.78
45.23
42.66
51.89
54.34
61.64
57.18
48.59
42.97
43.74
66.29
78.57
86.42
72.48
78.47
79.86
89.70
111.7
112.4
102.9
116.3
121.0
124.3
149.2
147.1
155.5
151.9
159.2
177.5
181.4
179.6
184.4
188.5
191.0
190.6
197.5
203.4
216.3
218.2
227.4
232.6
236.7
244.1
248.4
252.7
262.9
264.5
265.6
264.5
266.7
263.5
263.1
262.2
257.4
256.8
252.9
242.5
236.3
225.3
208.8
190.1
169.3
147.1
122.3
96.60
88.91
87.69
87.43
88.34
83.14
75.39
68.01
60.64
54.18
44.16
36.57
34.12
28.13
23.52
20.11
18.44
15.45
13.81
11.32
9.181
7.600
7.417
5.907
4.758
3.618
2.920
2.996
3.148
3.188
3.120
3.089
2.919
2.548
2.053
1.635
1.320
1.130
1.058
1.043
1.037
1.015
0.9952
1.079
1.157
1.225
1.526
1.399
1.457
1.673
1.698
1.687
1.846
2.087
2.131
2.259
2.306
2.562
2.722
2.535
2.357
2.508
2.350
1.988
1.851
1.643
1.209
1.201
0.9879
0.8840
0.9235
0.6210
0.6093
0.5755
0.5826
0.6154
0.6317
0.7078
0.9692
0.9366
1.155
1.899
1.887
1.864
1.754
0.7535
0.5749
0.7433
0.3621
0.2588
0.2403
0.2402
0.2390
0.2320
0.2285
0.2250
0.2215
0.2191
0.2168
0.2156
0.2156
0.2156
0.2168
0.2203
0.2203
0.2203
0.2227
0.2250
0.2274
0.2274
65.98
64.61
57.97
59.71
59.84
60.41
56.89
51.78
46.79
50.16
48.47
47.13
54.33
55.85
53.04
52.66
56.82
68.15
75.79
80.99
77.34
72.22
76.94
82.11
100.2
89.60
88.52
91.19
102.9
113.3
111.1
117.6
125.8
132.8
143.0
143.9
155.2
165.3
171.1
172.8
172.4
173.6
179.5
184.6
195.8
203.8
208.9
215.5
223.3
231.1
237.2
244.3
253.5
260.2
264.8
264.0
259.0
260.6
262.4
263.8
259.9
259.5
256.1
252.2
243.1
233.9
222.6
208.9
188.5
165.5
138.7
105.9
90.26
90.44
89.73
89.09
87.40
79.79
71.63
63.07
59.11
50.44
44.84
36.94
28.43
21.19
18.79
17.79
16.15
14.33
11.87
9.905
8.883
8.134
7.156
5.879
4.622
3.606
3.303
3.060
2.813
2.697
2.514
2.357
2.166
1.997
1.643
1.431
1.225
1.057
0.9453
0.9204
0.9054
0.8966
0.8692
0.8610
0.9496
0.9586
1.009
1.154
1.273
1.350
1.497
1.445
1.449
1.312
1.363
1.396
1.438
1.423
1.375
1.407
1.483
1.329
1.309
1.346
1.149
1.431
0.9329
0.9127
0.7237
0.6452
0.5554
0.5473
0.5473
0.5479
0.5705
0.6240
1.062
0.9939
1.131
1.137
1.385
1.315
1.112
0.8607
0.6247
0.6387
0.4229
0.2861
0.2534
0.2502
0.2479
0.2444
0.2420
0.2397
0.2362
0.2321
0.2286
0.2256
0.2215
0.2180
0.2168
0.2151
0.2151
0.2168
0.2197
0.2186
0.2209
0.2203
0.2209
65.47
64.57
61.12
61.60
60.00
56.06
51.53
45.30
46.32
37.68
42.36
49.77
55.56
61.92
65.65
62.70
62.12
57.88
70.43
71.08
69.87
72.63
74.24
80.38
91.08
88.89
89.19
95.22
94.91
89.04
89.93
101.7
103.8
108.3
117.9
123.4
128.6
132.7
137.8
138.3
145.2
151.8
160.8
160.8
159.3
163.4
169.2
178.4
190.4
201.4
207.4
210.5
217.8
226.5
235.9
242.0
250.5
254.6
253.4
254.7
250.3
247.5
248.5
247.2
245.3
238.6
228.7
219.2
210.9
197.7
179.2
155.4
124.7
97.46
90.98
86.67
85.21
81.22
76.36
70.12
63.89
59.88
52.88
44.13
35.63
27.76
23.29
22.35
20.04
17.66
14.71
12.94
11.84
11.19
9.461
8.598
7.630
6.747
5.181
4.249
2.977
2.298
1.890
1.776
1.717
1.624
1.462
1.368
1.320
1.266
1.259
1.268
1.284
1.230
1.188
1.168
1.143
1.119
1.057
1.030
1.015
1.020
1.028
1.071
1.090
1.135
1.103
1.101
1.082
1.180
1.202
1.251
1.189
0.9709
0.9274
0.8691
0.8130
0.7104
0.6175
0.5924
0.5834
0.5515
0.5190
0.5021
0.4946
0.4941
0.5077
0.5605
0.7916
0.7549
0.7595
0.7537
0.6838
0.6402
0.6093
0.5322
0.3600
0.2724
0.2508
0.2479
0.2414
0.2379
0.2344
0.2314
0.2273
0.2256
0.2221
0.2192
0.2174
0.2162
0.2156
0.2156
0.2156
0.2163
0.2198
0.2203
0.2203
0.2209
0.2233
0.2250
0.2244
63.70
60.63
61.26
65.52
61.96
55.18
49.43
46.97
45.48
50.78
54.75
56.82
54.70
56.67
54.96
57.22
60.62
63.52
72.13
72.95
71.86
75.35
71.47
75.81
81.48
80.97
75.27
80.39
84.65
92.93
118.0
127.0
120.0
118.7
124.7
130.4
131.5
133.5
144.2
146.4
154.4
164.6
177.9
179.9
182.9
184.8
189.6
196.5
210.0
219.6
222.8
230.1
241.9
252.2
254.1
256.9
262.0
271.4
277.6
277.5
279.7
283.0
283.4
283.8
283.0
279.4
277.6
273.1
264.7
249.3
236.9
220.1
199.1
171.9
142.1
117.7
102.0
94.54
87.92
81.25
73.78
67.77
58.62
48.30
38.95
29.99
23.44
20.78
17.67
14.34
12.74
11.59
10.32
8.940
8.075
6.738
5.521
4.332
3.640
2.640
1.946
1.834
1.789
1.740
1.767
1.859
1.898
1.873
1.552
1.403
1.277
1.172
1.127
1.130
1.169
1.142
1.063
1.002
0.9876
0.9560
0.9424
0.9573
0.9059
0.8651
0.8568
0.8131
0.8110
0.7854
0.7377
0.7070
0.6742
0.6351
0.6282
0.6282
0.6229
0.6026
0.5723
0.5609
0.5585
0.5631
0.5556
0.5445
0.5292
0.5187
0.5082
0.5034
0.5273
0.5366
0.6026
0.5988
0.5077
0.4172
0.3338
0.2857
0.2702
0.2661
0.2637
0.2590
0.2555
0.2526
0.2485
0.2444
0.2420
0.2380
0.2356
0.2327
0.2297
0.2250
0.2244
0.2221
0.2186
0.2157
0.2139
0.2133
0.2133
0.2133
0.2133
0.2133
0.2133
0.2133
0.2145
61.92
56.65
59.10
64.64
65.47
52.94
46.76
49.29
51.41
48.91
46.69
43.43
48.17
53.60
62.73
67.94
73.25
73.15
72.09
66.08
68.87
69.19
76.05
81.00
82.80
84.87
92.92
86.30
82.33
93.09
116.6
120.9
127.0
132.5
135.0
137.7
149.8
154.7
161.3
162.2
168.6
171.7
183.6
180.9
179.3
184.2
191.6
204.2
210.5
209.0
207.6
216.4
225.4
229.1
242.3
250.2
257.7
260.0
263.4
273.7
280.6
288.7
296.3
305.1
313.1
321.0
322.1
319.0
309.4
296.8
282.3
262.7
236.6
206.2
180.5
150.6
121.8
95.12
86.77
81.14
70.78
60.45
57.46
52.00
45.07
39.21
32.55
29.57
28.55
26.50
24.31
21.66
18.04
14.77
12.26
10.14
8.916
7.375
5.715
4.481
3.568
2.641
1.973
1.736
1.648
1.478
1.386
1.309
1.225
1.203
1.198
1.178
1.174
1.167
1.152
1.100
1.059
1.087
1.066
1.069
1.028
1.009
0.9980
1.005
1.046
1.075
1.062
1.026
1.035
1.085
1.067
0.9353
0.9535
0.8739
0.7907
0.7664
0.7492
0.6837
0.6597
0.6149
0.5693
0.5341
0.5145
0.5133
0.5150
0.5015
0.5960
0.6773
0.6960
0.9096
1.271
1.014
0.9516
0.7890
0.4969
0.3804
0.3125
0.2595
0.2473
0.2402
0.2367
0.2338
0.2332
0.2332
0.2297
0.2273
0.2174
0.2156
0.2139
0.2133
0.2115
0.2110
0.2110
0.2127
0.2139
0.2162
0.2157
0.2168
0.2203
0.2174
0.2133
61.16
57.23
61.33
66.46
58.58
55.28
53.56
55.39
50.02
44.13
36.55
40.50
49.54
55.50
59.97
65.90
71.05
63.33
65.37
69.21
79.77
89.54
90.33
89.51
84.83
83.59
90.55
105.7
111.5
106.8
113.9
123.5
145.7
146.9
158.1
158.2
167.2
169.5
176.8
186.7
188.6
197.8
200.6
200.2
204.1
211.9
220.5
227.5
227.8
230.8
237.8
244.1
256.4
265.4
272.6
279.2
285.7
291.4
301.0
319.7
324.9
329.1
339.9
352.5
355.9
356.2
357.2
352.2
343.5
332.5
315.2
288.9
261.2
225.7
177.5
129.4
104.5
92.14
83.96
75.98
69.51
64.78
56.51
48.78
40.64
32.41
29.21
28.76
28.98
28.04
26.38
23.17
18.72
14.37
11.16
9.224
7.108
5.860
4.691
3.996
3.277
2.902
2.627
2.390
2.202
1.974
1.669
1.387
1.187
1.025
0.9441
0.9214
0.9050
0.8827
0.8703
0.8991
0.9408
0.9405
0.9184
1.044
1.191
1.281
1.317
1.261
1.339
1.340
1.358
1.374
1.396
1.364
1.300
1.412
1.516
1.427
1.154
1.129
1.143
0.9363
0.9532
0.8683
0.6415
0.6174
0.5524
0.5352
0.5338
0.5368
0.5565
0.6653
0.9501
1.169
1.143
1.258
1.594
1.446
1.279
1.181
0.6455
0.4200
0.3431
0.2744
0.2494
0.2450
0.2415
0.2391
0.2344
0.2327
0.2280
0.2250
0.2204
0.2174
0.2127
0.2116
0.2080
0.2063
0.2063
0.2063
0.2080
0.2080
0.2069
0.2074
0.2098
