SALVI
1
0
24
15.00
181
1.00

231102 OCH 5050 350 F2M2 PMMA CTRANSP

231102 OCH 5050 350 F2M2 PMMA CTRANSP.ldt
02 November 2023/TB
760
0
225
320
60
0
0
0
0
98.4
100.0
1.000
0.0
1
1
16 LED
5198.9


40.9
0.162
0.240
0.325
0.403
0.463
0.561
0.620
0.675
0.743
0.787
0.0
15.0
30.0
45.0
60.0
75.0
90.0
105.0
120.0
135.0
150.0
165.0
180.0
195.0
210.0
225.0
240.0
255.0
270.0
285.0
300.0
315.0
330.0
345.0
0.0
1.0
2.0
3.0
4.0
5.0
6.0
7.0
8.0
9.0
10.0
11.0
12.0
13.0
14.0
15.0
16.0
17.0
18.0
19.0
20.0
21.0
22.0
23.0
24.0
25.0
26.0
27.0
28.0
29.0
30.0
31.0
32.0
33.0
34.0
35.0
36.0
37.0
38.0
39.0
40.0
41.0
42.0
43.0
44.0
45.0
46.0
47.0
48.0
49.0
50.0
51.0
52.0
53.0
54.0
55.0
56.0
57.0
58.0
59.0
60.0
61.0
62.0
63.0
64.0
65.0
66.0
67.0
68.0
69.0
70.0
71.0
72.0
73.0
74.0
75.0
76.0
77.0
78.0
79.0
80.0
81.0
82.0
83.0
84.0
85.0
86.0
87.0
88.0
89.0
90.0
91.0
92.0
93.0
94.0
95.0
96.0
97.0
98.0
99.0
100.0
101.0
102.0
103.0
104.0
105.0
106.0
107.0
108.0
109.0
110.0
111.0
112.0
113.0
114.0
115.0
116.0
117.0
118.0
119.0
120.0
121.0
122.0
123.0
124.0
125.0
126.0
127.0
128.0
129.0
130.0
131.0
132.0
133.0
134.0
135.0
136.0
137.0
138.0
139.0
140.0
141.0
142.0
143.0
144.0
145.0
146.0
147.0
148.0
149.0
150.0
151.0
152.0
153.0
154.0
155.0
156.0
157.0
158.0
159.0
160.0
161.0
162.0
163.0
164.0
165.0
166.0
167.0
168.0
169.0
170.0
171.0
172.0
173.0
174.0
175.0
176.0
177.0
178.0
179.0
180.0
121.5
146.0
158.7
158.4
151.1
125.6
117.2
111.7
105.9
104.5
108.1
110.6
119.6
130.8
130.3
148.6
136.6
156.4
146.8
164.3
170.3
178.8
167.7
192.9
174.8
175.8
187.7
171.0
206.3
195.4
217.1
230.5
232.8
244.5
253.6
259.4
262.4
272.1
279.3
286.7
288.6
295.5
300.6
306.7
307.2
315.5
315.9
319.8
329.6
338.5
342.4
347.9
350.7
358.2
363.6
368.3
370.6
377.3
380.8
387.5
393.5
395.9
397.1
400.8
400.1
401.4
400.7
401.6
396.6
395.3
391.1
383.3
378.3
367.0
352.7
333.9
292.3
253.4
215.0
158.7
108.9
70.27
50.09
40.94
37.71
36.40
35.36
34.99
35.33
35.45
35.33
32.82
28.97
23.76
18.18
13.13
6.919
4.464
4.436
4.416
4.416
4.543
4.304
3.728
3.153
2.669
2.144
1.694
1.608
1.565
1.492
1.464
1.440
1.429
1.554
1.681
1.924
2.132
2.201
2.464
2.616
2.747
2.830
3.094
3.295
3.307
3.447
3.925
4.111
4.003
4.122
4.192
3.816
3.388
3.304
2.831
2.391
2.133
1.882
1.766
1.442
1.109
1.050
0.8920
0.8493
0.8569
0.8759
0.9209
0.9658
1.378
1.382
2.131
2.366
2.462
2.675
1.963
1.611
1.342
0.6764
0.4487
0.3335
0.2923
0.2904
0.2894
0.2884
0.2837
0.2809
0.2771
0.2743
0.2752
0.2733
0.2733
0.2733
0.2733
0.2733
0.2733
0.2733
0.2733
0.2733
0.2733
0.2733
120.7
140.3
160.4
172.4
155.3
120.7
123.0
132.9
120.7
119.2
109.8
104.8
123.5
129.6
131.6
142.9
165.0
152.6
157.3
159.5
167.2
183.2
169.4
160.0
164.0
152.9
167.1
192.1
175.5
180.7
187.9
205.1
232.9
231.4
245.1
246.8
250.1
260.3
262.5
269.9
277.7
285.4
293.7
300.5
307.4
317.1
329.2
337.6
345.3
352.1
361.3
372.0
382.4
389.8
397.6
404.8
410.5
419.5
431.2
442.5
452.3
457.6
465.4
475.9
483.8
486.6
489.6
493.2
493.6
495.7
496.1
492.7
484.3
470.8
451.6
422.2
369.1
308.2
249.6
181.5
124.2
67.29
52.77
44.63
40.21
37.78
35.29
35.93
35.76
34.90
35.35
33.37
28.90
23.23
18.09
12.19
7.194
4.874
4.255
3.946
3.445
3.223
3.036
2.804
2.477
2.058
1.756
1.574
1.435
1.337
1.316
1.306
1.305
1.301
1.303
1.337
1.599
1.699
2.002
1.891
2.150
2.294
2.269
2.242
2.338
2.466
2.453
2.531
2.973
2.673
2.416
2.573
2.703
2.539
2.266
2.085
1.814
1.567
1.680
1.274
1.075
0.8668
0.7689
0.7689
0.7765
0.7822
0.8030
0.8228
0.8914
1.522
2.674
2.664
2.506
2.253
1.905
1.853
1.295
0.7273
0.4573
0.2875
0.2667
0.2658
0.2667
0.2667
0.2667
0.2667
0.2667
0.2667
0.2667
0.2667
0.2687
0.2724
0.2743
0.2790
0.2800
0.2828
0.2875
0.2904
0.2913
0.2904
0.2904
132.7
144.8
165.2
164.2
144.5
131.3
114.4
124.3
130.0
132.1
128.7
130.3
132.7
134.2
140.5
147.7
153.7
151.3
161.0
170.2
160.3
159.7
157.9
163.4
157.9
152.2
159.0
153.5
155.0
168.3
182.3
189.3
194.4
194.9
202.9
209.1
208.8
215.0
219.5
224.5
228.7
234.1
247.9
253.7
257.5
259.1
261.0
268.0
280.4
287.5
290.9
291.6
295.0
307.7
317.3
320.4
323.6
325.9
329.4
331.3
335.0
335.3
336.3
338.1
338.8
337.0
336.6
333.2
324.9
312.5
301.2
285.6
268.1
245.7
219.8
187.3
150.2
110.3
74.18
54.18
34.40
32.58
31.88
30.19
28.17
26.34
24.98
24.46
22.90
21.68
20.07
18.96
14.70
11.60
8.322
6.243
4.663
3.666
3.121
2.829
2.447
2.163
2.009
1.952
1.867
1.789
1.726
1.664
1.610
1.595
1.591
1.587
1.547
1.471
1.452
1.431
1.398
1.375
1.354
1.329
1.341
1.356
1.364
1.487
1.436
1.482
1.576
1.559
1.582
1.599
1.570
1.626
1.509
1.438
1.327
1.203
1.068
1.053
0.9203
0.8680
0.8513
0.8069
0.7292
0.7047
0.6914
0.6876
0.7864
0.9251
1.159
1.389
1.865
1.356
1.320
1.237
0.6603
0.5388
0.3551
0.2628
0.2527
0.2516
0.2516
0.2525
0.2516
0.2506
0.2497
0.2497
0.2497
0.2497
0.2497
0.2497
0.2497
0.2525
0.2572
0.2573
0.2610
0.2620
0.2714
0.2762
0.2799
0.2856
0.2885
141.5
148.2
158.6
165.1
136.4
111.2
118.2
122.8
104.7
115.5
129.8
142.6
129.8
148.2
142.9
152.0
153.8
150.1
149.1
146.9
149.8
156.2
165.4
173.1
167.3
165.7
163.2
156.8
171.9
173.5
181.6
189.7
206.0
210.0
212.6
226.6
227.0
232.2
244.2
244.5
244.3
259.9
269.8
271.5
274.9
276.0
274.3
278.2
282.0
278.6
276.9
275.5
271.1
269.8
261.1
257.5
255.7
250.1
246.4
240.1
232.9
222.6
213.0
201.4
188.9
175.0
162.7
151.0
139.5
128.6
119.5
109.5
99.53
86.94
74.16
59.72
46.36
37.35
29.93
24.94
22.68
21.84
20.54
17.98
15.06
12.08
10.20
9.260
8.153
7.079
6.256
5.427
4.496
3.898
3.506
3.051
2.774
2.423
2.058
1.901
1.739
1.730
1.689
1.628
1.614
1.616
1.538
1.442
1.367
1.327
1.290
1.246
1.200
1.210
1.212
1.200
1.159
1.134
1.110
1.096
1.086
1.078
1.055
1.050
1.016
1.011
1.002
0.9617
0.9360
0.8923
0.8482
0.8161
0.7981
0.7868
0.7809
0.7574
0.7292
0.7254
0.7274
0.7339
0.7016
0.6864
0.6600
0.6525
0.6485
0.6233
0.6224
0.6442
0.6868
0.6976
0.6069
0.5665
0.3289
0.2552
0.2336
0.2327
0.2336
0.2336
0.2355
0.2346
0.2355
0.2355
0.2365
0.2393
0.2402
0.2412
0.2431
0.2469
0.2507
0.2535
0.2582
0.2620
0.2705
0.2743
0.2810
0.2875
0.2932
0.2970
0.2989
0.2998
0.2979
148.3
149.1
158.6
175.3
136.8
123.1
121.8
129.3
116.4
121.3
130.6
133.1
135.8
155.4
152.1
147.6
144.2
151.8
164.0
172.7
167.6
172.5
173.2
177.1
170.6
174.8
184.7
171.8
177.4
192.4
207.0
214.2
224.1
236.3
242.6
258.3
273.7
272.3
287.9
292.5
283.7
289.7
290.6
287.6
289.1
291.8
293.4
291.3
281.6
272.7
265.6
261.0
254.9
248.1
240.0
236.1
223.9
205.4
192.0
176.9
168.2
155.0
143.4
134.7
127.0
118.1
111.2
106.0
100.5
93.80
88.68
79.97
72.25
62.87
55.03
47.91
41.90
35.02
29.75
23.80
19.52
17.86
16.02
13.77
11.69
10.22
9.399
9.312
8.729
8.182
7.582
7.040
6.148
5.351
4.741
4.080
3.522
3.104
2.676
2.379
2.034
1.846
1.737
1.655
1.567
1.468
1.375
1.326
1.319
1.282
1.287
1.246
1.209
1.169
1.187
1.172
1.161
1.155
1.136
1.102
1.095
1.096
1.103
1.089
1.115
1.158
1.124
1.133
1.094
1.079
1.079
1.075
1.121
1.031
0.9374
0.8931
0.8478
0.7282
0.7009
0.6577
0.6282
0.6168
0.5998
0.5921
0.5930
0.5930
0.6090
1.012
2.048
2.089
1.454
1.288
1.129
1.154
0.8280
0.5837
0.3411
0.2619
0.2266
0.2251
0.2251
0.2251
0.2251
0.2251
0.2251
0.2251
0.2260
0.2270
0.2298
0.2326
0.2364
0.2421
0.2506
0.2553
0.2667
0.2705
0.2780
0.2894
0.2941
0.2998
0.3027
146.9
158.6
155.7
162.4
140.5
134.6
126.3
126.9
123.6
131.0
127.3
131.9
146.5
156.3
144.6
157.6
164.6
186.3
196.5
189.4
175.4
166.3
184.1
179.3
189.1
197.1
210.4
205.1
206.3
212.0
238.5
263.7
276.8
280.5
286.4
312.2
317.5
308.4
317.3
322.0
316.8
316.4
314.3
313.7
318.8
313.0
308.5
307.6
296.8
291.5
285.8
272.3
262.4
249.2
229.9
217.3
202.0
190.3
178.2
169.5
162.4
151.1
145.2
139.1
131.5
125.5
119.3
113.7
108.1
102.7
97.24
91.10
83.07
74.40
66.52
58.92
48.77
44.20
38.29
32.19
26.08
21.61
18.62
15.30
12.40
9.977
9.026
8.748
8.733
8.215
8.119
7.306
6.550
5.626
5.203
4.255
3.386
3.005
2.761
2.469
2.256
2.088
1.903
1.787
1.659
1.472
1.329
1.202
1.114
1.046
1.023
1.013
1.013
1.002
1.002
1.023
1.076
1.077
1.243
1.257
1.243
1.253
1.401
1.365
1.382
1.427
1.425
1.453
1.507
1.469
1.505
1.445
1.460
1.337
1.331
1.274
1.068
0.9967
0.8943
0.8186
0.7821
0.6694
0.6347
0.6394
0.6424
0.6625
0.6966
0.7378
1.177
1.871
1.861
2.647
2.946
2.857
1.703
1.338
0.8814
0.8856
0.4487
0.2758
0.2458
0.2383
0.2393
0.2422
0.2450
0.2459
0.2469
0.2506
0.2507
0.2554
0.2611
0.2677
0.2715
0.2800
0.2847
0.2904
0.2979
0.3027
0.3083
0.3083
0.3083
144.4
165.4
155.0
169.5
141.0
135.4
136.2
133.5
122.2
121.0
141.2
139.3
160.8
132.6
113.2
155.4
180.0
202.9
212.0
198.4
191.4
193.2
213.2
238.9
200.5
220.0
225.4
237.6
228.0
249.7
276.7
283.8
304.9
301.6
330.1
326.0
317.6
321.0
326.7
326.4
321.5
320.0
317.8
319.3
316.5
302.7
301.9
294.5
285.2
271.6
256.5
246.7
236.7
216.0
202.8
191.3
181.6
171.6
161.0
154.5
146.7
140.3
133.6
129.2
124.0
118.5
113.2
109.3
107.6
102.4
98.14
89.62
82.14
73.49
65.37
57.92
50.48
46.74
38.12
31.00
24.35
19.81
17.50
15.47
12.19
10.26
9.844
9.401
8.891
8.577
8.281
7.686
6.486
4.973
4.486
3.359
2.502
2.391
2.412
2.308
2.282
2.234
2.110
1.908
1.733
1.413
1.244
1.209
1.103
1.065
1.037
1.025
1.014
1.010
1.107
1.120
1.327
1.350
1.354
1.628
1.553
1.557
1.572
1.765
1.806
1.891
1.978
2.065
2.147
2.207
2.278
2.034
2.028
1.979
1.772
1.542
1.376
1.405
1.186
1.035
0.9292
0.8110
0.7812
0.7058
0.7037
0.7055
0.7301
0.7981
0.9196
1.686
2.480
2.559
2.645
2.987
3.028
2.058
1.298
1.267
0.6863
0.3544
0.2513
0.2478
0.2478
0.2478
0.2478
0.2478
0.2478
0.2478
0.2478
0.2478
0.2497
0.2553
0.2647
0.2667
0.2705
0.2762
0.2856
0.2951
0.2989
0.3045
0.3083
146.9
158.6
155.7
162.4
140.5
134.6
126.3
126.9
123.6
131.0
127.3
131.9
146.5
156.3
144.6
157.6
164.6
186.3
196.5
189.4
175.4
166.3
184.1
179.3
189.1
197.1
210.4
205.1
206.3
212.0
238.5
263.7
276.8
280.5
286.4
312.2
317.5
308.4
317.3
322.0
316.8
316.4
314.3
313.7
318.8
313.0
308.5
307.6
296.8
291.5
285.8
272.3
262.4
249.2
229.9
217.3
202.0
190.3
178.2
169.5
162.4
151.1
145.2
139.1
131.5
125.5
119.3
113.7
108.1
102.7
97.24
91.10
83.07
74.40
66.52
58.92
48.77
44.20
38.29
32.19
26.08
21.61
18.62
15.30
12.40
9.977
9.026
8.748
8.733
8.215
8.119
7.306
6.550
5.626
5.203
4.255
3.386
3.005
2.761
2.469
2.256
2.088
1.903
1.787
1.659
1.472
1.329
1.202
1.114
1.046
1.023
1.013
1.013
1.002
1.002
1.023
1.076
1.077
1.243
1.257
1.243
1.253
1.401
1.365
1.382
1.427
1.425
1.453
1.507
1.469
1.505
1.445
1.460
1.337
1.331
1.274
1.068
0.9967
0.8943
0.8186
0.7821
0.6694
0.6347
0.6394
0.6424
0.6625
0.6966
0.7378
1.177
1.871
1.861
2.647
2.946
2.857
1.703
1.338
0.8814
0.8856
0.4487
0.2758
0.2458
0.2383
0.2393
0.2422
0.2450
0.2459
0.2469
0.2506
0.2507
0.2554
0.2611
0.2677
0.2715
0.2800
0.2847
0.2904
0.2979
0.3027
0.3083
0.3083
0.3083
148.3
149.1
158.6
175.3
136.8
123.1
121.8
129.3
116.4
121.3
130.6
133.1
135.8
155.4
152.1
147.6
144.2
151.8
164.0
172.7
167.6
172.5
173.2
177.1
170.6
174.8
184.7
171.8
177.4
192.4
207.0
214.2
224.1
236.3
242.6
258.3
273.7
272.3
287.9
292.5
283.7
289.7
290.6
287.6
289.1
291.8
293.4
291.3
281.6
272.7
265.6
261.0
254.9
248.1
240.0
236.1
223.9
205.4
192.0
176.9
168.2
155.0
143.4
134.7
127.0
118.1
111.2
106.0
100.5
93.80
88.68
79.97
72.25
62.87
55.03
47.91
41.90
35.02
29.75
23.80
19.52
17.86
16.02
13.77
11.69
10.22
9.399
9.312
8.729
8.182
7.582
7.040
6.148
5.351
4.741
4.080
3.522
3.104
2.676
2.379
2.034
1.846
1.737
1.655
1.567
1.468
1.375
1.326
1.319
1.282
1.287
1.246
1.209
1.169
1.187
1.172
1.161
1.155
1.136
1.102
1.095
1.096
1.103
1.089
1.115
1.158
1.124
1.133
1.094
1.079
1.079
1.075
1.121
1.031
0.9374
0.8931
0.8478
0.7282
0.7009
0.6577
0.6282
0.6168
0.5998
0.5921
0.5930
0.5930
0.6090
1.012
2.048
2.089
1.454
1.288
1.129
1.154
0.8280
0.5837
0.3411
0.2619
0.2266
0.2251
0.2251
0.2251
0.2251
0.2251
0.2251
0.2251
0.2260
0.2270
0.2298
0.2326
0.2364
0.2421
0.2506
0.2553
0.2667
0.2705
0.2780
0.2894
0.2941
0.2998
0.3027
141.5
148.2
158.6
165.1
136.4
111.2
118.2
122.8
104.7
115.5
129.8
142.6
129.8
148.2
142.9
152.0
153.8
150.1
149.1
146.9
149.8
156.2
165.4
173.1
167.3
165.7
163.2
156.8
171.9
173.5
181.6
189.7
206.0
210.0
212.6
226.6
227.0
232.2
244.2
244.5
244.3
259.9
269.8
271.5
274.9
276.0
274.3
278.2
282.0
278.6
276.9
275.5
271.1
269.8
261.1
257.5
255.7
250.1
246.4
240.1
232.9
222.6
213.0
201.4
188.9
175.0
162.7
151.0
139.5
128.6
119.5
109.5
99.53
86.94
74.16
59.72
46.36
37.35
29.93
24.94
22.68
21.84
20.54
17.98
15.06
12.08
10.20
9.260
8.153
7.079
6.256
5.427
4.496
3.898
3.506
3.051
2.774
2.423
2.058
1.901
1.739
1.730
1.689
1.628
1.614
1.616
1.538
1.442
1.367
1.327
1.290
1.246
1.200
1.210
1.212
1.200
1.159
1.134
1.110
1.096
1.086
1.078
1.055
1.050
1.016
1.011
1.002
0.9617
0.9360
0.8923
0.8482
0.8161
0.7981
0.7868
0.7809
0.7574
0.7292
0.7254
0.7274
0.7339
0.7016
0.6864
0.6600
0.6525
0.6485
0.6233
0.6224
0.6442
0.6868
0.6976
0.6069
0.5665
0.3289
0.2552
0.2336
0.2327
0.2336
0.2336
0.2355
0.2346
0.2355
0.2355
0.2365
0.2393
0.2402
0.2412
0.2431
0.2469
0.2507
0.2535
0.2582
0.2620
0.2705
0.2743
0.2810
0.2875
0.2932
0.2970
0.2989
0.2998
0.2979
132.7
144.8
165.2
164.2
144.5
131.3
114.4
124.3
130.0
132.1
128.7
130.3
132.7
134.2
140.5
147.7
153.7
151.3
161.0
170.2
160.3
159.7
157.9
163.4
157.9
152.2
159.0
153.5
155.0
168.3
182.3
189.3
194.4
194.9
202.9
209.1
208.8
215.0
219.5
224.5
228.7
234.1
247.9
253.7
257.5
259.1
261.0
268.0
280.4
287.5
290.9
291.6
295.0
307.7
317.3
320.4
323.6
325.9
329.4
331.3
335.0
335.3
336.3
338.1
338.8
337.0
336.6
333.2
324.9
312.5
301.2
285.6
268.1
245.7
219.8
187.3
150.2
110.3
74.18
54.18
34.40
32.58
31.88
30.19
28.17
26.34
24.98
24.46
22.90
21.68
20.07
18.96
14.70
11.60
8.322
6.243
4.663
3.666
3.121
2.829
2.447
2.163
2.009
1.952
1.867
1.789
1.726
1.664
1.610
1.595
1.591
1.587
1.547
1.471
1.452
1.431
1.398
1.375
1.354
1.329
1.341
1.356
1.364
1.487
1.436
1.482
1.576
1.559
1.582
1.599
1.570
1.626
1.509
1.438
1.327
1.203
1.068
1.053
0.9203
0.8680
0.8513
0.8069
0.7292
0.7047
0.6914
0.6876
0.7864
0.9251
1.159
1.389
1.865
1.356
1.320
1.237
0.6603
0.5388
0.3551
0.2628
0.2527
0.2516
0.2516
0.2525
0.2516
0.2506
0.2497
0.2497
0.2497
0.2497
0.2497
0.2497
0.2497
0.2525
0.2572
0.2573
0.2610
0.2620
0.2714
0.2762
0.2799
0.2856
0.2885
120.7
140.3
160.4
172.4
155.3
120.7
123.0
132.9
120.7
119.2
109.8
104.8
123.5
129.6
131.6
142.9
165.0
152.6
157.3
159.5
167.2
183.2
169.4
160.0
164.0
152.9
167.1
192.1
175.5
180.7
187.9
205.1
232.9
231.4
245.1
246.8
250.1
260.3
262.5
269.9
277.7
285.4
293.7
300.5
307.4
317.1
329.2
337.6
345.3
352.1
361.3
372.0
382.4
389.8
397.6
404.8
410.5
419.5
431.2
442.5
452.3
457.6
465.4
475.9
483.8
486.6
489.6
493.2
493.6
495.7
496.1
492.7
484.3
470.8
451.6
422.2
369.1
308.2
249.6
181.5
124.2
67.29
52.77
44.63
40.21
37.78
35.29
35.93
35.76
34.90
35.35
33.37
28.90
23.23
18.09
12.19
7.194
4.874
4.255
3.946
3.445
3.223
3.036
2.804
2.477
2.058
1.756
1.574
1.435
1.337
1.316
1.306
1.305
1.301
1.303
1.337
1.599
1.699
2.002
1.891
2.150
2.294
2.269
2.242
2.338
2.466
2.453
2.531
2.973
2.673
2.416
2.573
2.703
2.539
2.266
2.085
1.814
1.567
1.680
1.274
1.075
0.8668
0.7689
0.7689
0.7765
0.7822
0.8030
0.8228
0.8914
1.522
2.674
2.664
2.506
2.253
1.905
1.853
1.295
0.7273
0.4573
0.2875
0.2667
0.2658
0.2667
0.2667
0.2667
0.2667
0.2667
0.2667
0.2667
0.2667
0.2687
0.2724
0.2743
0.2790
0.2800
0.2828
0.2875
0.2904
0.2913
0.2904
0.2904
121.5
146.0
158.7
158.4
151.1
125.6
117.2
111.7
105.9
104.5
108.1
110.6
119.6
130.8
130.3
148.6
136.6
156.4
146.8
164.3
170.3
178.8
167.7
192.9
174.8
175.8
187.7
171.0
206.3
195.4
217.1
230.5
232.8
244.5
253.6
259.4
262.4
272.1
279.3
286.7
288.6
295.5
300.6
306.7
307.2
315.5
315.9
319.8
329.6
338.5
342.4
347.9
350.7
358.2
363.6
368.3
370.6
377.3
380.8
387.5
393.5
395.9
397.1
400.8
400.1
401.4
400.7
401.6
396.6
395.3
391.1
383.3
378.3
367.0
352.7
333.9
292.3
253.4
215.0
158.7
108.9
70.27
50.09
40.94
37.71
36.40
35.36
34.99
35.33
35.45
35.33
32.82
28.97
23.76
18.18
13.13
6.919
4.464
4.436
4.416
4.416
4.543
4.304
3.728
3.153
2.669
2.144
1.694
1.608
1.565
1.492
1.464
1.440
1.429
1.554
1.681
1.924
2.132
2.201
2.464
2.616
2.747
2.830
3.094
3.295
3.307
3.447
3.925
4.111
4.003
4.122
4.192
3.816
3.388
3.304
2.831
2.391
2.133
1.882
1.766
1.442
1.109
1.050
0.8920
0.8493
0.8569
0.8759
0.9209
0.9658
1.378
1.382
2.131
2.366
2.462
2.675
1.963
1.611
1.342
0.6764
0.4487
0.3335
0.2923
0.2904
0.2894
0.2884
0.2837
0.2809
0.2771
0.2743
0.2752
0.2733
0.2733
0.2733
0.2733
0.2733
0.2733
0.2733
0.2733
0.2733
0.2733
0.2733
120.7
150.3
153.4
162.2
156.1
108.1
112.0
117.0
116.6
115.2
119.9
114.9
122.6
127.7
129.5
135.3
138.0
133.3
134.7
138.9
147.1
143.5
155.1
134.7
146.3
135.7
141.8
152.2
149.6
162.8
172.2
186.1
204.1
235.7
219.1
218.7
220.9
226.8
232.0
237.7
243.1
247.2
248.6
251.6
257.7
256.3
259.3
263.5
264.0
269.5
272.1
278.0
277.1
282.0
284.8
285.3
285.5
282.9
281.2
281.6
283.1
283.6
280.4
280.4
277.8
274.9
270.2
265.7
257.0
248.6
239.4
231.2
222.3
213.6
201.9
187.9
163.9
135.7
114.2
85.06
62.63
45.07
32.93
28.24
25.70
23.44
21.87
21.93
21.35
21.36
21.18
20.21
18.50
16.65
14.60
12.58
10.68
7.911
6.594
4.970
4.034
3.277
3.028
2.807
2.627
2.389
2.064
1.757
1.561
1.374
1.319
1.291
1.270
1.259
1.238
1.224
1.236
1.319
1.386
1.458
1.591
1.713
1.773
1.825
1.774
1.858
1.841
1.858
1.995
2.086
1.896
1.881
2.104
1.952
1.596
1.700
1.542
1.320
1.367
1.096
0.9834
0.8403
0.8014
0.7918
0.7907
0.7954
0.8067
0.8386
0.9095
1.194
1.662
1.861
2.361
2.161
1.558
1.303
1.429
0.7229
0.4929
0.3636
0.3304
0.3282
0.3244
0.3188
0.3150
0.3131
0.3074
0.3027
0.3008
0.2942
0.2923
0.2894
0.2847
0.2847
0.2828
0.2818
0.2818
0.2818
0.2856
0.2885
0.2904
132.7
139.4
158.8
166.2
161.6
136.0
105.6
111.1
116.2
109.2
106.5
108.7
106.2
103.9
109.4
115.4
121.4
115.7
114.1
124.3
124.3
114.9
115.4
113.4
113.8
105.8
113.8
122.2
106.9
104.3
105.0
127.0
122.6
137.0
135.9
143.6
147.0
150.8
151.8
152.6
157.4
157.2
154.2
151.6
158.7
165.1
168.2
165.9
163.1
161.8
161.9
162.4
161.1
162.7
165.4
161.8
160.5
160.1
156.5
154.0
152.6
150.7
147.4
143.0
141.7
136.8
131.4
126.7
121.5
115.5
109.1
102.1
95.86
88.28
80.99
72.57
62.64
52.63
43.14
37.98
32.27
28.20
25.25
24.02
21.88
19.55
17.47
15.97
15.15
14.44
13.73
12.80
11.89
10.81
9.524
8.583
7.335
6.417
5.551
4.706
3.918
2.872
2.179
2.068
1.933
1.809
1.694
1.627
1.600
1.571
1.565
1.600
1.615
1.637
1.647
1.564
1.543
1.539
1.532
1.551
1.540
1.515
1.470
1.430
1.476
1.429
1.475
1.383
1.386
1.394
1.414
1.343
1.251
1.209
1.116
1.060
1.003
0.9378
0.9072
0.8188
0.7724
0.7328
0.7158
0.7026
0.6980
0.6857
0.6839
0.6942
0.7452
1.006
1.150
1.147
1.218
0.9270
0.7479
0.5983
0.4348
0.3422
0.3272
0.3282
0.3253
0.3224
0.3140
0.3093
0.3055
0.3017
0.2979
0.2951
0.2922
0.2913
0.2904
0.2913
0.2894
0.2913
0.2922
0.2951
0.2941
0.2941
0.2960
0.2960
0.2960
141.5
133.9
156.1
159.4
156.7
110.9
105.7
120.3
95.51
99.87
106.8
109.9
107.3
106.1
105.7
101.8
98.91
96.32
102.3
102.0
98.90
109.0
101.9
97.13
106.9
100.3
93.35
97.47
92.35
94.57
107.6
100.9
107.5
104.7
103.0
105.5
109.5
111.5
117.2
119.2
116.2
115.8
119.6
115.5
122.6
140.6
138.5
127.2
119.1
122.0
122.0
123.3
122.9
123.1
122.0
123.1
122.7
120.1
113.1
111.4
109.4
107.7
106.4
104.3
99.66
96.63
93.58
91.32
89.38
84.62
80.15
74.56
71.45
68.29
62.66
58.68
53.66
49.77
45.86
41.36
35.26
30.71
26.44
22.81
19.22
16.52
14.67
13.02
11.61
10.10
8.640
7.273
6.105
5.182
4.695
4.200
3.550
2.990
2.565
2.028
1.704
1.637
1.620
1.604
1.589
1.658
1.711
1.687
1.631
1.471
1.417
1.409
1.398
1.397
1.450
1.471
1.458
1.398
1.347
1.311
1.285
1.300
1.278
1.294
1.250
1.174
1.175
1.145
1.062
1.027
0.9659
0.9153
0.8873
0.8853
0.8787
0.8571
0.8400
0.8276
0.8006
0.7860
0.8009
0.7683
0.7334
0.7103
0.6999
0.6810
0.6687
0.6584
0.6583
0.6594
0.6067
0.5566
0.4251
0.3713
0.3529
0.3500
0.3499
0.3509
0.3471
0.3424
0.3424
0.3405
0.3367
0.3329
0.3320
0.3292
0.3263
0.3225
0.3178
0.3168
0.3140
0.3102
0.3093
0.3083
0.3074
0.3074
0.3074
0.3055
0.3045
0.3027
0.3027
148.3
138.8
143.1
146.1
153.5
124.1
110.4
94.70
90.66
92.62
95.50
92.93
97.70
96.64
104.5
97.35
92.94
92.52
92.92
95.06
93.31
91.11
91.85
79.52
78.08
78.76
82.93
81.71
86.54
83.87
88.68
87.78
92.03
94.12
95.27
102.6
104.1
99.99
100.6
99.84
100.5
105.0
108.6
119.2
113.0
111.2
110.5
111.2
112.5
117.5
113.0
116.5
112.7
111.9
112.7
114.1
113.9
112.0
111.0
109.5
106.0
104.8
105.4
103.7
98.55
98.21
96.07
91.87
89.20
85.30
82.87
80.25
74.69
72.11
67.43
62.08
57.29
51.24
42.50
36.44
30.04
27.01
25.60
22.58
19.15
16.78
15.01
14.30
13.92
12.79
11.84
10.92
9.666
8.630
7.575
7.084
5.921
4.771
4.219
3.419
2.619
2.192
1.933
1.849
1.799
1.690
1.645
1.609
1.569
1.563
1.599
1.583
1.618
1.626
1.626
1.556
1.549
1.580
1.557
1.505
1.493
1.498
1.484
1.488
1.532
1.593
1.705
1.696
1.689
1.630
1.710
1.748
1.590
1.530
1.421
1.300
1.243
1.106
0.9503
0.9230
0.8860
0.8090
0.7375
0.7130
0.7014
0.6799
0.6660
0.6815
0.7652
1.005
0.8931
0.9758
0.8763
0.7379
0.6833
0.6433
0.4524
0.3704
0.3424
0.3414
0.3376
0.3339
0.3328
0.3253
0.3225
0.3215
0.3178
0.3159
0.3159
0.3159
0.3168
0.3140
0.3112
0.3131
0.3131
0.3130
0.3093
0.3093
0.3093
0.3093
0.3093
146.9
143.8
136.6
144.6
144.7
119.1
112.2
110.7
97.77
92.97
99.30
93.72
88.44
95.90
76.22
76.81
88.66
97.48
99.64
95.39
86.64
76.35
75.19
77.85
82.33
81.04
81.06
79.19
74.51
84.44
85.97
90.58
98.62
100.8
103.4
106.4
102.1
104.3
106.8
110.2
108.3
107.4
112.3
114.3
112.6
115.7
116.7
123.2
123.5
126.1
127.4
127.8
128.6
126.4
127.4
125.5
125.9
124.5
126.5
123.5
120.1
118.4
117.8
116.4
113.8
112.2
108.2
103.4
98.33
95.66
91.67
87.53
84.40
78.01
74.96
68.30
59.17
52.17
46.69
40.13
35.10
30.28
24.36
21.08
15.84
13.29
11.73
11.34
10.59
10.43
9.940
8.953
7.871
6.654
6.023
5.234
4.302
3.339
2.970
2.626
2.452
2.260
2.128
2.045
1.935
1.837
1.646
1.516
1.435
1.331
1.250
1.225
1.211
1.200
1.190
1.179
1.287
1.381
1.435
1.551
1.699
1.846
2.056
2.220
2.447
2.402
2.308
2.480
2.542
2.760
2.633
2.702
2.456
2.299
2.450
2.001
2.000
2.020
1.920
1.413
1.059
0.9432
0.7905
0.7766
0.7699
0.7595
0.7623
0.7764
0.8179
0.9000
1.062
1.159
1.333
1.500
1.120
0.9914
0.7405
0.6613
0.5071
0.3951
0.3539
0.3528
0.3509
0.3471
0.3462
0.3433
0.3414
0.3377
0.3348
0.3311
0.3254
0.3216
0.3197
0.3159
0.3159
0.3159
0.3159
0.3131
0.3131
0.3121
0.3112
144.4
140.0
136.5
137.6
151.5
118.3
125.5
126.2
101.2
82.56
84.38
83.08
102.9
89.73
76.92
66.54
84.01
100.4
92.94
100.7
85.78
85.28
90.68
91.28
97.89
86.10
90.48
81.21
85.38
87.66
90.26
100.1
99.31
106.7
105.7
105.5
109.8
112.7
114.9
117.5
116.8
119.0
122.7
123.1
121.0
123.0
128.8
130.3
130.6
128.6
130.7
131.6
129.8
130.8
127.6
128.8
130.2
130.3
129.3
127.4
127.5
124.7
126.8
122.8
122.1
117.9
113.7
109.5
104.3
99.87
95.37
91.13
87.89
82.98
78.24
68.76
58.09
53.06
45.91
40.35
33.19
25.34
20.79
18.78
16.20
13.44
11.89
11.68
10.98
10.92
10.45
9.539
7.983
6.549
5.339
3.958
2.807
2.321
2.328
2.313
2.277
2.277
2.272
2.182
2.063
1.871
1.714
1.529
1.417
1.415
1.371
1.369
1.370
1.373
1.550
1.617
2.085
2.223
2.317
2.348
2.750
2.602
2.918
3.218
3.635
3.871
4.348
4.741
4.833
4.826
5.046
4.942
4.534
4.489
3.836
3.522
2.962
2.366
2.471
1.712
1.916
1.463
1.060
0.8772
0.8097
0.8305
0.8478
0.8682
0.8665
0.9261
1.182
1.116
1.265
1.449
1.879
1.204
1.289
0.7885
0.7384
0.4636
0.3610
0.3348
0.3329
0.3310
0.3272
0.3272
0.3273
0.3291
0.3214
0.3121
0.3102
0.3102
0.3102
0.3102
0.3102
0.3102
0.3102
0.3102
0.3102
0.3102
0.3102
146.9
143.8
136.6
144.6
144.7
119.1
112.2
110.7
97.77
92.97
99.30
93.72
88.44
95.90
76.22
76.81
88.66
97.48
99.64
95.39
86.64
76.35
75.19
77.85
82.33
81.04
81.06
79.19
74.51
84.44
85.97
90.58
98.62
100.8
103.4
106.4
102.1
104.3
106.8
110.2
108.3
107.4
112.3
114.3
112.6
115.7
116.7
123.2
123.5
126.1
127.4
127.8
128.6
126.4
127.4
125.5
125.9
124.5
126.5
123.5
120.1
118.4
117.8
116.4
113.8
112.2
108.2
103.4
98.33
95.66
91.67
87.53
84.40
78.01
74.96
68.30
59.17
52.17
46.69
40.13
35.10
30.28
24.36
21.08
15.84
13.29
11.73
11.34
10.59
10.43
9.940
8.953
7.871
6.654
6.023
5.234
4.302
3.339
2.970
2.626
2.452
2.260
2.128
2.045
1.935
1.837
1.646
1.516
1.435
1.331
1.250
1.225
1.211
1.200
1.190
1.179
1.287
1.381
1.435
1.551
1.699
1.846
2.056
2.220
2.447
2.402
2.308
2.480
2.542
2.760
2.633
2.702
2.456
2.299
2.450
2.001
2.000
2.020
1.920
1.413
1.059
0.9432
0.7905
0.7766
0.7699
0.7595
0.7623
0.7764
0.8179
0.9000
1.062
1.159
1.333
1.500
1.120
0.9914
0.7405
0.6613
0.5071
0.3951
0.3539
0.3528
0.3509
0.3471
0.3462
0.3433
0.3414
0.3377
0.3348
0.3311
0.3254
0.3216
0.3197
0.3159
0.3159
0.3159
0.3159
0.3131
0.3131
0.3121
0.3112
148.3
138.8
143.1
146.1
153.5
124.1
110.4
94.70
90.66
92.62
95.50
92.93
97.70
96.64
104.5
97.35
92.94
92.52
92.92
95.06
93.31
91.11
91.85
79.52
78.08
78.76
82.93
81.71
86.54
83.87
88.68
87.78
92.03
94.12
95.27
102.6
104.1
99.99
100.6
99.84
100.5
105.0
108.6
119.2
113.0
111.2
110.5
111.2
112.5
117.5
113.0
116.5
112.7
111.9
112.7
114.1
113.9
112.0
111.0
109.5
106.0
104.8
105.4
103.7
98.55
98.21
96.07
91.87
89.20
85.30
82.87
80.25
74.69
72.11
67.43
62.08
57.29
51.24
42.50
36.44
30.04
27.01
25.60
22.58
19.15
16.78
15.01
14.30
13.92
12.79
11.84
10.92
9.666
8.630
7.575
7.084
5.921
4.771
4.219
3.419
2.619
2.192
1.933
1.849
1.799
1.690
1.645
1.609
1.569
1.563
1.599
1.583
1.618
1.626
1.626
1.556
1.549
1.580
1.557
1.505
1.493
1.498
1.484
1.488
1.532
1.593
1.705
1.696
1.689
1.630
1.710
1.748
1.590
1.530
1.421
1.300
1.243
1.106
0.9503
0.9230
0.8860
0.8090
0.7375
0.7130
0.7014
0.6799
0.6660
0.6815
0.7652
1.005
0.8931
0.9758
0.8763
0.7379
0.6833
0.6433
0.4524
0.3704
0.3424
0.3414
0.3376
0.3339
0.3328
0.3253
0.3225
0.3215
0.3178
0.3159
0.3159
0.3159
0.3168
0.3140
0.3112
0.3131
0.3131
0.3130
0.3093
0.3093
0.3093
0.3093
0.3093
141.5
133.9
156.1
159.4
156.7
110.9
105.7
120.3
95.51
99.87
106.8
109.9
107.3
106.1
105.7
101.8
98.91
96.32
102.3
102.0
98.90
109.0
101.9
97.13
106.9
100.3
93.35
97.47
92.35
94.57
107.6
100.9
107.5
104.7
103.0
105.5
109.5
111.5
117.2
119.2
116.2
115.8
119.6
115.5
122.6
140.6
138.5
127.2
119.1
122.0
122.0
123.3
122.9
123.1
122.0
123.1
122.7
120.1
113.1
111.4
109.4
107.7
106.4
104.3
99.66
96.63
93.58
91.32
89.38
84.62
80.15
74.56
71.45
68.29
62.66
58.68
53.66
49.77
45.86
41.36
35.26
30.71
26.44
22.81
19.22
16.52
14.67
13.02
11.61
10.10
8.640
7.273
6.105
5.182
4.695
4.200
3.550
2.990
2.565
2.028
1.704
1.637
1.620
1.604
1.589
1.658
1.711
1.687
1.631
1.471
1.417
1.409
1.398
1.397
1.450
1.471
1.458
1.398
1.347
1.311
1.285
1.300
1.278
1.294
1.250
1.174
1.175
1.145
1.062
1.027
0.9659
0.9153
0.8873
0.8853
0.8787
0.8571
0.8400
0.8276
0.8006
0.7860
0.8009
0.7683
0.7334
0.7103
0.6999
0.6810
0.6687
0.6584
0.6583
0.6594
0.6067
0.5566
0.4251
0.3713
0.3529
0.3500
0.3499
0.3509
0.3471
0.3424
0.3424
0.3405
0.3367
0.3329
0.3320
0.3292
0.3263
0.3225
0.3178
0.3168
0.3140
0.3102
0.3093
0.3083
0.3074
0.3074
0.3074
0.3055
0.3045
0.3027
0.3027
132.7
139.4
158.8
166.2
161.6
136.0
105.6
111.1
116.2
109.2
106.5
108.7
106.2
103.9
109.4
115.4
121.4
115.7
114.1
124.3
124.3
114.9
115.4
113.4
113.8
105.8
113.8
122.2
106.9
104.3
105.0
127.0
122.6
137.0
135.9
143.6
147.0
150.8
151.8
152.6
157.4
157.2
154.2
151.6
158.7
165.1
168.2
165.9
163.1
161.8
161.9
162.4
161.1
162.7
165.4
161.8
160.5
160.1
156.5
154.0
152.6
150.7
147.4
143.0
141.7
136.8
131.4
126.7
121.5
115.5
109.1
102.1
95.86
88.28
80.99
72.57
62.64
52.63
43.14
37.98
32.27
28.20
25.25
24.02
21.88
19.55
17.47
15.97
15.15
14.44
13.73
12.80
11.89
10.81
9.524
8.583
7.335
6.417
5.551
4.706
3.918
2.872
2.179
2.068
1.933
1.809
1.694
1.627
1.600
1.571
1.565
1.600
1.615
1.637
1.647
1.564
1.543
1.539
1.532
1.551
1.540
1.515
1.470
1.430
1.476
1.429
1.475
1.383
1.386
1.394
1.414
1.343
1.251
1.209
1.116
1.060
1.003
0.9378
0.9072
0.8188
0.7724
0.7328
0.7158
0.7026
0.6980
0.6857
0.6839
0.6942
0.7452
1.006
1.150
1.147
1.218
0.9270
0.7479
0.5983
0.4348
0.3422
0.3272
0.3282
0.3253
0.3224
0.3140
0.3093
0.3055
0.3017
0.2979
0.2951
0.2922
0.2913
0.2904
0.2913
0.2894
0.2913
0.2922
0.2951
0.2941
0.2941
0.2960
0.2960
0.2960
120.7
150.3
153.4
162.2
156.1
108.1
112.0
117.0
116.6
115.2
119.9
114.9
122.6
127.7
129.5
135.3
138.0
133.3
134.7
138.9
147.1
143.5
155.1
134.7
146.3
135.7
141.8
152.2
149.6
162.8
172.2
186.1
204.1
235.7
219.1
218.7
220.9
226.8
232.0
237.7
243.1
247.2
248.6
251.6
257.7
256.3
259.3
263.5
264.0
269.5
272.1
278.0
277.1
282.0
284.8
285.3
285.5
282.9
281.2
281.6
283.1
283.6
280.4
280.4
277.8
274.9
270.2
265.7
257.0
248.6
239.4
231.2
222.3
213.6
201.9
187.9
163.9
135.7
114.2
85.06
62.63
45.07
32.93
28.24
25.70
23.44
21.87
21.93
21.35
21.36
21.18
20.21
18.50
16.65
14.60
12.58
10.68
7.911
6.594
4.970
4.034
3.277
3.028
2.807
2.627
2.389
2.064
1.757
1.561
1.374
1.319
1.291
1.270
1.259
1.238
1.224
1.236
1.319
1.386
1.458
1.591
1.713
1.773
1.825
1.774
1.858
1.841
1.858
1.995
2.086
1.896
1.881
2.104
1.952
1.596
1.700
1.542
1.320
1.367
1.096
0.9834
0.8403
0.8014
0.7918
0.7907
0.7954
0.8067
0.8386
0.9095
1.194
1.662
1.861
2.361
2.161
1.558
1.303
1.429
0.7229
0.4929
0.3636
0.3304
0.3282
0.3244
0.3188
0.3150
0.3131
0.3074
0.3027
0.3008
0.2942
0.2923
0.2894
0.2847
0.2847
0.2828
0.2818
0.2818
0.2818
0.2856
0.2885
0.2904
