SALVI
1
0
24
15.00
181
1.00

231101 OCH Z5M4 350 F3T4  PMMA TRANSL

231101 OCH Z5M4 350 F3T4 PMMA TRANSL.ldt
02 November 2023/TB
760
0
225
320
60
0
0
0
0
99.5
100.0
1.000
0.0
1
1
16 LED
1940.5


18.7
0.241
0.328
0.418
0.495
0.551
0.639
0.688
0.735
0.791
0.826
0.0
15.0
30.0
45.0
60.0
75.0
90.0
105.0
120.0
135.0
150.0
165.0
180.0
195.0
210.0
225.0
240.0
255.0
270.0
285.0
300.0
315.0
330.0
345.0
0.0
1.0
2.0
3.0
4.0
5.0
6.0
7.0
8.0
9.0
10.0
11.0
12.0
13.0
14.0
15.0
16.0
17.0
18.0
19.0
20.0
21.0
22.0
23.0
24.0
25.0
26.0
27.0
28.0
29.0
30.0
31.0
32.0
33.0
34.0
35.0
36.0
37.0
38.0
39.0
40.0
41.0
42.0
43.0
44.0
45.0
46.0
47.0
48.0
49.0
50.0
51.0
52.0
53.0
54.0
55.0
56.0
57.0
58.0
59.0
60.0
61.0
62.0
63.0
64.0
65.0
66.0
67.0
68.0
69.0
70.0
71.0
72.0
73.0
74.0
75.0
76.0
77.0
78.0
79.0
80.0
81.0
82.0
83.0
84.0
85.0
86.0
87.0
88.0
89.0
90.0
91.0
92.0
93.0
94.0
95.0
96.0
97.0
98.0
99.0
100.0
101.0
102.0
103.0
104.0
105.0
106.0
107.0
108.0
109.0
110.0
111.0
112.0
113.0
114.0
115.0
116.0
117.0
118.0
119.0
120.0
121.0
122.0
123.0
124.0
125.0
126.0
127.0
128.0
129.0
130.0
131.0
132.0
133.0
134.0
135.0
136.0
137.0
138.0
139.0
140.0
141.0
142.0
143.0
144.0
145.0
146.0
147.0
148.0
149.0
150.0
151.0
152.0
153.0
154.0
155.0
156.0
157.0
158.0
159.0
160.0
161.0
162.0
163.0
164.0
165.0
166.0
167.0
168.0
169.0
170.0
171.0
172.0
173.0
174.0
175.0
176.0
177.0
178.0
179.0
180.0
212.6
210.3
230.0
234.3
217.9
209.6
182.9
180.5
182.1
184.4
196.7
200.5
205.9
203.8
208.7
199.1
219.1
230.8
241.1
254.7
265.2
263.2
275.0
277.9
269.9
279.6
266.8
269.0
274.3
274.1
291.6
297.9
308.1
310.9
310.6
310.2
308.8
307.9
305.5
303.5
301.2
298.3
295.8
293.0
290.1
286.7
283.2
279.2
275.2
271.3
267.4
262.5
258.3
253.3
248.4
242.9
237.9
232.1
226.5
220.6
214.3
208.2
201.5
195.3
188.3
181.3
174.2
167.1
159.6
152.3
144.6
136.8
128.7
120.6
112.5
104.0
95.82
87.80
79.91
72.14
64.38
57.23
49.62
42.05
33.99
26.01
18.40
11.81
6.498
2.914
1.082
0.3749
0.3904
0.4456
0.4915
0.5271
0.5523
0.5828
0.5955
0.6158
0.6459
0.6714
0.6942
0.7119
0.7223
0.7374
0.7576
0.7678
0.7778
0.7778
0.7829
0.7879
0.7880
0.7880
0.7880
0.7880
0.7880
0.7880
0.7880
0.7880
0.7880
0.7880
0.7880
0.7906
0.7931
0.7931
0.7957
0.8007
0.8007
0.8007
0.8007
0.8007
0.7880
0.7727
0.7075
0.6663
0.6107
0.6082
0.6031
0.5980
0.5981
0.6056
0.6182
0.6385
0.6665
0.7019
0.7348
0.7601
0.7878
0.8032
0.8007
0.8007
0.8006
0.8005
0.7781
0.7602
0.7296
0.7069
0.5948
0.4994
0.4224
0.3320
0.3319
0.3319
0.3319
0.3319
0.3319
0.3319
0.3319
0.3319
0.3319
0.3319
0.3319
0.3319
0.3319
0.3319
0.3319
0.3319
0.3319
0.3319
0.3319
202.2
206.0
221.7
240.1
222.7
205.5
181.3
182.7
180.5
180.7
183.1
202.7
219.4
233.7
243.9
249.6
251.9
253.5
243.4
244.5
251.7
254.7
259.5
266.1
267.4
270.6
273.2
271.2
271.0
265.9
273.8
286.1
298.7
313.9
317.3
320.2
322.0
323.5
324.1
325.1
324.6
324.6
323.9
323.4
321.9
320.3
318.0
315.6
313.4
309.6
306.1
301.9
297.5
293.4
288.6
284.0
278.4
273.0
267.4
261.0
254.3
248.1
241.6
234.1
227.0
219.4
211.8
203.9
196.0
187.4
178.9
170.3
161.1
151.3
141.6
131.6
121.8
112.1
102.4
92.93
83.62
74.56
65.49
56.19
46.34
36.22
26.24
17.34
9.955
4.874
2.225
1.292
1.252
1.236
1.234
1.203
1.171
1.140
1.104
1.059
1.023
0.9800
0.9423
0.9019
0.8665
0.8409
0.8031
0.7853
0.7599
0.7373
0.7322
0.7246
0.7196
0.7095
0.7018
0.6968
0.6968
0.6968
0.6968
0.6968
0.6968
0.6968
0.7044
0.7019
0.7044
0.7069
0.7069
0.7069
0.7094
0.7019
0.6993
0.6966
0.6636
0.6304
0.5775
0.5397
0.5397
0.5397
0.5397
0.5449
0.5550
0.5652
0.5855
0.6084
0.6386
0.6718
0.6996
0.7171
0.7246
0.7221
0.7171
0.7171
0.7120
0.7093
0.6815
0.6689
0.6460
0.6324
0.5063
0.4019
0.3218
0.3218
0.3269
0.3294
0.3370
0.3370
0.3395
0.3421
0.3446
0.3447
0.3497
0.3548
0.3598
0.3649
0.3649
0.3674
0.3725
0.3725
0.3725
0.3725
0.3725
192.3
205.1
214.7
230.7
219.8
201.5
191.7
191.2
195.0
198.6
198.1
188.0
193.8
201.4
228.5
235.3
238.0
240.9
240.5
244.5
248.5
258.3
263.4
270.3
277.0
271.9
272.0
269.7
273.0
277.0
282.5
289.3
291.0
297.9
301.6
308.4
312.2
312.0
311.3
310.8
309.7
309.1
307.3
305.9
303.8
302.3
300.6
298.0
295.3
292.7
289.1
286.1
282.2
278.5
274.0
269.2
264.8
259.5
254.3
248.6
242.6
236.4
230.3
223.6
216.2
209.2
201.9
194.3
186.7
178.3
170.1
161.2
152.3
143.1
133.7
124.6
115.0
105.7
96.38
87.31
78.32
69.64
61.39
53.14
44.66
35.34
25.65
16.67
9.551
4.733
2.113
1.150
1.125
1.110
1.092
1.072
1.047
1.029
1.006
0.9831
0.9580
0.9325
0.9074
0.8771
0.8567
0.8290
0.8084
0.7858
0.7729
0.7602
0.7477
0.7350
0.7323
0.7323
0.7222
0.7146
0.7070
0.7069
0.6969
0.6968
0.6867
0.6842
0.6816
0.6816
0.6816
0.6816
0.6816
0.6816
0.6816
0.6816
0.6791
0.6564
0.6411
0.6360
0.6284
0.6183
0.6057
0.6031
0.6031
0.6031
0.6031
0.6106
0.6157
0.6233
0.6308
0.6334
0.6335
0.6360
0.6360
0.6410
0.6360
0.6210
0.6058
0.5881
0.5879
0.5753
0.4623
0.3251
0.2917
0.2889
0.2889
0.2889
0.2889
0.2939
0.2914
0.2914
0.2939
0.2964
0.3015
0.3040
0.3041
0.3066
0.3167
0.3167
0.3243
0.3319
0.3521
0.3598
0.3573
0.3649
0.3725
183.5
201.3
220.3
231.4
218.8
201.6
177.5
164.3
172.8
184.9
202.7
234.0
255.3
268.1
263.5
265.7
271.2
282.1
277.5
280.6
283.0
290.7
287.3
287.7
289.9
297.5
291.4
290.7
292.8
304.0
308.9
321.7
336.0
344.6
345.3
345.0
344.4
344.1
343.1
342.0
340.3
338.4
336.8
334.5
332.6
329.3
327.2
324.4
321.4
317.9
314.1
310.3
306.4
301.9
297.1
291.7
286.2
280.6
274.1
267.5
260.3
253.6
246.4
238.3
230.2
221.6
213.2
204.5
195.5
186.4
177.0
167.4
157.7
147.7
137.7
127.8
117.8
108.1
98.29
88.70
79.35
70.33
61.72
53.43
45.54
37.66
29.09
19.21
10.10
4.196
1.305
0.2940
0.3093
0.3243
0.3396
0.3472
0.3547
0.3548
0.3599
0.3674
0.3674
0.3674
0.3674
0.3674
0.3699
0.3700
0.3725
0.3725
0.3752
0.3877
0.3954
0.4029
0.4055
0.4156
0.4232
0.4333
0.4385
0.4460
0.4561
0.4639
0.4790
0.4916
0.5068
0.5170
0.5220
0.5246
0.5346
0.5321
0.5321
0.5321
0.5347
0.5423
0.5474
0.5601
0.5778
0.5956
0.6183
0.6362
0.6514
0.6690
0.6892
0.6995
0.7145
0.7145
0.7145
0.7145
0.7145
0.7145
0.7145
0.7115
0.6686
0.5801
0.4112
0.2909
0.2610
0.2636
0.2686
0.2687
0.2762
0.2763
0.2863
0.2889
0.2889
0.2939
0.2940
0.3041
0.3067
0.3118
0.3219
0.3294
0.3320
0.3446
0.3522
0.3625
0.3700
0.3827
0.3902
0.3902
0.3927
0.3927
0.3927
178.1
200.1
228.7
237.7
228.0
196.3
190.0
210.2
213.6
202.3
204.3
208.9
204.6
213.9
238.8
258.1
258.6
261.5
261.6
258.1
265.8
278.6
285.5
292.7
299.3
296.1
287.7
293.2
291.2
297.1
310.0
313.2
321.2
329.0
331.4
338.8
343.4
343.2
342.6
341.8
340.7
339.7
338.5
336.8
335.3
333.7
331.1
328.1
325.6
321.6
318.0
314.2
309.7
304.4
299.1
293.3
287.2
280.8
273.8
266.4
258.7
250.3
241.7
233.0
223.8
215.1
205.1
195.2
185.5
175.8
165.6
155.7
145.8
135.6
126.0
116.2
106.5
97.05
87.79
78.71
69.88
61.41
53.37
45.80
38.44
30.92
22.78
14.03
7.525
3.841
1.477
0.7470
0.7375
0.7298
0.7222
0.7096
0.7019
0.6943
0.6817
0.6690
0.6589
0.6488
0.6362
0.6285
0.6158
0.6082
0.5956
0.5879
0.5779
0.5777
0.5752
0.5702
0.5701
0.5627
0.5625
0.5625
0.5625
0.5625
0.5600
0.5600
0.5600
0.5600
0.5675
0.5676
0.5676
0.5676
0.5676
0.5701
0.5726
0.5726
0.5726
0.5726
0.5701
0.5676
0.5625
0.5550
0.5549
0.5549
0.5549
0.5574
0.5675
0.5826
0.6078
0.6132
0.6257
0.6408
0.6436
0.6536
0.6588
0.6613
0.6714
0.6690
0.6639
0.6514
0.6461
0.6187
0.5102
0.3406
0.2623
0.2585
0.2585
0.2585
0.2585
0.2585
0.2585
0.2585
0.2585
0.2635
0.2635
0.2736
0.2837
0.2963
0.3015
0.3091
0.3142
0.3243
0.3369
0.3521
0.3724
0.3877
0.3978
173.9
191.3
229.2
257.1
261.6
213.3
193.7
190.3
191.3
196.4
199.4
211.4
249.2
285.0
296.7
302.2
307.0
291.7
284.8
287.9
289.3
297.7
309.2
306.7
317.0
330.2
323.3
332.7
326.9
318.2
334.2
343.3
365.3
383.8
386.9
390.2
392.8
395.1
397.4
398.4
399.7
399.7
399.4
399.0
397.6
395.7
393.4
390.0
386.5
382.0
376.9
371.1
365.0
358.5
350.9
342.9
334.6
325.4
316.0
305.8
295.2
284.7
273.7
262.3
251.0
239.4
227.4
216.0
204.3
192.4
180.7
169.1
157.7
146.5
135.4
124.4
113.7
103.2
93.06
83.37
73.88
64.90
56.13
47.54
38.96
30.09
21.59
14.03
8.052
3.722
1.296
0.7095
0.7069
0.7069
0.7094
0.7018
0.6840
0.6664
0.6612
0.6410
0.6334
0.6307
0.6156
0.5954
0.5877
0.5777
0.5702
0.5725
0.5600
0.5574
0.5574
0.5574
0.5574
0.5574
0.5574
0.5574
0.5574
0.5574
0.5574
0.5574
0.5574
0.5575
0.5600
0.5650
0.5651
0.5676
0.5676
0.5676
0.5676
0.5676
0.5676
0.5650
0.5522
0.5394
0.5168
0.4992
0.4992
0.4992
0.4992
0.5044
0.5145
0.5274
0.5527
0.5805
0.6184
0.6514
0.6944
0.7248
0.7450
0.7577
0.7627
0.7627
0.7627
0.7676
0.7497
0.7196
0.7169
0.7014
0.6153
0.3484
0.2712
0.2787
0.2813
0.2864
0.2965
0.2991
0.3091
0.3092
0.3168
0.3193
0.3294
0.3371
0.3473
0.3573
0.3624
0.3675
0.3877
0.3928
0.4079
0.4079
0.4079
173.0
190.9
234.6
273.6
256.6
207.1
200.5
204.4
208.8
214.2
220.8
248.2
287.1
249.4
216.5
253.4
258.0
263.9
302.8
341.7
334.3
357.8
358.6
358.0
379.8
355.4
361.7
363.3
354.0
384.8
393.2
414.6
434.3
434.9
435.1
435.5
434.6
433.3
432.8
430.6
428.0
427.2
423.9
420.9
416.8
413.9
408.5
403.4
397.9
391.6
385.0
378.6
370.7
363.0
354.4
344.9
335.4
325.7
315.2
303.7
293.3
281.9
270.6
259.0
247.1
235.4
223.2
211.5
199.8
187.7
176.2
164.5
153.1
141.8
131.0
120.0
109.7
99.28
89.47
79.85
70.42
61.71
52.87
44.11
35.29
26.56
18.92
12.07
6.309
1.908
0.5244
0.2026
0.1976
0.2226
0.2483
0.2734
0.2989
0.3040
0.3193
0.3293
0.3497
0.3798
0.3851
0.4051
0.4205
0.4357
0.4558
0.4611
0.4662
0.4763
0.4963
0.5016
0.5068
0.5318
0.5321
0.5521
0.5473
0.5473
0.5574
0.5574
0.5574
0.5574
0.5574
0.5574
0.5574
0.5574
0.5574
0.5625
0.5675
0.5726
0.5828
0.5878
0.6029
0.5980
0.5980
0.5626
0.5128
0.5118
0.5118
0.5118
0.5118
0.5118
0.5169
0.5470
0.5877
0.6282
0.6784
0.7292
0.7549
0.7751
0.7904
0.8057
0.8209
0.8310
0.8261
0.8260
0.8110
0.7956
0.7706
0.5647
0.2852
0.2788
0.2787
0.2787
0.2787
0.2787
0.2787
0.2787
0.2787
0.2787
0.2787
0.2939
0.3040
0.3091
0.3242
0.3243
0.3445
0.3496
0.3750
0.3902
0.4054
173.9
191.3
229.2
257.1
261.6
213.3
193.7
190.3
191.3
196.4
199.4
211.4
249.2
285.0
296.7
302.2
307.0
291.7
284.8
287.9
289.3
297.7
309.2
306.7
317.0
330.2
323.3
332.7
326.9
318.2
334.2
343.3
365.3
383.8
386.9
390.2
392.8
395.1
397.4
398.4
399.7
399.7
399.4
399.0
397.6
395.7
393.4
390.0
386.5
382.0
376.9
371.1
365.0
358.5
350.9
342.9
334.6
325.4
316.0
305.8
295.2
284.7
273.7
262.3
251.0
239.4
227.4
216.0
204.3
192.4
180.7
169.1
157.7
146.5
135.4
124.4
113.7
103.2
93.06
83.37
73.88
64.90
56.13
47.54
38.96
30.09
21.59
14.03
8.052
3.722
1.296
0.7095
0.7069
0.7069
0.7094
0.7018
0.6840
0.6664
0.6612
0.6410
0.6334
0.6307
0.6156
0.5954
0.5877
0.5777
0.5702
0.5725
0.5600
0.5574
0.5574
0.5574
0.5574
0.5574
0.5574
0.5574
0.5574
0.5574
0.5574
0.5574
0.5574
0.5575
0.5600
0.5650
0.5651
0.5676
0.5676
0.5676
0.5676
0.5676
0.5676
0.5650
0.5522
0.5394
0.5168
0.4992
0.4992
0.4992
0.4992
0.5044
0.5145
0.5274
0.5527
0.5805
0.6184
0.6514
0.6944
0.7248
0.7450
0.7577
0.7627
0.7627
0.7627
0.7676
0.7497
0.7196
0.7169
0.7014
0.6153
0.3484
0.2712
0.2787
0.2813
0.2864
0.2965
0.2991
0.3091
0.3092
0.3168
0.3193
0.3294
0.3371
0.3473
0.3573
0.3624
0.3675
0.3877
0.3928
0.4079
0.4079
0.4079
178.1
200.1
228.7
237.7
228.0
196.3
190.0
210.2
213.6
202.3
204.3
208.9
204.6
213.9
238.8
258.1
258.6
261.5
261.6
258.1
265.8
278.6
285.5
292.7
299.3
296.1
287.7
293.2
291.2
297.1
310.0
313.2
321.2
329.0
331.4
338.8
343.4
343.2
342.6
341.8
340.7
339.7
338.5
336.8
335.3
333.7
331.1
328.1
325.6
321.6
318.0
314.2
309.7
304.4
299.1
293.3
287.2
280.8
273.8
266.4
258.7
250.3
241.7
233.0
223.8
215.1
205.1
195.2
185.5
175.8
165.6
155.7
145.8
135.6
126.0
116.2
106.5
97.05
87.79
78.71
69.88
61.41
53.37
45.80
38.44
30.92
22.78
14.03
7.525
3.841
1.477
0.7470
0.7375
0.7298
0.7222
0.7096
0.7019
0.6943
0.6817
0.6690
0.6589
0.6488
0.6362
0.6285
0.6158
0.6082
0.5956
0.5879
0.5779
0.5777
0.5752
0.5702
0.5701
0.5627
0.5625
0.5625
0.5625
0.5625
0.5600
0.5600
0.5600
0.5600
0.5675
0.5676
0.5676
0.5676
0.5676
0.5701
0.5726
0.5726
0.5726
0.5726
0.5701
0.5676
0.5625
0.5550
0.5549
0.5549
0.5549
0.5574
0.5675
0.5826
0.6078
0.6132
0.6257
0.6408
0.6436
0.6536
0.6588
0.6613
0.6714
0.6690
0.6639
0.6514
0.6461
0.6187
0.5102
0.3406
0.2623
0.2585
0.2585
0.2585
0.2585
0.2585
0.2585
0.2585
0.2585
0.2635
0.2635
0.2736
0.2837
0.2963
0.3015
0.3091
0.3142
0.3243
0.3369
0.3521
0.3724
0.3877
0.3978
183.5
201.3
220.3
231.4
218.8
201.6
177.5
164.3
172.8
184.9
202.7
234.0
255.3
268.1
263.5
265.7
271.2
282.1
277.5
280.6
283.0
290.7
287.3
287.7
289.9
297.5
291.4
290.7
292.8
304.0
308.9
321.7
336.0
344.6
345.3
345.0
344.4
344.1
343.1
342.0
340.3
338.4
336.8
334.5
332.6
329.3
327.2
324.4
321.4
317.9
314.1
310.3
306.4
301.9
297.1
291.7
286.2
280.6
274.1
267.5
260.3
253.6
246.4
238.3
230.2
221.6
213.2
204.5
195.5
186.4
177.0
167.4
157.7
147.7
137.7
127.8
117.8
108.1
98.29
88.70
79.35
70.33
61.72
53.43
45.54
37.66
29.09
19.21
10.10
4.196
1.305
0.2940
0.3093
0.3243
0.3396
0.3472
0.3547
0.3548
0.3599
0.3674
0.3674
0.3674
0.3674
0.3674
0.3699
0.3700
0.3725
0.3725
0.3752
0.3877
0.3954
0.4029
0.4055
0.4156
0.4232
0.4333
0.4385
0.4460
0.4561
0.4639
0.4790
0.4916
0.5068
0.5170
0.5220
0.5246
0.5346
0.5321
0.5321
0.5321
0.5347
0.5423
0.5474
0.5601
0.5778
0.5956
0.6183
0.6362
0.6514
0.6690
0.6892
0.6995
0.7145
0.7145
0.7145
0.7145
0.7145
0.7145
0.7145
0.7115
0.6686
0.5801
0.4112
0.2909
0.2610
0.2636
0.2686
0.2687
0.2762
0.2763
0.2863
0.2889
0.2889
0.2939
0.2940
0.3041
0.3067
0.3118
0.3219
0.3294
0.3320
0.3446
0.3522
0.3625
0.3700
0.3827
0.3902
0.3902
0.3927
0.3927
0.3927
192.3
205.1
214.7
230.7
219.8
201.5
191.7
191.2
195.0
198.6
198.1
188.0
193.8
201.4
228.5
235.3
238.0
240.9
240.5
244.5
248.5
258.3
263.4
270.3
277.0
271.9
272.0
269.7
273.0
277.0
282.5
289.3
291.0
297.9
301.6
308.4
312.2
312.0
311.3
310.8
309.7
309.1
307.3
305.9
303.8
302.3
300.6
298.0
295.3
292.7
289.1
286.1
282.2
278.5
274.0
269.2
264.8
259.5
254.3
248.6
242.6
236.4
230.3
223.6
216.2
209.2
201.9
194.3
186.7
178.3
170.1
161.2
152.3
143.1
133.7
124.6
115.0
105.7
96.38
87.31
78.32
69.64
61.39
53.14
44.66
35.34
25.65
16.67
9.551
4.733
2.113
1.150
1.125
1.110
1.092
1.072
1.047
1.029
1.006
0.9831
0.9580
0.9325
0.9074
0.8771
0.8567
0.8290
0.8084
0.7858
0.7729
0.7602
0.7477
0.7350
0.7323
0.7323
0.7222
0.7146
0.7070
0.7069
0.6969
0.6968
0.6867
0.6842
0.6816
0.6816
0.6816
0.6816
0.6816
0.6816
0.6816
0.6816
0.6791
0.6564
0.6411
0.6360
0.6284
0.6183
0.6057
0.6031
0.6031
0.6031
0.6031
0.6106
0.6157
0.6233
0.6308
0.6334
0.6335
0.6360
0.6360
0.6410
0.6360
0.6210
0.6058
0.5881
0.5879
0.5753
0.4623
0.3251
0.2917
0.2889
0.2889
0.2889
0.2889
0.2939
0.2914
0.2914
0.2939
0.2964
0.3015
0.3040
0.3041
0.3066
0.3167
0.3167
0.3243
0.3319
0.3521
0.3598
0.3573
0.3649
0.3725
202.2
206.0
221.7
240.1
222.7
205.5
181.3
182.7
180.5
180.7
183.1
202.7
219.4
233.7
243.9
249.6
251.9
253.5
243.4
244.5
251.7
254.7
259.5
266.1
267.4
270.6
273.2
271.2
271.0
265.9
273.8
286.1
298.7
313.9
317.3
320.2
322.0
323.5
324.1
325.1
324.6
324.6
323.9
323.4
321.9
320.3
318.0
315.6
313.4
309.6
306.1
301.9
297.5
293.4
288.6
284.0
278.4
273.0
267.4
261.0
254.3
248.1
241.6
234.1
227.0
219.4
211.8
203.9
196.0
187.4
178.9
170.3
161.1
151.3
141.6
131.6
121.8
112.1
102.4
92.93
83.62
74.56
65.49
56.19
46.34
36.22
26.24
17.34
9.955
4.874
2.225
1.292
1.252
1.236
1.234
1.203
1.171
1.140
1.104
1.059
1.023
0.9800
0.9423
0.9019
0.8665
0.8409
0.8031
0.7853
0.7599
0.7373
0.7322
0.7246
0.7196
0.7095
0.7018
0.6968
0.6968
0.6968
0.6968
0.6968
0.6968
0.6968
0.7044
0.7019
0.7044
0.7069
0.7069
0.7069
0.7094
0.7019
0.6993
0.6966
0.6636
0.6304
0.5775
0.5397
0.5397
0.5397
0.5397
0.5449
0.5550
0.5652
0.5855
0.6084
0.6386
0.6718
0.6996
0.7171
0.7246
0.7221
0.7171
0.7171
0.7120
0.7093
0.6815
0.6689
0.6460
0.6324
0.5063
0.4019
0.3218
0.3218
0.3269
0.3294
0.3370
0.3370
0.3395
0.3421
0.3446
0.3447
0.3497
0.3548
0.3598
0.3649
0.3649
0.3674
0.3725
0.3725
0.3725
0.3725
0.3725
212.6
210.3
230.0
234.3
217.9
209.6
182.9
180.5
182.1
184.4
196.7
200.5
205.9
203.8
208.7
199.1
219.1
230.8
241.1
254.7
265.2
263.2
275.0
277.9
269.9
279.6
266.8
269.0
274.3
274.1
291.6
297.9
308.1
310.9
310.6
310.2
308.8
307.9
305.5
303.5
301.2
298.3
295.8
293.0
290.1
286.7
283.2
279.2
275.2
271.3
267.4
262.5
258.3
253.3
248.4
242.9
237.9
232.1
226.5
220.6
214.3
208.2
201.5
195.3
188.3
181.3
174.2
167.1
159.6
152.3
144.6
136.8
128.7
120.6
112.5
104.0
95.82
87.80
79.91
72.14
64.38
57.23
49.62
42.05
33.99
26.01
18.40
11.81
6.498
2.914
1.082
0.3749
0.3904
0.4456
0.4915
0.5271
0.5523
0.5828
0.5955
0.6158
0.6459
0.6714
0.6942
0.7119
0.7223
0.7374
0.7576
0.7678
0.7778
0.7778
0.7829
0.7879
0.7880
0.7880
0.7880
0.7880
0.7880
0.7880
0.7880
0.7880
0.7880
0.7880
0.7880
0.7906
0.7931
0.7931
0.7957
0.8007
0.8007
0.8007
0.8007
0.8007
0.7880
0.7727
0.7075
0.6663
0.6107
0.6082
0.6031
0.5980
0.5981
0.6056
0.6182
0.6385
0.6665
0.7019
0.7348
0.7601
0.7878
0.8032
0.8007
0.8007
0.8006
0.8005
0.7781
0.7602
0.7296
0.7069
0.5948
0.4994
0.4224
0.3320
0.3319
0.3319
0.3319
0.3319
0.3319
0.3319
0.3319
0.3319
0.3319
0.3319
0.3319
0.3319
0.3319
0.3319
0.3319
0.3319
0.3319
0.3319
0.3319
202.2
199.6
207.6
226.3
211.5
199.8
174.0
172.2
168.0
166.9
165.5
176.7
188.5
203.1
212.0
215.5
214.9
212.1
204.2
202.3
204.6
205.8
208.5
209.0
211.9
214.3
214.1
212.7
210.6
205.5
211.3
218.6
225.8
235.3
235.9
236.6
236.5
235.8
234.7
233.4
231.9
229.9
228.0
226.2
223.8
221.2
218.2
215.1
211.8
208.1
204.4
200.6
196.3
192.3
187.9
183.4
178.9
174.3
169.1
164.3
159.3
153.8
148.7
143.4
138.0
132.5
126.9
121.3
115.8
109.9
103.9
97.99
91.97
85.97
80.00
74.04
68.02
62.29
56.78
51.24
45.81
40.55
35.40
30.24
24.79
19.34
14.09
9.415
5.711
3.097
1.756
1.334
1.318
1.308
1.302
1.282
1.257
1.226
1.201
1.168
1.133
1.105
1.072
1.039
1.016
0.9860
0.9607
0.9402
0.9174
0.9022
0.8844
0.8692
0.8616
0.8489
0.8413
0.8362
0.8337
0.8261
0.8185
0.8134
0.8083
0.8033
0.7982
0.7982
0.7982
0.7982
0.7982
0.7957
0.7931
0.7931
0.7956
0.7881
0.7755
0.7425
0.7049
0.6469
0.6436
0.6335
0.6185
0.6183
0.6183
0.6183
0.6208
0.6358
0.6635
0.6890
0.7194
0.7348
0.7498
0.7500
0.7677
0.7753
0.7829
0.7830
0.7804
0.7578
0.7275
0.6946
0.5721
0.4743
0.3654
0.3548
0.3547
0.3547
0.3547
0.3547
0.3547
0.3547
0.3547
0.3547
0.3547
0.3547
0.3547
0.3547
0.3547
0.3547
0.3573
0.3598
0.3649
0.3699
0.3775
192.3
196.4
205.5
213.2
203.7
180.4
164.3
160.5
168.9
167.6
162.1
154.9
153.0
158.2
173.4
177.1
177.6
176.9
174.0
172.4
174.3
175.5
173.3
174.9
176.4
173.3
170.8
169.3
166.1
166.6
170.6
170.4
171.6
173.9
173.9
174.5
175.6
173.9
171.8
169.6
167.4
164.9
162.2
159.5
156.9
154.0
151.1
148.3
145.2
142.1
138.9
135.6
132.5
129.0
125.6
122.1
118.7
115.0
111.3
107.8
104.1
100.3
96.66
92.92
89.14
85.40
81.53
77.74
74.05
70.20
66.22
62.32
58.48
54.57
50.79
46.97
43.25
39.52
35.88
32.29
28.80
25.48
22.28
19.16
16.03
12.79
9.479
6.501
4.161
2.526
1.557
1.257
1.257
1.234
1.226
1.206
1.176
1.152
1.122
1.099
1.069
1.033
0.9981
0.9702
0.9399
0.9197
0.8944
0.8715
0.8589
0.8488
0.8385
0.8260
0.8209
0.8184
0.8184
0.8184
0.8159
0.8159
0.8159
0.8159
0.8185
0.8210
0.8260
0.8260
0.8260
0.8260
0.8260
0.8233
0.8057
0.8005
0.7752
0.7398
0.7170
0.7094
0.7019
0.7019
0.7019
0.7044
0.7120
0.7222
0.7248
0.7323
0.7323
0.7323
0.7323
0.7322
0.7272
0.7272
0.7246
0.7145
0.7042
0.6813
0.6461
0.6359
0.6258
0.5965
0.4986
0.4176
0.3598
0.3598
0.3598
0.3598
0.3598
0.3598
0.3598
0.3598
0.3598
0.3598
0.3598
0.3599
0.3649
0.3649
0.3649
0.3700
0.3725
0.3776
0.3801
0.3801
0.3801
0.3801
0.3801
183.5
195.7
211.8
208.7
194.0
169.7
152.0
134.2
135.2
144.2
153.9
166.8
179.8
179.8
175.7
171.4
173.5
173.6
170.8
166.8
167.5
165.7
162.1
158.3
158.7
157.0
153.2
149.6
150.8
151.5
152.9
156.0
160.2
159.8
158.2
156.5
154.1
151.9
149.6
147.0
144.6
141.9
139.2
136.3
133.5
130.5
127.5
124.5
121.5
118.5
115.5
112.4
109.3
106.1
103.0
99.87
96.60
93.37
90.05
86.82
83.60
80.34
77.13
73.88
70.67
67.54
64.31
61.06
57.89
54.78
51.69
48.60
45.49
42.43
39.42
36.39
33.29
30.30
27.32
24.44
21.63
18.98
16.49
14.07
11.77
9.447
6.869
4.324
2.381
1.105
0.4708
0.4062
0.4029
0.4130
0.4281
0.4382
0.4459
0.4710
0.4788
0.4839
0.4814
0.4840
0.4840
0.4865
0.4865
0.4865
0.4890
0.4941
0.4991
0.5117
0.5219
0.5270
0.5320
0.5497
0.5549
0.5625
0.5675
0.5827
0.5904
0.6079
0.6207
0.6334
0.6485
0.6612
0.6739
0.6816
0.6841
0.6917
0.6918
0.6917
0.6917
0.6917
0.6917
0.6917
0.6967
0.7043
0.7170
0.7321
0.7373
0.7474
0.7550
0.7752
0.7929
0.7956
0.7956
0.7956
0.7956
0.7805
0.7580
0.7577
0.7327
0.6344
0.4949
0.4060
0.3979
0.3978
0.3978
0.3978
0.3978
0.3978
0.3978
0.3978
0.3978
0.3978
0.3978
0.3978
0.3978
0.3953
0.3928
0.3927
0.3927
0.3927
0.3927
0.3902
0.3902
0.3902
0.3902
0.3877
0.3877
0.3877
0.3902
178.1
193.5
213.5
215.3
194.8
164.7
154.8
164.1
158.7
143.8
138.6
135.7
133.5
137.8
146.5
152.5
149.6
148.0
144.1
142.0
142.3
143.5
145.5
145.5
145.1
139.7
135.1
133.7
131.6
132.3
132.3
131.9
133.0
133.5
133.8
134.8
134.1
132.3
130.3
128.3
126.2
124.0
121.6
119.5
117.1
114.8
112.3
109.9
107.3
104.8
102.2
99.54
96.88
94.25
91.51
88.71
85.98
83.26
80.56
77.71
74.85
72.15
69.28
66.35
63.50
60.84
57.92
55.21
52.46
49.63
46.87
44.09
41.40
38.72
36.00
33.39
30.80
28.12
25.50
22.91
20.41
18.08
15.80
13.64
11.53
9.261
6.984
5.020
3.493
2.384
1.712
1.601
1.586
1.573
1.543
1.512
1.479
1.436
1.406
1.368
1.325
1.271
1.229
1.178
1.137
1.099
1.066
1.031
1.006
0.9855
0.9679
0.9501
0.9375
0.9299
0.9222
0.9146
0.9096
0.9044
0.8969
0.8919
0.8894
0.8894
0.8868
0.8868
0.8843
0.8843
0.8843
0.8817
0.8741
0.8663
0.8403
0.7753
0.7675
0.7423
0.7321
0.7170
0.7145
0.7145
0.7120
0.7120
0.7095
0.7095
0.7095
0.7119
0.7044
0.6993
0.6993
0.6942
0.6839
0.6663
0.6484
0.6283
0.5954
0.5879
0.5877
0.5797
0.5005
0.4079
0.3978
0.3978
0.3978
0.3978
0.3978
0.3978
0.3978
0.3978
0.3978
0.3978
0.3978
0.3978
0.3979
0.4003
0.4004
0.4054
0.4054
0.4054
0.4079
0.4079
0.4079
0.4079
0.4079
173.9
190.0
218.9
229.7
208.6
170.3
152.2
142.3
138.7
133.2
130.4
140.4
157.1
166.9
166.2
166.1
162.5
150.4
146.7
144.3
141.8
145.9
144.4
142.3
144.2
140.8
138.4
138.5
130.0
130.1
131.0
132.9
140.2
141.3
141.4
140.7
139.9
138.8
136.9
134.9
133.0
131.1
128.9
126.6
124.4
122.2
119.7
117.1
114.4
111.7
109.0
106.0
103.3
100.3
97.51
94.77
91.63
88.68
85.88
82.90
79.88
76.97
73.95
71.00
68.00
65.02
62.10
59.06
56.10
53.20
50.22
47.19
44.34
41.39
38.41
35.53
32.63
29.85
27.12
24.42
21.76
19.26
16.90
14.49
11.97
9.463
7.145
5.103
3.484
2.346
1.825
1.782
1.761
1.751
1.728
1.693
1.660
1.612
1.561
1.506
1.442
1.392
1.329
1.280
1.232
1.186
1.143
1.110
1.085
1.057
1.034
1.014
0.9960
0.9832
0.9706
0.9580
0.9502
0.9502
0.9377
0.9299
0.9198
0.9173
0.9097
0.9071
0.9071
0.9071
0.9071
0.9071
0.9071
0.9071
0.9071
0.9071
0.8745
0.8542
0.7180
0.6946
0.6842
0.6741
0.6640
0.6538
0.6537
0.6537
0.6537
0.6563
0.6891
0.7068
0.7270
0.7348
0.7348
0.7398
0.7399
0.7399
0.7424
0.7424
0.7374
0.6996
0.6943
0.6867
0.6039
0.4473
0.4257
0.4207
0.4206
0.4206
0.4206
0.4206
0.4231
0.4156
0.4155
0.4105
0.4054
0.4029
0.4004
0.3978
0.3978
0.3978
0.3978
0.3978
0.3978
0.3978
0.4003
173.0
184.9
222.4
236.6
208.6
164.6
153.7
150.4
146.0
142.9
140.6
161.8
166.5
137.0
131.8
139.5
135.7
145.3
160.0
161.8
160.1
161.8
157.1
159.7
158.1
149.6
150.2
142.7
144.0
147.2
147.6
154.6
155.7
154.9
153.6
151.7
149.6
146.9
144.2
141.4
138.6
136.0
133.1
130.6
127.8
124.8
121.8
119.1
116.2
113.3
110.3
107.3
104.4
101.5
98.32
95.31
92.27
89.25
86.13
83.22
80.03
77.03
74.01
70.97
67.89
64.81
61.83
58.82
55.67
52.52
49.40
46.36
43.36
40.35
37.39
34.35
31.40
28.44
25.62
22.87
20.14
17.59
15.18
12.65
10.13
7.627
5.318
3.441
1.870
0.9126
0.4765
0.5220
0.5777
0.6339
0.7044
0.7455
0.7758
0.8059
0.8367
0.8667
0.9022
0.9327
0.9631
0.9831
0.9882
0.9882
0.9882
0.9882
0.9882
0.9882
0.9883
0.9930
0.9780
0.9730
0.9729
0.9678
0.9577
0.9527
0.9527
0.9477
0.9477
0.9477
0.9477
0.9477
0.9477
0.9477
0.9477
0.9477
0.9477
0.9477
0.9477
0.9475
0.9370
0.8716
0.8545
0.7141
0.6740
0.6740
0.6740
0.6740
0.6792
0.6945
0.7097
0.7351
0.7605
0.7806
0.8108
0.8058
0.8058
0.8056
0.7956
0.7956
0.7954
0.7804
0.7498
0.7040
0.6738
0.6637
0.6476
0.5259
0.4003
0.4003
0.4003
0.4003
0.4003
0.4003
0.4003
0.4003
0.4003
0.4003
0.4003
0.4003
0.4003
0.4004
0.4055
0.4155
0.4105
0.4105
0.4105
0.4105
0.4105
173.9
190.0
218.9
229.7
208.6
170.3
152.2
142.3
138.7
133.2
130.4
140.4
157.1
166.9
166.2
166.1
162.5
150.4
146.7
144.3
141.8
145.9
144.4
142.3
144.2
140.8
138.4
138.5
130.0
130.1
131.0
132.9
140.2
141.3
141.4
140.7
139.9
138.8
136.9
134.9
133.0
131.1
128.9
126.6
124.4
122.2
119.7
117.1
114.4
111.7
109.0
106.0
103.3
100.3
97.51
94.77
91.63
88.68
85.88
82.90
79.88
76.97
73.95
71.00
68.00
65.02
62.10
59.06
56.10
53.20
50.22
47.19
44.34
41.39
38.41
35.53
32.63
29.85
27.12
24.42
21.76
19.26
16.90
14.49
11.97
9.463
7.145
5.103
3.484
2.346
1.825
1.782
1.761
1.751
1.728
1.693
1.660
1.612
1.561
1.506
1.442
1.392
1.329
1.280
1.232
1.186
1.143
1.110
1.085
1.057
1.034
1.014
0.9960
0.9832
0.9706
0.9580
0.9502
0.9502
0.9377
0.9299
0.9198
0.9173
0.9097
0.9071
0.9071
0.9071
0.9071
0.9071
0.9071
0.9071
0.9071
0.9071
0.8745
0.8542
0.7180
0.6946
0.6842
0.6741
0.6640
0.6538
0.6537
0.6537
0.6537
0.6563
0.6891
0.7068
0.7270
0.7348
0.7348
0.7398
0.7399
0.7399
0.7424
0.7424
0.7374
0.6996
0.6943
0.6867
0.6039
0.4473
0.4257
0.4207
0.4206
0.4206
0.4206
0.4206
0.4231
0.4156
0.4155
0.4105
0.4054
0.4029
0.4004
0.3978
0.3978
0.3978
0.3978
0.3978
0.3978
0.3978
0.4003
178.1
193.5
213.5
215.3
194.8
164.7
154.8
164.1
158.7
143.8
138.6
135.7
133.5
137.8
146.5
152.5
149.6
148.0
144.1
142.0
142.3
143.5
145.5
145.5
145.1
139.7
135.1
133.7
131.6
132.3
132.3
131.9
133.0
133.5
133.8
134.8
134.1
132.3
130.3
128.3
126.2
124.0
121.6
119.5
117.1
114.8
112.3
109.9
107.3
104.8
102.2
99.54
96.88
94.25
91.51
88.71
85.98
83.26
80.56
77.71
74.85
72.15
69.28
66.35
63.50
60.84
57.92
55.21
52.46
49.63
46.87
44.09
41.40
38.72
36.00
33.39
30.80
28.12
25.50
22.91
20.41
18.08
15.80
13.64
11.53
9.261
6.984
5.020
3.493
2.384
1.712
1.601
1.586
1.573
1.543
1.512
1.479
1.436
1.406
1.368
1.325
1.271
1.229
1.178
1.137
1.099
1.066
1.031
1.006
0.9855
0.9679
0.9501
0.9375
0.9299
0.9222
0.9146
0.9096
0.9044
0.8969
0.8919
0.8894
0.8894
0.8868
0.8868
0.8843
0.8843
0.8843
0.8817
0.8741
0.8663
0.8403
0.7753
0.7675
0.7423
0.7321
0.7170
0.7145
0.7145
0.7120
0.7120
0.7095
0.7095
0.7095
0.7119
0.7044
0.6993
0.6993
0.6942
0.6839
0.6663
0.6484
0.6283
0.5954
0.5879
0.5877
0.5797
0.5005
0.4079
0.3978
0.3978
0.3978
0.3978
0.3978
0.3978
0.3978
0.3978
0.3978
0.3978
0.3978
0.3978
0.3979
0.4003
0.4004
0.4054
0.4054
0.4054
0.4079
0.4079
0.4079
0.4079
0.4079
183.5
195.7
211.8
208.7
194.0
169.7
152.0
134.2
135.2
144.2
153.9
166.8
179.8
179.8
175.7
171.4
173.5
173.6
170.8
166.8
167.5
165.7
162.1
158.3
158.7
157.0
153.2
149.6
150.8
151.5
152.9
156.0
160.2
159.8
158.2
156.5
154.1
151.9
149.6
147.0
144.6
141.9
139.2
136.3
133.5
130.5
127.5
124.5
121.5
118.5
115.5
112.4
109.3
106.1
103.0
99.87
96.60
93.37
90.05
86.82
83.60
80.34
77.13
73.88
70.67
67.54
64.31
61.06
57.89
54.78
51.69
48.60
45.49
42.43
39.42
36.39
33.29
30.30
27.32
24.44
21.63
18.98
16.49
14.07
11.77
9.447
6.869
4.324
2.381
1.105
0.4708
0.4062
0.4029
0.4130
0.4281
0.4382
0.4459
0.4710
0.4788
0.4839
0.4814
0.4840
0.4840
0.4865
0.4865
0.4865
0.4890
0.4941
0.4991
0.5117
0.5219
0.5270
0.5320
0.5497
0.5549
0.5625
0.5675
0.5827
0.5904
0.6079
0.6207
0.6334
0.6485
0.6612
0.6739
0.6816
0.6841
0.6917
0.6918
0.6917
0.6917
0.6917
0.6917
0.6917
0.6967
0.7043
0.7170
0.7321
0.7373
0.7474
0.7550
0.7752
0.7929
0.7956
0.7956
0.7956
0.7956
0.7805
0.7580
0.7577
0.7327
0.6344
0.4949
0.4060
0.3979
0.3978
0.3978
0.3978
0.3978
0.3978
0.3978
0.3978
0.3978
0.3978
0.3978
0.3978
0.3978
0.3953
0.3928
0.3927
0.3927
0.3927
0.3927
0.3902
0.3902
0.3902
0.3902
0.3877
0.3877
0.3877
0.3902
192.3
196.4
205.5
213.2
203.7
180.4
164.3
160.5
168.9
167.6
162.1
154.9
153.0
158.2
173.4
177.1
177.6
176.9
174.0
172.4
174.3
175.5
173.3
174.9
176.4
173.3
170.8
169.3
166.1
166.6
170.6
170.4
171.6
173.9
173.9
174.5
175.6
173.9
171.8
169.6
167.4
164.9
162.2
159.5
156.9
154.0
151.1
148.3
145.2
142.1
138.9
135.6
132.5
129.0
125.6
122.1
118.7
115.0
111.3
107.8
104.1
100.3
96.66
92.92
89.14
85.40
81.53
77.74
74.05
70.20
66.22
62.32
58.48
54.57
50.79
46.97
43.25
39.52
35.88
32.29
28.80
25.48
22.28
19.16
16.03
12.79
9.479
6.501
4.161
2.526
1.557
1.257
1.257
1.234
1.226
1.206
1.176
1.152
1.122
1.099
1.069
1.033
0.9981
0.9702
0.9399
0.9197
0.8944
0.8715
0.8589
0.8488
0.8385
0.8260
0.8209
0.8184
0.8184
0.8184
0.8159
0.8159
0.8159
0.8159
0.8185
0.8210
0.8260
0.8260
0.8260
0.8260
0.8260
0.8233
0.8057
0.8005
0.7752
0.7398
0.7170
0.7094
0.7019
0.7019
0.7019
0.7044
0.7120
0.7222
0.7248
0.7323
0.7323
0.7323
0.7323
0.7322
0.7272
0.7272
0.7246
0.7145
0.7042
0.6813
0.6461
0.6359
0.6258
0.5965
0.4986
0.4176
0.3598
0.3598
0.3598
0.3598
0.3598
0.3598
0.3598
0.3598
0.3598
0.3598
0.3598
0.3599
0.3649
0.3649
0.3649
0.3700
0.3725
0.3776
0.3801
0.3801
0.3801
0.3801
0.3801
202.2
199.6
207.6
226.3
211.5
199.8
174.0
172.2
168.0
166.9
165.5
176.7
188.5
203.1
212.0
215.5
214.9
212.1
204.2
202.3
204.6
205.8
208.5
209.0
211.9
214.3
214.1
212.7
210.6
205.5
211.3
218.6
225.8
235.3
235.9
236.6
236.5
235.8
234.7
233.4
231.9
229.9
228.0
226.2
223.8
221.2
218.2
215.1
211.8
208.1
204.4
200.6
196.3
192.3
187.9
183.4
178.9
174.3
169.1
164.3
159.3
153.8
148.7
143.4
138.0
132.5
126.9
121.3
115.8
109.9
103.9
97.99
91.97
85.97
80.00
74.04
68.02
62.29
56.78
51.24
45.81
40.55
35.40
30.24
24.79
19.34
14.09
9.415
5.711
3.097
1.756
1.334
1.318
1.308
1.302
1.282
1.257
1.226
1.201
1.168
1.133
1.105
1.072
1.039
1.016
0.9860
0.9607
0.9402
0.9174
0.9022
0.8844
0.8692
0.8616
0.8489
0.8413
0.8362
0.8337
0.8261
0.8185
0.8134
0.8083
0.8033
0.7982
0.7982
0.7982
0.7982
0.7982
0.7957
0.7931
0.7931
0.7956
0.7881
0.7755
0.7425
0.7049
0.6469
0.6436
0.6335
0.6185
0.6183
0.6183
0.6183
0.6208
0.6358
0.6635
0.6890
0.7194
0.7348
0.7498
0.7500
0.7677
0.7753
0.7829
0.7830
0.7804
0.7578
0.7275
0.6946
0.5721
0.4743
0.3654
0.3548
0.3547
0.3547
0.3547
0.3547
0.3547
0.3547
0.3547
0.3547
0.3547
0.3547
0.3547
0.3547
0.3547
0.3547
0.3573
0.3598
0.3649
0.3699
0.3775
