SALVI
1
0
24
15.00
181
1.00

231102 OCH 5050 350 F2MD VDR

231102 OCH 5050 350 F2MD VDR.ldt
14 November 2023/TB
760
0
225
320
60
0
0
0
0
99.6
100.0
1.000
0.0
1
1
16 LED
4687.0


40.8
0.191
0.283
0.383
0.469
0.531
0.631
0.685
0.738
0.799
0.837
0.0
15.0
30.0
45.0
60.0
75.0
90.0
105.0
120.0
135.0
150.0
165.0
180.0
195.0
210.0
225.0
240.0
255.0
270.0
285.0
300.0
315.0
330.0
345.0
0.0
1.0
2.0
3.0
4.0
5.0
6.0
7.0
8.0
9.0
10.0
11.0
12.0
13.0
14.0
15.0
16.0
17.0
18.0
19.0
20.0
21.0
22.0
23.0
24.0
25.0
26.0
27.0
28.0
29.0
30.0
31.0
32.0
33.0
34.0
35.0
36.0
37.0
38.0
39.0
40.0
41.0
42.0
43.0
44.0
45.0
46.0
47.0
48.0
49.0
50.0
51.0
52.0
53.0
54.0
55.0
56.0
57.0
58.0
59.0
60.0
61.0
62.0
63.0
64.0
65.0
66.0
67.0
68.0
69.0
70.0
71.0
72.0
73.0
74.0
75.0
76.0
77.0
78.0
79.0
80.0
81.0
82.0
83.0
84.0
85.0
86.0
87.0
88.0
89.0
90.0
91.0
92.0
93.0
94.0
95.0
96.0
97.0
98.0
99.0
100.0
101.0
102.0
103.0
104.0
105.0
106.0
107.0
108.0
109.0
110.0
111.0
112.0
113.0
114.0
115.0
116.0
117.0
118.0
119.0
120.0
121.0
122.0
123.0
124.0
125.0
126.0
127.0
128.0
129.0
130.0
131.0
132.0
133.0
134.0
135.0
136.0
137.0
138.0
139.0
140.0
141.0
142.0
143.0
144.0
145.0
146.0
147.0
148.0
149.0
150.0
151.0
152.0
153.0
154.0
155.0
156.0
157.0
158.0
159.0
160.0
161.0
162.0
163.0
164.0
165.0
166.0
167.0
168.0
169.0
170.0
171.0
172.0
173.0
174.0
175.0
176.0
177.0
178.0
179.0
180.0
187.3
169.9
202.3
205.9
191.0
178.4
155.8
145.0
148.2
154.7
157.3
171.6
175.5
173.4
183.3
183.6
196.3
209.1
222.4
224.0
240.1
236.2
240.2
239.6
233.4
254.7
241.1
250.9
253.5
264.2
286.4
293.1
313.0
318.4
323.9
329.3
334.6
340.0
345.7
351.2
356.6
362.0
367.4
372.6
377.8
383.1
388.5
393.8
399.3
404.6
409.8
414.5
418.5
422.0
425.1
427.8
430.5
432.7
434.2
434.9
434.7
433.3
430.7
426.4
420.9
414.9
408.3
400.1
386.5
367.5
344.8
318.5
289.7
258.0
223.4
188.9
155.5
119.5
82.87
47.86
24.25
12.15
6.961
4.665
3.197
2.164
1.334
0.7685
0.4222
0.3295
0.3897
0.4560
0.5035
0.5610
0.6115
0.6565
0.6880
0.7174
0.7460
0.7731
0.7984
0.8203
0.8362
0.8477
0.8561
0.8697
0.8770
0.8770
0.8739
0.8708
0.8603
0.8519
0.8434
0.8341
0.8256
0.8162
0.8099
0.8025
0.7974
0.7921
0.7900
0.7858
0.7826
0.7805
0.7795
0.7785
0.7795
0.7826
0.7847
0.7879
0.7910
0.7920
0.7785
0.7647
0.7168
0.6820
0.6315
0.6242
0.6211
0.6200
0.6221
0.6295
0.6452
0.6652
0.6883
0.7144
0.7396
0.7639
0.7816
0.7857
0.7899
0.7889
0.7900
0.7847
0.7638
0.7364
0.7134
0.6860
0.5845
0.4975
0.4332
0.3273
0.3242
0.3221
0.3200
0.3168
0.3137
0.3116
0.3105
0.3085
0.3084
0.3074
0.3074
0.3074
0.3074
0.3074
0.3063
0.3063
0.3063
0.3063
0.3063
168.6
177.4
187.8
214.8
191.7
182.3
162.2
160.1
159.8
155.1
147.3
153.0
159.6
175.7
198.7
209.1
219.0
218.3
206.0
209.5
212.5
215.1
216.5
216.4
214.8
219.1
228.0
235.1
238.7
233.8
244.8
257.9
271.3
292.0
298.9
305.6
312.9
321.0
329.1
338.9
347.4
355.5
364.4
374.6
384.6
394.0
403.8
414.3
424.3
434.2
444.2
454.8
466.3
477.9
489.7
501.4
514.3
528.0
541.5
554.2
565.2
574.1
580.0
583.0
583.8
582.0
578.0
570.1
558.1
538.1
509.5
474.4
434.8
391.6
341.7
285.4
229.5
171.6
115.2
65.39
34.97
19.12
11.34
7.566
5.370
3.919
2.866
2.164
1.743
1.566
1.511
1.482
1.451
1.420
1.396
1.362
1.327
1.291
1.256
1.212
1.165
1.114
1.062
1.004
0.9466
0.8946
0.8504
0.8127
0.7773
0.7530
0.7290
0.7122
0.6986
0.6881
0.6787
0.6682
0.6650
0.6588
0.6536
0.6515
0.6504
0.6494
0.6494
0.6494
0.6494
0.6504
0.6525
0.6536
0.6546
0.6525
0.6525
0.6482
0.6248
0.5937
0.5443
0.5078
0.5078
0.5078
0.5088
0.5109
0.5141
0.5246
0.5394
0.5614
0.5835
0.6109
0.6370
0.6494
0.6557
0.6610
0.6672
0.6682
0.6661
0.6565
0.6398
0.6262
0.6074
0.5963
0.4835
0.3688
0.2874
0.2885
0.2906
0.2916
0.2927
0.2938
0.2958
0.2958
0.2969
0.3022
0.3074
0.3116
0.3148
0.3211
0.3252
0.3284
0.3378
0.3410
0.3462
0.3462
0.3462
156.8
181.1
190.7
198.5
195.6
171.7
162.2
165.2
172.1
175.9
175.0
174.9
177.2
176.0
204.5
203.4
205.1
217.8
214.6
214.6
216.0
216.6
208.3
212.7
217.8
209.3
209.1
209.2
211.5
222.6
231.4
236.7
241.1
249.5
256.9
266.3
275.4
280.5
286.3
293.4
302.3
313.3
326.2
341.2
358.1
376.6
396.1
415.3
433.3
447.8
459.2
468.5
476.6
486.9
499.5
513.0
526.1
537.4
544.5
546.7
544.7
540.6
533.5
523.3
509.3
492.3
471.4
446.5
417.0
381.6
339.8
291.1
237.5
187.5
142.7
103.0
69.61
43.41
21.75
12.60
9.805
8.125
6.695
5.419
4.219
3.213
2.396
1.747
1.351
1.214
1.170
1.137
1.100
1.067
1.034
1.000
0.9686
0.9403
0.9181
0.8930
0.8689
0.8469
0.8248
0.8070
0.7921
0.7733
0.7607
0.7491
0.7376
0.7271
0.7176
0.7072
0.6997
0.6935
0.6893
0.6789
0.6694
0.6599
0.6526
0.6453
0.6390
0.6337
0.6315
0.6284
0.6284
0.6263
0.6263
0.6263
0.6232
0.6169
0.6044
0.5740
0.5624
0.5550
0.5445
0.5361
0.5319
0.5288
0.5287
0.5287
0.5298
0.5360
0.5443
0.5548
0.5612
0.5560
0.5539
0.5560
0.5550
0.5539
0.5508
0.5393
0.5186
0.5099
0.5088
0.4983
0.3935
0.2753
0.2489
0.2476
0.2476
0.2476
0.2476
0.2476
0.2497
0.2507
0.2549
0.2549
0.2580
0.2633
0.2685
0.2758
0.2821
0.2885
0.2968
0.3031
0.3157
0.3252
0.3294
0.3378
0.3493
151.0
179.6
188.8
197.1
186.7
169.8
156.4
136.3
140.3
144.8
159.7
191.2
208.3
211.1
206.4
196.0
204.9
214.5
205.5
200.7
206.2
208.9
212.2
224.0
241.1
246.8
233.4
226.7
224.3
228.5
233.0
253.3
273.6
283.2
293.3
305.6
319.4
334.4
350.3
366.6
382.0
395.8
406.6
415.3
423.0
431.7
443.0
455.6
466.4
474.1
477.7
476.6
472.1
465.9
458.1
447.6
437.0
426.9
415.1
402.0
386.9
369.8
350.9
329.9
307.2
282.4
256.1
229.6
203.0
175.8
147.0
118.8
90.52
64.60
43.55
27.97
19.66
14.63
11.66
9.907
8.653
7.439
6.078
4.426
2.956
1.882
1.134
0.6406
0.3189
0.2046
0.2077
0.2130
0.2203
0.2298
0.2382
0.2445
0.2529
0.2560
0.2612
0.2665
0.2676
0.2738
0.2780
0.2822
0.2875
0.2917
0.2959
0.3011
0.3064
0.3137
0.3221
0.3294
0.3337
0.3389
0.3484
0.3568
0.3652
0.3725
0.3798
0.3882
0.3998
0.4093
0.4197
0.4292
0.4386
0.4417
0.4448
0.4448
0.4448
0.4448
0.4459
0.4480
0.4523
0.4648
0.4764
0.4932
0.5080
0.5247
0.5415
0.5562
0.5708
0.5855
0.5990
0.6064
0.6095
0.6095
0.6064
0.6022
0.6022
0.6008
0.5727
0.4964
0.3558
0.2421
0.2088
0.2109
0.2140
0.2151
0.2151
0.2214
0.2235
0.2256
0.2288
0.2329
0.2392
0.2445
0.2487
0.2518
0.2592
0.2665
0.2739
0.2823
0.2917
0.3033
0.3127
0.3211
0.3347
0.3410
0.3525
0.3609
0.3640
158.2
171.0
188.9
199.1
191.3
155.6
146.0
162.1
163.3
143.7
160.7
168.3
169.0
183.2
205.0
211.9
197.8
197.1
198.6
217.3
233.1
234.2
234.3
225.5
232.6
233.4
232.3
244.6
249.4
258.5
270.6
286.0
309.9
326.3
349.3
376.3
393.0
407.2
419.5
430.4
442.2
455.1
466.9
475.5
479.6
478.8
474.6
469.3
462.5
454.3
446.3
438.4
428.5
416.3
401.1
382.9
360.7
336.1
309.3
282.3
256.6
233.6
213.6
194.9
176.7
157.5
136.1
114.2
91.84
72.82
62.47
52.24
44.53
37.52
31.25
26.28
22.32
18.61
14.09
11.20
8.682
6.429
4.848
3.590
2.524
1.673
1.084
0.6657
0.4365
0.3653
0.3620
0.3619
0.3619
0.3609
0.3619
0.3598
0.3598
0.3588
0.3588
0.3588
0.3588
0.3588
0.3588
0.3588
0.3578
0.3588
0.3588
0.3598
0.3598
0.3630
0.3630
0.3661
0.3693
0.3714
0.3765
0.3777
0.3777
0.3777
0.3787
0.3839
0.3840
0.3881
0.3934
0.4007
0.4101
0.4165
0.4258
0.4405
0.4448
0.4479
0.4501
0.4480
0.4459
0.4459
0.4459
0.4438
0.4438
0.4438
0.4541
0.4667
0.4939
0.5077
0.5243
0.5349
0.5433
0.5507
0.5570
0.5654
0.5696
0.5707
0.5707
0.5644
0.5478
0.5341
0.5319
0.4963
0.3966
0.2644
0.2033
0.2014
0.2014
0.2014
0.2014
0.2046
0.2046
0.2097
0.2150
0.2255
0.2287
0.2339
0.2423
0.2517
0.2622
0.2717
0.2863
0.2999
0.3147
0.3200
0.3399
0.3493
0.3588
175.4
155.6
180.3
208.6
220.8
172.5
164.2
162.1
172.1
172.4
148.4
163.8
197.8
220.4
206.0
202.5
215.8
230.0
262.6
265.3
250.1
223.1
218.0
233.3
252.8
271.1
269.6
278.3
276.9
292.3
309.0
328.2
374.1
400.0
421.9
439.5
454.8
467.3
481.0
496.1
509.4
518.2
521.2
520.5
518.4
513.3
506.6
501.1
494.5
484.8
471.7
453.8
430.4
403.1
373.1
342.1
312.7
287.3
264.7
243.4
221.8
200.4
179.9
162.3
147.1
135.1
125.3
119.3
106.4
91.32
73.98
61.81
51.59
42.91
34.57
27.81
23.02
17.70
14.27
11.42
8.883
6.792
5.067
3.779
2.753
1.907
1.248
0.7655
0.4502
0.3640
0.3662
0.3683
0.3704
0.3735
0.3819
0.3850
0.3840
0.3850
0.3850
0.3850
0.3850
0.3850
0.3850
0.3850
0.3850
0.3850
0.3850
0.3850
0.3871
0.3871
0.3871
0.3882
0.3882
0.3882
0.3924
0.3924
0.3934
0.3945
0.3955
0.3976
0.3987
0.4039
0.4050
0.4072
0.4154
0.4218
0.4322
0.4396
0.4469
0.4490
0.4480
0.4479
0.4458
0.4395
0.4164
0.4039
0.4091
0.4081
0.4102
0.4135
0.4239
0.4377
0.4578
0.4868
0.5142
0.5467
0.5825
0.6054
0.6181
0.6348
0.6546
0.6578
0.6578
0.6556
0.6471
0.6251
0.6126
0.6015
0.5218
0.2827
0.2193
0.2235
0.2256
0.2287
0.2330
0.2392
0.2424
0.2476
0.2519
0.2591
0.2624
0.2770
0.2855
0.2959
0.3074
0.3169
0.3305
0.3410
0.3536
0.3630
0.3682
182.1
143.9
187.1
198.3
217.2
178.1
188.6
152.3
150.2
152.7
168.1
206.8
241.8
174.8
153.2
179.8
185.6
249.2
295.2
310.4
258.1
259.4
263.3
269.7
305.8
288.9
291.8
294.0
317.4
341.9
363.9
414.0
439.1
455.5
467.7
478.2
489.2
501.9
515.3
524.5
528.4
527.0
521.8
516.3
507.7
500.3
492.6
482.7
469.8
453.4
433.3
407.8
379.6
350.4
321.2
295.0
272.6
252.8
233.3
212.7
192.5
174.4
160.1
149.2
143.2
144.4
142.1
134.4
120.1
106.6
95.06
80.05
64.64
53.13
45.26
39.21
33.91
28.69
21.72
16.32
12.00
9.252
7.157
4.930
3.455
2.274
1.308
0.5731
0.1995
0.1284
0.1280
0.1342
0.1468
0.1594
0.1845
0.1950
0.2034
0.2160
0.2286
0.2350
0.2433
0.2580
0.2685
0.2790
0.2895
0.2958
0.3042
0.3189
0.3252
0.3335
0.3461
0.3545
0.3609
0.3671
0.3693
0.3735
0.3755
0.3797
0.3860
0.3881
0.3903
0.3945
0.3924
0.3924
0.3986
0.4090
0.4175
0.4280
0.4342
0.4446
0.4593
0.4616
0.4700
0.4700
0.4700
0.4410
0.4221
0.4197
0.4196
0.4196
0.4259
0.4363
0.4572
0.4926
0.5245
0.5578
0.5953
0.6310
0.6628
0.6754
0.6861
0.7029
0.7154
0.7197
0.7217
0.7092
0.6822
0.6653
0.6526
0.4455
0.2372
0.2308
0.2308
0.2308
0.2308
0.2308
0.2308
0.2329
0.2350
0.2412
0.2475
0.2580
0.2685
0.2790
0.2915
0.3021
0.3126
0.3251
0.3378
0.3546
0.3693
175.4
155.6
180.3
208.6
220.8
172.5
164.2
162.1
172.1
172.4
148.4
163.8
197.8
220.4
206.0
202.5
215.8
230.0
262.6
265.3
250.1
223.1
218.0
233.3
252.8
271.1
269.6
278.3
276.9
292.3
309.0
328.2
374.1
400.0
421.9
439.5
454.8
467.3
481.0
496.1
509.4
518.2
521.2
520.5
518.4
513.3
506.6
501.1
494.5
484.8
471.7
453.8
430.4
403.1
373.1
342.1
312.7
287.3
264.7
243.4
221.8
200.4
179.9
162.3
147.1
135.1
125.3
119.3
106.4
91.32
73.98
61.81
51.59
42.91
34.57
27.81
23.02
17.70
14.27
11.42
8.883
6.792
5.067
3.779
2.753
1.907
1.248
0.7655
0.4502
0.3640
0.3662
0.3683
0.3704
0.3735
0.3819
0.3850
0.3840
0.3850
0.3850
0.3850
0.3850
0.3850
0.3850
0.3850
0.3850
0.3850
0.3850
0.3850
0.3871
0.3871
0.3871
0.3882
0.3882
0.3882
0.3924
0.3924
0.3934
0.3945
0.3955
0.3976
0.3987
0.4039
0.4050
0.4072
0.4154
0.4218
0.4322
0.4396
0.4469
0.4490
0.4480
0.4479
0.4458
0.4395
0.4164
0.4039
0.4091
0.4081
0.4102
0.4135
0.4239
0.4377
0.4578
0.4868
0.5142
0.5467
0.5825
0.6054
0.6181
0.6348
0.6546
0.6578
0.6578
0.6556
0.6471
0.6251
0.6126
0.6015
0.5218
0.2827
0.2193
0.2235
0.2256
0.2287
0.2330
0.2392
0.2424
0.2476
0.2519
0.2591
0.2624
0.2770
0.2855
0.2959
0.3074
0.3169
0.3305
0.3410
0.3536
0.3630
0.3682
158.2
171.0
188.9
199.1
191.3
155.6
146.0
162.1
163.3
143.7
160.7
168.3
169.0
183.2
205.0
211.9
197.8
197.1
198.6
217.3
233.1
234.2
234.3
225.5
232.6
233.4
232.3
244.6
249.4
258.5
270.6
286.0
309.9
326.3
349.3
376.3
393.0
407.2
419.5
430.4
442.2
455.1
466.9
475.5
479.6
478.8
474.6
469.3
462.5
454.3
446.3
438.4
428.5
416.3
401.1
382.9
360.7
336.1
309.3
282.3
256.6
233.6
213.6
194.9
176.7
157.5
136.1
114.2
91.84
72.82
62.47
52.24
44.53
37.52
31.25
26.28
22.32
18.61
14.09
11.20
8.682
6.429
4.848
3.590
2.524
1.673
1.084
0.6657
0.4365
0.3653
0.3620
0.3619
0.3619
0.3609
0.3619
0.3598
0.3598
0.3588
0.3588
0.3588
0.3588
0.3588
0.3588
0.3588
0.3578
0.3588
0.3588
0.3598
0.3598
0.3630
0.3630
0.3661
0.3693
0.3714
0.3765
0.3777
0.3777
0.3777
0.3787
0.3839
0.3840
0.3881
0.3934
0.4007
0.4101
0.4165
0.4258
0.4405
0.4448
0.4479
0.4501
0.4480
0.4459
0.4459
0.4459
0.4438
0.4438
0.4438
0.4541
0.4667
0.4939
0.5077
0.5243
0.5349
0.5433
0.5507
0.5570
0.5654
0.5696
0.5707
0.5707
0.5644
0.5478
0.5341
0.5319
0.4963
0.3966
0.2644
0.2033
0.2014
0.2014
0.2014
0.2014
0.2046
0.2046
0.2097
0.2150
0.2255
0.2287
0.2339
0.2423
0.2517
0.2622
0.2717
0.2863
0.2999
0.3147
0.3200
0.3399
0.3493
0.3588
151.0
179.6
188.8
197.1
186.7
169.8
156.4
136.3
140.3
144.8
159.7
191.2
208.3
211.1
206.4
196.0
204.9
214.5
205.5
200.7
206.2
208.9
212.2
224.0
241.1
246.8
233.4
226.7
224.3
228.5
233.0
253.3
273.6
283.2
293.3
305.6
319.4
334.4
350.3
366.6
382.0
395.8
406.6
415.3
423.0
431.7
443.0
455.6
466.4
474.1
477.7
476.6
472.1
465.9
458.1
447.6
437.0
426.9
415.1
402.0
386.9
369.8
350.9
329.9
307.2
282.4
256.1
229.6
203.0
175.8
147.0
118.8
90.52
64.60
43.55
27.97
19.66
14.63
11.66
9.907
8.653
7.439
6.078
4.426
2.956
1.882
1.134
0.6406
0.3189
0.2046
0.2077
0.2130
0.2203
0.2298
0.2382
0.2445
0.2529
0.2560
0.2612
0.2665
0.2676
0.2738
0.2780
0.2822
0.2875
0.2917
0.2959
0.3011
0.3064
0.3137
0.3221
0.3294
0.3337
0.3389
0.3484
0.3568
0.3652
0.3725
0.3798
0.3882
0.3998
0.4093
0.4197
0.4292
0.4386
0.4417
0.4448
0.4448
0.4448
0.4448
0.4459
0.4480
0.4523
0.4648
0.4764
0.4932
0.5080
0.5247
0.5415
0.5562
0.5708
0.5855
0.5990
0.6064
0.6095
0.6095
0.6064
0.6022
0.6022
0.6008
0.5727
0.4964
0.3558
0.2421
0.2088
0.2109
0.2140
0.2151
0.2151
0.2214
0.2235
0.2256
0.2288
0.2329
0.2392
0.2445
0.2487
0.2518
0.2592
0.2665
0.2739
0.2823
0.2917
0.3033
0.3127
0.3211
0.3347
0.3410
0.3525
0.3609
0.3640
156.8
181.1
190.7
198.5
195.6
171.7
162.2
165.2
172.1
175.9
175.0
174.9
177.2
176.0
204.5
203.4
205.1
217.8
214.6
214.6
216.0
216.6
208.3
212.7
217.8
209.3
209.1
209.2
211.5
222.6
231.4
236.7
241.1
249.5
256.9
266.3
275.4
280.5
286.3
293.4
302.3
313.3
326.2
341.2
358.1
376.6
396.1
415.3
433.3
447.8
459.2
468.5
476.6
486.9
499.5
513.0
526.1
537.4
544.5
546.7
544.7
540.6
533.5
523.3
509.3
492.3
471.4
446.5
417.0
381.6
339.8
291.1
237.5
187.5
142.7
103.0
69.61
43.41
21.75
12.60
9.805
8.125
6.695
5.419
4.219
3.213
2.396
1.747
1.351
1.214
1.170
1.137
1.100
1.067
1.034
1.000
0.9686
0.9403
0.9181
0.8930
0.8689
0.8469
0.8248
0.8070
0.7921
0.7733
0.7607
0.7491
0.7376
0.7271
0.7176
0.7072
0.6997
0.6935
0.6893
0.6789
0.6694
0.6599
0.6526
0.6453
0.6390
0.6337
0.6315
0.6284
0.6284
0.6263
0.6263
0.6263
0.6232
0.6169
0.6044
0.5740
0.5624
0.5550
0.5445
0.5361
0.5319
0.5288
0.5287
0.5287
0.5298
0.5360
0.5443
0.5548
0.5612
0.5560
0.5539
0.5560
0.5550
0.5539
0.5508
0.5393
0.5186
0.5099
0.5088
0.4983
0.3935
0.2753
0.2489
0.2476
0.2476
0.2476
0.2476
0.2476
0.2497
0.2507
0.2549
0.2549
0.2580
0.2633
0.2685
0.2758
0.2821
0.2885
0.2968
0.3031
0.3157
0.3252
0.3294
0.3378
0.3493
168.6
177.4
187.8
214.8
191.7
182.3
162.2
160.1
159.8
155.1
147.3
153.0
159.6
175.7
198.7
209.1
219.0
218.3
206.0
209.5
212.5
215.1
216.5
216.4
214.8
219.1
228.0
235.1
238.7
233.8
244.8
257.9
271.3
292.0
298.9
305.6
312.9
321.0
329.1
338.9
347.4
355.5
364.4
374.6
384.6
394.0
403.8
414.3
424.3
434.2
444.2
454.8
466.3
477.9
489.7
501.4
514.3
528.0
541.5
554.2
565.2
574.1
580.0
583.0
583.8
582.0
578.0
570.1
558.1
538.1
509.5
474.4
434.8
391.6
341.7
285.4
229.5
171.6
115.2
65.39
34.97
19.12
11.34
7.566
5.370
3.919
2.866
2.164
1.743
1.566
1.511
1.482
1.451
1.420
1.396
1.362
1.327
1.291
1.256
1.212
1.165
1.114
1.062
1.004
0.9466
0.8946
0.8504
0.8127
0.7773
0.7530
0.7290
0.7122
0.6986
0.6881
0.6787
0.6682
0.6650
0.6588
0.6536
0.6515
0.6504
0.6494
0.6494
0.6494
0.6494
0.6504
0.6525
0.6536
0.6546
0.6525
0.6525
0.6482
0.6248
0.5937
0.5443
0.5078
0.5078
0.5078
0.5088
0.5109
0.5141
0.5246
0.5394
0.5614
0.5835
0.6109
0.6370
0.6494
0.6557
0.6610
0.6672
0.6682
0.6661
0.6565
0.6398
0.6262
0.6074
0.5963
0.4835
0.3688
0.2874
0.2885
0.2906
0.2916
0.2927
0.2938
0.2958
0.2958
0.2969
0.3022
0.3074
0.3116
0.3148
0.3211
0.3252
0.3284
0.3378
0.3410
0.3462
0.3462
0.3462
187.3
169.9
202.3
205.9
191.0
178.4
155.8
145.0
148.2
154.7
157.3
171.6
175.5
173.4
183.3
183.6
196.3
209.1
222.4
224.0
240.1
236.2
240.2
239.6
233.4
254.7
241.1
250.9
253.5
264.2
286.4
293.1
313.0
318.4
323.9
329.3
334.6
340.0
345.7
351.2
356.6
362.0
367.4
372.6
377.8
383.1
388.5
393.8
399.3
404.6
409.8
414.5
418.5
422.0
425.1
427.8
430.5
432.7
434.2
434.9
434.7
433.3
430.7
426.4
420.9
414.9
408.3
400.1
386.5
367.5
344.8
318.5
289.7
258.0
223.4
188.9
155.5
119.5
82.87
47.86
24.25
12.15
6.961
4.665
3.197
2.164
1.334
0.7685
0.4222
0.3295
0.3897
0.4560
0.5035
0.5610
0.6115
0.6565
0.6880
0.7174
0.7460
0.7731
0.7984
0.8203
0.8362
0.8477
0.8561
0.8697
0.8770
0.8770
0.8739
0.8708
0.8603
0.8519
0.8434
0.8341
0.8256
0.8162
0.8099
0.8025
0.7974
0.7921
0.7900
0.7858
0.7826
0.7805
0.7795
0.7785
0.7795
0.7826
0.7847
0.7879
0.7910
0.7920
0.7785
0.7647
0.7168
0.6820
0.6315
0.6242
0.6211
0.6200
0.6221
0.6295
0.6452
0.6652
0.6883
0.7144
0.7396
0.7639
0.7816
0.7857
0.7899
0.7889
0.7900
0.7847
0.7638
0.7364
0.7134
0.6860
0.5845
0.4975
0.4332
0.3273
0.3242
0.3221
0.3200
0.3168
0.3137
0.3116
0.3105
0.3085
0.3084
0.3074
0.3074
0.3074
0.3074
0.3074
0.3063
0.3063
0.3063
0.3063
0.3063
168.6
177.2
184.5
210.2
188.6
179.1
158.4
149.9
151.8
148.8
137.3
140.5
145.4
163.0
179.0
190.4
201.2
196.7
189.6
189.4
193.0
193.3
196.8
190.5
189.5
194.0
201.7
208.8
208.8
204.9
215.2
228.0
238.4
255.3
258.5
261.2
263.8
266.4
269.0
271.5
273.2
273.5
270.8
266.7
262.1
257.0
251.7
246.4
241.0
235.5
229.7
224.2
218.6
212.9
206.7
200.0
192.1
183.5
174.7
166.2
158.3
151.3
145.2
139.5
133.5
127.6
121.2
113.8
105.6
96.68
85.77
75.17
65.38
56.54
47.14
37.28
28.15
20.76
15.05
11.06
8.760
7.324
6.139
5.073
4.096
3.189
2.421
1.844
1.512
1.401
1.390
1.390
1.388
1.389
1.388
1.389
1.381
1.362
1.337
1.307
1.277
1.243
1.208
1.172
1.136
1.101
1.066
1.033
1.003
0.9780
0.9527
0.9329
0.9139
0.8962
0.8824
0.8687
0.8603
0.8509
0.8415
0.8310
0.8236
0.8162
0.8110
0.8036
0.8036
0.8015
0.7994
0.7984
0.7983
0.8004
0.8005
0.7900
0.7846
0.7522
0.7187
0.6792
0.6746
0.6725
0.6693
0.6683
0.6693
0.6787
0.6944
0.7174
0.7445
0.7752
0.7931
0.8035
0.8161
0.8203
0.8235
0.8246
0.8246
0.8173
0.7943
0.7672
0.7419
0.7117
0.5994
0.5002
0.4049
0.3977
0.3934
0.3882
0.3819
0.3788
0.3714
0.3672
0.3609
0.3567
0.3505
0.3483
0.3431
0.3410
0.3368
0.3357
0.3409
0.3399
0.3389
0.3410
0.3452
156.8
177.8
184.6
195.5
186.5
165.8
147.1
151.1
153.9
151.7
153.0
144.7
145.4
144.7
164.4
164.6
164.2
170.2
165.3
158.1
161.6
159.5
151.3
149.2
150.9
144.8
141.9
141.1
131.7
130.5
135.2
124.9
123.5
120.8
116.5
114.6
112.4
108.2
103.2
97.64
91.54
84.76
77.39
69.75
62.25
55.27
48.95
43.27
38.40
34.64
31.83
29.59
27.98
27.06
26.52
26.06
25.62
25.19
24.78
24.39
24.03
23.68
23.31
22.96
22.59
22.17
21.73
21.25
20.73
20.15
19.47
18.64
17.62
16.46
15.23
13.98
12.75
11.55
10.38
9.245
8.128
7.104
6.115
5.132
4.230
3.305
2.515
1.917
1.556
1.417
1.397
1.393
1.393
1.390
1.384
1.374
1.359
1.338
1.311
1.279
1.244
1.205
1.163
1.124
1.087
1.049
1.015
0.9818
0.9556
0.9335
0.9103
0.8895
0.8738
0.8654
0.8539
0.8455
0.8370
0.8277
0.8214
0.8193
0.8194
0.8214
0.8214
0.8225
0.8214
0.8214
0.8214
0.8204
0.8150
0.8056
0.7907
0.7616
0.7385
0.7323
0.7302
0.7302
0.7302
0.7355
0.7418
0.7513
0.7671
0.7806
0.7922
0.8046
0.8046
0.8046
0.8046
0.8046
0.8014
0.7951
0.7793
0.7574
0.7320
0.7122
0.7046
0.6734
0.5895
0.4975
0.4343
0.4259
0.4196
0.4143
0.4101
0.4028
0.3975
0.3913
0.3850
0.3797
0.3724
0.3672
0.3671
0.3598
0.3556
0.3546
0.3577
0.3577
0.3556
0.3546
0.3567
0.3556
0.3556
151.0
176.6
186.4
188.1
175.8
155.6
144.3
123.4
121.6
122.7
131.3
145.1
155.7
153.6
149.4
132.4
138.1
138.3
133.4
124.3
121.2
116.2
115.3
105.6
106.9
102.4
91.88
83.03
78.00
73.20
68.46
64.87
60.01
53.54
47.70
42.28
38.05
34.85
32.66
31.18
30.21
29.65
29.19
28.73
28.30
27.86
27.44
27.00
26.57
26.14
25.67
25.21
24.73
24.25
23.78
23.30
22.83
22.34
21.85
21.37
20.84
20.30
19.73
19.11
18.46
17.79
17.11
16.38
15.62
14.81
13.97
13.11
12.28
11.45
10.63
9.780
8.881
7.971
7.060
6.161
5.280
4.424
3.630
2.896
2.235
1.664
1.178
0.7611
0.4863
0.4039
0.4008
0.4153
0.4330
0.4488
0.4615
0.4731
0.4835
0.4909
0.4951
0.5014
0.5067
0.5192
0.5245
0.5297
0.5360
0.5454
0.5601
0.5654
0.5748
0.5822
0.5979
0.6032
0.6137
0.6241
0.6315
0.6409
0.6545
0.6609
0.6672
0.6787
0.6871
0.6975
0.7049
0.7154
0.7228
0.7291
0.7312
0.7302
0.7302
0.7302
0.7281
0.7239
0.7228
0.7228
0.7259
0.7312
0.7395
0.7500
0.7615
0.7689
0.7742
0.7846
0.7889
0.7920
0.7952
0.7942
0.7879
0.7702
0.7564
0.7522
0.7346
0.6632
0.5552
0.4858
0.4805
0.4784
0.4763
0.4732
0.4700
0.4679
0.4616
0.4585
0.4543
0.4491
0.4427
0.4344
0.4301
0.4249
0.4166
0.4123
0.4071
0.3987
0.3945
0.3882
0.3871
0.3871
0.3850
0.3787
0.3756
0.3735
0.3682
158.2
162.2
178.4
183.9
174.5
140.0
124.9
138.0
134.7
112.5
117.1
120.3
116.5
121.5
128.5
134.9
122.7
111.8
105.2
105.9
102.4
93.69
86.98
78.54
72.23
66.28
59.57
52.81
46.32
39.88
36.02
33.02
31.48
31.00
31.03
31.21
31.37
31.33
31.14
30.82
30.42
30.00
29.56
29.12
28.70
28.29
27.87
27.46
27.04
26.63
26.21
25.77
25.34
24.89
24.44
23.97
23.49
23.00
22.50
21.97
21.42
20.88
20.33
19.77
19.19
18.57
17.96
17.35
16.70
16.04
15.35
14.65
13.93
13.16
12.37
11.54
10.68
9.801
8.907
8.025
7.127
6.273
5.447
4.668
3.960
3.330
2.787
2.340
1.983
1.837
1.808
1.781
1.756
1.733
1.703
1.678
1.644
1.605
1.563
1.519
1.470
1.416
1.367
1.324
1.279
1.235
1.193
1.156
1.124
1.096
1.070
1.046
1.029
1.011
0.9975
0.9829
0.9671
0.9525
0.9421
0.9263
0.9220
0.9106
0.9074
0.9022
0.8948
0.8896
0.8812
0.8769
0.8706
0.8486
0.8291
0.7802
0.7562
0.7414
0.7196
0.7060
0.7018
0.6987
0.6987
0.6987
0.6975
0.6903
0.6871
0.6850
0.6840
0.6819
0.6819
0.6819
0.6819
0.6744
0.6576
0.6387
0.6179
0.6064
0.6053
0.6015
0.5584
0.4844
0.4626
0.4616
0.4605
0.4574
0.4542
0.4499
0.4416
0.4343
0.4311
0.4238
0.4186
0.4143
0.4018
0.3934
0.3871
0.3861
0.3829
0.3829
0.3787
0.3787
0.3703
0.3661
0.3619
175.4
148.9
171.7
193.0
197.7
149.9
140.7
133.5
133.6
126.4
104.5
113.9
128.9
138.4
121.3
114.8
111.3
112.4
110.9
101.6
88.27
73.42
66.49
61.57
56.15
50.27
42.64
37.29
34.01
32.07
32.05
32.44
33.05
34.12
34.70
35.08
35.31
35.23
34.92
34.57
34.22
33.84
33.45
33.05
32.67
32.28
31.89
31.49
31.07
30.66
30.24
29.81
29.36
28.90
28.43
27.96
27.50
27.04
26.59
26.12
25.63
25.12
24.68
24.23
23.71
23.16
22.55
21.91
21.21
20.47
19.70
18.86
17.96
16.98
15.96
14.86
13.69
12.51
11.32
10.08
8.858
7.664
6.537
5.483
4.533
3.704
3.016
2.458
2.063
1.969
1.943
1.917
1.896
1.876
1.856
1.827
1.794
1.758
1.717
1.670
1.619
1.563
1.506
1.446
1.390
1.333
1.275
1.228
1.183
1.139
1.102
1.067
1.038
1.010
0.9905
0.9707
0.9548
0.9412
0.9296
0.9139
0.9064
0.8949
0.8855
0.8781
0.8739
0.8698
0.8707
0.8666
0.8645
0.8603
0.8540
0.8488
0.8114
0.7860
0.6782
0.6579
0.6463
0.6306
0.6222
0.6169
0.6148
0.6148
0.6158
0.6325
0.6523
0.6714
0.6933
0.6976
0.7060
0.7122
0.7134
0.7134
0.7113
0.7051
0.6853
0.6611
0.6557
0.6557
0.6081
0.5054
0.4838
0.4826
0.4815
0.4764
0.4669
0.4637
0.4553
0.4480
0.4386
0.4302
0.4218
0.4113
0.4040
0.3998
0.3987
0.3924
0.3913
0.3829
0.3787
0.3766
0.3703
182.1
140.9
170.1
182.2
198.0
159.0
160.8
124.7
117.4
112.5
117.7
134.0
153.0
122.1
91.52
97.68
92.51
106.7
113.0
107.7
84.73
76.97
70.19
61.16
58.25
47.98
41.62
37.80
35.37
35.53
36.16
36.83
38.15
38.84
39.28
39.48
39.32
38.84
38.33
37.78
37.27
36.72
36.18
35.68
35.20
34.74
34.25
33.72
33.19
32.65
32.01
31.37
30.72
30.13
29.55
29.01
28.50
27.97
27.42
26.83
26.28
25.80
25.28
24.69
24.07
23.42
22.74
22.01
21.23
20.42
19.56
18.63
17.58
16.47
15.27
13.95
12.52
11.13
9.748
8.317
6.963
5.684
4.503
3.482
2.624
1.877
1.216
0.7170
0.3711
0.3520
0.4519
0.5064
0.5565
0.6132
0.6927
0.7330
0.7746
0.8125
0.8522
0.8901
0.9323
0.9843
1.026
1.055
1.072
1.085
1.093
1.093
1.093
1.085
1.076
1.068
1.061
1.036
1.022
1.001
0.9903
0.9735
0.9650
0.9504
0.9399
0.9295
0.9168
0.9105
0.9064
0.9043
0.9001
0.8959
0.8938
0.8938
0.8874
0.8812
0.8769
0.8306
0.8031
0.7022
0.6503
0.6377
0.6295
0.6316
0.6338
0.6400
0.6484
0.6632
0.6803
0.7053
0.7261
0.7428
0.7448
0.7386
0.7386
0.7385
0.7342
0.7216
0.7007
0.6733
0.6483
0.6462
0.6396
0.5716
0.4658
0.4637
0.4595
0.4595
0.4595
0.4551
0.4385
0.4280
0.4259
0.4091
0.4006
0.3923
0.3861
0.3777
0.3756
0.3755
0.3693
0.3693
0.3693
0.3693
0.3693
175.4
148.9
171.7
193.0
197.7
149.9
140.7
133.5
133.6
126.4
104.5
113.9
128.9
138.4
121.3
114.8
111.3
112.4
110.9
101.6
88.27
73.42
66.49
61.57
56.15
50.27
42.64
37.29
34.01
32.07
32.05
32.44
33.05
34.12
34.70
35.08
35.31
35.23
34.92
34.57
34.22
33.84
33.45
33.05
32.67
32.28
31.89
31.49
31.07
30.66
30.24
29.81
29.36
28.90
28.43
27.96
27.50
27.04
26.59
26.12
25.63
25.12
24.68
24.23
23.71
23.16
22.55
21.91
21.21
20.47
19.70
18.86
17.96
16.98
15.96
14.86
13.69
12.51
11.32
10.08
8.858
7.664
6.537
5.483
4.533
3.704
3.016
2.458
2.063
1.969
1.943
1.917
1.896
1.876
1.856
1.827
1.794
1.758
1.717
1.670
1.619
1.563
1.506
1.446
1.390
1.333
1.275
1.228
1.183
1.139
1.102
1.067
1.038
1.010
0.9905
0.9707
0.9548
0.9412
0.9296
0.9139
0.9064
0.8949
0.8855
0.8781
0.8739
0.8698
0.8707
0.8666
0.8645
0.8603
0.8540
0.8488
0.8114
0.7860
0.6782
0.6579
0.6463
0.6306
0.6222
0.6169
0.6148
0.6148
0.6158
0.6325
0.6523
0.6714
0.6933
0.6976
0.7060
0.7122
0.7134
0.7134
0.7113
0.7051
0.6853
0.6611
0.6557
0.6557
0.6081
0.5054
0.4838
0.4826
0.4815
0.4764
0.4669
0.4637
0.4553
0.4480
0.4386
0.4302
0.4218
0.4113
0.4040
0.3998
0.3987
0.3924
0.3913
0.3829
0.3787
0.3766
0.3703
158.2
162.2
178.4
183.9
174.5
140.0
124.9
138.0
134.7
112.5
117.1
120.3
116.5
121.5
128.5
134.9
122.7
111.8
105.2
105.9
102.4
93.69
86.98
78.54
72.23
66.28
59.57
52.81
46.32
39.88
36.02
33.02
31.48
31.00
31.03
31.21
31.37
31.33
31.14
30.82
30.42
30.00
29.56
29.12
28.70
28.29
27.87
27.46
27.04
26.63
26.21
25.77
25.34
24.89
24.44
23.97
23.49
23.00
22.50
21.97
21.42
20.88
20.33
19.77
19.19
18.57
17.96
17.35
16.70
16.04
15.35
14.65
13.93
13.16
12.37
11.54
10.68
9.801
8.907
8.025
7.127
6.273
5.447
4.668
3.960
3.330
2.787
2.340
1.983
1.837
1.808
1.781
1.756
1.733
1.703
1.678
1.644
1.605
1.563
1.519
1.470
1.416
1.367
1.324
1.279
1.235
1.193
1.156
1.124
1.096
1.070
1.046
1.029
1.011
0.9975
0.9829
0.9671
0.9525
0.9421
0.9263
0.9220
0.9106
0.9074
0.9022
0.8948
0.8896
0.8812
0.8769
0.8706
0.8486
0.8291
0.7802
0.7562
0.7414
0.7196
0.7060
0.7018
0.6987
0.6987
0.6987
0.6975
0.6903
0.6871
0.6850
0.6840
0.6819
0.6819
0.6819
0.6819
0.6744
0.6576
0.6387
0.6179
0.6064
0.6053
0.6015
0.5584
0.4844
0.4626
0.4616
0.4605
0.4574
0.4542
0.4499
0.4416
0.4343
0.4311
0.4238
0.4186
0.4143
0.4018
0.3934
0.3871
0.3861
0.3829
0.3829
0.3787
0.3787
0.3703
0.3661
0.3619
151.0
176.6
186.4
188.1
175.8
155.6
144.3
123.4
121.6
122.7
131.3
145.1
155.7
153.6
149.4
132.4
138.1
138.3
133.4
124.3
121.2
116.2
115.3
105.6
106.9
102.4
91.88
83.03
78.00
73.20
68.46
64.87
60.01
53.54
47.70
42.28
38.05
34.85
32.66
31.18
30.21
29.65
29.19
28.73
28.30
27.86
27.44
27.00
26.57
26.14
25.67
25.21
24.73
24.25
23.78
23.30
22.83
22.34
21.85
21.37
20.84
20.30
19.73
19.11
18.46
17.79
17.11
16.38
15.62
14.81
13.97
13.11
12.28
11.45
10.63
9.780
8.881
7.971
7.060
6.161
5.280
4.424
3.630
2.896
2.235
1.664
1.178
0.7611
0.4863
0.4039
0.4008
0.4153
0.4330
0.4488
0.4615
0.4731
0.4835
0.4909
0.4951
0.5014
0.5067
0.5192
0.5245
0.5297
0.5360
0.5454
0.5601
0.5654
0.5748
0.5822
0.5979
0.6032
0.6137
0.6241
0.6315
0.6409
0.6545
0.6609
0.6672
0.6787
0.6871
0.6975
0.7049
0.7154
0.7228
0.7291
0.7312
0.7302
0.7302
0.7302
0.7281
0.7239
0.7228
0.7228
0.7259
0.7312
0.7395
0.7500
0.7615
0.7689
0.7742
0.7846
0.7889
0.7920
0.7952
0.7942
0.7879
0.7702
0.7564
0.7522
0.7346
0.6632
0.5552
0.4858
0.4805
0.4784
0.4763
0.4732
0.4700
0.4679
0.4616
0.4585
0.4543
0.4491
0.4427
0.4344
0.4301
0.4249
0.4166
0.4123
0.4071
0.3987
0.3945
0.3882
0.3871
0.3871
0.3850
0.3787
0.3756
0.3735
0.3682
156.8
177.8
184.6
195.5
186.5
165.8
147.1
151.1
153.9
151.7
153.0
144.7
145.4
144.7
164.4
164.6
164.2
170.2
165.3
158.1
161.6
159.5
151.3
149.2
150.9
144.8
141.9
141.1
131.7
130.5
135.2
124.9
123.5
120.8
116.5
114.6
112.4
108.2
103.2
97.64
91.54
84.76
77.39
69.75
62.25
55.27
48.95
43.27
38.40
34.64
31.83
29.59
27.98
27.06
26.52
26.06
25.62
25.19
24.78
24.39
24.03
23.68
23.31
22.96
22.59
22.17
21.73
21.25
20.73
20.15
19.47
18.64
17.62
16.46
15.23
13.98
12.75
11.55
10.38
9.245
8.128
7.104
6.115
5.132
4.230
3.305
2.515
1.917
1.556
1.417
1.397
1.393
1.393
1.390
1.384
1.374
1.359
1.338
1.311
1.279
1.244
1.205
1.163
1.124
1.087
1.049
1.015
0.9818
0.9556
0.9335
0.9103
0.8895
0.8738
0.8654
0.8539
0.8455
0.8370
0.8277
0.8214
0.8193
0.8194
0.8214
0.8214
0.8225
0.8214
0.8214
0.8214
0.8204
0.8150
0.8056
0.7907
0.7616
0.7385
0.7323
0.7302
0.7302
0.7302
0.7355
0.7418
0.7513
0.7671
0.7806
0.7922
0.8046
0.8046
0.8046
0.8046
0.8046
0.8014
0.7951
0.7793
0.7574
0.7320
0.7122
0.7046
0.6734
0.5895
0.4975
0.4343
0.4259
0.4196
0.4143
0.4101
0.4028
0.3975
0.3913
0.3850
0.3797
0.3724
0.3672
0.3671
0.3598
0.3556
0.3546
0.3577
0.3577
0.3556
0.3546
0.3567
0.3556
0.3556
168.6
177.2
184.5
210.2
188.6
179.1
158.4
149.9
151.8
148.8
137.3
140.5
145.4
163.0
179.0
190.4
201.2
196.7
189.6
189.4
193.0
193.3
196.8
190.5
189.5
194.0
201.7
208.8
208.8
204.9
215.2
228.0
238.4
255.3
258.5
261.2
263.8
266.4
269.0
271.5
273.2
273.5
270.8
266.7
262.1
257.0
251.7
246.4
241.0
235.5
229.7
224.2
218.6
212.9
206.7
200.0
192.1
183.5
174.7
166.2
158.3
151.3
145.2
139.5
133.5
127.6
121.2
113.8
105.6
96.68
85.77
75.17
65.38
56.54
47.14
37.28
28.15
20.76
15.05
11.06
8.760
7.324
6.139
5.073
4.096
3.189
2.421
1.844
1.512
1.401
1.390
1.390
1.388
1.389
1.388
1.389
1.381
1.362
1.337
1.307
1.277
1.243
1.208
1.172
1.136
1.101
1.066
1.033
1.003
0.9780
0.9527
0.9329
0.9139
0.8962
0.8824
0.8687
0.8603
0.8509
0.8415
0.8310
0.8236
0.8162
0.8110
0.8036
0.8036
0.8015
0.7994
0.7984
0.7983
0.8004
0.8005
0.7900
0.7846
0.7522
0.7187
0.6792
0.6746
0.6725
0.6693
0.6683
0.6693
0.6787
0.6944
0.7174
0.7445
0.7752
0.7931
0.8035
0.8161
0.8203
0.8235
0.8246
0.8246
0.8173
0.7943
0.7672
0.7419
0.7117
0.5994
0.5002
0.4049
0.3977
0.3934
0.3882
0.3819
0.3788
0.3714
0.3672
0.3609
0.3567
0.3505
0.3483
0.3431
0.3410
0.3368
0.3357
0.3409
0.3399
0.3389
0.3410
0.3452
