SALVI
1
0
24
15.00
181
1.00

231102 OCH 5050 350 F5M1 PMMA CTRANSL

231102 OCH 5050 350 F5M1 PMMA CTRANSL.ldt
15 November 2023/TB
760
0
225
320
60
0
0
0
0
94.2
100.0
1.000
0.0
1
1
16 LED
4877.4


40.9
0.127
0.199
0.281
0.355
0.411
0.504
0.561
0.614
0.680
0.723
0.0
15.0
30.0
45.0
60.0
75.0
90.0
105.0
120.0
135.0
150.0
165.0
180.0
195.0
210.0
225.0
240.0
255.0
270.0
285.0
300.0
315.0
330.0
345.0
0.0
1.0
2.0
3.0
4.0
5.0
6.0
7.0
8.0
9.0
10.0
11.0
12.0
13.0
14.0
15.0
16.0
17.0
18.0
19.0
20.0
21.0
22.0
23.0
24.0
25.0
26.0
27.0
28.0
29.0
30.0
31.0
32.0
33.0
34.0
35.0
36.0
37.0
38.0
39.0
40.0
41.0
42.0
43.0
44.0
45.0
46.0
47.0
48.0
49.0
50.0
51.0
52.0
53.0
54.0
55.0
56.0
57.0
58.0
59.0
60.0
61.0
62.0
63.0
64.0
65.0
66.0
67.0
68.0
69.0
70.0
71.0
72.0
73.0
74.0
75.0
76.0
77.0
78.0
79.0
80.0
81.0
82.0
83.0
84.0
85.0
86.0
87.0
88.0
89.0
90.0
91.0
92.0
93.0
94.0
95.0
96.0
97.0
98.0
99.0
100.0
101.0
102.0
103.0
104.0
105.0
106.0
107.0
108.0
109.0
110.0
111.0
112.0
113.0
114.0
115.0
116.0
117.0
118.0
119.0
120.0
121.0
122.0
123.0
124.0
125.0
126.0
127.0
128.0
129.0
130.0
131.0
132.0
133.0
134.0
135.0
136.0
137.0
138.0
139.0
140.0
141.0
142.0
143.0
144.0
145.0
146.0
147.0
148.0
149.0
150.0
151.0
152.0
153.0
154.0
155.0
156.0
157.0
158.0
159.0
160.0
161.0
162.0
163.0
164.0
165.0
166.0
167.0
168.0
169.0
170.0
171.0
172.0
173.0
174.0
175.0
176.0
177.0
178.0
179.0
180.0
79.20
79.28
79.42
79.71
80.05
80.59
81.26
82.22
83.49
85.05
86.78
88.48
90.28
92.20
94.21
96.34
98.53
100.7
103.0
105.5
108.0
110.6
113.4
116.3
119.4
122.5
125.9
129.4
133.2
137.0
141.1
145.4
149.8
154.2
158.9
163.8
168.6
173.7
178.9
184.2
189.6
195.1
200.5
206.0
211.4
216.8
222.1
227.3
232.3
237.1
241.6
245.9
249.6
252.9
255.9
258.1
260.0
261.0
261.3
260.3
258.8
256.4
253.1
248.8
243.2
236.7
229.0
220.4
211.1
201.0
190.2
179.1
168.0
156.5
145.9
135.6
125.5
116.1
106.6
97.96
89.65
81.97
74.72
68.06
62.11
56.44
51.38
46.83
42.68
38.95
35.60
32.50
29.75
27.28
25.07
23.06
21.26
19.66
18.19
16.89
15.72
14.66
13.71
12.85
12.08
11.37
10.70
10.05
9.461
8.936
8.461
8.026
7.628
7.266
6.926
6.622
6.338
6.077
5.833
5.605
5.389
5.185
4.996
4.818
4.644
4.478
4.315
4.157
3.999
3.848
3.698
3.549
3.405
3.258
3.115
2.970
2.826
2.690
2.551
2.414
2.276
2.144
2.015
1.888
1.763
1.645
1.524
1.408
1.296
1.186
1.076
0.9728
0.8743
0.7767
0.6911
0.6065
0.5283
0.4556
0.3841
0.3123
0.2709
0.2500
0.2470
0.2480
0.2409
0.2409
0.2389
0.2389
0.2379
0.2379
0.2379
0.2379
0.2379
0.2389
0.2399
0.2399
0.2399
0.2420
0.2430
0.2440
0.2450
78.94
79.05
79.24
79.57
80.00
80.61
81.38
82.38
83.67
85.36
87.10
88.94
90.92
92.96
95.02
97.29
99.56
101.9
104.3
106.9
109.5
112.2
115.0
118.1
121.2
124.5
127.9
131.6
135.5
139.4
143.5
147.9
152.4
156.9
161.6
166.5
171.5
176.7
181.9
187.2
192.6
198.0
203.3
208.8
214.2
219.7
225.1
230.2
235.3
240.1
244.8
248.9
252.9
256.3
259.4
261.9
263.8
264.9
265.2
264.7
263.5
261.5
258.3
254.1
248.8
242.6
235.4
227.2
218.1
208.0
197.4
186.2
174.9
163.3
152.2
141.4
131.1
121.6
112.0
103.2
94.88
87.01
79.61
72.75
66.49
60.70
55.47
50.75
46.39
42.49
38.96
35.74
32.85
30.23
27.86
25.72
23.80
22.04
20.46
19.01
17.71
16.51
15.42
14.45
13.53
12.70
11.87
11.11
10.41
9.797
9.230
8.713
8.233
7.801
7.402
7.038
6.702
6.389
6.098
5.827
5.571
5.333
5.108
4.895
4.695
4.499
4.311
4.130
3.959
3.789
3.626
3.466
3.307
3.148
2.996
2.848
2.702
2.556
2.410
2.270
2.131
2.000
1.873
1.745
1.626
1.509
1.393
1.278
1.172
1.065
0.9631
0.8662
0.7702
0.6814
0.6023
0.5240
0.4510
0.3804
0.3110
0.2479
0.2359
0.2349
0.2349
0.2349
0.2349
0.2349
0.2349
0.2349
0.2349
0.2349
0.2369
0.2389
0.2400
0.2430
0.2450
0.2460
0.2470
0.2480
0.2500
0.2500
0.2500
78.97
79.17
79.40
79.76
80.26
80.94
81.74
82.77
84.05
85.59
87.54
89.57
91.76
94.12
96.59
99.11
101.8
104.4
107.2
110.0
112.8
115.7
118.7
121.6
124.8
127.9
131.2
134.6
138.1
141.7
145.4
149.3
153.2
157.3
161.5
165.8
170.1
174.8
179.3
183.9
188.5
193.3
197.9
202.5
207.1
211.5
215.8
220.1
224.2
228.1
231.6
234.8
237.7
239.9
241.8
243.2
244.2
244.5
244.2
243.2
241.5
239.0
235.8
231.8
227.1
221.5
214.8
207.4
199.2
190.6
181.2
171.7
161.9
152.1
142.5
133.2
124.0
115.4
107.2
99.26
91.84
84.79
78.24
72.07
66.37
61.38
56.40
52.02
48.04
44.36
41.03
38.01
35.24
32.77
30.51
28.43
26.60
24.90
23.35
21.91
20.58
19.37
18.25
17.22
16.20
15.24
14.36
13.54
12.77
12.06
11.39
10.77
10.18
9.630
9.106
8.622
8.160
7.724
7.309
6.918
6.548
6.196
5.862
5.548
5.240
4.954
4.682
4.421
4.170
3.928
3.701
3.477
3.266
3.060
2.861
2.675
2.491
2.314
2.148
1.985
1.829
1.686
1.554
1.423
1.295
1.181
1.078
0.9796
0.8831
0.7964
0.7105
0.6373
0.5641
0.4968
0.4326
0.3723
0.3015
0.2553
0.2491
0.2480
0.2470
0.2440
0.2440
0.2410
0.2400
0.2379
0.2379
0.2359
0.2359
0.2349
0.2349
0.2349
0.2349
0.2349
0.2349
0.2349
0.2349
0.2349
0.2379
0.2430
0.2480
78.94
79.18
79.47
79.88
80.43
81.10
81.94
82.99
84.30
85.82
87.64
89.84
92.37
95.06
97.85
100.6
103.4
106.2
109.0
111.8
114.5
117.4
120.2
123.0
126.0
129.0
132.0
135.1
138.4
141.7
145.1
148.6
152.2
156.0
159.8
163.6
167.5
171.6
175.6
179.7
183.8
187.8
191.8
195.8
199.7
203.2
206.7
209.9
212.8
215.7
218.1
220.1
221.7
222.8
223.3
223.5
223.0
222.0
220.3
218.0
215.1
211.5
207.4
202.4
196.9
191.0
184.5
177.6
170.3
162.5
154.6
146.5
138.5
130.4
122.8
115.1
107.9
100.9
94.29
87.92
81.88
76.17
70.82
65.70
61.05
56.65
52.65
48.96
45.55
42.41
39.56
36.91
34.51
32.31
30.30
28.46
26.79
25.25
23.84
22.54
21.36
20.24
19.10
18.02
17.04
16.12
15.26
14.45
13.69
12.99
12.32
11.69
11.09
10.53
9.982
9.473
8.986
8.518
8.073
7.656
7.248
6.862
6.492
6.133
5.788
5.456
5.131
4.824
4.527
4.237
3.958
3.696
3.443
3.200
2.970
2.753
2.545
2.344
2.151
1.968
1.796
1.630
1.473
1.320
1.178
1.042
0.9173
0.7995
0.6882
0.5846
0.4791
0.3824
0.3043
0.2540
0.2389
0.2379
0.2349
0.2349
0.2349
0.2349
0.2349
0.2349
0.2349
0.2349
0.2349
0.2349
0.2349
0.2349
0.2359
0.2369
0.2379
0.2409
0.2420
0.2450
0.2450
0.2500
0.2530
0.2540
0.2540
0.2541
0.2551
78.92
79.23
79.55
80.04
80.60
81.34
82.28
83.39
84.85
86.57
88.55
90.68
93.02
95.44
97.97
100.5
103.3
106.0
108.9
111.7
114.6
117.4
120.3
123.2
126.3
129.4
132.6
135.9
139.2
142.6
146.3
150.0
153.9
157.7
161.7
165.8
169.8
173.8
178.0
182.1
186.0
189.9
193.7
197.4
200.9
204.2
207.3
210.1
212.4
214.6
216.2
217.5
218.1
218.2
217.8
216.6
215.0
212.6
209.8
206.1
201.7
196.9
191.4
185.5
179.1
172.4
165.3
157.9
150.5
143.0
135.4
127.9
120.8
113.6
106.9
100.2
93.86
87.77
81.95
76.41
71.18
66.27
61.81
57.35
53.36
49.65
46.24
43.08
40.15
37.47
35.01
32.76
30.67
28.79
27.05
25.43
23.99
22.65
21.40
20.20
19.10
18.06
17.10
16.23
15.40
14.57
13.80
13.08
12.39
11.75
11.14
10.57
10.03
9.515
9.027
8.569
8.126
7.709
7.304
6.928
6.568
6.225
5.896
5.586
5.287
5.006
4.738
4.480
4.231
3.989
3.765
3.537
3.325
3.115
2.913
2.720
2.533
2.353
2.179
2.012
1.852
1.696
1.548
1.407
1.278
1.167
1.061
0.9612
0.8651
0.7802
0.6971
0.6246
0.5534
0.4877
0.4280
0.3614
0.3030
0.2672
0.2491
0.2480
0.2470
0.2420
0.2420
0.2430
0.2400
0.2399
0.2399
0.2389
0.2359
0.2359
0.2359
0.2349
0.2349
0.2349
0.2349
0.2349
0.2369
0.2379
0.2429
0.2450
0.2490
78.92
79.22
79.58
80.10
80.69
81.45
82.42
83.62
85.13
87.00
88.99
91.09
93.30
95.54
97.89
100.3
102.7
105.1
107.7
110.2
112.8
115.4
118.2
121.0
123.9
127.0
130.3
133.6
137.2
140.9
144.8
148.7
152.8
157.0
161.4
165.7
170.1
174.6
179.0
183.3
187.5
191.7
195.6
199.4
203.0
206.2
209.2
211.7
213.8
215.6
216.9
217.5
217.5
216.9
215.6
213.7
211.0
207.7
203.8
199.1
193.8
188.1
181.8
175.1
168.1
160.8
153.2
145.6
137.9
130.3
122.9
115.4
108.4
101.5
95.02
88.69
82.64
77.01
71.56
66.44
61.67
57.14
52.91
48.97
45.33
41.92
38.84
35.99
33.36
30.97
28.79
26.79
24.97
23.31
21.80
20.41
19.13
17.96
16.88
15.90
14.98
14.13
13.34
12.62
11.95
11.34
10.75
10.17
9.634
9.148
8.691
8.271
7.884
7.523
7.183
6.869
6.578
6.298
6.032
5.786
5.548
5.323
5.109
4.905
4.711
4.524
4.339
4.163
3.992
3.822
3.661
3.498
3.341
3.184
3.031
2.880
2.730
2.583
2.435
2.292
2.150
2.012
1.880
1.752
1.628
1.505
1.385
1.271
1.158
1.052
0.9469
0.8537
0.7571
0.6708
0.5915
0.5149
0.4468
0.3818
0.3078
0.2479
0.2399
0.2399
0.2399
0.2399
0.2399
0.2399
0.2399
0.2399
0.2399
0.2400
0.2420
0.2460
0.2470
0.2490
0.2521
0.2541
0.2581
0.2571
0.2571
0.2561
0.2571
78.96
79.27
79.68
80.17
80.79
81.54
82.55
83.80
85.45
87.41
89.48
91.56
93.72
95.92
98.24
100.6
102.9
105.4
107.8
110.2
112.7
115.3
118.0
120.7
123.5
126.5
129.8
132.9
136.4
139.9
143.6
147.3
151.2
155.4
159.5
163.5
167.8
172.0
176.2
180.4
184.3
188.1
191.8
195.4
198.6
201.5
204.2
206.4
208.3
209.6
210.3
210.7
210.1
209.1
207.4
205.0
201.8
198.2
193.8
188.7
183.2
177.0
170.7
163.6
156.5
149.2
141.7
134.1
126.6
119.2
111.9
104.8
98.06
91.50
85.25
79.33
73.63
68.25
63.38
58.51
54.03
49.81
45.89
42.23
38.89
35.81
32.98
30.41
28.05
25.90
23.96
22.23
20.63
19.21
17.92
16.73
15.69
14.73
13.86
13.07
12.37
11.71
11.12
10.59
10.09
9.635
9.209
8.787
8.388
8.019
7.682
7.367
7.078
6.809
6.550
6.313
6.085
5.872
5.668
5.471
5.283
5.105
4.930
4.771
4.607
4.450
4.296
4.146
3.995
3.848
3.702
3.556
3.414
3.272
3.132
2.988
2.848
2.710
2.566
2.426
2.287
2.147
2.016
1.884
1.755
1.632
1.506
1.389
1.271
1.159
1.049
0.9469
0.8466
0.7527
0.6684
0.5868
0.5112
0.4418
0.3739
0.2928
0.2485
0.2480
0.2460
0.2440
0.2400
0.2380
0.2379
0.2379
0.2379
0.2379
0.2379
0.2359
0.2359
0.2359
0.2359
0.2359
0.2419
0.2460
0.2460
0.2460
0.2540
78.92
79.22
79.58
80.10
80.69
81.45
82.42
83.62
85.13
87.00
88.99
91.09
93.30
95.54
97.89
100.3
102.7
105.1
107.7
110.2
112.8
115.4
118.2
121.0
123.9
127.0
130.3
133.6
137.2
140.9
144.8
148.7
152.8
157.0
161.4
165.7
170.1
174.6
179.0
183.3
187.5
191.7
195.6
199.4
203.0
206.2
209.2
211.7
213.8
215.6
216.9
217.5
217.5
216.9
215.6
213.7
211.0
207.7
203.8
199.1
193.8
188.1
181.8
175.1
168.1
160.8
153.2
145.6
137.9
130.3
122.9
115.4
108.4
101.5
95.02
88.69
82.64
77.01
71.56
66.44
61.67
57.14
52.91
48.97
45.33
41.92
38.84
35.99
33.36
30.97
28.79
26.79
24.97
23.31
21.80
20.41
19.13
17.96
16.88
15.90
14.98
14.13
13.34
12.62
11.95
11.34
10.75
10.17
9.634
9.148
8.691
8.271
7.884
7.523
7.183
6.869
6.578
6.298
6.032
5.786
5.548
5.323
5.109
4.905
4.711
4.524
4.339
4.163
3.992
3.822
3.661
3.498
3.341
3.184
3.031
2.880
2.730
2.583
2.435
2.292
2.150
2.012
1.880
1.752
1.628
1.505
1.385
1.271
1.158
1.052
0.9469
0.8537
0.7571
0.6708
0.5915
0.5149
0.4468
0.3818
0.3078
0.2479
0.2399
0.2399
0.2399
0.2399
0.2399
0.2399
0.2399
0.2399
0.2399
0.2400
0.2420
0.2460
0.2470
0.2490
0.2521
0.2541
0.2581
0.2571
0.2571
0.2561
0.2571
78.92
79.23
79.55
80.04
80.60
81.34
82.28
83.39
84.85
86.57
88.55
90.68
93.02
95.44
97.97
100.5
103.3
106.0
108.9
111.7
114.6
117.4
120.3
123.2
126.3
129.4
132.6
135.9
139.2
142.6
146.3
150.0
153.9
157.7
161.7
165.8
169.8
173.8
178.0
182.1
186.0
189.9
193.7
197.4
200.9
204.2
207.3
210.1
212.4
214.6
216.2
217.5
218.1
218.2
217.8
216.6
215.0
212.6
209.8
206.1
201.7
196.9
191.4
185.5
179.1
172.4
165.3
157.9
150.5
143.0
135.4
127.9
120.8
113.6
106.9
100.2
93.86
87.77
81.95
76.41
71.18
66.27
61.81
57.35
53.36
49.65
46.24
43.08
40.15
37.47
35.01
32.76
30.67
28.79
27.05
25.43
23.99
22.65
21.40
20.20
19.10
18.06
17.10
16.23
15.40
14.57
13.80
13.08
12.39
11.75
11.14
10.57
10.03
9.515
9.027
8.569
8.126
7.709
7.304
6.928
6.568
6.225
5.896
5.586
5.287
5.006
4.738
4.480
4.231
3.989
3.765
3.537
3.325
3.115
2.913
2.720
2.533
2.353
2.179
2.012
1.852
1.696
1.548
1.407
1.278
1.167
1.061
0.9612
0.8651
0.7802
0.6971
0.6246
0.5534
0.4877
0.4280
0.3614
0.3030
0.2672
0.2491
0.2480
0.2470
0.2420
0.2420
0.2430
0.2400
0.2399
0.2399
0.2389
0.2359
0.2359
0.2359
0.2349
0.2349
0.2349
0.2349
0.2349
0.2369
0.2379
0.2429
0.2450
0.2490
78.94
79.18
79.47
79.88
80.43
81.10
81.94
82.99
84.30
85.82
87.64
89.84
92.37
95.06
97.85
100.6
103.4
106.2
109.0
111.8
114.5
117.4
120.2
123.0
126.0
129.0
132.0
135.1
138.4
141.7
145.1
148.6
152.2
156.0
159.8
163.6
167.5
171.6
175.6
179.7
183.8
187.8
191.8
195.8
199.7
203.2
206.7
209.9
212.8
215.7
218.1
220.1
221.7
222.8
223.3
223.5
223.0
222.0
220.3
218.0
215.1
211.5
207.4
202.4
196.9
191.0
184.5
177.6
170.3
162.5
154.6
146.5
138.5
130.4
122.8
115.1
107.9
100.9
94.29
87.92
81.88
76.17
70.82
65.70
61.05
56.65
52.65
48.96
45.55
42.41
39.56
36.91
34.51
32.31
30.30
28.46
26.79
25.25
23.84
22.54
21.36
20.24
19.10
18.02
17.04
16.12
15.26
14.45
13.69
12.99
12.32
11.69
11.09
10.53
9.982
9.473
8.986
8.518
8.073
7.656
7.248
6.862
6.492
6.133
5.788
5.456
5.131
4.824
4.527
4.237
3.958
3.696
3.443
3.200
2.970
2.753
2.545
2.344
2.151
1.968
1.796
1.630
1.473
1.320
1.178
1.042
0.9173
0.7995
0.6882
0.5846
0.4791
0.3824
0.3043
0.2540
0.2389
0.2379
0.2349
0.2349
0.2349
0.2349
0.2349
0.2349
0.2349
0.2349
0.2349
0.2349
0.2349
0.2349
0.2359
0.2369
0.2379
0.2409
0.2420
0.2450
0.2450
0.2500
0.2530
0.2540
0.2540
0.2541
0.2551
78.97
79.17
79.40
79.76
80.26
80.94
81.74
82.77
84.05
85.59
87.54
89.57
91.76
94.12
96.59
99.11
101.8
104.4
107.2
110.0
112.8
115.7
118.7
121.6
124.8
127.9
131.2
134.6
138.1
141.7
145.4
149.3
153.2
157.3
161.5
165.8
170.1
174.8
179.3
183.9
188.5
193.3
197.9
202.5
207.1
211.5
215.8
220.1
224.2
228.1
231.6
234.8
237.7
239.9
241.8
243.2
244.2
244.5
244.2
243.2
241.5
239.0
235.8
231.8
227.1
221.5
214.8
207.4
199.2
190.6
181.2
171.7
161.9
152.1
142.5
133.2
124.0
115.4
107.2
99.26
91.84
84.79
78.24
72.07
66.37
61.38
56.40
52.02
48.04
44.36
41.03
38.01
35.24
32.77
30.51
28.43
26.60
24.90
23.35
21.91
20.58
19.37
18.25
17.22
16.20
15.24
14.36
13.54
12.77
12.06
11.39
10.77
10.18
9.630
9.106
8.622
8.160
7.724
7.309
6.918
6.548
6.196
5.862
5.548
5.240
4.954
4.682
4.421
4.170
3.928
3.701
3.477
3.266
3.060
2.861
2.675
2.491
2.314
2.148
1.985
1.829
1.686
1.554
1.423
1.295
1.181
1.078
0.9796
0.8831
0.7964
0.7105
0.6373
0.5641
0.4968
0.4326
0.3723
0.3015
0.2553
0.2491
0.2480
0.2470
0.2440
0.2440
0.2410
0.2400
0.2379
0.2379
0.2359
0.2359
0.2349
0.2349
0.2349
0.2349
0.2349
0.2349
0.2349
0.2349
0.2349
0.2379
0.2430
0.2480
78.94
79.05
79.24
79.57
80.00
80.61
81.38
82.38
83.67
85.36
87.10
88.94
90.92
92.96
95.02
97.29
99.56
101.9
104.3
106.9
109.5
112.2
115.0
118.1
121.2
124.5
127.9
131.6
135.5
139.4
143.5
147.9
152.4
156.9
161.6
166.5
171.5
176.7
181.9
187.2
192.6
198.0
203.3
208.8
214.2
219.7
225.1
230.2
235.3
240.1
244.8
248.9
252.9
256.3
259.4
261.9
263.8
264.9
265.2
264.7
263.5
261.5
258.3
254.1
248.8
242.6
235.4
227.2
218.1
208.0
197.4
186.2
174.9
163.3
152.2
141.4
131.1
121.6
112.0
103.2
94.88
87.01
79.61
72.75
66.49
60.70
55.47
50.75
46.39
42.49
38.96
35.74
32.85
30.23
27.86
25.72
23.80
22.04
20.46
19.01
17.71
16.51
15.42
14.45
13.53
12.70
11.87
11.11
10.41
9.797
9.230
8.713
8.233
7.801
7.402
7.038
6.702
6.389
6.098
5.827
5.571
5.333
5.108
4.895
4.695
4.499
4.311
4.130
3.959
3.789
3.626
3.466
3.307
3.148
2.996
2.848
2.702
2.556
2.410
2.270
2.131
2.000
1.873
1.745
1.626
1.509
1.393
1.278
1.172
1.065
0.9631
0.8662
0.7702
0.6814
0.6023
0.5240
0.4510
0.3804
0.3110
0.2479
0.2359
0.2349
0.2349
0.2349
0.2349
0.2349
0.2349
0.2349
0.2349
0.2349
0.2369
0.2389
0.2400
0.2430
0.2450
0.2460
0.2470
0.2480
0.2500
0.2500
0.2500
79.20
79.28
79.42
79.71
80.05
80.59
81.26
82.22
83.49
85.05
86.78
88.48
90.28
92.20
94.21
96.34
98.53
100.7
103.0
105.5
108.0
110.6
113.4
116.3
119.4
122.5
125.9
129.4
133.2
137.0
141.1
145.4
149.8
154.2
158.9
163.8
168.6
173.7
178.9
184.2
189.6
195.1
200.5
206.0
211.4
216.8
222.1
227.3
232.3
237.1
241.6
245.9
249.6
252.9
255.9
258.1
260.0
261.0
261.3
260.3
258.8
256.4
253.1
248.8
243.2
236.7
229.0
220.4
211.1
201.0
190.2
179.1
168.0
156.5
145.9
135.6
125.5
116.1
106.6
97.96
89.65
81.97
74.72
68.06
62.11
56.44
51.38
46.83
42.68
38.95
35.60
32.50
29.75
27.28
25.07
23.06
21.26
19.66
18.19
16.89
15.72
14.66
13.71
12.85
12.08
11.37
10.70
10.05
9.461
8.936
8.461
8.026
7.628
7.266
6.926
6.622
6.338
6.077
5.833
5.605
5.389
5.185
4.996
4.818
4.644
4.478
4.315
4.157
3.999
3.848
3.698
3.549
3.405
3.258
3.115
2.970
2.826
2.690
2.551
2.414
2.276
2.144
2.015
1.888
1.763
1.645
1.524
1.408
1.296
1.186
1.076
0.9728
0.8743
0.7767
0.6911
0.6065
0.5283
0.4556
0.3841
0.3123
0.2709
0.2500
0.2470
0.2480
0.2409
0.2409
0.2389
0.2389
0.2379
0.2379
0.2379
0.2379
0.2379
0.2389
0.2399
0.2399
0.2399
0.2420
0.2430
0.2440
0.2450
78.94
78.98
79.04
79.23
79.55
79.99
80.61
81.49
82.62
84.15
85.85
87.65
89.53
91.51
93.49
95.63
97.85
100.1
102.4
104.8
107.3
109.9
112.7
115.5
118.6
121.8
125.2
128.8
132.6
136.6
140.7
145.0
149.5
154.0
158.8
163.8
168.9
174.0
179.4
184.6
190.0
195.5
200.9
206.4
211.7
217.1
222.3
227.4
232.5
237.2
241.8
246.0
250.0
253.4
256.5
258.9
260.9
262.2
262.7
262.3
261.1
259.1
256.0
251.9
246.8
240.9
233.7
225.9
217.2
207.8
197.5
187.0
175.9
164.5
153.5
143.0
132.6
122.9
113.5
104.8
96.29
88.46
81.11
74.12
67.75
62.19
56.64
51.79
47.40
43.41
39.76
36.51
33.55
30.85
28.45
26.27
24.28
22.49
20.87
19.38
18.04
16.82
15.71
14.70
13.79
12.92
12.10
11.33
10.63
9.991
9.413
8.884
8.397
7.956
7.550
7.172
6.828
6.510
6.208
5.929
5.670
5.422
5.196
4.979
4.772
4.572
4.371
4.184
4.002
3.832
3.664
3.500
3.338
3.179
3.026
2.875
2.727
2.581
2.435
2.295
2.158
2.026
1.896
1.774
1.657
1.540
1.425
1.313
1.208
1.103
1.001
0.9028
0.8104
0.7244
0.6434
0.5660
0.4939
0.4251
0.3538
0.2901
0.2745
0.2692
0.2652
0.2621
0.2601
0.2551
0.2540
0.2511
0.2480
0.2450
0.2440
0.2420
0.2420
0.2399
0.2399
0.2399
0.2399
0.2399
0.2399
0.2399
0.2460
78.97
78.94
78.93
79.03
79.23
79.59
80.16
80.88
81.90
83.20
84.89
86.81
88.83
90.94
93.17
95.56
98.02
100.6
103.1
105.7
108.5
111.3
114.1
117.1
120.1
123.3
126.5
129.9
133.4
137.0
140.8
144.8
148.8
153.1
157.3
161.6
166.1
170.6
175.3
180.0
184.7
189.5
194.1
198.8
203.5
208.2
212.6
217.0
221.2
225.2
229.0
232.6
235.8
238.5
240.9
242.9
244.3
245.0
245.0
244.5
243.1
240.9
238.1
234.5
229.8
224.5
218.3
211.3
203.7
195.3
186.3
176.9
167.3
157.3
147.8
138.4
129.3
120.4
111.7
103.7
95.94
88.75
81.96
75.56
69.61
64.18
59.15
54.58
50.37
46.48
42.99
39.79
36.85
34.19
31.82
29.62
27.65
25.86
24.21
22.66
21.25
19.96
18.78
17.69
16.66
15.66
14.72
13.86
13.06
12.30
11.61
10.95
10.34
9.766
9.231
8.725
8.250
7.805
7.379
6.981
6.613
6.254
5.920
5.600
5.297
5.009
4.739
4.476
4.225
3.988
3.757
3.535
3.321
3.113
2.913
2.722
2.537
2.358
2.189
2.030
1.870
1.720
1.575
1.439
1.312
1.196
1.091
0.9915
0.9029
0.8142
0.7294
0.6521
0.5808
0.5116
0.4475
0.3877
0.3232
0.2650
0.2551
0.2540
0.2520
0.2500
0.2500
0.2510
0.2460
0.2430
0.2409
0.2409
0.2409
0.2409
0.2409
0.2409
0.2410
0.2420
0.2470
0.2480
0.2500
0.2490
0.2530
0.2520
0.2540
78.94
78.82
78.83
78.85
79.02
79.27
79.79
80.46
81.38
82.55
84.09
85.98
88.22
90.74
93.32
96.03
98.68
101.4
104.1
106.8
109.5
112.2
114.9
117.7
120.5
123.5
126.4
129.6
132.8
136.2
139.6
143.1
146.7
150.5
154.4
158.2
162.4
166.5
170.7
174.9
179.1
183.5
187.6
191.8
195.8
199.8
203.4
207.0
210.4
213.3
215.9
218.4
220.3
221.8
223.0
223.5
223.4
222.8
221.5
219.6
216.9
213.7
209.8
205.2
200.0
194.3
188.0
181.3
174.1
166.6
158.8
150.8
142.8
134.8
126.9
119.2
111.7
104.5
97.48
90.92
84.58
78.61
73.01
67.68
62.92
58.41
54.13
50.25
46.67
43.41
40.40
37.67
35.16
32.85
30.77
28.86
27.10
25.51
24.05
22.69
21.47
20.33
19.16
18.05
17.01
16.05
15.17
14.35
13.58
12.86
12.18
11.53
10.93
10.35
9.802
9.276
8.787
8.323
7.875
7.445
7.039
6.646
6.277
5.924
5.586
5.262
4.951
4.656
4.364
4.093
3.828
3.578
3.338
3.113
2.898
2.696
2.500
2.312
2.131
1.960
1.796
1.641
1.490
1.347
1.210
1.079
0.9554
0.8404
0.7340
0.6324
0.5341
0.4289
0.3351
0.2919
0.2803
0.2773
0.2762
0.2752
0.2752
0.2712
0.2722
0.2662
0.2661
0.2622
0.2591
0.2581
0.2561
0.2520
0.2520
0.2490
0.2500
0.2460
0.2460
0.2440
0.2440
0.2440
0.2440
0.2440
0.2440
0.2490
0.2530
78.92
78.76
78.68
78.70
78.81
79.11
79.57
80.23
81.09
82.32
83.90
85.81
87.96
90.15
92.53
94.99
97.60
100.2
102.9
105.6
108.4
111.1
113.9
116.8
119.7
122.7
125.7
128.9
132.3
135.7
139.2
142.9
146.7
150.6
154.5
158.7
162.9
167.0
171.4
175.6
180.0
184.1
188.3
192.4
196.4
200.1
203.8
206.9
210.1
212.8
215.0
216.9
218.2
219.1
219.3
218.8
217.8
216.0
213.6
210.7
206.9
202.6
197.5
192.0
186.0
179.5
172.5
165.3
157.8
150.2
142.5
134.9
127.1
119.5
112.2
105.0
98.16
91.61
85.35
79.42
73.83
68.60
63.62
59.03
54.76
50.80
47.15
43.79
40.72
37.90
35.31
32.94
30.77
28.80
27.00
25.36
23.86
22.50
21.21
20.01
18.88
17.85
16.88
15.99
15.15
14.30
13.51
12.77
12.08
11.43
10.83
10.25
9.700
9.183
8.696
8.233
7.798
7.381
6.980
6.612
6.262
5.926
5.608
5.311
5.024
4.754
4.496
4.250
4.013
3.788
3.571
3.362
3.158
2.964
2.782
2.604
2.431
2.261
2.100
1.951
1.802
1.660
1.521
1.389
1.277
1.177
1.077
0.9840
0.8987
0.8123
0.7303
0.6545
0.5861
0.5186
0.4552
0.3954
0.3360
0.2771
0.2561
0.2541
0.2550
0.2530
0.2520
0.2480
0.2480
0.2450
0.2450
0.2450
0.2450
0.2450
0.2450
0.2450
0.2450
0.2490
0.2490
0.2520
0.2520
0.2521
0.2551
0.2581
0.2561
78.92
78.75
78.63
78.65
78.77
79.05
79.53
80.25
81.21
82.65
84.33
86.20
88.12
90.20
92.29
94.48
96.75
99.04
101.4
103.8
106.3
108.8
111.5
114.3
117.2
120.3
123.4
126.8
130.3
133.9
137.7
141.7
145.8
150.1
154.4
158.9
163.3
168.0
172.6
177.2
181.8
186.4
190.9
195.1
199.2
203.1
206.8
210.1
213.0
215.5
217.5
219.0
219.8
220.0
219.5
218.4
216.7
214.0
210.7
206.7
201.8
196.4
190.5
184.0
176.8
169.4
161.7
153.8
145.7
137.7
129.6
121.7
114.0
106.5
99.31
92.46
85.86
79.61
73.66
68.16
63.04
58.11
53.62
49.40
45.54
41.96
38.70
35.70
32.97
30.49
28.23
26.17
24.32
22.63
21.10
19.71
18.43
17.28
16.21
15.22
14.33
13.50
12.73
12.03
11.38
10.77
10.17
9.605
9.082
8.599
8.163
7.753
7.374
7.025
6.706
6.403
6.119
5.858
5.613
5.376
5.156
4.944
4.754
4.566
4.382
4.206
4.032
3.867
3.713
3.559
3.408
3.264
3.117
2.978
2.842
2.706
2.573
2.441
2.305
2.180
2.054
1.932
1.815
1.704
1.591
1.483
1.378
1.274
1.177
1.079
0.9836
0.8900
0.8031
0.7187
0.6434
0.5680
0.4993
0.4330
0.3678
0.2938
0.2693
0.2682
0.2662
0.2652
0.2621
0.2601
0.2591
0.2561
0.2530
0.2521
0.2510
0.2500
0.2480
0.2470
0.2470
0.2500
0.2520
0.2530
0.2540
0.2540
0.2540
78.96
78.72
78.59
78.64
78.79
78.99
79.49
80.19
81.10
82.62
84.39
86.13
88.03
90.00
92.01
94.10
96.25
98.52
100.8
103.1
105.6
108.1
110.8
113.5
116.4
119.2
122.3
125.4
128.8
132.3
136.0
139.7
143.5
147.6
151.8
156.1
160.5
164.8
169.4
173.6
178.2
182.5
186.8
190.9
194.9
198.6
202.2
205.2
207.8
210.1
211.8
213.1
213.8
213.7
212.9
211.5
209.4
206.3
202.8
198.4
193.3
187.7
181.3
174.6
167.3
159.7
151.9
143.9
136.0
128.0
120.2
112.3
104.8
97.57
90.65
84.05
77.75
71.84
66.23
60.96
55.95
51.39
47.17
43.19
39.54
36.21
33.18
30.45
27.94
25.71
23.68
21.86
20.20
18.72
17.39
16.19
15.11
14.15
13.26
12.48
11.76
11.12
10.53
9.999
9.522
9.073
8.658
8.237
7.850
7.490
7.157
6.856
6.576
6.315
6.073
5.843
5.632
5.434
5.244
5.061
4.892
4.728
4.570
4.417
4.274
4.130
3.995
3.858
3.718
3.583
3.451
3.321
3.191
3.063
2.934
2.807
2.684
2.557
2.428
2.305
2.179
2.056
1.938
1.819
1.710
1.600
1.487
1.378
1.277
1.175
1.070
0.9709
0.8762
0.7850
0.6984
0.6200
0.5438
0.4714
0.4049
0.3394
0.2601
0.2520
0.2520
0.2520
0.2520
0.2520
0.2520
0.2520
0.2520
0.2500
0.2500
0.2500
0.2500
0.2540
0.2540
0.2540
0.2520
0.2520
0.2520
0.2520
0.2520
78.92
78.75
78.63
78.65
78.77
79.05
79.53
80.25
81.21
82.65
84.33
86.20
88.12
90.20
92.29
94.48
96.75
99.04
101.4
103.8
106.3
108.8
111.5
114.3
117.2
120.3
123.4
126.8
130.3
133.9
137.7
141.7
145.8
150.1
154.4
158.9
163.3
168.0
172.6
177.2
181.8
186.4
190.9
195.1
199.2
203.1
206.8
210.1
213.0
215.5
217.5
219.0
219.8
220.0
219.5
218.4
216.7
214.0
210.7
206.7
201.8
196.4
190.5
184.0
176.8
169.4
161.7
153.8
145.7
137.7
129.6
121.7
114.0
106.5
99.31
92.46
85.86
79.61
73.66
68.16
63.04
58.11
53.62
49.40
45.54
41.96
38.70
35.70
32.97
30.49
28.23
26.17
24.32
22.63
21.10
19.71
18.43
17.28
16.21
15.22
14.33
13.50
12.73
12.03
11.38
10.77
10.17
9.605
9.082
8.599
8.163
7.753
7.374
7.025
6.706
6.403
6.119
5.858
5.613
5.376
5.156
4.944
4.754
4.566
4.382
4.206
4.032
3.867
3.713
3.559
3.408
3.264
3.117
2.978
2.842
2.706
2.573
2.441
2.305
2.180
2.054
1.932
1.815
1.704
1.591
1.483
1.378
1.274
1.177
1.079
0.9836
0.8900
0.8031
0.7187
0.6434
0.5680
0.4993
0.4330
0.3678
0.2938
0.2693
0.2682
0.2662
0.2652
0.2621
0.2601
0.2591
0.2561
0.2530
0.2521
0.2510
0.2500
0.2480
0.2470
0.2470
0.2500
0.2520
0.2530
0.2540
0.2540
0.2540
78.92
78.76
78.68
78.70
78.81
79.11
79.57
80.23
81.09
82.32
83.90
85.81
87.96
90.15
92.53
94.99
97.60
100.2
102.9
105.6
108.4
111.1
113.9
116.8
119.7
122.7
125.7
128.9
132.3
135.7
139.2
142.9
146.7
150.6
154.5
158.7
162.9
167.0
171.4
175.6
180.0
184.1
188.3
192.4
196.4
200.1
203.8
206.9
210.1
212.8
215.0
216.9
218.2
219.1
219.3
218.8
217.8
216.0
213.6
210.7
206.9
202.6
197.5
192.0
186.0
179.5
172.5
165.3
157.8
150.2
142.5
134.9
127.1
119.5
112.2
105.0
98.16
91.61
85.35
79.42
73.83
68.60
63.62
59.03
54.76
50.80
47.15
43.79
40.72
37.90
35.31
32.94
30.77
28.80
27.00
25.36
23.86
22.50
21.21
20.01
18.88
17.85
16.88
15.99
15.15
14.30
13.51
12.77
12.08
11.43
10.83
10.25
9.700
9.183
8.696
8.233
7.798
7.381
6.980
6.612
6.262
5.926
5.608
5.311
5.024
4.754
4.496
4.250
4.013
3.788
3.571
3.362
3.158
2.964
2.782
2.604
2.431
2.261
2.100
1.951
1.802
1.660
1.521
1.389
1.277
1.177
1.077
0.9840
0.8987
0.8123
0.7303
0.6545
0.5861
0.5186
0.4552
0.3954
0.3360
0.2771
0.2561
0.2541
0.2550
0.2530
0.2520
0.2480
0.2480
0.2450
0.2450
0.2450
0.2450
0.2450
0.2450
0.2450
0.2450
0.2490
0.2490
0.2520
0.2520
0.2521
0.2551
0.2581
0.2561
78.94
78.82
78.83
78.85
79.02
79.27
79.79
80.46
81.38
82.55
84.09
85.98
88.22
90.74
93.32
96.03
98.68
101.4
104.1
106.8
109.5
112.2
114.9
117.7
120.5
123.5
126.4
129.6
132.8
136.2
139.6
143.1
146.7
150.5
154.4
158.2
162.4
166.5
170.7
174.9
179.1
183.5
187.6
191.8
195.8
199.8
203.4
207.0
210.4
213.3
215.9
218.4
220.3
221.8
223.0
223.5
223.4
222.8
221.5
219.6
216.9
213.7
209.8
205.2
200.0
194.3
188.0
181.3
174.1
166.6
158.8
150.8
142.8
134.8
126.9
119.2
111.7
104.5
97.48
90.92
84.58
78.61
73.01
67.68
62.92
58.41
54.13
50.25
46.67
43.41
40.40
37.67
35.16
32.85
30.77
28.86
27.10
25.51
24.05
22.69
21.47
20.33
19.16
18.05
17.01
16.05
15.17
14.35
13.58
12.86
12.18
11.53
10.93
10.35
9.802
9.276
8.787
8.323
7.875
7.445
7.039
6.646
6.277
5.924
5.586
5.262
4.951
4.656
4.364
4.093
3.828
3.578
3.338
3.113
2.898
2.696
2.500
2.312
2.131
1.960
1.796
1.641
1.490
1.347
1.210
1.079
0.9554
0.8404
0.7340
0.6324
0.5341
0.4289
0.3351
0.2919
0.2803
0.2773
0.2762
0.2752
0.2752
0.2712
0.2722
0.2662
0.2661
0.2622
0.2591
0.2581
0.2561
0.2520
0.2520
0.2490
0.2500
0.2460
0.2460
0.2440
0.2440
0.2440
0.2440
0.2440
0.2440
0.2490
0.2530
78.97
78.94
78.93
79.03
79.23
79.59
80.16
80.88
81.90
83.20
84.89
86.81
88.83
90.94
93.17
95.56
98.02
100.6
103.1
105.7
108.5
111.3
114.1
117.1
120.1
123.3
126.5
129.9
133.4
137.0
140.8
144.8
148.8
153.1
157.3
161.6
166.1
170.6
175.3
180.0
184.7
189.5
194.1
198.8
203.5
208.2
212.6
217.0
221.2
225.2
229.0
232.6
235.8
238.5
240.9
242.9
244.3
245.0
245.0
244.5
243.1
240.9
238.1
234.5
229.8
224.5
218.3
211.3
203.7
195.3
186.3
176.9
167.3
157.3
147.8
138.4
129.3
120.4
111.7
103.7
95.94
88.75
81.96
75.56
69.61
64.18
59.15
54.58
50.37
46.48
42.99
39.79
36.85
34.19
31.82
29.62
27.65
25.86
24.21
22.66
21.25
19.96
18.78
17.69
16.66
15.66
14.72
13.86
13.06
12.30
11.61
10.95
10.34
9.766
9.231
8.725
8.250
7.805
7.379
6.981
6.613
6.254
5.920
5.600
5.297
5.009
4.739
4.476
4.225
3.988
3.757
3.535
3.321
3.113
2.913
2.722
2.537
2.358
2.189
2.030
1.870
1.720
1.575
1.439
1.312
1.196
1.091
0.9915
0.9029
0.8142
0.7294
0.6521
0.5808
0.5116
0.4475
0.3877
0.3232
0.2650
0.2551
0.2540
0.2520
0.2500
0.2500
0.2510
0.2460
0.2430
0.2409
0.2409
0.2409
0.2409
0.2409
0.2409
0.2410
0.2420
0.2470
0.2480
0.2500
0.2490
0.2530
0.2520
0.2540
78.94
78.98
79.04
79.23
79.55
79.99
80.61
81.49
82.62
84.15
85.85
87.65
89.53
91.51
93.49
95.63
97.85
100.1
102.4
104.8
107.3
109.9
112.7
115.5
118.6
121.8
125.2
128.8
132.6
136.6
140.7
145.0
149.5
154.0
158.8
163.8
168.9
174.0
179.4
184.6
190.0
195.5
200.9
206.4
211.7
217.1
222.3
227.4
232.5
237.2
241.8
246.0
250.0
253.4
256.5
258.9
260.9
262.2
262.7
262.3
261.1
259.1
256.0
251.9
246.8
240.9
233.7
225.9
217.2
207.8
197.5
187.0
175.9
164.5
153.5
143.0
132.6
122.9
113.5
104.8
96.29
88.46
81.11
74.12
67.75
62.19
56.64
51.79
47.40
43.41
39.76
36.51
33.55
30.85
28.45
26.27
24.28
22.49
20.87
19.38
18.04
16.82
15.71
14.70
13.79
12.92
12.10
11.33
10.63
9.991
9.413
8.884
8.397
7.956
7.550
7.172
6.828
6.510
6.208
5.929
5.670
5.422
5.196
4.979
4.772
4.572
4.371
4.184
4.002
3.832
3.664
3.500
3.338
3.179
3.026
2.875
2.727
2.581
2.435
2.295
2.158
2.026
1.896
1.774
1.657
1.540
1.425
1.313
1.208
1.103
1.001
0.9028
0.8104
0.7244
0.6434
0.5660
0.4939
0.4251
0.3538
0.2901
0.2745
0.2692
0.2652
0.2621
0.2601
0.2551
0.2540
0.2511
0.2480
0.2450
0.2440
0.2420
0.2420
0.2399
0.2399
0.2399
0.2399
0.2399
0.2399
0.2399
0.2460
