SALVI
1
0
24
15.00
181
1.00

231103 OCH Y50 350 F2M2 VDR

231102 OCH Y50 350 F2M2 VDR.ldt
20 November 2023/TB
760
0
225
320
60
0
0
0
0
99.6
100.0
1.000
0.0
1
1
16 LED
7539.9


68.2
0.194
0.283
0.377
0.460
0.521
0.619
0.674
0.727
0.789
0.828
0.0
15.0
30.0
45.0
60.0
75.0
90.0
105.0
120.0
135.0
150.0
165.0
180.0
195.0
210.0
225.0
240.0
255.0
270.0
285.0
300.0
315.0
330.0
345.0
0.0
1.0
2.0
3.0
4.0
5.0
6.0
7.0
8.0
9.0
10.0
11.0
12.0
13.0
14.0
15.0
16.0
17.0
18.0
19.0
20.0
21.0
22.0
23.0
24.0
25.0
26.0
27.0
28.0
29.0
30.0
31.0
32.0
33.0
34.0
35.0
36.0
37.0
38.0
39.0
40.0
41.0
42.0
43.0
44.0
45.0
46.0
47.0
48.0
49.0
50.0
51.0
52.0
53.0
54.0
55.0
56.0
57.0
58.0
59.0
60.0
61.0
62.0
63.0
64.0
65.0
66.0
67.0
68.0
69.0
70.0
71.0
72.0
73.0
74.0
75.0
76.0
77.0
78.0
79.0
80.0
81.0
82.0
83.0
84.0
85.0
86.0
87.0
88.0
89.0
90.0
91.0
92.0
93.0
94.0
95.0
96.0
97.0
98.0
99.0
100.0
101.0
102.0
103.0
104.0
105.0
106.0
107.0
108.0
109.0
110.0
111.0
112.0
113.0
114.0
115.0
116.0
117.0
118.0
119.0
120.0
121.0
122.0
123.0
124.0
125.0
126.0
127.0
128.0
129.0
130.0
131.0
132.0
133.0
134.0
135.0
136.0
137.0
138.0
139.0
140.0
141.0
142.0
143.0
144.0
145.0
146.0
147.0
148.0
149.0
150.0
151.0
152.0
153.0
154.0
155.0
156.0
157.0
158.0
159.0
160.0
161.0
162.0
163.0
164.0
165.0
166.0
167.0
168.0
169.0
170.0
171.0
172.0
173.0
174.0
175.0
176.0
177.0
178.0
179.0
180.0
171.4
186.9
175.9
167.3
166.5
145.1
145.0
140.4
141.0
131.9
138.8
139.8
152.8
165.9
181.9
186.5
180.1
187.1
171.4
189.6
213.5
230.2
238.1
232.0
215.6
209.3
221.3
223.2
240.8
244.6
249.3
267.6
274.7
291.2
296.0
300.1
305.1
308.6
312.9
317.2
321.3
325.2
329.2
332.5
336.0
339.1
342.4
345.7
348.5
351.2
353.7
356.3
358.6
360.4
362.3
364.4
365.8
366.7
367.5
367.4
366.1
364.0
360.7
355.2
347.7
338.6
327.5
315.1
301.1
284.9
267.5
249.6
231.5
213.7
195.8
176.9
158.8
139.8
117.6
92.80
66.82
44.92
25.85
13.85
7.328
3.946
1.994
1.119
0.5779
0.3696
0.4144
0.4695
0.5153
0.5712
0.6177
0.6620
0.6907
0.7153
0.7383
0.7584
0.7780
0.7975
0.8119
0.8249
0.8360
0.8478
0.8523
0.8530
0.8523
0.8517
0.8504
0.8497
0.8477
0.8393
0.8302
0.8237
0.8159
0.8087
0.8008
0.7943
0.7878
0.7800
0.7761
0.7735
0.7734
0.7728
0.7734
0.7748
0.7787
0.7793
0.7819
0.7800
0.7644
0.7537
0.6999
0.6687
0.6189
0.6078
0.6058
0.6046
0.6085
0.6169
0.6319
0.6502
0.6737
0.7004
0.7265
0.7474
0.7656
0.7747
0.7767
0.7786
0.7787
0.7688
0.7462
0.7224
0.6975
0.6703
0.5739
0.4962
0.4357
0.3443
0.3437
0.3424
0.3391
0.3391
0.3371
0.3358
0.3319
0.3293
0.3287
0.3287
0.3287
0.3287
0.3293
0.3319
0.3319
0.3332
0.3345
0.3345
0.3352
167.5
182.4
182.9
173.6
158.5
152.5
144.8
153.1
151.1
141.7
117.2
115.5
126.6
164.8
191.2
212.0
202.0
196.6
180.7
182.3
198.8
203.8
219.0
206.7
205.2
197.1
193.8
210.4
210.8
216.5
219.3
223.7
243.7
260.2
269.0
275.5
281.6
288.0
294.7
301.5
310.0
319.2
328.9
338.0
346.4
354.6
362.4
370.3
376.0
381.6
387.6
392.9
398.7
403.7
408.1
413.0
417.0
421.5
425.3
428.9
432.0
434.2
434.4
433.3
429.6
422.4
412.8
401.2
386.5
370.8
351.9
331.2
310.7
288.8
266.1
241.1
214.0
185.1
153.3
121.1
88.69
56.69
30.37
17.45
10.96
6.938
4.138
2.594
1.868
1.571
1.515
1.497
1.478
1.463
1.445
1.419
1.391
1.357
1.320
1.275
1.225
1.173
1.118
1.062
1.012
0.9634
0.9225
0.8860
0.8547
0.8301
0.8065
0.7884
0.7746
0.7590
0.7466
0.7362
0.7284
0.7218
0.7128
0.7056
0.6964
0.6919
0.6906
0.6887
0.6887
0.6887
0.6887
0.6887
0.6886
0.6873
0.6860
0.6820
0.6656
0.6337
0.5840
0.5425
0.5406
0.5400
0.5406
0.5413
0.5466
0.5558
0.5709
0.5884
0.6125
0.6360
0.6575
0.6704
0.6776
0.6835
0.6880
0.6867
0.6840
0.6729
0.6547
0.6357
0.6194
0.6031
0.4951
0.3926
0.3183
0.3196
0.3202
0.3202
0.3202
0.3209
0.3215
0.3215
0.3222
0.3235
0.3241
0.3300
0.3326
0.3378
0.3424
0.3476
0.3541
0.3554
0.3580
0.3580
0.3580
182.3
179.2
179.1
182.1
170.4
142.4
127.3
132.7
150.9
161.3
148.7
141.6
135.0
153.8
182.7
197.8
203.4
203.6
199.7
199.3
189.6
194.2
200.8
204.9
214.3
213.5
206.2
190.9
190.0
200.6
220.0
235.3
241.6
248.3
251.9
261.5
273.7
278.3
281.3
283.7
286.3
289.3
293.3
297.5
301.8
306.8
311.3
316.1
320.3
324.8
328.4
331.5
335.1
336.9
338.8
340.0
340.7
340.6
339.8
338.3
336.0
333.1
328.9
322.8
314.9
304.2
291.2
276.7
261.2
243.5
225.2
204.6
183.9
163.3
143.0
122.8
102.0
80.48
58.85
41.48
26.52
13.64
9.474
7.817
6.330
4.836
3.347
2.234
1.603
1.340
1.283
1.263
1.242
1.222
1.197
1.172
1.146
1.119
1.090
1.062
1.033
1.004
0.9734
0.9465
0.9216
0.8961
0.8707
0.8498
0.8316
0.8134
0.7957
0.7826
0.7709
0.7598
0.7501
0.7403
0.7279
0.7169
0.7070
0.6978
0.6913
0.6874
0.6815
0.6795
0.6789
0.6776
0.6769
0.6756
0.6737
0.6634
0.6509
0.6204
0.6085
0.6013
0.5903
0.5825
0.5765
0.5752
0.5752
0.5797
0.5823
0.5888
0.6005
0.6109
0.6149
0.6091
0.6066
0.6065
0.6071
0.6019
0.5916
0.5740
0.5540
0.5440
0.5432
0.5238
0.4267
0.3221
0.2991
0.2980
0.2974
0.2974
0.2974
0.2980
0.2987
0.3013
0.3006
0.3006
0.3013
0.3019
0.3052
0.3104
0.3156
0.3202
0.3274
0.3326
0.3404
0.3456
0.3528
0.3554
0.3613
191.0
179.5
175.7
177.4
176.1
160.2
129.7
127.4
133.6
140.6
166.7
181.0
181.9
174.7
161.9
168.9
182.1
198.9
199.8
209.2
204.2
205.3
199.4
204.4
206.2
212.7
207.8
215.9
216.9
225.7
230.5
245.8
256.7
263.7
267.7
272.3
277.2
282.0
286.6
290.9
294.6
297.8
300.4
302.7
305.0
305.9
306.9
306.8
306.6
305.4
304.2
302.7
300.9
298.3
296.0
293.0
288.9
284.4
278.9
272.5
266.0
258.0
249.0
238.5
226.8
213.4
198.5
182.5
165.3
148.4
132.5
117.2
101.8
88.09
73.82
60.49
48.06
36.56
27.14
20.03
14.54
11.01
8.818
7.023
5.191
3.516
2.115
1.141
0.5609
0.3238
0.2948
0.3053
0.3183
0.3281
0.3392
0.3483
0.3555
0.3620
0.3672
0.3724
0.3750
0.3802
0.3848
0.3881
0.3933
0.3985
0.4024
0.4089
0.4128
0.4194
0.4259
0.4331
0.4377
0.4435
0.4507
0.4578
0.4657
0.4722
0.4781
0.4872
0.4938
0.5035
0.5126
0.5224
0.5289
0.5308
0.5302
0.5302
0.5295
0.5289
0.5289
0.5302
0.5335
0.5401
0.5505
0.5636
0.5772
0.5916
0.6040
0.6184
0.6301
0.6425
0.6548
0.6600
0.6645
0.6645
0.6606
0.6495
0.6417
0.6407
0.6152
0.5427
0.4140
0.3147
0.2772
0.2772
0.2778
0.2791
0.2817
0.2824
0.2837
0.2856
0.2856
0.2882
0.2889
0.2922
0.2961
0.2987
0.3026
0.3059
0.3105
0.3189
0.3235
0.3326
0.3405
0.3463
0.3554
0.3607
0.3678
0.3685
0.3685
193.2
179.2
167.3
171.7
180.1
164.0
154.9
135.3
113.9
110.4
122.6
153.9
172.7
179.2
202.8
201.5
190.6
186.2
182.6
186.3
202.4
203.3
199.7
189.8
191.6
196.7
212.9
236.0
235.7
222.6
222.1
230.3
240.3
260.5
274.7
282.9
289.3
293.6
297.1
299.3
300.3
301.2
301.2
300.4
298.8
297.4
295.1
292.8
289.6
285.4
281.1
275.9
270.1
263.0
255.0
245.6
235.5
224.1
212.2
199.3
186.9
175.0
163.1
151.6
139.8
128.8
118.3
109.0
100.4
92.71
85.47
78.43
71.72
64.38
56.78
48.04
39.86
32.66
26.56
21.35
16.53
12.99
9.765
7.666
6.041
4.325
2.637
1.630
1.119
0.8913
0.8632
0.8563
0.8517
0.8433
0.8348
0.8231
0.8132
0.8003
0.7866
0.7729
0.7560
0.7396
0.7221
0.7044
0.6882
0.6725
0.6588
0.6465
0.6366
0.6274
0.6196
0.6125
0.6065
0.6007
0.5974
0.5915
0.5876
0.5830
0.5791
0.5759
0.5739
0.5739
0.5726
0.5726
0.5726
0.5726
0.5745
0.5791
0.5830
0.5837
0.5817
0.5623
0.5479
0.5433
0.5354
0.5309
0.5289
0.5289
0.5315
0.5392
0.5548
0.5660
0.5731
0.5803
0.5881
0.5947
0.5999
0.6077
0.6104
0.6078
0.6020
0.5935
0.5811
0.5668
0.5648
0.5358
0.4527
0.3327
0.2734
0.2732
0.2732
0.2732
0.2732
0.2739
0.2765
0.2765
0.2817
0.2843
0.2863
0.2895
0.2934
0.3025
0.3097
0.3169
0.3247
0.3325
0.3429
0.3495
0.3606
0.3658
0.3737
189.8
189.8
162.9
166.2
169.2
180.7
155.3
136.6
141.9
155.0
154.9
162.3
166.9
178.6
162.4
159.3
161.2
180.2
233.6
240.7
230.5
199.6
200.7
193.3
209.7
231.8
234.6
232.7
246.3
250.8
262.4
277.7
285.4
306.0
314.2
321.3
328.5
334.9
338.1
339.0
337.8
336.2
334.2
331.5
328.1
324.6
321.2
317.1
313.4
308.6
302.8
296.1
286.8
275.0
262.9
249.8
236.1
223.2
210.7
198.6
188.0
178.0
168.7
158.7
149.2
139.5
129.5
120.1
112.1
105.1
97.54
89.02
80.19
71.36
63.28
55.73
47.92
41.53
35.94
29.44
23.89
17.44
13.17
10.14
7.461
4.563
2.672
1.723
1.188
0.9302
0.8966
0.8921
0.8894
0.8830
0.8804
0.8731
0.8614
0.8496
0.8340
0.8171
0.8004
0.7765
0.7537
0.7316
0.7087
0.6878
0.6683
0.6481
0.6338
0.6194
0.6084
0.5985
0.5888
0.5817
0.5771
0.5699
0.5653
0.5614
0.5576
0.5556
0.5550
0.5550
0.5550
0.5563
0.5563
0.5596
0.5668
0.5713
0.5719
0.5719
0.5719
0.5712
0.5594
0.5488
0.5150
0.4741
0.4741
0.4741
0.4754
0.4761
0.4814
0.4926
0.5101
0.5310
0.5564
0.5834
0.6106
0.6326
0.6411
0.6529
0.6691
0.6750
0.6769
0.6729
0.6644
0.6416
0.6292
0.6181
0.5567
0.3487
0.2824
0.2837
0.2850
0.2870
0.2895
0.2902
0.2948
0.2974
0.3013
0.3033
0.3072
0.3163
0.3235
0.3313
0.3404
0.3464
0.3574
0.3639
0.3717
0.3763
0.3756
187.0
191.7
167.8
175.5
184.1
191.4
196.2
163.8
135.3
124.6
145.8
180.6
225.1
209.8
136.3
130.2
148.1
199.3
230.8
266.9
217.8
218.5
221.8
237.6
278.4
278.5
256.0
264.5
271.3
289.9
317.8
325.9
350.3
357.0
360.3
362.3
364.3
364.2
363.0
361.4
359.4
356.4
353.2
349.8
344.5
339.7
333.6
326.5
318.5
310.1
298.8
285.7
271.5
257.5
242.6
228.4
215.7
203.8
192.9
183.1
174.8
166.4
157.9
149.6
141.4
133.5
124.9
116.5
107.4
98.32
90.16
83.62
77.68
71.10
64.03
55.40
46.65
38.71
30.76
25.35
20.39
13.23
9.445
7.036
5.207
3.193
1.752
0.9363
0.4555
0.2114
0.2177
0.2435
0.2799
0.3088
0.3491
0.3727
0.3938
0.4106
0.4277
0.4434
0.4576
0.4747
0.4930
0.5097
0.5217
0.5371
0.5426
0.5516
0.5608
0.5687
0.5791
0.5804
0.5882
0.5908
0.5895
0.5895
0.5895
0.5895
0.5882
0.5844
0.5804
0.5791
0.5752
0.5713
0.5713
0.5713
0.5713
0.5764
0.5791
0.5855
0.5908
0.5947
0.5973
0.5908
0.5804
0.5246
0.4922
0.4917
0.4865
0.4852
0.4852
0.4969
0.5099
0.5346
0.5647
0.5946
0.6257
0.6597
0.6820
0.6899
0.7028
0.7147
0.7251
0.7265
0.7265
0.7059
0.6787
0.6640
0.6484
0.4840
0.2926
0.2870
0.2869
0.2869
0.2869
0.2869
0.2895
0.2882
0.2895
0.2921
0.2974
0.3078
0.3130
0.3221
0.3287
0.3390
0.3482
0.3535
0.3691
0.3704
0.3756
189.8
189.8
162.9
166.2
169.2
180.7
155.3
136.6
141.9
155.0
154.9
162.3
166.9
178.6
162.4
159.3
161.2
180.2
233.6
240.7
230.5
199.6
200.7
193.3
209.7
231.8
234.6
232.7
246.3
250.8
262.4
277.7
285.4
306.0
314.2
321.3
328.5
334.9
338.1
339.0
337.8
336.2
334.2
331.5
328.1
324.6
321.2
317.1
313.4
308.6
302.8
296.1
286.8
275.0
262.9
249.8
236.1
223.2
210.7
198.6
188.0
178.0
168.7
158.7
149.2
139.5
129.5
120.1
112.1
105.1
97.54
89.02
80.19
71.36
63.28
55.73
47.92
41.53
35.94
29.44
23.89
17.44
13.17
10.14
7.461
4.563
2.672
1.723
1.188
0.9302
0.8966
0.8921
0.8894
0.8830
0.8804
0.8731
0.8614
0.8496
0.8340
0.8171
0.8004
0.7765
0.7537
0.7316
0.7087
0.6878
0.6683
0.6481
0.6338
0.6194
0.6084
0.5985
0.5888
0.5817
0.5771
0.5699
0.5653
0.5614
0.5576
0.5556
0.5550
0.5550
0.5550
0.5563
0.5563
0.5596
0.5668
0.5713
0.5719
0.5719
0.5719
0.5712
0.5594
0.5488
0.5150
0.4741
0.4741
0.4741
0.4754
0.4761
0.4814
0.4926
0.5101
0.5310
0.5564
0.5834
0.6106
0.6326
0.6411
0.6529
0.6691
0.6750
0.6769
0.6729
0.6644
0.6416
0.6292
0.6181
0.5567
0.3487
0.2824
0.2837
0.2850
0.2870
0.2895
0.2902
0.2948
0.2974
0.3013
0.3033
0.3072
0.3163
0.3235
0.3313
0.3404
0.3464
0.3574
0.3639
0.3717
0.3763
0.3756
193.2
179.2
167.3
171.7
180.1
164.0
154.9
135.3
113.9
110.4
122.6
153.9
172.7
179.2
202.8
201.5
190.6
186.2
182.6
186.3
202.4
203.3
199.7
189.8
191.6
196.7
212.9
236.0
235.7
222.6
222.1
230.3
240.3
260.5
274.7
282.9
289.3
293.6
297.1
299.3
300.3
301.2
301.2
300.4
298.8
297.4
295.1
292.8
289.6
285.4
281.1
275.9
270.1
263.0
255.0
245.6
235.5
224.1
212.2
199.3
186.9
175.0
163.1
151.6
139.8
128.8
118.3
109.0
100.4
92.71
85.47
78.43
71.72
64.38
56.78
48.04
39.86
32.66
26.56
21.35
16.53
12.99
9.765
7.666
6.041
4.325
2.637
1.630
1.119
0.8913
0.8632
0.8563
0.8517
0.8433
0.8348
0.8231
0.8132
0.8003
0.7866
0.7729
0.7560
0.7396
0.7221
0.7044
0.6882
0.6725
0.6588
0.6465
0.6366
0.6274
0.6196
0.6125
0.6065
0.6007
0.5974
0.5915
0.5876
0.5830
0.5791
0.5759
0.5739
0.5739
0.5726
0.5726
0.5726
0.5726
0.5745
0.5791
0.5830
0.5837
0.5817
0.5623
0.5479
0.5433
0.5354
0.5309
0.5289
0.5289
0.5315
0.5392
0.5548
0.5660
0.5731
0.5803
0.5881
0.5947
0.5999
0.6077
0.6104
0.6078
0.6020
0.5935
0.5811
0.5668
0.5648
0.5358
0.4527
0.3327
0.2734
0.2732
0.2732
0.2732
0.2732
0.2739
0.2765
0.2765
0.2817
0.2843
0.2863
0.2895
0.2934
0.3025
0.3097
0.3169
0.3247
0.3325
0.3429
0.3495
0.3606
0.3658
0.3737
191.0
179.5
175.7
177.4
176.1
160.2
129.7
127.4
133.6
140.6
166.7
181.0
181.9
174.7
161.9
168.9
182.1
198.9
199.8
209.2
204.2
205.3
199.4
204.4
206.2
212.7
207.8
215.9
216.9
225.7
230.5
245.8
256.7
263.7
267.7
272.3
277.2
282.0
286.6
290.9
294.6
297.8
300.4
302.7
305.0
305.9
306.9
306.8
306.6
305.4
304.2
302.7
300.9
298.3
296.0
293.0
288.9
284.4
278.9
272.5
266.0
258.0
249.0
238.5
226.8
213.4
198.5
182.5
165.3
148.4
132.5
117.2
101.8
88.09
73.82
60.49
48.06
36.56
27.14
20.03
14.54
11.01
8.818
7.023
5.191
3.516
2.115
1.141
0.5609
0.3238
0.2948
0.3053
0.3183
0.3281
0.3392
0.3483
0.3555
0.3620
0.3672
0.3724
0.3750
0.3802
0.3848
0.3881
0.3933
0.3985
0.4024
0.4089
0.4128
0.4194
0.4259
0.4331
0.4377
0.4435
0.4507
0.4578
0.4657
0.4722
0.4781
0.4872
0.4938
0.5035
0.5126
0.5224
0.5289
0.5308
0.5302
0.5302
0.5295
0.5289
0.5289
0.5302
0.5335
0.5401
0.5505
0.5636
0.5772
0.5916
0.6040
0.6184
0.6301
0.6425
0.6548
0.6600
0.6645
0.6645
0.6606
0.6495
0.6417
0.6407
0.6152
0.5427
0.4140
0.3147
0.2772
0.2772
0.2778
0.2791
0.2817
0.2824
0.2837
0.2856
0.2856
0.2882
0.2889
0.2922
0.2961
0.2987
0.3026
0.3059
0.3105
0.3189
0.3235
0.3326
0.3405
0.3463
0.3554
0.3607
0.3678
0.3685
0.3685
182.3
179.2
179.1
182.1
170.4
142.4
127.3
132.7
150.9
161.3
148.7
141.6
135.0
153.8
182.7
197.8
203.4
203.6
199.7
199.3
189.6
194.2
200.8
204.9
214.3
213.5
206.2
190.9
190.0
200.6
220.0
235.3
241.6
248.3
251.9
261.5
273.7
278.3
281.3
283.7
286.3
289.3
293.3
297.5
301.8
306.8
311.3
316.1
320.3
324.8
328.4
331.5
335.1
336.9
338.8
340.0
340.7
340.6
339.8
338.3
336.0
333.1
328.9
322.8
314.9
304.2
291.2
276.7
261.2
243.5
225.2
204.6
183.9
163.3
143.0
122.8
102.0
80.48
58.85
41.48
26.52
13.64
9.474
7.817
6.330
4.836
3.347
2.234
1.603
1.340
1.283
1.263
1.242
1.222
1.197
1.172
1.146
1.119
1.090
1.062
1.033
1.004
0.9734
0.9465
0.9216
0.8961
0.8707
0.8498
0.8316
0.8134
0.7957
0.7826
0.7709
0.7598
0.7501
0.7403
0.7279
0.7169
0.7070
0.6978
0.6913
0.6874
0.6815
0.6795
0.6789
0.6776
0.6769
0.6756
0.6737
0.6634
0.6509
0.6204
0.6085
0.6013
0.5903
0.5825
0.5765
0.5752
0.5752
0.5797
0.5823
0.5888
0.6005
0.6109
0.6149
0.6091
0.6066
0.6065
0.6071
0.6019
0.5916
0.5740
0.5540
0.5440
0.5432
0.5238
0.4267
0.3221
0.2991
0.2980
0.2974
0.2974
0.2974
0.2980
0.2987
0.3013
0.3006
0.3006
0.3013
0.3019
0.3052
0.3104
0.3156
0.3202
0.3274
0.3326
0.3404
0.3456
0.3528
0.3554
0.3613
167.5
182.4
182.9
173.6
158.5
152.5
144.8
153.1
151.1
141.7
117.2
115.5
126.6
164.8
191.2
212.0
202.0
196.6
180.7
182.3
198.8
203.8
219.0
206.7
205.2
197.1
193.8
210.4
210.8
216.5
219.3
223.7
243.7
260.2
269.0
275.5
281.6
288.0
294.7
301.5
310.0
319.2
328.9
338.0
346.4
354.6
362.4
370.3
376.0
381.6
387.6
392.9
398.7
403.7
408.1
413.0
417.0
421.5
425.3
428.9
432.0
434.2
434.4
433.3
429.6
422.4
412.8
401.2
386.5
370.8
351.9
331.2
310.7
288.8
266.1
241.1
214.0
185.1
153.3
121.1
88.69
56.69
30.37
17.45
10.96
6.938
4.138
2.594
1.868
1.571
1.515
1.497
1.478
1.463
1.445
1.419
1.391
1.357
1.320
1.275
1.225
1.173
1.118
1.062
1.012
0.9634
0.9225
0.8860
0.8547
0.8301
0.8065
0.7884
0.7746
0.7590
0.7466
0.7362
0.7284
0.7218
0.7128
0.7056
0.6964
0.6919
0.6906
0.6887
0.6887
0.6887
0.6887
0.6887
0.6886
0.6873
0.6860
0.6820
0.6656
0.6337
0.5840
0.5425
0.5406
0.5400
0.5406
0.5413
0.5466
0.5558
0.5709
0.5884
0.6125
0.6360
0.6575
0.6704
0.6776
0.6835
0.6880
0.6867
0.6840
0.6729
0.6547
0.6357
0.6194
0.6031
0.4951
0.3926
0.3183
0.3196
0.3202
0.3202
0.3202
0.3209
0.3215
0.3215
0.3222
0.3235
0.3241
0.3300
0.3326
0.3378
0.3424
0.3476
0.3541
0.3554
0.3580
0.3580
0.3580
171.4
186.9
175.9
167.3
166.5
145.1
145.0
140.4
141.0
131.9
138.8
139.8
152.8
165.9
181.9
186.5
180.1
187.1
171.4
189.6
213.5
230.2
238.1
232.0
215.6
209.3
221.3
223.2
240.8
244.6
249.3
267.6
274.7
291.2
296.0
300.1
305.1
308.6
312.9
317.2
321.3
325.2
329.2
332.5
336.0
339.1
342.4
345.7
348.5
351.2
353.7
356.3
358.6
360.4
362.3
364.4
365.8
366.7
367.5
367.4
366.1
364.0
360.7
355.2
347.7
338.6
327.5
315.1
301.1
284.9
267.5
249.6
231.5
213.7
195.8
176.9
158.8
139.8
117.6
92.80
66.82
44.92
25.85
13.85
7.328
3.946
1.994
1.119
0.5779
0.3696
0.4144
0.4695
0.5153
0.5712
0.6177
0.6620
0.6907
0.7153
0.7383
0.7584
0.7780
0.7975
0.8119
0.8249
0.8360
0.8478
0.8523
0.8530
0.8523
0.8517
0.8504
0.8497
0.8477
0.8393
0.8302
0.8237
0.8159
0.8087
0.8008
0.7943
0.7878
0.7800
0.7761
0.7735
0.7734
0.7728
0.7734
0.7748
0.7787
0.7793
0.7819
0.7800
0.7644
0.7537
0.6999
0.6687
0.6189
0.6078
0.6058
0.6046
0.6085
0.6169
0.6319
0.6502
0.6737
0.7004
0.7265
0.7474
0.7656
0.7747
0.7767
0.7786
0.7787
0.7688
0.7462
0.7224
0.6975
0.6703
0.5739
0.4962
0.4357
0.3443
0.3437
0.3424
0.3391
0.3391
0.3371
0.3358
0.3319
0.3293
0.3287
0.3287
0.3287
0.3287
0.3293
0.3319
0.3319
0.3332
0.3345
0.3345
0.3352
167.5
172.4
176.6
170.7
157.1
141.8
147.2
148.5
145.6
130.6
110.9
109.5
119.4
152.3
174.8
199.3
191.3
183.3
167.8
165.7
175.0
183.9
201.4
189.3
187.8
176.9
176.2
190.4
190.5
195.5
197.5
200.9
217.5
233.2
236.7
240.5
244.3
248.6
253.3
257.9
262.6
267.3
271.7
275.2
277.9
281.2
285.1
288.5
292.1
296.0
298.9
301.4
302.4
302.3
302.2
301.4
300.5
298.9
297.4
295.1
291.6
287.1
280.9
273.3
264.0
253.4
241.0
227.9
214.8
202.2
190.4
178.3
166.2
152.5
136.8
119.3
101.5
84.75
69.15
54.73
41.39
28.37
17.70
11.06
7.457
5.184
3.421
2.271
1.685
1.452
1.431
1.422
1.416
1.409
1.402
1.385
1.364
1.338
1.306
1.267
1.227
1.186
1.140
1.099
1.059
1.020
0.9830
0.9517
0.9229
0.8989
0.8779
0.8584
0.8439
0.8283
0.8166
0.8062
0.7964
0.7878
0.7813
0.7729
0.7676
0.7598
0.7546
0.7526
0.7506
0.7500
0.7500
0.7500
0.7493
0.7519
0.7538
0.7442
0.7389
0.7011
0.6638
0.6259
0.6202
0.6176
0.6124
0.6111
0.6130
0.6214
0.6382
0.6578
0.6827
0.7054
0.7256
0.7394
0.7518
0.7552
0.7590
0.7604
0.7617
0.7539
0.7288
0.7051
0.6850
0.6501
0.5460
0.4593
0.3780
0.3737
0.3730
0.3704
0.3691
0.3652
0.3626
0.3587
0.3541
0.3515
0.3489
0.3463
0.3443
0.3430
0.3424
0.3456
0.3489
0.3489
0.3502
0.3554
0.3574
182.3
171.9
170.2
176.1
165.8
137.7
122.5
123.8
134.4
144.5
136.1
128.2
119.6
130.3
153.1
166.2
174.4
176.1
176.0
161.8
154.0
157.8
158.0
161.9
168.2
168.2
162.1
149.5
146.8
152.8
162.9
173.4
177.0
179.7
180.2
180.8
186.6
187.7
188.9
190.1
192.0
193.3
194.4
195.2
195.4
195.1
194.7
193.5
192.5
191.2
189.8
188.2
186.5
184.5
182.7
180.4
177.9
175.1
171.8
168.0
163.5
158.1
151.9
144.6
136.7
128.5
121.2
114.0
106.8
99.22
91.08
83.40
75.93
68.91
61.95
54.24
46.25
37.57
28.91
22.02
17.03
13.15
10.42
8.062
6.260
4.600
3.047
2.042
1.553
1.363
1.340
1.330
1.321
1.307
1.293
1.275
1.254
1.228
1.198
1.166
1.131
1.097
1.062
1.028
0.9957
0.9653
0.9361
0.9095
0.8880
0.8672
0.8515
0.8353
0.8223
0.8157
0.8034
0.7936
0.7838
0.7747
0.7695
0.7669
0.7663
0.7663
0.7663
0.7663
0.7669
0.7669
0.7682
0.7636
0.7571
0.7485
0.7313
0.7075
0.6847
0.6749
0.6639
0.6613
0.6613
0.6626
0.6672
0.6757
0.6848
0.6959
0.7050
0.7122
0.7141
0.7141
0.7141
0.7134
0.7115
0.7036
0.6892
0.6697
0.6460
0.6280
0.6224
0.5940
0.5169
0.4296
0.3776
0.3769
0.3730
0.3717
0.3685
0.3690
0.3639
0.3619
0.3600
0.3561
0.3541
0.3528
0.3522
0.3522
0.3522
0.3548
0.3574
0.3600
0.3626
0.3632
0.3652
0.3645
0.3645
191.0
176.5
168.5
172.8
165.7
149.5
120.1
109.6
118.6
125.6
151.4
153.8
151.8
144.1
131.4
135.1
147.7
145.0
153.4
152.1
146.8
144.6
150.3
133.1
139.2
137.8
130.8
134.5
137.9
137.5
142.8
145.7
148.2
147.4
147.3
147.0
147.0
147.2
147.0
146.9
146.4
145.8
145.2
144.6
144.1
143.3
142.6
141.5
140.3
139.1
137.7
136.2
134.6
132.8
130.9
128.8
126.5
124.0
121.0
118.1
115.1
111.5
107.9
103.7
98.76
92.99
86.78
80.59
75.12
70.47
66.11
61.26
55.95
49.98
44.11
39.00
33.99
28.70
23.29
18.86
15.39
11.96
8.963
6.292
4.015
2.335
1.354
0.7948
0.4738
0.3754
0.3769
0.3924
0.4049
0.4179
0.4277
0.4375
0.4414
0.4487
0.4519
0.4565
0.4617
0.4682
0.4708
0.4754
0.4806
0.4871
0.4936
0.5008
0.5086
0.5158
0.5256
0.5327
0.5399
0.5496
0.5582
0.5653
0.5764
0.5810
0.5908
0.5999
0.6110
0.6214
0.6312
0.6404
0.6482
0.6528
0.6534
0.6534
0.6541
0.6534
0.6483
0.6450
0.6450
0.6469
0.6514
0.6612
0.6729
0.6840
0.6958
0.7023
0.7114
0.7205
0.7264
0.7304
0.7323
0.7336
0.7258
0.7077
0.6959
0.6926
0.6713
0.5897
0.4653
0.3958
0.3919
0.3913
0.3913
0.3913
0.3893
0.3893
0.3893
0.3874
0.3861
0.3854
0.3841
0.3822
0.3796
0.3769
0.3756
0.3717
0.3711
0.3691
0.3665
0.3652
0.3652
0.3652
0.3665
0.3665
0.3678
0.3691
0.3704
193.2
179.6
164.2
170.0
163.7
149.2
136.5
121.3
97.53
96.77
103.7
121.2
136.3
139.1
150.5
150.9
136.7
129.9
126.8
122.1
127.3
125.3
119.7
115.0
115.7
118.0
123.0
126.7
122.6
118.3
116.3
117.5
120.6
123.6
126.2
127.2
128.0
128.8
128.8
128.8
128.5
128.0
127.6
127.1
126.7
126.2
125.7
125.3
124.5
123.8
123.0
122.0
121.0
119.7
118.5
116.7
115.0
112.7
110.3
107.3
103.7
99.29
94.29
89.40
84.91
80.96
77.88
74.80
71.68
68.41
64.89
61.07
56.83
51.91
46.88
42.04
36.78
30.73
25.06
20.65
17.26
14.16
10.61
8.136
5.998
3.997
2.581
1.924
1.563
1.435
1.418
1.402
1.386
1.369
1.348
1.325
1.298
1.268
1.235
1.199
1.160
1.123
1.086
1.053
1.019
0.9866
0.9590
0.9324
0.9109
0.8907
0.8737
0.8594
0.8450
0.8359
0.8248
0.8177
0.8060
0.7975
0.7897
0.7832
0.7799
0.7767
0.7753
0.7721
0.7708
0.7682
0.7669
0.7669
0.7623
0.7460
0.7300
0.6879
0.6741
0.6605
0.6468
0.6371
0.6358
0.6359
0.6385
0.6411
0.6430
0.6417
0.6404
0.6404
0.6404
0.6411
0.6417
0.6417
0.6397
0.6292
0.6160
0.5991
0.5744
0.5661
0.5660
0.5625
0.4930
0.4066
0.3854
0.3848
0.3848
0.3841
0.3834
0.3828
0.3821
0.3789
0.3769
0.3730
0.3698
0.3698
0.3698
0.3698
0.3698
0.3704
0.3737
0.3743
0.3743
0.3743
0.3769
0.3769
0.3769
189.8
182.3
154.2
157.8
161.3
157.7
134.6
118.9
128.9
129.7
127.1
124.3
129.9
130.5
116.8
110.9
112.4
128.9
145.9
144.7
128.4
117.2
111.4
106.9
118.7
121.9
118.6
115.7
119.1
115.0
120.2
121.9
124.9
130.8
132.9
134.7
136.2
137.5
138.1
138.2
138.3
138.3
138.3
138.2
138.6
139.3
139.7
140.3
141.0
141.0
141.4
141.3
141.3
140.7
139.4
137.5
135.4
132.9
130.0
126.2
121.9
117.1
112.1
107.0
102.9
98.83
95.09
91.20
86.50
81.20
75.70
70.04
64.32
58.88
54.44
49.53
43.92
37.45
30.97
24.17
18.41
14.31
11.27
8.347
5.555
3.513
2.542
1.975
1.620
1.529
1.515
1.499
1.487
1.476
1.462
1.438
1.412
1.381
1.346
1.304
1.260
1.213
1.167
1.120
1.076
1.034
0.9978
0.9646
0.9343
0.9081
0.8838
0.8643
0.8460
0.8285
0.8152
0.8055
0.7956
0.7879
0.7774
0.7703
0.7637
0.7584
0.7533
0.7506
0.7493
0.7493
0.7493
0.7493
0.7493
0.7493
0.7474
0.7448
0.7136
0.6941
0.5943
0.5831
0.5759
0.5648
0.5583
0.5543
0.5543
0.5550
0.5679
0.5894
0.6103
0.6291
0.6494
0.6586
0.6612
0.6658
0.6722
0.6762
0.6769
0.6679
0.6451
0.6217
0.6182
0.6117
0.5333
0.4081
0.3914
0.3906
0.3906
0.3906
0.3906
0.3906
0.3900
0.3893
0.3854
0.3828
0.3789
0.3743
0.3730
0.3691
0.3691
0.3691
0.3704
0.3711
0.3730
0.3737
0.3750
187.0
186.7
159.5
165.9
168.6
174.2
172.8
134.4
115.5
103.2
121.1
142.8
171.1
137.6
96.97
92.33
99.57
129.6
145.5
153.7
125.8
122.4
120.8
132.7
139.9
134.8
124.8
126.4
123.2
133.2
136.4
137.4
143.9
144.7
145.6
146.1
146.1
146.3
146.0
146.0
146.2
146.2
146.3
146.0
146.0
145.7
145.7
145.4
145.3
145.1
144.3
143.9
142.9
141.6
140.0
138.0
135.9
133.5
130.0
125.9
121.8
117.9
114.3
110.0
105.2
99.40
93.82
88.14
83.82
79.52
75.21
70.57
65.68
60.91
55.84
49.10
39.79
32.23
26.41
20.98
13.38
9.575
7.422
5.575
3.896
2.291
1.205
0.6840
0.3596
0.3308
0.4032
0.4435
0.4855
0.5329
0.5936
0.6250
0.6549
0.6823
0.7083
0.7345
0.7646
0.7996
0.8271
0.8452
0.8557
0.8674
0.8739
0.8739
0.8738
0.8725
0.8699
0.8673
0.8595
0.8504
0.8413
0.8334
0.8282
0.8189
0.8099
0.8060
0.7969
0.7904
0.7891
0.7865
0.7852
0.7852
0.7852
0.7852
0.7864
0.7813
0.7813
0.7800
0.7796
0.7406
0.7173
0.6177
0.5855
0.5777
0.5726
0.5726
0.5740
0.5831
0.5935
0.6120
0.6329
0.6576
0.6800
0.7044
0.7147
0.7147
0.7148
0.7160
0.7145
0.6989
0.6821
0.6520
0.6272
0.6195
0.6130
0.5067
0.3887
0.3887
0.3887
0.3887
0.3887
0.3873
0.3834
0.3795
0.3782
0.3717
0.3704
0.3704
0.3704
0.3718
0.3756
0.3743
0.3743
0.3757
0.3795
0.3795
0.3795
189.8
182.3
154.2
157.8
161.3
157.7
134.6
118.9
128.9
129.7
127.1
124.3
129.9
130.5
116.8
110.9
112.4
128.9
145.9
144.7
128.4
117.2
111.4
106.9
118.7
121.9
118.6
115.7
119.1
115.0
120.2
121.9
124.9
130.8
132.9
134.7
136.2
137.5
138.1
138.2
138.3
138.3
138.3
138.2
138.6
139.3
139.7
140.3
141.0
141.0
141.4
141.3
141.3
140.7
139.4
137.5
135.4
132.9
130.0
126.2
121.9
117.1
112.1
107.0
102.9
98.83
95.09
91.20
86.50
81.20
75.70
70.04
64.32
58.88
54.44
49.53
43.92
37.45
30.97
24.17
18.41
14.31
11.27
8.347
5.555
3.513
2.542
1.975
1.620
1.529
1.515
1.499
1.487
1.476
1.462
1.438
1.412
1.381
1.346
1.304
1.260
1.213
1.167
1.120
1.076
1.034
0.9978
0.9646
0.9343
0.9081
0.8838
0.8643
0.8460
0.8285
0.8152
0.8055
0.7956
0.7879
0.7774
0.7703
0.7637
0.7584
0.7533
0.7506
0.7493
0.7493
0.7493
0.7493
0.7493
0.7493
0.7474
0.7448
0.7136
0.6941
0.5943
0.5831
0.5759
0.5648
0.5583
0.5543
0.5543
0.5550
0.5679
0.5894
0.6103
0.6291
0.6494
0.6586
0.6612
0.6658
0.6722
0.6762
0.6769
0.6679
0.6451
0.6217
0.6182
0.6117
0.5333
0.4081
0.3914
0.3906
0.3906
0.3906
0.3906
0.3906
0.3900
0.3893
0.3854
0.3828
0.3789
0.3743
0.3730
0.3691
0.3691
0.3691
0.3704
0.3711
0.3730
0.3737
0.3750
193.2
179.6
164.2
170.0
163.7
149.2
136.5
121.3
97.53
96.77
103.7
121.2
136.3
139.1
150.5
150.9
136.7
129.9
126.8
122.1
127.3
125.3
119.7
115.0
115.7
118.0
123.0
126.7
122.6
118.3
116.3
117.5
120.6
123.6
126.2
127.2
128.0
128.8
128.8
128.8
128.5
128.0
127.6
127.1
126.7
126.2
125.7
125.3
124.5
123.8
123.0
122.0
121.0
119.7
118.5
116.7
115.0
112.7
110.3
107.3
103.7
99.29
94.29
89.40
84.91
80.96
77.88
74.80
71.68
68.41
64.89
61.07
56.83
51.91
46.88
42.04
36.78
30.73
25.06
20.65
17.26
14.16
10.61
8.136
5.998
3.997
2.581
1.924
1.563
1.435
1.418
1.402
1.386
1.369
1.348
1.325
1.298
1.268
1.235
1.199
1.160
1.123
1.086
1.053
1.019
0.9866
0.9590
0.9324
0.9109
0.8907
0.8737
0.8594
0.8450
0.8359
0.8248
0.8177
0.8060
0.7975
0.7897
0.7832
0.7799
0.7767
0.7753
0.7721
0.7708
0.7682
0.7669
0.7669
0.7623
0.7460
0.7300
0.6879
0.6741
0.6605
0.6468
0.6371
0.6358
0.6359
0.6385
0.6411
0.6430
0.6417
0.6404
0.6404
0.6404
0.6411
0.6417
0.6417
0.6397
0.6292
0.6160
0.5991
0.5744
0.5661
0.5660
0.5625
0.4930
0.4066
0.3854
0.3848
0.3848
0.3841
0.3834
0.3828
0.3821
0.3789
0.3769
0.3730
0.3698
0.3698
0.3698
0.3698
0.3698
0.3704
0.3737
0.3743
0.3743
0.3743
0.3769
0.3769
0.3769
191.0
176.5
168.5
172.8
165.7
149.5
120.1
109.6
118.6
125.6
151.4
153.8
151.8
144.1
131.4
135.1
147.7
145.0
153.4
152.1
146.8
144.6
150.3
133.1
139.2
137.8
130.8
134.5
137.9
137.5
142.8
145.7
148.2
147.4
147.3
147.0
147.0
147.2
147.0
146.9
146.4
145.8
145.2
144.6
144.1
143.3
142.6
141.5
140.3
139.1
137.7
136.2
134.6
132.8
130.9
128.8
126.5
124.0
121.0
118.1
115.1
111.5
107.9
103.7
98.76
92.99
86.78
80.59
75.12
70.47
66.11
61.26
55.95
49.98
44.11
39.00
33.99
28.70
23.29
18.86
15.39
11.96
8.963
6.292
4.015
2.335
1.354
0.7948
0.4738
0.3754
0.3769
0.3924
0.4049
0.4179
0.4277
0.4375
0.4414
0.4487
0.4519
0.4565
0.4617
0.4682
0.4708
0.4754
0.4806
0.4871
0.4936
0.5008
0.5086
0.5158
0.5256
0.5327
0.5399
0.5496
0.5582
0.5653
0.5764
0.5810
0.5908
0.5999
0.6110
0.6214
0.6312
0.6404
0.6482
0.6528
0.6534
0.6534
0.6541
0.6534
0.6483
0.6450
0.6450
0.6469
0.6514
0.6612
0.6729
0.6840
0.6958
0.7023
0.7114
0.7205
0.7264
0.7304
0.7323
0.7336
0.7258
0.7077
0.6959
0.6926
0.6713
0.5897
0.4653
0.3958
0.3919
0.3913
0.3913
0.3913
0.3893
0.3893
0.3893
0.3874
0.3861
0.3854
0.3841
0.3822
0.3796
0.3769
0.3756
0.3717
0.3711
0.3691
0.3665
0.3652
0.3652
0.3652
0.3665
0.3665
0.3678
0.3691
0.3704
182.3
171.9
170.2
176.1
165.8
137.7
122.5
123.8
134.4
144.5
136.1
128.2
119.6
130.3
153.1
166.2
174.4
176.1
176.0
161.8
154.0
157.8
158.0
161.9
168.2
168.2
162.1
149.5
146.8
152.8
162.9
173.4
177.0
179.7
180.2
180.8
186.6
187.7
188.9
190.1
192.0
193.3
194.4
195.2
195.4
195.1
194.7
193.5
192.5
191.2
189.8
188.2
186.5
184.5
182.7
180.4
177.9
175.1
171.8
168.0
163.5
158.1
151.9
144.6
136.7
128.5
121.2
114.0
106.8
99.22
91.08
83.40
75.93
68.91
61.95
54.24
46.25
37.57
28.91
22.02
17.03
13.15
10.42
8.062
6.260
4.600
3.047
2.042
1.553
1.363
1.340
1.330
1.321
1.307
1.293
1.275
1.254
1.228
1.198
1.166
1.131
1.097
1.062
1.028
0.9957
0.9653
0.9361
0.9095
0.8880
0.8672
0.8515
0.8353
0.8223
0.8157
0.8034
0.7936
0.7838
0.7747
0.7695
0.7669
0.7663
0.7663
0.7663
0.7663
0.7669
0.7669
0.7682
0.7636
0.7571
0.7485
0.7313
0.7075
0.6847
0.6749
0.6639
0.6613
0.6613
0.6626
0.6672
0.6757
0.6848
0.6959
0.7050
0.7122
0.7141
0.7141
0.7141
0.7134
0.7115
0.7036
0.6892
0.6697
0.6460
0.6280
0.6224
0.5940
0.5169
0.4296
0.3776
0.3769
0.3730
0.3717
0.3685
0.3690
0.3639
0.3619
0.3600
0.3561
0.3541
0.3528
0.3522
0.3522
0.3522
0.3548
0.3574
0.3600
0.3626
0.3632
0.3652
0.3645
0.3645
167.5
172.4
176.6
170.7
157.1
141.8
147.2
148.5
145.6
130.6
110.9
109.5
119.4
152.3
174.8
199.3
191.3
183.3
167.8
165.7
175.0
183.9
201.4
189.3
187.8
176.9
176.2
190.4
190.5
195.5
197.5
200.9
217.5
233.2
236.7
240.5
244.3
248.6
253.3
257.9
262.6
267.3
271.7
275.2
277.9
281.2
285.1
288.5
292.1
296.0
298.9
301.4
302.4
302.3
302.2
301.4
300.5
298.9
297.4
295.1
291.6
287.1
280.9
273.3
264.0
253.4
241.0
227.9
214.8
202.2
190.4
178.3
166.2
152.5
136.8
119.3
101.5
84.75
69.15
54.73
41.39
28.37
17.70
11.06
7.457
5.184
3.421
2.271
1.685
1.452
1.431
1.422
1.416
1.409
1.402
1.385
1.364
1.338
1.306
1.267
1.227
1.186
1.140
1.099
1.059
1.020
0.9830
0.9517
0.9229
0.8989
0.8779
0.8584
0.8439
0.8283
0.8166
0.8062
0.7964
0.7878
0.7813
0.7729
0.7676
0.7598
0.7546
0.7526
0.7506
0.7500
0.7500
0.7500
0.7493
0.7519
0.7538
0.7442
0.7389
0.7011
0.6638
0.6259
0.6202
0.6176
0.6124
0.6111
0.6130
0.6214
0.6382
0.6578
0.6827
0.7054
0.7256
0.7394
0.7518
0.7552
0.7590
0.7604
0.7617
0.7539
0.7288
0.7051
0.6850
0.6501
0.5460
0.4593
0.3780
0.3737
0.3730
0.3704
0.3691
0.3652
0.3626
0.3587
0.3541
0.3515
0.3489
0.3463
0.3443
0.3430
0.3424
0.3456
0.3489
0.3489
0.3502
0.3554
0.3574
