SALVI
1
0
24
15.00
361
0.50

231102 OCH 5050 350 F5M1 PMMA

231102 OCH 5050 350 F5M1 PMMA.ldt
16 November 2023/TB
760
0
225
320
60
0
0
0
0
99.6
100.0
1.000
0.0
1
1
16 LED
4973.1


40.8
0.122
0.211
0.312
0.402
0.469
0.581
0.646
0.706
0.778
0.822
0.0
15.0
30.0
45.0
60.0
75.0
90.0
105.0
120.0
135.0
150.0
165.0
180.0
195.0
210.0
225.0
240.0
255.0
270.0
285.0
300.0
315.0
330.0
345.0
0.0
0.5
1.0
1.5
2.0
2.5
3.0
3.5
4.0
4.5
5.0
5.5
6.0
6.5
7.0
7.5
8.0
8.5
9.0
9.5
10.0
10.5
11.0
11.5
12.0
12.5
13.0
13.5
14.0
14.5
15.0
15.5
16.0
16.5
17.0
17.5
18.0
18.5
19.0
19.5
20.0
20.5
21.0
21.5
22.0
22.5
23.0
23.5
24.0
24.5
25.0
25.5
26.0
26.5
27.0
27.5
28.0
28.5
29.0
29.5
30.0
30.5
31.0
31.5
32.0
32.5
33.0
33.5
34.0
34.5
35.0
35.5
36.0
36.5
37.0
37.5
38.0
38.5
39.0
39.5
40.0
40.5
41.0
41.5
42.0
42.5
43.0
43.5
44.0
44.5
45.0
45.5
46.0
46.5
47.0
47.5
48.0
48.5
49.0
49.5
50.0
50.5
51.0
51.5
52.0
52.5
53.0
53.5
54.0
54.5
55.0
55.5
56.0
56.5
57.0
57.5
58.0
58.5
59.0
59.5
60.0
60.5
61.0
61.5
62.0
62.5
63.0
63.5
64.0
64.5
65.0
65.5
66.0
66.5
67.0
67.5
68.0
68.5
69.0
69.5
70.0
70.5
71.0
71.5
72.0
72.5
73.0
73.5
74.0
74.5
75.0
75.5
76.0
76.5
77.0
77.5
78.0
78.5
79.0
79.5
80.0
80.5
81.0
81.5
82.0
82.5
83.0
83.5
84.0
84.5
85.0
85.5
86.0
86.5
87.0
87.5
88.0
88.5
89.0
89.5
90.0
90.5
91.0
91.5
92.0
92.5
93.0
93.5
94.0
94.5
95.0
95.5
96.0
96.5
97.0
97.5
98.0
98.5
99.0
99.5
100.0
100.5
101.0
101.5
102.0
102.5
103.0
103.5
104.0
104.5
105.0
105.5
106.0
106.5
107.0
107.5
108.0
108.5
109.0
109.5
110.0
110.5
111.0
111.5
112.0
112.5
113.0
113.5
114.0
114.5
115.0
115.5
116.0
116.5
117.0
117.5
118.0
118.5
119.0
119.5
120.0
120.5
121.0
121.5
122.0
122.5
123.0
123.5
124.0
124.5
125.0
125.5
126.0
126.5
127.0
127.5
128.0
128.5
129.0
129.5
130.0
130.5
131.0
131.5
132.0
132.5
133.0
133.5
134.0
134.5
135.0
135.5
136.0
136.5
137.0
137.5
138.0
138.5
139.0
139.5
140.0
140.5
141.0
141.5
142.0
142.5
143.0
143.5
144.0
144.5
145.0
145.5
146.0
146.5
147.0
147.5
148.0
148.5
149.0
149.5
150.0
150.5
151.0
151.5
152.0
152.5
153.0
153.5
154.0
154.5
155.0
155.5
156.0
156.5
157.0
157.5
158.0
158.5
159.0
159.5
160.0
160.5
161.0
161.5
162.0
162.5
163.0
163.5
164.0
164.5
165.0
165.5
166.0
166.5
167.0
167.5
168.0
168.5
169.0
169.5
170.0
170.5
171.0
171.5
172.0
172.5
173.0
173.5
174.0
174.5
175.0
175.5
176.0
176.5
177.0
177.5
178.0
178.5
179.0
179.5
180.0
84.23
80.13
78.20
82.97
88.90
90.48
90.40
84.32
85.73
81.12
80.29
73.79
72.17
69.87
68.36
68.71
69.25
71.15
72.51
73.11
74.28
76.90
78.94
81.88
82.72
79.06
83.62
82.84
86.84
83.53
88.11
87.16
93.66
96.11
99.27
100.5
106.0
104.9
108.0
115.6
116.8
113.9
116.9
118.3
121.2
126.8
124.0
120.5
124.1
129.9
138.0
134.9
135.4
134.5
143.6
151.7
149.9
151.3
157.7
163.8
173.1
177.8
181.4
185.9
195.5
199.0
202.4
205.9
209.2
212.4
215.6
218.6
221.7
224.5
227.3
229.9
232.6
235.2
237.7
240.4
243.2
245.8
248.5
251.1
253.4
255.6
257.9
260.3
262.8
265.2
267.8
270.2
272.9
275.4
278.1
281.2
284.7
287.8
290.9
293.5
296.0
298.9
302.1
305.4
308.8
311.6
314.7
317.7
320.6
323.6
326.5
329.6
333.0
336.7
340.8
345.2
348.9
353.0
357.1
362.2
366.5
372.1
377.1
381.6
384.9
386.6
387.5
386.5
383.2
377.9
371.0
362.5
353.1
340.8
328.1
310.9
290.3
269.1
247.6
224.5
201.2
177.0
148.8
120.8
97.36
81.23
65.52
57.22
53.03
50.49
46.94
43.76
42.49
42.21
38.91
37.29
34.94
29.23
25.56
23.67
19.19
18.10
17.08
15.00
12.56
11.05
9.336
6.997
5.932
4.031
3.192
2.528
2.096
1.761
1.482
1.243
1.027
0.8245
0.6723
0.5700
0.4928
0.4465
0.4449
0.4659
0.4855
0.5071
0.5329
0.5526
0.5764
0.5971
0.6111
0.6227
0.6358
0.6486
0.6586
0.6694
0.6762
0.6832
0.6882
0.6950
0.7010
0.7099
0.7167
0.7208
0.7247
0.7306
0.7317
0.7356
0.7376
0.7405
0.7396
0.7396
0.7396
0.7405
0.7355
0.7306
0.7277
0.7238
0.7187
0.7129
0.7098
0.7030
0.6960
0.6930
0.6862
0.6802
0.6743
0.6665
0.6595
0.6535
0.6457
0.6408
0.6357
0.6299
0.6278
0.6209
0.6160
0.6111
0.6071
0.6011
0.5991
0.5932
0.5863
0.5814
0.5783
0.5764
0.5705
0.5676
0.5665
0.5646
0.5636
0.5626
0.5606
0.5596
0.5577
0.5576
0.5557
0.5557
0.5547
0.5547
0.5517
0.5517
0.5497
0.5468
0.5400
0.5369
0.5297
0.5151
0.4946
0.4777
0.4744
0.4634
0.4469
0.4479
0.4450
0.4449
0.4459
0.4440
0.4439
0.4449
0.4460
0.4479
0.4489
0.4548
0.4587
0.4646
0.4727
0.4766
0.4826
0.4933
0.5012
0.5053
0.5132
0.5230
0.5270
0.5349
0.5329
0.5329
0.5329
0.5348
0.5339
0.5339
0.5339
0.5339
0.5349
0.5339
0.5309
0.5229
0.5161
0.5062
0.4992
0.4914
0.4824
0.4736
0.4657
0.4459
0.4061
0.3702
0.3550
0.3491
0.3155
0.2826
0.2571
0.2551
0.2541
0.2531
0.2502
0.2501
0.2472
0.2472
0.2452
0.2462
0.2413
0.2412
0.2383
0.2382
0.2343
0.2333
0.2333
0.2333
0.2324
0.2323
0.2323
0.2323
0.2323
0.2323
0.2323
0.2333
0.2333
0.2333
0.2333
0.2333
0.2333
0.2333
0.2333
0.2333
0.2333
0.2333
0.2333
0.2333
0.2363
78.39
78.75
81.43
82.19
83.80
90.62
93.93
90.76
85.76
82.85
81.86
73.94
74.16
74.56
72.93
73.80
73.39
74.01
72.29
70.05
69.40
68.24
72.00
74.33
73.85
79.29
80.25
83.63
91.77
93.78
95.85
98.69
100.3
99.43
101.7
101.4
98.93
100.3
100.6
99.47
103.3
107.3
106.6
110.8
108.3
107.7
110.7
109.2
112.2
112.5
116.5
119.2
125.1
128.6
131.0
133.3
136.3
138.2
137.5
140.5
145.6
148.4
155.4
161.8
165.2
175.1
179.3
182.9
186.6
190.5
193.9
197.1
200.0
203.1
206.6
210.2
213.7
217.5
221.4
225.2
228.6
231.8
234.9
238.1
241.3
244.3
247.5
250.8
254.3
257.8
261.7
265.4
269.2
273.2
277.1
281.1
284.7
288.3
291.9
295.2
298.6
301.9
305.1
308.0
311.1
314.1
317.3
320.3
323.4
326.6
329.8
333.3
337.3
341.2
345.4
349.3
353.0
357.3
361.4
366.2
371.1
376.2
381.4
385.9
390.2
393.2
395.0
394.9
393.5
390.6
386.2
381.0
373.8
363.8
352.6
340.0
326.2
310.0
289.6
267.6
243.2
218.7
193.6
166.1
137.9
113.8
96.05
80.42
70.81
61.66
56.08
53.61
46.33
44.16
42.65
42.96
40.77
38.87
34.42
35.02
30.92
26.13
25.45
19.87
17.97
17.28
14.03
11.08
7.935
6.384
5.176
4.280
3.738
3.390
3.088
2.809
2.542
2.271
2.039
1.851
1.722
1.638
1.595
1.583
1.574
1.558
1.548
1.535
1.523
1.509
1.493
1.474
1.455
1.434
1.412
1.390
1.362
1.336
1.308
1.278
1.247
1.218
1.183
1.150
1.117
1.087
1.054
1.023
0.9931
0.9622
0.9357
0.9081
0.8814
0.8559
0.8331
0.8102
0.7897
0.7711
0.7541
0.7381
0.7214
0.7085
0.6938
0.6829
0.6701
0.6604
0.6524
0.6416
0.6356
0.6268
0.6238
0.6159
0.6100
0.6040
0.5972
0.5932
0.5872
0.5803
0.5764
0.5714
0.5665
0.5625
0.5556
0.5517
0.5487
0.5456
0.5398
0.5388
0.5369
0.5348
0.5309
0.5309
0.5270
0.5250
0.5250
0.5249
0.5220
0.5230
0.5230
0.5210
0.5181
0.5180
0.5121
0.5041
0.4983
0.4911
0.4792
0.4587
0.4507
0.4340
0.4340
0.4330
0.4321
0.4321
0.4321
0.4331
0.4331
0.4341
0.4360
0.4370
0.4390
0.4410
0.4431
0.4490
0.4529
0.4598
0.4648
0.4708
0.4796
0.4836
0.4895
0.4963
0.4983
0.4983
0.4983
0.4983
0.4983
0.4983
0.4993
0.4973
0.4983
0.4973
0.4953
0.4914
0.4904
0.4853
0.4795
0.4735
0.4676
0.4597
0.4506
0.4419
0.4359
0.4309
0.4214
0.3870
0.3557
0.3205
0.2898
0.2624
0.2412
0.2392
0.2343
0.2343
0.2333
0.2314
0.2323
0.2314
0.2314
0.2314
0.2314
0.2314
0.2314
0.2314
0.2314
0.2314
0.2314
0.2314
0.2314
0.2314
0.2314
0.2314
0.2333
0.2324
0.2343
0.2353
0.2373
0.2373
0.2363
0.2363
0.2393
0.2412
0.2412
0.2412
0.2413
0.2422
0.2422
0.2422
0.2422
0.2422
0.2422
75.85
80.02
82.11
84.12
85.07
86.69
86.16
83.65
84.84
80.41
77.30
73.48
73.24
74.84
73.47
75.71
76.42
78.14
77.26
79.51
77.32
76.49
78.80
77.57
81.17
79.95
80.35
88.51
92.01
92.05
93.46
95.93
93.80
97.85
99.92
100.7
100.1
100.3
102.0
99.78
103.3
104.4
105.0
102.4
102.5
107.0
106.8
109.8
109.5
107.7
108.6
109.6
110.2
110.2
112.3
114.1
116.9
121.1
126.1
129.4
133.4
135.9
139.1
141.2
143.8
149.3
151.6
153.9
158.5
161.6
165.6
170.8
173.2
175.3
177.7
179.9
182.4
184.7
187.2
189.6
192.1
194.4
196.7
199.2
201.3
203.8
206.4
209.1
211.4
213.8
216.2
218.6
221.1
223.8
226.5
229.2
232.0
234.7
237.4
240.1
242.9
245.7
248.4
251.3
254.4
257.4
260.3
263.3
266.5
269.8
272.9
276.2
279.6
282.6
286.1
289.2
292.4
295.8
299.5
303.3
307.1
310.8
314.4
317.8
321.1
324.7
327.7
330.0
331.8
332.2
331.4
329.0
324.7
318.1
309.1
297.1
282.7
265.0
245.9
226.6
207.7
187.9
167.6
147.5
128.8
111.0
94.20
80.32
70.74
62.91
56.93
52.00
47.89
47.41
46.08
43.30
37.39
33.56
31.88
30.14
26.13
22.62
19.62
17.27
15.83
14.72
14.00
12.49
8.403
6.584
5.252
4.251
3.552
3.187
2.897
2.638
2.401
2.156
1.931
1.740
1.613
1.527
1.493
1.479
1.465
1.452
1.437
1.423
1.406
1.390
1.373
1.356
1.334
1.314
1.292
1.269
1.248
1.223
1.201
1.177
1.152
1.126
1.101
1.077
1.052
1.031
1.008
0.9873
0.9627
0.9427
0.9209
0.9001
0.8822
0.8662
0.8485
0.8317
0.8170
0.8030
0.7883
0.7752
0.7615
0.7485
0.7388
0.7268
0.7159
0.7081
0.6982
0.6912
0.6833
0.6763
0.6684
0.6605
0.6537
0.6468
0.6399
0.6318
0.6269
0.6200
0.6160
0.6093
0.6032
0.5992
0.5982
0.5933
0.5884
0.5834
0.5824
0.5785
0.5755
0.5735
0.5715
0.5696
0.5647
0.5646
0.5607
0.5587
0.5527
0.5478
0.5429
0.5380
0.5320
0.5213
0.5075
0.4994
0.4964
0.4944
0.4914
0.4875
0.4826
0.4786
0.4785
0.4746
0.4736
0.4726
0.4726
0.4726
0.4726
0.4736
0.4746
0.4736
0.4746
0.4746
0.4746
0.4756
0.4851
0.4845
0.4854
0.4884
0.4875
0.4884
0.4894
0.4884
0.4865
0.4855
0.4855
0.4855
0.4855
0.4855
0.4845
0.4778
0.4737
0.4688
0.4618
0.4511
0.4441
0.4390
0.4341
0.4321
0.4291
0.4232
0.4105
0.3841
0.3486
0.3038
0.2811
0.2651
0.2640
0.2601
0.2581
0.2590
0.2552
0.2551
0.2512
0.2502
0.2492
0.2472
0.2472
0.2462
0.2442
0.2442
0.2432
0.2413
0.2403
0.2393
0.2383
0.2354
0.2363
0.2353
0.2334
0.2343
0.2333
0.2324
0.2314
0.2314
0.2314
0.2314
0.2314
0.2314
0.2314
0.2314
0.2314
0.2314
0.2314
0.2314
0.2343
0.2343
0.2353
0.2422
0.2422
0.2422
0.2422
74.19
79.04
81.34
80.50
84.48
86.48
86.19
82.62
82.74
81.04
75.48
72.09
70.71
65.94
63.49
63.38
63.48
65.72
66.51
68.37
73.71
77.81
83.37
89.24
92.80
92.61
93.42
93.92
92.06
89.87
91.22
90.85
93.64
97.05
97.76
97.33
94.88
95.11
94.73
94.40
97.67
98.90
100.1
101.4
103.4
106.2
109.8
112.0
119.6
121.5
123.0
123.2
118.0
117.2
117.1
114.3
117.3
119.4
121.1
123.0
125.1
131.5
137.7
141.9
150.5
152.9
155.3
157.8
160.2
162.6
165.0
167.4
169.9
172.3
174.9
177.2
179.8
182.2
184.9
187.4
190.2
193.0
195.8
198.6
201.4
204.2
207.1
210.0
212.9
215.8
218.7
221.5
224.4
227.3
230.0
232.8
235.4
238.1
240.9
243.8
246.7
249.6
252.4
255.5
258.5
261.5
264.9
268.0
271.0
274.1
277.2
280.3
283.3
286.5
289.5
292.7
295.4
298.2
300.8
302.8
304.4
305.4
305.4
305.3
303.6
300.4
296.2
291.1
284.8
277.4
269.0
259.5
249.6
240.3
232.2
224.4
215.7
205.4
193.4
179.2
161.2
142.6
124.0
105.5
87.88
74.13
63.50
55.09
50.32
46.56
41.97
38.10
35.04
32.76
32.50
32.04
30.82
30.25
28.76
26.97
24.82
21.98
21.09
17.21
15.44
13.21
10.37
8.175
6.201
4.603
3.443
2.666
2.161
1.863
1.624
1.402
1.182
0.9772
0.7765
0.5976
0.4846
0.4182
0.4143
0.4193
0.4252
0.4302
0.4371
0.4420
0.4459
0.4490
0.4529
0.4568
0.4578
0.4578
0.4588
0.4607
0.4598
0.4617
0.4618
0.4637
0.4627
0.4638
0.4667
0.4657
0.4667
0.4667
0.4687
0.4696
0.4697
0.4717
0.4746
0.4736
0.4756
0.4766
0.4776
0.4795
0.4795
0.4806
0.4835
0.4845
0.4864
0.4865
0.4884
0.4894
0.4894
0.4905
0.4924
0.4924
0.4944
0.4944
0.4963
0.4954
0.4983
0.4993
0.4993
0.5003
0.4994
0.5012
0.5003
0.5003
0.5003
0.5003
0.5003
0.5003
0.5003
0.5003
0.5003
0.5003
0.5003
0.4993
0.5002
0.4963
0.4943
0.4923
0.4904
0.4883
0.4844
0.4825
0.4825
0.4815
0.4815
0.4815
0.4815
0.4825
0.4815
0.4835
0.4845
0.4874
0.4885
0.4934
0.4954
0.4964
0.4983
0.5003
0.5043
0.5073
0.5122
0.5123
0.5171
0.5171
0.5161
0.5161
0.5161
0.5161
0.5161
0.5161
0.5161
0.5161
0.5161
0.5161
0.5141
0.5111
0.5082
0.5042
0.5002
0.4963
0.4913
0.4884
0.4884
0.4843
0.4665
0.4525
0.4242
0.3798
0.3460
0.3044
0.2827
0.2658
0.2571
0.2570
0.2531
0.2521
0.2531
0.2511
0.2482
0.2461
0.2442
0.2422
0.2422
0.2412
0.2392
0.2373
0.2373
0.2363
0.2333
0.2333
0.2333
0.2333
0.2333
0.2333
0.2333
0.2333
0.2333
0.2333
0.2333
0.2333
0.2333
0.2333
0.2333
0.2333
0.2333
0.2353
0.2383
0.2383
0.2393
0.2403
0.2422
0.2412
0.2413
0.2422
0.2432
0.2452
0.2462
0.2462
0.2462
0.2482
0.2501
0.2501
0.2501
0.2501
0.2501
75.09
76.62
79.00
80.33
83.55
84.79
85.85
85.58
83.73
73.05
70.92
65.24
66.70
67.58
72.61
72.66
71.73
67.77
65.65
68.26
72.42
73.44
74.73
74.05
75.80
79.21
81.95
87.27
91.50
90.06
92.92
90.11
88.63
88.57
88.76
89.20
90.09
95.52
99.42
104.8
107.5
107.5
109.2
110.0
109.1
107.4
106.9
109.5
112.2
114.4
114.2
112.2
115.9
118.4
123.1
126.2
127.4
130.1
132.3
137.0
137.7
142.2
142.3
147.9
152.8
155.7
158.0
160.5
166.0
170.6
177.4
180.4
183.1
185.7
188.4
191.1
193.8
196.5
199.3
202.2
205.0
207.6
210.5
213.4
216.0
218.8
221.7
224.7
227.5
230.2
233.0
235.9
239.0
241.9
244.7
247.7
250.9
253.9
257.1
260.3
263.3
266.4
269.4
272.1
274.9
277.5
280.7
283.8
287.2
290.6
294.0
297.0
299.7
302.0
303.7
304.6
304.8
304.1
302.1
299.5
296.0
291.2
285.5
278.6
271.6
264.0
256.5
249.1
241.2
234.2
227.1
220.0
211.9
201.8
189.2
173.8
154.9
133.9
114.2
97.18
81.50
70.24
62.27
56.80
51.43
47.54
44.89
41.26
38.97
36.98
35.92
34.30
32.65
33.19
31.76
29.02
27.12
23.48
21.09
19.13
16.46
15.10
14.06
12.85
12.01
11.05
9.041
7.733
6.102
4.948
4.185
3.571
3.151
2.839
2.599
2.390
2.173
1.960
1.755
1.580
1.444
1.379
1.356
1.345
1.333
1.322
1.312
1.298
1.287
1.274
1.257
1.244
1.227
1.210
1.194
1.173
1.155
1.134
1.113
1.093
1.072
1.050
1.032
1.009
0.9874
0.9663
0.9484
0.9288
0.9101
0.8914
0.8734
0.8546
0.8386
0.8241
0.8082
0.7962
0.7843
0.7725
0.7614
0.7507
0.7416
0.7310
0.7211
0.7120
0.7022
0.6952
0.6893
0.6813
0.6754
0.6695
0.6635
0.6558
0.6477
0.6428
0.6358
0.6291
0.6230
0.6190
0.6111
0.6081
0.6023
0.5992
0.5962
0.5903
0.5864
0.5824
0.5775
0.5755
0.5715
0.5705
0.5656
0.5636
0.5626
0.5597
0.5576
0.5567
0.5518
0.5488
0.5429
0.5370
0.5311
0.5194
0.5086
0.4985
0.4925
0.4865
0.4845
0.4787
0.4737
0.4697
0.4658
0.4638
0.4608
0.4608
0.4588
0.4588
0.4588
0.4588
0.4588
0.4588
0.4588
0.4588
0.4597
0.4617
0.4608
0.4607
0.4607
0.4607
0.4617
0.4646
0.4657
0.4666
0.4667
0.4667
0.4667
0.4667
0.4667
0.4667
0.4667
0.4667
0.4628
0.4608
0.4588
0.4559
0.4472
0.4410
0.4381
0.4351
0.4331
0.4302
0.4096
0.3845
0.3591
0.3184
0.2940
0.2741
0.2672
0.2640
0.2611
0.2601
0.2600
0.2562
0.2561
0.2551
0.2532
0.2502
0.2501
0.2482
0.2452
0.2452
0.2442
0.2442
0.2432
0.2403
0.2393
0.2393
0.2383
0.2383
0.2383
0.2383
0.2363
0.2363
0.2363
0.2363
0.2363
0.2363
0.2363
0.2363
0.2363
0.2363
0.2363
0.2363
0.2363
0.2363
0.2383
0.2432
0.2442
0.2432
0.2432
0.2442
0.2452
80.92
74.55
73.03
74.99
79.74
85.79
90.75
94.36
93.43
84.35
75.04
73.92
73.34
72.00
72.19
73.45
76.02
76.45
76.02
69.82
67.30
67.54
73.54
81.51
86.25
88.76
93.78
92.75
88.63
88.19
88.33
91.33
93.86
95.92
100.7
110.1
113.0
114.2
115.3
115.8
109.5
102.8
101.6
100.1
100.1
104.0
109.9
110.8
120.3
129.9
128.7
127.7
129.5
131.4
134.3
136.4
132.0
131.5
138.4
143.0
145.5
148.0
150.7
160.1
172.5
176.8
179.8
183.0
186.6
191.1
195.5
200.4
204.8
208.5
211.9
215.0
218.1
220.9
223.5
226.1
228.9
231.9
235.2
238.8
242.8
247.1
251.3
255.4
259.5
263.1
266.7
270.1
273.2
276.2
278.8
281.5
284.1
286.9
289.6
292.4
295.4
298.6
302.1
306.1
310.2
314.4
318.2
322.1
325.3
328.4
331.0
332.9
333.8
333.8
332.6
330.6
327.0
322.5
316.9
309.7
301.6
293.2
284.4
276.0
268.1
260.3
252.8
245.5
237.6
229.0
217.0
202.9
185.1
164.8
145.2
127.8
110.5
94.45
80.80
69.27
61.24
57.78
55.27
52.12
49.98
48.70
46.01
44.31
42.45
40.10
37.74
37.37
36.48
33.66
32.26
29.84
30.52
28.22
25.65
24.72
21.18
19.48
18.19
16.30
14.91
12.85
10.59
8.483
6.609
5.199
4.286
3.718
3.325
3.006
2.765
2.538
2.293
2.044
1.804
1.618
1.489
1.421
1.399
1.390
1.380
1.369
1.362
1.351
1.344
1.333
1.323
1.308
1.294
1.276
1.260
1.240
1.225
1.203
1.181
1.159
1.137
1.114
1.089
1.064
1.041
1.015
0.9904
0.9665
0.9428
0.9174
0.8933
0.8697
0.8478
0.8249
0.8033
0.7818
0.7642
0.7463
0.7304
0.7157
0.7018
0.6888
0.6751
0.6632
0.6534
0.6454
0.6345
0.6267
0.6199
0.6120
0.6079
0.6011
0.5941
0.5872
0.5832
0.5764
0.5685
0.5625
0.5595
0.5536
0.5496
0.5446
0.5388
0.5358
0.5319
0.5299
0.5250
0.5240
0.5220
0.5201
0.5200
0.5171
0.5151
0.5141
0.5111
0.5101
0.5082
0.5072
0.5062
0.5032
0.5013
0.5013
0.4992
0.4933
0.4822
0.4725
0.4655
0.4550
0.4248
0.4083
0.4044
0.4044
0.4044
0.4044
0.4044
0.4044
0.4054
0.4044
0.4064
0.4074
0.4104
0.4123
0.4164
0.4222
0.4253
0.4331
0.4372
0.4451
0.4519
0.4598
0.4659
0.4727
0.4787
0.4855
0.4884
0.4915
0.4943
0.4924
0.4934
0.4963
0.4964
0.4973
0.4973
0.4933
0.4904
0.4904
0.4884
0.4843
0.4745
0.4675
0.4587
0.4567
0.4517
0.4447
0.4367
0.4198
0.3788
0.3232
0.2716
0.2501
0.2432
0.2422
0.2422
0.2422
0.2392
0.2383
0.2372
0.2353
0.2353
0.2353
0.2353
0.2353
0.2353
0.2353
0.2353
0.2353
0.2353
0.2363
0.2363
0.2363
0.2363
0.2373
0.2373
0.2373
0.2373
0.2403
0.2422
0.2423
0.2442
0.2432
0.2443
0.2482
0.2501
0.2482
0.2501
0.2492
0.2492
0.2492
0.2492
0.2492
0.2511
85.32
72.12
69.45
73.23
84.32
86.04
86.67
88.53
93.88
84.37
78.12
84.33
80.93
73.64
68.18
67.62
67.91
68.26
68.83
72.27
74.43
75.84
91.68
99.95
100.6
94.93
76.03
68.50
69.17
78.41
79.64
80.78
82.34
91.78
107.9
117.9
124.1
130.4
131.2
116.7
112.5
113.4
114.7
116.3
117.7
118.6
123.0
141.3
142.8
133.8
135.5
137.5
139.6
145.9
138.1
137.8
148.7
157.0
159.9
162.5
165.3
172.7
188.2
191.9
195.0
197.9
201.0
204.0
206.9
209.7
212.7
216.0
219.3
222.7
226.0
229.0
231.7
234.3
236.7
239.0
241.5
244.1
247.0
249.4
252.2
255.0
257.6
260.0
263.0
265.1
267.4
269.7
271.8
273.8
276.0
277.9
280.1
281.9
283.8
286.1
288.8
292.3
296.2
300.4
305.2
309.4
313.1
316.5
318.9
320.6
322.1
322.4
322.2
320.9
318.7
315.0
310.3
304.7
297.6
289.1
280.4
270.7
261.6
253.3
245.7
238.7
232.5
225.1
215.5
203.0
188.0
171.3
152.2
134.1
116.5
101.4
87.44
72.69
61.96
59.59
57.31
56.90
54.90
51.49
47.56
44.76
42.62
41.48
39.32
36.95
35.98
34.30
32.54
31.03
30.86
28.70
28.23
24.50
23.71
20.74
17.11
15.21
14.07
12.95
11.21
10.47
9.544
8.031
5.404
3.978
3.094
2.475
2.074
1.750
1.507
1.255
1.009
0.7872
0.5739
0.3936
0.3114
0.3007
0.3045
0.3334
0.3655
0.3870
0.4029
0.4270
0.4541
0.4724
0.4860
0.5037
0.5198
0.5298
0.5454
0.5554
0.5695
0.5794
0.5890
0.5972
0.6087
0.6148
0.6228
0.6366
0.6463
0.6582
0.6643
0.6702
0.6801
0.6879
0.6862
0.6881
0.6881
0.6920
0.6902
0.6901
0.6901
0.6921
0.6921
0.6921
0.6921
0.6902
0.6843
0.6823
0.6783
0.6743
0.6704
0.6684
0.6627
0.6586
0.6526
0.6487
0.6408
0.6348
0.6308
0.6231
0.6170
0.6111
0.6052
0.5992
0.5972
0.5913
0.5834
0.5833
0.5755
0.5715
0.5695
0.5676
0.5636
0.5616
0.5596
0.5557
0.5557
0.5517
0.5517
0.5536
0.5498
0.5478
0.5477
0.5458
0.5438
0.5419
0.5418
0.5399
0.5398
0.5300
0.5163
0.5102
0.5005
0.4867
0.4460
0.4255
0.4232
0.4232
0.4232
0.4173
0.4172
0.4133
0.4133
0.4094
0.4093
0.4093
0.4093
0.4093
0.4113
0.4152
0.4230
0.4289
0.4389
0.4449
0.4547
0.4685
0.4744
0.4803
0.4863
0.4962
0.4963
0.4983
0.4964
0.5002
0.5023
0.5042
0.5082
0.5121
0.5102
0.5102
0.5102
0.5102
0.5102
0.5063
0.4985
0.4906
0.4884
0.4846
0.4786
0.4687
0.4476
0.4080
0.3396
0.2988
0.2674
0.2612
0.2629
0.2591
0.2610
0.2591
0.2533
0.2551
0.2531
0.2492
0.2511
0.2453
0.2452
0.2452
0.2452
0.2433
0.2432
0.2393
0.2393
0.2393
0.2373
0.2354
0.2353
0.2353
0.2353
0.2353
0.2353
0.2353
0.2353
0.2353
0.2353
0.2353
0.2392
0.2373
0.2373
0.2393
0.2412
0.2412
0.2432
0.2452
0.2472
80.92
74.55
73.03
74.99
79.74
85.79
90.75
94.36
93.43
84.35
75.04
73.92
73.34
72.00
72.19
73.45
76.02
76.45
76.02
69.82
67.30
67.54
73.54
81.51
86.25
88.76
93.78
92.75
88.63
88.19
88.33
91.33
93.86
95.92
100.7
110.1
113.0
114.2
115.3
115.8
109.5
102.8
101.6
100.1
100.1
104.0
109.9
110.8
120.3
129.9
128.7
127.7
129.5
131.4
134.3
136.4
132.0
131.5
138.4
143.0
145.5
148.0
150.7
160.1
172.5
176.8
179.8
183.0
186.6
191.1
195.5
200.4
204.8
208.5
211.9
215.0
218.1
220.9
223.5
226.1
228.9
231.9
235.2
238.8
242.8
247.1
251.3
255.4
259.5
263.1
266.7
270.1
273.2
276.2
278.8
281.5
284.1
286.9
289.6
292.4
295.4
298.6
302.1
306.1
310.2
314.4
318.2
322.1
325.3
328.4
331.0
332.9
333.8
333.8
332.6
330.6
327.0
322.5
316.9
309.7
301.6
293.2
284.4
276.0
268.1
260.3
252.8
245.5
237.6
229.0
217.0
202.9
185.1
164.8
145.2
127.8
110.5
94.45
80.80
69.27
61.24
57.78
55.27
52.12
49.98
48.70
46.01
44.31
42.45
40.10
37.74
37.37
36.48
33.66
32.26
29.84
30.52
28.22
25.65
24.72
21.18
19.48
18.19
16.30
14.91
12.85
10.59
8.483
6.609
5.199
4.286
3.718
3.325
3.006
2.765
2.538
2.293
2.044
1.804
1.618
1.489
1.421
1.399
1.390
1.380
1.369
1.362
1.351
1.344
1.333
1.323
1.308
1.294
1.276
1.260
1.240
1.225
1.203
1.181
1.159
1.137
1.114
1.089
1.064
1.041
1.015
0.9904
0.9665
0.9428
0.9174
0.8933
0.8697
0.8478
0.8249
0.8033
0.7818
0.7642
0.7463
0.7304
0.7157
0.7018
0.6888
0.6751
0.6632
0.6534
0.6454
0.6345
0.6267
0.6199
0.6120
0.6079
0.6011
0.5941
0.5872
0.5832
0.5764
0.5685
0.5625
0.5595
0.5536
0.5496
0.5446
0.5388
0.5358
0.5319
0.5299
0.5250
0.5240
0.5220
0.5201
0.5200
0.5171
0.5151
0.5141
0.5111
0.5101
0.5082
0.5072
0.5062
0.5032
0.5013
0.5013
0.4992
0.4933
0.4822
0.4725
0.4655
0.4550
0.4248
0.4083
0.4044
0.4044
0.4044
0.4044
0.4044
0.4044
0.4054
0.4044
0.4064
0.4074
0.4104
0.4123
0.4164
0.4222
0.4253
0.4331
0.4372
0.4451
0.4519
0.4598
0.4659
0.4727
0.4787
0.4855
0.4884
0.4915
0.4943
0.4924
0.4934
0.4963
0.4964
0.4973
0.4973
0.4933
0.4904
0.4904
0.4884
0.4843
0.4745
0.4675
0.4587
0.4567
0.4517
0.4447
0.4367
0.4198
0.3788
0.3232
0.2716
0.2501
0.2432
0.2422
0.2422
0.2422
0.2392
0.2383
0.2372
0.2353
0.2353
0.2353
0.2353
0.2353
0.2353
0.2353
0.2353
0.2353
0.2353
0.2363
0.2363
0.2363
0.2363
0.2373
0.2373
0.2373
0.2373
0.2403
0.2422
0.2423
0.2442
0.2432
0.2443
0.2482
0.2501
0.2482
0.2501
0.2492
0.2492
0.2492
0.2492
0.2492
0.2511
75.09
76.62
79.00
80.33
83.55
84.79
85.85
85.58
83.73
73.05
70.92
65.24
66.70
67.58
72.61
72.66
71.73
67.77
65.65
68.26
72.42
73.44
74.73
74.05
75.80
79.21
81.95
87.27
91.50
90.06
92.92
90.11
88.63
88.57
88.76
89.20
90.09
95.52
99.42
104.8
107.5
107.5
109.2
110.0
109.1
107.4
106.9
109.5
112.2
114.4
114.2
112.2
115.9
118.4
123.1
126.2
127.4
130.1
132.3
137.0
137.7
142.2
142.3
147.9
152.8
155.7
158.0
160.5
166.0
170.6
177.4
180.4
183.1
185.7
188.4
191.1
193.8
196.5
199.3
202.2
205.0
207.6
210.5
213.4
216.0
218.8
221.7
224.7
227.5
230.2
233.0
235.9
239.0
241.9
244.7
247.7
250.9
253.9
257.1
260.3
263.3
266.4
269.4
272.1
274.9
277.5
280.7
283.8
287.2
290.6
294.0
297.0
299.7
302.0
303.7
304.6
304.8
304.1
302.1
299.5
296.0
291.2
285.5
278.6
271.6
264.0
256.5
249.1
241.2
234.2
227.1
220.0
211.9
201.8
189.2
173.8
154.9
133.9
114.2
97.18
81.50
70.24
62.27
56.80
51.43
47.54
44.89
41.26
38.97
36.98
35.92
34.30
32.65
33.19
31.76
29.02
27.12
23.48
21.09
19.13
16.46
15.10
14.06
12.85
12.01
11.05
9.041
7.733
6.102
4.948
4.185
3.571
3.151
2.839
2.599
2.390
2.173
1.960
1.755
1.580
1.444
1.379
1.356
1.345
1.333
1.322
1.312
1.298
1.287
1.274
1.257
1.244
1.227
1.210
1.194
1.173
1.155
1.134
1.113
1.093
1.072
1.050
1.032
1.009
0.9874
0.9663
0.9484
0.9288
0.9101
0.8914
0.8734
0.8546
0.8386
0.8241
0.8082
0.7962
0.7843
0.7725
0.7614
0.7507
0.7416
0.7310
0.7211
0.7120
0.7022
0.6952
0.6893
0.6813
0.6754
0.6695
0.6635
0.6558
0.6477
0.6428
0.6358
0.6291
0.6230
0.6190
0.6111
0.6081
0.6023
0.5992
0.5962
0.5903
0.5864
0.5824
0.5775
0.5755
0.5715
0.5705
0.5656
0.5636
0.5626
0.5597
0.5576
0.5567
0.5518
0.5488
0.5429
0.5370
0.5311
0.5194
0.5086
0.4985
0.4925
0.4865
0.4845
0.4787
0.4737
0.4697
0.4658
0.4638
0.4608
0.4608
0.4588
0.4588
0.4588
0.4588
0.4588
0.4588
0.4588
0.4588
0.4597
0.4617
0.4608
0.4607
0.4607
0.4607
0.4617
0.4646
0.4657
0.4666
0.4667
0.4667
0.4667
0.4667
0.4667
0.4667
0.4667
0.4667
0.4628
0.4608
0.4588
0.4559
0.4472
0.4410
0.4381
0.4351
0.4331
0.4302
0.4096
0.3845
0.3591
0.3184
0.2940
0.2741
0.2672
0.2640
0.2611
0.2601
0.2600
0.2562
0.2561
0.2551
0.2532
0.2502
0.2501
0.2482
0.2452
0.2452
0.2442
0.2442
0.2432
0.2403
0.2393
0.2393
0.2383
0.2383
0.2383
0.2383
0.2363
0.2363
0.2363
0.2363
0.2363
0.2363
0.2363
0.2363
0.2363
0.2363
0.2363
0.2363
0.2363
0.2363
0.2383
0.2432
0.2442
0.2432
0.2432
0.2442
0.2452
74.19
79.04
81.34
80.50
84.48
86.48
86.19
82.62
82.74
81.04
75.48
72.09
70.71
65.94
63.49
63.38
63.48
65.72
66.51
68.37
73.71
77.81
83.37
89.24
92.80
92.61
93.42
93.92
92.06
89.87
91.22
90.85
93.64
97.05
97.76
97.33
94.88
95.11
94.73
94.40
97.67
98.90
100.1
101.4
103.4
106.2
109.8
112.0
119.6
121.5
123.0
123.2
118.0
117.2
117.1
114.3
117.3
119.4
121.1
123.0
125.1
131.5
137.7
141.9
150.5
152.9
155.3
157.8
160.2
162.6
165.0
167.4
169.9
172.3
174.9
177.2
179.8
182.2
184.9
187.4
190.2
193.0
195.8
198.6
201.4
204.2
207.1
210.0
212.9
215.8
218.7
221.5
224.4
227.3
230.0
232.8
235.4
238.1
240.9
243.8
246.7
249.6
252.4
255.5
258.5
261.5
264.9
268.0
271.0
274.1
277.2
280.3
283.3
286.5
289.5
292.7
295.4
298.2
300.8
302.8
304.4
305.4
305.4
305.3
303.6
300.4
296.2
291.1
284.8
277.4
269.0
259.5
249.6
240.3
232.2
224.4
215.7
205.4
193.4
179.2
161.2
142.6
124.0
105.5
87.88
74.13
63.50
55.09
50.32
46.56
41.97
38.10
35.04
32.76
32.50
32.04
30.82
30.25
28.76
26.97
24.82
21.98
21.09
17.21
15.44
13.21
10.37
8.175
6.201
4.603
3.443
2.666
2.161
1.863
1.624
1.402
1.182
0.9772
0.7765
0.5976
0.4846
0.4182
0.4143
0.4193
0.4252
0.4302
0.4371
0.4420
0.4459
0.4490
0.4529
0.4568
0.4578
0.4578
0.4588
0.4607
0.4598
0.4617
0.4618
0.4637
0.4627
0.4638
0.4667
0.4657
0.4667
0.4667
0.4687
0.4696
0.4697
0.4717
0.4746
0.4736
0.4756
0.4766
0.4776
0.4795
0.4795
0.4806
0.4835
0.4845
0.4864
0.4865
0.4884
0.4894
0.4894
0.4905
0.4924
0.4924
0.4944
0.4944
0.4963
0.4954
0.4983
0.4993
0.4993
0.5003
0.4994
0.5012
0.5003
0.5003
0.5003
0.5003
0.5003
0.5003
0.5003
0.5003
0.5003
0.5003
0.5003
0.4993
0.5002
0.4963
0.4943
0.4923
0.4904
0.4883
0.4844
0.4825
0.4825
0.4815
0.4815
0.4815
0.4815
0.4825
0.4815
0.4835
0.4845
0.4874
0.4885
0.4934
0.4954
0.4964
0.4983
0.5003
0.5043
0.5073
0.5122
0.5123
0.5171
0.5171
0.5161
0.5161
0.5161
0.5161
0.5161
0.5161
0.5161
0.5161
0.5161
0.5161
0.5141
0.5111
0.5082
0.5042
0.5002
0.4963
0.4913
0.4884
0.4884
0.4843
0.4665
0.4525
0.4242
0.3798
0.3460
0.3044
0.2827
0.2658
0.2571
0.2570
0.2531
0.2521
0.2531
0.2511
0.2482
0.2461
0.2442
0.2422
0.2422
0.2412
0.2392
0.2373
0.2373
0.2363
0.2333
0.2333
0.2333
0.2333
0.2333
0.2333
0.2333
0.2333
0.2333
0.2333
0.2333
0.2333
0.2333
0.2333
0.2333
0.2333
0.2333
0.2353
0.2383
0.2383
0.2393
0.2403
0.2422
0.2412
0.2413
0.2422
0.2432
0.2452
0.2462
0.2462
0.2462
0.2482
0.2501
0.2501
0.2501
0.2501
0.2501
75.85
80.02
82.11
84.12
85.07
86.69
86.16
83.65
84.84
80.41
77.30
73.48
73.24
74.84
73.47
75.71
76.42
78.14
77.26
79.51
77.32
76.49
78.80
77.57
81.17
79.95
80.35
88.51
92.01
92.05
93.46
95.93
93.80
97.85
99.92
100.7
100.1
100.3
102.0
99.78
103.3
104.4
105.0
102.4
102.5
107.0
106.8
109.8
109.5
107.7
108.6
109.6
110.2
110.2
112.3
114.1
116.9
121.1
126.1
129.4
133.4
135.9
139.1
141.2
143.8
149.3
151.6
153.9
158.5
161.6
165.6
170.8
173.2
175.3
177.7
179.9
182.4
184.7
187.2
189.6
192.1
194.4
196.7
199.2
201.3
203.8
206.4
209.1
211.4
213.8
216.2
218.6
221.1
223.8
226.5
229.2
232.0
234.7
237.4
240.1
242.9
245.7
248.4
251.3
254.4
257.4
260.3
263.3
266.5
269.8
272.9
276.2
279.6
282.6
286.1
289.2
292.4
295.8
299.5
303.3
307.1
310.8
314.4
317.8
321.1
324.7
327.7
330.0
331.8
332.2
331.4
329.0
324.7
318.1
309.1
297.1
282.7
265.0
245.9
226.6
207.7
187.9
167.6
147.5
128.8
111.0
94.20
80.32
70.74
62.91
56.93
52.00
47.89
47.41
46.08
43.30
37.39
33.56
31.88
30.14
26.13
22.62
19.62
17.27
15.83
14.72
14.00
12.49
8.403
6.584
5.252
4.251
3.552
3.187
2.897
2.638
2.401
2.156
1.931
1.740
1.613
1.527
1.493
1.479
1.465
1.452
1.437
1.423
1.406
1.390
1.373
1.356
1.334
1.314
1.292
1.269
1.248
1.223
1.201
1.177
1.152
1.126
1.101
1.077
1.052
1.031
1.008
0.9873
0.9627
0.9427
0.9209
0.9001
0.8822
0.8662
0.8485
0.8317
0.8170
0.8030
0.7883
0.7752
0.7615
0.7485
0.7388
0.7268
0.7159
0.7081
0.6982
0.6912
0.6833
0.6763
0.6684
0.6605
0.6537
0.6468
0.6399
0.6318
0.6269
0.6200
0.6160
0.6093
0.6032
0.5992
0.5982
0.5933
0.5884
0.5834
0.5824
0.5785
0.5755
0.5735
0.5715
0.5696
0.5647
0.5646
0.5607
0.5587
0.5527
0.5478
0.5429
0.5380
0.5320
0.5213
0.5075
0.4994
0.4964
0.4944
0.4914
0.4875
0.4826
0.4786
0.4785
0.4746
0.4736
0.4726
0.4726
0.4726
0.4726
0.4736
0.4746
0.4736
0.4746
0.4746
0.4746
0.4756
0.4851
0.4845
0.4854
0.4884
0.4875
0.4884
0.4894
0.4884
0.4865
0.4855
0.4855
0.4855
0.4855
0.4855
0.4845
0.4778
0.4737
0.4688
0.4618
0.4511
0.4441
0.4390
0.4341
0.4321
0.4291
0.4232
0.4105
0.3841
0.3486
0.3038
0.2811
0.2651
0.2640
0.2601
0.2581
0.2590
0.2552
0.2551
0.2512
0.2502
0.2492
0.2472
0.2472
0.2462
0.2442
0.2442
0.2432
0.2413
0.2403
0.2393
0.2383
0.2354
0.2363
0.2353
0.2334
0.2343
0.2333
0.2324
0.2314
0.2314
0.2314
0.2314
0.2314
0.2314
0.2314
0.2314
0.2314
0.2314
0.2314
0.2314
0.2343
0.2343
0.2353
0.2422
0.2422
0.2422
0.2422
78.39
78.75
81.43
82.19
83.80
90.62
93.93
90.76
85.76
82.85
81.86
73.94
74.16
74.56
72.93
73.80
73.39
74.01
72.29
70.05
69.40
68.24
72.00
74.33
73.85
79.29
80.25
83.63
91.77
93.78
95.85
98.69
100.3
99.43
101.7
101.4
98.93
100.3
100.6
99.47
103.3
107.3
106.6
110.8
108.3
107.7
110.7
109.2
112.2
112.5
116.5
119.2
125.1
128.6
131.0
133.3
136.3
138.2
137.5
140.5
145.6
148.4
155.4
161.8
165.2
175.1
179.3
182.9
186.6
190.5
193.9
197.1
200.0
203.1
206.6
210.2
213.7
217.5
221.4
225.2
228.6
231.8
234.9
238.1
241.3
244.3
247.5
250.8
254.3
257.8
261.7
265.4
269.2
273.2
277.1
281.1
284.7
288.3
291.9
295.2
298.6
301.9
305.1
308.0
311.1
314.1
317.3
320.3
323.4
326.6
329.8
333.3
337.3
341.2
345.4
349.3
353.0
357.3
361.4
366.2
371.1
376.2
381.4
385.9
390.2
393.2
395.0
394.9
393.5
390.6
386.2
381.0
373.8
363.8
352.6
340.0
326.2
310.0
289.6
267.6
243.2
218.7
193.6
166.1
137.9
113.8
96.05
80.42
70.81
61.66
56.08
53.61
46.33
44.16
42.65
42.96
40.77
38.87
34.42
35.02
30.92
26.13
25.45
19.87
17.97
17.28
14.03
11.08
7.935
6.384
5.176
4.280
3.738
3.390
3.088
2.809
2.542
2.271
2.039
1.851
1.722
1.638
1.595
1.583
1.574
1.558
1.548
1.535
1.523
1.509
1.493
1.474
1.455
1.434
1.412
1.390
1.362
1.336
1.308
1.278
1.247
1.218
1.183
1.150
1.117
1.087
1.054
1.023
0.9931
0.9622
0.9357
0.9081
0.8814
0.8559
0.8331
0.8102
0.7897
0.7711
0.7541
0.7381
0.7214
0.7085
0.6938
0.6829
0.6701
0.6604
0.6524
0.6416
0.6356
0.6268
0.6238
0.6159
0.6100
0.6040
0.5972
0.5932
0.5872
0.5803
0.5764
0.5714
0.5665
0.5625
0.5556
0.5517
0.5487
0.5456
0.5398
0.5388
0.5369
0.5348
0.5309
0.5309
0.5270
0.5250
0.5250
0.5249
0.5220
0.5230
0.5230
0.5210
0.5181
0.5180
0.5121
0.5041
0.4983
0.4911
0.4792
0.4587
0.4507
0.4340
0.4340
0.4330
0.4321
0.4321
0.4321
0.4331
0.4331
0.4341
0.4360
0.4370
0.4390
0.4410
0.4431
0.4490
0.4529
0.4598
0.4648
0.4708
0.4796
0.4836
0.4895
0.4963
0.4983
0.4983
0.4983
0.4983
0.4983
0.4983
0.4993
0.4973
0.4983
0.4973
0.4953
0.4914
0.4904
0.4853
0.4795
0.4735
0.4676
0.4597
0.4506
0.4419
0.4359
0.4309
0.4214
0.3870
0.3557
0.3205
0.2898
0.2624
0.2412
0.2392
0.2343
0.2343
0.2333
0.2314
0.2323
0.2314
0.2314
0.2314
0.2314
0.2314
0.2314
0.2314
0.2314
0.2314
0.2314
0.2314
0.2314
0.2314
0.2314
0.2314
0.2333
0.2324
0.2343
0.2353
0.2373
0.2373
0.2363
0.2363
0.2393
0.2412
0.2412
0.2412
0.2413
0.2422
0.2422
0.2422
0.2422
0.2422
0.2422
84.23
80.13
78.20
82.97
88.90
90.48
90.40
84.32
85.73
81.12
80.29
73.79
72.17
69.87
68.36
68.71
69.25
71.15
72.51
73.11
74.28
76.90
78.94
81.88
82.72
79.06
83.62
82.84
86.84
83.53
88.11
87.16
93.66
96.11
99.27
100.5
106.0
104.9
108.0
115.6
116.8
113.9
116.9
118.3
121.2
126.8
124.0
120.5
124.1
129.9
138.0
134.9
135.4
134.5
143.6
151.7
149.9
151.3
157.7
163.8
173.1
177.8
181.4
185.9
195.5
199.0
202.4
205.9
209.2
212.4
215.6
218.6
221.7
224.5
227.3
229.9
232.6
235.2
237.7
240.4
243.2
245.8
248.5
251.1
253.4
255.6
257.9
260.3
262.8
265.2
267.8
270.2
272.9
275.4
278.1
281.2
284.7
287.8
290.9
293.5
296.0
298.9
302.1
305.4
308.8
311.6
314.7
317.7
320.6
323.6
326.5
329.6
333.0
336.7
340.8
345.2
348.9
353.0
357.1
362.2
366.5
372.1
377.1
381.6
384.9
386.6
387.5
386.5
383.2
377.9
371.0
362.5
353.1
340.8
328.1
310.9
290.3
269.1
247.6
224.5
201.2
177.0
148.8
120.8
97.36
81.23
65.52
57.22
53.03
50.49
46.94
43.76
42.49
42.21
38.91
37.29
34.94
29.23
25.56
23.67
19.19
18.10
17.08
15.00
12.56
11.05
9.336
6.997
5.932
4.031
3.192
2.528
2.096
1.761
1.482
1.243
1.027
0.8245
0.6723
0.5700
0.4928
0.4465
0.4449
0.4659
0.4855
0.5071
0.5329
0.5526
0.5764
0.5971
0.6111
0.6227
0.6358
0.6486
0.6586
0.6694
0.6762
0.6832
0.6882
0.6950
0.7010
0.7099
0.7167
0.7208
0.7247
0.7306
0.7317
0.7356
0.7376
0.7405
0.7396
0.7396
0.7396
0.7405
0.7355
0.7306
0.7277
0.7238
0.7187
0.7129
0.7098
0.7030
0.6960
0.6930
0.6862
0.6802
0.6743
0.6665
0.6595
0.6535
0.6457
0.6408
0.6357
0.6299
0.6278
0.6209
0.6160
0.6111
0.6071
0.6011
0.5991
0.5932
0.5863
0.5814
0.5783
0.5764
0.5705
0.5676
0.5665
0.5646
0.5636
0.5626
0.5606
0.5596
0.5577
0.5576
0.5557
0.5557
0.5547
0.5547
0.5517
0.5517
0.5497
0.5468
0.5400
0.5369
0.5297
0.5151
0.4946
0.4777
0.4744
0.4634
0.4469
0.4479
0.4450
0.4449
0.4459
0.4440
0.4439
0.4449
0.4460
0.4479
0.4489
0.4548
0.4587
0.4646
0.4727
0.4766
0.4826
0.4933
0.5012
0.5053
0.5132
0.5230
0.5270
0.5349
0.5329
0.5329
0.5329
0.5348
0.5339
0.5339
0.5339
0.5339
0.5349
0.5339
0.5309
0.5229
0.5161
0.5062
0.4992
0.4914
0.4824
0.4736
0.4657
0.4459
0.4061
0.3702
0.3550
0.3491
0.3155
0.2826
0.2571
0.2551
0.2541
0.2531
0.2502
0.2501
0.2472
0.2472
0.2452
0.2462
0.2413
0.2412
0.2383
0.2382
0.2343
0.2333
0.2333
0.2333
0.2324
0.2323
0.2323
0.2323
0.2323
0.2323
0.2323
0.2333
0.2333
0.2333
0.2333
0.2333
0.2333
0.2333
0.2333
0.2333
0.2333
0.2333
0.2333
0.2333
0.2363
78.39
77.33
81.49
82.11
84.24
87.77
95.65
94.34
86.52
83.02
82.54
74.86
74.41
73.27
71.79
73.93
73.51
74.18
72.63
70.86
67.85
68.03
70.97
71.53
74.54
80.17
83.83
85.82
90.42
91.01
95.77
99.46
101.6
99.03
101.4
101.6
99.93
100.0
100.8
100.6
104.5
108.1
107.3
112.0
109.3
108.0
109.6
110.2
113.7
116.3
118.5
122.4
124.0
128.4
130.8
132.6
134.7
136.3
136.7
141.1
145.5
148.9
157.0
163.8
167.7
178.0
181.1
184.1
187.1
190.0
193.1
196.5
200.2
204.1
208.3
212.8
216.9
221.4
225.7
229.4
232.4
235.3
238.1
240.9
243.6
246.3
248.8
251.5
254.5
257.8
261.0
264.7
268.4
272.3
276.1
280.2
283.7
287.3
290.7
293.9
297.2
300.5
303.7
306.9
310.1
313.2
316.3
319.5
322.8
326.0
329.4
332.9
336.4
340.4
344.0
348.0
352.0
356.4
360.6
365.7
370.6
376.0
380.9
385.3
389.3
392.2
394.3
394.5
392.9
389.7
385.2
378.8
372.0
362.4
352.7
340.6
326.0
307.5
286.2
263.9
239.5
213.8
186.9
161.8
134.8
111.4
92.63
80.08
70.03
62.04
56.63
51.69
47.48
43.94
43.22
40.96
41.19
38.00
35.25
33.99
29.17
26.64
24.06
21.99
19.12
15.96
13.40
9.342
7.435
6.070
4.846
4.000
3.496
3.150
2.860
2.605
2.364
2.121
1.900
1.739
1.622
1.561
1.539
1.526
1.515
1.503
1.493
1.481
1.469
1.453
1.436
1.419
1.402
1.380
1.358
1.334
1.309
1.283
1.255
1.225
1.195
1.166
1.137
1.106
1.073
1.042
1.011
0.9810
0.9525
0.9252
0.8970
0.8716
0.8465
0.8222
0.8029
0.7814
0.7626
0.7437
0.7289
0.7122
0.6972
0.6853
0.6756
0.6635
0.6537
0.6458
0.6359
0.6280
0.6210
0.6132
0.6082
0.6022
0.5963
0.5933
0.5875
0.5825
0.5784
0.5755
0.5715
0.5676
0.5636
0.5597
0.5557
0.5527
0.5508
0.5478
0.5468
0.5428
0.5409
0.5379
0.5369
0.5359
0.5359
0.5349
0.5329
0.5339
0.5319
0.5300
0.5309
0.5290
0.5290
0.5260
0.5212
0.5172
0.5142
0.5064
0.4896
0.4737
0.4697
0.4524
0.4431
0.4429
0.4420
0.4400
0.4419
0.4381
0.4390
0.4380
0.4380
0.4370
0.4370
0.4370
0.4380
0.4419
0.4449
0.4518
0.4577
0.4665
0.4735
0.4805
0.4883
0.4932
0.5011
0.5051
0.5101
0.5178
0.5239
0.5221
0.5230
0.5240
0.5250
0.5240
0.5269
0.5260
0.5260
0.5279
0.5251
0.5211
0.5142
0.5063
0.4984
0.4925
0.4865
0.4816
0.4632
0.4285
0.3949
0.3733
0.3410
0.3112
0.2865
0.2828
0.2798
0.2769
0.2749
0.2739
0.2720
0.2690
0.2670
0.2641
0.2620
0.2591
0.2571
0.2561
0.2541
0.2522
0.2483
0.2472
0.2442
0.2442
0.2432
0.2422
0.2403
0.2393
0.2373
0.2363
0.2343
0.2334
0.2333
0.2333
0.2333
0.2353
0.2343
0.2343
0.2343
0.2343
0.2343
0.2343
0.2343
0.2363
0.2412
75.85
75.78
81.65
83.21
84.43
87.82
88.45
86.10
85.63
82.21
79.04
74.51
72.50
76.83
76.19
76.35
76.24
78.96
76.85
79.94
79.82
78.15
77.26
79.02
80.15
82.15
80.15
86.59
90.91
91.82
92.01
94.99
94.43
96.18
98.73
98.58
98.82
96.71
97.85
96.52
101.1
103.1
103.5
103.1
101.0
103.1
104.1
109.3
108.9
108.8
108.4
108.9
112.9
116.4
119.0
116.5
116.5
118.2
124.3
128.8
134.9
135.6
136.0
140.4
144.2
149.0
151.3
153.5
156.7
160.2
165.4
169.6
172.2
174.5
176.7
178.8
181.1
183.4
185.7
188.0
190.5
192.9
195.2
197.6
200.1
202.6
205.2
207.7
210.2
212.6
215.1
217.4
220.0
222.7
225.3
228.1
231.2
234.1
237.2
240.1
243.2
246.5
249.5
252.7
255.8
258.9
262.1
265.5
269.0
272.8
276.4
279.8
283.6
287.1
290.8
294.5
298.4
302.4
306.6
310.7
314.8
318.9
323.1
326.8
330.5
333.8
336.6
339.0
340.6
341.5
340.6
338.5
334.7
328.5
319.5
308.0
294.0
276.9
258.4
238.6
218.1
195.8
174.5
153.7
134.2
115.2
98.37
82.94
71.80
61.93
56.85
51.94
49.33
45.81
44.80
40.55
39.71
34.98
31.22
31.07
26.25
22.91
18.89
18.49
15.84
14.20
13.33
11.04
8.939
6.989
5.089
3.980
3.309
2.957
2.657
2.414
2.204
1.999
1.807
1.635
1.522
1.453
1.431
1.416
1.402
1.387
1.372
1.358
1.342
1.325
1.307
1.286
1.270
1.246
1.226
1.205
1.180
1.154
1.132
1.106
1.081
1.057
1.031
1.008
0.9845
0.9614
0.9370
0.9173
0.8966
0.8759
0.8569
0.8382
0.8194
0.8014
0.7859
0.7709
0.7561
0.7431
0.7304
0.7205
0.7068
0.6940
0.6860
0.6732
0.6662
0.6583
0.6485
0.6446
0.6367
0.6316
0.6239
0.6168
0.6109
0.6050
0.6011
0.5922
0.5892
0.5832
0.5774
0.5764
0.5754
0.5704
0.5645
0.5615
0.5586
0.5546
0.5527
0.5507
0.5497
0.5487
0.5477
0.5457
0.5438
0.5428
0.5428
0.5369
0.5348
0.5308
0.5259
0.5199
0.5129
0.5023
0.5002
0.4884
0.4835
0.4795
0.4785
0.4785
0.4785
0.4785
0.4785
0.4785
0.4785
0.4786
0.4806
0.4825
0.4835
0.4845
0.4895
0.4924
0.4925
0.4973
0.5013
0.5022
0.5013
0.5013
0.5013
0.5013
0.5013
0.5013
0.5013
0.5013
0.5013
0.5013
0.5013
0.5013
0.5022
0.5002
0.4953
0.4922
0.4854
0.4804
0.4745
0.4695
0.4605
0.4508
0.4449
0.4419
0.4409
0.4367
0.4184
0.3913
0.3669
0.3353
0.3091
0.2867
0.2739
0.2738
0.2689
0.2679
0.2659
0.2629
0.2590
0.2580
0.2550
0.2521
0.2510
0.2462
0.2461
0.2442
0.2432
0.2422
0.2412
0.2392
0.2383
0.2373
0.2363
0.2363
0.2363
0.2363
0.2363
0.2363
0.2373
0.2383
0.2373
0.2383
0.2403
0.2412
0.2413
0.2422
0.2422
0.2422
0.2423
0.2442
0.2452
0.2462
0.2462
0.2462
0.2462
0.2462
0.2462
74.19
77.58
82.88
81.75
85.71
87.87
87.77
83.90
83.29
82.83
78.15
73.68
71.89
67.91
66.96
66.07
65.68
66.43
67.35
69.68
73.62
80.49
83.62
88.43
91.51
92.62
92.92
93.44
93.25
89.28
87.89
89.60
92.21
94.07
95.90
95.47
95.16
93.33
94.14
94.68
96.00
96.93
97.97
99.08
102.0
104.0
105.3
109.1
114.2
117.0
119.4
120.1
117.4
113.8
115.4
116.4
117.3
118.9
120.7
122.5
124.9
130.3
136.4
142.3
146.8
151.1
153.5
155.9
158.2
160.6
163.0
165.4
167.9
170.3
172.8
175.2
177.6
180.1
182.7
185.3
188.0
190.8
193.8
196.5
199.3
202.2
205.1
208.0
211.0
213.9
217.0
219.8
222.7
225.6
228.4
231.2
233.9
236.9
239.7
242.7
245.6
248.6
251.6
254.7
257.7
260.7
263.6
266.4
269.4
272.3
275.3
278.2
281.2
284.3
287.5
290.7
293.5
296.1
298.3
300.2
301.4
302.3
302.4
301.3
300.0
297.3
294.0
288.8
282.1
273.9
264.9
255.7
246.4
237.2
228.5
220.5
212.1
202.3
190.9
176.2
158.2
139.2
120.4
101.4
85.17
72.63
61.35
53.71
47.92
42.46
38.41
35.77
35.37
33.74
32.16
32.69
31.12
29.49
28.35
25.42
24.05
21.35
18.54
17.00
15.72
12.73
10.38
7.252
5.455
4.063
3.008
2.237
1.803
1.531
1.308
1.120
0.9351
0.7645
0.6072
0.4913
0.4301
0.4143
0.4133
0.4133
0.4133
0.4152
0.4172
0.4201
0.4222
0.4251
0.4261
0.4271
0.4281
0.4271
0.4281
0.4281
0.4281
0.4301
0.4301
0.4301
0.4301
0.4301
0.4301
0.4301
0.4301
0.4301
0.4320
0.4311
0.4311
0.4350
0.4370
0.4379
0.4380
0.4380
0.4390
0.4400
0.4419
0.4429
0.4439
0.4449
0.4488
0.4479
0.4528
0.4548
0.4568
0.4568
0.4597
0.4607
0.4636
0.4656
0.4657
0.4676
0.4706
0.4716
0.4706
0.4706
0.4726
0.4755
0.4756
0.4756
0.4794
0.4834
0.4864
0.4884
0.4904
0.4914
0.4943
0.4944
0.4944
0.4944
0.4944
0.4963
0.4953
0.4953
0.4973
0.4964
0.4963
0.4954
0.4944
0.4924
0.4886
0.4855
0.4845
0.4845
0.4835
0.4835
0.4835
0.4835
0.4835
0.4835
0.4835
0.4845
0.4874
0.4903
0.4962
0.5002
0.5003
0.5052
0.5081
0.5092
0.5160
0.5190
0.5229
0.5279
0.5289
0.5299
0.5329
0.5349
0.5358
0.5359
0.5378
0.5388
0.5379
0.5379
0.5349
0.5349
0.5329
0.5319
0.5329
0.5300
0.5191
0.4936
0.4603
0.4098
0.3677
0.3372
0.3098
0.3085
0.3046
0.3036
0.3016
0.3016
0.2996
0.2976
0.2956
0.2937
0.2907
0.2917
0.2868
0.2857
0.2838
0.2818
0.2789
0.2779
0.2768
0.2730
0.2710
0.2689
0.2640
0.2640
0.2601
0.2600
0.2590
0.2551
0.2551
0.2541
0.2541
0.2512
0.2502
0.2482
0.2472
0.2443
0.2432
0.2423
0.2432
0.2403
0.2403
0.2403
0.2403
0.2403
0.2403
0.2403
0.2403
0.2403
0.2403
0.2403
0.2403
0.2403
0.2412
0.2412
0.2422
75.09
78.05
77.01
79.47
82.57
84.42
85.04
87.77
83.35
76.96
70.07
67.92
65.19
68.27
72.76
71.12
73.04
69.46
65.38
68.23
70.90
72.70
74.48
74.06
73.64
77.61
80.26
85.38
90.89
92.16
94.96
94.83
90.62
88.89
88.85
89.19
89.66
92.41
98.91
101.9
105.1
105.9
106.7
110.1
109.2
109.5
107.2
108.0
109.9
111.4
112.8
109.4
113.6
116.2
119.8
123.7
124.7
124.2
127.4
132.0
135.6
136.6
139.6
146.4
150.2
156.3
158.8
161.1
165.3
170.3
175.3
178.9
181.1
183.3
185.7
188.2
190.8
193.5
196.2
199.0
201.7
204.5
207.3
210.0
212.9
215.6
218.4
221.1
223.9
226.6
229.3
232.3
235.2
238.2
241.2
244.1
247.2
249.8
252.8
255.7
258.5
261.5
264.4
267.5
270.3
273.2
276.2
278.9
282.1
285.2
288.3
291.6
294.7
297.4
299.1
300.2
300.3
299.7
298.6
296.0
292.7
288.3
282.9
276.7
269.5
261.4
253.2
244.9
237.2
229.9
223.0
216.2
209.0
200.2
188.9
174.4
156.7
137.2
118.0
100.9
85.10
71.75
61.31
54.75
49.82
46.01
43.11
41.34
38.73
37.65
36.01
33.23
32.20
30.76
30.53
28.54
27.63
24.81
22.59
19.26
17.89
15.69
14.89
13.34
11.70
10.08
8.982
7.338
5.857
4.736
3.900
3.302
2.897
2.561
2.346
2.154
1.960
1.774
1.605
1.466
1.383
1.347
1.333
1.323
1.309
1.295
1.281
1.268
1.253
1.241
1.223
1.207
1.187
1.167
1.145
1.124
1.106
1.081
1.059
1.036
1.012
0.9883
0.9655
0.9435
0.9220
0.9021
0.8816
0.8611
0.8412
0.8228
0.8025
0.7866
0.7692
0.7570
0.7433
0.7304
0.7136
0.7027
0.6919
0.6809
0.6711
0.6613
0.6543
0.6445
0.6377
0.6336
0.6267
0.6197
0.6139
0.6079
0.6011
0.5979
0.5891
0.5833
0.5802
0.5744
0.5694
0.5645
0.5586
0.5566
0.5536
0.5527
0.5516
0.5428
0.5408
0.5378
0.5359
0.5348
0.5319
0.5319
0.5319
0.5299
0.5290
0.5299
0.5269
0.5239
0.5190
0.5140
0.5071
0.5031
0.4969
0.4861
0.4735
0.4696
0.4676
0.4657
0.4617
0.4617
0.4617
0.4627
0.4637
0.4627
0.4627
0.4628
0.4638
0.4657
0.4677
0.4706
0.4718
0.4776
0.4805
0.4825
0.4865
0.4874
0.4866
0.4924
0.4963
0.4963
0.4953
0.4953
0.4953
0.4953
0.4953
0.4953
0.4953
0.4944
0.4963
0.4924
0.4883
0.4834
0.4775
0.4724
0.4665
0.4606
0.4528
0.4468
0.4429
0.4429
0.4419
0.4399
0.4354
0.4162
0.3783
0.3311
0.2950
0.2758
0.2749
0.2758
0.2748
0.2709
0.2699
0.2678
0.2630
0.2590
0.2590
0.2560
0.2521
0.2511
0.2472
0.2481
0.2462
0.2452
0.2442
0.2422
0.2422
0.2403
0.2403
0.2412
0.2393
0.2393
0.2393
0.2393
0.2393
0.2393
0.2393
0.2393
0.2413
0.2432
0.2432
0.2433
0.2452
0.2462
0.2452
0.2452
0.2452
0.2462
0.2482
0.2501
0.2501
0.2502
0.2521
80.92
76.17
71.90
75.08
80.14
82.45
90.01
94.31
94.18
84.78
75.33
72.97
73.64
72.29
72.13
73.66
75.04
77.31
74.97
72.60
67.84
66.71
73.22
79.96
85.67
88.50
94.48
92.72
90.31
87.10
88.66
90.87
92.83
94.41
99.05
107.1
111.9
113.5
114.5
114.9
111.4
103.6
100.7
99.63
99.86
103.7
107.8
110.7
116.3
127.5
127.7
126.4
127.8
129.6
132.3
135.3
130.8
131.3
136.4
141.7
144.0
146.4
149.1
159.0
171.3
175.3
178.6
182.3
186.3
190.2
194.2
197.7
201.6
205.8
209.9
213.8
217.1
220.2
223.3
226.3
229.4
232.8
236.3
239.8
243.3
246.8
250.1
253.2
256.5
259.9
263.6
266.8
270.1
273.2
276.2
279.0
281.7
284.4
287.0
289.6
292.3
295.1
298.4
301.9
305.5
309.4
313.7
317.3
320.7
323.9
326.3
328.0
329.1
328.9
327.6
325.3
321.8
317.3
311.4
304.5
296.5
288.2
279.4
270.9
263.2
255.9
248.5
241.2
233.6
224.5
213.3
198.0
179.0
157.1
135.5
117.7
102.3
89.22
75.44
66.46
60.52
56.65
53.88
52.21
50.17
46.87
44.42
42.89
40.87
39.15
37.94
36.04
33.77
32.78
30.32
29.36
27.98
26.01
24.15
23.74
22.90
20.74
17.05
15.28
14.80
12.43
9.564
7.647
5.737
4.509
3.761
3.256
2.857
2.604
2.387
2.168
1.966
1.769
1.601
1.488
1.434
1.419
1.407
1.396
1.387
1.376
1.367
1.357
1.344
1.329
1.315
1.297
1.281
1.260
1.240
1.219
1.198
1.172
1.147
1.121
1.096
1.068
1.041
1.012
0.9853
0.9595
0.9331
0.9082
0.8845
0.8585
0.8360
0.8129
0.7887
0.7684
0.7499
0.7338
0.7162
0.7024
0.6865
0.6734
0.6626
0.6528
0.6418
0.6310
0.6201
0.6122
0.6014
0.5973
0.5905
0.5834
0.5775
0.5726
0.5676
0.5637
0.5577
0.5547
0.5527
0.5459
0.5438
0.5399
0.5350
0.5339
0.5301
0.5280
0.5241
0.5230
0.5230
0.5191
0.5191
0.5181
0.5171
0.5152
0.5141
0.5141
0.5132
0.5112
0.5121
0.5102
0.5082
0.5092
0.5072
0.5062
0.5062
0.4965
0.4904
0.4845
0.4796
0.4571
0.4265
0.4212
0.4192
0.4192
0.4182
0.4172
0.4144
0.4133
0.4123
0.4103
0.4103
0.4103
0.4103
0.4103
0.4103
0.4133
0.4190
0.4289
0.4350
0.4449
0.4517
0.4616
0.4705
0.4785
0.4884
0.4952
0.4973
0.5022
0.5032
0.5091
0.5121
0.5161
0.5209
0.5240
0.5269
0.5270
0.5270
0.5270
0.5270
0.5270
0.5221
0.5112
0.5023
0.5003
0.4993
0.4954
0.4875
0.4757
0.4225
0.3628
0.3096
0.2931
0.2907
0.2897
0.2858
0.2838
0.2818
0.2789
0.2759
0.2739
0.2700
0.2670
0.2660
0.2631
0.2620
0.2620
0.2571
0.2581
0.2542
0.2512
0.2511
0.2492
0.2492
0.2482
0.2443
0.2432
0.2422
0.2403
0.2393
0.2393
0.2383
0.2383
0.2383
0.2383
0.2383
0.2383
0.2383
0.2383
0.2393
0.2393
0.2393
0.2422
0.2462
85.32
76.82
69.40
69.97
78.51
85.70
86.33
86.95
93.62
89.55
78.05
81.34
84.30
75.97
70.10
67.86
68.23
67.94
68.48
70.94
74.19
75.35
80.06
98.78
100.3
98.63
84.66
71.16
68.66
77.68
79.41
80.49
81.89
85.19
100.7
115.0
121.1
129.1
131.1
125.2
111.7
112.3
113.5
114.9
116.4
117.9
116.7
134.3
141.8
133.9
133.3
135.2
137.1
140.7
140.7
136.0
141.9
154.9
157.5
159.9
162.7
166.5
184.3
188.6
191.9
195.1
198.3
201.1
204.0
206.8
209.7
212.7
216.4
220.1
223.4
226.8
229.6
232.1
234.5
236.7
239.1
241.6
244.1
246.8
249.5
252.0
254.5
256.9
259.5
261.9
263.9
266.2
268.4
270.4
272.7
274.6
276.9
278.9
280.8
282.8
284.9
287.4
290.6
294.0
297.8
302.0
305.8
309.2
312.0
313.9
315.4
315.9
316.0
315.0
312.7
309.1
304.4
298.6
291.2
283.4
275.2
266.2
256.7
248.4
241.0
234.4
227.9
221.6
212.5
201.8
187.2
169.6
150.3
132.9
115.4
97.95
83.57
71.15
61.72
57.75
55.51
54.71
54.01
51.78
48.48
45.12
42.15
39.77
37.71
35.91
34.43
33.76
33.07
30.15
29.96
30.62
26.51
23.42
21.54
19.68
17.10
14.71
13.02
13.02
11.57
10.77
9.022
7.112
4.984
3.688
2.763
2.129
1.714
1.392
1.168
0.9514
0.7459
0.5867
0.4678
0.3893
0.3797
0.3900
0.4094
0.4236
0.4395
0.4573
0.4788
0.5027
0.5202
0.5361
0.5479
0.5618
0.5699
0.5834
0.5933
0.6053
0.6131
0.6229
0.6328
0.6428
0.6528
0.6647
0.6743
0.6763
0.6763
0.6763
0.6763
0.6763
0.6763
0.6782
0.6762
0.6743
0.6723
0.6684
0.6682
0.6624
0.6603
0.6565
0.6485
0.6427
0.6425
0.6366
0.6327
0.6248
0.6207
0.6130
0.6090
0.6010
0.5952
0.5931
0.5852
0.5792
0.5715
0.5675
0.5636
0.5616
0.5576
0.5516
0.5497
0.5457
0.5418
0.5379
0.5358
0.5299
0.5280
0.5299
0.5260
0.5260
0.5260
0.5239
0.5181
0.5201
0.5200
0.5161
0.5180
0.5161
0.5141
0.5141
0.5141
0.5122
0.5121
0.5102
0.5121
0.5102
0.5100
0.4962
0.4864
0.4844
0.4763
0.4615
0.4251
0.4192
0.4192
0.4192
0.4192
0.4192
0.4192
0.4193
0.4213
0.4272
0.4291
0.4311
0.4371
0.4431
0.4490
0.4531
0.4647
0.4726
0.4809
0.4926
0.5044
0.5123
0.5203
0.5321
0.5403
0.5518
0.5576
0.5597
0.5616
0.5635
0.5616
0.5616
0.5616
0.5616
0.5576
0.5536
0.5476
0.5438
0.5358
0.5299
0.5177
0.5041
0.4983
0.4942
0.4882
0.4804
0.4744
0.4595
0.3885
0.3262
0.2729
0.2747
0.2689
0.2689
0.2649
0.2630
0.2610
0.2570
0.2531
0.2511
0.2511
0.2492
0.2491
0.2472
0.2472
0.2491
0.2452
0.2452
0.2432
0.2432
0.2412
0.2412
0.2412
0.2412
0.2412
0.2432
0.2433
0.2452
0.2472
0.2472
0.2472
0.2472
0.2472
0.2472
0.2472
0.2511
0.2511
0.2511
0.2511
0.2511
0.2511
80.92
76.17
71.90
75.08
80.14
82.45
90.01
94.31
94.18
84.78
75.33
72.97
73.64
72.29
72.13
73.66
75.04
77.31
74.97
72.60
67.84
66.71
73.22
79.96
85.67
88.50
94.48
92.72
90.31
87.10
88.66
90.87
92.83
94.41
99.05
107.1
111.9
113.5
114.5
114.9
111.4
103.6
100.7
99.63
99.86
103.7
107.8
110.7
116.3
127.5
127.7
126.4
127.8
129.6
132.3
135.3
130.8
131.3
136.4
141.7
144.0
146.4
149.1
159.0
171.3
175.3
178.6
182.3
186.3
190.2
194.2
197.7
201.6
205.8
209.9
213.8
217.1
220.2
223.3
226.3
229.4
232.8
236.3
239.8
243.3
246.8
250.1
253.2
256.5
259.9
263.6
266.8
270.1
273.2
276.2
279.0
281.7
284.4
287.0
289.6
292.3
295.1
298.4
301.9
305.5
309.4
313.7
317.3
320.7
323.9
326.3
328.0
329.1
328.9
327.6
325.3
321.8
317.3
311.4
304.5
296.5
288.2
279.4
270.9
263.2
255.9
248.5
241.2
233.6
224.5
213.3
198.0
179.0
157.1
135.5
117.7
102.3
89.22
75.44
66.46
60.52
56.65
53.88
52.21
50.17
46.87
44.42
42.89
40.87
39.15
37.94
36.04
33.77
32.78
30.32
29.36
27.98
26.01
24.15
23.74
22.90
20.74
17.05
15.28
14.80
12.43
9.564
7.647
5.737
4.509
3.761
3.256
2.857
2.604
2.387
2.168
1.966
1.769
1.601
1.488
1.434
1.419
1.407
1.396
1.387
1.376
1.367
1.357
1.344
1.329
1.315
1.297
1.281
1.260
1.240
1.219
1.198
1.172
1.147
1.121
1.096
1.068
1.041
1.012
0.9853
0.9595
0.9331
0.9082
0.8845
0.8585
0.8360
0.8129
0.7887
0.7684
0.7499
0.7338
0.7162
0.7024
0.6865
0.6734
0.6626
0.6528
0.6418
0.6310
0.6201
0.6122
0.6014
0.5973
0.5905
0.5834
0.5775
0.5726
0.5676
0.5637
0.5577
0.5547
0.5527
0.5459
0.5438
0.5399
0.5350
0.5339
0.5301
0.5280
0.5241
0.5230
0.5230
0.5191
0.5191
0.5181
0.5171
0.5152
0.5141
0.5141
0.5132
0.5112
0.5121
0.5102
0.5082
0.5092
0.5072
0.5062
0.5062
0.4965
0.4904
0.4845
0.4796
0.4571
0.4265
0.4212
0.4192
0.4192
0.4182
0.4172
0.4144
0.4133
0.4123
0.4103
0.4103
0.4103
0.4103
0.4103
0.4103
0.4133
0.4190
0.4289
0.4350
0.4449
0.4517
0.4616
0.4705
0.4785
0.4884
0.4952
0.4973
0.5022
0.5032
0.5091
0.5121
0.5161
0.5209
0.5240
0.5269
0.5270
0.5270
0.5270
0.5270
0.5270
0.5221
0.5112
0.5023
0.5003
0.4993
0.4954
0.4875
0.4757
0.4225
0.3628
0.3096
0.2931
0.2907
0.2897
0.2858
0.2838
0.2818
0.2789
0.2759
0.2739
0.2700
0.2670
0.2660
0.2631
0.2620
0.2620
0.2571
0.2581
0.2542
0.2512
0.2511
0.2492
0.2492
0.2482
0.2443
0.2432
0.2422
0.2403
0.2393
0.2393
0.2383
0.2383
0.2383
0.2383
0.2383
0.2383
0.2383
0.2383
0.2393
0.2393
0.2393
0.2422
0.2462
75.09
78.05
77.01
79.47
82.57
84.42
85.04
87.77
83.35
76.96
70.07
67.92
65.19
68.27
72.76
71.12
73.04
69.46
65.38
68.23
70.90
72.70
74.48
74.06
73.64
77.61
80.26
85.38
90.89
92.16
94.96
94.83
90.62
88.89
88.85
89.19
89.66
92.41
98.91
101.9
105.1
105.9
106.7
110.1
109.2
109.5
107.2
108.0
109.9
111.4
112.8
109.4
113.6
116.2
119.8
123.7
124.7
124.2
127.4
132.0
135.6
136.6
139.6
146.4
150.2
156.3
158.8
161.1
165.3
170.3
175.3
178.9
181.1
183.3
185.7
188.2
190.8
193.5
196.2
199.0
201.7
204.5
207.3
210.0
212.9
215.6
218.4
221.1
223.9
226.6
229.3
232.3
235.2
238.2
241.2
244.1
247.2
249.8
252.8
255.7
258.5
261.5
264.4
267.5
270.3
273.2
276.2
278.9
282.1
285.2
288.3
291.6
294.7
297.4
299.1
300.2
300.3
299.7
298.6
296.0
292.7
288.3
282.9
276.7
269.5
261.4
253.2
244.9
237.2
229.9
223.0
216.2
209.0
200.2
188.9
174.4
156.7
137.2
118.0
100.9
85.10
71.75
61.31
54.75
49.82
46.01
43.11
41.34
38.73
37.65
36.01
33.23
32.20
30.76
30.53
28.54
27.63
24.81
22.59
19.26
17.89
15.69
14.89
13.34
11.70
10.08
8.982
7.338
5.857
4.736
3.900
3.302
2.897
2.561
2.346
2.154
1.960
1.774
1.605
1.466
1.383
1.347
1.333
1.323
1.309
1.295
1.281
1.268
1.253
1.241
1.223
1.207
1.187
1.167
1.145
1.124
1.106
1.081
1.059
1.036
1.012
0.9883
0.9655
0.9435
0.9220
0.9021
0.8816
0.8611
0.8412
0.8228
0.8025
0.7866
0.7692
0.7570
0.7433
0.7304
0.7136
0.7027
0.6919
0.6809
0.6711
0.6613
0.6543
0.6445
0.6377
0.6336
0.6267
0.6197
0.6139
0.6079
0.6011
0.5979
0.5891
0.5833
0.5802
0.5744
0.5694
0.5645
0.5586
0.5566
0.5536
0.5527
0.5516
0.5428
0.5408
0.5378
0.5359
0.5348
0.5319
0.5319
0.5319
0.5299
0.5290
0.5299
0.5269
0.5239
0.5190
0.5140
0.5071
0.5031
0.4969
0.4861
0.4735
0.4696
0.4676
0.4657
0.4617
0.4617
0.4617
0.4627
0.4637
0.4627
0.4627
0.4628
0.4638
0.4657
0.4677
0.4706
0.4718
0.4776
0.4805
0.4825
0.4865
0.4874
0.4866
0.4924
0.4963
0.4963
0.4953
0.4953
0.4953
0.4953
0.4953
0.4953
0.4953
0.4944
0.4963
0.4924
0.4883
0.4834
0.4775
0.4724
0.4665
0.4606
0.4528
0.4468
0.4429
0.4429
0.4419
0.4399
0.4354
0.4162
0.3783
0.3311
0.2950
0.2758
0.2749
0.2758
0.2748
0.2709
0.2699
0.2678
0.2630
0.2590
0.2590
0.2560
0.2521
0.2511
0.2472
0.2481
0.2462
0.2452
0.2442
0.2422
0.2422
0.2403
0.2403
0.2412
0.2393
0.2393
0.2393
0.2393
0.2393
0.2393
0.2393
0.2393
0.2413
0.2432
0.2432
0.2433
0.2452
0.2462
0.2452
0.2452
0.2452
0.2462
0.2482
0.2501
0.2501
0.2502
0.2521
74.19
77.58
82.88
81.75
85.71
87.87
87.77
83.90
83.29
82.83
78.15
73.68
71.89
67.91
66.96
66.07
65.68
66.43
67.35
69.68
73.62
80.49
83.62
88.43
91.51
92.62
92.92
93.44
93.25
89.28
87.89
89.60
92.21
94.07
95.90
95.47
95.16
93.33
94.14
94.68
96.00
96.93
97.97
99.08
102.0
104.0
105.3
109.1
114.2
117.0
119.4
120.1
117.4
113.8
115.4
116.4
117.3
118.9
120.7
122.5
124.9
130.3
136.4
142.3
146.8
151.1
153.5
155.9
158.2
160.6
163.0
165.4
167.9
170.3
172.8
175.2
177.6
180.1
182.7
185.3
188.0
190.8
193.8
196.5
199.3
202.2
205.1
208.0
211.0
213.9
217.0
219.8
222.7
225.6
228.4
231.2
233.9
236.9
239.7
242.7
245.6
248.6
251.6
254.7
257.7
260.7
263.6
266.4
269.4
272.3
275.3
278.2
281.2
284.3
287.5
290.7
293.5
296.1
298.3
300.2
301.4
302.3
302.4
301.3
300.0
297.3
294.0
288.8
282.1
273.9
264.9
255.7
246.4
237.2
228.5
220.5
212.1
202.3
190.9
176.2
158.2
139.2
120.4
101.4
85.17
72.63
61.35
53.71
47.92
42.46
38.41
35.77
35.37
33.74
32.16
32.69
31.12
29.49
28.35
25.42
24.05
21.35
18.54
17.00
15.72
12.73
10.38
7.252
5.455
4.063
3.008
2.237
1.803
1.531
1.308
1.120
0.9351
0.7645
0.6072
0.4913
0.4301
0.4143
0.4133
0.4133
0.4133
0.4152
0.4172
0.4201
0.4222
0.4251
0.4261
0.4271
0.4281
0.4271
0.4281
0.4281
0.4281
0.4301
0.4301
0.4301
0.4301
0.4301
0.4301
0.4301
0.4301
0.4301
0.4320
0.4311
0.4311
0.4350
0.4370
0.4379
0.4380
0.4380
0.4390
0.4400
0.4419
0.4429
0.4439
0.4449
0.4488
0.4479
0.4528
0.4548
0.4568
0.4568
0.4597
0.4607
0.4636
0.4656
0.4657
0.4676
0.4706
0.4716
0.4706
0.4706
0.4726
0.4755
0.4756
0.4756
0.4794
0.4834
0.4864
0.4884
0.4904
0.4914
0.4943
0.4944
0.4944
0.4944
0.4944
0.4963
0.4953
0.4953
0.4973
0.4964
0.4963
0.4954
0.4944
0.4924
0.4886
0.4855
0.4845
0.4845
0.4835
0.4835
0.4835
0.4835
0.4835
0.4835
0.4835
0.4845
0.4874
0.4903
0.4962
0.5002
0.5003
0.5052
0.5081
0.5092
0.5160
0.5190
0.5229
0.5279
0.5289
0.5299
0.5329
0.5349
0.5358
0.5359
0.5378
0.5388
0.5379
0.5379
0.5349
0.5349
0.5329
0.5319
0.5329
0.5300
0.5191
0.4936
0.4603
0.4098
0.3677
0.3372
0.3098
0.3085
0.3046
0.3036
0.3016
0.3016
0.2996
0.2976
0.2956
0.2937
0.2907
0.2917
0.2868
0.2857
0.2838
0.2818
0.2789
0.2779
0.2768
0.2730
0.2710
0.2689
0.2640
0.2640
0.2601
0.2600
0.2590
0.2551
0.2551
0.2541
0.2541
0.2512
0.2502
0.2482
0.2472
0.2443
0.2432
0.2423
0.2432
0.2403
0.2403
0.2403
0.2403
0.2403
0.2403
0.2403
0.2403
0.2403
0.2403
0.2403
0.2403
0.2403
0.2412
0.2412
0.2422
75.85
75.78
81.65
83.21
84.43
87.82
88.45
86.10
85.63
82.21
79.04
74.51
72.50
76.83
76.19
76.35
76.24
78.96
76.85
79.94
79.82
78.15
77.26
79.02
80.15
82.15
80.15
86.59
90.91
91.82
92.01
94.99
94.43
96.18
98.73
98.58
98.82
96.71
97.85
96.52
101.1
103.1
103.5
103.1
101.0
103.1
104.1
109.3
108.9
108.8
108.4
108.9
112.9
116.4
119.0
116.5
116.5
118.2
124.3
128.8
134.9
135.6
136.0
140.4
144.2
149.0
151.3
153.5
156.7
160.2
165.4
169.6
172.2
174.5
176.7
178.8
181.1
183.4
185.7
188.0
190.5
192.9
195.2
197.6
200.1
202.6
205.2
207.7
210.2
212.6
215.1
217.4
220.0
222.7
225.3
228.1
231.2
234.1
237.2
240.1
243.2
246.5
249.5
252.7
255.8
258.9
262.1
265.5
269.0
272.8
276.4
279.8
283.6
287.1
290.8
294.5
298.4
302.4
306.6
310.7
314.8
318.9
323.1
326.8
330.5
333.8
336.6
339.0
340.6
341.5
340.6
338.5
334.7
328.5
319.5
308.0
294.0
276.9
258.4
238.6
218.1
195.8
174.5
153.7
134.2
115.2
98.37
82.94
71.80
61.93
56.85
51.94
49.33
45.81
44.80
40.55
39.71
34.98
31.22
31.07
26.25
22.91
18.89
18.49
15.84
14.20
13.33
11.04
8.939
6.989
5.089
3.980
3.309
2.957
2.657
2.414
2.204
1.999
1.807
1.635
1.522
1.453
1.431
1.416
1.402
1.387
1.372
1.358
1.342
1.325
1.307
1.286
1.270
1.246
1.226
1.205
1.180
1.154
1.132
1.106
1.081
1.057
1.031
1.008
0.9845
0.9614
0.9370
0.9173
0.8966
0.8759
0.8569
0.8382
0.8194
0.8014
0.7859
0.7709
0.7561
0.7431
0.7304
0.7205
0.7068
0.6940
0.6860
0.6732
0.6662
0.6583
0.6485
0.6446
0.6367
0.6316
0.6239
0.6168
0.6109
0.6050
0.6011
0.5922
0.5892
0.5832
0.5774
0.5764
0.5754
0.5704
0.5645
0.5615
0.5586
0.5546
0.5527
0.5507
0.5497
0.5487
0.5477
0.5457
0.5438
0.5428
0.5428
0.5369
0.5348
0.5308
0.5259
0.5199
0.5129
0.5023
0.5002
0.4884
0.4835
0.4795
0.4785
0.4785
0.4785
0.4785
0.4785
0.4785
0.4785
0.4786
0.4806
0.4825
0.4835
0.4845
0.4895
0.4924
0.4925
0.4973
0.5013
0.5022
0.5013
0.5013
0.5013
0.5013
0.5013
0.5013
0.5013
0.5013
0.5013
0.5013
0.5013
0.5013
0.5022
0.5002
0.4953
0.4922
0.4854
0.4804
0.4745
0.4695
0.4605
0.4508
0.4449
0.4419
0.4409
0.4367
0.4184
0.3913
0.3669
0.3353
0.3091
0.2867
0.2739
0.2738
0.2689
0.2679
0.2659
0.2629
0.2590
0.2580
0.2550
0.2521
0.2510
0.2462
0.2461
0.2442
0.2432
0.2422
0.2412
0.2392
0.2383
0.2373
0.2363
0.2363
0.2363
0.2363
0.2363
0.2363
0.2373
0.2383
0.2373
0.2383
0.2403
0.2412
0.2413
0.2422
0.2422
0.2422
0.2423
0.2442
0.2452
0.2462
0.2462
0.2462
0.2462
0.2462
0.2462
78.39
77.33
81.49
82.11
84.24
87.77
95.65
94.34
86.52
83.02
82.54
74.86
74.41
73.27
71.79
73.93
73.51
74.18
72.63
70.86
67.85
68.03
70.97
71.53
74.54
80.17
83.83
85.82
90.42
91.01
95.77
99.46
101.6
99.03
101.4
101.6
99.93
100.0
100.8
100.6
104.5
108.1
107.3
112.0
109.3
108.0
109.6
110.2
113.7
116.3
118.5
122.4
124.0
128.4
130.8
132.6
134.7
136.3
136.7
141.1
145.5
148.9
157.0
163.8
167.7
178.0
181.1
184.1
187.1
190.0
193.1
196.5
200.2
204.1
208.3
212.8
216.9
221.4
225.7
229.4
232.4
235.3
238.1
240.9
243.6
246.3
248.8
251.5
254.5
257.8
261.0
264.7
268.4
272.3
276.1
280.2
283.7
287.3
290.7
293.9
297.2
300.5
303.7
306.9
310.1
313.2
316.3
319.5
322.8
326.0
329.4
332.9
336.4
340.4
344.0
348.0
352.0
356.4
360.6
365.7
370.6
376.0
380.9
385.3
389.3
392.2
394.3
394.5
392.9
389.7
385.2
378.8
372.0
362.4
352.7
340.6
326.0
307.5
286.2
263.9
239.5
213.8
186.9
161.8
134.8
111.4
92.63
80.08
70.03
62.04
56.63
51.69
47.48
43.94
43.22
40.96
41.19
38.00
35.25
33.99
29.17
26.64
24.06
21.99
19.12
15.96
13.40
9.342
7.435
6.070
4.846
4.000
3.496
3.150
2.860
2.605
2.364
2.121
1.900
1.739
1.622
1.561
1.539
1.526
1.515
1.503
1.493
1.481
1.469
1.453
1.436
1.419
1.402
1.380
1.358
1.334
1.309
1.283
1.255
1.225
1.195
1.166
1.137
1.106
1.073
1.042
1.011
0.9810
0.9525
0.9252
0.8970
0.8716
0.8465
0.8222
0.8029
0.7814
0.7626
0.7437
0.7289
0.7122
0.6972
0.6853
0.6756
0.6635
0.6537
0.6458
0.6359
0.6280
0.6210
0.6132
0.6082
0.6022
0.5963
0.5933
0.5875
0.5825
0.5784
0.5755
0.5715
0.5676
0.5636
0.5597
0.5557
0.5527
0.5508
0.5478
0.5468
0.5428
0.5409
0.5379
0.5369
0.5359
0.5359
0.5349
0.5329
0.5339
0.5319
0.5300
0.5309
0.5290
0.5290
0.5260
0.5212
0.5172
0.5142
0.5064
0.4896
0.4737
0.4697
0.4524
0.4431
0.4429
0.4420
0.4400
0.4419
0.4381
0.4390
0.4380
0.4380
0.4370
0.4370
0.4370
0.4380
0.4419
0.4449
0.4518
0.4577
0.4665
0.4735
0.4805
0.4883
0.4932
0.5011
0.5051
0.5101
0.5178
0.5239
0.5221
0.5230
0.5240
0.5250
0.5240
0.5269
0.5260
0.5260
0.5279
0.5251
0.5211
0.5142
0.5063
0.4984
0.4925
0.4865
0.4816
0.4632
0.4285
0.3949
0.3733
0.3410
0.3112
0.2865
0.2828
0.2798
0.2769
0.2749
0.2739
0.2720
0.2690
0.2670
0.2641
0.2620
0.2591
0.2571
0.2561
0.2541
0.2522
0.2483
0.2472
0.2442
0.2442
0.2432
0.2422
0.2403
0.2393
0.2373
0.2363
0.2343
0.2334
0.2333
0.2333
0.2333
0.2353
0.2343
0.2343
0.2343
0.2343
0.2343
0.2343
0.2343
0.2363
0.2412
