SALVI
1
0
24
15.00
181
1.00

231102 OCH 5050 350 F2MD PMMA TRANSL

231102 OCH 5050 350 F2MD PMMA TRANSL.ldt
14 November 2023/TB
760
0
225
320
60
0
0
0
0
99.5
100.0
1.000
0.0
1
1
16 LED
4209.9


40.8
0.232
0.320
0.410
0.488
0.545
0.634
0.683
0.731
0.788
0.824
0.0
15.0
30.0
45.0
60.0
75.0
90.0
105.0
120.0
135.0
150.0
165.0
180.0
195.0
210.0
225.0
240.0
255.0
270.0
285.0
300.0
315.0
330.0
345.0
0.0
1.0
2.0
3.0
4.0
5.0
6.0
7.0
8.0
9.0
10.0
11.0
12.0
13.0
14.0
15.0
16.0
17.0
18.0
19.0
20.0
21.0
22.0
23.0
24.0
25.0
26.0
27.0
28.0
29.0
30.0
31.0
32.0
33.0
34.0
35.0
36.0
37.0
38.0
39.0
40.0
41.0
42.0
43.0
44.0
45.0
46.0
47.0
48.0
49.0
50.0
51.0
52.0
53.0
54.0
55.0
56.0
57.0
58.0
59.0
60.0
61.0
62.0
63.0
64.0
65.0
66.0
67.0
68.0
69.0
70.0
71.0
72.0
73.0
74.0
75.0
76.0
77.0
78.0
79.0
80.0
81.0
82.0
83.0
84.0
85.0
86.0
87.0
88.0
89.0
90.0
91.0
92.0
93.0
94.0
95.0
96.0
97.0
98.0
99.0
100.0
101.0
102.0
103.0
104.0
105.0
106.0
107.0
108.0
109.0
110.0
111.0
112.0
113.0
114.0
115.0
116.0
117.0
118.0
119.0
120.0
121.0
122.0
123.0
124.0
125.0
126.0
127.0
128.0
129.0
130.0
131.0
132.0
133.0
134.0
135.0
136.0
137.0
138.0
139.0
140.0
141.0
142.0
143.0
144.0
145.0
146.0
147.0
148.0
149.0
150.0
151.0
152.0
153.0
154.0
155.0
156.0
157.0
158.0
159.0
160.0
161.0
162.0
163.0
164.0
165.0
166.0
167.0
168.0
169.0
170.0
171.0
172.0
173.0
174.0
175.0
176.0
177.0
178.0
179.0
180.0
208.2
202.2
226.2
229.8
215.7
202.6
181.9
174.0
175.8
181.5
187.6
198.4
203.6
203.7
212.9
214.6
229.8
241.1
252.1
259.0
270.9
267.7
273.9
274.4
269.3
281.6
276.7
284.6
292.4
297.9
314.6
323.9
335.3
340.5
343.2
345.6
347.3
348.8
349.8
350.8
351.2
351.5
351.4
351.1
350.5
349.4
348.0
346.3
344.4
342.1
339.1
336.0
332.4
328.4
324.0
319.2
313.9
308.2
302.1
295.7
288.8
281.4
273.8
265.8
257.3
248.7
239.7
230.5
220.9
211.1
200.9
190.5
179.7
168.7
157.5
146.3
135.2
124.1
113.2
102.4
91.76
81.53
71.02
59.98
48.29
36.71
25.87
16.68
9.153
3.813
1.177
0.4239
0.4611
0.5145
0.5630
0.6014
0.6260
0.6493
0.6728
0.6962
0.7217
0.7451
0.7673
0.7826
0.8000
0.8177
0.8316
0.8374
0.8386
0.8398
0.8409
0.8409
0.8409
0.8398
0.8398
0.8386
0.8374
0.8363
0.8317
0.8281
0.8269
0.8246
0.8234
0.8235
0.8269
0.8293
0.8304
0.8317
0.8363
0.8398
0.8409
0.8409
0.8293
0.8140
0.7510
0.7108
0.6564
0.6412
0.6377
0.6366
0.6389
0.6459
0.6611
0.6845
0.7135
0.7441
0.7754
0.8037
0.8223
0.8362
0.8444
0.8467
0.8479
0.8479
0.8247
0.8025
0.7755
0.7498
0.6348
0.5379
0.4660
0.3586
0.3597
0.3574
0.3574
0.3574
0.3574
0.3574
0.3574
0.3586
0.3586
0.3586
0.3586
0.3586
0.3586
0.3609
0.3598
0.3609
0.3609
0.3621
0.3621
194.5
204.5
216.7
237.5
219.1
205.4
188.8
188.6
186.7
182.4
176.8
182.7
194.2
211.0
231.1
246.5
253.9
254.3
247.8
248.8
253.1
258.2
258.2
256.0
256.8
262.6
271.2
278.0
282.4
282.9
293.1
306.3
321.5
336.1
342.1
347.5
352.8
358.1
362.8
367.3
371.2
375.3
378.7
381.5
384.2
386.5
388.1
389.5
390.0
390.2
389.7
388.6
386.8
384.3
381.4
377.8
373.4
368.9
363.3
357.2
350.6
343.3
335.5
327.2
318.2
308.7
298.8
288.6
277.8
266.3
254.4
241.8
228.7
215.3
201.7
187.9
174.0
160.4
146.7
133.2
119.9
106.9
93.80
80.31
65.77
50.79
36.37
23.97
13.62
6.115
2.313
1.359
1.331
1.316
1.302
1.276
1.244
1.206
1.168
1.121
1.079
1.034
0.9914
0.9504
0.9095
0.8710
0.8407
0.8128
0.7905
0.7720
0.7603
0.7474
0.7381
0.7288
0.7218
0.7206
0.7183
0.7171
0.7136
0.7136
0.7136
0.7136
0.7148
0.7148
0.7183
0.7218
0.7253
0.7241
0.7253
0.7230
0.7240
0.7157
0.6981
0.6604
0.6037
0.5583
0.5583
0.5571
0.5571
0.5584
0.5643
0.5771
0.5946
0.6193
0.6460
0.6765
0.7067
0.7218
0.7324
0.7429
0.7475
0.7486
0.7451
0.7380
0.7182
0.7006
0.6879
0.6724
0.5429
0.4239
0.3282
0.3329
0.3329
0.3364
0.3422
0.3434
0.3457
0.3493
0.3516
0.3539
0.3586
0.3656
0.3703
0.3773
0.3831
0.3878
0.3960
0.4007
0.4076
0.4088
0.4076
188.0
207.6
218.5
224.5
217.0
199.4
191.8
196.1
202.6
205.6
205.5
206.3
211.2
216.9
239.0
243.3
248.1
256.7
256.0
256.9
259.3
261.0
258.2
260.3
262.5
257.8
258.5
260.0
263.7
272.8
282.8
290.0
296.8
305.1
311.4
318.5
325.1
328.4
331.3
333.9
336.5
339.0
341.1
343.2
345.0
346.5
347.7
348.6
348.7
348.7
348.0
346.8
345.0
342.8
339.9
336.3
331.9
327.1
321.8
315.6
309.0
301.8
294.0
285.5
276.9
267.8
258.2
248.2
238.1
227.2
216.2
204.6
192.7
180.7
168.8
156.6
144.6
132.7
120.9
109.3
97.92
86.95
76.34
65.94
54.89
42.78
30.46
19.61
11.27
5.223
1.956
1.154
1.124
1.104
1.083
1.061
1.040
1.021
0.9977
0.9754
0.9498
0.9242
0.8974
0.8681
0.8458
0.8201
0.8003
0.7849
0.7687
0.7581
0.7441
0.7359
0.7277
0.7242
0.7195
0.7160
0.7067
0.6997
0.6927
0.6892
0.6879
0.6844
0.6844
0.6844
0.6844
0.6844
0.6856
0.6868
0.6868
0.6868
0.6775
0.6472
0.6355
0.6284
0.6179
0.6097
0.6039
0.6027
0.6015
0.6015
0.6050
0.6120
0.6247
0.6342
0.6412
0.6377
0.6377
0.6377
0.6377
0.6377
0.6366
0.6192
0.5970
0.5863
0.5852
0.5713
0.4569
0.3240
0.2879
0.2896
0.2897
0.2920
0.2920
0.2920
0.2931
0.2966
0.3002
0.3048
0.3095
0.3153
0.3200
0.3305
0.3409
0.3480
0.3539
0.3585
0.3702
0.3830
0.3924
0.4018
0.4053
185.8
205.5
217.2
224.6
215.5
198.2
184.6
167.7
171.3
179.1
196.6
225.7
245.6
249.3
244.8
241.1
248.4
255.7
250.1
246.9
250.5
256.1
261.8
274.1
288.3
294.5
285.8
277.8
277.3
284.2
292.9
309.6
325.4
334.5
338.7
342.4
345.8
349.1
351.9
354.3
356.4
358.2
359.3
360.1
360.1
359.7
358.6
356.9
354.7
351.7
348.1
343.7
338.8
333.2
326.8
320.3
312.9
305.3
297.0
288.4
279.5
270.1
260.3
250.4
240.3
229.9
219.4
209.0
198.4
187.8
177.2
166.5
155.8
145.2
134.7
124.3
113.9
103.9
93.96
84.36
75.03
66.11
57.61
49.46
41.80
33.95
25.42
16.41
8.651
3.589
0.9800
0.2897
0.3002
0.3131
0.3247
0.3318
0.3399
0.3435
0.3481
0.3504
0.3516
0.3539
0.3539
0.3551
0.3551
0.3551
0.3574
0.3597
0.3610
0.3703
0.3750
0.3797
0.3855
0.3936
0.3983
0.4089
0.4171
0.4275
0.4345
0.4427
0.4557
0.4696
0.4789
0.4941
0.5023
0.5116
0.5139
0.5139
0.5139
0.5151
0.5163
0.5209
0.5245
0.5351
0.5503
0.5726
0.5887
0.6099
0.6286
0.6472
0.6636
0.6812
0.7009
0.7102
0.7148
0.7135
0.7078
0.7043
0.7031
0.7065
0.6715
0.5843
0.4191
0.2873
0.2511
0.2523
0.2546
0.2558
0.2617
0.2686
0.2698
0.2757
0.2804
0.2850
0.2897
0.2967
0.3002
0.3072
0.3155
0.3212
0.3295
0.3411
0.3482
0.3610
0.3703
0.3785
0.3936
0.4006
0.4088
0.4111
0.4146
190.7
199.0
215.8
227.4
216.8
184.7
178.0
192.3
191.1
184.5
198.1
205.7
210.2
228.1
247.8
253.5
244.9
244.4
250.3
267.5
281.6
286.0
284.6
279.3
281.9
284.4
288.7
299.2
304.1
309.9
319.2
328.7
342.0
351.6
359.7
369.5
374.9
377.4
379.3
380.7
381.1
380.8
379.8
378.0
375.4
372.0
367.9
363.1
357.4
350.9
344.1
336.5
328.4
319.8
310.7
301.2
291.3
281.0
270.7
260.2
249.6
238.8
228.1
217.3
206.8
196.2
185.9
175.5
165.3
155.1
145.2
135.6
126.0
116.5
107.5
98.64
89.89
81.40
73.31
65.43
57.72
50.47
43.61
37.07
30.59
24.09
17.48
11.34
6.435
2.954
0.9381
0.5654
0.5525
0.5490
0.5443
0.5374
0.5349
0.5291
0.5268
0.5233
0.5233
0.5163
0.5093
0.5046
0.5011
0.4952
0.4906
0.4882
0.4859
0.4836
0.4835
0.4835
0.4824
0.4824
0.4824
0.4824
0.4824
0.4824
0.4824
0.4824
0.4824
0.4847
0.4905
0.4952
0.5114
0.5162
0.5220
0.5336
0.5419
0.5419
0.5419
0.5396
0.5315
0.5314
0.5279
0.5279
0.5256
0.5267
0.5337
0.5512
0.5710
0.5886
0.6083
0.6212
0.6306
0.6458
0.6540
0.6645
0.6727
0.6728
0.6669
0.6587
0.6437
0.6285
0.6261
0.5876
0.4692
0.3137
0.2458
0.2453
0.2453
0.2488
0.2499
0.2522
0.2558
0.2627
0.2686
0.2756
0.2849
0.2907
0.2943
0.3094
0.3200
0.3363
0.3445
0.3527
0.3724
0.3784
0.3912
0.4018
0.4135
197.9
187.3
209.7
236.1
242.9
203.8
194.7
195.3
204.3
204.5
190.0
205.6
239.3
258.8
250.8
250.5
263.3
283.7
312.0
315.4
300.6
277.4
275.3
285.0
306.1
326.3
327.7
333.2
333.0
338.5
352.5
365.9
389.9
406.8
413.0
418.1
422.1
425.7
427.9
429.4
429.9
429.3
427.6
424.8
421.1
416.2
410.3
403.4
395.8
386.9
377.5
367.6
357.1
345.8
334.4
322.4
310.2
298.1
285.9
273.5
261.4
249.2
237.3
225.3
213.8
202.3
191.1
180.1
169.4
158.8
148.5
138.3
128.2
118.6
109.3
100.1
91.13
82.63
74.26
66.24
58.50
51.08
44.00
36.89
29.92
23.05
16.71
10.97
6.198
2.539
0.8022
0.5349
0.5338
0.5338
0.5349
0.5302
0.5244
0.5174
0.5127
0.5127
0.5126
0.5068
0.5010
0.4963
0.4870
0.4859
0.4859
0.4859
0.4859
0.4859
0.4859
0.4859
0.4859
0.4859
0.4870
0.4870
0.4870
0.4870
0.4882
0.4906
0.4929
0.4941
0.4976
0.5011
0.5093
0.5129
0.5257
0.5361
0.5420
0.5454
0.5454
0.5453
0.5313
0.5208
0.4940
0.4707
0.4765
0.4765
0.4766
0.4801
0.4918
0.5095
0.5330
0.5633
0.5959
0.6321
0.6708
0.7009
0.7150
0.7348
0.7545
0.7639
0.7650
0.7614
0.7485
0.7252
0.7159
0.7066
0.6128
0.3303
0.2605
0.2640
0.2675
0.2745
0.2780
0.2839
0.2897
0.2956
0.3026
0.3096
0.3200
0.3318
0.3423
0.3528
0.3633
0.3750
0.3890
0.3995
0.4123
0.4146
0.4146
201.0
180.8
213.4
230.5
240.6
215.2
214.4
188.3
184.5
191.0
207.3
248.1
273.2
222.0
200.9
226.1
243.4
301.4
345.9
350.3
315.5
312.7
319.0
336.3
361.5
352.3
355.5
357.4
368.5
391.1
404.8
429.8
445.9
450.3
452.4
454.5
455.5
455.3
454.3
452.8
449.8
446.1
441.4
435.5
428.9
421.2
413.0
403.8
394.2
383.9
372.6
361.3
349.7
337.4
325.1
312.8
300.3
287.6
275.3
263.0
250.8
238.9
227.0
215.5
204.3
193.3
182.4
171.8
161.8
151.6
141.5
131.8
122.3
113.2
104.1
95.15
86.67
78.36
70.58
62.80
55.32
48.37
41.26
34.07
27.12
20.60
14.70
9.300
4.747
1.676
0.2865
0.1807
0.1799
0.2030
0.2356
0.2497
0.2686
0.2756
0.2849
0.2966
0.3106
0.3247
0.3432
0.3597
0.3667
0.3760
0.3923
0.3994
0.4133
0.4250
0.4344
0.4461
0.4532
0.4601
0.4671
0.4718
0.4742
0.4765
0.4765
0.4789
0.4812
0.4882
0.4882
0.4905
0.4929
0.5022
0.5091
0.5186
0.5301
0.5441
0.5466
0.5535
0.5630
0.5630
0.5630
0.5119
0.4863
0.4835
0.4835
0.4835
0.4858
0.4997
0.5253
0.5603
0.5952
0.6377
0.6817
0.7282
0.7541
0.7685
0.7871
0.8079
0.8222
0.8315
0.8293
0.8107
0.7853
0.7662
0.7524
0.5092
0.2705
0.2640
0.2640
0.2640
0.2640
0.2640
0.2663
0.2778
0.2849
0.2873
0.2943
0.3083
0.3246
0.3317
0.3410
0.3597
0.3690
0.3760
0.3971
0.4018
0.4135
197.9
187.3
209.7
236.1
242.9
203.8
194.7
195.3
204.3
204.5
190.0
205.6
239.3
258.8
250.8
250.5
263.3
283.7
312.0
315.4
300.6
277.4
275.3
285.0
306.1
326.3
327.7
333.2
333.0
338.5
352.5
365.9
389.9
406.8
413.0
418.1
422.1
425.7
427.9
429.4
429.9
429.3
427.6
424.8
421.1
416.2
410.3
403.4
395.8
386.9
377.5
367.6
357.1
345.8
334.4
322.4
310.2
298.1
285.9
273.5
261.4
249.2
237.3
225.3
213.8
202.3
191.1
180.1
169.4
158.8
148.5
138.3
128.2
118.6
109.3
100.1
91.13
82.63
74.26
66.24
58.50
51.08
44.00
36.89
29.92
23.05
16.71
10.97
6.198
2.539
0.8022
0.5349
0.5338
0.5338
0.5349
0.5302
0.5244
0.5174
0.5127
0.5127
0.5126
0.5068
0.5010
0.4963
0.4870
0.4859
0.4859
0.4859
0.4859
0.4859
0.4859
0.4859
0.4859
0.4859
0.4870
0.4870
0.4870
0.4870
0.4882
0.4906
0.4929
0.4941
0.4976
0.5011
0.5093
0.5129
0.5257
0.5361
0.5420
0.5454
0.5454
0.5453
0.5313
0.5208
0.4940
0.4707
0.4765
0.4765
0.4766
0.4801
0.4918
0.5095
0.5330
0.5633
0.5959
0.6321
0.6708
0.7009
0.7150
0.7348
0.7545
0.7639
0.7650
0.7614
0.7485
0.7252
0.7159
0.7066
0.6128
0.3303
0.2605
0.2640
0.2675
0.2745
0.2780
0.2839
0.2897
0.2956
0.3026
0.3096
0.3200
0.3318
0.3423
0.3528
0.3633
0.3750
0.3890
0.3995
0.4123
0.4146
0.4146
190.7
199.0
215.8
227.4
216.8
184.7
178.0
192.3
191.1
184.5
198.1
205.7
210.2
228.1
247.8
253.5
244.9
244.4
250.3
267.5
281.6
286.0
284.6
279.3
281.9
284.4
288.7
299.2
304.1
309.9
319.2
328.7
342.0
351.6
359.7
369.5
374.9
377.4
379.3
380.7
381.1
380.8
379.8
378.0
375.4
372.0
367.9
363.1
357.4
350.9
344.1
336.5
328.4
319.8
310.7
301.2
291.3
281.0
270.7
260.2
249.6
238.8
228.1
217.3
206.8
196.2
185.9
175.5
165.3
155.1
145.2
135.6
126.0
116.5
107.5
98.64
89.89
81.40
73.31
65.43
57.72
50.47
43.61
37.07
30.59
24.09
17.48
11.34
6.435
2.954
0.9381
0.5654
0.5525
0.5490
0.5443
0.5374
0.5349
0.5291
0.5268
0.5233
0.5233
0.5163
0.5093
0.5046
0.5011
0.4952
0.4906
0.4882
0.4859
0.4836
0.4835
0.4835
0.4824
0.4824
0.4824
0.4824
0.4824
0.4824
0.4824
0.4824
0.4824
0.4847
0.4905
0.4952
0.5114
0.5162
0.5220
0.5336
0.5419
0.5419
0.5419
0.5396
0.5315
0.5314
0.5279
0.5279
0.5256
0.5267
0.5337
0.5512
0.5710
0.5886
0.6083
0.6212
0.6306
0.6458
0.6540
0.6645
0.6727
0.6728
0.6669
0.6587
0.6437
0.6285
0.6261
0.5876
0.4692
0.3137
0.2458
0.2453
0.2453
0.2488
0.2499
0.2522
0.2558
0.2627
0.2686
0.2756
0.2849
0.2907
0.2943
0.3094
0.3200
0.3363
0.3445
0.3527
0.3724
0.3784
0.3912
0.4018
0.4135
185.8
205.5
217.2
224.6
215.5
198.2
184.6
167.7
171.3
179.1
196.6
225.7
245.6
249.3
244.8
241.1
248.4
255.7
250.1
246.9
250.5
256.1
261.8
274.1
288.3
294.5
285.8
277.8
277.3
284.2
292.9
309.6
325.4
334.5
338.7
342.4
345.8
349.1
351.9
354.3
356.4
358.2
359.3
360.1
360.1
359.7
358.6
356.9
354.7
351.7
348.1
343.7
338.8
333.2
326.8
320.3
312.9
305.3
297.0
288.4
279.5
270.1
260.3
250.4
240.3
229.9
219.4
209.0
198.4
187.8
177.2
166.5
155.8
145.2
134.7
124.3
113.9
103.9
93.96
84.36
75.03
66.11
57.61
49.46
41.80
33.95
25.42
16.41
8.651
3.589
0.9800
0.2897
0.3002
0.3131
0.3247
0.3318
0.3399
0.3435
0.3481
0.3504
0.3516
0.3539
0.3539
0.3551
0.3551
0.3551
0.3574
0.3597
0.3610
0.3703
0.3750
0.3797
0.3855
0.3936
0.3983
0.4089
0.4171
0.4275
0.4345
0.4427
0.4557
0.4696
0.4789
0.4941
0.5023
0.5116
0.5139
0.5139
0.5139
0.5151
0.5163
0.5209
0.5245
0.5351
0.5503
0.5726
0.5887
0.6099
0.6286
0.6472
0.6636
0.6812
0.7009
0.7102
0.7148
0.7135
0.7078
0.7043
0.7031
0.7065
0.6715
0.5843
0.4191
0.2873
0.2511
0.2523
0.2546
0.2558
0.2617
0.2686
0.2698
0.2757
0.2804
0.2850
0.2897
0.2967
0.3002
0.3072
0.3155
0.3212
0.3295
0.3411
0.3482
0.3610
0.3703
0.3785
0.3936
0.4006
0.4088
0.4111
0.4146
188.0
207.6
218.5
224.5
217.0
199.4
191.8
196.1
202.6
205.6
205.5
206.3
211.2
216.9
239.0
243.3
248.1
256.7
256.0
256.9
259.3
261.0
258.2
260.3
262.5
257.8
258.5
260.0
263.7
272.8
282.8
290.0
296.8
305.1
311.4
318.5
325.1
328.4
331.3
333.9
336.5
339.0
341.1
343.2
345.0
346.5
347.7
348.6
348.7
348.7
348.0
346.8
345.0
342.8
339.9
336.3
331.9
327.1
321.8
315.6
309.0
301.8
294.0
285.5
276.9
267.8
258.2
248.2
238.1
227.2
216.2
204.6
192.7
180.7
168.8
156.6
144.6
132.7
120.9
109.3
97.92
86.95
76.34
65.94
54.89
42.78
30.46
19.61
11.27
5.223
1.956
1.154
1.124
1.104
1.083
1.061
1.040
1.021
0.9977
0.9754
0.9498
0.9242
0.8974
0.8681
0.8458
0.8201
0.8003
0.7849
0.7687
0.7581
0.7441
0.7359
0.7277
0.7242
0.7195
0.7160
0.7067
0.6997
0.6927
0.6892
0.6879
0.6844
0.6844
0.6844
0.6844
0.6844
0.6856
0.6868
0.6868
0.6868
0.6775
0.6472
0.6355
0.6284
0.6179
0.6097
0.6039
0.6027
0.6015
0.6015
0.6050
0.6120
0.6247
0.6342
0.6412
0.6377
0.6377
0.6377
0.6377
0.6377
0.6366
0.6192
0.5970
0.5863
0.5852
0.5713
0.4569
0.3240
0.2879
0.2896
0.2897
0.2920
0.2920
0.2920
0.2931
0.2966
0.3002
0.3048
0.3095
0.3153
0.3200
0.3305
0.3409
0.3480
0.3539
0.3585
0.3702
0.3830
0.3924
0.4018
0.4053
194.5
204.5
216.7
237.5
219.1
205.4
188.8
188.6
186.7
182.4
176.8
182.7
194.2
211.0
231.1
246.5
253.9
254.3
247.8
248.8
253.1
258.2
258.2
256.0
256.8
262.6
271.2
278.0
282.4
282.9
293.1
306.3
321.5
336.1
342.1
347.5
352.8
358.1
362.8
367.3
371.2
375.3
378.7
381.5
384.2
386.5
388.1
389.5
390.0
390.2
389.7
388.6
386.8
384.3
381.4
377.8
373.4
368.9
363.3
357.2
350.6
343.3
335.5
327.2
318.2
308.7
298.8
288.6
277.8
266.3
254.4
241.8
228.7
215.3
201.7
187.9
174.0
160.4
146.7
133.2
119.9
106.9
93.80
80.31
65.77
50.79
36.37
23.97
13.62
6.115
2.313
1.359
1.331
1.316
1.302
1.276
1.244
1.206
1.168
1.121
1.079
1.034
0.9914
0.9504
0.9095
0.8710
0.8407
0.8128
0.7905
0.7720
0.7603
0.7474
0.7381
0.7288
0.7218
0.7206
0.7183
0.7171
0.7136
0.7136
0.7136
0.7136
0.7148
0.7148
0.7183
0.7218
0.7253
0.7241
0.7253
0.7230
0.7240
0.7157
0.6981
0.6604
0.6037
0.5583
0.5583
0.5571
0.5571
0.5584
0.5643
0.5771
0.5946
0.6193
0.6460
0.6765
0.7067
0.7218
0.7324
0.7429
0.7475
0.7486
0.7451
0.7380
0.7182
0.7006
0.6879
0.6724
0.5429
0.4239
0.3282
0.3329
0.3329
0.3364
0.3422
0.3434
0.3457
0.3493
0.3516
0.3539
0.3586
0.3656
0.3703
0.3773
0.3831
0.3878
0.3960
0.4007
0.4076
0.4088
0.4076
208.2
202.2
226.2
229.8
215.7
202.6
181.9
174.0
175.8
181.5
187.6
198.4
203.6
203.7
212.9
214.6
229.8
241.1
252.1
259.0
270.9
267.7
273.9
274.4
269.3
281.6
276.7
284.6
292.4
297.9
314.6
323.9
335.3
340.5
343.2
345.6
347.3
348.8
349.8
350.8
351.2
351.5
351.4
351.1
350.5
349.4
348.0
346.3
344.4
342.1
339.1
336.0
332.4
328.4
324.0
319.2
313.9
308.2
302.1
295.7
288.8
281.4
273.8
265.8
257.3
248.7
239.7
230.5
220.9
211.1
200.9
190.5
179.7
168.7
157.5
146.3
135.2
124.1
113.2
102.4
91.76
81.53
71.02
59.98
48.29
36.71
25.87
16.68
9.153
3.813
1.177
0.4239
0.4611
0.5145
0.5630
0.6014
0.6260
0.6493
0.6728
0.6962
0.7217
0.7451
0.7673
0.7826
0.8000
0.8177
0.8316
0.8374
0.8386
0.8398
0.8409
0.8409
0.8409
0.8398
0.8398
0.8386
0.8374
0.8363
0.8317
0.8281
0.8269
0.8246
0.8234
0.8235
0.8269
0.8293
0.8304
0.8317
0.8363
0.8398
0.8409
0.8409
0.8293
0.8140
0.7510
0.7108
0.6564
0.6412
0.6377
0.6366
0.6389
0.6459
0.6611
0.6845
0.7135
0.7441
0.7754
0.8037
0.8223
0.8362
0.8444
0.8467
0.8479
0.8479
0.8247
0.8025
0.7755
0.7498
0.6348
0.5379
0.4660
0.3586
0.3597
0.3574
0.3574
0.3574
0.3574
0.3574
0.3574
0.3586
0.3586
0.3586
0.3586
0.3586
0.3586
0.3609
0.3598
0.3609
0.3609
0.3621
0.3621
194.5
202.3
212.7
233.0
217.0
199.2
180.9
176.4
175.4
171.1
163.5
167.2
175.8
191.4
204.3
217.2
224.0
221.7
217.3
216.9
218.8
221.1
221.3
216.3
216.3
218.9
222.7
226.8
227.5
226.0
232.6
240.0
249.1
257.5
259.0
259.9
260.4
260.6
260.2
259.5
258.7
257.3
255.5
253.2
250.7
247.6
244.2
240.7
236.9
232.9
228.6
224.0
219.4
214.3
209.2
203.9
198.5
192.9
187.2
181.5
175.7
169.7
163.8
157.7
151.7
145.5
139.5
133.1
126.9
120.5
114.0
107.6
101.1
94.53
88.12
81.66
75.26
68.96
62.90
56.86
50.91
45.13
39.46
33.62
27.52
21.34
15.51
10.43
6.316
3.316
1.750
1.372
1.363
1.355
1.348
1.330
1.308
1.281
1.253
1.222
1.190
1.162
1.134
1.103
1.075
1.043
1.022
0.9977
0.9755
0.9556
0.9391
0.9228
0.9123
0.8995
0.8924
0.8842
0.8760
0.8679
0.8632
0.8562
0.8515
0.8457
0.8433
0.8433
0.8410
0.8409
0.8409
0.8409
0.8444
0.8468
0.8491
0.8388
0.8293
0.7920
0.7476
0.6965
0.6903
0.6810
0.6740
0.6716
0.6704
0.6809
0.6914
0.7157
0.7413
0.7717
0.7953
0.8115
0.8257
0.8339
0.8397
0.8467
0.8491
0.8445
0.8236
0.7966
0.7758
0.7432
0.6172
0.5161
0.4102
0.4077
0.4065
0.4053
0.4041
0.4030
0.4030
0.3995
0.3960
0.3959
0.3948
0.3913
0.3855
0.3854
0.3854
0.3889
0.3878
0.3878
0.3948
0.3983
0.4076
188.0
202.5
210.4
219.5
209.9
191.3
175.5
178.0
180.0
177.3
175.5
170.5
169.7
171.2
184.8
187.1
187.2
190.7
186.7
181.1
181.6
179.4
173.6
171.2
171.0
165.7
163.1
162.9
156.9
156.1
158.6
155.8
155.2
154.9
153.4
152.7
151.6
148.4
145.2
141.8
138.3
134.7
131.1
127.6
124.0
120.6
117.2
113.8
110.4
107.1
103.8
100.5
97.34
94.15
91.04
87.97
84.92
81.92
79.00
76.09
73.22
70.43
67.70
64.98
62.29
59.66
57.06
54.43
51.86
49.27
46.69
44.12
41.54
38.93
36.37
33.84
31.24
28.62
26.10
23.61
21.16
18.79
16.47
14.22
11.93
9.640
7.367
5.307
3.574
2.295
1.579
1.364
1.355
1.342
1.327
1.307
1.281
1.258
1.227
1.199
1.167
1.129
1.096
1.065
1.033
1.004
0.9786
0.9529
0.9342
0.9168
0.9028
0.8899
0.8805
0.8736
0.8689
0.8620
0.8573
0.8561
0.8561
0.8561
0.8573
0.8585
0.8608
0.8631
0.8643
0.8678
0.8690
0.8701
0.8595
0.8513
0.8301
0.8020
0.7719
0.7614
0.7533
0.7522
0.7533
0.7557
0.7592
0.7686
0.7780
0.7885
0.8036
0.8082
0.8094
0.8094
0.8094
0.8105
0.8035
0.7930
0.7812
0.7555
0.7345
0.7148
0.7087
0.6743
0.5809
0.4904
0.4216
0.4181
0.4158
0.4158
0.4146
0.4100
0.4099
0.4076
0.4065
0.4064
0.4040
0.3983
0.3983
0.3959
0.3960
0.3995
0.4041
0.4064
0.4053
0.4053
0.4088
0.4088
0.4088
185.8
200.6
209.4
212.6
200.9
181.7
166.3
147.2
144.9
144.4
153.2
168.0
177.3
176.2
169.6
159.8
160.2
159.9
153.8
147.8
144.3
140.1
137.7
135.6
136.5
136.0
128.7
121.1
116.3
112.2
108.8
108.3
106.9
105.2
101.9
98.53
95.31
92.16
89.01
85.90
82.78
79.82
76.99
74.27
71.67
69.30
66.98
64.78
62.66
60.67
58.73
56.90
55.13
53.40
51.74
50.12
48.54
47.00
45.48
43.98
42.48
40.98
39.52
38.04
36.56
35.10
33.62
32.16
30.70
29.24
27.75
26.24
24.73
23.17
21.61
20.03
18.42
16.84
15.25
13.66
12.11
10.65
9.245
7.860
6.540
5.232
3.929
2.744
1.683
0.8814
0.4958
0.4432
0.4531
0.4763
0.4905
0.5032
0.5127
0.5185
0.5243
0.5337
0.5407
0.5419
0.5431
0.5431
0.5454
0.5524
0.5571
0.5606
0.5687
0.5792
0.5828
0.5921
0.6026
0.6119
0.6201
0.6318
0.6446
0.6563
0.6657
0.6762
0.6878
0.7007
0.7147
0.7264
0.7380
0.7485
0.7498
0.7521
0.7533
0.7533
0.7533
0.7522
0.7522
0.7533
0.7533
0.7614
0.7731
0.7824
0.7953
0.8023
0.8139
0.8268
0.8316
0.8316
0.8339
0.8339
0.8212
0.8014
0.7850
0.7814
0.7606
0.6741
0.5436
0.4577
0.4532
0.4520
0.4520
0.4508
0.4497
0.4497
0.4497
0.4508
0.4462
0.4473
0.4439
0.4415
0.4380
0.4368
0.4345
0.4310
0.4321
0.4298
0.4263
0.4228
0.4216
0.4216
0.4216
0.4193
0.4193
0.4170
0.4158
190.7
191.5
201.3
208.2
199.4
167.2
149.9
156.0
151.8
138.0
139.9
142.4
138.6
143.6
153.5
154.9
146.5
138.5
131.6
132.2
131.4
128.6
123.8
115.9
108.4
102.9
97.06
93.87
91.41
86.88
84.32
81.76
79.81
78.16
75.97
74.30
72.51
70.43
68.31
66.23
64.17
62.23
60.42
58.76
57.21
55.75
54.36
53.04
51.75
50.53
49.34
48.16
47.03
45.88
44.74
43.61
42.46
41.32
40.18
39.03
37.88
36.68
35.51
34.32
33.12
31.90
30.66
29.41
28.17
26.88
25.57
24.28
22.98
21.63
20.32
18.99
17.65
16.28
14.89
13.52
12.15
10.87
9.632
8.442
7.312
6.202
5.119
4.060
3.091
2.317
1.861
1.761
1.738
1.716
1.684
1.653
1.617
1.580
1.537
1.493
1.442
1.392
1.343
1.294
1.252
1.206
1.167
1.133
1.101
1.077
1.052
1.033
1.018
1.008
0.9938
0.9833
0.9729
0.9635
0.9542
0.9495
0.9449
0.9425
0.9413
0.9390
0.9367
0.9367
0.9378
0.9320
0.9271
0.9062
0.8870
0.8348
0.8116
0.7964
0.7754
0.7626
0.7580
0.7557
0.7557
0.7556
0.7521
0.7475
0.7417
0.7416
0.7346
0.7288
0.7276
0.7276
0.7264
0.7100
0.6925
0.6702
0.6412
0.6307
0.6307
0.6276
0.5671
0.4658
0.4462
0.4450
0.4438
0.4427
0.4415
0.4391
0.4380
0.4356
0.4333
0.4286
0.4275
0.4240
0.4240
0.4240
0.4240
0.4263
0.4251
0.4251
0.4240
0.4240
0.4240
0.4240
0.4240
197.9
180.5
195.4
213.0
217.6
176.6
161.8
155.7
155.4
149.4
132.8
133.8
148.5
155.6
144.4
135.3
133.1
134.4
140.4
137.1
128.6
112.7
104.3
99.20
95.22
95.79
90.26
85.71
82.03
77.13
75.63
74.30
73.81
73.53
72.41
71.20
69.82
68.39
66.77
65.19
63.72
62.32
61.01
59.79
58.60
57.44
56.32
55.22
54.12
53.03
51.94
50.85
49.76
48.66
47.57
46.45
45.33
44.18
43.02
41.85
40.63
39.40
38.18
36.90
35.61
34.31
32.96
31.60
30.22
28.83
27.40
25.97
24.53
23.06
21.60
20.12
18.64
17.17
15.70
14.26
12.83
11.44
10.13
8.848
7.615
6.428
5.277
4.185
3.164
2.351
1.944
1.896
1.872
1.857
1.837
1.799
1.758
1.709
1.656
1.598
1.539
1.479
1.423
1.367
1.313
1.268
1.218
1.176
1.145
1.112
1.086
1.062
1.042
1.021
1.006
0.9941
0.9835
0.9753
0.9660
0.9509
0.9449
0.9379
0.9344
0.9297
0.9285
0.9274
0.9274
0.9274
0.9274
0.9262
0.9262
0.9227
0.8857
0.8610
0.7365
0.7126
0.7032
0.6868
0.6718
0.6716
0.6704
0.6704
0.6739
0.6901
0.7202
0.7405
0.7615
0.7650
0.7662
0.7674
0.7720
0.7732
0.7744
0.7662
0.7373
0.7044
0.6985
0.6927
0.6311
0.4918
0.4673
0.4672
0.4660
0.4649
0.4625
0.4602
0.4556
0.4543
0.4497
0.4462
0.4416
0.4369
0.4310
0.4275
0.4275
0.4275
0.4275
0.4240
0.4240
0.4240
0.4216
201.0
175.9
192.4
207.2
215.3
187.3
180.2
152.3
139.9
136.1
137.5
149.8
169.9
143.0
114.5
120.2
117.1
130.5
144.8
136.1
127.3
116.1
109.8
103.1
106.2
98.08
92.59
89.25
82.84
82.86
80.98
79.46
80.44
79.48
78.28
76.78
75.16
73.28
71.42
69.72
68.11
66.61
65.22
63.87
62.56
61.28
60.05
58.80
57.59
56.37
55.16
53.91
52.71
51.54
50.35
49.10
47.86
46.57
45.25
43.91
42.52
41.13
39.74
38.29
36.81
35.31
33.81
32.25
30.72
29.11
27.52
25.95
24.33
22.71
21.09
19.42
17.76
16.11
14.53
12.92
11.37
9.887
8.456
7.094
5.855
4.645
3.492
2.434
1.499
0.8081
0.5047
0.5377
0.5894
0.6499
0.7270
0.7664
0.7944
0.8271
0.8601
0.8953
0.9347
0.9745
1.000
1.021
1.040
1.051
1.056
1.056
1.056
1.056
1.054
1.053
1.049
1.044
1.035
1.032
1.021
1.011
1.004
0.9951
0.9880
0.9787
0.9718
0.9718
0.9718
0.9718
0.9718
0.9718
0.9718
0.9718
0.9717
0.9694
0.9663
0.9177
0.8897
0.7725
0.7124
0.7007
0.6938
0.6938
0.6962
0.7055
0.7173
0.7362
0.7592
0.7875
0.8085
0.8246
0.8222
0.8176
0.8176
0.8176
0.8126
0.7917
0.7684
0.7329
0.6983
0.6912
0.6788
0.5936
0.4485
0.4462
0.4485
0.4438
0.4438
0.4415
0.4391
0.4368
0.4298
0.4251
0.4204
0.4181
0.4181
0.4181
0.4181
0.4181
0.4181
0.4181
0.4181
0.4181
0.4181
197.9
180.5
195.4
213.0
217.6
176.6
161.8
155.7
155.4
149.4
132.8
133.8
148.5
155.6
144.4
135.3
133.1
134.4
140.4
137.1
128.6
112.7
104.3
99.20
95.22
95.79
90.26
85.71
82.03
77.13
75.63
74.30
73.81
73.53
72.41
71.20
69.82
68.39
66.77
65.19
63.72
62.32
61.01
59.79
58.60
57.44
56.32
55.22
54.12
53.03
51.94
50.85
49.76
48.66
47.57
46.45
45.33
44.18
43.02
41.85
40.63
39.40
38.18
36.90
35.61
34.31
32.96
31.60
30.22
28.83
27.40
25.97
24.53
23.06
21.60
20.12
18.64
17.17
15.70
14.26
12.83
11.44
10.13
8.848
7.615
6.428
5.277
4.185
3.164
2.351
1.944
1.896
1.872
1.857
1.837
1.799
1.758
1.709
1.656
1.598
1.539
1.479
1.423
1.367
1.313
1.268
1.218
1.176
1.145
1.112
1.086
1.062
1.042
1.021
1.006
0.9941
0.9835
0.9753
0.9660
0.9509
0.9449
0.9379
0.9344
0.9297
0.9285
0.9274
0.9274
0.9274
0.9274
0.9262
0.9262
0.9227
0.8857
0.8610
0.7365
0.7126
0.7032
0.6868
0.6718
0.6716
0.6704
0.6704
0.6739
0.6901
0.7202
0.7405
0.7615
0.7650
0.7662
0.7674
0.7720
0.7732
0.7744
0.7662
0.7373
0.7044
0.6985
0.6927
0.6311
0.4918
0.4673
0.4672
0.4660
0.4649
0.4625
0.4602
0.4556
0.4543
0.4497
0.4462
0.4416
0.4369
0.4310
0.4275
0.4275
0.4275
0.4275
0.4240
0.4240
0.4240
0.4216
190.7
191.5
201.3
208.2
199.4
167.2
149.9
156.0
151.8
138.0
139.9
142.4
138.6
143.6
153.5
154.9
146.5
138.5
131.6
132.2
131.4
128.6
123.8
115.9
108.4
102.9
97.06
93.87
91.41
86.88
84.32
81.76
79.81
78.16
75.97
74.30
72.51
70.43
68.31
66.23
64.17
62.23
60.42
58.76
57.21
55.75
54.36
53.04
51.75
50.53
49.34
48.16
47.03
45.88
44.74
43.61
42.46
41.32
40.18
39.03
37.88
36.68
35.51
34.32
33.12
31.90
30.66
29.41
28.17
26.88
25.57
24.28
22.98
21.63
20.32
18.99
17.65
16.28
14.89
13.52
12.15
10.87
9.632
8.442
7.312
6.202
5.119
4.060
3.091
2.317
1.861
1.761
1.738
1.716
1.684
1.653
1.617
1.580
1.537
1.493
1.442
1.392
1.343
1.294
1.252
1.206
1.167
1.133
1.101
1.077
1.052
1.033
1.018
1.008
0.9938
0.9833
0.9729
0.9635
0.9542
0.9495
0.9449
0.9425
0.9413
0.9390
0.9367
0.9367
0.9378
0.9320
0.9271
0.9062
0.8870
0.8348
0.8116
0.7964
0.7754
0.7626
0.7580
0.7557
0.7557
0.7556
0.7521
0.7475
0.7417
0.7416
0.7346
0.7288
0.7276
0.7276
0.7264
0.7100
0.6925
0.6702
0.6412
0.6307
0.6307
0.6276
0.5671
0.4658
0.4462
0.4450
0.4438
0.4427
0.4415
0.4391
0.4380
0.4356
0.4333
0.4286
0.4275
0.4240
0.4240
0.4240
0.4240
0.4263
0.4251
0.4251
0.4240
0.4240
0.4240
0.4240
0.4240
185.8
200.6
209.4
212.6
200.9
181.7
166.3
147.2
144.9
144.4
153.2
168.0
177.3
176.2
169.6
159.8
160.2
159.9
153.8
147.8
144.3
140.1
137.7
135.6
136.5
136.0
128.7
121.1
116.3
112.2
108.8
108.3
106.9
105.2
101.9
98.53
95.31
92.16
89.01
85.90
82.78
79.82
76.99
74.27
71.67
69.30
66.98
64.78
62.66
60.67
58.73
56.90
55.13
53.40
51.74
50.12
48.54
47.00
45.48
43.98
42.48
40.98
39.52
38.04
36.56
35.10
33.62
32.16
30.70
29.24
27.75
26.24
24.73
23.17
21.61
20.03
18.42
16.84
15.25
13.66
12.11
10.65
9.245
7.860
6.540
5.232
3.929
2.744
1.683
0.8814
0.4958
0.4432
0.4531
0.4763
0.4905
0.5032
0.5127
0.5185
0.5243
0.5337
0.5407
0.5419
0.5431
0.5431
0.5454
0.5524
0.5571
0.5606
0.5687
0.5792
0.5828
0.5921
0.6026
0.6119
0.6201
0.6318
0.6446
0.6563
0.6657
0.6762
0.6878
0.7007
0.7147
0.7264
0.7380
0.7485
0.7498
0.7521
0.7533
0.7533
0.7533
0.7522
0.7522
0.7533
0.7533
0.7614
0.7731
0.7824
0.7953
0.8023
0.8139
0.8268
0.8316
0.8316
0.8339
0.8339
0.8212
0.8014
0.7850
0.7814
0.7606
0.6741
0.5436
0.4577
0.4532
0.4520
0.4520
0.4508
0.4497
0.4497
0.4497
0.4508
0.4462
0.4473
0.4439
0.4415
0.4380
0.4368
0.4345
0.4310
0.4321
0.4298
0.4263
0.4228
0.4216
0.4216
0.4216
0.4193
0.4193
0.4170
0.4158
188.0
202.5
210.4
219.5
209.9
191.3
175.5
178.0
180.0
177.3
175.5
170.5
169.7
171.2
184.8
187.1
187.2
190.7
186.7
181.1
181.6
179.4
173.6
171.2
171.0
165.7
163.1
162.9
156.9
156.1
158.6
155.8
155.2
154.9
153.4
152.7
151.6
148.4
145.2
141.8
138.3
134.7
131.1
127.6
124.0
120.6
117.2
113.8
110.4
107.1
103.8
100.5
97.34
94.15
91.04
87.97
84.92
81.92
79.00
76.09
73.22
70.43
67.70
64.98
62.29
59.66
57.06
54.43
51.86
49.27
46.69
44.12
41.54
38.93
36.37
33.84
31.24
28.62
26.10
23.61
21.16
18.79
16.47
14.22
11.93
9.640
7.367
5.307
3.574
2.295
1.579
1.364
1.355
1.342
1.327
1.307
1.281
1.258
1.227
1.199
1.167
1.129
1.096
1.065
1.033
1.004
0.9786
0.9529
0.9342
0.9168
0.9028
0.8899
0.8805
0.8736
0.8689
0.8620
0.8573
0.8561
0.8561
0.8561
0.8573
0.8585
0.8608
0.8631
0.8643
0.8678
0.8690
0.8701
0.8595
0.8513
0.8301
0.8020
0.7719
0.7614
0.7533
0.7522
0.7533
0.7557
0.7592
0.7686
0.7780
0.7885
0.8036
0.8082
0.8094
0.8094
0.8094
0.8105
0.8035
0.7930
0.7812
0.7555
0.7345
0.7148
0.7087
0.6743
0.5809
0.4904
0.4216
0.4181
0.4158
0.4158
0.4146
0.4100
0.4099
0.4076
0.4065
0.4064
0.4040
0.3983
0.3983
0.3959
0.3960
0.3995
0.4041
0.4064
0.4053
0.4053
0.4088
0.4088
0.4088
194.5
202.3
212.7
233.0
217.0
199.2
180.9
176.4
175.4
171.1
163.5
167.2
175.8
191.4
204.3
217.2
224.0
221.7
217.3
216.9
218.8
221.1
221.3
216.3
216.3
218.9
222.7
226.8
227.5
226.0
232.6
240.0
249.1
257.5
259.0
259.9
260.4
260.6
260.2
259.5
258.7
257.3
255.5
253.2
250.7
247.6
244.2
240.7
236.9
232.9
228.6
224.0
219.4
214.3
209.2
203.9
198.5
192.9
187.2
181.5
175.7
169.7
163.8
157.7
151.7
145.5
139.5
133.1
126.9
120.5
114.0
107.6
101.1
94.53
88.12
81.66
75.26
68.96
62.90
56.86
50.91
45.13
39.46
33.62
27.52
21.34
15.51
10.43
6.316
3.316
1.750
1.372
1.363
1.355
1.348
1.330
1.308
1.281
1.253
1.222
1.190
1.162
1.134
1.103
1.075
1.043
1.022
0.9977
0.9755
0.9556
0.9391
0.9228
0.9123
0.8995
0.8924
0.8842
0.8760
0.8679
0.8632
0.8562
0.8515
0.8457
0.8433
0.8433
0.8410
0.8409
0.8409
0.8409
0.8444
0.8468
0.8491
0.8388
0.8293
0.7920
0.7476
0.6965
0.6903
0.6810
0.6740
0.6716
0.6704
0.6809
0.6914
0.7157
0.7413
0.7717
0.7953
0.8115
0.8257
0.8339
0.8397
0.8467
0.8491
0.8445
0.8236
0.7966
0.7758
0.7432
0.6172
0.5161
0.4102
0.4077
0.4065
0.4053
0.4041
0.4030
0.4030
0.3995
0.3960
0.3959
0.3948
0.3913
0.3855
0.3854
0.3854
0.3889
0.3878
0.3878
0.3948
0.3983
0.4076
