SALVI
1
0
24
15.00
181
1.00

231103 OCH Y50 350 F4M2 PMMA CTRANSP

231102 OCH Y50 350 F4M2 PMMA CTRANSP.ldt
20 November 2023/TB
760
0
225
320
60
0
0
0
0
98.4
100.0
1.000
0.0
1
1
16 LED
8273.6


68.7
0.126
0.198
0.279
0.356
0.417
0.520
0.584
0.643
0.718
0.766
0.0
15.0
30.0
45.0
60.0
75.0
90.0
105.0
120.0
135.0
150.0
165.0
180.0
195.0
210.0
225.0
240.0
255.0
270.0
285.0
300.0
315.0
330.0
345.0
0.0
1.0
2.0
3.0
4.0
5.0
6.0
7.0
8.0
9.0
10.0
11.0
12.0
13.0
14.0
15.0
16.0
17.0
18.0
19.0
20.0
21.0
22.0
23.0
24.0
25.0
26.0
27.0
28.0
29.0
30.0
31.0
32.0
33.0
34.0
35.0
36.0
37.0
38.0
39.0
40.0
41.0
42.0
43.0
44.0
45.0
46.0
47.0
48.0
49.0
50.0
51.0
52.0
53.0
54.0
55.0
56.0
57.0
58.0
59.0
60.0
61.0
62.0
63.0
64.0
65.0
66.0
67.0
68.0
69.0
70.0
71.0
72.0
73.0
74.0
75.0
76.0
77.0
78.0
79.0
80.0
81.0
82.0
83.0
84.0
85.0
86.0
87.0
88.0
89.0
90.0
91.0
92.0
93.0
94.0
95.0
96.0
97.0
98.0
99.0
100.0
101.0
102.0
103.0
104.0
105.0
106.0
107.0
108.0
109.0
110.0
111.0
112.0
113.0
114.0
115.0
116.0
117.0
118.0
119.0
120.0
121.0
122.0
123.0
124.0
125.0
126.0
127.0
128.0
129.0
130.0
131.0
132.0
133.0
134.0
135.0
136.0
137.0
138.0
139.0
140.0
141.0
142.0
143.0
144.0
145.0
146.0
147.0
148.0
149.0
150.0
151.0
152.0
153.0
154.0
155.0
156.0
157.0
158.0
159.0
160.0
161.0
162.0
163.0
164.0
165.0
166.0
167.0
168.0
169.0
170.0
171.0
172.0
173.0
174.0
175.0
176.0
177.0
178.0
179.0
180.0
77.04
82.23
78.38
73.55
71.65
67.17
71.78
68.41
63.39
51.95
50.21
64.28
70.70
86.74
85.53
96.02
96.39
94.21
109.7
116.0
126.6
147.9
147.7
144.9
128.4
144.6
152.3
170.3
165.5
174.6
189.8
193.4
206.0
203.8
217.3
220.7
219.2
231.9
241.4
242.9
239.5
243.0
253.6
258.4
260.2
256.3
268.1
271.9
267.8
265.1
269.1
270.8
273.2
275.9
275.0
274.9
274.3
275.3
277.1
274.4
273.3
269.7
270.7
269.1
269.1
266.6
261.5
254.2
249.0
241.3
230.0
216.3
204.2
187.3
163.1
143.2
125.5
110.0
93.35
74.70
63.82
53.87
45.47
35.06
28.50
24.14
23.22
22.99
22.14
21.71
20.53
18.68
14.93
11.84
9.476
6.578
4.030
3.125
3.151
3.096
3.106
3.119
2.914
2.616
2.264
2.037
1.664
1.344
1.265
1.190
1.181
1.142
1.101
1.139
1.332
1.338
1.850
1.936
1.943
2.045
2.142
2.417
2.418
2.553
2.497
2.769
3.104
3.237
3.538
3.594
3.553
3.269
3.123
3.184
2.812
2.143
1.963
1.926
1.562
1.404
1.336
0.9545
0.7989
0.6937
0.6437
0.6497
0.6871
0.7300
1.066
1.554
1.595
1.834
1.710
2.457
2.437
2.111
1.409
0.7016
0.4581
0.3369
0.2823
0.2478
0.2461
0.2454
0.2442
0.2419
0.2401
0.2377
0.2353
0.2347
0.2329
0.2312
0.2312
0.2312
0.2312
0.2312
0.2330
0.2336
0.2353
0.2359
0.2365
75.92
84.51
83.04
82.61
77.25
73.51
67.05
70.08
69.50
61.94
54.66
61.76
76.63
83.68
94.92
101.0
100.5
99.40
97.71
112.0
119.6
134.1
134.2
126.8
119.7
118.9
131.7
164.0
151.5
151.5
154.5
166.8
191.4
190.8
204.5
207.0
207.4
209.0
219.8
228.4
229.0
231.7
233.8
237.1
244.1
245.3
255.5
263.3
267.1
269.3
277.2
281.7
288.0
286.7
284.7
291.1
292.1
291.5
295.8
296.3
293.9
292.1
291.8
293.2
291.1
287.5
283.1
277.7
275.1
268.9
261.2
251.4
242.2
226.2
202.5
175.0
153.0
130.1
106.8
84.68
67.29
55.33
43.42
34.18
28.13
23.41
22.82
22.59
22.16
22.11
21.31
17.98
15.07
12.26
9.402
7.390
4.994
3.863
3.573
3.088
2.802
2.567
2.356
2.175
1.921
1.693
1.458
1.285
1.163
1.068
1.047
1.029
1.018
1.002
1.001
1.098
1.192
1.174
1.388
1.456
1.618
1.654
1.657
1.607
1.804
1.881
1.960
1.987
2.296
2.010
1.952
1.949
2.224
1.839
1.710
1.809
1.313
1.208
1.444
1.014
0.8615
0.7691
0.5764
0.5742
0.5832
0.6030
0.6315
0.8457
1.154
1.452
1.844
1.939
2.075
2.038
1.785
1.544
0.6645
0.4349
0.3319
0.2547
0.2318
0.2312
0.2312
0.2312
0.2312
0.2312
0.2312
0.2318
0.2318
0.2324
0.2330
0.2383
0.2389
0.2425
0.2461
0.2502
0.2538
0.2544
0.2538
0.2538
0.2538
78.30
83.59
84.29
86.87
76.53
63.86
63.84
70.46
76.84
74.77
73.88
62.50
68.20
78.41
95.89
104.3
103.7
112.8
114.6
107.4
108.6
120.2
122.1
123.9
115.9
119.4
116.1
111.3
118.7
123.9
157.0
168.0
168.7
167.9
173.4
179.9
193.1
192.7
197.7
199.5
205.2
213.9
219.5
225.5
225.6
231.8
236.8
235.2
232.4
237.3
245.5
250.8
254.5
254.9
263.8
275.0
277.9
276.1
279.4
286.0
291.3
297.6
301.2
302.1
306.5
307.5
310.4
310.6
304.4
298.0
283.8
272.4
262.9
253.6
235.6
220.7
195.1
159.5
131.6
103.0
74.26
56.75
47.44
39.68
33.04
28.60
26.24
25.02
25.37
25.34
24.10
19.91
17.25
13.66
10.41
8.381
6.261
4.615
3.588
2.897
2.393
1.955
1.724
1.663
1.597
1.506
1.442
1.368
1.333
1.327
1.309
1.310
1.278
1.246
1.239
1.193
1.179
1.152
1.144
1.140
1.113
1.107
1.076
1.095
1.143
1.232
1.246
1.289
1.263
1.251
1.208
1.221
1.259
1.163
1.004
0.8884
0.8435
0.7787
0.6954
0.6466
0.6389
0.6158
0.5659
0.5346
0.5207
0.5028
0.5409
0.8879
1.366
1.353
1.486
1.281
1.095
0.7362
0.5429
0.3982
0.2958
0.2253
0.2229
0.2223
0.2223
0.2217
0.2217
0.2211
0.2211
0.2211
0.2205
0.2205
0.2199
0.2199
0.2199
0.2211
0.2240
0.2282
0.2341
0.2395
0.2460
0.2478
0.2502
0.2538
0.2573
80.35
77.51
79.11
79.87
82.01
70.61
63.59
61.29
68.34
73.42
83.66
84.51
90.91
81.80
89.82
95.57
98.69
103.2
97.62
102.3
113.3
120.5
112.0
110.6
122.4
110.1
118.3
132.5
128.4
138.9
154.4
157.8
164.9
168.6
174.3
182.8
190.2
197.3
204.4
209.3
212.3
217.7
228.4
235.6
243.1
243.9
249.8
258.8
267.9
275.1
277.2
287.8
295.4
304.7
312.7
321.1
333.7
346.1
355.1
358.4
360.4
365.6
371.3
374.3
374.4
372.8
372.3
368.2
364.2
358.5
352.7
345.8
333.1
314.9
290.7
245.6
196.1
156.0
123.5
96.73
79.50
64.47
50.68
42.08
34.68
27.71
24.61
22.72
20.69
18.04
15.49
12.89
9.606
7.768
6.513
4.916
3.767
2.889
2.235
1.914
1.693
1.762
1.687
1.704
1.747
1.680
1.665
1.474
1.396
1.389
1.150
1.037
1.014
1.008
1.003
1.003
0.9857
0.9394
0.9200
0.8799
0.8576
0.8588
0.8728
0.8373
0.8326
0.8337
0.8165
0.7978
0.7598
0.7248
0.7009
0.6560
0.6459
0.6297
0.6042
0.5800
0.5734
0.5669
0.5557
0.5574
0.5485
0.5453
0.5215
0.5015
0.4980
0.5055
0.5479
0.8330
0.8794
0.5850
0.4398
0.3609
0.2882
0.2279
0.2086
0.2086
0.2086
0.2086
0.2086
0.2086
0.2086
0.2086
0.2092
0.2098
0.2116
0.2122
0.2128
0.2152
0.2169
0.2187
0.2217
0.2271
0.2312
0.2359
0.2407
0.2467
0.2508
0.2550
0.2573
0.2573
0.2573
80.70
75.77
77.17
83.21
85.93
74.85
68.83
61.77
55.06
56.44
65.74
82.90
96.13
99.43
100.3
98.41
95.26
100.9
105.3
115.0
116.7
114.9
108.1
116.9
122.9
130.6
139.5
136.4
133.6
134.1
139.6
150.3
166.1
178.3
182.2
182.1
186.7
193.5
202.3
212.0
216.4
218.4
226.7
237.0
248.3
251.7
259.1
266.1
276.1
285.6
294.5
301.6
305.0
314.6
326.4
335.7
343.7
349.6
355.2
362.2
364.4
364.1
365.8
361.7
361.8
365.6
368.0
367.9
370.1
364.0
339.7
281.4
221.8
181.9
150.6
126.2
104.0
90.33
77.31
62.72
52.68
46.31
35.93
29.42
21.19
14.19
12.10
11.61
11.21
10.80
10.57
9.788
8.296
6.909
6.145
5.567
4.851
4.066
3.505
2.895
2.292
1.941
1.737
1.698
1.527
1.422
1.309
1.191
1.133
1.097
1.084
1.077
1.038
1.021
0.9716
0.9775
1.048
1.022
1.020
1.009
0.9533
0.9544
0.9586
0.9965
0.9628
0.9581
0.9614
0.9664
0.9486
0.9292
0.9078
0.9118
0.8826
0.8235
0.7472
0.6936
0.6725
0.6209
0.5824
0.5419
0.5060
0.4844
0.4715
0.4601
0.4565
0.4606
0.4979
0.5356
0.7342
1.059
1.383
1.175
0.9817
0.6793
0.5471
0.3860
0.2855
0.2297
0.2028
0.2021
0.2021
0.2021
0.2021
0.2021
0.2021
0.2021
0.2021
0.2021
0.2038
0.2038
0.2062
0.2139
0.2175
0.2216
0.2282
0.2335
0.2383
0.2454
0.2520
0.2555
0.2597
80.69
77.18
81.23
78.54
84.21
82.45
70.74
68.92
69.11
71.88
80.53
82.80
85.29
80.26
83.76
89.01
107.4
125.6
136.8
130.9
120.6
119.0
121.6
136.3
138.9
145.1
143.2
155.7
156.3
168.9
179.5
191.8
204.0
210.6
218.6
228.0
235.5
244.5
251.4
260.4
268.2
274.2
283.7
291.9
300.0
309.2
317.7
330.4
336.5
345.2
353.5
360.1
365.0
370.1
376.5
381.5
386.6
387.2
389.5
394.0
394.8
398.4
402.8
402.2
401.9
398.0
392.6
378.7
346.6
285.6
223.6
188.4
165.2
146.8
130.0
114.8
104.0
89.94
77.92
68.62
60.98
45.17
39.38
25.77
17.32
11.76
11.18
11.24
10.96
11.02
10.92
10.22
9.440
8.766
7.464
6.156
4.968
4.039
3.838
3.483
3.523
3.170
2.748
2.695
2.374
1.870
1.502
1.258
1.065
0.9380
0.8961
0.8824
0.8670
0.8619
0.8723
0.9076
0.9287
0.9587
1.045
1.135
1.116
1.180
1.212
1.226
1.224
1.153
1.240
1.233
1.315
1.251
1.236
1.222
1.211
1.116
1.220
1.069
1.089
0.9831
0.8654
0.6913
0.6091
0.5432
0.4790
0.4790
0.4827
0.4966
0.5259
0.5935
0.7576
1.266
1.381
1.647
1.863
1.649
1.675
1.190
0.6396
0.5047
0.3458
0.2324
0.2009
0.2009
0.2009
0.2021
0.2027
0.2039
0.2062
0.2081
0.2110
0.2122
0.2146
0.2199
0.2247
0.2318
0.2371
0.2414
0.2490
0.2532
0.2585
0.2621
0.2633
81.07
80.39
76.50
79.73
91.86
89.81
79.65
71.20
59.47
68.63
83.77
105.8
101.8
74.25
67.32
75.56
99.15
125.6
141.8
125.8
129.5
134.5
155.4
162.4
166.4
154.5
166.1
167.5
186.4
198.8
214.6
229.1
236.5
242.4
255.9
260.6
267.4
272.3
279.3
286.0
292.5
299.9
311.0
320.0
328.7
335.7
346.7
354.2
359.2
363.2
366.0
370.9
375.0
379.1
383.7
387.7
391.4
392.0
391.6
393.7
396.8
397.4
397.7
397.5
396.6
396.3
387.5
368.5
324.8
251.6
199.0
170.0
150.9
134.3
117.6
107.2
97.75
83.34
72.63
64.44
54.66
41.89
29.10
23.80
14.48
12.35
12.09
12.16
11.81
11.94
11.96
11.43
9.824
9.161
7.825
5.678
4.097
4.035
4.052
3.907
4.061
4.124
3.537
3.116
2.482
1.860
1.461
1.077
1.004
0.9546
0.9118
0.9058
0.8857
0.8820
0.9269
1.164
1.155
1.179
1.251
1.447
1.504
1.499
1.606
1.770
1.810
1.954
1.979
1.979
2.074
2.210
2.035
2.053
1.923
1.784
1.687
1.599
1.187
1.109
1.095
0.9328
0.8061
0.6204
0.6004
0.5171
0.5052
0.5075
0.5382
0.5808
0.6364
0.8755
1.389
1.677
2.095
2.394
2.419
1.897
1.023
0.6072
0.4698
0.2852
0.2019
0.2009
0.2009
0.2009
0.2009
0.2009
0.2009
0.2009
0.2021
0.2044
0.2033
0.2091
0.2115
0.2222
0.2270
0.2294
0.2388
0.2413
0.2532
0.2544
0.2615
80.69
77.18
81.23
78.54
84.21
82.45
70.74
68.92
69.11
71.88
80.53
82.80
85.29
80.26
83.76
89.01
107.4
125.6
136.8
130.9
120.6
119.0
121.6
136.3
138.9
145.1
143.2
155.7
156.3
168.9
179.5
191.8
204.0
210.6
218.6
228.0
235.5
244.5
251.4
260.4
268.2
274.2
283.7
291.9
300.0
309.2
317.7
330.4
336.5
345.2
353.5
360.1
365.0
370.1
376.5
381.5
386.6
387.2
389.5
394.0
394.8
398.4
402.8
402.2
401.9
398.0
392.6
378.7
346.6
285.6
223.6
188.4
165.2
146.8
130.0
114.8
104.0
89.94
77.92
68.62
60.98
45.17
39.38
25.77
17.32
11.76
11.18
11.24
10.96
11.02
10.92
10.22
9.440
8.766
7.464
6.156
4.968
4.039
3.838
3.483
3.523
3.170
2.748
2.695
2.374
1.870
1.502
1.258
1.065
0.9380
0.8961
0.8824
0.8670
0.8619
0.8723
0.9076
0.9287
0.9587
1.045
1.135
1.116
1.180
1.212
1.226
1.224
1.153
1.240
1.233
1.315
1.251
1.236
1.222
1.211
1.116
1.220
1.069
1.089
0.9831
0.8654
0.6913
0.6091
0.5432
0.4790
0.4790
0.4827
0.4966
0.5259
0.5935
0.7576
1.266
1.381
1.647
1.863
1.649
1.675
1.190
0.6396
0.5047
0.3458
0.2324
0.2009
0.2009
0.2009
0.2021
0.2027
0.2039
0.2062
0.2081
0.2110
0.2122
0.2146
0.2199
0.2247
0.2318
0.2371
0.2414
0.2490
0.2532
0.2585
0.2621
0.2633
80.70
75.77
77.17
83.21
85.93
74.85
68.83
61.77
55.06
56.44
65.74
82.90
96.13
99.43
100.3
98.41
95.26
100.9
105.3
115.0
116.7
114.9
108.1
116.9
122.9
130.6
139.5
136.4
133.6
134.1
139.6
150.3
166.1
178.3
182.2
182.1
186.7
193.5
202.3
212.0
216.4
218.4
226.7
237.0
248.3
251.7
259.1
266.1
276.1
285.6
294.5
301.6
305.0
314.6
326.4
335.7
343.7
349.6
355.2
362.2
364.4
364.1
365.8
361.7
361.8
365.6
368.0
367.9
370.1
364.0
339.7
281.4
221.8
181.9
150.6
126.2
104.0
90.33
77.31
62.72
52.68
46.31
35.93
29.42
21.19
14.19
12.10
11.61
11.21
10.80
10.57
9.788
8.296
6.909
6.145
5.567
4.851
4.066
3.505
2.895
2.292
1.941
1.737
1.698
1.527
1.422
1.309
1.191
1.133
1.097
1.084
1.077
1.038
1.021
0.9716
0.9775
1.048
1.022
1.020
1.009
0.9533
0.9544
0.9586
0.9965
0.9628
0.9581
0.9614
0.9664
0.9486
0.9292
0.9078
0.9118
0.8826
0.8235
0.7472
0.6936
0.6725
0.6209
0.5824
0.5419
0.5060
0.4844
0.4715
0.4601
0.4565
0.4606
0.4979
0.5356
0.7342
1.059
1.383
1.175
0.9817
0.6793
0.5471
0.3860
0.2855
0.2297
0.2028
0.2021
0.2021
0.2021
0.2021
0.2021
0.2021
0.2021
0.2021
0.2021
0.2038
0.2038
0.2062
0.2139
0.2175
0.2216
0.2282
0.2335
0.2383
0.2454
0.2520
0.2555
0.2597
80.35
77.51
79.11
79.87
82.01
70.61
63.59
61.29
68.34
73.42
83.66
84.51
90.91
81.80
89.82
95.57
98.69
103.2
97.62
102.3
113.3
120.5
112.0
110.6
122.4
110.1
118.3
132.5
128.4
138.9
154.4
157.8
164.9
168.6
174.3
182.8
190.2
197.3
204.4
209.3
212.3
217.7
228.4
235.6
243.1
243.9
249.8
258.8
267.9
275.1
277.2
287.8
295.4
304.7
312.7
321.1
333.7
346.1
355.1
358.4
360.4
365.6
371.3
374.3
374.4
372.8
372.3
368.2
364.2
358.5
352.7
345.8
333.1
314.9
290.7
245.6
196.1
156.0
123.5
96.73
79.50
64.47
50.68
42.08
34.68
27.71
24.61
22.72
20.69
18.04
15.49
12.89
9.606
7.768
6.513
4.916
3.767
2.889
2.235
1.914
1.693
1.762
1.687
1.704
1.747
1.680
1.665
1.474
1.396
1.389
1.150
1.037
1.014
1.008
1.003
1.003
0.9857
0.9394
0.9200
0.8799
0.8576
0.8588
0.8728
0.8373
0.8326
0.8337
0.8165
0.7978
0.7598
0.7248
0.7009
0.6560
0.6459
0.6297
0.6042
0.5800
0.5734
0.5669
0.5557
0.5574
0.5485
0.5453
0.5215
0.5015
0.4980
0.5055
0.5479
0.8330
0.8794
0.5850
0.4398
0.3609
0.2882
0.2279
0.2086
0.2086
0.2086
0.2086
0.2086
0.2086
0.2086
0.2086
0.2092
0.2098
0.2116
0.2122
0.2128
0.2152
0.2169
0.2187
0.2217
0.2271
0.2312
0.2359
0.2407
0.2467
0.2508
0.2550
0.2573
0.2573
0.2573
78.30
83.59
84.29
86.87
76.53
63.86
63.84
70.46
76.84
74.77
73.88
62.50
68.20
78.41
95.89
104.3
103.7
112.8
114.6
107.4
108.6
120.2
122.1
123.9
115.9
119.4
116.1
111.3
118.7
123.9
157.0
168.0
168.7
167.9
173.4
179.9
193.1
192.7
197.7
199.5
205.2
213.9
219.5
225.5
225.6
231.8
236.8
235.2
232.4
237.3
245.5
250.8
254.5
254.9
263.8
275.0
277.9
276.1
279.4
286.0
291.3
297.6
301.2
302.1
306.5
307.5
310.4
310.6
304.4
298.0
283.8
272.4
262.9
253.6
235.6
220.7
195.1
159.5
131.6
103.0
74.26
56.75
47.44
39.68
33.04
28.60
26.24
25.02
25.37
25.34
24.10
19.91
17.25
13.66
10.41
8.381
6.261
4.615
3.588
2.897
2.393
1.955
1.724
1.663
1.597
1.506
1.442
1.368
1.333
1.327
1.309
1.310
1.278
1.246
1.239
1.193
1.179
1.152
1.144
1.140
1.113
1.107
1.076
1.095
1.143
1.232
1.246
1.289
1.263
1.251
1.208
1.221
1.259
1.163
1.004
0.8884
0.8435
0.7787
0.6954
0.6466
0.6389
0.6158
0.5659
0.5346
0.5207
0.5028
0.5409
0.8879
1.366
1.353
1.486
1.281
1.095
0.7362
0.5429
0.3982
0.2958
0.2253
0.2229
0.2223
0.2223
0.2217
0.2217
0.2211
0.2211
0.2211
0.2205
0.2205
0.2199
0.2199
0.2199
0.2211
0.2240
0.2282
0.2341
0.2395
0.2460
0.2478
0.2502
0.2538
0.2573
75.92
84.51
83.04
82.61
77.25
73.51
67.05
70.08
69.50
61.94
54.66
61.76
76.63
83.68
94.92
101.0
100.5
99.40
97.71
112.0
119.6
134.1
134.2
126.8
119.7
118.9
131.7
164.0
151.5
151.5
154.5
166.8
191.4
190.8
204.5
207.0
207.4
209.0
219.8
228.4
229.0
231.7
233.8
237.1
244.1
245.3
255.5
263.3
267.1
269.3
277.2
281.7
288.0
286.7
284.7
291.1
292.1
291.5
295.8
296.3
293.9
292.1
291.8
293.2
291.1
287.5
283.1
277.7
275.1
268.9
261.2
251.4
242.2
226.2
202.5
175.0
153.0
130.1
106.8
84.68
67.29
55.33
43.42
34.18
28.13
23.41
22.82
22.59
22.16
22.11
21.31
17.98
15.07
12.26
9.402
7.390
4.994
3.863
3.573
3.088
2.802
2.567
2.356
2.175
1.921
1.693
1.458
1.285
1.163
1.068
1.047
1.029
1.018
1.002
1.001
1.098
1.192
1.174
1.388
1.456
1.618
1.654
1.657
1.607
1.804
1.881
1.960
1.987
2.296
2.010
1.952
1.949
2.224
1.839
1.710
1.809
1.313
1.208
1.444
1.014
0.8615
0.7691
0.5764
0.5742
0.5832
0.6030
0.6315
0.8457
1.154
1.452
1.844
1.939
2.075
2.038
1.785
1.544
0.6645
0.4349
0.3319
0.2547
0.2318
0.2312
0.2312
0.2312
0.2312
0.2312
0.2312
0.2318
0.2318
0.2324
0.2330
0.2383
0.2389
0.2425
0.2461
0.2502
0.2538
0.2544
0.2538
0.2538
0.2538
77.04
82.23
78.38
73.55
71.65
67.17
71.78
68.41
63.39
51.95
50.21
64.28
70.70
86.74
85.53
96.02
96.39
94.21
109.7
116.0
126.6
147.9
147.7
144.9
128.4
144.6
152.3
170.3
165.5
174.6
189.8
193.4
206.0
203.8
217.3
220.7
219.2
231.9
241.4
242.9
239.5
243.0
253.6
258.4
260.2
256.3
268.1
271.9
267.8
265.1
269.1
270.8
273.2
275.9
275.0
274.9
274.3
275.3
277.1
274.4
273.3
269.7
270.7
269.1
269.1
266.6
261.5
254.2
249.0
241.3
230.0
216.3
204.2
187.3
163.1
143.2
125.5
110.0
93.35
74.70
63.82
53.87
45.47
35.06
28.50
24.14
23.22
22.99
22.14
21.71
20.53
18.68
14.93
11.84
9.476
6.578
4.030
3.125
3.151
3.096
3.106
3.119
2.914
2.616
2.264
2.037
1.664
1.344
1.265
1.190
1.181
1.142
1.101
1.139
1.332
1.338
1.850
1.936
1.943
2.045
2.142
2.417
2.418
2.553
2.497
2.769
3.104
3.237
3.538
3.594
3.553
3.269
3.123
3.184
2.812
2.143
1.963
1.926
1.562
1.404
1.336
0.9545
0.7989
0.6937
0.6437
0.6497
0.6871
0.7300
1.066
1.554
1.595
1.834
1.710
2.457
2.437
2.111
1.409
0.7016
0.4581
0.3369
0.2823
0.2478
0.2461
0.2454
0.2442
0.2419
0.2401
0.2377
0.2353
0.2347
0.2329
0.2312
0.2312
0.2312
0.2312
0.2312
0.2330
0.2336
0.2353
0.2359
0.2365
75.92
73.46
76.36
85.51
73.49
73.17
67.00
73.38
62.88
56.66
47.16
52.27
68.93
73.96
83.69
86.22
102.2
90.11
92.12
101.6
117.6
119.5
126.2
116.8
117.3
109.0
120.8
135.0
142.8
135.8
143.4
149.5
173.4
175.4
180.9
180.3
184.5
186.7
194.5
201.2
205.7
211.5
211.9
213.6
214.4
223.4
224.3
229.6
222.2
221.7
221.9
224.2
229.2
229.0
229.6
227.1
223.4
217.4
216.3
221.2
213.0
206.4
206.0
203.2
198.3
192.3
187.8
180.7
174.1
168.3
163.0
153.4
144.3
135.1
125.9
111.7
101.0
91.40
81.73
69.83
57.85
51.47
44.61
35.22
25.37
17.96
16.90
16.71
16.67
16.23
15.86
14.14
12.30
10.73
9.205
8.213
6.501
5.429
4.389
3.876
3.147
2.528
2.325
2.170
2.018
1.863
1.623
1.403
1.243
1.099
1.030
1.012
1.001
0.9819
0.9747
0.9923
1.050
1.048
1.042
1.173
1.371
1.422
1.472
1.425
1.482
1.511
1.520
1.578
1.619
1.542
1.531
1.643
1.802
1.699
1.374
1.341
1.381
1.070
1.173
1.112
0.7635
0.7181
0.6386
0.6166
0.6139
0.6163
0.6406
0.8189
0.9919
1.393
1.371
1.507
1.841
1.974
1.676
1.582
0.8304
0.5026
0.4045
0.3136
0.2861
0.2835
0.2805
0.2787
0.2746
0.2734
0.2716
0.2675
0.2639
0.2604
0.2579
0.2556
0.2532
0.2508
0.2502
0.2514
0.2538
0.2526
0.2526
0.2550
0.2561
78.30
70.89
73.62
80.15
81.15
68.83
59.37
61.60
64.63
60.98
59.81
52.34
56.64
68.53
82.60
79.26
87.96
91.09
89.93
82.60
92.54
85.80
94.17
95.12
94.83
97.62
103.5
98.89
90.93
101.2
126.2
126.1
123.0
131.1
131.9
135.4
145.3
149.6
152.7
151.5
155.8
153.3
160.7
151.7
149.7
152.2
155.8
157.0
160.6
153.1
148.6
151.5
151.9
149.9
152.8
151.3
153.9
148.1
143.2
141.8
137.7
134.7
132.3
133.0
132.8
132.4
129.4
126.4
121.3
119.5
116.8
113.6
109.7
104.3
102.0
97.13
91.04
81.59
76.48
68.76
61.05
51.73
48.48
41.91
36.19
29.20
22.16
19.78
19.28
18.55
18.29
17.39
15.83
14.67
13.41
12.17
10.59
8.891
6.864
5.305
4.378
3.128
2.192
1.875
1.747
1.539
1.442
1.350
1.291
1.272
1.285
1.282
1.293
1.314
1.330
1.284
1.240
1.301
1.262
1.281
1.235
1.228
1.234
1.246
1.261
1.282
1.240
1.206
1.204
1.204
1.179
1.050
1.056
0.9816
0.8970
0.8640
0.8534
0.7947
0.7848
0.7222
0.6674
0.6264
0.6139
0.6056
0.6048
0.5823
0.6646
0.7939
0.7717
0.9414
1.333
1.168
1.132
0.9665
0.5791
0.4561
0.3746
0.3095
0.2959
0.2882
0.2847
0.2835
0.2805
0.2781
0.2734
0.2710
0.2662
0.2633
0.2615
0.2603
0.2556
0.2544
0.2532
0.2550
0.2579
0.2597
0.2591
0.2591
0.2591
0.2591
0.2591
80.35
72.66
73.53
80.47
76.47
71.50
60.02
55.78
55.49
61.49
67.11
65.96
66.54
63.15
63.96
66.92
66.43
70.70
80.32
80.84
80.64
83.07
80.75
77.37
86.81
84.61
78.09
79.03
84.04
88.83
107.2
109.0
100.6
97.42
101.1
103.3
102.7
102.6
107.7
109.3
111.6
117.1
123.9
123.5
123.8
123.3
120.6
121.6
127.5
133.2
130.6
126.9
130.0
130.6
126.6
123.4
121.7
121.0
120.2
119.9
119.7
121.5
121.5
120.5
121.6
119.6
120.3
119.7
119.1
116.4
116.3
114.7
113.3
112.0
106.8
104.9
103.1
99.88
96.39
88.75
77.89
71.52
60.13
47.70
38.65
31.82
26.54
25.88
25.02
23.04
20.95
17.92
15.01
12.16
10.57
8.666
7.014
5.523
4.652
3.118
2.051
1.800
1.786
1.691
1.691
1.758
1.762
1.716
1.527
1.437
1.349
1.289
1.260
1.318
1.332
1.332
1.254
1.189
1.174
1.148
1.132
1.145
1.092
1.037
1.035
0.9922
0.9966
0.9608
0.8958
0.8447
0.8120
0.7643
0.7536
0.7548
0.7577
0.7342
0.7008
0.6860
0.6770
0.6863
0.6752
0.6700
0.6497
0.6367
0.6218
0.6169
0.6618
0.6404
0.7084
0.6433
0.5860
0.4934
0.3995
0.3473
0.3310
0.3257
0.3210
0.3180
0.3132
0.3103
0.3043
0.3013
0.2966
0.2930
0.2883
0.2859
0.2817
0.2799
0.2752
0.2710
0.2686
0.2657
0.2633
0.2609
0.2609
0.2609
0.2609
0.2615
0.2609
0.2609
0.2603
80.70
78.67
75.95
77.53
72.46
71.70
63.75
57.36
51.25
43.99
48.77
55.29
61.55
71.04
75.69
68.78
72.90
62.22
75.60
71.92
71.30
76.02
71.17
88.38
77.07
81.55
79.47
80.67
79.01
72.82
71.13
77.92
77.97
79.90
82.20
88.13
89.74
90.19
93.87
93.56
94.09
97.19
101.6
99.33
96.00
95.64
97.30
99.38
103.6
107.7
106.1
102.9
102.0
101.5
102.1
106.0
107.6
109.2
107.6
108.9
107.1
107.9
107.9
107.5
109.7
109.1
109.2
109.8
109.5
109.4
109.4
107.8
107.6
107.1
107.1
105.9
105.2
100.1
98.10
93.02
85.86
80.40
70.86
61.33
53.87
43.35
38.95
38.69
36.30
33.64
27.83
23.82
20.26
17.04
14.13
12.67
10.96
9.679
7.539
6.347
4.488
3.062
1.979
1.715
1.656
1.580
1.484
1.451
1.453
1.428
1.435
1.425
1.462
1.418
1.388
1.386
1.380
1.349
1.278
1.248
1.244
1.266
1.258
1.324
1.322
1.428
1.403
1.391
1.382
1.574
1.568
1.557
1.625
1.325
1.224
1.183
1.067
0.9265
0.7856
0.7464
0.7360
0.6961
0.6517
0.6209
0.6032
0.5998
0.6138
0.6490
0.8104
0.7673
0.7734
0.7779
0.7047
0.6543
0.6542
0.5960
0.4154
0.3391
0.3125
0.3060
0.3031
0.2977
0.2953
0.2900
0.2870
0.2828
0.2787
0.2727
0.2680
0.2662
0.2633
0.2621
0.2621
0.2627
0.2627
0.2627
0.2627
0.2639
0.2651
0.2656
0.2639
80.69
82.04
71.73
72.28
71.40
72.70
69.10
60.98
58.66
60.93
58.63
55.04
61.45
62.87
60.22
59.36
59.45
70.92
77.95
80.03
77.89
70.67
72.01
72.75
82.06
76.45
75.75
71.88
79.68
87.97
83.89
86.75
90.69
94.69
100.9
97.98
105.4
109.5
110.3
110.0
107.2
106.1
107.4
107.5
111.2
113.0
115.5
117.4
118.5
117.0
118.8
118.5
120.1
122.4
122.3
121.3
118.9
118.9
118.0
120.5
118.8
123.3
124.7
126.6
126.5
126.3
125.1
124.4
123.4
123.7
122.7
121.5
121.2
121.0
118.2
115.2
111.9
108.5
99.68
91.80
84.02
72.86
64.18
56.87
43.16
35.26
32.98
31.44
29.02
25.78
21.71
18.60
15.97
13.28
11.09
8.506
6.135
4.438
3.639
2.944
2.541
2.294
2.085
1.960
1.845
1.716
1.505
1.379
1.274
1.173
1.107
1.088
1.076
1.061
1.043
1.046
1.188
1.222
1.262
1.409
1.624
1.664
1.777
1.797
1.868
1.705
1.843
1.868
1.907
1.910
1.852
1.868
2.013
1.833
1.713
1.925
1.575
2.122
1.291
1.210
1.007
0.8451
0.7076
0.6865
0.6817
0.6734
0.6886
0.7302
1.068
1.002
1.143
1.072
1.336
1.211
1.011
0.8618
0.6636
0.7406
0.4744
0.3506
0.3216
0.3156
0.3109
0.3067
0.3031
0.2978
0.2936
0.2877
0.2817
0.2782
0.2722
0.2686
0.2639
0.2615
0.2609
0.2609
0.2615
0.2597
0.2591
0.2603
0.2615
81.07
85.49
68.98
72.93
67.31
78.98
83.72
67.20
54.67
52.71
58.25
60.71
70.05
67.33
56.32
45.86
45.70
59.71
81.72
86.05
74.46
76.39
73.53
80.38
92.68
97.69
83.51
88.99
91.07
92.83
107.4
106.5
111.4
106.1
108.9
116.6
118.6
114.1
119.0
119.3
119.6
116.9
117.8
119.5
127.0
127.5
131.6
129.3
125.9
127.0
125.4
124.0
125.6
123.5
123.5
122.4
125.7
125.2
126.5
127.6
127.7
132.2
134.4
131.6
134.2
133.8
133.3
132.6
132.0
131.9
132.4
129.6
127.9
125.0
123.1
119.4
111.7
105.8
95.24
91.39
82.13
68.24
54.42
53.15
46.42
41.13
38.22
37.62
33.71
29.69
24.22
18.86
14.66
11.83
8.330
5.292
3.267
2.132
2.106
2.170
2.217
2.212
2.236
2.167
1.981
1.749
1.560
1.386
1.292
1.253
1.252
1.254
1.240
1.222
1.343
1.481
1.634
2.125
2.005
2.032
2.231
2.539
2.494
2.673
2.847
3.147
3.225
3.341
3.665
4.053
3.792
3.553
3.555
3.574
3.013
2.828
2.555
1.910
1.722
1.418
1.189
1.290
0.8266
0.7760
0.7049
0.7099
0.7372
0.7561
0.8131
0.9866
0.9879
1.174
1.780
1.617
1.785
1.387
0.7755
0.6500
0.8106
0.4206
0.3245
0.3066
0.3007
0.2983
0.2923
0.2876
0.2840
0.2781
0.2710
0.2651
0.2639
0.2591
0.2579
0.2579
0.2579
0.2579
0.2579
0.2591
0.2603
0.2639
0.2651
80.69
82.04
71.73
72.28
71.40
72.70
69.10
60.98
58.66
60.93
58.63
55.04
61.45
62.87
60.22
59.36
59.45
70.92
77.95
80.03
77.89
70.67
72.01
72.75
82.06
76.45
75.75
71.88
79.68
87.97
83.89
86.75
90.69
94.69
100.9
97.98
105.4
109.5
110.3
110.0
107.2
106.1
107.4
107.5
111.2
113.0
115.5
117.4
118.5
117.0
118.8
118.5
120.1
122.4
122.3
121.3
118.9
118.9
118.0
120.5
118.8
123.3
124.7
126.6
126.5
126.3
125.1
124.4
123.4
123.7
122.7
121.5
121.2
121.0
118.2
115.2
111.9
108.5
99.68
91.80
84.02
72.86
64.18
56.87
43.16
35.26
32.98
31.44
29.02
25.78
21.71
18.60
15.97
13.28
11.09
8.506
6.135
4.438
3.639
2.944
2.541
2.294
2.085
1.960
1.845
1.716
1.505
1.379
1.274
1.173
1.107
1.088
1.076
1.061
1.043
1.046
1.188
1.222
1.262
1.409
1.624
1.664
1.777
1.797
1.868
1.705
1.843
1.868
1.907
1.910
1.852
1.868
2.013
1.833
1.713
1.925
1.575
2.122
1.291
1.210
1.007
0.8451
0.7076
0.6865
0.6817
0.6734
0.6886
0.7302
1.068
1.002
1.143
1.072
1.336
1.211
1.011
0.8618
0.6636
0.7406
0.4744
0.3506
0.3216
0.3156
0.3109
0.3067
0.3031
0.2978
0.2936
0.2877
0.2817
0.2782
0.2722
0.2686
0.2639
0.2615
0.2609
0.2609
0.2615
0.2597
0.2591
0.2603
0.2615
80.70
78.67
75.95
77.53
72.46
71.70
63.75
57.36
51.25
43.99
48.77
55.29
61.55
71.04
75.69
68.78
72.90
62.22
75.60
71.92
71.30
76.02
71.17
88.38
77.07
81.55
79.47
80.67
79.01
72.82
71.13
77.92
77.97
79.90
82.20
88.13
89.74
90.19
93.87
93.56
94.09
97.19
101.6
99.33
96.00
95.64
97.30
99.38
103.6
107.7
106.1
102.9
102.0
101.5
102.1
106.0
107.6
109.2
107.6
108.9
107.1
107.9
107.9
107.5
109.7
109.1
109.2
109.8
109.5
109.4
109.4
107.8
107.6
107.1
107.1
105.9
105.2
100.1
98.10
93.02
85.86
80.40
70.86
61.33
53.87
43.35
38.95
38.69
36.30
33.64
27.83
23.82
20.26
17.04
14.13
12.67
10.96
9.679
7.539
6.347
4.488
3.062
1.979
1.715
1.656
1.580
1.484
1.451
1.453
1.428
1.435
1.425
1.462
1.418
1.388
1.386
1.380
1.349
1.278
1.248
1.244
1.266
1.258
1.324
1.322
1.428
1.403
1.391
1.382
1.574
1.568
1.557
1.625
1.325
1.224
1.183
1.067
0.9265
0.7856
0.7464
0.7360
0.6961
0.6517
0.6209
0.6032
0.5998
0.6138
0.6490
0.8104
0.7673
0.7734
0.7779
0.7047
0.6543
0.6542
0.5960
0.4154
0.3391
0.3125
0.3060
0.3031
0.2977
0.2953
0.2900
0.2870
0.2828
0.2787
0.2727
0.2680
0.2662
0.2633
0.2621
0.2621
0.2627
0.2627
0.2627
0.2627
0.2639
0.2651
0.2656
0.2639
80.35
72.66
73.53
80.47
76.47
71.50
60.02
55.78
55.49
61.49
67.11
65.96
66.54
63.15
63.96
66.92
66.43
70.70
80.32
80.84
80.64
83.07
80.75
77.37
86.81
84.61
78.09
79.03
84.04
88.83
107.2
109.0
100.6
97.42
101.1
103.3
102.7
102.6
107.7
109.3
111.6
117.1
123.9
123.5
123.8
123.3
120.6
121.6
127.5
133.2
130.6
126.9
130.0
130.6
126.6
123.4
121.7
121.0
120.2
119.9
119.7
121.5
121.5
120.5
121.6
119.6
120.3
119.7
119.1
116.4
116.3
114.7
113.3
112.0
106.8
104.9
103.1
99.88
96.39
88.75
77.89
71.52
60.13
47.70
38.65
31.82
26.54
25.88
25.02
23.04
20.95
17.92
15.01
12.16
10.57
8.666
7.014
5.523
4.652
3.118
2.051
1.800
1.786
1.691
1.691
1.758
1.762
1.716
1.527
1.437
1.349
1.289
1.260
1.318
1.332
1.332
1.254
1.189
1.174
1.148
1.132
1.145
1.092
1.037
1.035
0.9922
0.9966
0.9608
0.8958
0.8447
0.8120
0.7643
0.7536
0.7548
0.7577
0.7342
0.7008
0.6860
0.6770
0.6863
0.6752
0.6700
0.6497
0.6367
0.6218
0.6169
0.6618
0.6404
0.7084
0.6433
0.5860
0.4934
0.3995
0.3473
0.3310
0.3257
0.3210
0.3180
0.3132
0.3103
0.3043
0.3013
0.2966
0.2930
0.2883
0.2859
0.2817
0.2799
0.2752
0.2710
0.2686
0.2657
0.2633
0.2609
0.2609
0.2609
0.2609
0.2615
0.2609
0.2609
0.2603
78.30
70.89
73.62
80.15
81.15
68.83
59.37
61.60
64.63
60.98
59.81
52.34
56.64
68.53
82.60
79.26
87.96
91.09
89.93
82.60
92.54
85.80
94.17
95.12
94.83
97.62
103.5
98.89
90.93
101.2
126.2
126.1
123.0
131.1
131.9
135.4
145.3
149.6
152.7
151.5
155.8
153.3
160.7
151.7
149.7
152.2
155.8
157.0
160.6
153.1
148.6
151.5
151.9
149.9
152.8
151.3
153.9
148.1
143.2
141.8
137.7
134.7
132.3
133.0
132.8
132.4
129.4
126.4
121.3
119.5
116.8
113.6
109.7
104.3
102.0
97.13
91.04
81.59
76.48
68.76
61.05
51.73
48.48
41.91
36.19
29.20
22.16
19.78
19.28
18.55
18.29
17.39
15.83
14.67
13.41
12.17
10.59
8.891
6.864
5.305
4.378
3.128
2.192
1.875
1.747
1.539
1.442
1.350
1.291
1.272
1.285
1.282
1.293
1.314
1.330
1.284
1.240
1.301
1.262
1.281
1.235
1.228
1.234
1.246
1.261
1.282
1.240
1.206
1.204
1.204
1.179
1.050
1.056
0.9816
0.8970
0.8640
0.8534
0.7947
0.7848
0.7222
0.6674
0.6264
0.6139
0.6056
0.6048
0.5823
0.6646
0.7939
0.7717
0.9414
1.333
1.168
1.132
0.9665
0.5791
0.4561
0.3746
0.3095
0.2959
0.2882
0.2847
0.2835
0.2805
0.2781
0.2734
0.2710
0.2662
0.2633
0.2615
0.2603
0.2556
0.2544
0.2532
0.2550
0.2579
0.2597
0.2591
0.2591
0.2591
0.2591
0.2591
75.92
73.46
76.36
85.51
73.49
73.17
67.00
73.38
62.88
56.66
47.16
52.27
68.93
73.96
83.69
86.22
102.2
90.11
92.12
101.6
117.6
119.5
126.2
116.8
117.3
109.0
120.8
135.0
142.8
135.8
143.4
149.5
173.4
175.4
180.9
180.3
184.5
186.7
194.5
201.2
205.7
211.5
211.9
213.6
214.4
223.4
224.3
229.6
222.2
221.7
221.9
224.2
229.2
229.0
229.6
227.1
223.4
217.4
216.3
221.2
213.0
206.4
206.0
203.2
198.3
192.3
187.8
180.7
174.1
168.3
163.0
153.4
144.3
135.1
125.9
111.7
101.0
91.40
81.73
69.83
57.85
51.47
44.61
35.22
25.37
17.96
16.90
16.71
16.67
16.23
15.86
14.14
12.30
10.73
9.205
8.213
6.501
5.429
4.389
3.876
3.147
2.528
2.325
2.170
2.018
1.863
1.623
1.403
1.243
1.099
1.030
1.012
1.001
0.9819
0.9747
0.9923
1.050
1.048
1.042
1.173
1.371
1.422
1.472
1.425
1.482
1.511
1.520
1.578
1.619
1.542
1.531
1.643
1.802
1.699
1.374
1.341
1.381
1.070
1.173
1.112
0.7635
0.7181
0.6386
0.6166
0.6139
0.6163
0.6406
0.8189
0.9919
1.393
1.371
1.507
1.841
1.974
1.676
1.582
0.8304
0.5026
0.4045
0.3136
0.2861
0.2835
0.2805
0.2787
0.2746
0.2734
0.2716
0.2675
0.2639
0.2604
0.2579
0.2556
0.2532
0.2508
0.2502
0.2514
0.2538
0.2526
0.2526
0.2550
0.2561
