SALVI
1
0
24
15.00
181
1.00

240803 5050 350 F4MD PMMA TRANSL

240103 5050 350 F4MD PMMA TRANSL.ldt
11 December 2023/TB
760
0
225
320
60
0
0
0
0
99.3
100.0
1.000
0.0
1
1
16 LED
4862.3


41.2
0.223
0.308
0.396
0.473
0.529
0.617
0.667
0.716
0.774
0.811
0.0
15.0
30.0
45.0
60.0
75.0
90.0
105.0
120.0
135.0
150.0
165.0
180.0
195.0
210.0
225.0
240.0
255.0
270.0
285.0
300.0
315.0
330.0
345.0
0.0
1.0
2.0
3.0
4.0
5.0
6.0
7.0
8.0
9.0
10.0
11.0
12.0
13.0
14.0
15.0
16.0
17.0
18.0
19.0
20.0
21.0
22.0
23.0
24.0
25.0
26.0
27.0
28.0
29.0
30.0
31.0
32.0
33.0
34.0
35.0
36.0
37.0
38.0
39.0
40.0
41.0
42.0
43.0
44.0
45.0
46.0
47.0
48.0
49.0
50.0
51.0
52.0
53.0
54.0
55.0
56.0
57.0
58.0
59.0
60.0
61.0
62.0
63.0
64.0
65.0
66.0
67.0
68.0
69.0
70.0
71.0
72.0
73.0
74.0
75.0
76.0
77.0
78.0
79.0
80.0
81.0
82.0
83.0
84.0
85.0
86.0
87.0
88.0
89.0
90.0
91.0
92.0
93.0
94.0
95.0
96.0
97.0
98.0
99.0
100.0
101.0
102.0
103.0
104.0
105.0
106.0
107.0
108.0
109.0
110.0
111.0
112.0
113.0
114.0
115.0
116.0
117.0
118.0
119.0
120.0
121.0
122.0
123.0
124.0
125.0
126.0
127.0
128.0
129.0
130.0
131.0
132.0
133.0
134.0
135.0
136.0
137.0
138.0
139.0
140.0
141.0
142.0
143.0
144.0
145.0
146.0
147.0
148.0
149.0
150.0
151.0
152.0
153.0
154.0
155.0
156.0
157.0
158.0
159.0
160.0
161.0
162.0
163.0
164.0
165.0
166.0
167.0
168.0
169.0
170.0
171.0
172.0
173.0
174.0
175.0
176.0
177.0
178.0
179.0
180.0
187.2
187.3
187.6
188.1
188.8
189.7
190.8
192.1
193.5
195.2
197.1
199.1
201.3
203.7
206.2
208.9
211.8
214.7
217.8
221.0
224.2
227.6
230.9
234.4
237.6
240.8
244.1
247.2
250.2
252.9
255.6
258.1
260.3
262.3
264.0
265.4
266.7
267.5
268.1
268.4
268.4
267.9
267.2
265.9
264.5
262.7
260.4
257.9
255.1
251.9
248.3
244.4
240.3
235.6
231.0
225.9
220.6
215.2
209.4
203.4
197.2
190.9
184.3
177.7
170.8
163.9
156.7
149.7
142.6
135.3
128.0
120.7
113.4
106.1
98.90
91.86
84.89
78.09
71.50
64.94
58.79
52.76
46.97
41.49
36.30
31.54
27.23
23.37
19.94
17.00
14.47
12.13
9.842
7.791
6.055
4.590
3.373
2.367
1.539
0.9283
0.5124
0.2607
0.1697
0.1729
0.1770
0.1800
0.1820
0.1871
0.1932
0.1982
0.2063
0.2103
0.2124
0.2194
0.2225
0.2295
0.2316
0.2396
0.2447
0.2478
0.2508
0.2539
0.2579
0.2619
0.2670
0.2730
0.2770
0.2791
0.2801
0.2841
0.2862
0.2912
0.2993
0.3044
0.3054
0.3074
0.3105
0.3125
0.3135
0.3135
0.3165
0.3175
0.3186
0.3206
0.3216
0.3236
0.3246
0.3276
0.3277
0.3297
0.3317
0.3317
0.3327
0.3327
0.3337
0.3347
0.3388
0.3388
0.3408
0.3438
0.3428
0.3428
0.3438
0.3478
0.3499
0.3509
0.3519
0.3539
0.3529
0.3529
0.3529
0.3549
0.3539
0.3550
0.3560
0.3560
0.3560
0.3560
0.3560
0.3560
0.3570
187.1
187.8
188.6
189.8
191.2
192.8
194.5
196.5
198.7
201.2
203.7
206.6
209.6
212.8
216.2
219.8
223.4
227.3
231.3
235.3
239.4
243.8
248.2
252.4
256.7
261.1
265.3
269.6
273.6
277.6
281.4
285.1
288.6
291.8
295.0
297.6
300.2
302.5
304.5
306.2
307.5
308.5
309.2
309.6
309.6
309.1
308.3
306.9
305.3
303.3
300.7
297.9
294.5
290.7
286.5
281.9
276.9
271.4
265.7
259.4
252.7
245.8
238.6
231.0
223.3
215.2
206.9
198.3
189.7
180.8
171.7
162.6
153.3
144.0
134.8
125.6
116.5
107.5
98.63
89.98
81.55
73.36
65.44
57.94
50.83
44.17
38.16
32.74
27.93
23.75
20.13
16.82
13.58
10.71
8.226
6.156
4.451
3.040
1.916
1.080
0.5576
0.2120
0.1548
0.1608
0.1628
0.1709
0.1719
0.1770
0.1800
0.1841
0.1881
0.1932
0.1963
0.2023
0.2053
0.2084
0.2134
0.2185
0.2235
0.2245
0.2296
0.2336
0.2387
0.2397
0.2437
0.2468
0.2508
0.2538
0.2569
0.2609
0.2609
0.2640
0.2690
0.2710
0.2731
0.2761
0.2781
0.2791
0.2811
0.2832
0.2852
0.2852
0.2872
0.2913
0.2933
0.2943
0.2963
0.2994
0.3034
0.3024
0.3054
0.3084
0.3095
0.3135
0.3135
0.3156
0.3186
0.3216
0.3247
0.3287
0.3307
0.3317
0.3347
0.3378
0.3408
0.3448
0.3469
0.3489
0.3530
0.3560
0.3611
0.3691
0.3742
0.3793
0.3863
0.3924
0.3985
0.4015
0.4045
0.4045
0.4055
187.1
188.3
189.8
191.5
193.5
195.7
198.1
200.6
203.5
206.6
209.7
213.2
216.7
220.5
224.5
228.6
232.8
237.2
241.6
246.1
250.7
255.5
260.3
265.2
270.2
275.1
280.0
284.8
289.8
294.6
299.3
304.2
308.7
313.2
317.7
322.0
326.1
330.1
333.9
337.4
340.7
343.7
346.4
348.8
350.8
352.4
353.8
354.5
354.9
354.7
353.9
352.7
350.9
348.4
345.3
341.7
337.5
332.6
327.1
320.9
314.2
306.8
299.0
290.6
281.9
272.6
262.9
253.0
242.5
231.6
220.6
209.4
197.9
186.3
174.5
162.7
150.9
139.3
127.9
116.7
105.7
95.09
84.87
75.02
65.80
57.46
49.47
42.37
36.04
30.53
25.77
21.42
17.13
13.27
9.949
7.209
4.924
2.914
1.513
0.6736
0.1777
0.1141
0.1123
0.1122
0.1133
0.1133
0.1133
0.1133
0.1153
0.1173
0.1223
0.1304
0.1345
0.1365
0.1405
0.1396
0.1446
0.1466
0.1516
0.1557
0.1597
0.1658
0.1689
0.1709
0.1759
0.1780
0.1860
0.1910
0.1972
0.1962
0.2002
0.2032
0.2033
0.2083
0.2093
0.2123
0.2163
0.2224
0.2225
0.2235
0.2245
0.2275
0.2275
0.2306
0.2346
0.2396
0.2437
0.2477
0.2508
0.2528
0.2528
0.2528
0.2568
0.2598
0.2629
0.2659
0.2730
0.2760
0.2781
0.2831
0.2871
0.2872
0.2902
0.2932
0.3033
0.3094
0.3094
0.3135
0.3215
0.3266
0.3326
0.3377
0.3408
0.3518
0.3610
0.3691
0.3832
0.3853
0.3883
0.3924
0.4055
186.9
188.7
190.5
192.8
195.3
197.9
200.7
203.8
207.0
210.4
214.1
217.9
222.0
226.1
230.5
235.1
239.6
244.4
249.3
254.2
259.2
264.4
269.7
275.1
280.5
286.0
291.7
297.4
303.2
309.0
314.9
320.9
326.7
332.7
338.6
344.4
350.3
356.0
361.5
366.7
371.8
376.5
380.9
384.7
388.1
390.9
393.4
395.0
396.1
396.6
396.1
395.1
393.1
390.4
387.0
382.8
377.7
371.9
365.6
358.4
350.4
342.1
332.9
323.1
313.0
302.4
291.1
279.5
267.7
255.5
243.0
230.2
217.2
204.0
190.9
177.9
164.8
152.1
139.5
127.4
115.3
103.4
92.07
81.33
71.23
61.77
53.08
45.43
38.58
32.62
27.46
22.76
18.16
14.07
10.53
7.463
4.935
2.658
0.6508
0.0839
0.0850
0.0890
0.0890
0.0890
0.0930
0.0931
0.0981
0.1001
0.1011
0.1042
0.1042
0.1082
0.1113
0.1153
0.1193
0.1204
0.1254
0.1295
0.1315
0.1345
0.1406
0.1426
0.1467
0.1517
0.1547
0.1578
0.1638
0.1649
0.1699
0.1750
0.1790
0.1821
0.1851
0.1891
0.1922
0.1962
0.2002
0.2033
0.2053
0.2063
0.2104
0.2124
0.2154
0.2185
0.2225
0.2266
0.2306
0.2336
0.2357
0.2387
0.2427
0.2468
0.2518
0.2528
0.2569
0.2609
0.2650
0.2680
0.2730
0.2771
0.2812
0.2842
0.2913
0.2943
0.2993
0.3074
0.3115
0.3196
0.3216
0.3277
0.3348
0.3469
0.3540
0.3641
0.3742
0.3823
0.3924
0.3995
0.4065
0.4136
0.4156
187.1
189.2
191.6
194.1
196.8
199.8
203.0
206.4
209.9
213.7
217.7
221.9
226.3
230.8
235.5
240.4
245.4
250.5
255.9
261.3
266.8
272.6
278.4
284.4
290.6
296.9
303.3
309.7
316.3
323.0
329.9
336.6
343.7
350.7
357.8
364.7
371.2
377.5
383.4
389.2
394.3
399.2
403.3
407.1
409.9
412.2
413.6
414.4
414.3
413.6
411.8
409.2
405.9
401.5
396.6
390.8
384.3
376.9
368.8
360.1
350.8
341.0
330.5
319.7
308.3
296.6
284.3
271.9
259.2
246.3
233.2
219.9
206.5
193.2
180.1
167.1
154.3
141.9
129.5
117.5
105.9
94.70
83.96
73.79
64.26
55.91
47.86
40.77
34.54
29.09
24.44
20.31
16.19
12.53
9.373
6.707
4.591
2.712
1.427
0.6321
0.1688
0.0772
0.0728
0.0728
0.0728
0.0728
0.0728
0.0748
0.0748
0.0768
0.0779
0.0799
0.0789
0.0789
0.0789
0.0809
0.0829
0.0829
0.0889
0.0920
0.0960
0.1021
0.1042
0.1062
0.1082
0.1112
0.1153
0.1193
0.1234
0.1294
0.1335
0.1395
0.1436
0.1426
0.1456
0.1496
0.1517
0.1547
0.1617
0.1648
0.1698
0.1739
0.1790
0.1800
0.1820
0.1860
0.1881
0.1941
0.1962
0.1992
0.2052
0.2093
0.2103
0.2184
0.2235
0.2235
0.2285
0.2325
0.2386
0.2417
0.2477
0.2528
0.2558
0.2619
0.2669
0.2730
0.2801
0.2882
0.2942
0.3002
0.3054
0.3174
0.3296
0.3377
0.3468
0.3629
0.3701
0.3792
0.3913
0.3994
0.4035
186.9
189.3
191.8
194.6
197.6
200.7
204.0
207.6
211.4
215.3
219.6
224.1
228.8
233.4
238.4
243.5
248.9
254.4
259.9
265.9
272.0
278.2
284.4
291.0
297.5
304.5
311.4
318.6
325.7
333.0
340.6
347.8
355.1
362.5
369.6
376.7
383.2
389.1
395.1
400.3
404.9
409.1
412.5
415.2
417.1
418.4
418.6
418.2
417.2
415.1
412.2
408.3
403.9
398.4
392.1
385.3
377.6
369.4
360.4
350.9
340.7
330.1
318.9
307.5
295.7
283.7
271.1
258.5
245.6
232.6
219.5
206.3
193.2
180.3
167.6
155.2
143.1
131.4
120.1
108.7
97.85
87.41
77.44
68.03
59.32
51.19
43.90
37.45
31.72
26.79
22.61
18.94
15.34
12.07
9.218
6.860
4.940
3.402
2.182
1.260
0.5918
0.2369
0.0748
0.0728
0.0748
0.0749
0.0779
0.0769
0.0789
0.0799
0.0809
0.0850
0.0860
0.0880
0.0890
0.0910
0.0911
0.0961
0.0971
0.1011
0.1032
0.1062
0.1082
0.1113
0.1153
0.1194
0.1234
0.1244
0.1285
0.1335
0.1365
0.1396
0.1436
0.1477
0.1507
0.1557
0.1568
0.1608
0.1628
0.1699
0.1739
0.1760
0.1800
0.1861
0.1891
0.1922
0.1992
0.2023
0.2073
0.2094
0.2144
0.2185
0.2235
0.2276
0.2316
0.2367
0.2397
0.2458
0.2508
0.2549
0.2599
0.2640
0.2690
0.2741
0.2821
0.2843
0.2913
0.2974
0.3054
0.3135
0.3196
0.3298
0.3388
0.3520
0.3621
0.3732
0.3863
0.3955
0.4045
0.4065
0.4096
187.2
189.6
192.2
195.0
198.0
201.4
204.7
208.4
212.2
216.4
220.6
225.3
230.0
234.8
239.9
245.1
250.7
256.2
261.9
268.2
274.5
281.0
287.4
294.2
301.2
308.1
315.3
322.8
330.1
337.7
345.4
353.0
360.5
367.8
374.9
381.7
388.0
393.8
399.6
404.6
409.1
412.7
415.7
417.9
419.3
419.9
419.8
418.8
416.9
414.2
410.7
406.3
401.1
395.1
388.5
381.1
373.3
364.5
355.2
345.3
335.2
324.5
313.3
301.6
289.7
277.5
264.8
252.3
239.5
226.6
213.4
200.5
187.9
175.3
163.0
150.8
139.0
127.5
116.1
105.2
94.66
84.54
75.03
65.85
57.81
49.79
42.74
36.48
30.97
26.20
22.16
18.65
15.19
11.95
9.178
6.915
5.070
3.576
2.344
1.417
0.7460
0.3265
0.0775
0.0729
0.0728
0.0728
0.0728
0.0728
0.0728
0.0728
0.0728
0.0728
0.0728
0.0728
0.0728
0.0728
0.0728
0.0748
0.0789
0.0910
0.0910
0.0930
0.0930
0.0930
0.0930
0.0971
0.0991
0.1011
0.1071
0.1092
0.1152
0.1193
0.1213
0.1234
0.1254
0.1314
0.1315
0.1355
0.1415
0.1497
0.1577
0.1558
0.1577
0.1618
0.1658
0.1679
0.1739
0.1780
0.1820
0.1840
0.1901
0.1961
0.2022
0.2063
0.2103
0.2245
0.2225
0.2225
0.2265
0.2426
0.2527
0.2508
0.2568
0.2549
0.2589
0.2629
0.2689
0.2831
0.2851
0.2911
0.2973
0.3174
0.3196
0.3316
0.3499
0.3519
0.3640
0.3801
0.3883
0.3903
0.4045
186.9
189.3
191.8
194.6
197.6
200.7
204.0
207.6
211.4
215.3
219.6
224.1
228.8
233.4
238.4
243.5
248.9
254.4
259.9
265.9
272.0
278.2
284.4
291.0
297.5
304.5
311.4
318.6
325.7
333.0
340.6
347.8
355.1
362.5
369.6
376.7
383.2
389.1
395.1
400.3
404.9
409.1
412.5
415.2
417.1
418.4
418.6
418.2
417.2
415.1
412.2
408.3
403.9
398.4
392.1
385.3
377.6
369.4
360.4
350.9
340.7
330.1
318.9
307.5
295.7
283.7
271.1
258.5
245.6
232.6
219.5
206.3
193.2
180.3
167.6
155.2
143.1
131.4
120.1
108.7
97.85
87.41
77.44
68.03
59.32
51.19
43.90
37.45
31.72
26.79
22.61
18.94
15.34
12.07
9.218
6.860
4.940
3.402
2.182
1.260
0.5918
0.2369
0.0748
0.0728
0.0748
0.0749
0.0779
0.0769
0.0789
0.0799
0.0809
0.0850
0.0860
0.0880
0.0890
0.0910
0.0911
0.0961
0.0971
0.1011
0.1032
0.1062
0.1082
0.1113
0.1153
0.1194
0.1234
0.1244
0.1285
0.1335
0.1365
0.1396
0.1436
0.1477
0.1507
0.1557
0.1568
0.1608
0.1628
0.1699
0.1739
0.1760
0.1800
0.1861
0.1891
0.1922
0.1992
0.2023
0.2073
0.2094
0.2144
0.2185
0.2235
0.2276
0.2316
0.2367
0.2397
0.2458
0.2508
0.2549
0.2599
0.2640
0.2690
0.2741
0.2821
0.2843
0.2913
0.2974
0.3054
0.3135
0.3196
0.3298
0.3388
0.3520
0.3621
0.3732
0.3863
0.3955
0.4045
0.4065
0.4096
187.1
189.2
191.6
194.1
196.8
199.8
203.0
206.4
209.9
213.7
217.7
221.9
226.3
230.8
235.5
240.4
245.4
250.5
255.9
261.3
266.8
272.6
278.4
284.4
290.6
296.9
303.3
309.7
316.3
323.0
329.9
336.6
343.7
350.7
357.8
364.7
371.2
377.5
383.4
389.2
394.3
399.2
403.3
407.1
409.9
412.2
413.6
414.4
414.3
413.6
411.8
409.2
405.9
401.5
396.6
390.8
384.3
376.9
368.8
360.1
350.8
341.0
330.5
319.7
308.3
296.6
284.3
271.9
259.2
246.3
233.2
219.9
206.5
193.2
180.1
167.1
154.3
141.9
129.5
117.5
105.9
94.70
83.96
73.79
64.26
55.91
47.86
40.77
34.54
29.09
24.44
20.31
16.19
12.53
9.373
6.707
4.591
2.712
1.427
0.6321
0.1688
0.0772
0.0728
0.0728
0.0728
0.0728
0.0728
0.0748
0.0748
0.0768
0.0779
0.0799
0.0789
0.0789
0.0789
0.0809
0.0829
0.0829
0.0889
0.0920
0.0960
0.1021
0.1042
0.1062
0.1082
0.1112
0.1153
0.1193
0.1234
0.1294
0.1335
0.1395
0.1436
0.1426
0.1456
0.1496
0.1517
0.1547
0.1617
0.1648
0.1698
0.1739
0.1790
0.1800
0.1820
0.1860
0.1881
0.1941
0.1962
0.1992
0.2052
0.2093
0.2103
0.2184
0.2235
0.2235
0.2285
0.2325
0.2386
0.2417
0.2477
0.2528
0.2558
0.2619
0.2669
0.2730
0.2801
0.2882
0.2942
0.3002
0.3054
0.3174
0.3296
0.3377
0.3468
0.3629
0.3701
0.3792
0.3913
0.3994
0.4035
186.9
188.7
190.5
192.8
195.3
197.9
200.7
203.8
207.0
210.4
214.1
217.9
222.0
226.1
230.5
235.1
239.6
244.4
249.3
254.2
259.2
264.4
269.7
275.1
280.5
286.0
291.7
297.4
303.2
309.0
314.9
320.9
326.7
332.7
338.6
344.4
350.3
356.0
361.5
366.7
371.8
376.5
380.9
384.7
388.1
390.9
393.4
395.0
396.1
396.6
396.1
395.1
393.1
390.4
387.0
382.8
377.7
371.9
365.6
358.4
350.4
342.1
332.9
323.1
313.0
302.4
291.1
279.5
267.7
255.5
243.0
230.2
217.2
204.0
190.9
177.9
164.8
152.1
139.5
127.4
115.3
103.4
92.07
81.33
71.23
61.77
53.08
45.43
38.58
32.62
27.46
22.76
18.16
14.07
10.53
7.463
4.935
2.658
0.6508
0.0839
0.0850
0.0890
0.0890
0.0890
0.0930
0.0931
0.0981
0.1001
0.1011
0.1042
0.1042
0.1082
0.1113
0.1153
0.1193
0.1204
0.1254
0.1295
0.1315
0.1345
0.1406
0.1426
0.1467
0.1517
0.1547
0.1578
0.1638
0.1649
0.1699
0.1750
0.1790
0.1821
0.1851
0.1891
0.1922
0.1962
0.2002
0.2033
0.2053
0.2063
0.2104
0.2124
0.2154
0.2185
0.2225
0.2266
0.2306
0.2336
0.2357
0.2387
0.2427
0.2468
0.2518
0.2528
0.2569
0.2609
0.2650
0.2680
0.2730
0.2771
0.2812
0.2842
0.2913
0.2943
0.2993
0.3074
0.3115
0.3196
0.3216
0.3277
0.3348
0.3469
0.3540
0.3641
0.3742
0.3823
0.3924
0.3995
0.4065
0.4136
0.4156
187.1
188.3
189.8
191.5
193.5
195.7
198.1
200.6
203.5
206.6
209.7
213.2
216.7
220.5
224.5
228.6
232.8
237.2
241.6
246.1
250.7
255.5
260.3
265.2
270.2
275.1
280.0
284.8
289.8
294.6
299.3
304.2
308.7
313.2
317.7
322.0
326.1
330.1
333.9
337.4
340.7
343.7
346.4
348.8
350.8
352.4
353.8
354.5
354.9
354.7
353.9
352.7
350.9
348.4
345.3
341.7
337.5
332.6
327.1
320.9
314.2
306.8
299.0
290.6
281.9
272.6
262.9
253.0
242.5
231.6
220.6
209.4
197.9
186.3
174.5
162.7
150.9
139.3
127.9
116.7
105.7
95.09
84.87
75.02
65.80
57.46
49.47
42.37
36.04
30.53
25.77
21.42
17.13
13.27
9.949
7.209
4.924
2.914
1.513
0.6736
0.1777
0.1141
0.1123
0.1122
0.1133
0.1133
0.1133
0.1133
0.1153
0.1173
0.1223
0.1304
0.1345
0.1365
0.1405
0.1396
0.1446
0.1466
0.1516
0.1557
0.1597
0.1658
0.1689
0.1709
0.1759
0.1780
0.1860
0.1910
0.1972
0.1962
0.2002
0.2032
0.2033
0.2083
0.2093
0.2123
0.2163
0.2224
0.2225
0.2235
0.2245
0.2275
0.2275
0.2306
0.2346
0.2396
0.2437
0.2477
0.2508
0.2528
0.2528
0.2528
0.2568
0.2598
0.2629
0.2659
0.2730
0.2760
0.2781
0.2831
0.2871
0.2872
0.2902
0.2932
0.3033
0.3094
0.3094
0.3135
0.3215
0.3266
0.3326
0.3377
0.3408
0.3518
0.3610
0.3691
0.3832
0.3853
0.3883
0.3924
0.4055
187.1
187.8
188.6
189.8
191.2
192.8
194.5
196.5
198.7
201.2
203.7
206.6
209.6
212.8
216.2
219.8
223.4
227.3
231.3
235.3
239.4
243.8
248.2
252.4
256.7
261.1
265.3
269.6
273.6
277.6
281.4
285.1
288.6
291.8
295.0
297.6
300.2
302.5
304.5
306.2
307.5
308.5
309.2
309.6
309.6
309.1
308.3
306.9
305.3
303.3
300.7
297.9
294.5
290.7
286.5
281.9
276.9
271.4
265.7
259.4
252.7
245.8
238.6
231.0
223.3
215.2
206.9
198.3
189.7
180.8
171.7
162.6
153.3
144.0
134.8
125.6
116.5
107.5
98.63
89.98
81.55
73.36
65.44
57.94
50.83
44.17
38.16
32.74
27.93
23.75
20.13
16.82
13.58
10.71
8.226
6.156
4.451
3.040
1.916
1.080
0.5576
0.2120
0.1548
0.1608
0.1628
0.1709
0.1719
0.1770
0.1800
0.1841
0.1881
0.1932
0.1963
0.2023
0.2053
0.2084
0.2134
0.2185
0.2235
0.2245
0.2296
0.2336
0.2387
0.2397
0.2437
0.2468
0.2508
0.2538
0.2569
0.2609
0.2609
0.2640
0.2690
0.2710
0.2731
0.2761
0.2781
0.2791
0.2811
0.2832
0.2852
0.2852
0.2872
0.2913
0.2933
0.2943
0.2963
0.2994
0.3034
0.3024
0.3054
0.3084
0.3095
0.3135
0.3135
0.3156
0.3186
0.3216
0.3247
0.3287
0.3307
0.3317
0.3347
0.3378
0.3408
0.3448
0.3469
0.3489
0.3530
0.3560
0.3611
0.3691
0.3742
0.3793
0.3863
0.3924
0.3985
0.4015
0.4045
0.4045
0.4055
187.2
187.3
187.6
188.1
188.8
189.7
190.8
192.1
193.5
195.2
197.1
199.1
201.3
203.7
206.2
208.9
211.8
214.7
217.8
221.0
224.2
227.6
230.9
234.4
237.6
240.8
244.1
247.2
250.2
252.9
255.6
258.1
260.3
262.3
264.0
265.4
266.7
267.5
268.1
268.4
268.4
267.9
267.2
265.9
264.5
262.7
260.4
257.9
255.1
251.9
248.3
244.4
240.3
235.6
231.0
225.9
220.6
215.2
209.4
203.4
197.2
190.9
184.3
177.7
170.8
163.9
156.7
149.7
142.6
135.3
128.0
120.7
113.4
106.1
98.90
91.86
84.89
78.09
71.50
64.94
58.79
52.76
46.97
41.49
36.30
31.54
27.23
23.37
19.94
17.00
14.47
12.13
9.842
7.791
6.055
4.590
3.373
2.367
1.539
0.9283
0.5124
0.2607
0.1697
0.1729
0.1770
0.1800
0.1820
0.1871
0.1932
0.1982
0.2063
0.2103
0.2124
0.2194
0.2225
0.2295
0.2316
0.2396
0.2447
0.2478
0.2508
0.2539
0.2579
0.2619
0.2670
0.2730
0.2770
0.2791
0.2801
0.2841
0.2862
0.2912
0.2993
0.3044
0.3054
0.3074
0.3105
0.3125
0.3135
0.3135
0.3165
0.3175
0.3186
0.3206
0.3216
0.3236
0.3246
0.3276
0.3277
0.3297
0.3317
0.3317
0.3327
0.3327
0.3337
0.3347
0.3388
0.3388
0.3408
0.3438
0.3428
0.3428
0.3438
0.3478
0.3499
0.3509
0.3519
0.3539
0.3529
0.3529
0.3529
0.3549
0.3539
0.3550
0.3560
0.3560
0.3560
0.3560
0.3560
0.3560
0.3570
187.1
186.6
186.3
186.1
186.1
186.3
186.7
187.2
187.8
188.6
189.5
190.5
191.6
192.9
194.2
195.5
197.0
198.6
200.0
201.7
203.5
205.1
206.7
208.2
209.7
211.2
212.4
213.6
214.4
215.2
215.8
216.1
216.2
216.0
215.5
214.9
213.9
212.6
211.1
209.1
207.1
204.7
201.9
198.9
195.7
192.3
188.6
184.8
180.7
176.6
172.1
167.7
163.0
158.3
153.5
148.6
143.7
138.7
133.7
128.7
123.7
118.7
113.7
108.8
103.9
99.07
94.25
89.46
84.78
80.10
75.51
70.97
66.48
62.23
57.99
53.81
49.66
45.63
41.75
37.94
34.28
30.76
27.43
24.27
21.32
18.60
16.11
13.94
12.05
10.39
8.956
7.557
6.161
4.904
3.817
2.904
2.108
1.471
0.9492
0.5657
0.3547
0.2294
0.2245
0.2245
0.2265
0.2295
0.2326
0.2386
0.2437
0.2517
0.2548
0.2578
0.2639
0.2679
0.2730
0.2780
0.2821
0.2862
0.2942
0.2953
0.2993
0.3013
0.3044
0.3104
0.3135
0.3165
0.3175
0.3255
0.3297
0.3337
0.3327
0.3347
0.3387
0.3438
0.3438
0.3508
0.3579
0.3610
0.3650
0.3641
0.3650
0.3671
0.3681
0.3721
0.3731
0.3732
0.3742
0.3762
0.3772
0.3802
0.3842
0.3863
0.3873
0.3883
0.3903
0.3903
0.3913
0.3934
0.3964
0.3964
0.3954
0.3974
0.3974
0.3974
0.3974
0.3974
0.3974
0.3984
0.3984
0.3984
0.3974
0.3954
0.3944
0.3944
0.3944
0.3934
0.3964
0.3974
0.3994
0.3994
0.4035
187.1
186.0
185.1
184.3
183.6
183.1
182.7
182.4
182.2
182.0
181.9
181.8
181.7
181.6
181.4
181.2
181.0
180.8
180.4
180.0
179.4
178.8
178.0
177.0
176.0
174.7
173.2
171.5
169.6
167.5
165.3
162.7
160.0
157.0
153.9
150.6
147.3
143.8
140.1
136.4
132.7
128.8
125.0
121.2
117.4
113.5
109.6
105.8
102.1
98.44
94.85
91.30
87.91
84.56
81.33
78.16
75.10
72.08
69.18
66.38
63.63
60.94
58.36
55.81
53.33
50.89
48.49
46.14
43.84
41.57
39.33
37.13
34.95
32.78
30.68
28.62
26.56
24.54
22.58
20.66
18.80
17.00
15.27
13.66
12.12
10.69
9.403
8.271
7.251
6.382
5.608
4.763
3.859
3.043
2.320
1.706
1.185
0.7508
0.4683
0.3026
0.2529
0.2580
0.2630
0.2700
0.2781
0.2842
0.2903
0.2974
0.3014
0.3095
0.3145
0.3196
0.3246
0.3287
0.3338
0.3388
0.3418
0.3459
0.3520
0.3580
0.3611
0.3651
0.3671
0.3722
0.3752
0.3803
0.3833
0.3864
0.3914
0.3954
0.3985
0.4015
0.4055
0.4096
0.4116
0.4167
0.4197
0.4258
0.4278
0.4298
0.4318
0.4338
0.4348
0.4348
0.4348
0.4348
0.4348
0.4348
0.4358
0.4328
0.4328
0.4328
0.4328
0.4328
0.4328
0.4328
0.4328
0.4328
0.4318
0.4308
0.4287
0.4247
0.4237
0.4206
0.4176
0.4146
0.4116
0.4116
0.4085
0.4075
0.4075
0.4075
0.4066
0.4106
0.4106
0.4126
0.4106
0.4116
0.4106
0.4096
0.4096
186.9
185.3
183.9
182.6
181.3
180.2
179.1
178.1
177.1
176.0
174.8
173.6
172.2
170.7
169.2
167.5
165.6
163.6
161.3
158.8
156.1
153.2
150.0
146.8
143.4
139.8
136.0
132.2
128.2
124.3
120.3
116.4
112.4
108.5
104.7
100.9
97.33
93.82
90.42
87.22
84.12
81.15
78.33
75.69
73.14
70.71
68.38
66.19
64.18
62.40
60.52
58.67
56.89
55.17
53.49
51.87
50.28
48.71
47.17
45.64
44.13
42.60
41.10
39.61
38.08
36.58
35.06
33.53
32.00
30.47
28.91
27.38
25.85
24.30
22.77
21.25
19.75
18.26
16.80
15.37
13.97
12.63
11.35
10.13
8.986
7.948
6.987
6.143
5.386
4.750
4.158
3.452
2.720
2.072
1.506
1.025
0.6462
0.3430
0.2565
0.2538
0.2558
0.2599
0.2659
0.2740
0.2820
0.2861
0.2942
0.2993
0.3083
0.3164
0.3185
0.3236
0.3326
0.3377
0.3417
0.3458
0.3509
0.3549
0.3590
0.3630
0.3690
0.3731
0.3772
0.3822
0.3842
0.3883
0.3923
0.3964
0.4004
0.4025
0.4055
0.4095
0.4136
0.4186
0.4227
0.4267
0.4297
0.4368
0.4359
0.4389
0.4429
0.4439
0.4459
0.4480
0.4490
0.4510
0.4550
0.4541
0.4571
0.4591
0.4591
0.4601
0.4601
0.4611
0.4621
0.4642
0.4632
0.4632
0.4632
0.4632
0.4632
0.4632
0.4632
0.4602
0.4561
0.4541
0.4511
0.4450
0.4430
0.4399
0.4339
0.4308
0.4268
0.4227
0.4227
0.4227
0.4217
0.4187
0.4176
0.4176
0.4176
187.1
185.2
183.3
181.5
179.8
178.2
176.5
174.8
173.1
171.2
169.3
167.1
164.7
162.1
159.4
156.3
153.1
149.7
145.9
142.0
137.9
133.5
129.2
124.8
120.4
115.9
111.4
107.1
102.8
98.69
94.74
90.98
87.42
84.13
81.01
78.09
75.40
72.89
70.58
68.43
66.45
64.61
62.87
61.24
59.69
58.23
56.84
55.48
54.16
52.88
51.64
50.40
49.19
47.97
46.75
45.54
44.30
43.06
41.80
40.54
39.25
37.96
36.66
35.32
33.97
32.60
31.23
29.83
28.44
27.02
25.60
24.20
22.78
21.36
19.95
18.56
17.18
15.81
14.49
13.17
11.90
10.70
9.552
8.466
7.452
6.527
5.700
4.961
4.308
3.752
3.253
2.686
2.077
1.549
1.104
0.7762
0.5190
0.3672
0.2911
0.2741
0.2771
0.2842
0.2913
0.3004
0.3085
0.3157
0.3247
0.3327
0.3388
0.3459
0.3510
0.3561
0.3631
0.3681
0.3762
0.3793
0.3844
0.3914
0.3954
0.3985
0.4035
0.4086
0.4116
0.4157
0.4197
0.4217
0.4278
0.4298
0.4339
0.4379
0.4430
0.4450
0.4490
0.4520
0.4541
0.4582
0.4662
0.4692
0.4713
0.4743
0.4763
0.4783
0.4773
0.4773
0.4773
0.4773
0.4763
0.4763
0.4763
0.4763
0.4763
0.4763
0.4763
0.4773
0.4722
0.4702
0.4702
0.4692
0.4682
0.4662
0.4651
0.4631
0.4621
0.4590
0.4510
0.4480
0.4429
0.4388
0.4348
0.4318
0.4308
0.4287
0.4217
0.4217
0.4247
0.4237
0.4237
0.4197
0.4156
0.4126
0.4126
186.9
184.7
182.5
180.5
178.5
176.7
174.6
172.5
170.2
167.9
165.3
162.6
159.5
156.2
152.7
148.9
144.8
140.4
135.8
131.1
126.2
121.4
116.5
111.7
107.0
102.3
97.93
93.73
89.76
86.09
82.63
79.49
76.59
73.93
71.49
69.26
67.22
65.36
63.85
62.35
60.90
59.53
58.25
57.02
55.82
54.65
53.53
52.44
51.33
50.24
49.13
48.02
46.90
45.79
44.65
43.49
42.32
41.12
39.91
38.68
37.42
36.15
34.87
33.56
32.23
30.89
29.55
28.18
26.81
25.42
24.03
22.64
21.26
19.86
18.49
17.13
15.79
14.48
13.19
11.94
10.73
9.570
8.473
7.445
6.511
5.649
4.858
4.186
3.604
3.111
2.679
2.188
1.716
1.297
0.9761
0.7385
0.5596
0.4296
0.3493
0.3048
0.2842
0.2791
0.2791
0.2811
0.2912
0.2983
0.3033
0.3114
0.3215
0.3276
0.3337
0.3397
0.3468
0.3569
0.3580
0.3660
0.3681
0.3731
0.3782
0.3853
0.3893
0.3944
0.3984
0.4014
0.4045
0.4085
0.4156
0.4247
0.4297
0.4308
0.4328
0.4348
0.4358
0.4368
0.4409
0.4459
0.4530
0.4561
0.4581
0.4631
0.4662
0.4672
0.4692
0.4712
0.4702
0.4712
0.4732
0.4763
0.4793
0.4823
0.4834
0.4834
0.4844
0.4844
0.4864
0.4864
0.4874
0.4874
0.4874
0.4864
0.4864
0.4834
0.4824
0.4804
0.4763
0.4733
0.4673
0.4652
0.4591
0.4521
0.4470
0.4420
0.4369
0.4328
0.4328
0.4308
0.4308
0.4278
0.4257
0.4227
0.4166
187.2
184.9
182.6
180.5
178.4
176.2
174.2
172.0
169.7
167.2
164.4
161.3
158.2
154.7
150.9
146.7
142.4
137.8
133.0
128.0
123.1
118.2
113.3
108.4
103.7
99.05
94.68
90.64
86.82
83.25
80.00
77.01
74.31
71.83
69.58
67.57
65.75
64.05
62.52
61.12
59.78
58.52
57.33
56.16
55.05
53.97
52.86
51.77
50.71
49.65
48.59
47.50
46.39
45.28
44.16
43.02
41.87
40.67
39.48
38.26
37.00
35.74
34.44
33.15
31.84
30.50
29.14
27.79
26.42
25.04
23.65
22.27
20.90
19.51
18.13
16.79
15.46
14.14
12.88
11.63
10.43
9.287
8.206
7.193
6.248
5.397
4.639
3.969
3.383
2.899
2.484
2.049
1.638
1.270
0.9693
0.7411
0.5700
0.4377
0.3476
0.2991
0.2831
0.2832
0.2914
0.3015
0.3095
0.3156
0.3236
0.3298
0.3419
0.3479
0.3540
0.3581
0.3681
0.3742
0.3782
0.3843
0.3884
0.3985
0.4005
0.4046
0.4126
0.4167
0.4207
0.4228
0.4288
0.4308
0.4349
0.4389
0.4410
0.4470
0.4490
0.4531
0.4551
0.4612
0.4632
0.4652
0.4733
0.4793
0.4794
0.4834
0.4854
0.4874
0.4874
0.4874
0.4874
0.4874
0.4874
0.4874
0.4874
0.4874
0.4874
0.4874
0.4874
0.4874
0.4874
0.4874
0.4874
0.4874
0.4874
0.4854
0.4834
0.4773
0.4752
0.4651
0.4611
0.4570
0.4510
0.4449
0.4449
0.4449
0.4308
0.4247
0.4187
0.4187
0.4187
0.4187
0.4187
0.4187
0.4187
0.4166
0.4126
186.9
184.7
182.5
180.5
178.5
176.7
174.6
172.5
170.2
167.9
165.3
162.6
159.5
156.2
152.7
148.9
144.8
140.4
135.8
131.1
126.2
121.4
116.5
111.7
107.0
102.3
97.93
93.73
89.76
86.09
82.63
79.49
76.59
73.93
71.49
69.26
67.22
65.36
63.85
62.35
60.90
59.53
58.25
57.02
55.82
54.65
53.53
52.44
51.33
50.24
49.13
48.02
46.90
45.79
44.65
43.49
42.32
41.12
39.91
38.68
37.42
36.15
34.87
33.56
32.23
30.89
29.55
28.18
26.81
25.42
24.03
22.64
21.26
19.86
18.49
17.13
15.79
14.48
13.19
11.94
10.73
9.570
8.473
7.445
6.511
5.649
4.858
4.186
3.604
3.111
2.679
2.188
1.716
1.297
0.9761
0.7385
0.5596
0.4296
0.3493
0.3048
0.2842
0.2791
0.2791
0.2811
0.2912
0.2983
0.3033
0.3114
0.3215
0.3276
0.3337
0.3397
0.3468
0.3569
0.3580
0.3660
0.3681
0.3731
0.3782
0.3853
0.3893
0.3944
0.3984
0.4014
0.4045
0.4085
0.4156
0.4247
0.4297
0.4308
0.4328
0.4348
0.4358
0.4368
0.4409
0.4459
0.4530
0.4561
0.4581
0.4631
0.4662
0.4672
0.4692
0.4712
0.4702
0.4712
0.4732
0.4763
0.4793
0.4823
0.4834
0.4834
0.4844
0.4844
0.4864
0.4864
0.4874
0.4874
0.4874
0.4864
0.4864
0.4834
0.4824
0.4804
0.4763
0.4733
0.4673
0.4652
0.4591
0.4521
0.4470
0.4420
0.4369
0.4328
0.4328
0.4308
0.4308
0.4278
0.4257
0.4227
0.4166
187.1
185.2
183.3
181.5
179.8
178.2
176.5
174.8
173.1
171.2
169.3
167.1
164.7
162.1
159.4
156.3
153.1
149.7
145.9
142.0
137.9
133.5
129.2
124.8
120.4
115.9
111.4
107.1
102.8
98.69
94.74
90.98
87.42
84.13
81.01
78.09
75.40
72.89
70.58
68.43
66.45
64.61
62.87
61.24
59.69
58.23
56.84
55.48
54.16
52.88
51.64
50.40
49.19
47.97
46.75
45.54
44.30
43.06
41.80
40.54
39.25
37.96
36.66
35.32
33.97
32.60
31.23
29.83
28.44
27.02
25.60
24.20
22.78
21.36
19.95
18.56
17.18
15.81
14.49
13.17
11.90
10.70
9.552
8.466
7.452
6.527
5.700
4.961
4.308
3.752
3.253
2.686
2.077
1.549
1.104
0.7762
0.5190
0.3672
0.2911
0.2741
0.2771
0.2842
0.2913
0.3004
0.3085
0.3157
0.3247
0.3327
0.3388
0.3459
0.3510
0.3561
0.3631
0.3681
0.3762
0.3793
0.3844
0.3914
0.3954
0.3985
0.4035
0.4086
0.4116
0.4157
0.4197
0.4217
0.4278
0.4298
0.4339
0.4379
0.4430
0.4450
0.4490
0.4520
0.4541
0.4582
0.4662
0.4692
0.4713
0.4743
0.4763
0.4783
0.4773
0.4773
0.4773
0.4773
0.4763
0.4763
0.4763
0.4763
0.4763
0.4763
0.4763
0.4773
0.4722
0.4702
0.4702
0.4692
0.4682
0.4662
0.4651
0.4631
0.4621
0.4590
0.4510
0.4480
0.4429
0.4388
0.4348
0.4318
0.4308
0.4287
0.4217
0.4217
0.4247
0.4237
0.4237
0.4197
0.4156
0.4126
0.4126
186.9
185.3
183.9
182.6
181.3
180.2
179.1
178.1
177.1
176.0
174.8
173.6
172.2
170.7
169.2
167.5
165.6
163.6
161.3
158.8
156.1
153.2
150.0
146.8
143.4
139.8
136.0
132.2
128.2
124.3
120.3
116.4
112.4
108.5
104.7
100.9
97.33
93.82
90.42
87.22
84.12
81.15
78.33
75.69
73.14
70.71
68.38
66.19
64.18
62.40
60.52
58.67
56.89
55.17
53.49
51.87
50.28
48.71
47.17
45.64
44.13
42.60
41.10
39.61
38.08
36.58
35.06
33.53
32.00
30.47
28.91
27.38
25.85
24.30
22.77
21.25
19.75
18.26
16.80
15.37
13.97
12.63
11.35
10.13
8.986
7.948
6.987
6.143
5.386
4.750
4.158
3.452
2.720
2.072
1.506
1.025
0.6462
0.3430
0.2565
0.2538
0.2558
0.2599
0.2659
0.2740
0.2820
0.2861
0.2942
0.2993
0.3083
0.3164
0.3185
0.3236
0.3326
0.3377
0.3417
0.3458
0.3509
0.3549
0.3590
0.3630
0.3690
0.3731
0.3772
0.3822
0.3842
0.3883
0.3923
0.3964
0.4004
0.4025
0.4055
0.4095
0.4136
0.4186
0.4227
0.4267
0.4297
0.4368
0.4359
0.4389
0.4429
0.4439
0.4459
0.4480
0.4490
0.4510
0.4550
0.4541
0.4571
0.4591
0.4591
0.4601
0.4601
0.4611
0.4621
0.4642
0.4632
0.4632
0.4632
0.4632
0.4632
0.4632
0.4632
0.4602
0.4561
0.4541
0.4511
0.4450
0.4430
0.4399
0.4339
0.4308
0.4268
0.4227
0.4227
0.4227
0.4217
0.4187
0.4176
0.4176
0.4176
187.1
186.0
185.1
184.3
183.6
183.1
182.7
182.4
182.2
182.0
181.9
181.8
181.7
181.6
181.4
181.2
181.0
180.8
180.4
180.0
179.4
178.8
178.0
177.0
176.0
174.7
173.2
171.5
169.6
167.5
165.3
162.7
160.0
157.0
153.9
150.6
147.3
143.8
140.1
136.4
132.7
128.8
125.0
121.2
117.4
113.5
109.6
105.8
102.1
98.44
94.85
91.30
87.91
84.56
81.33
78.16
75.10
72.08
69.18
66.38
63.63
60.94
58.36
55.81
53.33
50.89
48.49
46.14
43.84
41.57
39.33
37.13
34.95
32.78
30.68
28.62
26.56
24.54
22.58
20.66
18.80
17.00
15.27
13.66
12.12
10.69
9.403
8.271
7.251
6.382
5.608
4.763
3.859
3.043
2.320
1.706
1.185
0.7508
0.4683
0.3026
0.2529
0.2580
0.2630
0.2700
0.2781
0.2842
0.2903
0.2974
0.3014
0.3095
0.3145
0.3196
0.3246
0.3287
0.3338
0.3388
0.3418
0.3459
0.3520
0.3580
0.3611
0.3651
0.3671
0.3722
0.3752
0.3803
0.3833
0.3864
0.3914
0.3954
0.3985
0.4015
0.4055
0.4096
0.4116
0.4167
0.4197
0.4258
0.4278
0.4298
0.4318
0.4338
0.4348
0.4348
0.4348
0.4348
0.4348
0.4348
0.4358
0.4328
0.4328
0.4328
0.4328
0.4328
0.4328
0.4328
0.4328
0.4328
0.4318
0.4308
0.4287
0.4247
0.4237
0.4206
0.4176
0.4146
0.4116
0.4116
0.4085
0.4075
0.4075
0.4075
0.4066
0.4106
0.4106
0.4126
0.4106
0.4116
0.4106
0.4096
0.4096
187.1
186.6
186.3
186.1
186.1
186.3
186.7
187.2
187.8
188.6
189.5
190.5
191.6
192.9
194.2
195.5
197.0
198.6
200.0
201.7
203.5
205.1
206.7
208.2
209.7
211.2
212.4
213.6
214.4
215.2
215.8
216.1
216.2
216.0
215.5
214.9
213.9
212.6
211.1
209.1
207.1
204.7
201.9
198.9
195.7
192.3
188.6
184.8
180.7
176.6
172.1
167.7
163.0
158.3
153.5
148.6
143.7
138.7
133.7
128.7
123.7
118.7
113.7
108.8
103.9
99.07
94.25
89.46
84.78
80.10
75.51
70.97
66.48
62.23
57.99
53.81
49.66
45.63
41.75
37.94
34.28
30.76
27.43
24.27
21.32
18.60
16.11
13.94
12.05
10.39
8.956
7.557
6.161
4.904
3.817
2.904
2.108
1.471
0.9492
0.5657
0.3547
0.2294
0.2245
0.2245
0.2265
0.2295
0.2326
0.2386
0.2437
0.2517
0.2548
0.2578
0.2639
0.2679
0.2730
0.2780
0.2821
0.2862
0.2942
0.2953
0.2993
0.3013
0.3044
0.3104
0.3135
0.3165
0.3175
0.3255
0.3297
0.3337
0.3327
0.3347
0.3387
0.3438
0.3438
0.3508
0.3579
0.3610
0.3650
0.3641
0.3650
0.3671
0.3681
0.3721
0.3731
0.3732
0.3742
0.3762
0.3772
0.3802
0.3842
0.3863
0.3873
0.3883
0.3903
0.3903
0.3913
0.3934
0.3964
0.3964
0.3954
0.3974
0.3974
0.3974
0.3974
0.3974
0.3974
0.3984
0.3984
0.3984
0.3974
0.3954
0.3944
0.3944
0.3944
0.3934
0.3964
0.3974
0.3994
0.3994
0.4035
