SALVI
1
0
24
15.0
181
1.0
240105-BNOVAM-3X2-Z5M4-F000-PMMA-S
240105 Baliza NOVA 3 caras
240105-BNOVAM-3X2-Z5M4-F000-PMMA-S
240105-BNOVAM-3X2-Z5M4-F000-PMMA-S.ldt
22-1-2024/TB
760
0
225
320
60
0
0
0
0
94.18
100.00
1.00
0.00
1
1
3x9LEDS
1157.40
3000
70
37.90
0.03
0.04
0.06
0.10
0.14
0.22
0.28
0.34
0.43
0.50
0.00
15.00
30.00
45.00
60.00
75.00
90.00
105.00
120.00
135.00
150.00
165.00
180.00
195.00
210.00
225.00
240.00
255.00
270.00
285.00
300.00
315.00
330.00
345.00
0.00
1.00
2.00
3.00
4.00
5.00
6.00
7.00
8.00
9.00
10.00
11.00
12.00
13.00
14.00
15.00
16.00
17.00
18.00
19.00
20.00
21.00
22.00
23.00
24.00
25.00
26.00
27.00
28.00
29.00
30.00
31.00
32.00
33.00
34.00
35.00
36.00
37.00
38.00
39.00
40.00
41.00
42.00
43.00
44.00
45.00
46.00
47.00
48.00
49.00
50.00
51.00
52.00
53.00
54.00
55.00
56.00
57.00
58.00
59.00
60.00
61.00
62.00
63.00
64.00
65.00
66.00
67.00
68.00
69.00
70.00
71.00
72.00
73.00
74.00
75.00
76.00
77.00
78.00
79.00
80.00
81.00
82.00
83.00
84.00
85.00
86.00
87.00
88.00
89.00
90.00
91.00
92.00
93.00
94.00
95.00
96.00
97.00
98.00
99.00
100.00
101.00
102.00
103.00
104.00
105.00
106.00
107.00
108.00
109.00
110.00
111.00
112.00
113.00
114.00
115.00
116.00
117.00
118.00
119.00
120.00
121.00
122.00
123.00
124.00
125.00
126.00
127.00
128.00
129.00
130.00
131.00
132.00
133.00
134.00
135.00
136.00
137.00
138.00
139.00
140.00
141.00
142.00
143.00
144.00
145.00
146.00
147.00
148.00
149.00
150.00
151.00
152.00
153.00
154.00
155.00
156.00
157.00
158.00
159.00
160.00
161.00
162.00
163.00
164.00
165.00
166.00
167.00
168.00
169.00
170.00
171.00
172.00
173.00
174.00
175.00
176.00
177.00
178.00
179.00
180.00
0.63
0.70
0.63
0.60
0.58
0.59
0.62
0.72
0.80
0.89
1.03
1.16
1.41
1.63
1.84
2.12
2.41
2.72
3.21
3.56
4.07
4.64
5.18
5.75
6.55
7.54
8.61
9.40
9.96
10.85
12.15
13.72
15.35
16.89
17.88
18.24
18.55
18.97
19.79
21.56
24.39
28.14
32.23
36.37
40.29
43.99
47.06
49.40
53.99
66.14
86.01
101.30
101.10
91.12
81.40
75.74
72.60
72.55
77.55
101.70
146.00
194.80
254.80
289.30
303.00
308.40
312.70
315.70
317.90
309.90
279.50
246.50
204.70
156.30
127.30
136.30
157.90
182.50
214.00
247.40
282.60
316.40
337.30
346.50
348.90
331.20
282.70
241.70
181.30
114.20
55.71
33.33
30.73
29.75
29.22
28.75
28.81
28.32
26.20
26.19
28.75
22.21
17.48
13.44
10.71
9.63
8.78
8.02
7.35
6.73
6.18
5.69
5.25
4.85
4.50
4.19
3.90
3.64
3.41
3.20
3.01
2.83
2.69
2.52
2.38
2.25
2.13
2.01
1.91
1.81
1.73
1.64
1.56
1.49
1.42
1.36
1.30
1.24
1.17
1.13
1.07
1.03
0.98
0.93
0.89
0.85
0.81
0.77
0.74
0.70
0.68
0.63
0.59
0.56
0.55
0.52
0.47
0.44
0.41
0.39
0.36
0.33
0.30
0.28
0.28
0.26
0.25
0.20
0.17
0.14
0.15
0.13
0.11
0.08
0.07
0.05
0.05
0.04
0.04
0.03
0.03
0.56
0.59
0.54
0.52
0.51
0.54
0.56
0.64
0.72
0.80
0.92
1.06
1.25
1.40
1.64
1.85
2.20
2.43
2.78
3.13
3.47
3.99
4.56
4.89
5.52
6.25
7.14
7.88
8.52
9.33
10.63
12.13
13.50
14.91
16.34
17.70
18.83
19.66
20.70
22.21
24.07
26.29
28.81
31.42
34.31
37.59
41.25
44.91
48.40
51.52
55.39
62.29
75.35
88.29
95.27
95.99
92.18
89.84
92.59
97.81
107.90
125.70
149.20
187.70
221.00
245.10
267.10
292.20
316.90
336.00
338.10
319.70
291.30
254.60
205.30
160.20
146.50
150.80
168.80
201.30
246.40
292.50
329.80
353.60
365.20
360.60
306.60
259.20
193.60
120.30
58.36
34.43
32.08
30.93
29.96
28.79
28.47
31.08
32.00
32.64
27.38
20.16
14.66
11.77
10.48
9.44
8.56
7.77
7.07
6.45
5.88
5.39
4.95
4.57
4.21
3.92
3.63
3.39
3.15
2.96
2.77
2.61
2.45
2.31
2.17
2.06
1.94
1.85
1.75
1.66
1.59
1.50
1.44
1.36
1.30
1.24
1.20
1.14
1.08
1.04
1.00
0.94
0.91
0.86
0.83
0.78
0.76
0.72
0.67
0.65
0.60
0.57
0.54
0.51
0.48
0.45
0.41
0.39
0.37
0.34
0.31
0.27
0.26
0.25
0.23
0.21
0.20
0.17
0.13
0.12
0.11
0.08
0.06
0.04
0.03
0.02
0.02
0.02
0.02
0.02
0.02
0.56
0.55
0.51
0.47
0.49
0.48
0.49
0.53
0.60
0.69
0.80
0.92
1.07
1.24
1.41
1.67
1.93
2.24
2.49
2.93
3.25
3.61
4.10
4.67
5.09
5.64
6.46
7.32
8.14
8.86
9.46
10.68
12.30
14.27
16.32
18.25
19.79
20.75
21.35
22.17
23.64
25.77
28.43
31.24
33.77
36.06
38.30
41.09
44.17
47.64
52.45
57.28
60.90
63.23
68.73
82.45
103.20
124.40
133.80
131.60
121.90
108.90
97.73
108.60
145.80
194.30
258.60
315.50
351.30
369.90
373.30
362.00
338.80
300.50
249.60
200.70
155.80
135.30
150.40
191.10
239.70
289.80
334.50
366.50
383.80
381.40
332.70
272.30
208.20
127.20
61.81
36.74
34.24
33.13
31.96
30.25
29.49
34.14
40.83
36.11
28.05
19.47
14.19
12.18
10.82
9.71
8.74
7.90
7.14
6.50
5.93
5.41
4.98
4.59
4.24
3.91
3.64
3.38
3.15
2.95
2.78
2.61
2.46
2.32
2.19
2.07
1.97
1.87
1.78
1.69
1.62
1.55
1.48
1.42
1.36
1.31
1.25
1.20
1.16
1.11
1.07
1.02
0.98
0.94
0.90
0.86
0.83
0.79
0.76
0.73
0.69
0.65
0.62
0.59
0.56
0.52
0.50
0.47
0.45
0.43
0.40
0.36
0.34
0.31
0.29
0.27
0.24
0.22
0.20
0.19
0.16
0.15
0.13
0.12
0.10
0.08
0.06
0.06
0.05
0.04
0.04
0.52
0.44
0.44
0.50
0.48
0.49
0.52
0.56
0.65
0.76
0.87
1.00
1.17
1.35
1.58
1.81
2.08
2.36
2.66
3.09
3.48
3.92
4.48
4.92
5.56
6.26
7.01
7.79
8.49
9.39
10.63
12.27
13.86
15.37
17.00
18.46
19.43
20.47
21.52
22.66
24.45
26.51
28.79
31.71
34.86
38.32
42.17
46.01
48.87
51.81
55.39
62.34
75.88
89.76
101.70
101.30
97.00
94.21
96.54
99.53
108.40
129.80
161.50
190.20
219.50
243.50
263.10
292.00
316.10
333.80
334.10
315.40
284.30
253.20
222.10
189.80
173.20
173.10
185.00
208.20
247.40
289.40
326.40
353.60
367.00
350.40
307.70
245.80
190.50
121.50
64.06
35.21
32.65
31.66
30.88
29.67
28.59
30.32
34.43
37.30
33.44
25.32
17.14
12.04
10.64
9.61
8.71
7.89
7.17
6.55
5.98
5.47
5.03
4.63
4.28
3.96
3.67
3.43
3.20
2.98
2.80
2.64
2.49
2.33
2.21
2.08
1.96
1.86
1.77
1.68
1.59
1.52
1.45
1.38
1.33
1.27
1.21
1.15
1.10
1.07
1.03
0.96
0.92
0.88
0.84
0.79
0.76
0.73
0.69
0.65
0.62
0.58
0.55
0.51
0.49
0.45
0.43
0.41
0.39
0.36
0.32
0.29
0.26
0.24
0.24
0.22
0.17
0.14
0.12
0.11
0.11
0.09
0.07
0.05
0.02
0.01
0.01
0.01
0.01
0.02
0.02
0.53
0.44
0.38
0.42
0.42
0.43
0.47
0.50
0.59
0.68
0.82
1.00
1.21
1.43
1.70
1.95
2.28
2.63
3.05
3.43
3.93
4.53
5.09
5.68
6.43
7.43
8.37
9.29
9.94
10.98
12.44
14.23
15.95
17.67
18.90
19.38
19.74
20.13
20.78
22.17
24.86
28.41
32.52
36.81
41.07
45.00
48.79
51.33
54.00
66.56
86.08
100.10
111.90
106.40
93.49
82.84
75.95
74.12
79.58
112.30
161.30
210.90
255.20
294.20
313.40
319.40
324.00
329.90
329.30
313.00
280.10
239.50
204.40
174.50
164.30
167.60
192.90
221.60
245.90
268.30
296.20
324.90
349.60
363.90
364.70
330.90
281.60
228.30
174.80
112.00
54.50
33.27
30.93
30.24
30.12
29.83
28.83
28.28
27.34
30.03
36.85
31.07
25.12
17.01
10.82
9.71
8.88
8.12
7.44
6.82
6.28
5.78
5.34
4.94
4.58
4.27
3.98
3.72
3.49
3.28
3.09
2.90
2.75
2.59
2.46
2.33
2.20
2.09
1.98
1.88
1.79
1.71
1.63
1.55
1.49
1.42
1.36
1.31
1.25
1.19
1.15
1.09
1.04
1.00
0.95
0.92
0.87
0.83
0.80
0.76
0.72
0.69
0.65
0.62
0.60
0.55
0.52
0.51
0.46
0.44
0.41
0.38
0.36
0.34
0.31
0.30
0.27
0.25
0.22
0.21
0.19
0.16
0.15
0.14
0.11
0.09
0.07
0.06
0.04
0.04
0.04
0.50
0.34
0.35
0.45
0.45
0.45
0.49
0.58
0.70
0.79
0.99
1.13
1.39
1.61
1.95
2.21
2.65
3.00
3.43
3.99
4.48
5.11
5.74
6.48
7.45
8.62
9.77
10.52
11.06
12.32
14.16
16.31
18.10
19.63
20.16
19.64
19.64
20.26
21.53
24.06
28.31
33.07
37.33
41.26
44.94
48.46
51.45
59.98
78.36
97.37
107.60
119.00
109.00
93.31
80.63
72.49
66.87
72.61
110.20
162.40
215.40
259.80
302.60
324.70
333.00
337.00
341.10
342.30
324.90
283.80
238.70
198.50
161.90
143.50
144.70
168.10
207.00
242.90
272.90
302.70
332.60
354.40
369.70
375.40
364.40
320.50
265.20
215.80
166.40
107.40
54.99
34.21
31.86
31.16
31.43
31.95
31.42
30.22
27.99
26.58
32.61
38.17
30.77
23.37
15.49
10.18
9.31
8.53
7.83
7.18
6.62
6.10
5.63
5.21
4.84
4.50
4.20
3.92
3.67
3.48
3.23
3.04
2.87
2.71
2.56
2.43
2.29
2.17
2.06
1.95
1.86
1.75
1.67
1.59
1.52
1.46
1.38
1.31
1.24
1.20
1.13
1.08
1.05
0.98
0.93
0.90
0.85
0.80
0.79
0.75
0.68
0.66
0.62
0.56
0.53
0.51
0.48
0.44
0.41
0.38
0.36
0.32
0.30
0.27
0.25
0.25
0.22
0.20
0.16
0.14
0.12
0.11
0.09
0.07
0.03
0.02
0.01
0.01
0.01
0.01
0.01
0.49
0.36
0.31
0.38
0.37
0.38
0.38
0.47
0.57
0.67
0.86
1.04
1.30
1.54
1.86
2.22
2.64
3.02
3.65
4.21
4.70
5.40
6.05
6.95
7.99
9.35
10.37
10.92
11.51
13.02
15.00
17.20
19.03
20.24
20.09
19.54
19.80
20.73
22.34
25.72
30.63
35.22
39.40
43.19
46.92
50.38
53.18
70.47
93.00
105.40
121.90
120.10
102.90
88.69
78.05
72.27
69.05
90.70
134.50
193.10
242.90
294.80
334.40
352.10
358.40
363.20
366.50
363.70
333.80
289.80
241.60
200.90
160.30
150.50
153.90
190.50
233.60
271.60
301.00
336.00
368.50
395.30
411.40
414.60
394.50
346.40
290.30
237.00
178.50
114.40
54.93
35.16
32.77
32.16
32.66
33.48
33.15
31.95
28.91
27.31
33.93
41.45
33.01
26.42
17.90
10.35
9.44
8.67
7.98
7.33
6.78
6.24
5.80
5.37
4.99
4.67
4.35
4.08
3.83
3.60
3.39
3.20
3.02
2.86
2.71
2.58
2.43
2.32
2.20
2.09
1.99
1.89
1.81
1.72
1.64
1.56
1.49
1.42
1.37
1.30
1.25
1.18
1.13
1.10
1.05
1.00
0.93
0.91
0.87
0.82
0.78
0.75
0.70
0.66
0.63
0.60
0.56
0.53
0.51
0.47
0.45
0.42
0.38
0.36
0.33
0.31
0.29
0.29
0.26
0.22
0.20
0.18
0.16
0.15
0.13
0.09
0.08
0.03
0.03
0.03
0.03
0.50
0.34
0.35
0.45
0.45
0.45
0.49
0.58
0.70
0.79
0.99
1.13
1.39
1.61
1.95
2.21
2.65
3.00
3.43
3.99
4.48
5.11
5.74
6.48
7.45
8.62
9.77
10.52
11.06
12.32
14.16
16.31
18.10
19.63
20.16
19.64
19.64
20.26
21.53
24.06
28.31
33.07
37.33
41.26
44.94
48.46
51.45
59.98
78.36
97.37
107.60
119.00
109.00
93.31
80.63
72.49
66.87
72.61
110.20
162.40
215.40
259.80
302.60
324.70
333.00
337.00
341.10
342.30
324.90
283.80
238.70
198.50
161.90
143.50
144.70
168.10
207.00
242.90
272.90
302.70
332.60
354.40
369.70
375.40
364.40
320.50
265.20
215.80
166.40
107.40
54.99
34.21
31.86
31.16
31.43
31.95
31.42
30.22
27.99
26.58
32.61
38.17
30.77
23.37
15.49
10.18
9.31
8.53
7.83
7.18
6.62
6.10
5.63
5.21
4.84
4.50
4.20
3.92
3.67
3.48
3.23
3.04
2.87
2.71
2.56
2.43
2.29
2.17
2.06
1.95
1.86
1.75
1.67
1.59
1.52
1.46
1.38
1.31
1.24
1.20
1.13
1.08
1.05
0.98
0.93
0.90
0.85
0.80
0.79
0.75
0.68
0.66
0.62
0.56
0.53
0.51
0.48
0.44
0.41
0.38
0.36
0.32
0.30
0.27
0.25
0.25
0.22
0.20
0.16
0.14
0.12
0.11
0.09
0.07
0.03
0.02
0.01
0.01
0.01
0.01
0.01
0.53
0.44
0.38
0.42
0.42
0.43
0.47
0.50
0.59
0.68
0.82
1.00
1.21
1.43
1.70
1.95
2.28
2.63
3.05
3.43
3.93
4.53
5.09
5.68
6.43
7.43
8.37
9.29
9.94
10.98
12.44
14.23
15.95
17.67
18.90
19.38
19.74
20.13
20.78
22.17
24.86
28.41
32.52
36.81
41.07
45.00
48.79
51.33
54.00
66.56
86.08
100.10
111.90
106.40
93.49
82.84
75.95
74.12
79.58
112.30
161.30
210.90
255.20
294.20
313.40
319.40
324.00
329.90
329.30
313.00
280.10
239.50
204.40
174.50
164.30
167.60
192.90
221.60
245.90
268.30
296.20
324.90
349.60
363.90
364.70
330.90
281.60
228.30
174.80
112.00
54.50
33.27
30.93
30.24
30.12
29.83
28.83
28.28
27.34
30.03
36.85
31.07
25.12
17.01
10.82
9.71
8.88
8.12
7.44
6.82
6.28
5.78
5.34
4.94
4.58
4.27
3.98
3.72
3.49
3.28
3.09
2.90
2.75
2.59
2.46
2.33
2.20
2.09
1.98
1.88
1.79
1.71
1.63
1.55
1.49
1.42
1.36
1.31
1.25
1.19
1.15
1.09
1.04
1.00
0.95
0.92
0.87
0.83
0.80
0.76
0.72
0.69
0.65
0.62
0.60
0.55
0.52
0.51
0.46
0.44
0.41
0.38
0.36
0.34
0.31
0.30
0.27
0.25
0.22
0.21
0.19
0.16
0.15
0.14
0.11
0.09
0.07
0.06
0.04
0.04
0.04
0.52
0.44
0.44
0.50
0.48
0.49
0.52
0.56
0.65
0.76
0.87
1.00
1.17
1.35
1.58
1.81
2.08
2.36
2.66
3.09
3.48
3.92
4.48
4.92
5.56
6.26
7.01
7.79
8.49
9.39
10.63
12.27
13.86
15.37
17.00
18.46
19.43
20.47
21.52
22.66
24.45
26.51
28.79
31.71
34.86
38.32
42.17
46.01
48.87
51.81
55.39
62.34
75.88
89.76
101.70
101.30
97.00
94.21
96.54
99.53
108.40
129.80
161.50
190.20
219.50
243.50
263.10
292.00
316.10
333.80
334.10
315.40
284.30
253.20
222.10
189.80
173.20
173.10
185.00
208.20
247.40
289.40
326.40
353.60
367.00
350.40
307.70
245.80
190.50
121.50
64.06
35.21
32.65
31.66
30.88
29.67
28.59
30.32
34.43
37.30
33.44
25.32
17.14
12.04
10.64
9.61
8.71
7.89
7.17
6.55
5.98
5.47
5.03
4.63
4.28
3.96
3.67
3.43
3.20
2.98
2.80
2.64
2.49
2.33
2.21
2.08
1.96
1.86
1.77
1.68
1.59
1.52
1.45
1.38
1.33
1.27
1.21
1.15
1.10
1.07
1.03
0.96
0.92
0.88
0.84
0.79
0.76
0.73
0.69
0.65
0.62
0.58
0.55
0.51
0.49
0.45
0.43
0.41
0.39
0.36
0.32
0.29
0.26
0.24
0.24
0.22
0.17
0.14
0.12
0.11
0.11
0.09
0.07
0.05
0.02
0.01
0.01
0.01
0.01
0.02
0.02
0.56
0.55
0.51
0.47
0.49
0.48
0.49
0.53
0.60
0.69
0.80
0.92
1.07
1.24
1.41
1.67
1.93
2.24
2.49
2.93
3.25
3.61
4.10
4.67
5.09
5.64
6.46
7.32
8.14
8.86
9.46
10.68
12.30
14.27
16.32
18.25
19.79
20.75
21.35
22.17
23.64
25.77
28.43
31.24
33.77
36.06
38.30
41.09
44.17
47.64
52.45
57.28
60.90
63.23
68.73
82.45
103.20
124.40
133.80
131.60
121.90
108.90
97.73
108.60
145.80
194.30
258.60
315.50
351.30
369.90
373.30
362.00
338.80
300.50
249.60
200.70
155.80
135.30
150.40
191.10
239.70
289.80
334.50
366.50
383.80
381.40
332.70
272.30
208.20
127.20
61.81
36.74
34.24
33.13
31.96
30.25
29.49
34.14
40.83
36.11
28.05
19.47
14.19
12.18
10.82
9.71
8.74
7.90
7.14
6.50
5.93
5.41
4.98
4.59
4.24
3.91
3.64
3.38
3.15
2.95
2.78
2.61
2.46
2.32
2.19
2.07
1.97
1.87
1.78
1.69
1.62
1.55
1.48
1.42
1.36
1.31
1.25
1.20
1.16
1.11
1.07
1.02
0.98
0.94
0.90
0.86
0.83
0.79
0.76
0.73
0.69
0.65
0.62
0.59
0.56
0.52
0.50
0.47
0.45
0.43
0.40
0.36
0.34
0.31
0.29
0.27
0.24
0.22
0.20
0.19
0.16
0.15
0.13
0.12
0.10
0.08
0.06
0.06
0.05
0.04
0.04
0.56
0.59
0.54
0.52
0.51
0.54
0.56
0.64
0.72
0.80
0.92
1.06
1.25
1.40
1.64
1.85
2.20
2.43
2.78
3.13
3.47
3.99
4.56
4.89
5.52
6.25
7.14
7.88
8.52
9.33
10.63
12.13
13.50
14.91
16.34
17.70
18.83
19.66
20.70
22.21
24.07
26.29
28.81
31.42
34.31
37.59
41.25
44.91
48.40
51.52
55.39
62.29
75.35
88.29
95.27
95.99
92.18
89.84
92.59
97.81
107.90
125.70
149.20
187.70
221.00
245.10
267.10
292.20
316.90
336.00
338.10
319.70
291.30
254.60
205.30
160.20
146.50
150.80
168.80
201.30
246.40
292.50
329.80
353.60
365.20
360.60
306.60
259.20
193.60
120.30
58.36
34.43
32.08
30.93
29.96
28.79
28.47
31.08
32.00
32.64
27.38
20.16
14.66
11.77
10.48
9.44
8.56
7.77
7.07
6.45
5.88
5.39
4.95
4.57
4.21
3.92
3.63
3.39
3.15
2.96
2.77
2.61
2.45
2.31
2.17
2.06
1.94
1.85
1.75
1.66
1.59
1.50
1.44
1.36
1.30
1.24
1.20
1.14
1.08
1.04
1.00
0.94
0.91
0.86
0.83
0.78
0.76
0.72
0.67
0.65
0.60
0.57
0.54
0.51
0.48
0.45
0.41
0.39
0.37
0.34
0.31
0.27
0.26
0.25
0.23
0.21
0.20
0.17
0.13
0.12
0.11
0.08
0.06
0.04
0.03
0.02
0.02
0.02
0.02
0.02
0.02
0.63
0.70
0.63
0.60
0.58
0.59
0.62
0.72
0.80
0.89
1.03
1.16
1.41
1.63
1.84
2.12
2.41
2.72
3.21
3.56
4.07
4.64
5.18
5.75
6.55
7.54
8.61
9.40
9.96
10.85
12.15
13.72
15.35
16.89
17.88
18.24
18.55
18.97
19.79
21.56
24.39
28.14
32.23
36.37
40.29
43.99
47.06
49.40
53.99
66.14
86.01
101.30
101.10
91.12
81.40
75.74
72.60
72.55
77.55
101.70
146.00
194.80
254.80
289.30
303.00
308.40
312.70
315.70
317.90
309.90
279.50
246.50
204.70
156.30
127.30
136.30
157.90
182.50
214.00
247.40
282.60
316.40
337.30
346.50
348.90
331.20
282.70
241.70
181.30
114.20
55.71
33.33
30.73
29.75
29.22
28.75
28.81
28.32
26.20
26.19
28.75
22.21
17.48
13.44
10.71
9.63
8.78
8.02
7.35
6.73
6.18
5.69
5.25
4.85
4.50
4.19
3.90
3.64
3.41
3.20
3.01
2.83
2.69
2.52
2.38
2.25
2.13
2.01
1.91
1.81
1.73
1.64
1.56
1.49
1.42
1.36
1.30
1.24
1.17
1.13
1.07
1.03
0.98
0.93
0.89
0.85
0.81
0.77
0.74
0.70
0.68
0.63
0.59
0.56
0.55
0.52
0.47
0.44
0.41
0.39
0.36
0.33
0.30
0.28
0.28
0.26
0.25
0.20
0.17
0.14
0.15
0.13
0.11
0.08
0.07
0.05
0.05
0.04
0.04
0.03
0.03
0.56
0.57
0.55
0.54
0.52
0.52
0.55
0.64
0.72
0.84
0.99
1.18
1.51
1.78
2.00
2.40
2.79
3.09
3.70
4.10
4.68
5.39
5.95
6.75
7.89
9.01
9.99
10.39
10.97
12.34
14.02
15.70
17.21
18.29
18.72
18.45
18.57
19.43
21.15
24.17
28.38
32.66
36.68
40.25
43.57
46.67
49.15
57.40
79.49
102.90
117.00
103.90
87.99
76.67
69.63
65.68
64.42
71.79
101.60
145.50
203.70
263.20
301.10
315.40
319.80
322.30
325.30
326.90
317.30
282.40
246.90
205.10
154.60
115.40
113.30
141.80
171.00
209.50
250.80
286.20
320.50
347.00
356.70
360.60
358.80
326.60
279.90
238.40
176.30
116.20
58.58
35.02
31.99
31.00
30.77
30.89
30.57
29.52
26.92
24.90
26.68
27.55
18.98
15.21
12.12
10.37
9.21
8.44
7.76
7.13
6.57
6.06
5.60
5.20
4.83
4.51
4.22
3.94
3.70
3.48
3.27
3.09
2.92
2.78
2.63
2.50
2.36
2.24
2.13
2.02
1.93
1.83
1.74
1.67
1.60
1.52
1.46
1.39
1.33
1.27
1.22
1.16
1.11
1.07
1.02
0.97
0.93
0.89
0.85
0.80
0.78
0.74
0.69
0.66
0.62
0.60
0.56
0.52
0.50
0.47
0.44
0.42
0.39
0.36
0.34
0.32
0.30
0.26
0.25
0.23
0.21
0.18
0.17
0.14
0.12
0.11
0.08
0.06
0.06
0.04
0.03
0.56
0.52
0.50
0.50
0.50
0.51
0.58
0.68
0.79
0.90
1.06
1.23
1.52
1.78
2.04
2.44
2.80
3.16
3.83
4.27
4.85
5.67
6.21
7.15
8.39
9.57
10.51
10.70
11.33
12.95
14.84
16.63
18.17
18.90
19.01
18.50
18.90
19.95
21.98
25.80
30.62
35.08
38.83
42.24
45.41
48.11
51.74
68.67
93.63
123.30
123.10
100.70
83.90
75.94
71.84
68.31
68.63
82.16
123.90
176.50
244.30
307.10
339.50
352.10
356.50
358.10
359.80
360.40
344.30
302.60
266.10
210.80
158.90
118.40
124.90
157.60
193.80
239.20
281.80
319.80
359.10
388.20
399.80
402.90
397.50
362.00
315.60
268.10
198.80
130.90
67.53
36.67
33.06
32.04
31.99
32.45
32.44
31.54
28.47
25.68
27.18
30.29
20.15
17.07
13.11
12.26
9.42
8.63
7.91
7.27
6.69
6.18
5.71
5.30
4.91
4.58
4.27
4.00
3.74
3.51
3.30
3.10
2.93
2.77
2.63
2.48
2.36
2.22
2.13
2.00
1.90
1.81
1.75
1.64
1.55
1.48
1.43
1.34
1.30
1.22
1.18
1.11
1.07
1.02
0.96
0.92
0.88
0.82
0.80
0.79
0.72
0.68
0.64
0.60
0.56
0.53
0.51
0.46
0.42
0.40
0.38
0.36
0.31
0.28
0.27
0.24
0.23
0.20
0.17
0.15
0.13
0.11
0.11
0.09
0.05
0.02
0.02
0.02
0.02
0.02
0.02
0.52
0.53
0.51
0.51
0.48
0.48
0.51
0.61
0.72
0.87
1.01
1.20
1.48
1.77
2.02
2.37
2.72
3.11
3.76
4.14
4.69
5.45
5.95
6.86
8.01
9.13
10.14
10.48
11.01
12.46
14.21
16.06
17.51
18.34
18.72
18.53
18.67
19.54
21.22
24.41
28.82
33.18
37.06
40.58
43.85
46.89
49.64
58.45
80.06
107.30
118.60
104.90
87.16
76.04
69.98
65.46
64.30
72.94
105.00
150.80
211.60
266.50
303.90
317.20
321.90
325.40
328.70
330.00
318.80
282.70
247.30
199.40
155.90
116.60
117.00
143.80
174.10
215.40
254.20
287.40
322.40
347.80
358.60
362.80
359.70
326.90
284.40
235.40
180.40
119.90
63.36
35.22
31.92
31.00
30.88
31.10
30.60
29.36
26.73
24.68
27.45
29.21
19.34
15.57
13.01
11.37
9.20
8.43
7.73
7.10
6.55
6.05
5.59
5.19
4.82
4.50
4.20
3.94
3.69
3.48
3.27
3.09
2.91
2.77
2.61
2.48
2.36
2.24
2.13
2.02
1.93
1.83
1.74
1.67
1.59
1.52
1.45
1.39
1.33
1.28
1.22
1.17
1.12
1.07
1.02
0.97
0.93
0.90
0.85
0.81
0.77
0.74
0.70
0.67
0.62
0.60
0.57
0.54
0.51
0.47
0.44
0.42
0.40
0.37
0.34
0.31
0.29
0.27
0.25
0.23
0.20
0.19
0.17
0.14
0.13
0.10
0.09
0.06
0.05
0.06
0.03
0.53
0.48
0.48
0.48
0.51
0.53
0.57
0.65
0.74
0.85
1.01
1.15
1.40
1.61
1.88
2.15
2.51
2.81
3.31
3.68
4.12
4.72
5.31
5.94
6.74
7.63
8.65
9.54
10.17
11.11
12.30
13.92
15.52
16.77
17.69
18.47
18.74
19.17
19.99
21.72
24.51
28.21
32.30
36.42
40.24
43.39
46.17
49.22
52.79
64.93
86.56
104.20
101.90
90.58
81.18
74.76
71.59
71.43
78.03
103.70
145.60
201.70
253.10
292.10
304.20
309.90
314.80
318.60
320.20
311.40
284.90
253.50
206.80
170.40
140.50
144.30
164.30
192.60
224.00
249.60
280.10
314.30
338.60
351.60
356.70
339.10
297.30
250.40
191.30
134.00
72.24
35.53
30.99
30.00
29.59
29.25
28.44
27.98
25.92
25.67
28.77
25.01
18.50
14.53
12.71
9.77
8.85
8.09
7.39
6.77
6.21
5.70
5.26
4.86
4.51
4.19
3.90
3.64
3.40
3.20
2.99
2.82
2.67
2.51
2.38
2.24
2.12
2.01
1.91
1.80
1.72
1.64
1.56
1.48
1.42
1.34
1.28
1.23
1.19
1.12
1.07
1.02
0.97
0.93
0.91
0.84
0.79
0.76
0.73
0.69
0.66
0.63
0.58
0.54
0.51
0.49
0.46
0.43
0.39
0.38
0.36
0.34
0.28
0.26
0.25
0.22
0.21
0.18
0.16
0.13
0.11
0.11
0.08
0.07
0.05
0.03
0.02
0.02
0.02
0.02
0.03
0.50
0.49
0.47
0.45
0.45
0.45
0.46
0.53
0.64
0.73
0.88
1.05
1.25
1.46
1.66
1.94
2.23
2.51
2.87
3.26
3.64
4.12
4.66
5.15
5.81
6.50
7.35
8.12
8.81
9.77
11.10
12.58
14.01
15.37
16.60
17.83
19.01
19.90
20.68
22.01
24.19
26.53
28.77
31.39
34.39
37.71
41.24
44.83
48.36
51.52
54.70
62.20
77.48
88.74
94.80
94.34
89.43
87.92
91.74
97.66
106.10
123.40
154.40
187.20
222.90
242.50
262.60
287.60
315.10
330.80
332.70
314.90
287.10
247.70
210.00
169.40
151.20
153.90
169.40
196.90
240.10
283.00
317.10
342.50
356.90
350.60
310.40
259.60
195.80
138.00
74.52
37.36
32.66
31.52
30.59
29.25
28.01
29.34
30.85
33.19
28.04
20.73
16.31
12.83
10.58
9.54
8.63
7.84
7.14
6.51
5.96
5.47
5.03
4.64
4.29
3.99
3.72
3.47
3.24
3.04
2.87
2.70
2.54
2.40
2.27
2.16
2.05
1.94
1.85
1.76
1.69
1.61
1.53
1.47
1.41
1.35
1.30
1.24
1.19
1.15
1.10
1.06
1.01
0.97
0.94
0.88
0.85
0.82
0.78
0.75
0.71
0.68
0.65
0.60
0.59
0.56
0.53
0.50
0.47
0.45
0.41
0.37
0.36
0.33
0.31
0.29
0.26
0.24
0.21
0.20
0.18
0.16
0.14
0.13
0.10
0.09
0.07
0.07
0.06
0.04
0.03
0.49
0.44
0.45
0.48
0.50
0.49
0.53
0.60
0.69
0.81
0.93
1.07
1.23
1.41
1.63
1.84
2.15
2.41
2.75
3.12
3.52
3.91
4.37
4.86
5.42
6.02
6.81
7.47
8.33
9.12
9.81
11.03
12.53
14.33
16.27
17.87
19.16
20.41
20.94
21.61
23.00
25.36
27.93
30.72
32.86
35.09
37.75
40.08
42.92
46.19
51.68
56.90
59.43
61.50
66.84
80.81
100.40
120.70
129.60
129.60
118.50
105.00
95.65
103.70
134.00
190.60
251.50
315.10
348.60
364.60
367.60
358.30
337.50
303.90
256.10
202.40
162.70
131.70
138.40
179.20
225.10
272.10
319.30
352.20
372.90
376.80
338.70
287.90
214.60
155.10
85.77
40.83
34.57
33.35
32.24
30.40
28.84
31.23
38.34
34.36
26.46
19.94
15.02
12.35
11.01
9.86
8.85
7.98
7.20
6.53
5.94
5.42
4.97
4.56
4.20
3.87
3.59
3.34
3.10
2.88
2.72
2.55
2.39
2.25
2.12
2.01
1.90
1.86
1.76
1.63
1.55
1.48
1.43
1.36
1.32
1.23
1.20
1.13
1.09
1.09
1.09
0.95
0.93
0.87
0.83
0.79
0.76
0.71
0.69
0.65
0.63
0.59
0.56
0.53
0.50
0.47
0.43
0.41
0.38
0.37
0.33
0.29
0.27
0.26
0.27
0.21
0.17
0.15
0.14
0.12
0.12
0.11
0.08
0.03
0.03
0.03
0.03
0.03
0.03
0.03
0.03
0.50
0.49
0.47
0.45
0.45
0.45
0.46
0.53
0.64
0.73
0.88
1.05
1.25
1.46
1.66
1.94
2.23
2.51
2.87
3.26
3.64
4.12
4.66
5.15
5.81
6.50
7.35
8.12
8.81
9.77
11.10
12.58
14.01
15.37
16.60
17.83
19.01
19.90
20.68
22.01
24.19
26.53
28.77
31.39
34.39
37.71
41.24
44.83
48.36
51.52
54.70
62.20
77.48
88.74
94.80
94.34
89.43
87.92
91.74
97.66
106.10
123.40
154.40
187.20
222.90
242.50
262.60
287.60
315.10
330.80
332.70
314.90
287.10
247.70
210.00
169.40
151.20
153.90
169.40
196.90
240.10
283.00
317.10
342.50
356.90
350.60
310.40
259.60
195.80
138.00
74.52
37.36
32.66
31.52
30.59
29.25
28.01
29.34
30.85
33.19
28.04
20.73
16.31
12.83
10.58
9.54
8.63
7.84
7.14
6.51
5.96
5.47
5.03
4.64
4.29
3.99
3.72
3.47
3.24
3.04
2.87
2.70
2.54
2.40
2.27
2.16
2.05
1.94
1.85
1.76
1.69
1.61
1.53
1.47
1.41
1.35
1.30
1.24
1.19
1.15
1.10
1.06
1.01
0.97
0.94
0.88
0.85
0.82
0.78
0.75
0.71
0.68
0.65
0.60
0.59
0.56
0.53
0.50
0.47
0.45
0.41
0.37
0.36
0.33
0.31
0.29
0.26
0.24
0.21
0.20
0.18
0.16
0.14
0.13
0.10
0.09
0.07
0.07
0.06
0.04
0.03
0.53
0.48
0.48
0.48
0.51
0.53
0.57
0.65
0.74
0.85
1.01
1.15
1.40
1.61
1.88
2.15
2.51
2.81
3.31
3.68
4.12
4.72
5.31
5.94
6.74
7.63
8.65
9.54
10.17
11.11
12.30
13.92
15.52
16.77
17.69
18.47
18.74
19.17
19.99
21.72
24.51
28.21
32.30
36.42
40.24
43.39
46.17
49.22
52.79
64.93
86.56
104.20
101.90
90.58
81.18
74.76
71.59
71.43
78.03
103.70
145.60
201.70
253.10
292.10
304.20
309.90
314.80
318.60
320.20
311.40
284.90
253.50
206.80
170.40
140.50
144.30
164.30
192.60
224.00
249.60
280.10
314.30
338.60
351.60
356.70
339.10
297.30
250.40
191.30
134.00
72.24
35.53
30.99
30.00
29.59
29.25
28.44
27.98
25.92
25.67
28.77
25.01
18.50
14.53
12.71
9.77
8.85
8.09
7.39
6.77
6.21
5.70
5.26
4.86
4.51
4.19
3.90
3.64
3.40
3.20
2.99
2.82
2.67
2.51
2.38
2.24
2.12
2.01
1.91
1.80
1.72
1.64
1.56
1.48
1.42
1.34
1.28
1.23
1.19
1.12
1.07
1.02
0.97
0.93
0.91
0.84
0.79
0.76
0.73
0.69
0.66
0.63
0.58
0.54
0.51
0.49
0.46
0.43
0.39
0.38
0.36
0.34
0.28
0.26
0.25
0.22
0.21
0.18
0.16
0.13
0.11
0.11
0.08
0.07
0.05
0.03
0.02
0.02
0.02
0.02
0.03
0.52
0.53
0.51
0.51
0.48
0.48
0.51
0.61
0.72
0.87
1.01
1.20
1.48
1.77
2.02
2.37
2.72
3.11
3.76
4.14
4.69
5.45
5.95
6.86
8.01
9.13
10.14
10.48
11.01
12.46
14.21
16.06
17.51
18.34
18.72
18.53
18.67
19.54
21.22
24.41
28.82
33.18
37.06
40.58
43.85
46.89
49.64
58.45
80.06
107.30
118.60
104.90
87.16
76.04
69.98
65.46
64.30
72.94
105.00
150.80
211.60
266.50
303.90
317.20
321.90
325.40
328.70
330.00
318.80
282.70
247.30
199.40
155.90
116.60
117.00
143.80
174.10
215.40
254.20
287.40
322.40
347.80
358.60
362.80
359.70
326.90
284.40
235.40
180.40
119.90
63.36
35.22
31.92
31.00
30.88
31.10
30.60
29.36
26.73
24.68
27.45
29.21
19.34
15.57
13.01
11.37
9.20
8.43
7.73
7.10
6.55
6.05
5.59
5.19
4.82
4.50
4.20
3.94
3.69
3.48
3.27
3.09
2.91
2.77
2.61
2.48
2.36
2.24
2.13
2.02
1.93
1.83
1.74
1.67
1.59
1.52
1.45
1.39
1.33
1.28
1.22
1.17
1.12
1.07
1.02
0.97
0.93
0.90
0.85
0.81
0.77
0.74
0.70
0.67
0.62
0.60
0.57
0.54
0.51
0.47
0.44
0.42
0.40
0.37
0.34
0.31
0.29
0.27
0.25
0.23
0.20
0.19
0.17
0.14
0.13
0.10
0.09
0.06
0.05
0.06
0.03
0.56
0.52
0.50
0.50
0.50
0.51
0.58
0.68
0.79
0.90
1.06
1.23
1.52
1.78
2.04
2.44
2.80
3.16
3.83
4.27
4.85
5.67
6.21
7.15
8.39
9.57
10.51
10.70
11.33
12.95
14.84
16.63
18.17
18.90
19.01
18.50
18.90
19.95
21.98
25.80
30.62
35.08
38.83
42.24
45.41
48.11
51.74
68.67
93.63
123.30
123.10
100.70
83.90
75.94
71.84
68.31
68.63
82.16
123.90
176.50
244.30
307.10
339.50
352.10
356.50
358.10
359.80
360.40
344.30
302.60
266.10
210.80
158.90
118.40
124.90
157.60
193.80
239.20
281.80
319.80
359.10
388.20
399.80
402.90
397.50
362.00
315.60
268.10
198.80
130.90
67.53
36.67
33.06
32.04
31.99
32.45
32.44
31.54
28.47
25.68
27.18
30.29
20.15
17.07
13.11
12.26
9.42
8.63
7.91
7.27
6.69
6.18
5.71
5.30
4.91
4.58
4.27
4.00
3.74
3.51
3.30
3.10
2.93
2.77
2.63
2.48
2.36
2.22
2.13
2.00
1.90
1.81
1.75
1.64
1.55
1.48
1.43
1.34
1.30
1.22
1.18
1.11
1.07
1.02
0.96
0.92
0.88
0.82
0.80
0.79
0.72
0.68
0.64
0.60
0.56
0.53
0.51
0.46
0.42
0.40
0.38
0.36
0.31
0.28
0.27
0.24
0.23
0.20
0.17
0.15
0.13
0.11
0.11
0.09
0.05
0.02
0.02
0.02
0.02
0.02
0.02
0.56
0.57
0.55
0.54
0.52
0.52
0.55
0.64
0.72
0.84
0.99
1.18
1.51
1.78
2.00
2.40
2.79
3.09
3.70
4.10
4.68
5.39
5.95
6.75
7.89
9.01
9.99
10.39
10.97
12.34
14.02
15.70
17.21
18.29
18.72
18.45
18.57
19.43
21.15
24.17
28.38
32.66
36.68
40.25
43.57
46.67
49.15
57.40
79.49
102.90
117.00
103.90
87.99
76.67
69.63
65.68
64.42
71.79
101.60
145.50
203.70
263.20
301.10
315.40
319.80
322.30
325.30
326.90
317.30
282.40
246.90
205.10
154.60
115.40
113.30
141.80
171.00
209.50
250.80
286.20
320.50
347.00
356.70
360.60
358.80
326.60
279.90
238.40
176.30
116.20
58.58
35.02
31.99
31.00
30.77
30.89
30.57
29.52
26.92
24.90
26.68
27.55
18.98
15.21
12.12
10.37
9.21
8.44
7.76
7.13
6.57
6.06
5.60
5.20
4.83
4.51
4.22
3.94
3.70
3.48
3.27
3.09
2.92
2.78
2.63
2.50
2.36
2.24
2.13
2.02
1.93
1.83
1.74
1.67
1.60
1.52
1.46
1.39
1.33
1.27
1.22
1.16
1.11
1.07
1.02
0.97
0.93
0.89
0.85
0.80
0.78
0.74
0.69
0.66
0.62
0.60
0.56
0.52
0.50
0.47
0.44
0.42
0.39
0.36
0.34
0.32
0.30
0.26
0.25
0.23
0.21
0.18
0.17
0.14
0.12
0.11
0.08
0.06
0.06
0.04
0.03
