SALVI
1
0
24
15.0
181
1.0

240603 ICE S 3000K F3T4

240603 ICE S 3000K F3T4.ldt
20 June 2024/TB
465
0
100
400
0
0
0
0
0
99.40
100.00
1.00
0.00
1
1
16 LED
6337.70

0
53.50
0.24
0.34
0.44
0.52
0.58
0.67
0.72
0.76
0.82
0.85
0.00
15.00
30.00
45.00
60.00
75.00
90.00
105.00
120.00
135.00
150.00
165.00
180.00
195.00
210.00
225.00
240.00
255.00
270.00
285.00
300.00
315.00
330.00
345.00
0.00
1.00
2.00
3.00
4.00
5.00
6.00
7.00
8.00
9.00
10.00
11.00
12.00
13.00
14.00
15.00
16.00
17.00
18.00
19.00
20.00
21.00
22.00
23.00
24.00
25.00
26.00
27.00
28.00
29.00
30.00
31.00
32.00
33.00
34.00
35.00
36.00
37.00
38.00
39.00
40.00
41.00
42.00
43.00
44.00
45.00
46.00
47.00
48.00
49.00
50.00
51.00
52.00
53.00
54.00
55.00
56.00
57.00
58.00
59.00
60.00
61.00
62.00
63.00
64.00
65.00
66.00
67.00
68.00
69.00
70.00
71.00
72.00
73.00
74.00
75.00
76.00
77.00
78.00
79.00
80.00
81.00
82.00
83.00
84.00
85.00
86.00
87.00
88.00
89.00
90.00
91.00
92.00
93.00
94.00
95.00
96.00
97.00
98.00
99.00
100.00
101.00
102.00
103.00
104.00
105.00
106.00
107.00
108.00
109.00
110.00
111.00
112.00
113.00
114.00
115.00
116.00
117.00
118.00
119.00
120.00
121.00
122.00
123.00
124.00
125.00
126.00
127.00
128.00
129.00
130.00
131.00
132.00
133.00
134.00
135.00
136.00
137.00
138.00
139.00
140.00
141.00
142.00
143.00
144.00
145.00
146.00
147.00
148.00
149.00
150.00
151.00
152.00
153.00
154.00
155.00
156.00
157.00
158.00
159.00
160.00
161.00
162.00
163.00
164.00
165.00
166.00
167.00
168.00
169.00
170.00
171.00
172.00
173.00
174.00
175.00
176.00
177.00
178.00
179.00
180.00
232.60
232.70
232.80
233.20
233.50
233.90
234.40
235.00
235.90
236.60
237.40
238.40
239.40
240.50
241.60
242.60
243.60
244.60
245.40
246.30
247.10
248.30
249.40
250.10
251.00
252.00
252.70
253.70
254.50
255.00
255.70
256.20
256.50
256.70
256.50
256.70
256.70
256.50
256.20
256.10
256.50
256.80
256.80
256.50
256.30
256.60
256.80
255.60
254.80
254.50
253.50
253.10
252.60
249.80
247.50
248.90
246.90
237.90
236.50
231.50
224.30
218.80
211.40
208.00
202.70
198.00
188.90
178.70
171.60
161.70
153.70
134.70
121.60
102.20
84.01
67.38
45.53
35.77
26.33
20.45
15.89
13.17
11.36
9.75
8.41
7.13
6.13
5.35
4.82
4.36
4.00
4.15
5.75
8.06
6.23
5.65
3.36
2.40
1.86
1.36
0.92
0.70
0.53
0.39
0.28
0.22
0.20
0.20
0.21
0.21
0.21
0.22
0.22
0.23
0.23
0.24
0.24
0.25
0.25
0.26
0.26
0.26
0.27
0.27
0.27
0.28
0.28
0.28
0.29
0.29
0.30
0.30
0.31
0.31
0.32
0.32
0.32
0.33
0.33
0.34
0.34
0.34
0.35
0.35
0.35
0.36
0.36
0.36
0.36
0.36
0.37
0.37
0.37
0.37
0.37
0.37
0.37
0.37
0.37
0.38
0.38
0.38
0.38
0.38
0.38
0.38
0.38
0.38
0.38
0.38
0.38
0.38
0.39
0.39
0.39
0.39
0.39
0.39
0.40
0.40
0.40
231.90
233.80
235.80
238.00
240.20
242.30
244.50
247.00
249.40
252.30
254.80
257.50
260.30
263.00
265.80
268.70
271.50
274.00
276.50
278.90
281.40
283.70
285.80
287.60
289.60
291.40
293.10
294.80
296.50
297.90
299.20
300.30
301.30
302.20
302.70
303.00
303.20
303.20
303.40
303.50
303.50
303.10
303.20
303.60
304.30
304.20
304.00
304.30
305.20
305.60
305.20
304.90
306.70
306.80
303.90
307.60
307.70
301.30
298.80
301.50
293.00
289.90
289.30
284.60
283.00
282.70
280.60
270.60
265.80
254.80
245.40
217.70
190.50
167.50
143.10
113.60
82.42
57.82
41.22
28.88
22.33
17.59
13.77
11.64
9.85
8.45
7.27
6.28
5.59
5.06
4.60
5.00
7.61
10.32
9.12
8.14
6.37
3.92
2.55
1.63
1.03
0.78
0.57
0.41
0.29
0.22
0.18
0.19
0.19
0.20
0.20
0.21
0.21
0.22
0.22
0.22
0.23
0.23
0.24
0.24
0.24
0.25
0.25
0.25
0.26
0.26
0.26
0.27
0.27
0.28
0.28
0.28
0.29
0.29
0.29
0.30
0.30
0.30
0.31
0.31
0.32
0.32
0.32
0.32
0.33
0.33
0.33
0.34
0.34
0.34
0.34
0.35
0.35
0.35
0.35
0.36
0.36
0.36
0.36
0.36
0.37
0.37
0.37
0.38
0.38
0.38
0.38
0.39
0.39
0.39
0.40
0.40
0.41
0.41
0.42
0.42
0.43
0.43
0.43
0.43
0.43
232.10
235.60
239.40
243.40
247.40
251.10
255.00
259.40
264.10
268.50
272.80
276.70
280.40
284.20
287.60
291.10
294.00
297.10
300.00
303.00
306.00
308.80
311.20
313.70
315.90
318.40
320.60
322.00
323.30
324.30
325.40
326.30
326.80
327.00
326.90
326.80
326.40
325.90
325.50
325.00
325.00
325.50
326.00
326.20
325.70
324.90
324.30
325.50
327.30
329.70
330.50
332.10
335.50
338.10
337.30
345.10
352.00
350.70
353.30
356.80
354.20
350.90
347.90
347.20
343.60
337.60
329.60
318.00
302.40
283.20
262.80
240.90
210.70
176.40
139.60
103.70
73.42
52.25
37.07
25.27
18.63
14.77
12.38
10.67
9.34
8.24
7.36
6.55
5.84
5.25
4.81
4.49
8.12
10.52
10.93
9.50
5.98
4.05
2.18
1.43
1.01
0.75
0.55
0.39
0.27
0.20
0.16
0.15
0.15
0.15
0.15
0.15
0.16
0.16
0.17
0.17
0.17
0.18
0.18
0.18
0.19
0.19
0.20
0.20
0.20
0.20
0.21
0.21
0.22
0.22
0.23
0.23
0.23
0.23
0.24
0.24
0.25
0.25
0.26
0.26
0.26
0.26
0.27
0.27
0.27
0.28
0.28
0.29
0.29
0.30
0.30
0.30
0.30
0.31
0.31
0.31
0.32
0.32
0.32
0.33
0.33
0.33
0.34
0.34
0.35
0.35
0.35
0.36
0.36
0.37
0.37
0.38
0.38
0.39
0.40
0.41
0.41
0.42
0.43
0.43
0.44
231.90
236.80
242.20
247.70
253.20
259.00
264.80
270.10
275.10
280.10
284.40
288.50
292.60
296.30
300.70
305.10
309.20
313.00
316.20
319.20
321.70
324.00
325.70
327.40
329.00
330.70
332.50
334.80
336.80
338.00
338.60
339.40
340.10
340.60
341.40
342.00
342.60
343.50
344.10
345.20
345.90
346.70
347.00
347.70
348.40
350.10
351.80
354.00
357.30
362.10
366.60
370.90
377.30
385.00
391.80
403.80
411.60
408.50
410.80
411.30
400.40
392.30
382.20
367.90
350.40
337.80
322.70
296.80
270.40
233.50
198.00
163.50
124.30
87.66
59.80
43.14
32.74
26.00
21.50
18.17
15.71
13.70
11.96
10.38
9.08
8.08
7.28
6.59
5.88
5.29
4.84
4.44
7.74
12.24
13.12
12.20
8.83
4.44
2.26
1.41
1.02
0.77
0.56
0.39
0.26
0.18
0.14
0.13
0.13
0.14
0.14
0.14
0.15
0.15
0.15
0.16
0.16
0.16
0.17
0.17
0.17
0.18
0.18
0.18
0.19
0.19
0.19
0.20
0.20
0.20
0.21
0.21
0.21
0.22
0.22
0.22
0.23
0.23
0.24
0.24
0.25
0.25
0.25
0.26
0.26
0.27
0.27
0.27
0.28
0.28
0.29
0.29
0.29
0.30
0.30
0.31
0.31
0.31
0.32
0.32
0.33
0.33
0.34
0.34
0.35
0.35
0.36
0.36
0.37
0.37
0.38
0.39
0.40
0.41
0.41
0.42
0.43
0.44
0.44
0.45
0.45
232.20
238.30
245.00
251.40
258.60
265.60
272.10
277.80
283.00
287.60
292.00
297.00
302.20
307.10
311.50
315.10
318.20
320.60
323.20
325.80
328.60
331.50
334.40
337.20
339.80
342.20
344.50
346.00
347.20
347.80
348.30
348.70
348.90
349.90
351.50
353.00
355.20
357.90
360.30
362.90
365.20
367.60
369.50
372.30
376.10
381.20
386.00
392.30
399.00
405.10
410.70
418.60
426.40
431.10
433.70
443.90
440.30
424.70
416.80
408.00
384.30
359.50
332.70
301.70
268.20
231.70
197.20
163.70
135.40
113.90
94.72
75.08
57.27
45.20
33.18
26.47
22.27
19.72
17.96
16.05
14.22
12.47
10.84
9.61
8.52
7.59
6.82
6.10
5.47
4.96
4.51
4.14
6.84
10.90
11.10
8.70
4.97
2.97
2.05
1.28
0.96
0.71
0.51
0.36
0.24
0.17
0.13
0.12
0.12
0.12
0.12
0.12
0.12
0.12
0.12
0.13
0.13
0.13
0.14
0.14
0.14
0.15
0.15
0.15
0.16
0.16
0.16
0.16
0.17
0.17
0.18
0.18
0.18
0.18
0.19
0.19
0.20
0.20
0.20
0.21
0.21
0.21
0.22
0.22
0.23
0.23
0.24
0.24
0.25
0.25
0.25
0.26
0.26
0.27
0.28
0.28
0.28
0.29
0.29
0.30
0.30
0.31
0.32
0.32
0.32
0.33
0.34
0.34
0.35
0.35
0.36
0.37
0.38
0.39
0.40
0.41
0.42
0.42
0.43
0.44
0.45
231.80
238.70
245.90
253.20
261.20
269.10
275.60
281.40
286.70
291.80
297.50
303.50
309.10
313.60
317.20
320.50
323.50
326.60
330.00
333.40
336.80
340.00
343.00
346.10
349.10
352.00
353.70
354.00
353.20
352.90
353.10
353.80
355.40
357.40
359.90
362.90
367.40
372.20
376.10
380.50
384.40
388.70
393.80
398.90
404.30
410.50
414.90
419.70
424.00
429.80
433.00
435.60
437.90
437.10
433.80
431.30
419.70
401.10
385.20
354.00
321.10
285.20
249.60
212.00
179.30
154.90
134.10
114.00
96.85
79.71
66.92
55.13
44.46
35.31
28.84
24.92
21.89
19.54
17.53
15.60
13.93
12.37
10.85
9.49
8.56
7.61
6.57
5.79
5.19
4.71
4.33
4.01
6.53
9.82
8.75
6.42
3.93
2.53
2.04
1.25
0.96
0.72
0.50
0.34
0.21
0.13
0.11
0.11
0.12
0.12
0.12
0.13
0.13
0.13
0.13
0.14
0.14
0.14
0.15
0.15
0.15
0.16
0.16
0.16
0.16
0.17
0.17
0.17
0.18
0.18
0.18
0.19
0.19
0.19
0.19
0.20
0.20
0.20
0.21
0.21
0.22
0.22
0.23
0.23
0.23
0.24
0.24
0.25
0.25
0.26
0.26
0.27
0.27
0.28
0.28
0.29
0.29
0.30
0.30
0.31
0.31
0.32
0.33
0.33
0.34
0.34
0.35
0.36
0.36
0.37
0.38
0.39
0.40
0.40
0.41
0.42
0.43
0.44
0.45
0.46
0.45
232.30
239.40
246.80
254.40
262.70
270.60
277.20
282.90
288.20
293.70
299.80
306.00
311.00
315.20
318.80
322.10
325.60
329.30
333.30
336.60
340.10
343.40
347.30
351.70
356.20
360.00
361.30
361.30
360.90
361.00
362.30
364.10
365.60
367.60
370.30
374.20
379.40
384.20
388.70
392.50
396.50
400.60
404.50
408.80
414.70
419.20
423.30
427.30
431.90
434.90
435.70
435.30
434.00
428.30
422.80
413.80
394.60
368.10
355.20
321.60
291.20
260.20
230.00
202.20
178.20
158.00
137.30
116.90
99.64
85.65
70.79
56.52
46.13
35.74
28.08
23.96
21.24
19.27
17.45
15.76
14.02
12.35
10.87
9.49
8.37
7.27
6.29
5.53
4.97
4.54
4.17
3.86
7.54
9.41
8.28
5.59
3.05
2.40
2.03
1.21
0.94
0.70
0.49
0.32
0.19
0.13
0.11
0.11
0.11
0.11
0.11
0.11
0.11
0.12
0.12
0.12
0.12
0.13
0.13
0.13
0.14
0.14
0.14
0.14
0.14
0.15
0.15
0.16
0.16
0.16
0.16
0.17
0.17
0.17
0.18
0.18
0.18
0.19
0.19
0.19
0.20
0.20
0.21
0.21
0.22
0.22
0.22
0.23
0.23
0.24
0.24
0.25
0.25
0.26
0.26
0.27
0.27
0.28
0.29
0.29
0.30
0.30
0.31
0.31
0.32
0.33
0.34
0.34
0.35
0.35
0.36
0.37
0.38
0.39
0.40
0.41
0.42
0.43
0.44
0.44
0.45
231.80
238.70
245.90
253.20
261.20
269.10
275.60
281.40
286.70
291.80
297.50
303.50
309.10
313.60
317.20
320.50
323.50
326.60
330.00
333.40
336.80
340.00
343.00
346.10
349.10
352.00
353.70
354.00
353.20
352.90
353.10
353.80
355.40
357.40
359.90
362.90
367.40
372.20
376.10
380.50
384.40
388.70
393.80
398.90
404.30
410.50
414.90
419.70
424.00
429.80
433.00
435.60
437.90
437.10
433.80
431.30
419.70
401.10
385.20
354.00
321.10
285.20
249.60
212.00
179.30
154.90
134.10
114.00
96.85
79.71
66.92
55.13
44.46
35.31
28.84
24.92
21.89
19.54
17.53
15.60
13.93
12.37
10.85
9.49
8.56
7.61
6.57
5.79
5.19
4.71
4.33
4.01
6.53
9.82
8.75
6.42
3.93
2.53
2.04
1.25
0.96
0.72
0.50
0.34
0.21
0.13
0.11
0.11
0.12
0.12
0.12
0.13
0.13
0.13
0.13
0.14
0.14
0.14
0.15
0.15
0.15
0.16
0.16
0.16
0.16
0.17
0.17
0.17
0.18
0.18
0.18
0.19
0.19
0.19
0.19
0.20
0.20
0.20
0.21
0.21
0.22
0.22
0.23
0.23
0.23
0.24
0.24
0.25
0.25
0.26
0.26
0.27
0.27
0.28
0.28
0.29
0.29
0.30
0.30
0.31
0.31
0.32
0.33
0.33
0.34
0.34
0.35
0.36
0.36
0.37
0.38
0.39
0.40
0.40
0.41
0.42
0.43
0.44
0.45
0.46
0.45
232.20
238.30
245.00
251.40
258.60
265.60
272.10
277.80
283.00
287.60
292.00
297.00
302.20
307.10
311.50
315.10
318.20
320.60
323.20
325.80
328.60
331.50
334.40
337.20
339.80
342.20
344.50
346.00
347.20
347.80
348.30
348.70
348.90
349.90
351.50
353.00
355.20
357.90
360.30
362.90
365.20
367.60
369.50
372.30
376.10
381.20
386.00
392.30
399.00
405.10
410.70
418.60
426.40
431.10
433.70
443.90
440.30
424.70
416.80
408.00
384.30
359.50
332.70
301.70
268.20
231.70
197.20
163.70
135.40
113.90
94.72
75.08
57.27
45.20
33.18
26.47
22.27
19.72
17.96
16.05
14.22
12.47
10.84
9.61
8.52
7.59
6.82
6.10
5.47
4.96
4.51
4.14
6.84
10.90
11.10
8.70
4.97
2.97
2.05
1.28
0.96
0.71
0.51
0.36
0.24
0.17
0.13
0.12
0.12
0.12
0.12
0.12
0.12
0.12
0.12
0.13
0.13
0.13
0.14
0.14
0.14
0.15
0.15
0.15
0.16
0.16
0.16
0.16
0.17
0.17
0.18
0.18
0.18
0.18
0.19
0.19
0.20
0.20
0.20
0.21
0.21
0.21
0.22
0.22
0.23
0.23
0.24
0.24
0.25
0.25
0.25
0.26
0.26
0.27
0.28
0.28
0.28
0.29
0.29
0.30
0.30
0.31
0.32
0.32
0.32
0.33
0.34
0.34
0.35
0.35
0.36
0.37
0.38
0.39
0.40
0.41
0.42
0.42
0.43
0.44
0.45
231.90
236.80
242.20
247.70
253.20
259.00
264.80
270.10
275.10
280.10
284.40
288.50
292.60
296.30
300.70
305.10
309.20
313.00
316.20
319.20
321.70
324.00
325.70
327.40
329.00
330.70
332.50
334.80
336.80
338.00
338.60
339.40
340.10
340.60
341.40
342.00
342.60
343.50
344.10
345.20
345.90
346.70
347.00
347.70
348.40
350.10
351.80
354.00
357.30
362.10
366.60
370.90
377.30
385.00
391.80
403.80
411.60
408.50
410.80
411.30
400.40
392.30
382.20
367.90
350.40
337.80
322.70
296.80
270.40
233.50
198.00
163.50
124.30
87.66
59.80
43.14
32.74
26.00
21.50
18.17
15.71
13.70
11.96
10.38
9.08
8.08
7.28
6.59
5.88
5.29
4.84
4.44
7.74
12.24
13.12
12.20
8.83
4.44
2.26
1.41
1.02
0.77
0.56
0.39
0.26
0.18
0.14
0.13
0.13
0.14
0.14
0.14
0.15
0.15
0.15
0.16
0.16
0.16
0.17
0.17
0.17
0.18
0.18
0.18
0.19
0.19
0.19
0.20
0.20
0.20
0.21
0.21
0.21
0.22
0.22
0.22
0.23
0.23
0.24
0.24
0.25
0.25
0.25
0.26
0.26
0.27
0.27
0.27
0.28
0.28
0.29
0.29
0.29
0.30
0.30
0.31
0.31
0.31
0.32
0.32
0.33
0.33
0.34
0.34
0.35
0.35
0.36
0.36
0.37
0.37
0.38
0.39
0.40
0.41
0.41
0.42
0.43
0.44
0.44
0.45
0.45
232.10
235.60
239.40
243.40
247.40
251.10
255.00
259.40
264.10
268.50
272.80
276.70
280.40
284.20
287.60
291.10
294.00
297.10
300.00
303.00
306.00
308.80
311.20
313.70
315.90
318.40
320.60
322.00
323.30
324.30
325.40
326.30
326.80
327.00
326.90
326.80
326.40
325.90
325.50
325.00
325.00
325.50
326.00
326.20
325.70
324.90
324.30
325.50
327.30
329.70
330.50
332.10
335.50
338.10
337.30
345.10
352.00
350.70
353.30
356.80
354.20
350.90
347.90
347.20
343.60
337.60
329.60
318.00
302.40
283.20
262.80
240.90
210.70
176.40
139.60
103.70
73.42
52.25
37.07
25.27
18.63
14.77
12.38
10.67
9.34
8.24
7.36
6.55
5.84
5.25
4.81
4.49
8.12
10.52
10.93
9.50
5.98
4.05
2.18
1.43
1.01
0.75
0.55
0.39
0.27
0.20
0.16
0.15
0.15
0.15
0.15
0.15
0.16
0.16
0.17
0.17
0.17
0.18
0.18
0.18
0.19
0.19
0.20
0.20
0.20
0.20
0.21
0.21
0.22
0.22
0.23
0.23
0.23
0.23
0.24
0.24
0.25
0.25
0.26
0.26
0.26
0.26
0.27
0.27
0.27
0.28
0.28
0.29
0.29
0.30
0.30
0.30
0.30
0.31
0.31
0.31
0.32
0.32
0.32
0.33
0.33
0.33
0.34
0.34
0.35
0.35
0.35
0.36
0.36
0.37
0.37
0.38
0.38
0.39
0.40
0.41
0.41
0.42
0.43
0.43
0.44
231.90
233.80
235.80
238.00
240.20
242.30
244.50
247.00
249.40
252.30
254.80
257.50
260.30
263.00
265.80
268.70
271.50
274.00
276.50
278.90
281.40
283.70
285.80
287.60
289.60
291.40
293.10
294.80
296.50
297.90
299.20
300.30
301.30
302.20
302.70
303.00
303.20
303.20
303.40
303.50
303.50
303.10
303.20
303.60
304.30
304.20
304.00
304.30
305.20
305.60
305.20
304.90
306.70
306.80
303.90
307.60
307.70
301.30
298.80
301.50
293.00
289.90
289.30
284.60
283.00
282.70
280.60
270.60
265.80
254.80
245.40
217.70
190.50
167.50
143.10
113.60
82.42
57.82
41.22
28.88
22.33
17.59
13.77
11.64
9.85
8.45
7.27
6.28
5.59
5.06
4.60
5.00
7.61
10.32
9.12
8.14
6.37
3.92
2.55
1.63
1.03
0.78
0.57
0.41
0.29
0.22
0.18
0.19
0.19
0.20
0.20
0.21
0.21
0.22
0.22
0.22
0.23
0.23
0.24
0.24
0.24
0.25
0.25
0.25
0.26
0.26
0.26
0.27
0.27
0.28
0.28
0.28
0.29
0.29
0.29
0.30
0.30
0.30
0.31
0.31
0.32
0.32
0.32
0.32
0.33
0.33
0.33
0.34
0.34
0.34
0.34
0.35
0.35
0.35
0.35
0.36
0.36
0.36
0.36
0.36
0.37
0.37
0.37
0.38
0.38
0.38
0.38
0.39
0.39
0.39
0.40
0.40
0.41
0.41
0.42
0.42
0.43
0.43
0.43
0.43
0.43
232.60
232.70
232.80
233.20
233.50
233.90
234.40
235.00
235.90
236.60
237.40
238.40
239.40
240.50
241.60
242.60
243.60
244.60
245.40
246.30
247.10
248.30
249.40
250.10
251.00
252.00
252.70
253.70
254.50
255.00
255.70
256.20
256.50
256.70
256.50
256.70
256.70
256.50
256.20
256.10
256.50
256.80
256.80
256.50
256.30
256.60
256.80
255.60
254.80
254.50
253.50
253.10
252.60
249.80
247.50
248.90
246.90
237.90
236.50
231.50
224.30
218.80
211.40
208.00
202.70
198.00
188.90
178.70
171.60
161.70
153.70
134.70
121.60
102.20
84.01
67.38
45.53
35.77
26.33
20.45
15.89
13.17
11.36
9.75
8.41
7.13
6.13
5.35
4.82
4.36
4.00
4.15
5.75
8.06
6.23
5.65
3.36
2.40
1.86
1.36
0.92
0.70
0.53
0.39
0.28
0.22
0.20
0.20
0.21
0.21
0.21
0.22
0.22
0.23
0.23
0.24
0.24
0.25
0.25
0.26
0.26
0.26
0.27
0.27
0.27
0.28
0.28
0.28
0.29
0.29
0.30
0.30
0.31
0.31
0.32
0.32
0.32
0.33
0.33
0.34
0.34
0.34
0.35
0.35
0.35
0.36
0.36
0.36
0.36
0.36
0.37
0.37
0.37
0.37
0.37
0.37
0.37
0.37
0.37
0.38
0.38
0.38
0.38
0.38
0.38
0.38
0.38
0.38
0.38
0.38
0.38
0.38
0.39
0.39
0.39
0.39
0.39
0.39
0.40
0.40
0.40
231.90
230.40
228.70
227.30
225.80
224.50
223.30
222.10
220.90
220.20
219.50
218.80
218.20
217.50
217.00
216.20
215.50
215.00
214.40
214.30
213.80
213.10
212.40
211.40
210.50
209.80
208.90
208.00
207.30
206.40
205.80
205.20
204.60
204.30
203.70
203.00
202.00
200.90
200.10
199.40
198.80
197.40
195.70
193.40
191.20
189.70
188.20
186.00
183.90
182.30
179.60
178.00
175.60
172.30
171.20
168.20
164.30
158.90
154.80
148.60
141.60
135.40
128.90
124.50
119.60
113.50
107.60
101.50
93.61
86.06
78.53
70.36
59.99
49.89
40.99
33.73
27.08
22.57
18.14
15.17
12.92
11.40
9.87
8.57
7.45
6.41
5.58
4.85
4.32
3.92
3.57
3.39
4.60
5.52
4.66
3.82
3.08
1.96
1.52
1.17
0.86
0.67
0.52
0.40
0.32
0.26
0.24
0.24
0.24
0.24
0.24
0.25
0.25
0.26
0.26
0.27
0.27
0.28
0.28
0.28
0.29
0.29
0.29
0.30
0.30
0.30
0.31
0.31
0.31
0.32
0.32
0.33
0.33
0.34
0.34
0.35
0.35
0.36
0.37
0.37
0.38
0.38
0.39
0.40
0.40
0.40
0.40
0.41
0.41
0.41
0.41
0.41
0.41
0.41
0.41
0.41
0.41
0.41
0.41
0.41
0.41
0.41
0.41
0.41
0.41
0.41
0.41
0.41
0.41
0.41
0.41
0.41
0.41
0.41
0.41
0.41
0.42
0.42
0.42
0.43
0.43
232.10
228.80
225.50
222.30
219.00
216.00
213.20
210.60
208.10
206.10
204.40
202.70
200.70
198.40
196.10
193.80
191.70
189.60
188.00
186.40
185.10
183.80
182.80
181.80
180.80
179.50
177.80
176.00
174.00
172.40
171.20
170.30
169.80
169.10
168.00
166.90
165.50
164.30
163.20
161.80
160.20
158.50
156.50
154.50
152.20
150.20
147.10
144.50
142.10
139.40
136.60
134.40
131.40
127.50
125.90
123.20
116.70
112.80
108.80
103.00
97.44
92.00
86.75
81.78
76.99
72.66
67.18
61.32
56.83
51.69
45.84
40.32
33.98
28.51
24.31
20.92
18.35
16.35
14.50
13.04
11.45
9.81
8.54
7.53
6.52
5.76
5.06
4.47
3.98
3.60
3.27
3.00
3.36
3.62
3.56
2.86
2.10
1.54
1.22
0.98
0.80
0.64
0.51
0.41
0.33
0.28
0.27
0.27
0.28
0.28
0.29
0.29
0.30
0.31
0.31
0.32
0.32
0.33
0.33
0.33
0.34
0.34
0.34
0.35
0.35
0.35
0.35
0.36
0.36
0.37
0.37
0.38
0.38
0.39
0.39
0.40
0.41
0.41
0.42
0.42
0.43
0.44
0.44
0.45
0.45
0.45
0.45
0.45
0.45
0.45
0.45
0.45
0.45
0.45
0.45
0.45
0.44
0.44
0.44
0.44
0.44
0.44
0.44
0.43
0.43
0.43
0.43
0.43
0.43
0.43
0.43
0.43
0.43
0.43
0.43
0.43
0.43
0.44
0.44
0.44
0.44
231.90
227.10
222.30
217.50
213.00
208.60
204.90
201.50
198.60
195.50
191.80
188.30
184.90
181.50
178.80
176.50
174.60
172.80
170.70
168.50
166.00
163.50
161.50
160.00
159.00
158.30
157.50
156.10
155.10
153.90
153.00
152.20
151.30
150.10
148.90
147.00
145.00
142.80
141.30
139.80
138.30
136.50
134.40
132.50
130.40
127.90
126.00
124.80
123.20
120.10
117.70
115.20
112.00
108.80
105.50
103.00
97.92
94.80
91.15
85.94
82.32
77.69
73.37
69.35
64.67
60.61
56.10
51.41
45.98
41.09
35.72
30.79
26.34
22.85
20.57
18.52
16.65
15.08
13.19
11.68
10.17
9.10
8.01
7.01
5.95
5.26
4.69
4.15
3.70
3.35
3.04
2.78
2.64
3.48
3.31
2.45
1.88
1.49
1.10
0.90
0.75
0.61
0.50
0.40
0.34
0.30
0.28
0.28
0.28
0.28
0.29
0.29
0.30
0.31
0.31
0.32
0.32
0.33
0.33
0.34
0.34
0.34
0.35
0.35
0.36
0.36
0.36
0.36
0.37
0.37
0.38
0.38
0.38
0.39
0.40
0.40
0.41
0.42
0.42
0.43
0.43
0.44
0.45
0.46
0.46
0.47
0.47
0.47
0.47
0.48
0.48
0.48
0.48
0.48
0.48
0.48
0.48
0.48
0.48
0.48
0.48
0.48
0.48
0.47
0.47
0.47
0.46
0.46
0.46
0.45
0.45
0.45
0.44
0.44
0.44
0.44
0.44
0.44
0.44
0.45
0.45
232.20
226.30
220.30
214.30
208.80
203.90
199.70
195.60
191.00
186.30
182.00
177.90
174.20
171.40
169.20
166.50
163.20
160.30
157.60
155.40
153.70
152.20
150.50
149.20
148.00
146.80
145.70
144.50
143.10
141.70
139.80
137.80
135.80
133.90
132.40
131.00
129.30
127.60
125.90
124.30
123.20
122.00
121.00
119.70
118.00
115.40
113.20
111.10
108.90
106.50
104.40
102.60
100.90
98.67
96.37
92.83
89.28
86.02
82.67
78.39
75.30
70.88
66.64
62.55
58.23
53.07
49.01
44.59
40.30
35.83
32.44
28.75
25.37
22.44
19.96
18.01
16.17
14.74
13.30
11.77
10.37
9.01
7.75
6.71
5.83
5.12
4.57
4.02
3.55
3.21
2.93
2.71
2.50
3.15
2.91
2.29
1.72
1.37
1.07
0.87
0.72
0.59
0.48
0.39
0.32
0.28
0.27
0.28
0.29
0.30
0.30
0.31
0.32
0.33
0.33
0.34
0.34
0.35
0.35
0.36
0.36
0.37
0.37
0.37
0.38
0.38
0.38
0.39
0.39
0.39
0.40
0.40
0.41
0.41
0.42
0.42
0.43
0.43
0.44
0.45
0.45
0.46
0.47
0.48
0.48
0.49
0.49
0.49
0.49
0.49
0.49
0.49
0.49
0.49
0.49
0.49
0.49
0.49
0.48
0.48
0.48
0.48
0.48
0.47
0.47
0.46
0.46
0.45
0.45
0.45
0.45
0.45
0.44
0.44
0.45
0.45
0.45
0.45
0.45
0.45
0.45
231.80
225.20
218.40
211.60
205.60
200.50
196.00
190.60
185.30
180.30
175.90
171.90
168.90
166.00
162.50
158.90
155.70
152.90
150.80
148.90
146.90
144.90
143.00
141.80
140.70
139.90
138.50
136.60
134.20
132.00
130.00
128.40
126.80
125.10
123.50
121.60
120.00
118.70
117.70
116.50
115.20
114.00
112.50
110.30
108.10
105.70
103.20
101.20
99.33
97.79
96.18
94.97
93.50
90.60
90.73
85.83
82.81
80.81
76.75
73.73
69.98
66.45
62.30
58.28
54.14
50.39
45.98
41.74
37.86
34.33
31.27
28.22
24.95
21.92
19.47
17.52
15.88
14.32
12.98
11.85
10.69
9.45
8.10
6.97
6.23
5.32
4.35
3.81
3.39
3.07
2.81
2.57
2.44
3.60
2.76
2.03
1.59
1.30
1.09
0.85
0.70
0.58
0.47
0.38
0.32
0.28
0.27
0.27
0.27
0.28
0.28
0.29
0.30
0.31
0.31
0.32
0.33
0.33
0.34
0.34
0.35
0.35
0.36
0.36
0.36
0.37
0.37
0.38
0.38
0.38
0.38
0.39
0.39
0.39
0.40
0.40
0.41
0.42
0.42
0.43
0.44
0.44
0.45
0.46
0.47
0.47
0.48
0.48
0.49
0.49
0.49
0.50
0.50
0.50
0.50
0.50
0.50
0.50
0.50
0.50
0.50
0.50
0.50
0.50
0.49
0.49
0.48
0.48
0.47
0.47
0.46
0.46
0.46
0.45
0.45
0.45
0.45
0.45
0.45
0.45
0.46
232.30
225.40
218.40
211.40
205.20
199.90
195.10
189.40
183.70
178.80
174.40
170.30
167.20
163.90
160.30
156.60
153.40
150.90
148.70
146.60
144.70
142.80
141.20
139.50
138.60
137.60
136.10
134.00
131.30
129.00
127.20
125.60
123.90
121.90
119.40
118.30
117.40
116.00
114.90
113.90
112.90
111.60
109.70
107.60
105.00
102.30
99.40
98.29
96.53
94.55
93.13
91.71
89.66
86.90
86.78
82.62
78.79
79.02
74.16
70.55
66.73
64.31
60.74
56.90
53.15
49.78
46.29
42.76
39.53
36.69
32.94
28.31
25.14
21.96
19.04
16.94
15.19
14.26
13.13
11.85
10.50
9.41
8.05
6.80
6.01
4.99
4.17
3.65
3.29
3.00
2.76
2.52
2.39
3.43
2.77
2.00
1.55
1.30
1.08
0.85
0.71
0.58
0.47
0.37
0.30
0.26
0.26
0.27
0.28
0.29
0.30
0.30
0.31
0.32
0.33
0.33
0.34
0.35
0.35
0.36
0.36
0.37
0.37
0.38
0.38
0.38
0.38
0.39
0.39
0.40
0.40
0.40
0.41
0.41
0.41
0.42
0.42
0.43
0.43
0.44
0.45
0.46
0.46
0.48
0.48
0.49
0.50
0.50
0.50
0.50
0.50
0.50
0.50
0.50
0.50
0.50
0.50
0.50
0.50
0.50
0.49
0.49
0.48
0.48
0.48
0.47
0.47
0.46
0.46
0.45
0.45
0.45
0.45
0.45
0.45
0.45
0.45
0.45
0.45
0.45
0.45
231.80
225.20
218.40
211.60
205.60
200.50
196.00
190.60
185.30
180.30
175.90
171.90
168.90
166.00
162.50
158.90
155.70
152.90
150.80
148.90
146.90
144.90
143.00
141.80
140.70
139.90
138.50
136.60
134.20
132.00
130.00
128.40
126.80
125.10
123.50
121.60
120.00
118.70
117.70
116.50
115.20
114.00
112.50
110.30
108.10
105.70
103.20
101.20
99.33
97.79
96.18
94.97
93.50
90.60
90.73
85.83
82.81
80.81
76.75
73.73
69.98
66.45
62.30
58.28
54.14
50.39
45.98
41.74
37.86
34.33
31.27
28.22
24.95
21.92
19.47
17.52
15.88
14.32
12.98
11.85
10.69
9.45
8.10
6.97
6.23
5.32
4.35
3.81
3.39
3.07
2.81
2.57
2.44
3.60
2.76
2.03
1.59
1.30
1.09
0.85
0.70
0.58
0.47
0.38
0.32
0.28
0.27
0.27
0.27
0.28
0.28
0.29
0.30
0.31
0.31
0.32
0.33
0.33
0.34
0.34
0.35
0.35
0.36
0.36
0.36
0.37
0.37
0.38
0.38
0.38
0.38
0.39
0.39
0.39
0.40
0.40
0.41
0.42
0.42
0.43
0.44
0.44
0.45
0.46
0.47
0.47
0.48
0.48
0.49
0.49
0.49
0.50
0.50
0.50
0.50
0.50
0.50
0.50
0.50
0.50
0.50
0.50
0.50
0.50
0.49
0.49
0.48
0.48
0.47
0.47
0.46
0.46
0.46
0.45
0.45
0.45
0.45
0.45
0.45
0.45
0.46
232.20
226.30
220.30
214.30
208.80
203.90
199.70
195.60
191.00
186.30
182.00
177.90
174.20
171.40
169.20
166.50
163.20
160.30
157.60
155.40
153.70
152.20
150.50
149.20
148.00
146.80
145.70
144.50
143.10
141.70
139.80
137.80
135.80
133.90
132.40
131.00
129.30
127.60
125.90
124.30
123.20
122.00
121.00
119.70
118.00
115.40
113.20
111.10
108.90
106.50
104.40
102.60
100.90
98.67
96.37
92.83
89.28
86.02
82.67
78.39
75.30
70.88
66.64
62.55
58.23
53.07
49.01
44.59
40.30
35.83
32.44
28.75
25.37
22.44
19.96
18.01
16.17
14.74
13.30
11.77
10.37
9.01
7.75
6.71
5.83
5.12
4.57
4.02
3.55
3.21
2.93
2.71
2.50
3.15
2.91
2.29
1.72
1.37
1.07
0.87
0.72
0.59
0.48
0.39
0.32
0.28
0.27
0.28
0.29
0.30
0.30
0.31
0.32
0.33
0.33
0.34
0.34
0.35
0.35
0.36
0.36
0.37
0.37
0.37
0.38
0.38
0.38
0.39
0.39
0.39
0.40
0.40
0.41
0.41
0.42
0.42
0.43
0.43
0.44
0.45
0.45
0.46
0.47
0.48
0.48
0.49
0.49
0.49
0.49
0.49
0.49
0.49
0.49
0.49
0.49
0.49
0.49
0.49
0.48
0.48
0.48
0.48
0.48
0.47
0.47
0.46
0.46
0.45
0.45
0.45
0.45
0.45
0.44
0.44
0.45
0.45
0.45
0.45
0.45
0.45
0.45
231.90
227.10
222.30
217.50
213.00
208.60
204.90
201.50
198.60
195.50
191.80
188.30
184.90
181.50
178.80
176.50
174.60
172.80
170.70
168.50
166.00
163.50
161.50
160.00
159.00
158.30
157.50
156.10
155.10
153.90
153.00
152.20
151.30
150.10
148.90
147.00
145.00
142.80
141.30
139.80
138.30
136.50
134.40
132.50
130.40
127.90
126.00
124.80
123.20
120.10
117.70
115.20
112.00
108.80
105.50
103.00
97.92
94.80
91.15
85.94
82.32
77.69
73.37
69.35
64.67
60.61
56.10
51.41
45.98
41.09
35.72
30.79
26.34
22.85
20.57
18.52
16.65
15.08
13.19
11.68
10.17
9.10
8.01
7.01
5.95
5.26
4.69
4.15
3.70
3.35
3.04
2.78
2.64
3.48
3.31
2.45
1.88
1.49
1.10
0.90
0.75
0.61
0.50
0.40
0.34
0.30
0.28
0.28
0.28
0.28
0.29
0.29
0.30
0.31
0.31
0.32
0.32
0.33
0.33
0.34
0.34
0.34
0.35
0.35
0.36
0.36
0.36
0.36
0.37
0.37
0.38
0.38
0.38
0.39
0.40
0.40
0.41
0.42
0.42
0.43
0.43
0.44
0.45
0.46
0.46
0.47
0.47
0.47
0.47
0.48
0.48
0.48
0.48
0.48
0.48
0.48
0.48
0.48
0.48
0.48
0.48
0.48
0.48
0.47
0.47
0.47
0.46
0.46
0.46
0.45
0.45
0.45
0.44
0.44
0.44
0.44
0.44
0.44
0.44
0.45
0.45
232.10
228.80
225.50
222.30
219.00
216.00
213.20
210.60
208.10
206.10
204.40
202.70
200.70
198.40
196.10
193.80
191.70
189.60
188.00
186.40
185.10
183.80
182.80
181.80
180.80
179.50
177.80
176.00
174.00
172.40
171.20
170.30
169.80
169.10
168.00
166.90
165.50
164.30
163.20
161.80
160.20
158.50
156.50
154.50
152.20
150.20
147.10
144.50
142.10
139.40
136.60
134.40
131.40
127.50
125.90
123.20
116.70
112.80
108.80
103.00
97.44
92.00
86.75
81.78
76.99
72.66
67.18
61.32
56.83
51.69
45.84
40.32
33.98
28.51
24.31
20.92
18.35
16.35
14.50
13.04
11.45
9.81
8.54
7.53
6.52
5.76
5.06
4.47
3.98
3.60
3.27
3.00
3.36
3.62
3.56
2.86
2.10
1.54
1.22
0.98
0.80
0.64
0.51
0.41
0.33
0.28
0.27
0.27
0.28
0.28
0.29
0.29
0.30
0.31
0.31
0.32
0.32
0.33
0.33
0.33
0.34
0.34
0.34
0.35
0.35
0.35
0.35
0.36
0.36
0.37
0.37
0.38
0.38
0.39
0.39
0.40
0.41
0.41
0.42
0.42
0.43
0.44
0.44
0.45
0.45
0.45
0.45
0.45
0.45
0.45
0.45
0.45
0.45
0.45
0.45
0.45
0.44
0.44
0.44
0.44
0.44
0.44
0.44
0.43
0.43
0.43
0.43
0.43
0.43
0.43
0.43
0.43
0.43
0.43
0.43
0.43
0.43
0.44
0.44
0.44
0.44
231.90
230.40
228.70
227.30
225.80
224.50
223.30
222.10
220.90
220.20
219.50
218.80
218.20
217.50
217.00
216.20
215.50
215.00
214.40
214.30
213.80
213.10
212.40
211.40
210.50
209.80
208.90
208.00
207.30
206.40
205.80
205.20
204.60
204.30
203.70
203.00
202.00
200.90
200.10
199.40
198.80
197.40
195.70
193.40
191.20
189.70
188.20
186.00
183.90
182.30
179.60
178.00
175.60
172.30
171.20
168.20
164.30
158.90
154.80
148.60
141.60
135.40
128.90
124.50
119.60
113.50
107.60
101.50
93.61
86.06
78.53
70.36
59.99
49.89
40.99
33.73
27.08
22.57
18.14
15.17
12.92
11.40
9.87
8.57
7.45
6.41
5.58
4.85
4.32
3.92
3.57
3.39
4.60
5.52
4.66
3.82
3.08
1.96
1.52
1.17
0.86
0.67
0.52
0.40
0.32
0.26
0.24
0.24
0.24
0.24
0.24
0.25
0.25
0.26
0.26
0.27
0.27
0.28
0.28
0.28
0.29
0.29
0.29
0.30
0.30
0.30
0.31
0.31
0.31
0.32
0.32
0.33
0.33
0.34
0.34
0.35
0.35
0.36
0.37
0.37
0.38
0.38
0.39
0.40
0.40
0.40
0.40
0.41
0.41
0.41
0.41
0.41
0.41
0.41
0.41
0.41
0.41
0.41
0.41
0.41
0.41
0.41
0.41
0.41
0.41
0.41
0.41
0.41
0.41
0.41
0.41
0.41
0.41
0.41
0.41
0.41
0.42
0.42
0.42
0.43
0.43
