SALVI
1
0
24
15.0
181
1.0

240603 ICE S 3000K F5T1

240603 ICE S 3000K F5T1.ldt
12 June 2024/TB
465
0
100
400
0
0
0
0
0
99.25
100.00
1.00
0.00
1
1
16 LED
6301.00

0
53.69
0.14
0.22
0.31
0.40
0.46
0.57
0.64
0.70
0.77
0.82
0.00
15.00
30.00
45.00
60.00
75.00
90.00
105.00
120.00
135.00
150.00
165.00
180.00
195.00
210.00
225.00
240.00
255.00
270.00
285.00
300.00
315.00
330.00
345.00
0.00
1.00
2.00
3.00
4.00
5.00
6.00
7.00
8.00
9.00
10.00
11.00
12.00
13.00
14.00
15.00
16.00
17.00
18.00
19.00
20.00
21.00
22.00
23.00
24.00
25.00
26.00
27.00
28.00
29.00
30.00
31.00
32.00
33.00
34.00
35.00
36.00
37.00
38.00
39.00
40.00
41.00
42.00
43.00
44.00
45.00
46.00
47.00
48.00
49.00
50.00
51.00
52.00
53.00
54.00
55.00
56.00
57.00
58.00
59.00
60.00
61.00
62.00
63.00
64.00
65.00
66.00
67.00
68.00
69.00
70.00
71.00
72.00
73.00
74.00
75.00
76.00
77.00
78.00
79.00
80.00
81.00
82.00
83.00
84.00
85.00
86.00
87.00
88.00
89.00
90.00
91.00
92.00
93.00
94.00
95.00
96.00
97.00
98.00
99.00
100.00
101.00
102.00
103.00
104.00
105.00
106.00
107.00
108.00
109.00
110.00
111.00
112.00
113.00
114.00
115.00
116.00
117.00
118.00
119.00
120.00
121.00
122.00
123.00
124.00
125.00
126.00
127.00
128.00
129.00
130.00
131.00
132.00
133.00
134.00
135.00
136.00
137.00
138.00
139.00
140.00
141.00
142.00
143.00
144.00
145.00
146.00
147.00
148.00
149.00
150.00
151.00
152.00
153.00
154.00
155.00
156.00
157.00
158.00
159.00
160.00
161.00
162.00
163.00
164.00
165.00
166.00
167.00
168.00
169.00
170.00
171.00
172.00
173.00
174.00
175.00
176.00
177.00
178.00
179.00
180.00
145.20
145.10
144.80
144.50
144.10
143.60
142.90
142.00
141.20
140.60
140.10
139.10
138.10
137.40
136.60
135.80
134.80
133.70
133.30
133.00
132.50
132.30
132.30
132.40
132.70
133.50
134.50
135.60
137.10
138.80
140.90
143.50
146.00
149.10
152.30
155.90
158.90
161.50
164.70
168.60
172.20
176.80
182.00
187.70
191.90
197.10
203.40
210.40
216.80
224.30
232.80
240.40
249.70
259.30
266.90
276.20
289.80
293.80
300.40
310.40
318.10
326.40
339.30
350.90
356.10
353.20
339.00
308.30
272.90
237.20
199.00
128.90
84.89
68.86
57.15
49.55
41.95
38.74
35.78
31.42
26.60
23.31
18.92
14.07
11.77
10.09
7.74
6.51
5.73
5.19
4.79
4.32
4.04
9.65
10.45
9.01
6.11
4.34
2.89
2.17
1.27
0.96
0.72
0.53
0.40
0.32
0.28
0.27
0.27
0.27
0.27
0.27
0.27
0.27
0.27
0.27
0.27
0.27
0.27
0.27
0.27
0.27
0.27
0.27
0.27
0.27
0.27
0.27
0.27
0.27
0.27
0.27
0.27
0.27
0.27
0.27
0.28
0.28
0.29
0.29
0.29
0.29
0.30
0.30
0.30
0.30
0.30
0.30
0.30
0.30
0.30
0.30
0.30
0.30
0.29
0.29
0.29
0.28
0.28
0.28
0.27
0.27
0.27
0.26
0.26
0.26
0.26
0.26
0.26
0.25
0.25
0.25
0.25
0.25
0.25
0.25
0.25
0.25
0.25
0.25
0.25
145.30
145.20
145.00
144.70
144.20
143.80
143.30
142.60
141.70
140.90
140.30
139.40
138.70
137.70
136.60
135.60
134.90
134.40
133.50
133.20
133.10
132.90
132.80
132.80
133.30
134.10
134.80
135.70
136.80
138.20
139.90
142.30
144.80
147.70
150.20
152.80
156.00
159.20
163.30
167.20
171.50
176.60
181.80
187.10
193.00
198.20
204.30
210.50
215.90
222.60
231.20
239.20
248.30
258.80
268.20
280.20
292.80
299.00
310.70
318.20
324.50
336.80
349.70
361.70
375.60
380.40
370.80
353.00
327.10
289.90
255.70
203.80
132.30
102.90
73.58
61.12
56.04
45.51
39.11
34.84
27.96
24.11
18.87
14.62
12.98
11.62
8.50
6.90
6.03
5.40
4.92
4.44
4.17
8.31
11.01
10.21
6.72
5.20
3.62
2.02
1.27
0.96
0.72
0.53
0.40
0.31
0.27
0.27
0.27
0.27
0.27
0.27
0.27
0.27
0.27
0.27
0.27
0.27
0.27
0.27
0.27
0.27
0.27
0.27
0.27
0.27
0.27
0.27
0.27
0.28
0.28
0.28
0.28
0.29
0.29
0.29
0.29
0.30
0.30
0.30
0.30
0.30
0.30
0.30
0.30
0.30
0.30
0.30
0.30
0.30
0.29
0.29
0.29
0.29
0.28
0.28
0.27
0.27
0.26
0.26
0.26
0.26
0.26
0.25
0.25
0.25
0.25
0.25
0.25
0.25
0.25
0.26
0.26
0.26
0.26
0.26
0.26
0.26
0.26
0.26
0.26
145.40
145.30
145.20
144.80
144.50
144.10
143.60
143.10
142.20
141.10
140.20
139.70
138.90
137.90
136.90
135.90
135.00
134.20
133.50
133.30
132.90
132.80
132.90
133.30
133.60
134.10
135.10
136.70
138.50
140.30
142.40
144.90
147.60
150.30
152.80
155.40
158.20
161.80
165.90
170.00
174.70
180.00
185.40
191.10
196.50
202.40
208.20
214.50
221.10
227.90
235.40
243.10
251.90
262.60
271.70
286.70
301.70
306.50
315.70
331.60
338.40
349.40
357.60
371.10
380.90
388.90
392.30
379.70
351.60
320.80
285.50
236.80
162.90
106.20
80.79
65.72
56.91
50.19
43.50
34.10
30.26
19.61
15.33
13.19
11.23
9.21
8.16
7.14
6.23
5.57
5.04
4.52
4.24
8.06
10.53
8.94
6.79
4.33
2.70
1.67
1.19
0.89
0.68
0.53
0.41
0.33
0.29
0.28
0.28
0.28
0.28
0.28
0.28
0.28
0.28
0.28
0.28
0.28
0.28
0.28
0.28
0.28
0.28
0.28
0.28
0.28
0.28
0.28
0.28
0.28
0.28
0.28
0.28
0.28
0.28
0.28
0.28
0.29
0.29
0.29
0.29
0.29
0.30
0.30
0.30
0.30
0.30
0.31
0.31
0.31
0.31
0.31
0.31
0.31
0.30
0.30
0.30
0.29
0.29
0.28
0.28
0.28
0.27
0.27
0.27
0.27
0.26
0.26
0.26
0.26
0.26
0.26
0.26
0.26
0.26
0.26
0.26
0.26
0.26
0.26
0.26
145.50
145.50
145.50
145.10
144.80
144.20
143.80
143.10
142.30
141.30
140.30
139.40
138.60
137.90
137.20
136.40
135.50
134.80
134.30
133.90
133.50
133.50
133.60
133.90
134.70
135.80
137.10
138.50
140.00
142.00
144.00
145.90
148.20
150.90
153.70
156.90
159.90
163.50
167.30
171.40
176.10
181.20
186.60
192.60
199.40
206.40
213.70
220.30
227.40
236.20
245.00
253.60
264.10
275.50
284.80
299.60
315.70
317.80
330.40
342.40
348.00
354.00
358.40
361.40
354.10
340.10
321.50
298.50
267.00
237.50
196.10
136.60
107.20
78.07
65.07
57.01
47.21
41.65
32.27
27.99
22.93
19.20
16.84
12.28
10.16
8.80
7.77
6.88
6.10
5.47
5.00
4.53
4.23
8.81
11.78
11.97
8.30
5.04
2.70
1.62
1.17
0.90
0.70
0.53
0.40
0.32
0.28
0.28
0.29
0.29
0.29
0.29
0.29
0.29
0.29
0.29
0.29
0.29
0.29
0.29
0.29
0.28
0.28
0.28
0.28
0.28
0.28
0.28
0.28
0.28
0.28
0.29
0.29
0.29
0.29
0.29
0.29
0.30
0.30
0.30
0.30
0.30
0.30
0.30
0.30
0.30
0.30
0.30
0.30
0.30
0.30
0.30
0.30
0.29
0.29
0.29
0.28
0.28
0.27
0.27
0.27
0.26
0.26
0.26
0.26
0.26
0.26
0.26
0.26
0.26
0.26
0.26
0.26
0.26
0.26
0.26
0.27
0.27
0.27
0.27
0.27
145.60
145.50
145.40
145.20
144.90
144.30
143.60
142.90
142.10
141.20
140.50
139.90
139.20
138.40
137.60
136.70
136.00
135.50
135.00
134.60
134.80
135.10
135.50
135.90
136.80
137.70
138.50
140.10
142.00
143.70
145.20
147.00
149.60
152.90
156.00
159.20
162.30
165.90
170.00
174.70
179.80
185.20
190.90
197.10
203.80
211.50
219.60
227.30
235.40
244.70
255.50
266.50
276.10
285.10
295.50
314.70
324.00
330.00
339.60
339.30
331.10
325.00
313.60
295.00
274.00
247.40
213.40
184.10
143.10
102.00
86.53
79.78
71.88
64.42
55.63
49.27
42.91
38.57
31.73
29.47
22.50
17.99
14.14
12.66
10.01
8.42
7.29
6.35
5.61
5.05
4.60
4.16
4.41
10.19
9.84
9.08
6.06
3.18
2.14
1.41
1.07
0.82
0.62
0.48
0.37
0.30
0.27
0.27
0.27
0.27
0.27
0.27
0.27
0.27
0.27
0.27
0.27
0.27
0.27
0.27
0.27
0.27
0.27
0.27
0.27
0.27
0.27
0.27
0.27
0.27
0.27
0.27
0.27
0.27
0.27
0.27
0.27
0.27
0.27
0.28
0.28
0.28
0.29
0.29
0.29
0.29
0.29
0.29
0.29
0.29
0.29
0.29
0.29
0.29
0.30
0.30
0.29
0.29
0.29
0.28
0.28
0.28
0.28
0.27
0.27
0.27
0.27
0.26
0.26
0.26
0.26
0.26
0.26
0.26
0.26
0.26
0.26
0.26
0.26
0.26
0.26
145.60
145.60
145.30
145.10
144.90
144.60
143.90
143.00
142.20
141.40
140.60
139.70
138.80
138.00
137.30
137.00
136.50
136.20
135.80
135.40
135.20
135.50
136.10
136.80
137.70
138.90
140.40
142.00
143.40
145.00
147.00
149.00
151.40
154.00
157.10
160.10
163.30
166.70
170.90
175.20
179.70
184.70
191.00
196.80
203.20
209.00
214.80
222.40
232.80
239.00
245.80
255.80
266.70
274.80
286.90
301.60
307.40
308.00
303.20
290.10
284.10
272.20
258.00
234.50
210.50
185.20
151.50
114.90
78.54
72.05
70.45
68.90
64.72
57.54
50.72
42.56
37.70
33.15
29.42
25.90
22.41
20.74
14.98
13.04
11.84
11.03
7.08
5.99
5.30
4.81
4.37
3.98
5.90
10.08
8.52
6.62
4.84
2.94
2.08
1.54
1.05
0.80
0.59
0.44
0.33
0.26
0.25
0.26
0.26
0.26
0.27
0.27
0.27
0.27
0.27
0.27
0.27
0.27
0.27
0.27
0.27
0.27
0.27
0.27
0.27
0.27
0.27
0.27
0.27
0.27
0.27
0.27
0.28
0.28
0.28
0.28
0.28
0.28
0.28
0.28
0.29
0.29
0.29
0.29
0.29
0.29
0.29
0.29
0.29
0.29
0.29
0.29
0.29
0.28
0.28
0.28
0.28
0.27
0.27
0.27
0.26
0.26
0.26
0.26
0.26
0.26
0.26
0.26
0.26
0.26
0.26
0.26
0.26
0.26
0.26
0.26
0.27
0.27
0.27
0.27
0.27
145.50
145.40
145.10
144.80
144.50
144.20
143.80
143.00
142.20
141.30
140.40
139.60
139.00
138.40
137.70
137.10
136.70
136.20
136.00
135.80
135.60
135.70
136.20
136.80
138.00
139.30
140.70
142.00
143.70
145.40
147.30
149.40
151.90
154.40
157.40
160.50
163.70
166.90
170.80
174.50
179.10
184.20
189.20
194.30
199.20
203.90
210.20
220.00
225.40
229.70
237.30
245.40
252.70
258.70
272.20
282.30
278.60
274.30
266.90
254.80
242.60
230.20
212.30
194.00
171.50
142.90
118.30
86.54
71.64
68.46
64.99
62.26
59.11
49.64
40.06
36.52
33.71
32.01
28.94
24.44
21.54
18.48
14.04
12.25
11.10
8.66
6.53
5.61
5.05
4.61
4.17
3.88
7.59
8.97
7.80
5.17
3.48
2.53
1.80
1.29
0.99
0.76
0.57
0.41
0.31
0.26
0.25
0.25
0.25
0.25
0.25
0.25
0.25
0.26
0.26
0.26
0.26
0.26
0.26
0.26
0.26
0.26
0.26
0.26
0.26
0.26
0.26
0.26
0.26
0.26
0.26
0.26
0.26
0.26
0.26
0.26
0.26
0.26
0.26
0.26
0.27
0.27
0.27
0.28
0.28
0.28
0.29
0.29
0.29
0.29
0.29
0.29
0.29
0.29
0.29
0.29
0.29
0.29
0.29
0.28
0.28
0.28
0.27
0.27
0.27
0.27
0.27
0.26
0.26
0.26
0.26
0.26
0.26
0.26
0.26
0.26
0.26
0.26
0.26
0.26
0.26
145.60
145.60
145.30
145.10
144.90
144.60
143.90
143.00
142.20
141.40
140.60
139.70
138.80
138.00
137.30
137.00
136.50
136.20
135.80
135.40
135.20
135.50
136.10
136.80
137.70
138.90
140.40
142.00
143.40
145.00
147.00
149.00
151.40
154.00
157.10
160.10
163.30
166.70
170.90
175.20
179.70
184.70
191.00
196.80
203.20
209.00
214.80
222.40
232.80
239.00
245.80
255.80
266.70
274.80
286.90
301.60
307.40
308.00
303.20
290.10
284.10
272.20
258.00
234.50
210.50
185.20
151.50
114.90
78.54
72.05
70.45
68.90
64.72
57.54
50.72
42.56
37.70
33.15
29.42
25.90
22.41
20.74
14.98
13.04
11.84
11.03
7.08
5.99
5.30
4.81
4.37
3.98
5.90
10.08
8.52
6.62
4.84
2.94
2.08
1.54
1.05
0.80
0.59
0.44
0.33
0.26
0.25
0.26
0.26
0.26
0.27
0.27
0.27
0.27
0.27
0.27
0.27
0.27
0.27
0.27
0.27
0.27
0.27
0.27
0.27
0.27
0.27
0.27
0.27
0.27
0.27
0.27
0.28
0.28
0.28
0.28
0.28
0.28
0.28
0.28
0.29
0.29
0.29
0.29
0.29
0.29
0.29
0.29
0.29
0.29
0.29
0.29
0.29
0.28
0.28
0.28
0.28
0.27
0.27
0.27
0.26
0.26
0.26
0.26
0.26
0.26
0.26
0.26
0.26
0.26
0.26
0.26
0.26
0.26
0.26
0.26
0.27
0.27
0.27
0.27
0.27
145.60
145.50
145.40
145.20
144.90
144.30
143.60
142.90
142.10
141.20
140.50
139.90
139.20
138.40
137.60
136.70
136.00
135.50
135.00
134.60
134.80
135.10
135.50
135.90
136.80
137.70
138.50
140.10
142.00
143.70
145.20
147.00
149.60
152.90
156.00
159.20
162.30
165.90
170.00
174.70
179.80
185.20
190.90
197.10
203.80
211.50
219.60
227.30
235.40
244.70
255.50
266.50
276.10
285.10
295.50
314.70
324.00
330.00
339.60
339.30
331.10
325.00
313.60
295.00
274.00
247.40
213.40
184.10
143.10
102.00
86.53
79.78
71.88
64.42
55.63
49.27
42.91
38.57
31.73
29.47
22.50
17.99
14.14
12.66
10.01
8.42
7.29
6.35
5.61
5.05
4.60
4.16
4.41
10.19
9.84
9.08
6.06
3.18
2.14
1.41
1.07
0.82
0.62
0.48
0.37
0.30
0.27
0.27
0.27
0.27
0.27
0.27
0.27
0.27
0.27
0.27
0.27
0.27
0.27
0.27
0.27
0.27
0.27
0.27
0.27
0.27
0.27
0.27
0.27
0.27
0.27
0.27
0.27
0.27
0.27
0.27
0.27
0.27
0.27
0.28
0.28
0.28
0.29
0.29
0.29
0.29
0.29
0.29
0.29
0.29
0.29
0.29
0.29
0.29
0.30
0.30
0.29
0.29
0.29
0.28
0.28
0.28
0.28
0.27
0.27
0.27
0.27
0.26
0.26
0.26
0.26
0.26
0.26
0.26
0.26
0.26
0.26
0.26
0.26
0.26
0.26
145.50
145.50
145.50
145.10
144.80
144.20
143.80
143.10
142.30
141.30
140.30
139.40
138.60
137.90
137.20
136.40
135.50
134.80
134.30
133.90
133.50
133.50
133.60
133.90
134.70
135.80
137.10
138.50
140.00
142.00
144.00
145.90
148.20
150.90
153.70
156.90
159.90
163.50
167.30
171.40
176.10
181.20
186.60
192.60
199.40
206.40
213.70
220.30
227.40
236.20
245.00
253.60
264.10
275.50
284.80
299.60
315.70
317.80
330.40
342.40
348.00
354.00
358.40
361.40
354.10
340.10
321.50
298.50
267.00
237.50
196.10
136.60
107.20
78.07
65.07
57.01
47.21
41.65
32.27
27.99
22.93
19.20
16.84
12.28
10.16
8.80
7.77
6.88
6.10
5.47
5.00
4.53
4.23
8.81
11.78
11.97
8.30
5.04
2.70
1.62
1.17
0.90
0.70
0.53
0.40
0.32
0.28
0.28
0.29
0.29
0.29
0.29
0.29
0.29
0.29
0.29
0.29
0.29
0.29
0.29
0.29
0.28
0.28
0.28
0.28
0.28
0.28
0.28
0.28
0.28
0.28
0.29
0.29
0.29
0.29
0.29
0.29
0.30
0.30
0.30
0.30
0.30
0.30
0.30
0.30
0.30
0.30
0.30
0.30
0.30
0.30
0.30
0.30
0.29
0.29
0.29
0.28
0.28
0.27
0.27
0.27
0.26
0.26
0.26
0.26
0.26
0.26
0.26
0.26
0.26
0.26
0.26
0.26
0.26
0.26
0.26
0.27
0.27
0.27
0.27
0.27
145.40
145.30
145.20
144.80
144.50
144.10
143.60
143.10
142.20
141.10
140.20
139.70
138.90
137.90
136.90
135.90
135.00
134.20
133.50
133.30
132.90
132.80
132.90
133.30
133.60
134.10
135.10
136.70
138.50
140.30
142.40
144.90
147.60
150.30
152.80
155.40
158.20
161.80
165.90
170.00
174.70
180.00
185.40
191.10
196.50
202.40
208.20
214.50
221.10
227.90
235.40
243.10
251.90
262.60
271.70
286.70
301.70
306.50
315.70
331.60
338.40
349.40
357.60
371.10
380.90
388.90
392.30
379.70
351.60
320.80
285.50
236.80
162.90
106.20
80.79
65.72
56.91
50.19
43.50
34.10
30.26
19.61
15.33
13.19
11.23
9.21
8.16
7.14
6.23
5.57
5.04
4.52
4.24
8.06
10.53
8.94
6.79
4.33
2.70
1.67
1.19
0.89
0.68
0.53
0.41
0.33
0.29
0.28
0.28
0.28
0.28
0.28
0.28
0.28
0.28
0.28
0.28
0.28
0.28
0.28
0.28
0.28
0.28
0.28
0.28
0.28
0.28
0.28
0.28
0.28
0.28
0.28
0.28
0.28
0.28
0.28
0.28
0.29
0.29
0.29
0.29
0.29
0.30
0.30
0.30
0.30
0.30
0.31
0.31
0.31
0.31
0.31
0.31
0.31
0.30
0.30
0.30
0.29
0.29
0.28
0.28
0.28
0.27
0.27
0.27
0.27
0.26
0.26
0.26
0.26
0.26
0.26
0.26
0.26
0.26
0.26
0.26
0.26
0.26
0.26
0.26
145.30
145.20
145.00
144.70
144.20
143.80
143.30
142.60
141.70
140.90
140.30
139.40
138.70
137.70
136.60
135.60
134.90
134.40
133.50
133.20
133.10
132.90
132.80
132.80
133.30
134.10
134.80
135.70
136.80
138.20
139.90
142.30
144.80
147.70
150.20
152.80
156.00
159.20
163.30
167.20
171.50
176.60
181.80
187.10
193.00
198.20
204.30
210.50
215.90
222.60
231.20
239.20
248.30
258.80
268.20
280.20
292.80
299.00
310.70
318.20
324.50
336.80
349.70
361.70
375.60
380.40
370.80
353.00
327.10
289.90
255.70
203.80
132.30
102.90
73.58
61.12
56.04
45.51
39.11
34.84
27.96
24.11
18.87
14.62
12.98
11.62
8.50
6.90
6.03
5.40
4.92
4.44
4.17
8.31
11.01
10.21
6.72
5.20
3.62
2.02
1.27
0.96
0.72
0.53
0.40
0.31
0.27
0.27
0.27
0.27
0.27
0.27
0.27
0.27
0.27
0.27
0.27
0.27
0.27
0.27
0.27
0.27
0.27
0.27
0.27
0.27
0.27
0.27
0.27
0.28
0.28
0.28
0.28
0.29
0.29
0.29
0.29
0.30
0.30
0.30
0.30
0.30
0.30
0.30
0.30
0.30
0.30
0.30
0.30
0.30
0.29
0.29
0.29
0.29
0.28
0.28
0.27
0.27
0.26
0.26
0.26
0.26
0.26
0.25
0.25
0.25
0.25
0.25
0.25
0.25
0.25
0.26
0.26
0.26
0.26
0.26
0.26
0.26
0.26
0.26
0.26
145.20
145.10
144.80
144.50
144.10
143.60
142.90
142.00
141.20
140.60
140.10
139.10
138.10
137.40
136.60
135.80
134.80
133.70
133.30
133.00
132.50
132.30
132.30
132.40
132.70
133.50
134.50
135.60
137.10
138.80
140.90
143.50
146.00
149.10
152.30
155.90
158.90
161.50
164.70
168.60
172.20
176.80
182.00
187.70
191.90
197.10
203.40
210.40
216.80
224.30
232.80
240.40
249.70
259.30
266.90
276.20
289.80
293.80
300.40
310.40
318.10
326.40
339.30
350.90
356.10
353.20
339.00
308.30
272.90
237.20
199.00
128.90
84.89
68.86
57.15
49.55
41.95
38.74
35.78
31.42
26.60
23.31
18.92
14.07
11.77
10.09
7.74
6.51
5.73
5.19
4.79
4.32
4.04
9.65
10.45
9.01
6.11
4.34
2.89
2.17
1.27
0.96
0.72
0.53
0.40
0.32
0.28
0.27
0.27
0.27
0.27
0.27
0.27
0.27
0.27
0.27
0.27
0.27
0.27
0.27
0.27
0.27
0.27
0.27
0.27
0.27
0.27
0.27
0.27
0.27
0.27
0.27
0.27
0.27
0.27
0.27
0.28
0.28
0.29
0.29
0.29
0.29
0.30
0.30
0.30
0.30
0.30
0.30
0.30
0.30
0.30
0.30
0.30
0.30
0.29
0.29
0.29
0.28
0.28
0.28
0.27
0.27
0.27
0.26
0.26
0.26
0.26
0.26
0.26
0.25
0.25
0.25
0.25
0.25
0.25
0.25
0.25
0.25
0.25
0.25
0.25
145.60
145.40
145.20
144.90
144.50
144.10
143.30
142.40
141.50
140.80
140.10
139.50
138.70
137.70
136.80
136.20
135.50
134.70
133.90
133.60
133.30
132.90
132.70
133.00
133.50
134.10
134.90
135.10
136.50
138.80
140.80
142.80
144.90
147.70
150.80
153.70
157.00
160.80
165.30
169.70
173.70
178.40
183.00
187.60
192.50
198.50
205.00
211.50
218.70
226.00
233.60
242.30
251.70
261.50
269.80
281.70
295.00
298.60
310.00
318.70
329.40
342.30
353.80
365.00
372.60
378.30
369.40
346.60
316.30
283.60
239.70
177.50
115.40
80.83
66.03
57.67
50.08
42.52
37.20
33.04
28.81
23.93
19.08
15.08
12.74
11.23
8.15
6.88
6.07
5.46
4.97
4.50
4.20
8.52
10.69
8.61
6.35
4.79
2.97
2.01
1.25
0.92
0.69
0.51
0.38
0.29
0.25
0.24
0.23
0.23
0.23
0.23
0.23
0.24
0.24
0.24
0.24
0.24
0.24
0.24
0.24
0.24
0.24
0.24
0.24
0.24
0.24
0.24
0.24
0.24
0.25
0.25
0.26
0.26
0.26
0.27
0.27
0.28
0.28
0.29
0.29
0.30
0.30
0.31
0.32
0.32
0.32
0.32
0.32
0.32
0.32
0.32
0.32
0.32
0.31
0.31
0.30
0.30
0.30
0.29
0.29
0.28
0.28
0.28
0.27
0.27
0.26
0.26
0.26
0.26
0.26
0.25
0.25
0.25
0.25
0.25
0.25
0.25
0.25
0.25
0.25
145.60
145.50
145.40
145.00
144.50
143.90
143.50
142.90
142.10
141.20
140.30
139.50
138.80
138.00
137.00
136.20
135.50
134.70
134.20
133.70
133.50
133.70
133.80
133.90
134.30
135.20
136.40
137.50
138.90
140.50
142.50
144.90
147.50
149.90
152.80
156.20
159.40
162.70
166.30
170.70
175.70
181.20
186.70
192.00
197.20
203.70
210.00
215.30
221.50
229.00
237.50
246.30
255.00
264.60
274.90
289.90
300.70
307.30
317.50
333.20
341.20
352.20
362.90
372.80
385.10
393.50
392.30
381.70
351.20
323.20
277.20
223.20
152.40
117.80
83.30
64.81
54.89
48.45
44.07
33.56
31.74
21.12
17.02
14.06
11.67
9.32
8.15
7.13
6.19
5.54
5.06
4.51
4.24
6.84
10.76
8.56
6.42
3.76
2.88
1.57
1.19
0.90
0.68
0.51
0.38
0.29
0.24
0.24
0.24
0.25
0.25
0.25
0.25
0.25
0.26
0.26
0.26
0.26
0.26
0.26
0.26
0.26
0.26
0.26
0.26
0.26
0.26
0.26
0.26
0.27
0.27
0.27
0.27
0.28
0.28
0.29
0.29
0.30
0.30
0.31
0.31
0.32
0.32
0.32
0.32
0.32
0.32
0.32
0.32
0.32
0.31
0.31
0.31
0.31
0.30
0.30
0.29
0.29
0.28
0.28
0.28
0.27
0.27
0.26
0.26
0.26
0.26
0.26
0.25
0.25
0.25
0.25
0.25
0.25
0.25
0.25
0.25
0.26
0.26
0.27
0.27
145.80
145.70
145.60
145.20
144.60
144.10
143.50
142.90
142.20
141.50
140.60
139.60
138.60
138.10
137.40
136.70
136.10
135.50
135.00
134.70
134.60
134.70
135.10
135.50
135.80
136.20
137.40
139.50
141.80
143.70
145.40
147.60
150.00
152.70
155.60
159.00
162.60
166.70
170.60
174.60
178.90
183.80
189.30
195.40
201.60
208.60
215.50
222.00
229.10
238.10
247.80
256.30
266.50
277.60
287.10
304.10
315.00
319.60
334.60
344.40
352.20
361.70
366.50
363.30
351.40
342.60
327.30
299.60
266.30
231.10
184.80
121.20
95.62
74.47
67.57
56.07
49.54
43.05
35.93
27.76
22.24
19.02
16.68
13.99
10.17
8.76
7.70
6.78
5.98
5.39
4.95
4.47
4.22
8.38
11.05
9.57
6.91
3.86
2.63
1.47
1.12
0.88
0.66
0.50
0.38
0.30
0.26
0.24
0.24
0.24
0.24
0.24
0.24
0.24
0.24
0.25
0.25
0.25
0.25
0.26
0.26
0.26
0.26
0.26
0.26
0.26
0.26
0.26
0.26
0.26
0.26
0.26
0.26
0.26
0.27
0.27
0.28
0.28
0.28
0.29
0.29
0.29
0.30
0.31
0.31
0.32
0.32
0.32
0.32
0.32
0.32
0.32
0.32
0.32
0.32
0.31
0.31
0.31
0.30
0.30
0.29
0.29
0.29
0.28
0.28
0.28
0.28
0.27
0.27
0.27
0.27
0.26
0.26
0.26
0.26
0.26
0.26
0.26
0.26
0.26
0.26
145.50
145.40
145.40
145.10
144.70
144.10
143.40
142.60
141.90
141.00
140.30
139.30
138.60
138.00
137.40
136.80
136.20
135.60
135.30
135.50
135.30
135.50
135.80
136.30
137.00
137.90
139.20
140.50
142.10
143.60
145.70
148.20
151.00
153.70
156.70
159.90
163.70
168.10
172.40
176.50
181.30
186.70
192.70
199.00
205.70
213.20
221.60
229.00
237.50
247.50
257.30
267.60
277.20
287.50
299.80
317.80
325.80
335.00
346.00
346.10
337.90
330.60
318.50
299.50
270.60
242.90
212.50
177.20
139.20
113.60
88.02
80.46
71.42
65.92
58.03
48.47
43.47
41.77
32.74
28.24
23.98
17.04
13.26
11.85
9.83
8.37
7.33
6.44
5.74
5.18
4.68
4.29
4.49
9.94
9.80
8.23
5.10
3.15
2.09
1.37
1.06
0.82
0.61
0.46
0.34
0.27
0.23
0.23
0.24
0.24
0.24
0.24
0.25
0.25
0.25
0.26
0.26
0.26
0.26
0.26
0.26
0.26
0.26
0.26
0.26
0.26
0.26
0.27
0.27
0.27
0.27
0.27
0.27
0.27
0.28
0.28
0.28
0.29
0.29
0.29
0.30
0.30
0.31
0.31
0.31
0.31
0.31
0.31
0.31
0.31
0.30
0.31
0.30
0.30
0.30
0.29
0.29
0.29
0.29
0.28
0.28
0.27
0.27
0.27
0.27
0.27
0.26
0.26
0.25
0.25
0.25
0.25
0.25
0.26
0.26
0.26
0.26
0.26
0.27
0.27
0.27
145.50
145.50
145.30
145.20
144.90
144.20
143.50
142.60
141.80
140.90
140.00
139.10
138.10
137.70
137.10
136.60
136.10
135.70
135.60
135.50
135.50
135.70
136.20
137.00
138.00
139.10
140.60
142.20
143.70
145.30
147.20
149.60
151.90
154.40
157.60
160.90
164.60
168.60
172.50
176.90
181.70
187.50
194.00
200.30
206.10
212.70
220.00
228.50
238.60
244.80
251.70
261.80
273.70
284.00
299.00
311.80
313.90
314.10
308.50
298.40
287.10
274.70
255.50
231.60
205.40
177.90
143.50
103.50
78.43
73.56
71.48
69.87
62.42
54.63
48.64
42.66
36.59
33.56
29.23
26.50
21.59
19.56
14.52
12.61
11.40
9.78
6.93
5.95
5.30
4.81
4.34
4.05
7.21
10.16
9.32
6.20
4.26
2.93
1.93
1.30
0.98
0.76
0.56
0.42
0.31
0.24
0.22
0.21
0.21
0.21
0.21
0.22
0.22
0.22
0.23
0.23
0.23
0.24
0.24
0.24
0.24
0.24
0.24
0.24
0.24
0.24
0.24
0.24
0.24
0.24
0.24
0.24
0.25
0.25
0.26
0.26
0.26
0.26
0.26
0.27
0.27
0.27
0.28
0.29
0.29
0.29
0.30
0.30
0.30
0.30
0.30
0.30
0.30
0.30
0.30
0.30
0.30
0.30
0.30
0.29
0.29
0.29
0.28
0.28
0.28
0.27
0.27
0.27
0.27
0.26
0.26
0.26
0.26
0.26
0.26
0.26
0.26
0.26
0.26
0.26
0.27
145.50
145.40
145.40
145.20
144.90
144.40
143.50
142.70
142.10
141.30
140.30
139.50
138.90
138.20
137.60
137.10
136.70
136.30
136.20
136.00
135.90
135.90
136.80
137.70
138.80
140.00
141.40
142.80
144.60
146.50
148.60
150.80
152.90
155.20
157.80
160.90
164.40
168.40
172.10
175.90
180.20
185.60
191.00
196.70
202.10
207.00
213.70
223.30
228.00
232.10
239.40
248.40
257.70
264.50
275.80
284.20
278.80
274.40
268.60
256.40
244.50
231.80
210.70
191.40
169.50
141.30
112.20
83.18
73.69
69.35
66.68
62.23
58.83
48.86
40.37
35.85
33.26
31.24
28.86
24.73
21.49
19.91
14.10
12.09
11.06
8.51
6.55
5.69
5.12
4.68
4.27
4.01
7.68
8.86
7.56
5.19
3.69
2.46
1.82
1.30
0.96
0.74
0.54
0.38
0.28
0.21
0.21
0.21
0.22
0.22
0.22
0.23
0.23
0.23
0.24
0.24
0.24
0.24
0.24
0.24
0.25
0.25
0.25
0.25
0.25
0.25
0.25
0.25
0.25
0.25
0.25
0.25
0.25
0.26
0.26
0.26
0.27
0.27
0.28
0.28
0.28
0.29
0.29
0.30
0.30
0.30
0.30
0.30
0.30
0.30
0.30
0.30
0.29
0.30
0.29
0.29
0.29
0.29
0.28
0.28
0.28
0.27
0.27
0.26
0.26
0.26
0.26
0.26
0.26
0.26
0.26
0.26
0.26
0.26
0.26
0.26
0.26
0.26
0.27
0.27
0.27
145.50
145.50
145.30
145.20
144.90
144.20
143.50
142.60
141.80
140.90
140.00
139.10
138.10
137.70
137.10
136.60
136.10
135.70
135.60
135.50
135.50
135.70
136.20
137.00
138.00
139.10
140.60
142.20
143.70
145.30
147.20
149.60
151.90
154.40
157.60
160.90
164.60
168.60
172.50
176.90
181.70
187.50
194.00
200.30
206.10
212.70
220.00
228.50
238.60
244.80
251.70
261.80
273.70
284.00
299.00
311.80
313.90
314.10
308.50
298.40
287.10
274.70
255.50
231.60
205.40
177.90
143.50
103.50
78.43
73.56
71.48
69.87
62.42
54.63
48.64
42.66
36.59
33.56
29.23
26.50
21.59
19.56
14.52
12.61
11.40
9.78
6.93
5.95
5.30
4.81
4.34
4.05
7.21
10.16
9.32
6.20
4.26
2.93
1.93
1.30
0.98
0.76
0.56
0.42
0.31
0.24
0.22
0.21
0.21
0.21
0.21
0.22
0.22
0.22
0.23
0.23
0.23
0.24
0.24
0.24
0.24
0.24
0.24
0.24
0.24
0.24
0.24
0.24
0.24
0.24
0.24
0.24
0.25
0.25
0.26
0.26
0.26
0.26
0.26
0.27
0.27
0.27
0.28
0.29
0.29
0.29
0.30
0.30
0.30
0.30
0.30
0.30
0.30
0.30
0.30
0.30
0.30
0.30
0.30
0.29
0.29
0.29
0.28
0.28
0.28
0.27
0.27
0.27
0.27
0.26
0.26
0.26
0.26
0.26
0.26
0.26
0.26
0.26
0.26
0.26
0.27
145.50
145.40
145.40
145.10
144.70
144.10
143.40
142.60
141.90
141.00
140.30
139.30
138.60
138.00
137.40
136.80
136.20
135.60
135.30
135.50
135.30
135.50
135.80
136.30
137.00
137.90
139.20
140.50
142.10
143.60
145.70
148.20
151.00
153.70
156.70
159.90
163.70
168.10
172.40
176.50
181.30
186.70
192.70
199.00
205.70
213.20
221.60
229.00
237.50
247.50
257.30
267.60
277.20
287.50
299.80
317.80
325.80
335.00
346.00
346.10
337.90
330.60
318.50
299.50
270.60
242.90
212.50
177.20
139.20
113.60
88.02
80.46
71.42
65.92
58.03
48.47
43.47
41.77
32.74
28.24
23.98
17.04
13.26
11.85
9.83
8.37
7.33
6.44
5.74
5.18
4.68
4.29
4.49
9.94
9.80
8.23
5.10
3.15
2.09
1.37
1.06
0.82
0.61
0.46
0.34
0.27
0.23
0.23
0.24
0.24
0.24
0.24
0.25
0.25
0.25
0.26
0.26
0.26
0.26
0.26
0.26
0.26
0.26
0.26
0.26
0.26
0.26
0.27
0.27
0.27
0.27
0.27
0.27
0.27
0.28
0.28
0.28
0.29
0.29
0.29
0.30
0.30
0.31
0.31
0.31
0.31
0.31
0.31
0.31
0.31
0.30
0.31
0.30
0.30
0.30
0.29
0.29
0.29
0.29
0.28
0.28
0.27
0.27
0.27
0.27
0.27
0.26
0.26
0.25
0.25
0.25
0.25
0.25
0.26
0.26
0.26
0.26
0.26
0.27
0.27
0.27
145.80
145.70
145.60
145.20
144.60
144.10
143.50
142.90
142.20
141.50
140.60
139.60
138.60
138.10
137.40
136.70
136.10
135.50
135.00
134.70
134.60
134.70
135.10
135.50
135.80
136.20
137.40
139.50
141.80
143.70
145.40
147.60
150.00
152.70
155.60
159.00
162.60
166.70
170.60
174.60
178.90
183.80
189.30
195.40
201.60
208.60
215.50
222.00
229.10
238.10
247.80
256.30
266.50
277.60
287.10
304.10
315.00
319.60
334.60
344.40
352.20
361.70
366.50
363.30
351.40
342.60
327.30
299.60
266.30
231.10
184.80
121.20
95.62
74.47
67.57
56.07
49.54
43.05
35.93
27.76
22.24
19.02
16.68
13.99
10.17
8.76
7.70
6.78
5.98
5.39
4.95
4.47
4.22
8.38
11.05
9.57
6.91
3.86
2.63
1.47
1.12
0.88
0.66
0.50
0.38
0.30
0.26
0.24
0.24
0.24
0.24
0.24
0.24
0.24
0.24
0.25
0.25
0.25
0.25
0.26
0.26
0.26
0.26
0.26
0.26
0.26
0.26
0.26
0.26
0.26
0.26
0.26
0.26
0.26
0.27
0.27
0.28
0.28
0.28
0.29
0.29
0.29
0.30
0.31
0.31
0.32
0.32
0.32
0.32
0.32
0.32
0.32
0.32
0.32
0.32
0.31
0.31
0.31
0.30
0.30
0.29
0.29
0.29
0.28
0.28
0.28
0.28
0.27
0.27
0.27
0.27
0.26
0.26
0.26
0.26
0.26
0.26
0.26
0.26
0.26
0.26
145.60
145.50
145.40
145.00
144.50
143.90
143.50
142.90
142.10
141.20
140.30
139.50
138.80
138.00
137.00
136.20
135.50
134.70
134.20
133.70
133.50
133.70
133.80
133.90
134.30
135.20
136.40
137.50
138.90
140.50
142.50
144.90
147.50
149.90
152.80
156.20
159.40
162.70
166.30
170.70
175.70
181.20
186.70
192.00
197.20
203.70
210.00
215.30
221.50
229.00
237.50
246.30
255.00
264.60
274.90
289.90
300.70
307.30
317.50
333.20
341.20
352.20
362.90
372.80
385.10
393.50
392.30
381.70
351.20
323.20
277.20
223.20
152.40
117.80
83.30
64.81
54.89
48.45
44.07
33.56
31.74
21.12
17.02
14.06
11.67
9.32
8.15
7.13
6.19
5.54
5.06
4.51
4.24
6.84
10.76
8.56
6.42
3.76
2.88
1.57
1.19
0.90
0.68
0.51
0.38
0.29
0.24
0.24
0.24
0.25
0.25
0.25
0.25
0.25
0.26
0.26
0.26
0.26
0.26
0.26
0.26
0.26
0.26
0.26
0.26
0.26
0.26
0.26
0.26
0.27
0.27
0.27
0.27
0.28
0.28
0.29
0.29
0.30
0.30
0.31
0.31
0.32
0.32
0.32
0.32
0.32
0.32
0.32
0.32
0.32
0.31
0.31
0.31
0.31
0.30
0.30
0.29
0.29
0.28
0.28
0.28
0.27
0.27
0.26
0.26
0.26
0.26
0.26
0.25
0.25
0.25
0.25
0.25
0.25
0.25
0.25
0.25
0.26
0.26
0.27
0.27
145.60
145.40
145.20
144.90
144.50
144.10
143.30
142.40
141.50
140.80
140.10
139.50
138.70
137.70
136.80
136.20
135.50
134.70
133.90
133.60
133.30
132.90
132.70
133.00
133.50
134.10
134.90
135.10
136.50
138.80
140.80
142.80
144.90
147.70
150.80
153.70
157.00
160.80
165.30
169.70
173.70
178.40
183.00
187.60
192.50
198.50
205.00
211.50
218.70
226.00
233.60
242.30
251.70
261.50
269.80
281.70
295.00
298.60
310.00
318.70
329.40
342.30
353.80
365.00
372.60
378.30
369.40
346.60
316.30
283.60
239.70
177.50
115.40
80.83
66.03
57.67
50.08
42.52
37.20
33.04
28.81
23.93
19.08
15.08
12.74
11.23
8.15
6.88
6.07
5.46
4.97
4.50
4.20
8.52
10.69
8.61
6.35
4.79
2.97
2.01
1.25
0.92
0.69
0.51
0.38
0.29
0.25
0.24
0.23
0.23
0.23
0.23
0.23
0.24
0.24
0.24
0.24
0.24
0.24
0.24
0.24
0.24
0.24
0.24
0.24
0.24
0.24
0.24
0.24
0.24
0.25
0.25
0.26
0.26
0.26
0.27
0.27
0.28
0.28
0.29
0.29
0.30
0.30
0.31
0.32
0.32
0.32
0.32
0.32
0.32
0.32
0.32
0.32
0.32
0.31
0.31
0.30
0.30
0.30
0.29
0.29
0.28
0.28
0.28
0.27
0.27
0.26
0.26
0.26
0.26
0.26
0.25
0.25
0.25
0.25
0.25
0.25
0.25
0.25
0.25
0.25
