SALVI
1
0
24
15.00
181
1.00

240904 Clap S 5050 HE 3000K 350mA  F351

240904 Clap S 5050 HE 3000K 350mA F351.ldt
6 September 2024/TB
240
0
90
160
10
0
0
0
0
99.8
100.0
1.000
0.0
1
1
16 LED
4267.1


31.9
0.258
0.357
0.460
0.544
0.603
0.694
0.740
0.786
0.837
0.867
0.0
15.0
30.0
45.0
60.0
75.0
90.0
105.0
120.0
135.0
150.0
165.0
180.0
195.0
210.0
225.0
240.0
255.0
270.0
285.0
300.0
315.0
330.0
345.0
0.0
1.0
2.0
3.0
4.0
5.0
6.0
7.0
8.0
9.0
10.0
11.0
12.0
13.0
14.0
15.0
16.0
17.0
18.0
19.0
20.0
21.0
22.0
23.0
24.0
25.0
26.0
27.0
28.0
29.0
30.0
31.0
32.0
33.0
34.0
35.0
36.0
37.0
38.0
39.0
40.0
41.0
42.0
43.0
44.0
45.0
46.0
47.0
48.0
49.0
50.0
51.0
52.0
53.0
54.0
55.0
56.0
57.0
58.0
59.0
60.0
61.0
62.0
63.0
64.0
65.0
66.0
67.0
68.0
69.0
70.0
71.0
72.0
73.0
74.0
75.0
76.0
77.0
78.0
79.0
80.0
81.0
82.0
83.0
84.0
85.0
86.0
87.0
88.0
89.0
90.0
91.0
92.0
93.0
94.0
95.0
96.0
97.0
98.0
99.0
100.0
101.0
102.0
103.0
104.0
105.0
106.0
107.0
108.0
109.0
110.0
111.0
112.0
113.0
114.0
115.0
116.0
117.0
118.0
119.0
120.0
121.0
122.0
123.0
124.0
125.0
126.0
127.0
128.0
129.0
130.0
131.0
132.0
133.0
134.0
135.0
136.0
137.0
138.0
139.0
140.0
141.0
142.0
143.0
144.0
145.0
146.0
147.0
148.0
149.0
150.0
151.0
152.0
153.0
154.0
155.0
156.0
157.0
158.0
159.0
160.0
161.0
162.0
163.0
164.0
165.0
166.0
167.0
168.0
169.0
170.0
171.0
172.0
173.0
174.0
175.0
176.0
177.0
178.0
179.0
180.0
252.3
252.4
252.5
252.5
252.7
252.9
253.2
253.8
254.3
254.9
255.6
256.2
256.8
257.3
257.9
258.4
259.1
259.8
260.3
260.8
261.3
261.8
262.3
262.6
263.1
263.5
264.0
264.4
264.7
264.7
264.7
264.8
264.8
264.6
264.3
263.9
263.1
262.8
262.5
262.1
262.0
261.6
261.2
261.2
261.1
261.0
260.7
260.4
260.1
259.7
259.2
258.7
258.1
257.2
256.1
254.4
248.3
238.1
230.3
226.7
223.2
219.0
212.1
199.7
190.1
184.1
177.4
167.2
153.3
142.5
130.9
116.1
94.91
80.34
63.02
45.31
35.45
28.49
20.70
16.30
10.92
7.360
4.349
2.038
1.437
1.069
0.7994
0.5923
0.3897
0.1869
0.0820
0.0841
0.0876
0.0911
0.0956
0.0991
0.1071
0.1129
0.1233
0.1302
0.1337
0.1418
0.1486
0.1578
0.1659
0.1694
0.1775
0.1821
0.1913
0.1982
0.2028
0.2120
0.2166
0.2212
0.2293
0.2351
0.2408
0.2477
0.2512
0.2558
0.2627
0.2696
0.2720
0.2766
0.2800
0.2846
0.2915
0.2961
0.2985
0.3042
0.3111
0.3134
0.3169
0.3215
0.3284
0.3342
0.3342
0.3399
0.3457
0.3526
0.3561
0.3584
0.3630
0.3688
0.3756
0.3791
0.3814
0.3837
0.3860
0.3929
0.3941
0.3952
0.3987
0.4010
0.4010
0.4022
0.4022
0.4033
0.4045
0.4045
0.4056
0.4068
0.4068
0.4068
0.4079
0.4079
0.4102
0.4125
0.4137
0.4137
0.4137
0.4171
0.4171
0.4206
0.4206
0.4240
0.4240
0.4252
0.4264
0.4286
0.4287
251.6
253.1
254.5
256.1
257.8
259.5
261.3
263.1
265.1
267.0
269.1
271.2
273.2
275.3
277.2
279.4
281.6
283.6
285.5
287.5
289.1
290.8
292.6
294.5
296.3
298.3
299.8
301.5
303.4
305.5
307.5
309.2
311.0
312.6
314.3
316.1
318.3
320.5
322.4
324.7
327.1
329.7
332.4
335.4
338.5
342.0
345.6
348.9
352.0
355.3
358.0
360.6
362.9
364.8
366.4
367.5
367.4
366.5
364.4
360.7
348.1
331.9
316.7
303.9
288.0
266.1
237.3
212.1
190.9
168.8
146.8
124.8
103.8
82.48
62.40
44.74
33.43
25.03
18.08
13.05
8.868
5.847
3.688
2.236
1.722
1.300
1.008
0.8259
0.6575
0.4847
0.2854
0.1451
0.1337
0.1372
0.1417
0.1429
0.1521
0.1568
0.1602
0.1613
0.1660
0.1694
0.1717
0.1740
0.1763
0.1775
0.1775
0.1787
0.1786
0.1832
0.1879
0.1948
0.1994
0.2040
0.2109
0.2155
0.2201
0.2260
0.2328
0.2374
0.2397
0.2466
0.2524
0.2536
0.2593
0.2639
0.2697
0.2731
0.2777
0.2835
0.2858
0.2916
0.2962
0.2985
0.3054
0.3100
0.3123
0.3146
0.3169
0.3192
0.3203
0.3215
0.3238
0.3261
0.3284
0.3296
0.3354
0.3388
0.3422
0.3469
0.3480
0.3515
0.3549
0.3584
0.3607
0.3653
0.3676
0.3699
0.3734
0.3757
0.3815
0.3861
0.3907
0.3964
0.4010
0.4057
0.4102
0.4149
0.4218
0.4253
0.4403
0.4668
0.4794
0.4828
0.4898
0.4991
0.5093
0.5128
0.5128
0.5128
0.5128
251.8
254.7
257.5
260.6
263.5
266.4
269.5
272.7
276.0
279.3
282.7
286.0
289.5
292.7
296.1
299.8
303.3
307.0
310.5
314.1
317.6
320.9
324.1
327.5
330.5
333.5
336.1
339.1
341.8
344.5
347.4
350.4
353.3
356.4
359.1
361.8
364.6
367.6
370.8
374.8
379.3
384.6
389.9
395.0
400.5
406.9
414.0
421.8
429.8
437.6
445.3
452.9
460.0
466.5
472.5
477.0
479.8
480.1
477.5
471.2
460.8
443.9
419.3
386.7
351.4
315.9
277.0
238.2
198.8
160.3
125.8
98.94
73.28
55.29
37.99
28.43
21.22
15.47
11.29
8.354
6.119
4.416
3.305
2.436
1.840
1.381
1.043
0.8465
0.6965
0.5450
0.3661
0.1954
0.1124
0.0833
0.0761
0.0714
0.0714
0.0703
0.0691
0.0691
0.0691
0.0691
0.0714
0.0806
0.0829
0.0853
0.0876
0.0921
0.0968
0.1014
0.1082
0.1152
0.1187
0.1187
0.1233
0.1267
0.1302
0.1336
0.1428
0.1509
0.1532
0.1555
0.1590
0.1613
0.1682
0.1705
0.1763
0.1820
0.1878
0.1935
0.1970
0.1993
0.2039
0.2085
0.2132
0.2154
0.2212
0.2235
0.2292
0.2362
0.2408
0.2443
0.2466
0.2512
0.2546
0.2581
0.2638
0.2685
0.2731
0.2777
0.2822
0.2846
0.2892
0.2915
0.2961
0.2996
0.3053
0.3111
0.3168
0.3214
0.3249
0.3295
0.3341
0.3387
0.3514
0.3571
0.3629
0.3653
0.3710
0.3790
0.3848
0.3963
0.4056
0.4170
0.4240
0.4320
0.4424
0.4528
0.4678
0.4690
0.4724
251.6
255.5
259.5
263.7
267.8
271.9
276.2
280.7
285.0
289.3
293.8
298.4
303.3
308.1
313.2
318.4
323.2
328.0
332.8
337.8
342.9
347.4
351.5
355.5
359.5
363.8
368.6
373.2
377.2
380.3
383.5
387.2
391.6
395.8
398.8
401.0
403.5
406.6
411.6
417.5
424.2
431.2
438.6
446.8
455.4
464.5
474.9
485.8
497.5
509.7
522.5
535.6
548.4
561.3
572.9
583.0
591.3
597.1
600.1
599.8
596.8
591.3
583.4
572.0
551.6
519.4
470.9
405.8
332.0
254.0
197.9
159.1
120.4
89.97
64.01
44.35
29.25
19.87
14.31
10.19
7.300
5.288
3.785
2.761
2.005
1.559
1.158
0.8976
0.6908
0.5697
0.4281
0.2706
0.1318
0.0793
0.0622
0.0611
0.0611
0.0622
0.0622
0.0634
0.0691
0.0703
0.0726
0.0749
0.0795
0.0830
0.0864
0.0876
0.0922
0.0934
0.0991
0.1014
0.1049
0.1072
0.1118
0.1141
0.1176
0.1233
0.1268
0.1303
0.1348
0.1383
0.1441
0.1464
0.1510
0.1556
0.1579
0.1591
0.1694
0.1706
0.1786
0.1798
0.1833
0.1925
0.1948
0.2017
0.2040
0.2086
0.2132
0.2190
0.2236
0.2294
0.2339
0.2363
0.2443
0.2478
0.2535
0.2582
0.2628
0.2674
0.2731
0.2789
0.2823
0.2881
0.2927
0.2985
0.3031
0.3088
0.3123
0.3192
0.3261
0.3343
0.3400
0.3457
0.3515
0.3585
0.3676
0.3745
0.3792
0.3884
0.3954
0.4069
0.4184
0.4275
0.4391
0.4484
0.4621
0.4702
0.4805
0.4805
0.4805
251.9
256.7
261.7
266.6
271.7
276.8
282.2
287.3
292.7
298.3
304.0
309.9
316.1
322.1
328.5
334.5
340.7
346.9
353.0
359.0
364.5
370.1
376.3
382.0
387.2
391.1
394.7
399.6
405.5
410.7
414.3
416.5
420.2
426.1
433.0
440.8
447.4
453.2
458.7
464.4
470.1
476.1
482.3
488.5
494.6
500.2
504.4
506.8
507.5
506.6
505.8
507.2
511.1
516.6
522.4
526.7
525.7
517.8
502.7
480.4
453.0
419.6
379.3
336.2
295.0
256.4
219.3
181.7
140.6
106.8
82.55
66.61
50.76
40.46
32.24
25.10
19.19
14.46
10.84
8.228
6.475
5.009
3.778
2.793
1.962
1.417
1.113
0.8731
0.6407
0.5342
0.4277
0.3109
0.1950
0.1191
0.0880
0.0727
0.0658
0.0623
0.0599
0.0576
0.0565
0.0565
0.0565
0.0565
0.0565
0.0565
0.0565
0.0565
0.0576
0.0576
0.0588
0.0622
0.0645
0.0702
0.0726
0.0795
0.0795
0.0818
0.0830
0.0853
0.0887
0.0887
0.0956
0.0956
0.1014
0.1037
0.1105
0.1141
0.1175
0.1209
0.1256
0.1302
0.1314
0.1371
0.1463
0.1498
0.1578
0.1590
0.1625
0.1682
0.1728
0.1786
0.1843
0.1878
0.1947
0.1993
0.2027
0.2120
0.2166
0.2223
0.2269
0.2327
0.2373
0.2454
0.2535
0.2592
0.2638
0.2708
0.2753
0.2845
0.2904
0.2961
0.3030
0.3122
0.3192
0.3272
0.3341
0.3410
0.3514
0.3640
0.3698
0.3813
0.3905
0.4021
0.4136
0.4263
0.4413
0.4494
0.4655
0.4770
0.4874
251.5
257.0
262.6
268.0
273.5
279.4
285.2
291.1
297.1
303.2
309.8
316.7
323.9
331.0
338.3
345.6
353.1
359.9
367.1
374.2
381.9
389.8
396.7
402.6
408.9
416.5
424.7
431.6
436.6
440.2
446.4
455.1
464.4
473.4
481.4
488.5
495.4
502.2
509.2
516.5
523.7
529.3
532.3
530.9
525.0
515.9
508.1
506.1
509.5
511.2
506.1
487.5
447.2
389.5
330.4
280.1
237.8
203.4
178.3
156.9
138.4
119.9
104.0
89.51
77.88
68.15
57.82
46.30
37.55
32.22
27.93
24.25
21.12
18.35
16.00
14.23
12.64
11.01
9.407
7.861
6.538
5.284
4.178
2.992
1.967
1.357
1.030
0.7980
0.5508
0.4338
0.3505
0.2680
0.1884
0.1228
0.0792
0.0553
0.0542
0.0553
0.0576
0.0576
0.0599
0.0611
0.0622
0.0645
0.0657
0.0680
0.0703
0.0726
0.0726
0.0761
0.0784
0.0795
0.0818
0.0841
0.0841
0.0853
0.0911
0.0933
0.0945
0.0979
0.0968
0.1026
0.1072
0.1106
0.1118
0.1152
0.1153
0.1210
0.1268
0.1291
0.1348
0.1361
0.1418
0.1487
0.1510
0.1533
0.1602
0.1637
0.1706
0.1729
0.1798
0.1856
0.1902
0.1959
0.2017
0.2052
0.2133
0.2190
0.2259
0.2305
0.2386
0.2432
0.2501
0.2570
0.2605
0.2686
0.2766
0.2824
0.2881
0.2962
0.3031
0.3077
0.3135
0.3239
0.3319
0.3400
0.3481
0.3585
0.3665
0.3734
0.3827
0.3953
0.4057
0.4195
0.4322
0.4426
0.4586
0.4702
0.4841
0.4955
0.4955
251.9
257.7
263.2
268.9
274.9
280.8
286.8
292.9
299.2
305.7
312.7
319.9
327.1
334.7
342.2
350.0
357.4
364.8
372.3
380.1
388.5
396.3
403.0
409.4
417.2
426.3
434.9
440.6
444.7
450.8
460.4
471.2
481.4
490.1
498.6
506.3
513.9
522.6
531.4
539.1
545.1
546.7
543.0
533.1
520.1
513.4
515.6
520.4
518.4
502.7
460.6
389.5
324.6
276.5
231.1
199.3
175.2
155.1
136.6
120.7
107.2
94.68
83.39
74.31
64.83
55.34
41.28
30.38
26.27
23.53
21.04
18.55
16.19
14.20
12.50
11.05
9.814
8.655
7.457
6.307
5.108
4.075
3.167
2.384
1.747
1.269
0.9913
0.7567
0.4932
0.4084
0.3369
0.2681
0.2035
0.1481
0.1061
0.0764
0.0600
0.0554
0.0553
0.0553
0.0553
0.0553
0.0553
0.0553
0.0576
0.0599
0.0622
0.0622
0.0622
0.0622
0.0622
0.0622
0.0622
0.0622
0.0622
0.0668
0.0691
0.0737
0.0737
0.0760
0.0783
0.0807
0.0830
0.0875
0.0944
0.0968
0.1013
0.1037
0.1037
0.1060
0.1083
0.1152
0.1175
0.1221
0.1312
0.1336
0.1359
0.1405
0.1406
0.1474
0.1566
0.1613
0.1682
0.1705
0.1751
0.1820
0.1843
0.1957
0.2027
0.2074
0.2097
0.2212
0.2235
0.2327
0.2373
0.2442
0.2511
0.2557
0.2672
0.2719
0.2811
0.2857
0.2903
0.3017
0.3088
0.3202
0.3249
0.3387
0.3388
0.3502
0.3594
0.3732
0.3894
0.3963
0.4079
0.4217
0.4355
0.4448
0.4655
0.4701
0.4840
251.5
257.0
262.6
268.0
273.5
279.4
285.2
291.1
297.1
303.2
309.8
316.7
323.9
331.0
338.3
345.6
353.1
359.9
367.1
374.2
381.9
389.8
396.7
402.6
408.9
416.5
424.7
431.6
436.6
440.2
446.4
455.1
464.4
473.4
481.4
488.5
495.4
502.2
509.2
516.5
523.7
529.3
532.3
530.9
525.0
515.9
508.1
506.1
509.5
511.2
506.1
487.5
447.2
389.5
330.4
280.1
237.8
203.4
178.3
156.9
138.4
119.9
104.0
89.51
77.88
68.15
57.82
46.30
37.55
32.22
27.93
24.25
21.12
18.35
16.00
14.23
12.64
11.01
9.407
7.861
6.538
5.284
4.178
2.992
1.967
1.357
1.030
0.7980
0.5508
0.4338
0.3505
0.2680
0.1884
0.1228
0.0792
0.0553
0.0542
0.0553
0.0576
0.0576
0.0599
0.0611
0.0622
0.0645
0.0657
0.0680
0.0703
0.0726
0.0726
0.0761
0.0784
0.0795
0.0818
0.0841
0.0841
0.0853
0.0911
0.0933
0.0945
0.0979
0.0968
0.1026
0.1072
0.1106
0.1118
0.1152
0.1153
0.1210
0.1268
0.1291
0.1348
0.1361
0.1418
0.1487
0.1510
0.1533
0.1602
0.1637
0.1706
0.1729
0.1798
0.1856
0.1902
0.1959
0.2017
0.2052
0.2133
0.2190
0.2259
0.2305
0.2386
0.2432
0.2501
0.2570
0.2605
0.2686
0.2766
0.2824
0.2881
0.2962
0.3031
0.3077
0.3135
0.3239
0.3319
0.3400
0.3481
0.3585
0.3665
0.3734
0.3827
0.3953
0.4057
0.4195
0.4322
0.4426
0.4586
0.4702
0.4841
0.4955
0.4955
251.9
256.7
261.7
266.6
271.7
276.8
282.2
287.3
292.7
298.3
304.0
309.9
316.1
322.1
328.5
334.5
340.7
346.9
353.0
359.0
364.5
370.1
376.3
382.0
387.2
391.1
394.7
399.6
405.5
410.7
414.3
416.5
420.2
426.1
433.0
440.8
447.4
453.2
458.7
464.4
470.1
476.1
482.3
488.5
494.6
500.2
504.4
506.8
507.5
506.6
505.8
507.2
511.1
516.6
522.4
526.7
525.7
517.8
502.7
480.4
453.0
419.6
379.3
336.2
295.0
256.4
219.3
181.7
140.6
106.8
82.55
66.61
50.76
40.46
32.24
25.10
19.19
14.46
10.84
8.228
6.475
5.009
3.778
2.793
1.962
1.417
1.113
0.8731
0.6407
0.5342
0.4277
0.3109
0.1950
0.1191
0.0880
0.0727
0.0658
0.0623
0.0599
0.0576
0.0565
0.0565
0.0565
0.0565
0.0565
0.0565
0.0565
0.0565
0.0576
0.0576
0.0588
0.0622
0.0645
0.0702
0.0726
0.0795
0.0795
0.0818
0.0830
0.0853
0.0887
0.0887
0.0956
0.0956
0.1014
0.1037
0.1105
0.1141
0.1175
0.1209
0.1256
0.1302
0.1314
0.1371
0.1463
0.1498
0.1578
0.1590
0.1625
0.1682
0.1728
0.1786
0.1843
0.1878
0.1947
0.1993
0.2027
0.2120
0.2166
0.2223
0.2269
0.2327
0.2373
0.2454
0.2535
0.2592
0.2638
0.2708
0.2753
0.2845
0.2904
0.2961
0.3030
0.3122
0.3192
0.3272
0.3341
0.3410
0.3514
0.3640
0.3698
0.3813
0.3905
0.4021
0.4136
0.4263
0.4413
0.4494
0.4655
0.4770
0.4874
251.6
255.5
259.5
263.7
267.8
271.9
276.2
280.7
285.0
289.3
293.8
298.4
303.3
308.1
313.2
318.4
323.2
328.0
332.8
337.8
342.9
347.4
351.5
355.5
359.5
363.8
368.6
373.2
377.2
380.3
383.5
387.2
391.6
395.8
398.8
401.0
403.5
406.6
411.6
417.5
424.2
431.2
438.6
446.8
455.4
464.5
474.9
485.8
497.5
509.7
522.5
535.6
548.4
561.3
572.9
583.0
591.3
597.1
600.1
599.8
596.8
591.3
583.4
572.0
551.6
519.4
470.9
405.8
332.0
254.0
197.9
159.1
120.4
89.97
64.01
44.35
29.25
19.87
14.31
10.19
7.300
5.288
3.785
2.761
2.005
1.559
1.158
0.8976
0.6908
0.5697
0.4281
0.2706
0.1318
0.0793
0.0622
0.0611
0.0611
0.0622
0.0622
0.0634
0.0691
0.0703
0.0726
0.0749
0.0795
0.0830
0.0864
0.0876
0.0922
0.0934
0.0991
0.1014
0.1049
0.1072
0.1118
0.1141
0.1176
0.1233
0.1268
0.1303
0.1348
0.1383
0.1441
0.1464
0.1510
0.1556
0.1579
0.1591
0.1694
0.1706
0.1786
0.1798
0.1833
0.1925
0.1948
0.2017
0.2040
0.2086
0.2132
0.2190
0.2236
0.2294
0.2339
0.2363
0.2443
0.2478
0.2535
0.2582
0.2628
0.2674
0.2731
0.2789
0.2823
0.2881
0.2927
0.2985
0.3031
0.3088
0.3123
0.3192
0.3261
0.3343
0.3400
0.3457
0.3515
0.3585
0.3676
0.3745
0.3792
0.3884
0.3954
0.4069
0.4184
0.4275
0.4391
0.4484
0.4621
0.4702
0.4805
0.4805
0.4805
251.8
254.7
257.5
260.6
263.5
266.4
269.5
272.7
276.0
279.3
282.7
286.0
289.5
292.7
296.1
299.8
303.3
307.0
310.5
314.1
317.6
320.9
324.1
327.5
330.5
333.5
336.1
339.1
341.8
344.5
347.4
350.4
353.3
356.4
359.1
361.8
364.6
367.6
370.8
374.8
379.3
384.6
389.9
395.0
400.5
406.9
414.0
421.8
429.8
437.6
445.3
452.9
460.0
466.5
472.5
477.0
479.8
480.1
477.5
471.2
460.8
443.9
419.3
386.7
351.4
315.9
277.0
238.2
198.8
160.3
125.8
98.94
73.28
55.29
37.99
28.43
21.22
15.47
11.29
8.354
6.119
4.416
3.305
2.436
1.840
1.381
1.043
0.8465
0.6965
0.5450
0.3661
0.1954
0.1124
0.0833
0.0761
0.0714
0.0714
0.0703
0.0691
0.0691
0.0691
0.0691
0.0714
0.0806
0.0829
0.0853
0.0876
0.0921
0.0968
0.1014
0.1082
0.1152
0.1187
0.1187
0.1233
0.1267
0.1302
0.1336
0.1428
0.1509
0.1532
0.1555
0.1590
0.1613
0.1682
0.1705
0.1763
0.1820
0.1878
0.1935
0.1970
0.1993
0.2039
0.2085
0.2132
0.2154
0.2212
0.2235
0.2292
0.2362
0.2408
0.2443
0.2466
0.2512
0.2546
0.2581
0.2638
0.2685
0.2731
0.2777
0.2822
0.2846
0.2892
0.2915
0.2961
0.2996
0.3053
0.3111
0.3168
0.3214
0.3249
0.3295
0.3341
0.3387
0.3514
0.3571
0.3629
0.3653
0.3710
0.3790
0.3848
0.3963
0.4056
0.4170
0.4240
0.4320
0.4424
0.4528
0.4678
0.4690
0.4724
251.6
253.1
254.5
256.1
257.8
259.5
261.3
263.1
265.1
267.0
269.1
271.2
273.2
275.3
277.2
279.4
281.6
283.6
285.5
287.5
289.1
290.8
292.6
294.5
296.3
298.3
299.8
301.5
303.4
305.5
307.5
309.2
311.0
312.6
314.3
316.1
318.3
320.5
322.4
324.7
327.1
329.7
332.4
335.4
338.5
342.0
345.6
348.9
352.0
355.3
358.0
360.6
362.9
364.8
366.4
367.5
367.4
366.5
364.4
360.7
348.1
331.9
316.7
303.9
288.0
266.1
237.3
212.1
190.9
168.8
146.8
124.8
103.8
82.48
62.40
44.74
33.43
25.03
18.08
13.05
8.868
5.847
3.688
2.236
1.722
1.300
1.008
0.8259
0.6575
0.4847
0.2854
0.1451
0.1337
0.1372
0.1417
0.1429
0.1521
0.1568
0.1602
0.1613
0.1660
0.1694
0.1717
0.1740
0.1763
0.1775
0.1775
0.1787
0.1786
0.1832
0.1879
0.1948
0.1994
0.2040
0.2109
0.2155
0.2201
0.2260
0.2328
0.2374
0.2397
0.2466
0.2524
0.2536
0.2593
0.2639
0.2697
0.2731
0.2777
0.2835
0.2858
0.2916
0.2962
0.2985
0.3054
0.3100
0.3123
0.3146
0.3169
0.3192
0.3203
0.3215
0.3238
0.3261
0.3284
0.3296
0.3354
0.3388
0.3422
0.3469
0.3480
0.3515
0.3549
0.3584
0.3607
0.3653
0.3676
0.3699
0.3734
0.3757
0.3815
0.3861
0.3907
0.3964
0.4010
0.4057
0.4102
0.4149
0.4218
0.4253
0.4403
0.4668
0.4794
0.4828
0.4898
0.4991
0.5093
0.5128
0.5128
0.5128
0.5128
252.3
252.4
252.5
252.5
252.7
252.9
253.2
253.8
254.3
254.9
255.6
256.2
256.8
257.3
257.9
258.4
259.1
259.8
260.3
260.8
261.3
261.8
262.3
262.6
263.1
263.5
264.0
264.4
264.7
264.7
264.7
264.8
264.8
264.6
264.3
263.9
263.1
262.8
262.5
262.1
262.0
261.6
261.2
261.2
261.1
261.0
260.7
260.4
260.1
259.7
259.2
258.7
258.1
257.2
256.1
254.4
248.3
238.1
230.3
226.7
223.2
219.0
212.1
199.7
190.1
184.1
177.4
167.2
153.3
142.5
130.9
116.1
94.91
80.34
63.02
45.31
35.45
28.49
20.70
16.30
10.92
7.360
4.349
2.038
1.437
1.069
0.7994
0.5923
0.3897
0.1869
0.0820
0.0841
0.0876
0.0911
0.0956
0.0991
0.1071
0.1129
0.1233
0.1302
0.1337
0.1418
0.1486
0.1578
0.1659
0.1694
0.1775
0.1821
0.1913
0.1982
0.2028
0.2120
0.2166
0.2212
0.2293
0.2351
0.2408
0.2477
0.2512
0.2558
0.2627
0.2696
0.2720
0.2766
0.2800
0.2846
0.2915
0.2961
0.2985
0.3042
0.3111
0.3134
0.3169
0.3215
0.3284
0.3342
0.3342
0.3399
0.3457
0.3526
0.3561
0.3584
0.3630
0.3688
0.3756
0.3791
0.3814
0.3837
0.3860
0.3929
0.3941
0.3952
0.3987
0.4010
0.4010
0.4022
0.4022
0.4033
0.4045
0.4045
0.4056
0.4068
0.4068
0.4068
0.4079
0.4079
0.4102
0.4125
0.4137
0.4137
0.4137
0.4171
0.4171
0.4206
0.4206
0.4240
0.4240
0.4252
0.4264
0.4286
0.4287
251.6
250.2
248.8
247.5
246.2
245.0
243.9
243.0
242.1
241.3
240.5
239.7
238.9
237.9
237.1
236.3
235.3
234.4
233.6
232.7
231.6
230.6
229.5
228.3
227.0
225.6
224.2
222.8
221.2
219.6
217.9
216.0
213.9
211.7
209.3
206.8
204.1
201.3
198.4
195.3
192.4
189.3
186.2
183.1
178.3
172.2
165.4
163.7
162.6
160.5
157.4
156.7
156.4
149.8
143.4
136.8
128.4
123.2
122.3
123.6
124.3
112.3
106.2
104.3
100.8
99.98
94.28
85.21
82.60
74.61
68.88
61.60
57.10
46.90
39.96
34.47
23.62
18.85
15.63
11.20
9.104
6.046
3.809
2.163
1.222
0.8882
0.6105
0.3671
0.2253
0.1686
0.1637
0.1636
0.1670
0.1762
0.1786
0.1809
0.1877
0.1981
0.2051
0.2131
0.2200
0.2292
0.2384
0.2465
0.2546
0.2581
0.2684
0.2731
0.2823
0.2915
0.2973
0.3087
0.3100
0.3191
0.3272
0.3364
0.3434
0.3434
0.3502
0.3537
0.3595
0.3618
0.3676
0.3722
0.3745
0.3779
0.3803
0.3825
0.3848
0.3883
0.3918
0.3952
0.3975
0.4032
0.4079
0.4125
0.4205
0.4263
0.4343
0.4390
0.4447
0.4527
0.4574
0.4689
0.4758
0.4816
0.4873
0.4897
0.4932
0.4932
0.4966
0.4978
0.4978
0.5001
0.5001
0.5001
0.5001
0.5001
0.5001
0.5001
0.5001
0.5001
0.5001
0.5001
0.5001
0.5001
0.5001
0.5001
0.5001
0.5001
0.5001
0.5001
0.5012
0.4990
0.4989
0.5012
0.5047
0.5047
0.5105
0.5128
0.5139
251.8
249.1
246.3
243.6
241.0
238.4
235.8
233.5
231.1
228.9
226.6
224.4
222.1
219.7
217.2
214.6
212.0
209.1
206.2
203.2
200.2
197.1
193.9
190.7
187.4
184.1
180.6
177.0
173.4
169.8
166.1
162.4
158.7
154.8
150.9
147.0
142.8
138.5
133.8
129.0
124.2
119.2
114.4
109.6
105.1
100.7
96.45
92.20
87.75
83.20
78.69
74.37
70.50
66.50
62.23
59.76
58.16
57.05
56.21
55.82
54.94
53.70
53.59
53.00
52.00
50.27
47.00
42.99
40.65
37.90
34.19
29.41
25.56
22.55
18.79
15.13
13.52
10.78
7.645
6.725
4.861
3.961
2.564
1.704
0.8913
0.5670
0.3462
0.1838
0.1325
0.1360
0.1430
0.1522
0.1614
0.1705
0.1763
0.1856
0.1971
0.2040
0.2122
0.2237
0.2340
0.2432
0.2548
0.2616
0.2720
0.2824
0.2916
0.3009
0.3101
0.3193
0.3262
0.3343
0.3434
0.3526
0.3585
0.3699
0.3722
0.3826
0.3873
0.3941
0.3987
0.4045
0.4091
0.4125
0.4137
0.4195
0.4229
0.4229
0.4275
0.4287
0.4345
0.4356
0.4391
0.4448
0.4506
0.4552
0.4644
0.4703
0.4771
0.4863
0.4955
0.5002
0.5082
0.5175
0.5289
0.5324
0.5312
0.5312
0.5312
0.5312
0.5312
0.5312
0.5301
0.5301
0.5312
0.5277
0.5231
0.5219
0.5151
0.5150
0.5081
0.5024
0.5012
0.4989
0.4932
0.4909
0.4897
0.4862
0.4839
0.4805
0.4782
0.4759
0.4748
0.4759
0.4805
0.4793
0.4771
0.4782
0.4805
0.4805
0.4805
251.6
247.6
243.7
239.8
235.9
232.2
228.4
224.9
221.2
217.5
213.7
209.7
205.6
201.4
197.0
192.4
187.8
183.2
178.4
173.7
169.0
164.2
159.4
154.6
149.9
145.2
140.6
136.0
131.2
126.3
121.3
116.2
110.8
105.4
100.2
95.12
90.17
85.33
80.49
75.68
71.13
67.23
64.25
61.94
59.72
57.71
56.09
54.94
54.06
53.25
52.59
51.72
50.57
49.32
47.78
45.84
43.80
41.73
39.68
37.75
35.99
34.20
32.70
31.29
29.82
28.15
26.29
24.53
23.04
21.60
20.05
18.72
18.03
17.80
17.29
16.04
15.49
14.86
11.91
10.42
8.483
5.411
4.304
2.258
1.216
0.3867
0.1979
0.1219
0.1198
0.1198
0.1210
0.1278
0.1370
0.1463
0.1532
0.1624
0.1727
0.1832
0.1923
0.2051
0.2131
0.2247
0.2362
0.2431
0.2545
0.2661
0.2741
0.2834
0.2938
0.3030
0.3111
0.3214
0.3295
0.3387
0.3445
0.3537
0.3629
0.3687
0.3756
0.3814
0.3905
0.3952
0.4010
0.4056
0.4101
0.4136
0.4171
0.4217
0.4240
0.4275
0.4309
0.4332
0.4379
0.4413
0.4482
0.4528
0.4597
0.4678
0.4759
0.4816
0.4908
0.4977
0.5058
0.5207
0.5265
0.5346
0.5381
0.5439
0.5485
0.5519
0.5554
0.5588
0.5600
0.5634
0.5623
0.5623
0.5635
0.5635
0.5646
0.5623
0.5600
0.5566
0.5520
0.5497
0.5439
0.5381
0.5347
0.5267
0.5232
0.5197
0.5151
0.5082
0.5047
0.5001
0.5001
0.4990
0.4967
0.4943
0.4932
0.4909
0.4874
251.9
247.1
242.3
237.3
232.6
227.9
223.3
218.4
213.6
208.5
203.2
197.8
192.1
186.3
180.4
174.6
168.7
162.8
157.0
151.1
145.5
140.0
134.4
129.0
123.7
118.4
112.8
107.2
101.6
96.27
91.29
86.65
82.55
79.17
76.36
73.23
69.71
66.67
64.67
63.79
63.70
64.07
64.25
63.79
62.97
61.59
59.75
57.72
55.59
53.47
51.43
49.42
47.59
45.66
43.76
42.01
40.31
38.63
37.01
35.62
34.32
33.20
32.46
31.89
31.51
31.50
32.06
32.67
32.93
32.65
30.24
29.22
29.00
28.39
25.17
20.96
17.58
13.31
9.507
7.031
4.830
2.936
1.717
0.8193
0.3840
0.1630
0.1003
0.1026
0.1061
0.1142
0.1234
0.1314
0.1384
0.1476
0.1580
0.1671
0.1742
0.1856
0.1948
0.2063
0.2155
0.2249
0.2352
0.2467
0.2581
0.2675
0.2755
0.2905
0.2985
0.3089
0.3192
0.3262
0.3377
0.3446
0.3538
0.3642
0.3723
0.3803
0.3884
0.3976
0.4056
0.4137
0.4160
0.4230
0.4310
0.4368
0.4402
0.4448
0.4506
0.4541
0.4598
0.4633
0.4656
0.4725
0.4783
0.4840
0.4886
0.4956
0.5025
0.5082
0.5140
0.5197
0.5255
0.5336
0.5486
0.5543
0.5566
0.5624
0.5646
0.5669
0.5669
0.5669
0.5669
0.5669
0.5669
0.5669
0.5669
0.5646
0.5635
0.5612
0.5588
0.5531
0.5519
0.5450
0.5393
0.5358
0.5312
0.5265
0.5196
0.5139
0.5092
0.5024
0.5001
0.4978
0.4966
0.4955
0.4955
0.4955
0.4966
0.4920
0.4920
251.5
246.2
240.8
235.2
230.0
224.7
219.3
213.8
208.0
201.8
195.6
189.1
182.4
175.7
169.1
162.5
155.9
149.4
143.0
136.9
130.9
125.2
119.4
113.5
107.6
101.6
95.95
90.72
86.09
82.33
79.56
76.55
73.04
69.68
67.50
66.80
67.31
68.47
69.70
70.98
72.04
72.73
72.96
72.80
72.27
71.26
69.80
67.94
65.49
62.77
59.91
56.99
54.02
51.10
48.05
45.25
42.75
40.71
39.42
39.01
39.37
39.70
40.85
42.45
44.78
46.78
46.15
45.91
43.21
41.16
37.07
31.12
24.94
20.55
17.61
14.34
11.14
8.984
5.887
4.393
2.607
1.527
0.6951
0.2629
0.1119
0.0741
0.0669
0.0645
0.0645
0.0645
0.0668
0.0714
0.0829
0.0932
0.1013
0.1071
0.1186
0.1267
0.1382
0.1485
0.1613
0.1682
0.1773
0.1923
0.2038
0.2131
0.2235
0.2372
0.2488
0.2580
0.2695
0.2800
0.2915
0.3029
0.3099
0.3215
0.3340
0.3445
0.3513
0.3595
0.3675
0.3755
0.3837
0.3906
0.3975
0.4055
0.4090
0.4148
0.4206
0.4263
0.4320
0.4344
0.4401
0.4459
0.4540
0.4574
0.4586
0.4632
0.4700
0.4747
0.4770
0.4851
0.4863
0.4931
0.5000
0.5093
0.5139
0.5208
0.5265
0.5335
0.5381
0.5427
0.5462
0.5496
0.5565
0.5600
0.5646
0.5658
0.5669
0.5681
0.5681
0.5681
0.5681
0.5681
0.5692
0.5670
0.5646
0.5566
0.5520
0.5462
0.5393
0.5313
0.5266
0.5209
0.5208
0.5185
0.5162
0.5105
0.5082
0.5059
0.5013
251.9
246.3
240.8
235.0
229.5
224.1
218.5
212.9
206.7
200.2
193.4
186.6
179.5
172.7
165.9
158.9
152.1
145.3
138.8
132.3
126.3
120.4
114.4
108.3
102.2
96.24
90.79
86.08
82.27
79.44
76.49
72.90
69.75
68.01
67.79
68.96
70.59
72.48
74.54
76.48
78.10
79.34
80.30
80.86
80.95
80.65
79.58
77.78
75.28
72.31
69.02
65.72
61.95
57.93
53.72
49.61
45.92
42.83
40.74
40.01
40.10
42.68
46.44
48.73
49.69
50.12
50.43
44.51
41.18
36.95
32.36
28.34
22.49
19.79
16.67
12.63
9.910
7.734
5.058
3.678
1.972
0.9975
0.4238
0.0759
0.0415
0.0439
0.0507
0.0508
0.0576
0.0577
0.0623
0.0692
0.0785
0.0877
0.0968
0.1061
0.1177
0.1291
0.1362
0.1476
0.1568
0.1685
0.1821
0.1937
0.2028
0.2168
0.2282
0.2399
0.2514
0.2651
0.2744
0.2858
0.2927
0.3043
0.3157
0.3273
0.3365
0.3481
0.3573
0.3665
0.3758
0.3872
0.3919
0.4034
0.4079
0.4172
0.4218
0.4287
0.4356
0.4402
0.4448
0.4471
0.4563
0.4586
0.4633
0.4679
0.4747
0.4725
0.4748
0.4771
0.4817
0.4840
0.4910
0.5003
0.5094
0.5117
0.5210
0.5301
0.5371
0.5439
0.5508
0.5532
0.5600
0.5577
0.5577
0.5577
0.5577
0.5577
0.5577
0.5577
0.5577
0.5554
0.5577
0.5531
0.5508
0.5485
0.5416
0.5415
0.5345
0.5254
0.5185
0.5116
0.5070
0.5070
0.5047
0.5024
0.5001
0.4955
0.4955
0.4909
0.4909
251.5
246.2
240.8
235.2
230.0
224.7
219.3
213.8
208.0
201.8
195.6
189.1
182.4
175.7
169.1
162.5
155.9
149.4
143.0
136.9
130.9
125.2
119.4
113.5
107.6
101.6
95.95
90.72
86.09
82.33
79.56
76.55
73.04
69.68
67.50
66.80
67.31
68.47
69.70
70.98
72.04
72.73
72.96
72.80
72.27
71.26
69.80
67.94
65.49
62.77
59.91
56.99
54.02
51.10
48.05
45.25
42.75
40.71
39.42
39.01
39.37
39.70
40.85
42.45
44.78
46.78
46.15
45.91
43.21
41.16
37.07
31.12
24.94
20.55
17.61
14.34
11.14
8.984
5.887
4.393
2.607
1.527
0.6951
0.2629
0.1119
0.0741
0.0669
0.0645
0.0645
0.0645
0.0668
0.0714
0.0829
0.0932
0.1013
0.1071
0.1186
0.1267
0.1382
0.1485
0.1613
0.1682
0.1773
0.1923
0.2038
0.2131
0.2235
0.2372
0.2488
0.2580
0.2695
0.2800
0.2915
0.3029
0.3099
0.3215
0.3340
0.3445
0.3513
0.3595
0.3675
0.3755
0.3837
0.3906
0.3975
0.4055
0.4090
0.4148
0.4206
0.4263
0.4320
0.4344
0.4401
0.4459
0.4540
0.4574
0.4586
0.4632
0.4700
0.4747
0.4770
0.4851
0.4863
0.4931
0.5000
0.5093
0.5139
0.5208
0.5265
0.5335
0.5381
0.5427
0.5462
0.5496
0.5565
0.5600
0.5646
0.5658
0.5669
0.5681
0.5681
0.5681
0.5681
0.5681
0.5692
0.5670
0.5646
0.5566
0.5520
0.5462
0.5393
0.5313
0.5266
0.5209
0.5208
0.5185
0.5162
0.5105
0.5082
0.5059
0.5013
251.9
247.1
242.3
237.3
232.6
227.9
223.3
218.4
213.6
208.5
203.2
197.8
192.1
186.3
180.4
174.6
168.7
162.8
157.0
151.1
145.5
140.0
134.4
129.0
123.7
118.4
112.8
107.2
101.6
96.27
91.29
86.65
82.55
79.17
76.36
73.23
69.71
66.67
64.67
63.79
63.70
64.07
64.25
63.79
62.97
61.59
59.75
57.72
55.59
53.47
51.43
49.42
47.59
45.66
43.76
42.01
40.31
38.63
37.01
35.62
34.32
33.20
32.46
31.89
31.51
31.50
32.06
32.67
32.93
32.65
30.24
29.22
29.00
28.39
25.17
20.96
17.58
13.31
9.507
7.031
4.830
2.936
1.717
0.8193
0.3840
0.1630
0.1003
0.1026
0.1061
0.1142
0.1234
0.1314
0.1384
0.1476
0.1580
0.1671
0.1742
0.1856
0.1948
0.2063
0.2155
0.2249
0.2352
0.2467
0.2581
0.2675
0.2755
0.2905
0.2985
0.3089
0.3192
0.3262
0.3377
0.3446
0.3538
0.3642
0.3723
0.3803
0.3884
0.3976
0.4056
0.4137
0.4160
0.4230
0.4310
0.4368
0.4402
0.4448
0.4506
0.4541
0.4598
0.4633
0.4656
0.4725
0.4783
0.4840
0.4886
0.4956
0.5025
0.5082
0.5140
0.5197
0.5255
0.5336
0.5486
0.5543
0.5566
0.5624
0.5646
0.5669
0.5669
0.5669
0.5669
0.5669
0.5669
0.5669
0.5669
0.5646
0.5635
0.5612
0.5588
0.5531
0.5519
0.5450
0.5393
0.5358
0.5312
0.5265
0.5196
0.5139
0.5092
0.5024
0.5001
0.4978
0.4966
0.4955
0.4955
0.4955
0.4966
0.4920
0.4920
251.6
247.6
243.7
239.8
235.9
232.2
228.4
224.9
221.2
217.5
213.7
209.7
205.6
201.4
197.0
192.4
187.8
183.2
178.4
173.7
169.0
164.2
159.4
154.6
149.9
145.2
140.6
136.0
131.2
126.3
121.3
116.2
110.8
105.4
100.2
95.12
90.17
85.33
80.49
75.68
71.13
67.23
64.25
61.94
59.72
57.71
56.09
54.94
54.06
53.25
52.59
51.72
50.57
49.32
47.78
45.84
43.80
41.73
39.68
37.75
35.99
34.20
32.70
31.29
29.82
28.15
26.29
24.53
23.04
21.60
20.05
18.72
18.03
17.80
17.29
16.04
15.49
14.86
11.91
10.42
8.483
5.411
4.304
2.258
1.216
0.3867
0.1979
0.1219
0.1198
0.1198
0.1210
0.1278
0.1370
0.1463
0.1532
0.1624
0.1727
0.1832
0.1923
0.2051
0.2131
0.2247
0.2362
0.2431
0.2545
0.2661
0.2741
0.2834
0.2938
0.3030
0.3111
0.3214
0.3295
0.3387
0.3445
0.3537
0.3629
0.3687
0.3756
0.3814
0.3905
0.3952
0.4010
0.4056
0.4101
0.4136
0.4171
0.4217
0.4240
0.4275
0.4309
0.4332
0.4379
0.4413
0.4482
0.4528
0.4597
0.4678
0.4759
0.4816
0.4908
0.4977
0.5058
0.5207
0.5265
0.5346
0.5381
0.5439
0.5485
0.5519
0.5554
0.5588
0.5600
0.5634
0.5623
0.5623
0.5635
0.5635
0.5646
0.5623
0.5600
0.5566
0.5520
0.5497
0.5439
0.5381
0.5347
0.5267
0.5232
0.5197
0.5151
0.5082
0.5047
0.5001
0.5001
0.4990
0.4967
0.4943
0.4932
0.4909
0.4874
251.8
249.1
246.3
243.6
241.0
238.4
235.8
233.5
231.1
228.9
226.6
224.4
222.1
219.7
217.2
214.6
212.0
209.1
206.2
203.2
200.2
197.1
193.9
190.7
187.4
184.1
180.6
177.0
173.4
169.8
166.1
162.4
158.7
154.8
150.9
147.0
142.8
138.5
133.8
129.0
124.2
119.2
114.4
109.6
105.1
100.7
96.45
92.20
87.75
83.20
78.69
74.37
70.50
66.50
62.23
59.76
58.16
57.05
56.21
55.82
54.94
53.70
53.59
53.00
52.00
50.27
47.00
42.99
40.65
37.90
34.19
29.41
25.56
22.55
18.79
15.13
13.52
10.78
7.645
6.725
4.861
3.961
2.564
1.704
0.8913
0.5670
0.3462
0.1838
0.1325
0.1360
0.1430
0.1522
0.1614
0.1705
0.1763
0.1856
0.1971
0.2040
0.2122
0.2237
0.2340
0.2432
0.2548
0.2616
0.2720
0.2824
0.2916
0.3009
0.3101
0.3193
0.3262
0.3343
0.3434
0.3526
0.3585
0.3699
0.3722
0.3826
0.3873
0.3941
0.3987
0.4045
0.4091
0.4125
0.4137
0.4195
0.4229
0.4229
0.4275
0.4287
0.4345
0.4356
0.4391
0.4448
0.4506
0.4552
0.4644
0.4703
0.4771
0.4863
0.4955
0.5002
0.5082
0.5175
0.5289
0.5324
0.5312
0.5312
0.5312
0.5312
0.5312
0.5312
0.5301
0.5301
0.5312
0.5277
0.5231
0.5219
0.5151
0.5150
0.5081
0.5024
0.5012
0.4989
0.4932
0.4909
0.4897
0.4862
0.4839
0.4805
0.4782
0.4759
0.4748
0.4759
0.4805
0.4793
0.4771
0.4782
0.4805
0.4805
0.4805
251.6
250.2
248.8
247.5
246.2
245.0
243.9
243.0
242.1
241.3
240.5
239.7
238.9
237.9
237.1
236.3
235.3
234.4
233.6
232.7
231.6
230.6
229.5
228.3
227.0
225.6
224.2
222.8
221.2
219.6
217.9
216.0
213.9
211.7
209.3
206.8
204.1
201.3
198.4
195.3
192.4
189.3
186.2
183.1
178.3
172.2
165.4
163.7
162.6
160.5
157.4
156.7
156.4
149.8
143.4
136.8
128.4
123.2
122.3
123.6
124.3
112.3
106.2
104.3
100.8
99.98
94.28
85.21
82.60
74.61
68.88
61.60
57.10
46.90
39.96
34.47
23.62
18.85
15.63
11.20
9.104
6.046
3.809
2.163
1.222
0.8882
0.6105
0.3671
0.2253
0.1686
0.1637
0.1636
0.1670
0.1762
0.1786
0.1809
0.1877
0.1981
0.2051
0.2131
0.2200
0.2292
0.2384
0.2465
0.2546
0.2581
0.2684
0.2731
0.2823
0.2915
0.2973
0.3087
0.3100
0.3191
0.3272
0.3364
0.3434
0.3434
0.3502
0.3537
0.3595
0.3618
0.3676
0.3722
0.3745
0.3779
0.3803
0.3825
0.3848
0.3883
0.3918
0.3952
0.3975
0.4032
0.4079
0.4125
0.4205
0.4263
0.4343
0.4390
0.4447
0.4527
0.4574
0.4689
0.4758
0.4816
0.4873
0.4897
0.4932
0.4932
0.4966
0.4978
0.4978
0.5001
0.5001
0.5001
0.5001
0.5001
0.5001
0.5001
0.5001
0.5001
0.5001
0.5001
0.5001
0.5001
0.5001
0.5001
0.5001
0.5001
0.5001
0.5001
0.5012
0.4990
0.4989
0.5012
0.5047
0.5047
0.5105
0.5128
0.5139
