SALVI
1
0
24
15.00
181
1.00

241002 Clap S 7 LEds F4MD pla

241002 Clap S 7 LEds F4MD pla.ldt
9 Octubre 2024/TB
240
0
90
160
10
0
0
0
0
99.9
100.0
1.000
0.0
1
1
16 LED
2134.7


17.5
0.190
0.289
0.397
0.486
0.550
0.651
0.704
0.756
0.814
0.849
0.0
15.0
30.0
45.0
60.0
75.0
90.0
105.0
120.0
135.0
150.0
165.0
180.0
195.0
210.0
225.0
240.0
255.0
270.0
285.0
300.0
315.0
330.0
345.0
0.0
1.0
2.0
3.0
4.0
5.0
6.0
7.0
8.0
9.0
10.0
11.0
12.0
13.0
14.0
15.0
16.0
17.0
18.0
19.0
20.0
21.0
22.0
23.0
24.0
25.0
26.0
27.0
28.0
29.0
30.0
31.0
32.0
33.0
34.0
35.0
36.0
37.0
38.0
39.0
40.0
41.0
42.0
43.0
44.0
45.0
46.0
47.0
48.0
49.0
50.0
51.0
52.0
53.0
54.0
55.0
56.0
57.0
58.0
59.0
60.0
61.0
62.0
63.0
64.0
65.0
66.0
67.0
68.0
69.0
70.0
71.0
72.0
73.0
74.0
75.0
76.0
77.0
78.0
79.0
80.0
81.0
82.0
83.0
84.0
85.0
86.0
87.0
88.0
89.0
90.0
91.0
92.0
93.0
94.0
95.0
96.0
97.0
98.0
99.0
100.0
101.0
102.0
103.0
104.0
105.0
106.0
107.0
108.0
109.0
110.0
111.0
112.0
113.0
114.0
115.0
116.0
117.0
118.0
119.0
120.0
121.0
122.0
123.0
124.0
125.0
126.0
127.0
128.0
129.0
130.0
131.0
132.0
133.0
134.0
135.0
136.0
137.0
138.0
139.0
140.0
141.0
142.0
143.0
144.0
145.0
146.0
147.0
148.0
149.0
150.0
151.0
152.0
153.0
154.0
155.0
156.0
157.0
158.0
159.0
160.0
161.0
162.0
163.0
164.0
165.0
166.0
167.0
168.0
169.0
170.0
171.0
172.0
173.0
174.0
175.0
176.0
177.0
178.0
179.0
180.0
136.1
136.2
136.7
137.4
138.4
139.6
141.1
142.9
144.9
147.2
149.8
152.5
155.5
158.8
162.2
166.1
170.3
174.9
179.6
184.5
189.7
195.2
200.8
206.7
212.6
218.6
224.4
230.0
235.8
241.5
247.0
252.7
258.0
263.5
268.5
273.4
278.1
282.7
287.2
291.2
295.0
298.7
302.1
305.3
308.5
311.0
313.2
315.3
317.5
319.4
320.7
321.2
320.9
320.4
319.5
317.7
315.4
312.2
307.7
302.5
296.1
289.4
281.3
270.7
259.2
244.9
217.3
185.7
166.9
148.6
125.6
96.24
80.73
67.01
47.96
37.34
29.12
18.84
13.23
7.827
2.793
1.764
1.383
1.048
0.7860
0.6113
0.4742
0.3616
0.2513
0.1334
0.0809
0.0853
0.0853
0.0899
0.0922
0.0968
0.1037
0.1083
0.1175
0.1266
0.1382
0.1428
0.1520
0.1590
0.1659
0.1841
0.1866
0.1912
0.2096
0.2097
0.2142
0.2211
0.2257
0.2281
0.2395
0.2396
0.2533
0.2557
0.2626
0.2672
0.2672
0.2672
0.2695
0.2695
0.2742
0.2787
0.2787
0.2787
0.2833
0.2833
0.2856
0.2879
0.2902
0.2902
0.2971
0.2949
0.2972
0.2994
0.2994
0.2994
0.2994
0.2994
0.2994
0.2994
0.2994
0.3017
0.3017
0.3017
0.3017
0.3017
0.3017
0.3017
0.3017
0.3017
0.3017
0.3017
0.3017
0.3017
0.3017
0.3017
0.3017
0.3017
0.3017
0.3017
0.3017
0.3017
0.3017
0.3017
0.3017
0.3017
0.3017
0.3017
0.3017
0.3017
0.3017
0.3017
0.3017
0.3017
0.3017
0.3017
0.3017
136.0
136.9
138.1
139.6
141.3
143.3
145.7
148.1
150.9
154.1
157.4
161.0
164.8
168.7
172.7
177.0
181.4
186.3
191.3
196.2
201.2
206.5
211.8
217.5
223.3
229.1
234.8
240.7
246.4
252.1
257.8
263.6
269.2
274.8
280.2
285.6
291.0
296.5
301.7
306.8
311.7
316.7
321.5
325.8
329.9
333.8
337.3
340.8
344.1
347.4
350.2
352.6
354.7
356.8
358.8
360.3
361.5
361.8
360.8
358.4
354.2
348.2
340.7
330.9
319.2
306.5
290.6
272.6
253.7
230.1
192.6
160.5
135.8
107.2
76.60
59.43
38.82
26.85
14.82
5.883
2.752
2.125
1.612
1.213
0.9215
0.7248
0.5843
0.4824
0.3951
0.3036
0.1918
0.0875
0.0853
0.0922
0.0991
0.1014
0.1060
0.1152
0.1221
0.1245
0.1314
0.1452
0.1520
0.1521
0.1613
0.1659
0.1751
0.1843
0.1866
0.1912
0.2004
0.2050
0.2074
0.2188
0.2235
0.2281
0.2304
0.2418
0.2396
0.2419
0.2465
0.2511
0.2534
0.2534
0.2557
0.2558
0.2649
0.2626
0.2626
0.2649
0.2649
0.2649
0.2695
0.2672
0.2672
0.2695
0.2695
0.2695
0.2696
0.2741
0.2764
0.2765
0.2833
0.2833
0.2856
0.2857
0.2879
0.2902
0.2902
0.2902
0.2971
0.2948
0.2948
0.2948
0.2949
0.2971
0.2971
0.2971
0.2971
0.2971
0.2972
0.3017
0.2994
0.2994
0.2995
0.3018
0.3041
0.3086
0.3064
0.3064
0.3110
0.3156
0.3156
0.3202
0.3248
0.3271
0.3317
0.3317
0.3317
0.3317
0.3317
136.1
137.6
139.5
141.9
144.4
147.1
150.0
153.2
156.6
160.3
164.3
168.6
173.1
177.4
181.9
186.5
191.2
196.2
201.2
206.2
211.1
215.8
220.4
225.1
230.0
235.0
240.1
245.4
251.1
256.7
262.5
268.2
274.0
279.9
285.6
291.4
297.2
303.8
311.6
320.3
330.3
341.4
353.1
365.6
378.0
390.0
401.4
411.3
419.8
427.7
437.0
448.9
462.3
476.5
488.5
496.7
501.9
505.2
506.4
505.4
503.0
499.6
493.2
483.8
471.7
456.1
435.7
411.4
383.8
351.9
315.6
273.1
226.3
179.6
135.0
91.12
59.64
35.80
20.34
9.409
4.224
2.777
1.969
1.490
1.104
0.8494
0.6870
0.5833
0.4982
0.4217
0.3305
0.2206
0.1391
0.0947
0.0784
0.0692
0.0691
0.0691
0.0691
0.0691
0.0691
0.0737
0.0737
0.0760
0.0783
0.0806
0.0829
0.0875
0.0990
0.1013
0.1014
0.1059
0.1105
0.1174
0.1289
0.1313
0.1358
0.1404
0.1428
0.1428
0.1474
0.1474
0.1588
0.1589
0.1635
0.1681
0.1727
0.1773
0.1774
0.1796
0.1819
0.1889
0.1935
0.1935
0.1958
0.2026
0.2050
0.2050
0.2050
0.2073
0.2073
0.2073
0.2073
0.2096
0.2119
0.2119
0.2119
0.2142
0.2142
0.2142
0.2188
0.2211
0.2234
0.2234
0.2234
0.2234
0.2234
0.2234
0.2257
0.2257
0.2257
0.2326
0.2304
0.2326
0.2395
0.2441
0.2464
0.2487
0.2511
0.2579
0.2557
0.2693
0.2741
0.2832
0.2902
0.2948
0.3040
0.3110
0.3179
0.3179
0.3271
135.9
138.1
140.8
143.6
146.5
149.7
153.1
157.0
160.9
165.0
169.3
174.0
178.9
183.7
188.8
193.6
198.3
203.0
207.5
212.1
216.8
221.5
226.2
231.1
236.4
241.8
247.3
252.8
258.1
263.6
269.9
277.4
286.9
297.9
309.6
322.1
335.4
349.4
362.8
374.8
386.1
396.4
406.3
417.7
431.2
445.8
459.4
470.9
479.0
484.7
489.7
493.4
497.7
502.3
506.7
510.1
513.4
515.7
517.3
518.1
517.5
514.3
509.6
501.3
490.4
477.7
458.4
426.5
382.3
329.9
276.4
222.8
157.8
111.7
84.07
63.47
47.78
35.53
25.89
17.04
11.27
5.855
3.696
2.342
1.499
1.028
0.7334
0.5775
0.4648
0.4021
0.3314
0.2411
0.1353
0.0599
0.0576
0.0576
0.0576
0.0577
0.0645
0.0645
0.0645
0.0691
0.0737
0.0806
0.0852
0.0875
0.0899
0.0945
0.0991
0.1037
0.1038
0.1129
0.1152
0.1198
0.1244
0.1313
0.1290
0.1359
0.1359
0.1405
0.1429
0.1475
0.1521
0.1543
0.1544
0.1590
0.1682
0.1705
0.1773
0.1728
0.1774
0.1820
0.1820
0.1843
0.1889
0.1935
0.1958
0.1936
0.1981
0.1981
0.2027
0.2027
0.2051
0.2096
0.2119
0.2142
0.2165
0.2188
0.2212
0.2235
0.2281
0.2303
0.2303
0.2304
0.2373
0.2373
0.2419
0.2442
0.2442
0.2488
0.2534
0.2511
0.2557
0.2626
0.2649
0.2672
0.2695
0.2718
0.2742
0.2811
0.2903
0.3018
0.3041
0.3179
0.3202
0.3318
0.3386
0.3386
0.3432
0.3432
0.3432
136.1
138.8
142.0
145.2
148.8
152.5
156.6
160.7
165.0
169.8
174.7
179.7
184.4
189.3
194.2
199.2
204.1
208.9
213.8
218.9
224.2
229.7
235.0
240.0
244.8
249.6
255.2
262.4
272.2
282.6
293.0
305.0
318.2
331.6
343.6
354.8
364.5
374.0
384.5
397.1
411.3
424.7
436.3
445.5
453.3
460.7
467.2
473.5
479.9
485.6
490.3
493.4
495.6
496.7
496.6
496.2
495.6
493.4
490.1
484.7
474.9
458.0
432.1
398.4
354.5
290.9
223.9
164.9
126.5
88.32
66.88
54.74
45.91
39.99
34.23
27.94
22.84
18.71
13.89
11.77
9.839
7.717
5.365
3.312
1.990
1.291
0.9562
0.6850
0.5082
0.4217
0.3668
0.2955
0.2171
0.1410
0.0903
0.0738
0.0669
0.0599
0.0553
0.0530
0.0530
0.0553
0.0507
0.0484
0.0484
0.0484
0.0484
0.0484
0.0484
0.0484
0.0484
0.0552
0.0599
0.0690
0.0714
0.0714
0.0714
0.0783
0.0806
0.0920
0.0899
0.0898
0.0898
0.0898
0.0921
0.0967
0.0945
0.0990
0.1059
0.1105
0.1128
0.1129
0.1129
0.1151
0.1243
0.1289
0.1336
0.1313
0.1336
0.1359
0.1382
0.1359
0.1382
0.1450
0.1451
0.1497
0.1520
0.1543
0.1589
0.1589
0.1635
0.1681
0.1704
0.1773
0.1796
0.1842
0.1888
0.1958
0.2003
0.2049
0.2027
0.2050
0.2050
0.2050
0.2096
0.2096
0.2188
0.2280
0.2303
0.2303
0.2372
0.2487
0.2579
0.2672
0.2786
0.2833
0.2925
0.3017
0.3225
0.3386
0.3386
135.9
138.9
142.5
146.0
149.5
153.6
157.8
162.3
167.2
172.4
177.6
182.7
188.1
193.3
198.6
203.6
208.7
214.3
219.9
225.7
231.1
236.5
241.4
246.7
252.8
260.6
269.7
279.9
289.9
301.7
314.3
326.2
336.7
346.2
354.6
363.0
373.1
384.8
396.8
407.6
416.7
423.2
429.9
435.6
442.2
448.2
454.6
460.7
466.1
471.4
476.3
480.7
484.1
486.6
487.7
486.5
483.6
475.9
460.7
437.7
408.9
371.8
307.2
242.8
186.8
131.4
93.29
72.44
57.64
49.69
43.35
38.09
33.84
28.90
23.84
19.62
15.93
11.17
10.49
14.00
13.96
8.572
5.241
3.310
2.413
1.664
1.115
0.8353
0.5843
0.3498
0.2966
0.2416
0.1815
0.1195
0.0760
0.0506
0.0484
0.0484
0.0484
0.0484
0.0507
0.0553
0.0576
0.0622
0.0645
0.0645
0.0668
0.0669
0.0737
0.0760
0.0783
0.0806
0.0829
0.0807
0.0829
0.0829
0.0830
0.0853
0.0899
0.0991
0.1037
0.1037
0.1106
0.1083
0.1106
0.1175
0.1175
0.1221
0.1290
0.1290
0.1313
0.1336
0.1383
0.1451
0.1451
0.1474
0.1498
0.1544
0.1590
0.1635
0.1681
0.1681
0.1683
0.1774
0.1774
0.1797
0.1843
0.1866
0.1912
0.1958
0.1981
0.2050
0.2051
0.2097
0.2142
0.2165
0.2165
0.2189
0.2235
0.2280
0.2281
0.2373
0.2373
0.2419
0.2442
0.2488
0.2534
0.2626
0.2649
0.2718
0.2765
0.2903
0.2972
0.3110
0.3133
0.3204
0.3386
0.3456
0.3593
0.3616
0.3639
136.1
139.2
143.0
146.5
150.5
154.7
158.8
163.4
168.5
173.8
179.1
184.3
189.7
194.9
200.0
205.5
211.1
216.7
222.9
228.8
234.3
239.4
245.0
251.2
258.7
268.2
278.4
288.5
300.4
313.3
325.2
336.1
345.7
354.0
362.0
371.8
382.6
394.3
404.7
412.9
418.3
424.0
428.5
434.0
439.0
444.3
449.4
455.2
459.9
463.9
467.6
470.5
470.8
469.8
467.8
465.5
461.9
453.6
435.6
410.7
378.7
322.2
250.3
197.5
146.2
101.2
76.51
60.69
50.92
44.76
39.63
34.83
31.69
28.20
22.71
16.96
10.50
8.437
7.379
6.323
5.477
4.671
3.853
2.922
2.084
1.550
1.144
0.8907
0.6497
0.3800
0.3274
0.2813
0.2219
0.1711
0.1200
0.0881
0.0599
0.0553
0.0507
0.0507
0.0507
0.0507
0.0507
0.0507
0.0507
0.0507
0.0507
0.0507
0.0507
0.0507
0.0645
0.0600
0.0599
0.0599
0.0644
0.0691
0.0691
0.0691
0.0691
0.0691
0.0691
0.0737
0.0737
0.0737
0.0737
0.0737
0.0737
0.0737
0.0874
0.0830
0.0829
0.0829
0.0875
0.0921
0.0967
0.0967
0.1013
0.1059
0.1151
0.1198
0.1198
0.1243
0.1244
0.1244
0.1289
0.1290
0.1336
0.1382
0.1563
0.1521
0.1520
0.1520
0.1566
0.1658
0.1613
0.1658
0.1658
0.1704
0.1886
0.1889
0.1934
0.1981
0.2026
0.2118
0.2074
0.2073
0.2073
0.2073
0.2210
0.2302
0.2303
0.2395
0.2533
0.2625
0.2717
0.2764
0.2901
0.3040
0.3087
0.3179
0.3501
135.9
138.9
142.5
146.0
149.5
153.6
157.8
162.3
167.2
172.4
177.6
182.7
188.1
193.3
198.6
203.6
208.7
214.3
219.9
225.7
231.1
236.5
241.4
246.7
252.8
260.6
269.7
279.9
289.9
301.7
314.3
326.2
336.7
346.2
354.6
363.0
373.1
384.8
396.8
407.6
416.7
423.2
429.9
435.6
442.2
448.2
454.6
460.7
466.1
471.4
476.3
480.7
484.1
486.6
487.7
486.5
483.6
475.9
460.7
437.7
408.9
371.8
307.2
242.8
186.8
131.4
93.29
72.44
57.64
49.69
43.35
38.09
33.84
28.90
23.84
19.62
15.93
11.17
10.49
14.00
13.96
8.572
5.241
3.310
2.413
1.664
1.115
0.8353
0.5843
0.3498
0.2966
0.2416
0.1815
0.1195
0.0760
0.0506
0.0484
0.0484
0.0484
0.0484
0.0507
0.0553
0.0576
0.0622
0.0645
0.0645
0.0668
0.0669
0.0737
0.0760
0.0783
0.0806
0.0829
0.0807
0.0829
0.0829
0.0830
0.0853
0.0899
0.0991
0.1037
0.1037
0.1106
0.1083
0.1106
0.1175
0.1175
0.1221
0.1290
0.1290
0.1313
0.1336
0.1383
0.1451
0.1451
0.1474
0.1498
0.1544
0.1590
0.1635
0.1681
0.1681
0.1683
0.1774
0.1774
0.1797
0.1843
0.1866
0.1912
0.1958
0.1981
0.2050
0.2051
0.2097
0.2142
0.2165
0.2165
0.2189
0.2235
0.2280
0.2281
0.2373
0.2373
0.2419
0.2442
0.2488
0.2534
0.2626
0.2649
0.2718
0.2765
0.2903
0.2972
0.3110
0.3133
0.3204
0.3386
0.3456
0.3593
0.3616
0.3639
136.1
138.8
142.0
145.2
148.8
152.5
156.6
160.7
165.0
169.8
174.7
179.7
184.4
189.3
194.2
199.2
204.1
208.9
213.8
218.9
224.2
229.7
235.0
240.0
244.8
249.6
255.2
262.4
272.2
282.6
293.0
305.0
318.2
331.6
343.6
354.8
364.5
374.0
384.5
397.1
411.3
424.7
436.3
445.5
453.3
460.7
467.2
473.5
479.9
485.6
490.3
493.4
495.6
496.7
496.6
496.2
495.6
493.4
490.1
484.7
474.9
458.0
432.1
398.4
354.5
290.9
223.9
164.9
126.5
88.32
66.88
54.74
45.91
39.99
34.23
27.94
22.84
18.71
13.89
11.77
9.839
7.717
5.365
3.312
1.990
1.291
0.9562
0.6850
0.5082
0.4217
0.3668
0.2955
0.2171
0.1410
0.0903
0.0738
0.0669
0.0599
0.0553
0.0530
0.0530
0.0553
0.0507
0.0484
0.0484
0.0484
0.0484
0.0484
0.0484
0.0484
0.0484
0.0552
0.0599
0.0690
0.0714
0.0714
0.0714
0.0783
0.0806
0.0920
0.0899
0.0898
0.0898
0.0898
0.0921
0.0967
0.0945
0.0990
0.1059
0.1105
0.1128
0.1129
0.1129
0.1151
0.1243
0.1289
0.1336
0.1313
0.1336
0.1359
0.1382
0.1359
0.1382
0.1450
0.1451
0.1497
0.1520
0.1543
0.1589
0.1589
0.1635
0.1681
0.1704
0.1773
0.1796
0.1842
0.1888
0.1958
0.2003
0.2049
0.2027
0.2050
0.2050
0.2050
0.2096
0.2096
0.2188
0.2280
0.2303
0.2303
0.2372
0.2487
0.2579
0.2672
0.2786
0.2833
0.2925
0.3017
0.3225
0.3386
0.3386
135.9
138.1
140.8
143.6
146.5
149.7
153.1
157.0
160.9
165.0
169.3
174.0
178.9
183.7
188.8
193.6
198.3
203.0
207.5
212.1
216.8
221.5
226.2
231.1
236.4
241.8
247.3
252.8
258.1
263.6
269.9
277.4
286.9
297.9
309.6
322.1
335.4
349.4
362.8
374.8
386.1
396.4
406.3
417.7
431.2
445.8
459.4
470.9
479.0
484.7
489.7
493.4
497.7
502.3
506.7
510.1
513.4
515.7
517.3
518.1
517.5
514.3
509.6
501.3
490.4
477.7
458.4
426.5
382.3
329.9
276.4
222.8
157.8
111.7
84.07
63.47
47.78
35.53
25.89
17.04
11.27
5.855
3.696
2.342
1.499
1.028
0.7334
0.5775
0.4648
0.4021
0.3314
0.2411
0.1353
0.0599
0.0576
0.0576
0.0576
0.0577
0.0645
0.0645
0.0645
0.0691
0.0737
0.0806
0.0852
0.0875
0.0899
0.0945
0.0991
0.1037
0.1038
0.1129
0.1152
0.1198
0.1244
0.1313
0.1290
0.1359
0.1359
0.1405
0.1429
0.1475
0.1521
0.1543
0.1544
0.1590
0.1682
0.1705
0.1773
0.1728
0.1774
0.1820
0.1820
0.1843
0.1889
0.1935
0.1958
0.1936
0.1981
0.1981
0.2027
0.2027
0.2051
0.2096
0.2119
0.2142
0.2165
0.2188
0.2212
0.2235
0.2281
0.2303
0.2303
0.2304
0.2373
0.2373
0.2419
0.2442
0.2442
0.2488
0.2534
0.2511
0.2557
0.2626
0.2649
0.2672
0.2695
0.2718
0.2742
0.2811
0.2903
0.3018
0.3041
0.3179
0.3202
0.3318
0.3386
0.3386
0.3432
0.3432
0.3432
136.1
137.6
139.5
141.9
144.4
147.1
150.0
153.2
156.6
160.3
164.3
168.6
173.1
177.4
181.9
186.5
191.2
196.2
201.2
206.2
211.1
215.8
220.4
225.1
230.0
235.0
240.1
245.4
251.1
256.7
262.5
268.2
274.0
279.9
285.6
291.4
297.2
303.8
311.6
320.3
330.3
341.4
353.1
365.6
378.0
390.0
401.4
411.3
419.8
427.7
437.0
448.9
462.3
476.5
488.5
496.7
501.9
505.2
506.4
505.4
503.0
499.6
493.2
483.8
471.7
456.1
435.7
411.4
383.8
351.9
315.6
273.1
226.3
179.6
135.0
91.12
59.64
35.80
20.34
9.409
4.224
2.777
1.969
1.490
1.104
0.8494
0.6870
0.5833
0.4982
0.4217
0.3305
0.2206
0.1391
0.0947
0.0784
0.0692
0.0691
0.0691
0.0691
0.0691
0.0691
0.0737
0.0737
0.0760
0.0783
0.0806
0.0829
0.0875
0.0990
0.1013
0.1014
0.1059
0.1105
0.1174
0.1289
0.1313
0.1358
0.1404
0.1428
0.1428
0.1474
0.1474
0.1588
0.1589
0.1635
0.1681
0.1727
0.1773
0.1774
0.1796
0.1819
0.1889
0.1935
0.1935
0.1958
0.2026
0.2050
0.2050
0.2050
0.2073
0.2073
0.2073
0.2073
0.2096
0.2119
0.2119
0.2119
0.2142
0.2142
0.2142
0.2188
0.2211
0.2234
0.2234
0.2234
0.2234
0.2234
0.2234
0.2257
0.2257
0.2257
0.2326
0.2304
0.2326
0.2395
0.2441
0.2464
0.2487
0.2511
0.2579
0.2557
0.2693
0.2741
0.2832
0.2902
0.2948
0.3040
0.3110
0.3179
0.3179
0.3271
136.0
136.9
138.1
139.6
141.3
143.3
145.7
148.1
150.9
154.1
157.4
161.0
164.8
168.7
172.7
177.0
181.4
186.3
191.3
196.2
201.2
206.5
211.8
217.5
223.3
229.1
234.8
240.7
246.4
252.1
257.8
263.6
269.2
274.8
280.2
285.6
291.0
296.5
301.7
306.8
311.7
316.7
321.5
325.8
329.9
333.8
337.3
340.8
344.1
347.4
350.2
352.6
354.7
356.8
358.8
360.3
361.5
361.8
360.8
358.4
354.2
348.2
340.7
330.9
319.2
306.5
290.6
272.6
253.7
230.1
192.6
160.5
135.8
107.2
76.60
59.43
38.82
26.85
14.82
5.883
2.752
2.125
1.612
1.213
0.9215
0.7248
0.5843
0.4824
0.3951
0.3036
0.1918
0.0875
0.0853
0.0922
0.0991
0.1014
0.1060
0.1152
0.1221
0.1245
0.1314
0.1452
0.1520
0.1521
0.1613
0.1659
0.1751
0.1843
0.1866
0.1912
0.2004
0.2050
0.2074
0.2188
0.2235
0.2281
0.2304
0.2418
0.2396
0.2419
0.2465
0.2511
0.2534
0.2534
0.2557
0.2558
0.2649
0.2626
0.2626
0.2649
0.2649
0.2649
0.2695
0.2672
0.2672
0.2695
0.2695
0.2695
0.2696
0.2741
0.2764
0.2765
0.2833
0.2833
0.2856
0.2857
0.2879
0.2902
0.2902
0.2902
0.2971
0.2948
0.2948
0.2948
0.2949
0.2971
0.2971
0.2971
0.2971
0.2971
0.2972
0.3017
0.2994
0.2994
0.2995
0.3018
0.3041
0.3086
0.3064
0.3064
0.3110
0.3156
0.3156
0.3202
0.3248
0.3271
0.3317
0.3317
0.3317
0.3317
0.3317
136.1
136.2
136.7
137.4
138.4
139.6
141.1
142.9
144.9
147.2
149.8
152.5
155.5
158.8
162.2
166.1
170.3
174.9
179.6
184.5
189.7
195.2
200.8
206.7
212.6
218.6
224.4
230.0
235.8
241.5
247.0
252.7
258.0
263.5
268.5
273.4
278.1
282.7
287.2
291.2
295.0
298.7
302.1
305.3
308.5
311.0
313.2
315.3
317.5
319.4
320.7
321.2
320.9
320.4
319.5
317.7
315.4
312.2
307.7
302.5
296.1
289.4
281.3
270.7
259.2
244.9
217.3
185.7
166.9
148.6
125.6
96.24
80.73
67.01
47.96
37.34
29.12
18.84
13.23
7.827
2.793
1.764
1.383
1.048
0.7860
0.6113
0.4742
0.3616
0.2513
0.1334
0.0809
0.0853
0.0853
0.0899
0.0922
0.0968
0.1037
0.1083
0.1175
0.1266
0.1382
0.1428
0.1520
0.1590
0.1659
0.1841
0.1866
0.1912
0.2096
0.2097
0.2142
0.2211
0.2257
0.2281
0.2395
0.2396
0.2533
0.2557
0.2626
0.2672
0.2672
0.2672
0.2695
0.2695
0.2742
0.2787
0.2787
0.2787
0.2833
0.2833
0.2856
0.2879
0.2902
0.2902
0.2971
0.2949
0.2972
0.2994
0.2994
0.2994
0.2994
0.2994
0.2994
0.2994
0.2994
0.3017
0.3017
0.3017
0.3017
0.3017
0.3017
0.3017
0.3017
0.3017
0.3017
0.3017
0.3017
0.3017
0.3017
0.3017
0.3017
0.3017
0.3017
0.3017
0.3017
0.3017
0.3017
0.3017
0.3017
0.3017
0.3017
0.3017
0.3017
0.3017
0.3017
0.3017
0.3017
0.3017
0.3017
0.3017
0.3017
136.0
135.5
135.2
135.3
135.7
136.3
137.2
138.2
139.5
141.0
142.8
144.8
147.0
149.4
152.0
155.0
158.5
162.3
166.6
170.9
175.1
179.5
184.1
188.8
193.4
198.3
203.3
208.3
213.0
217.8
222.6
227.2
231.8
236.3
240.4
244.3
247.7
251.0
254.0
256.8
259.4
261.8
263.8
265.5
266.7
267.3
267.0
265.9
263.6
260.3
255.7
249.6
242.3
233.9
225.1
216.4
208.3
200.9
193.2
185.0
175.8
166.1
156.2
137.8
114.8
104.8
96.85
88.73
76.39
64.36
57.18
50.34
41.56
34.04
28.96
23.90
18.28
15.15
11.20
8.661
4.365
1.817
1.262
0.9465
0.6761
0.4801
0.3276
0.1968
0.1340
0.1176
0.1175
0.1152
0.1129
0.1151
0.1152
0.1152
0.1265
0.1358
0.1451
0.1589
0.1612
0.1681
0.1750
0.1841
0.1957
0.2096
0.2209
0.2234
0.2280
0.2349
0.2418
0.2509
0.2533
0.2648
0.2672
0.2786
0.2856
0.2879
0.2879
0.2925
0.2948
0.2994
0.2972
0.3040
0.3018
0.3040
0.3041
0.3109
0.3087
0.3109
0.3155
0.3156
0.3224
0.3248
0.3271
0.3316
0.3385
0.3455
0.3432
0.3501
0.3547
0.3570
0.3616
0.3616
0.3685
0.3754
0.3778
0.3846
0.3847
0.3892
0.3893
0.3939
0.3916
0.3916
0.3916
0.3916
0.3916
0.3916
0.3916
0.3939
0.3893
0.3893
0.3870
0.3847
0.3801
0.3778
0.3732
0.3686
0.3662
0.3617
0.3571
0.3524
0.3479
0.3455
0.3386
0.3386
0.3386
0.3386
0.3386
0.3409
0.3386
136.1
134.8
134.0
133.5
133.2
133.2
133.4
133.9
134.7
135.7
136.9
138.4
139.9
141.5
143.2
145.0
146.7
148.6
150.7
152.8
155.1
157.6
160.2
162.8
165.4
168.1
170.9
173.9
177.1
180.3
183.1
185.3
186.7
187.2
186.8
185.4
183.1
180.1
176.5
172.7
169.2
166.1
163.4
160.3
156.2
150.2
142.6
134.0
125.5
118.1
112.3
107.0
102.0
98.45
95.67
93.17
90.57
87.86
85.00
82.04
78.77
72.27
56.42
50.83
48.30
45.71
43.18
40.55
37.94
35.33
32.71
29.97
27.27
24.33
21.69
19.41
17.06
14.69
12.57
10.66
6.113
4.377
1.752
1.125
0.6180
0.2983
0.1770
0.1290
0.1313
0.1336
0.1451
0.1452
0.1591
0.1682
0.1774
0.1889
0.1959
0.2074
0.2189
0.2236
0.2396
0.2443
0.2580
0.2649
0.2741
0.2788
0.2926
0.3018
0.3110
0.3133
0.3225
0.3318
0.3409
0.3455
0.3479
0.3525
0.3594
0.3686
0.3732
0.3732
0.3778
0.3778
0.3801
0.3801
0.3801
0.3801
0.3847
0.3870
0.3870
0.3893
0.3916
0.3917
0.4031
0.4031
0.4100
0.4101
0.4215
0.4216
0.4262
0.4331
0.4353
0.4353
0.4353
0.4353
0.4330
0.4330
0.4330
0.4307
0.4307
0.4330
0.4284
0.4261
0.4215
0.4214
0.4146
0.4054
0.4031
0.4008
0.3985
0.3938
0.3869
0.3823
0.3730
0.3639
0.3639
0.3593
0.3593
0.3570
0.3569
0.3478
0.3455
0.3455
0.3455
0.3478
0.3478
0.3478
0.3478
0.3478
0.3501
0.3501
0.3501
135.9
134.2
132.9
131.9
131.2
130.8
130.7
130.8
131.0
131.3
131.8
132.4
133.0
133.5
134.0
134.5
135.2
135.8
136.5
137.2
138.2
139.2
140.3
141.2
141.6
141.2
139.9
137.7
134.6
130.6
126.2
121.9
118.1
115.4
113.0
110.4
106.8
102.4
97.62
93.21
89.98
87.85
86.37
85.88
85.62
85.34
84.93
84.45
83.80
83.11
82.29
81.29
80.18
78.89
77.43
75.97
74.34
72.60
70.74
68.66
63.97
50.29
46.96
45.21
43.37
41.60
39.78
37.76
35.53
33.45
31.24
29.01
26.73
24.45
22.05
19.78
17.50
15.21
13.18
10.87
5.867
4.550
1.493
0.8909
0.4853
0.2832
0.1620
0.1245
0.1198
0.1198
0.1198
0.1198
0.1244
0.1312
0.1474
0.1565
0.1612
0.1726
0.1795
0.1888
0.2049
0.2142
0.2210
0.2371
0.2418
0.2487
0.2603
0.2671
0.2717
0.2832
0.2924
0.3016
0.3086
0.3178
0.3201
0.3271
0.3363
0.3386
0.3409
0.3478
0.3524
0.3592
0.3777
0.3824
0.3869
0.3938
0.3916
0.3916
0.3916
0.3916
0.3939
0.3962
0.3962
0.3962
0.3962
0.4007
0.3985
0.4030
0.4077
0.4123
0.4214
0.4215
0.4215
0.4307
0.4376
0.4399
0.4400
0.4422
0.4445
0.4469
0.4491
0.4492
0.4492
0.4492
0.4492
0.4492
0.4492
0.4537
0.4515
0.4515
0.4492
0.4446
0.4354
0.4308
0.4193
0.4192
0.4101
0.4077
0.3985
0.3939
0.3916
0.3847
0.3778
0.3709
0.3708
0.3708
0.3686
0.3685
0.3662
0.3639
0.3639
136.1
133.9
132.2
130.8
129.9
129.3
129.0
128.9
128.8
128.9
129.0
129.3
129.6
129.9
130.2
130.4
130.7
131.0
131.3
131.5
131.4
130.5
128.7
125.9
121.9
117.0
111.9
107.3
103.5
100.7
97.97
94.54
90.27
85.83
82.03
79.53
78.08
77.44
77.41
77.39
77.35
77.29
77.20
77.04
76.82
76.59
76.32
75.98
75.47
74.95
74.30
73.57
72.80
71.93
71.07
70.20
69.28
68.31
67.19
64.64
52.41
49.72
48.56
47.30
45.74
44.32
42.58
40.23
37.64
35.34
32.98
30.54
27.72
24.90
22.69
20.44
17.85
15.54
13.15
10.08
5.311
3.769
0.8509
0.4559
0.2575
0.0967
0.0967
0.0991
0.1107
0.1222
0.1314
0.1382
0.1475
0.1567
0.1660
0.1775
0.1935
0.1959
0.2074
0.2212
0.2327
0.2396
0.2511
0.2626
0.2695
0.2857
0.2926
0.3041
0.3088
0.3248
0.3271
0.3342
0.3478
0.3501
0.3571
0.3663
0.3709
0.3801
0.3870
0.3870
0.3985
0.3985
0.4008
0.4054
0.4055
0.4100
0.4077
0.4077
0.4077
0.4077
0.4123
0.4100
0.4123
0.4169
0.4215
0.4239
0.4308
0.4331
0.4400
0.4400
0.4423
0.4446
0.4446
0.4446
0.4446
0.4446
0.4446
0.4446
0.4446
0.4446
0.4446
0.4446
0.4446
0.4446
0.4446
0.4445
0.4376
0.4307
0.4283
0.4192
0.4169
0.4123
0.4099
0.4031
0.3938
0.3824
0.3754
0.3730
0.3662
0.3663
0.3684
0.3593
0.3570
0.3547
0.3547
0.3547
0.3547
0.3524
0.3524
0.3524
0.3547
135.9
133.5
131.6
130.1
129.0
128.4
128.0
127.9
127.9
127.9
128.0
128.1
128.2
128.3
128.5
128.6
128.7
128.7
128.3
127.2
124.7
121.5
116.9
111.6
106.3
101.6
98.11
95.37
92.15
88.10
83.66
79.62
76.80
75.22
74.34
74.09
74.03
74.02
74.03
74.02
73.97
73.92
73.87
73.82
73.76
73.64
73.36
73.06
72.66
72.22
71.76
71.32
70.89
70.35
69.84
69.32
68.63
65.18
59.46
54.11
53.21
52.34
51.27
50.14
48.98
47.61
45.65
42.70
39.97
37.86
35.69
33.22
29.87
27.20
24.71
21.46
18.58
13.44
8.264
6.164
2.145
0.7417
0.3545
0.1113
0.0740
0.0646
0.0645
0.0645
0.0668
0.0691
0.0714
0.0714
0.0783
0.0920
0.1036
0.1128
0.1312
0.1359
0.1450
0.1497
0.1612
0.1750
0.1819
0.1911
0.2094
0.2210
0.2257
0.2326
0.2441
0.2555
0.2648
0.2718
0.2787
0.2878
0.3016
0.3040
0.3109
0.3201
0.3270
0.3293
0.3407
0.3455
0.3501
0.3570
0.3638
0.3662
0.3685
0.3685
0.3685
0.3731
0.3709
0.3708
0.3732
0.3732
0.3800
0.3778
0.3778
0.3778
0.3823
0.3846
0.3984
0.4008
0.4030
0.4144
0.4214
0.4261
0.4284
0.4307
0.4307
0.4376
0.4354
0.4353
0.4376
0.4399
0.4400
0.4400
0.4400
0.4400
0.4400
0.4400
0.4400
0.4400
0.4400
0.4400
0.4422
0.4378
0.4307
0.4239
0.4169
0.4078
0.4032
0.3939
0.3893
0.3824
0.3824
0.3824
0.3801
0.3732
0.3732
0.3708
0.3708
136.1
133.6
131.6
129.9
128.9
128.3
127.8
127.6
127.5
127.4
127.5
127.5
127.6
127.7
127.8
127.9
127.9
127.8
127.1
125.1
122.2
118.1
112.8
107.3
102.3
98.41
95.55
92.34
88.44
84.00
79.91
76.85
74.90
73.67
73.39
73.40
73.41
73.43
73.46
73.46
73.36
73.28
73.19
73.18
73.01
72.82
72.54
72.29
72.05
71.77
71.42
71.12
70.77
70.35
69.85
69.34
67.62
61.87
57.74
54.65
53.93
53.18
52.25
51.27
50.09
48.61
46.10
42.81
40.42
38.35
36.14
33.17
29.65
27.10
24.16
20.85
18.07
11.75
6.908
4.000
0.9918
0.4223
0.0642
0.0417
0.0553
0.0554
0.0646
0.0737
0.0783
0.0876
0.0923
0.1061
0.1198
0.1198
0.1290
0.1428
0.1567
0.1613
0.1705
0.1843
0.1844
0.1981
0.2165
0.2213
0.2350
0.2443
0.2535
0.2628
0.2811
0.2858
0.2995
0.3087
0.3135
0.3272
0.3363
0.3364
0.3455
0.3548
0.3594
0.3641
0.3732
0.3732
0.3870
0.3870
0.3916
0.3916
0.3916
0.3916
0.3916
0.3916
0.3916
0.3962
0.3962
0.4008
0.4008
0.4054
0.4054
0.4101
0.4192
0.4193
0.4285
0.4331
0.4423
0.4469
0.4469
0.4469
0.4469
0.4469
0.4469
0.4469
0.4469
0.4469
0.4468
0.4423
0.4423
0.4422
0.4376
0.4376
0.4376
0.4284
0.4238
0.4238
0.4191
0.4100
0.4100
0.4053
0.4007
0.3823
0.3777
0.3732
0.3776
0.3639
0.3593
0.3593
0.3593
0.3593
0.3593
0.3593
0.3593
0.3593
0.3593
135.9
133.5
131.6
130.1
129.0
128.4
128.0
127.9
127.9
127.9
128.0
128.1
128.2
128.3
128.5
128.6
128.7
128.7
128.3
127.2
124.7
121.5
116.9
111.6
106.3
101.6
98.11
95.37
92.15
88.10
83.66
79.62
76.80
75.22
74.34
74.09
74.03
74.02
74.03
74.02
73.97
73.92
73.87
73.82
73.76
73.64
73.36
73.06
72.66
72.22
71.76
71.32
70.89
70.35
69.84
69.32
68.63
65.18
59.46
54.11
53.21
52.34
51.27
50.14
48.98
47.61
45.65
42.70
39.97
37.86
35.69
33.22
29.87
27.20
24.71
21.46
18.58
13.44
8.264
6.164
2.145
0.7417
0.3545
0.1113
0.0740
0.0646
0.0645
0.0645
0.0668
0.0691
0.0714
0.0714
0.0783
0.0920
0.1036
0.1128
0.1312
0.1359
0.1450
0.1497
0.1612
0.1750
0.1819
0.1911
0.2094
0.2210
0.2257
0.2326
0.2441
0.2555
0.2648
0.2718
0.2787
0.2878
0.3016
0.3040
0.3109
0.3201
0.3270
0.3293
0.3407
0.3455
0.3501
0.3570
0.3638
0.3662
0.3685
0.3685
0.3685
0.3731
0.3709
0.3708
0.3732
0.3732
0.3800
0.3778
0.3778
0.3778
0.3823
0.3846
0.3984
0.4008
0.4030
0.4144
0.4214
0.4261
0.4284
0.4307
0.4307
0.4376
0.4354
0.4353
0.4376
0.4399
0.4400
0.4400
0.4400
0.4400
0.4400
0.4400
0.4400
0.4400
0.4400
0.4400
0.4422
0.4378
0.4307
0.4239
0.4169
0.4078
0.4032
0.3939
0.3893
0.3824
0.3824
0.3824
0.3801
0.3732
0.3732
0.3708
0.3708
136.1
133.9
132.2
130.8
129.9
129.3
129.0
128.9
128.8
128.9
129.0
129.3
129.6
129.9
130.2
130.4
130.7
131.0
131.3
131.5
131.4
130.5
128.7
125.9
121.9
117.0
111.9
107.3
103.5
100.7
97.97
94.54
90.27
85.83
82.03
79.53
78.08
77.44
77.41
77.39
77.35
77.29
77.20
77.04
76.82
76.59
76.32
75.98
75.47
74.95
74.30
73.57
72.80
71.93
71.07
70.20
69.28
68.31
67.19
64.64
52.41
49.72
48.56
47.30
45.74
44.32
42.58
40.23
37.64
35.34
32.98
30.54
27.72
24.90
22.69
20.44
17.85
15.54
13.15
10.08
5.311
3.769
0.8509
0.4559
0.2575
0.0967
0.0967
0.0991
0.1107
0.1222
0.1314
0.1382
0.1475
0.1567
0.1660
0.1775
0.1935
0.1959
0.2074
0.2212
0.2327
0.2396
0.2511
0.2626
0.2695
0.2857
0.2926
0.3041
0.3088
0.3248
0.3271
0.3342
0.3478
0.3501
0.3571
0.3663
0.3709
0.3801
0.3870
0.3870
0.3985
0.3985
0.4008
0.4054
0.4055
0.4100
0.4077
0.4077
0.4077
0.4077
0.4123
0.4100
0.4123
0.4169
0.4215
0.4239
0.4308
0.4331
0.4400
0.4400
0.4423
0.4446
0.4446
0.4446
0.4446
0.4446
0.4446
0.4446
0.4446
0.4446
0.4446
0.4446
0.4446
0.4446
0.4446
0.4445
0.4376
0.4307
0.4283
0.4192
0.4169
0.4123
0.4099
0.4031
0.3938
0.3824
0.3754
0.3730
0.3662
0.3663
0.3684
0.3593
0.3570
0.3547
0.3547
0.3547
0.3547
0.3524
0.3524
0.3524
0.3547
135.9
134.2
132.9
131.9
131.2
130.8
130.7
130.8
131.0
131.3
131.8
132.4
133.0
133.5
134.0
134.5
135.2
135.8
136.5
137.2
138.2
139.2
140.3
141.2
141.6
141.2
139.9
137.7
134.6
130.6
126.2
121.9
118.1
115.4
113.0
110.4
106.8
102.4
97.62
93.21
89.98
87.85
86.37
85.88
85.62
85.34
84.93
84.45
83.80
83.11
82.29
81.29
80.18
78.89
77.43
75.97
74.34
72.60
70.74
68.66
63.97
50.29
46.96
45.21
43.37
41.60
39.78
37.76
35.53
33.45
31.24
29.01
26.73
24.45
22.05
19.78
17.50
15.21
13.18
10.87
5.867
4.550
1.493
0.8909
0.4853
0.2832
0.1620
0.1245
0.1198
0.1198
0.1198
0.1198
0.1244
0.1312
0.1474
0.1565
0.1612
0.1726
0.1795
0.1888
0.2049
0.2142
0.2210
0.2371
0.2418
0.2487
0.2603
0.2671
0.2717
0.2832
0.2924
0.3016
0.3086
0.3178
0.3201
0.3271
0.3363
0.3386
0.3409
0.3478
0.3524
0.3592
0.3777
0.3824
0.3869
0.3938
0.3916
0.3916
0.3916
0.3916
0.3939
0.3962
0.3962
0.3962
0.3962
0.4007
0.3985
0.4030
0.4077
0.4123
0.4214
0.4215
0.4215
0.4307
0.4376
0.4399
0.4400
0.4422
0.4445
0.4469
0.4491
0.4492
0.4492
0.4492
0.4492
0.4492
0.4492
0.4537
0.4515
0.4515
0.4492
0.4446
0.4354
0.4308
0.4193
0.4192
0.4101
0.4077
0.3985
0.3939
0.3916
0.3847
0.3778
0.3709
0.3708
0.3708
0.3686
0.3685
0.3662
0.3639
0.3639
136.1
134.8
134.0
133.5
133.2
133.2
133.4
133.9
134.7
135.7
136.9
138.4
139.9
141.5
143.2
145.0
146.7
148.6
150.7
152.8
155.1
157.6
160.2
162.8
165.4
168.1
170.9
173.9
177.1
180.3
183.1
185.3
186.7
187.2
186.8
185.4
183.1
180.1
176.5
172.7
169.2
166.1
163.4
160.3
156.2
150.2
142.6
134.0
125.5
118.1
112.3
107.0
102.0
98.45
95.67
93.17
90.57
87.86
85.00
82.04
78.77
72.27
56.42
50.83
48.30
45.71
43.18
40.55
37.94
35.33
32.71
29.97
27.27
24.33
21.69
19.41
17.06
14.69
12.57
10.66
6.113
4.377
1.752
1.125
0.6180
0.2983
0.1770
0.1290
0.1313
0.1336
0.1451
0.1452
0.1591
0.1682
0.1774
0.1889
0.1959
0.2074
0.2189
0.2236
0.2396
0.2443
0.2580
0.2649
0.2741
0.2788
0.2926
0.3018
0.3110
0.3133
0.3225
0.3318
0.3409
0.3455
0.3479
0.3525
0.3594
0.3686
0.3732
0.3732
0.3778
0.3778
0.3801
0.3801
0.3801
0.3801
0.3847
0.3870
0.3870
0.3893
0.3916
0.3917
0.4031
0.4031
0.4100
0.4101
0.4215
0.4216
0.4262
0.4331
0.4353
0.4353
0.4353
0.4353
0.4330
0.4330
0.4330
0.4307
0.4307
0.4330
0.4284
0.4261
0.4215
0.4214
0.4146
0.4054
0.4031
0.4008
0.3985
0.3938
0.3869
0.3823
0.3730
0.3639
0.3639
0.3593
0.3593
0.3570
0.3569
0.3478
0.3455
0.3455
0.3455
0.3478
0.3478
0.3478
0.3478
0.3478
0.3501
0.3501
0.3501
136.0
135.5
135.2
135.3
135.7
136.3
137.2
138.2
139.5
141.0
142.8
144.8
147.0
149.4
152.0
155.0
158.5
162.3
166.6
170.9
175.1
179.5
184.1
188.8
193.4
198.3
203.3
208.3
213.0
217.8
222.6
227.2
231.8
236.3
240.4
244.3
247.7
251.0
254.0
256.8
259.4
261.8
263.8
265.5
266.7
267.3
267.0
265.9
263.6
260.3
255.7
249.6
242.3
233.9
225.1
216.4
208.3
200.9
193.2
185.0
175.8
166.1
156.2
137.8
114.8
104.8
96.85
88.73
76.39
64.36
57.18
50.34
41.56
34.04
28.96
23.90
18.28
15.15
11.20
8.661
4.365
1.817
1.262
0.9465
0.6761
0.4801
0.3276
0.1968
0.1340
0.1176
0.1175
0.1152
0.1129
0.1151
0.1152
0.1152
0.1265
0.1358
0.1451
0.1589
0.1612
0.1681
0.1750
0.1841
0.1957
0.2096
0.2209
0.2234
0.2280
0.2349
0.2418
0.2509
0.2533
0.2648
0.2672
0.2786
0.2856
0.2879
0.2879
0.2925
0.2948
0.2994
0.2972
0.3040
0.3018
0.3040
0.3041
0.3109
0.3087
0.3109
0.3155
0.3156
0.3224
0.3248
0.3271
0.3316
0.3385
0.3455
0.3432
0.3501
0.3547
0.3570
0.3616
0.3616
0.3685
0.3754
0.3778
0.3846
0.3847
0.3892
0.3893
0.3939
0.3916
0.3916
0.3916
0.3916
0.3916
0.3916
0.3916
0.3939
0.3893
0.3893
0.3870
0.3847
0.3801
0.3778
0.3732
0.3686
0.3662
0.3617
0.3571
0.3524
0.3479
0.3455
0.3386
0.3386
0.3386
0.3386
0.3386
0.3409
0.3386
