SALVI
1
0
24
15.00
181
1.00

241002 Clap S 7 LEds F4MC

241002 Clap S 7 LEds F4MC.ldt
9 Octubre 2024/TB
240
0
90
160
10
0
0
0
0
99.9
100.0
1.000
0.0
1
1
16 LED
2152.0


17.5
0.175
0.279
0.391
0.483
0.548
0.651
0.704
0.756
0.813
0.847
0.0
15.0
30.0
45.0
60.0
75.0
90.0
105.0
120.0
135.0
150.0
165.0
180.0
195.0
210.0
225.0
240.0
255.0
270.0
285.0
300.0
315.0
330.0
345.0
0.0
1.0
2.0
3.0
4.0
5.0
6.0
7.0
8.0
9.0
10.0
11.0
12.0
13.0
14.0
15.0
16.0
17.0
18.0
19.0
20.0
21.0
22.0
23.0
24.0
25.0
26.0
27.0
28.0
29.0
30.0
31.0
32.0
33.0
34.0
35.0
36.0
37.0
38.0
39.0
40.0
41.0
42.0
43.0
44.0
45.0
46.0
47.0
48.0
49.0
50.0
51.0
52.0
53.0
54.0
55.0
56.0
57.0
58.0
59.0
60.0
61.0
62.0
63.0
64.0
65.0
66.0
67.0
68.0
69.0
70.0
71.0
72.0
73.0
74.0
75.0
76.0
77.0
78.0
79.0
80.0
81.0
82.0
83.0
84.0
85.0
86.0
87.0
88.0
89.0
90.0
91.0
92.0
93.0
94.0
95.0
96.0
97.0
98.0
99.0
100.0
101.0
102.0
103.0
104.0
105.0
106.0
107.0
108.0
109.0
110.0
111.0
112.0
113.0
114.0
115.0
116.0
117.0
118.0
119.0
120.0
121.0
122.0
123.0
124.0
125.0
126.0
127.0
128.0
129.0
130.0
131.0
132.0
133.0
134.0
135.0
136.0
137.0
138.0
139.0
140.0
141.0
142.0
143.0
144.0
145.0
146.0
147.0
148.0
149.0
150.0
151.0
152.0
153.0
154.0
155.0
156.0
157.0
158.0
159.0
160.0
161.0
162.0
163.0
164.0
165.0
166.0
167.0
168.0
169.0
170.0
171.0
172.0
173.0
174.0
175.0
176.0
177.0
178.0
179.0
180.0
136.2
136.4
136.7
137.3
138.3
139.4
140.9
142.7
144.9
147.2
149.6
152.3
155.3
158.5
162.1
165.9
170.1
174.9
179.9
185.1
190.5
196.2
201.9
207.4
213.2
218.8
224.2
229.7
235.0
240.2
245.4
250.5
255.8
260.8
265.7
270.6
274.9
279.2
283.4
287.3
291.1
294.5
297.6
300.7
303.4
305.8
308.1
310.0
311.9
313.3
314.4
314.7
314.1
312.4
310.2
306.8
302.3
296.5
289.0
279.5
269.3
258.7
247.4
234.8
221.1
206.1
180.9
152.8
130.6
113.5
94.83
72.09
56.85
46.05
34.57
26.40
20.22
14.53
10.58
7.214
2.416
1.512
1.147
0.8566
0.6215
0.4754
0.3679
0.2745
0.1877
0.0987
0.0666
0.0663
0.0685
0.0686
0.0731
0.0754
0.0823
0.0891
0.0960
0.1120
0.1278
0.1303
0.1349
0.1394
0.1417
0.1440
0.1554
0.1600
0.1692
0.1783
0.1941
0.1988
0.2033
0.2011
0.2102
0.2125
0.2148
0.2194
0.2262
0.2285
0.2353
0.2399
0.2400
0.2467
0.2513
0.2491
0.2626
0.2606
0.2673
0.2673
0.2673
0.2696
0.2719
0.2742
0.2742
0.2810
0.2810
0.2810
0.2810
0.2810
0.2810
0.2810
0.2810
0.2810
0.2810
0.2810
0.2810
0.2810
0.2810
0.2810
0.2810
0.2810
0.2810
0.2833
0.2833
0.2833
0.2833
0.2833
0.2833
0.2833
0.2833
0.2833
0.2833
0.2833
0.2833
0.2833
0.2833
0.2833
0.2833
0.2833
0.2833
0.2856
0.2856
0.2856
0.2856
0.2856
0.2856
0.2856
0.2856
0.2856
0.2879
136.1
137.0
138.2
139.6
141.4
143.3
145.6
148.0
151.1
154.2
157.6
161.1
164.9
168.7
172.9
177.1
181.5
186.1
190.9
195.7
200.6
205.8
211.1
216.4
221.9
227.5
233.2
238.6
244.1
249.7
255.2
260.5
265.7
271.0
276.2
281.2
286.2
291.1
296.1
301.0
305.6
310.0
314.0
318.2
322.0
325.2
328.4
331.2
333.8
336.5
338.7
340.8
342.4
343.1
343.0
342.2
340.6
337.8
334.4
329.5
323.4
316.5
308.3
298.7
287.4
275.1
261.5
247.1
229.4
209.3
176.7
145.1
123.3
99.88
69.82
52.92
34.80
23.68
13.23
5.400
2.406
1.805
1.353
0.9829
0.7336
0.5750
0.4589
0.3849
0.3053
0.2411
0.1503
0.0799
0.0777
0.0823
0.0847
0.0937
0.0960
0.1029
0.1120
0.1143
0.1212
0.1280
0.1394
0.1417
0.1463
0.1532
0.1623
0.1645
0.1714
0.1783
0.1851
0.1897
0.1965
0.2010
0.2034
0.2058
0.2148
0.2171
0.2194
0.2217
0.2286
0.2354
0.2377
0.2445
0.2468
0.2468
0.2468
0.2468
0.2513
0.2513
0.2514
0.2536
0.2559
0.2559
0.2582
0.2651
0.2673
0.2650
0.2651
0.2673
0.2719
0.2719
0.2719
0.2742
0.2742
0.2742
0.2742
0.2742
0.2742
0.2765
0.2765
0.2856
0.2856
0.2856
0.2856
0.2856
0.2879
0.2902
0.2879
0.2879
0.2902
0.2902
0.2948
0.2948
0.2948
0.2993
0.2971
0.2993
0.3016
0.3016
0.3039
0.3062
0.3107
0.3108
0.3130
0.3176
0.3245
0.3245
0.3245
0.3245
0.3245
136.2
137.9
139.9
142.2
144.8
147.6
150.7
154.1
157.7
161.5
165.4
169.6
173.9
178.2
182.6
187.1
191.6
196.0
200.3
204.7
209.2
213.7
218.3
223.0
228.0
232.9
238.1
243.1
248.4
253.3
258.6
263.8
269.0
274.3
279.6
285.3
291.1
297.2
303.6
310.2
316.9
323.2
329.7
336.2
342.8
350.0
357.4
364.9
372.0
378.9
385.1
389.9
394.1
398.3
401.9
405.1
407.6
409.5
410.9
411.7
411.7
410.7
408.2
402.7
394.1
382.2
368.1
350.1
328.7
303.4
273.7
240.0
199.0
158.5
117.7
77.27
48.51
27.56
15.23
6.830
3.471
2.289
1.634
1.225
0.9006
0.6815
0.5494
0.4690
0.3986
0.3456
0.2708
0.1856
0.1167
0.0780
0.0641
0.0640
0.0572
0.0571
0.0571
0.0571
0.0571
0.0571
0.0594
0.0639
0.0640
0.0663
0.0753
0.0754
0.0845
0.0913
0.0959
0.0982
0.1005
0.1028
0.1051
0.1141
0.1165
0.1279
0.1415
0.1462
0.1485
0.1553
0.1577
0.1599
0.1690
0.1714
0.1736
0.1759
0.1759
0.1759
0.1759
0.1759
0.1759
0.1805
0.1828
0.1828
0.1828
0.1828
0.1873
0.1874
0.1941
0.1965
0.1942
0.1965
0.1988
0.2056
0.2124
0.2125
0.2102
0.2102
0.2125
0.2170
0.2171
0.2171
0.2171
0.2171
0.2171
0.2193
0.2193
0.2193
0.2261
0.2284
0.2262
0.2307
0.2308
0.2353
0.2444
0.2490
0.2513
0.2536
0.2559
0.2650
0.2673
0.2764
0.2810
0.2879
0.2902
0.3039
0.3107
0.3130
0.3176
136.1
138.4
141.1
144.2
147.2
150.7
154.4
158.3
162.4
166.8
171.5
176.3
181.0
185.8
190.3
195.0
199.6
204.0
208.6
212.9
217.4
221.9
226.4
230.9
235.5
240.2
245.1
249.9
255.1
260.5
266.0
271.7
278.1
284.8
291.8
299.0
307.0
315.6
324.8
334.7
346.3
358.4
372.1
388.6
407.2
425.3
441.6
456.0
470.0
482.1
494.0
502.4
509.1
514.9
520.5
522.9
523.7
521.5
517.4
510.7
501.3
491.2
481.0
469.8
457.3
443.1
423.0
391.5
349.6
301.9
254.3
203.6
142.7
98.11
71.42
53.04
39.05
28.20
19.81
12.66
7.913
4.138
2.403
1.677
1.250
0.8553
0.5910
0.4541
0.3605
0.3191
0.2620
0.1935
0.1138
0.0548
0.0480
0.0480
0.0480
0.0549
0.0594
0.0571
0.0594
0.0618
0.0663
0.0686
0.0708
0.0800
0.0845
0.0845
0.0868
0.0891
0.0938
0.1006
0.1074
0.1052
0.1097
0.1165
0.1188
0.1212
0.1302
0.1280
0.1348
0.1371
0.1371
0.1417
0.1439
0.1440
0.1554
0.1577
0.1577
0.1623
0.1645
0.1691
0.1714
0.1737
0.1783
0.1828
0.1851
0.1851
0.1897
0.1965
0.1942
0.1942
0.1943
0.1988
0.2012
0.2080
0.2102
0.2102
0.2102
0.2125
0.2193
0.2193
0.2194
0.2240
0.2285
0.2285
0.2353
0.2354
0.2399
0.2422
0.2422
0.2491
0.2491
0.2537
0.2582
0.2628
0.2674
0.2742
0.2720
0.2765
0.2856
0.2926
0.3017
0.3130
0.3130
0.3131
0.3222
0.3268
0.3313
0.3313
0.3313
136.3
139.1
142.3
145.9
149.7
153.7
157.8
162.4
167.5
172.6
177.6
182.7
187.9
192.8
197.5
202.4
206.9
211.6
216.3
220.8
225.3
229.7
234.3
239.0
243.8
248.8
254.0
259.4
265.2
271.4
277.9
284.6
291.0
297.8
305.1
312.9
321.2
330.4
341.0
353.6
369.1
386.3
406.4
430.2
455.3
482.3
511.0
539.1
565.7
588.2
605.6
620.4
632.5
642.3
647.3
650.2
651.0
645.6
635.7
619.2
594.9
561.7
520.7
473.4
421.2
355.2
289.4
226.8
171.7
136.8
102.2
84.06
70.53
58.68
47.83
38.34
30.15
23.33
17.49
13.78
10.53
7.384
4.701
2.694
1.720
1.205
0.8288
0.5637
0.4036
0.3341
0.2931
0.2359
0.1764
0.1193
0.0755
0.0596
0.0526
0.0480
0.0480
0.0480
0.0480
0.0480
0.0480
0.0480
0.0480
0.0480
0.0480
0.0480
0.0480
0.0480
0.0480
0.0480
0.0480
0.0525
0.0571
0.0594
0.0572
0.0594
0.0594
0.0662
0.0663
0.0753
0.0709
0.0799
0.0867
0.0891
0.0914
0.0982
0.1028
0.1028
0.1073
0.1096
0.1097
0.1165
0.1165
0.1165
0.1165
0.1211
0.1256
0.1324
0.1371
0.1348
0.1371
0.1371
0.1439
0.1439
0.1485
0.1576
0.1577
0.1622
0.1690
0.1691
0.1758
0.1737
0.1759
0.1782
0.1805
0.1850
0.1964
0.1988
0.2011
0.2056
0.2034
0.2034
0.2101
0.2170
0.2171
0.2238
0.2239
0.2285
0.2330
0.2558
0.2582
0.2605
0.2740
0.2787
0.2856
0.2970
0.3084
0.3199
0.3290
136.1
139.2
142.8
146.4
150.6
154.9
159.4
164.5
169.8
175.2
180.7
186.2
191.6
196.9
201.9
207.0
212.0
216.8
222.1
227.0
232.2
237.3
242.7
248.6
254.4
260.3
266.3
272.1
277.9
283.7
289.6
295.3
301.1
307.1
313.6
320.0
326.5
333.4
341.1
351.1
365.1
382.8
402.0
425.3
454.1
491.3
536.9
583.0
623.4
662.5
699.2
728.0
746.7
753.5
749.7
736.8
719.6
696.3
662.4
615.8
559.4
496.9
417.7
331.6
248.4
172.9
114.0
81.87
64.40
54.88
47.77
41.75
36.39
31.00
26.22
21.74
17.96
14.04
12.06
9.614
7.220
5.590
4.561
3.580
2.675
1.900
1.027
0.7336
0.4824
0.2623
0.2212
0.1778
0.1321
0.0933
0.0547
0.0411
0.0411
0.0412
0.0434
0.0434
0.0480
0.0480
0.0503
0.0526
0.0549
0.0571
0.0594
0.0594
0.0619
0.0708
0.0686
0.0731
0.0732
0.0777
0.0777
0.0845
0.0868
0.0868
0.0914
0.0914
0.0937
0.0983
0.1028
0.1051
0.1074
0.1097
0.1120
0.1166
0.1188
0.1211
0.1235
0.1302
0.1302
0.1326
0.1394
0.1417
0.1440
0.1508
0.1508
0.1554
0.1577
0.1645
0.1668
0.1668
0.1669
0.1759
0.1737
0.1783
0.1851
0.1896
0.1897
0.1919
0.1965
0.1988
0.2011
0.2011
0.2057
0.2125
0.2194
0.2216
0.2217
0.2262
0.2285
0.2286
0.2445
0.2446
0.2514
0.2582
0.2628
0.2628
0.2743
0.2811
0.2857
0.2993
0.3108
0.3177
0.3268
0.3336
0.3382
0.3382
0.3427
136.3
139.5
143.2
147.3
151.6
156.0
160.6
165.7
171.2
176.6
182.3
187.9
193.2
198.7
204.0
209.4
214.7
220.2
225.4
230.8
236.3
242.1
248.5
255.0
261.5
268.2
274.6
281.0
286.9
292.8
298.8
304.6
310.4
316.2
322.0
327.9
333.5
339.4
346.4
353.9
362.8
377.2
403.2
442.1
489.8
538.3
583.6
633.2
679.7
714.3
730.0
725.6
703.3
679.3
666.1
671.0
685.6
690.9
662.7
598.6
511.6
407.4
302.8
218.2
154.7
117.0
79.48
63.34
53.37
47.05
42.06
37.23
32.68
28.03
23.62
17.86
11.37
8.245
6.966
5.614
4.641
3.815
2.995
2.336
1.759
1.393
1.043
0.7876
0.5537
0.3024
0.2608
0.2151
0.1785
0.1377
0.0962
0.0641
0.0459
0.0457
0.0412
0.0411
0.0411
0.0411
0.0411
0.0411
0.0411
0.0411
0.0411
0.0411
0.0411
0.0411
0.0411
0.0411
0.0411
0.0411
0.0502
0.0638
0.0595
0.0594
0.0594
0.0594
0.0594
0.0594
0.0685
0.0685
0.0685
0.0685
0.0685
0.0685
0.0731
0.0731
0.0956
0.0960
0.0960
0.0960
0.0960
0.0960
0.1050
0.1096
0.1142
0.1277
0.1280
0.1280
0.1280
0.1280
0.1280
0.1280
0.1280
0.1325
0.1325
0.1370
0.1462
0.1507
0.1554
0.1554
0.1554
0.1554
0.1645
0.1782
0.1827
0.1873
0.1918
0.1965
0.1965
0.2011
0.2056
0.2056
0.2056
0.2056
0.2056
0.2148
0.2285
0.2376
0.2422
0.2513
0.2696
0.2696
0.2787
0.2879
0.3061
0.3153
0.3290
136.1
139.2
142.8
146.4
150.6
154.9
159.4
164.5
169.8
175.2
180.7
186.2
191.6
196.9
201.9
207.0
212.0
216.8
222.1
227.0
232.2
237.3
242.7
248.6
254.4
260.3
266.3
272.1
277.9
283.7
289.6
295.3
301.1
307.1
313.6
320.0
326.5
333.4
341.1
351.1
365.1
382.8
402.0
425.3
454.1
491.3
536.9
583.0
623.4
662.5
699.2
728.0
746.7
753.5
749.7
736.8
719.6
696.3
662.4
615.8
559.4
496.9
417.7
331.6
248.4
172.9
114.0
81.87
64.40
54.88
47.77
41.75
36.39
31.00
26.22
21.74
17.96
14.04
12.06
9.614
7.220
5.590
4.561
3.580
2.675
1.900
1.027
0.7336
0.4824
0.2623
0.2212
0.1778
0.1321
0.0933
0.0547
0.0411
0.0411
0.0412
0.0434
0.0434
0.0480
0.0480
0.0503
0.0526
0.0549
0.0571
0.0594
0.0594
0.0619
0.0708
0.0686
0.0731
0.0732
0.0777
0.0777
0.0845
0.0868
0.0868
0.0914
0.0914
0.0937
0.0983
0.1028
0.1051
0.1074
0.1097
0.1120
0.1166
0.1188
0.1211
0.1235
0.1302
0.1302
0.1326
0.1394
0.1417
0.1440
0.1508
0.1508
0.1554
0.1577
0.1645
0.1668
0.1668
0.1669
0.1759
0.1737
0.1783
0.1851
0.1896
0.1897
0.1919
0.1965
0.1988
0.2011
0.2011
0.2057
0.2125
0.2194
0.2216
0.2217
0.2262
0.2285
0.2286
0.2445
0.2446
0.2514
0.2582
0.2628
0.2628
0.2743
0.2811
0.2857
0.2993
0.3108
0.3177
0.3268
0.3336
0.3382
0.3382
0.3427
136.3
139.1
142.3
145.9
149.7
153.7
157.8
162.4
167.5
172.6
177.6
182.7
187.9
192.8
197.5
202.4
206.9
211.6
216.3
220.8
225.3
229.7
234.3
239.0
243.8
248.8
254.0
259.4
265.2
271.4
277.9
284.6
291.0
297.8
305.1
312.9
321.2
330.4
341.0
353.6
369.1
386.3
406.4
430.2
455.3
482.3
511.0
539.1
565.7
588.2
605.6
620.4
632.5
642.3
647.3
650.2
651.0
645.6
635.7
619.2
594.9
561.7
520.7
473.4
421.2
355.2
289.4
226.8
171.7
136.8
102.2
84.06
70.53
58.68
47.83
38.34
30.15
23.33
17.49
13.78
10.53
7.384
4.701
2.694
1.720
1.205
0.8288
0.5637
0.4036
0.3341
0.2931
0.2359
0.1764
0.1193
0.0755
0.0596
0.0526
0.0480
0.0480
0.0480
0.0480
0.0480
0.0480
0.0480
0.0480
0.0480
0.0480
0.0480
0.0480
0.0480
0.0480
0.0480
0.0480
0.0525
0.0571
0.0594
0.0572
0.0594
0.0594
0.0662
0.0663
0.0753
0.0709
0.0799
0.0867
0.0891
0.0914
0.0982
0.1028
0.1028
0.1073
0.1096
0.1097
0.1165
0.1165
0.1165
0.1165
0.1211
0.1256
0.1324
0.1371
0.1348
0.1371
0.1371
0.1439
0.1439
0.1485
0.1576
0.1577
0.1622
0.1690
0.1691
0.1758
0.1737
0.1759
0.1782
0.1805
0.1850
0.1964
0.1988
0.2011
0.2056
0.2034
0.2034
0.2101
0.2170
0.2171
0.2238
0.2239
0.2285
0.2330
0.2558
0.2582
0.2605
0.2740
0.2787
0.2856
0.2970
0.3084
0.3199
0.3290
136.1
138.4
141.1
144.2
147.2
150.7
154.4
158.3
162.4
166.8
171.5
176.3
181.0
185.8
190.3
195.0
199.6
204.0
208.6
212.9
217.4
221.9
226.4
230.9
235.5
240.2
245.1
249.9
255.1
260.5
266.0
271.7
278.1
284.8
291.8
299.0
307.0
315.6
324.8
334.7
346.3
358.4
372.1
388.6
407.2
425.3
441.6
456.0
470.0
482.1
494.0
502.4
509.1
514.9
520.5
522.9
523.7
521.5
517.4
510.7
501.3
491.2
481.0
469.8
457.3
443.1
423.0
391.5
349.6
301.9
254.3
203.6
142.7
98.11
71.42
53.04
39.05
28.20
19.81
12.66
7.913
4.138
2.403
1.677
1.250
0.8553
0.5910
0.4541
0.3605
0.3191
0.2620
0.1935
0.1138
0.0548
0.0480
0.0480
0.0480
0.0549
0.0594
0.0571
0.0594
0.0618
0.0663
0.0686
0.0708
0.0800
0.0845
0.0845
0.0868
0.0891
0.0938
0.1006
0.1074
0.1052
0.1097
0.1165
0.1188
0.1212
0.1302
0.1280
0.1348
0.1371
0.1371
0.1417
0.1439
0.1440
0.1554
0.1577
0.1577
0.1623
0.1645
0.1691
0.1714
0.1737
0.1783
0.1828
0.1851
0.1851
0.1897
0.1965
0.1942
0.1942
0.1943
0.1988
0.2012
0.2080
0.2102
0.2102
0.2102
0.2125
0.2193
0.2193
0.2194
0.2240
0.2285
0.2285
0.2353
0.2354
0.2399
0.2422
0.2422
0.2491
0.2491
0.2537
0.2582
0.2628
0.2674
0.2742
0.2720
0.2765
0.2856
0.2926
0.3017
0.3130
0.3130
0.3131
0.3222
0.3268
0.3313
0.3313
0.3313
136.2
137.9
139.9
142.2
144.8
147.6
150.7
154.1
157.7
161.5
165.4
169.6
173.9
178.2
182.6
187.1
191.6
196.0
200.3
204.7
209.2
213.7
218.3
223.0
228.0
232.9
238.1
243.1
248.4
253.3
258.6
263.8
269.0
274.3
279.6
285.3
291.1
297.2
303.6
310.2
316.9
323.2
329.7
336.2
342.8
350.0
357.4
364.9
372.0
378.9
385.1
389.9
394.1
398.3
401.9
405.1
407.6
409.5
410.9
411.7
411.7
410.7
408.2
402.7
394.1
382.2
368.1
350.1
328.7
303.4
273.7
240.0
199.0
158.5
117.7
77.27
48.51
27.56
15.23
6.830
3.471
2.289
1.634
1.225
0.9006
0.6815
0.5494
0.4690
0.3986
0.3456
0.2708
0.1856
0.1167
0.0780
0.0641
0.0640
0.0572
0.0571
0.0571
0.0571
0.0571
0.0571
0.0594
0.0639
0.0640
0.0663
0.0753
0.0754
0.0845
0.0913
0.0959
0.0982
0.1005
0.1028
0.1051
0.1141
0.1165
0.1279
0.1415
0.1462
0.1485
0.1553
0.1577
0.1599
0.1690
0.1714
0.1736
0.1759
0.1759
0.1759
0.1759
0.1759
0.1759
0.1805
0.1828
0.1828
0.1828
0.1828
0.1873
0.1874
0.1941
0.1965
0.1942
0.1965
0.1988
0.2056
0.2124
0.2125
0.2102
0.2102
0.2125
0.2170
0.2171
0.2171
0.2171
0.2171
0.2171
0.2193
0.2193
0.2193
0.2261
0.2284
0.2262
0.2307
0.2308
0.2353
0.2444
0.2490
0.2513
0.2536
0.2559
0.2650
0.2673
0.2764
0.2810
0.2879
0.2902
0.3039
0.3107
0.3130
0.3176
136.1
137.0
138.2
139.6
141.4
143.3
145.6
148.0
151.1
154.2
157.6
161.1
164.9
168.7
172.9
177.1
181.5
186.1
190.9
195.7
200.6
205.8
211.1
216.4
221.9
227.5
233.2
238.6
244.1
249.7
255.2
260.5
265.7
271.0
276.2
281.2
286.2
291.1
296.1
301.0
305.6
310.0
314.0
318.2
322.0
325.2
328.4
331.2
333.8
336.5
338.7
340.8
342.4
343.1
343.0
342.2
340.6
337.8
334.4
329.5
323.4
316.5
308.3
298.7
287.4
275.1
261.5
247.1
229.4
209.3
176.7
145.1
123.3
99.88
69.82
52.92
34.80
23.68
13.23
5.400
2.406
1.805
1.353
0.9829
0.7336
0.5750
0.4589
0.3849
0.3053
0.2411
0.1503
0.0799
0.0777
0.0823
0.0847
0.0937
0.0960
0.1029
0.1120
0.1143
0.1212
0.1280
0.1394
0.1417
0.1463
0.1532
0.1623
0.1645
0.1714
0.1783
0.1851
0.1897
0.1965
0.2010
0.2034
0.2058
0.2148
0.2171
0.2194
0.2217
0.2286
0.2354
0.2377
0.2445
0.2468
0.2468
0.2468
0.2468
0.2513
0.2513
0.2514
0.2536
0.2559
0.2559
0.2582
0.2651
0.2673
0.2650
0.2651
0.2673
0.2719
0.2719
0.2719
0.2742
0.2742
0.2742
0.2742
0.2742
0.2742
0.2765
0.2765
0.2856
0.2856
0.2856
0.2856
0.2856
0.2879
0.2902
0.2879
0.2879
0.2902
0.2902
0.2948
0.2948
0.2948
0.2993
0.2971
0.2993
0.3016
0.3016
0.3039
0.3062
0.3107
0.3108
0.3130
0.3176
0.3245
0.3245
0.3245
0.3245
0.3245
136.2
136.4
136.7
137.3
138.3
139.4
140.9
142.7
144.9
147.2
149.6
152.3
155.3
158.5
162.1
165.9
170.1
174.9
179.9
185.1
190.5
196.2
201.9
207.4
213.2
218.8
224.2
229.7
235.0
240.2
245.4
250.5
255.8
260.8
265.7
270.6
274.9
279.2
283.4
287.3
291.1
294.5
297.6
300.7
303.4
305.8
308.1
310.0
311.9
313.3
314.4
314.7
314.1
312.4
310.2
306.8
302.3
296.5
289.0
279.5
269.3
258.7
247.4
234.8
221.1
206.1
180.9
152.8
130.6
113.5
94.83
72.09
56.85
46.05
34.57
26.40
20.22
14.53
10.58
7.214
2.416
1.512
1.147
0.8566
0.6215
0.4754
0.3679
0.2745
0.1877
0.0987
0.0666
0.0663
0.0685
0.0686
0.0731
0.0754
0.0823
0.0891
0.0960
0.1120
0.1278
0.1303
0.1349
0.1394
0.1417
0.1440
0.1554
0.1600
0.1692
0.1783
0.1941
0.1988
0.2033
0.2011
0.2102
0.2125
0.2148
0.2194
0.2262
0.2285
0.2353
0.2399
0.2400
0.2467
0.2513
0.2491
0.2626
0.2606
0.2673
0.2673
0.2673
0.2696
0.2719
0.2742
0.2742
0.2810
0.2810
0.2810
0.2810
0.2810
0.2810
0.2810
0.2810
0.2810
0.2810
0.2810
0.2810
0.2810
0.2810
0.2810
0.2810
0.2810
0.2810
0.2833
0.2833
0.2833
0.2833
0.2833
0.2833
0.2833
0.2833
0.2833
0.2833
0.2833
0.2833
0.2833
0.2833
0.2833
0.2833
0.2833
0.2833
0.2856
0.2856
0.2856
0.2856
0.2856
0.2856
0.2856
0.2856
0.2856
0.2879
136.1
135.4
135.0
134.9
135.1
135.6
136.3
137.5
138.8
140.3
142.1
144.0
146.2
148.6
151.4
154.7
158.6
162.7
167.1
171.4
175.8
180.0
184.1
188.2
192.4
196.7
201.1
205.7
210.3
215.0
219.6
224.1
228.4
232.5
236.6
239.9
242.5
244.5
245.6
245.7
244.8
242.8
239.7
235.8
231.3
226.2
221.2
216.1
210.3
203.5
195.0
184.6
172.7
160.1
147.8
137.0
128.2
120.6
113.5
107.5
102.1
96.84
91.56
80.56
62.23
55.89
52.04
48.05
44.32
40.66
37.11
33.36
29.51
25.53
21.79
18.66
15.64
12.88
10.39
8.080
4.044
1.523
1.052
0.7788
0.5622
0.4048
0.2716
0.1632
0.1192
0.1029
0.1005
0.1005
0.1005
0.1028
0.1051
0.1051
0.1142
0.1188
0.1234
0.1347
0.1416
0.1462
0.1576
0.1690
0.1736
0.1782
0.1851
0.1986
0.2123
0.2170
0.2193
0.2239
0.2307
0.2399
0.2467
0.2513
0.2536
0.2581
0.2673
0.2673
0.2673
0.2696
0.2719
0.2719
0.2741
0.2764
0.2810
0.2810
0.2878
0.2879
0.2924
0.2925
0.2925
0.2970
0.2993
0.3039
0.3062
0.3152
0.3176
0.3335
0.3359
0.3382
0.3450
0.3473
0.3473
0.3519
0.3564
0.3542
0.3542
0.3542
0.3542
0.3564
0.3610
0.3610
0.3610
0.3610
0.3610
0.3655
0.3656
0.3633
0.3633
0.3633
0.3633
0.3656
0.3633
0.3588
0.3565
0.3519
0.3473
0.3450
0.3428
0.3427
0.3359
0.3336
0.3336
0.3336
0.3336
0.3313
0.3359
0.3290
0.3359
136.2
134.8
133.7
132.9
132.5
132.5
132.7
133.0
133.7
134.6
135.8
137.0
138.5
140.1
141.7
143.4
145.1
146.6
148.4
150.3
152.4
154.8
157.5
160.4
163.4
166.4
169.3
171.9
173.7
174.9
175.4
174.9
173.5
171.1
167.9
164.4
161.1
158.1
155.5
152.6
148.5
142.9
135.9
128.2
120.9
115.2
110.6
106.1
103.2
101.7
100.3
98.85
97.11
95.22
93.07
90.76
88.33
85.89
83.25
80.42
77.54
72.22
56.98
50.10
47.67
45.10
42.56
40.18
37.76
34.99
32.13
29.50
27.03
24.46
21.83
19.79
17.79
15.30
12.77
10.81
6.298
4.274
1.753
1.067
0.5870
0.2723
0.1618
0.1165
0.1166
0.1234
0.1280
0.1394
0.1417
0.1577
0.1668
0.1738
0.1852
0.1966
0.2103
0.2194
0.2286
0.2377
0.2469
0.2559
0.2652
0.2765
0.2788
0.2948
0.3040
0.3131
0.3177
0.3245
0.3314
0.3405
0.3428
0.3474
0.3543
0.3634
0.3656
0.3702
0.3724
0.3725
0.3770
0.3770
0.3794
0.3838
0.3839
0.3861
0.3862
0.3884
0.3907
0.3907
0.3931
0.3976
0.3999
0.4067
0.4090
0.4159
0.4227
0.4227
0.4227
0.4204
0.4204
0.4204
0.4204
0.4204
0.4204
0.4204
0.4204
0.4204
0.4181
0.4135
0.4113
0.4113
0.4113
0.4113
0.4090
0.4065
0.3930
0.3905
0.3747
0.3769
0.3701
0.3609
0.3541
0.3496
0.3496
0.3517
0.3450
0.3449
0.3381
0.3313
0.3313
0.3336
0.3359
0.3359
0.3359
0.3359
0.3359
0.3359
0.3359
136.1
134.1
132.4
131.2
130.4
130.0
129.8
129.7
129.8
130.0
130.3
130.6
130.9
131.4
132.0
132.6
133.2
133.9
134.9
135.9
136.9
137.9
138.5
138.4
137.5
135.8
133.0
129.4
125.1
120.8
117.0
113.9
111.4
108.8
105.3
100.8
95.89
91.59
88.67
86.83
85.73
85.59
85.54
85.45
85.26
84.99
84.61
84.08
83.42
82.73
81.96
81.15
80.26
79.25
78.10
76.97
75.77
74.39
72.97
71.38
67.94
54.40
50.50
48.94
47.29
45.60
43.82
41.68
38.43
35.58
33.18
30.83
28.06
24.89
22.30
19.94
17.30
15.10
13.02
10.60
5.893
4.516
1.498
0.8793
0.4781
0.2827
0.1586
0.1237
0.1188
0.1188
0.1188
0.1188
0.1188
0.1393
0.1485
0.1598
0.1713
0.1782
0.1850
0.1987
0.2102
0.2148
0.2328
0.2443
0.2445
0.2536
0.2673
0.2810
0.2901
0.2947
0.2970
0.3107
0.3198
0.3267
0.3312
0.3404
0.3472
0.3564
0.3587
0.3633
0.3679
0.3724
0.3793
0.3793
0.3793
0.3861
0.3861
0.3884
0.3884
0.3907
0.3930
0.3975
0.3976
0.3976
0.3976
0.3998
0.4066
0.4158
0.4204
0.4227
0.4227
0.4250
0.4318
0.4341
0.4409
0.4478
0.4479
0.4547
0.4547
0.4615
0.4615
0.4615
0.4615
0.4615
0.4615
0.4615
0.4615
0.4615
0.4638
0.4616
0.4571
0.4479
0.4388
0.4319
0.4228
0.4159
0.4045
0.4021
0.3908
0.3839
0.3793
0.3725
0.3656
0.3611
0.3610
0.3587
0.3542
0.3542
0.3519
0.3519
0.3473
136.3
133.8
131.6
130.1
129.0
128.2
127.7
127.5
127.5
127.6
127.8
128.0
128.4
128.7
129.0
129.5
129.9
130.1
130.3
130.3
129.5
127.9
125.5
121.9
117.3
112.2
107.5
103.6
100.5
97.64
94.15
89.81
85.29
81.46
79.04
77.64
77.08
77.17
77.29
77.42
77.56
77.65
77.79
77.87
77.89
77.84
77.83
77.68
77.29
76.60
75.82
74.89
73.90
72.90
71.90
70.94
69.78
68.51
67.18
65.32
52.80
48.42
46.83
45.17
43.22
41.56
39.72
37.39
34.88
32.59
30.10
27.75
25.11
22.80
20.74
18.59
16.46
14.50
12.29
9.759
5.173
3.627
0.8374
0.4572
0.2597
0.1005
0.0983
0.1052
0.1166
0.1281
0.1394
0.1486
0.1600
0.1692
0.1852
0.1965
0.2057
0.2149
0.2354
0.2400
0.2537
0.2652
0.2765
0.2857
0.2971
0.3041
0.3199
0.3268
0.3382
0.3451
0.3542
0.3679
0.3748
0.3816
0.3885
0.3998
0.3999
0.4045
0.4159
0.4204
0.4204
0.4204
0.4205
0.4227
0.4227
0.4227
0.4227
0.4227
0.4250
0.4250
0.4250
0.4273
0.4296
0.4319
0.4341
0.4364
0.4388
0.4456
0.4501
0.4526
0.4661
0.4707
0.4754
0.4890
0.4935
0.4935
0.4935
0.4935
0.4935
0.4935
0.4913
0.4913
0.4912
0.4866
0.4821
0.4775
0.4728
0.4614
0.4478
0.4433
0.4318
0.4226
0.4135
0.4067
0.3975
0.3883
0.3769
0.3678
0.3587
0.3542
0.3541
0.3518
0.3450
0.3450
0.3450
0.3450
0.3450
0.3450
0.3450
0.3450
0.3450
136.1
133.3
130.9
129.3
128.1
127.3
126.9
126.7
126.7
126.8
126.8
127.0
127.0
127.2
127.5
127.7
127.7
127.6
127.0
125.1
122.5
118.5
113.3
107.9
102.9
98.94
96.08
93.33
89.50
84.77
80.35
77.04
75.11
73.82
73.59
73.69
73.88
74.07
74.33
74.60
74.75
74.74
74.69
74.57
74.32
73.83
73.20
72.50
71.70
70.87
69.96
69.04
68.13
67.22
66.15
65.09
63.91
61.54
55.15
47.49
45.79
44.38
42.82
41.22
39.82
38.40
36.58
34.49
32.60
30.58
28.49
26.30
24.22
22.34
20.30
18.22
15.86
10.59
7.282
5.871
1.908
0.7367
0.3524
0.1108
0.0733
0.0686
0.0685
0.0685
0.0685
0.0731
0.0799
0.0980
0.1073
0.1209
0.1302
0.1438
0.1599
0.1667
0.1895
0.1987
0.2079
0.2147
0.2261
0.2443
0.2535
0.2695
0.2764
0.2878
0.2947
0.3084
0.3175
0.3289
0.3427
0.3518
0.3541
0.3587
0.3633
0.3791
0.3793
0.3816
0.3906
0.3930
0.3975
0.4044
0.4022
0.4021
0.4067
0.4112
0.4090
0.4090
0.4090
0.4090
0.4090
0.4135
0.4113
0.4113
0.4135
0.4158
0.4181
0.4204
0.4250
0.4273
0.4364
0.4477
0.4638
0.4797
0.4957
0.4958
0.4958
0.4981
0.5004
0.5050
0.5072
0.5050
0.5050
0.5050
0.5050
0.5050
0.5050
0.5050
0.5004
0.4891
0.4799
0.4707
0.4548
0.4479
0.4389
0.4251
0.4113
0.4023
0.3931
0.3839
0.3725
0.3724
0.3656
0.3633
0.3610
0.3565
0.3542
0.3496
0.3473
136.3
133.4
130.9
129.1
127.9
127.1
126.7
126.6
126.6
126.6
126.6
126.6
126.7
126.8
126.9
127.0
126.9
126.8
125.5
123.1
119.7
114.9
109.3
104.0
99.56
96.38
93.65
90.30
85.84
81.28
77.31
74.77
73.42
73.02
72.96
72.98
73.05
73.26
73.44
73.58
73.71
73.80
73.71
73.31
72.77
72.12
71.49
70.68
69.84
69.06
68.18
67.18
66.41
65.46
64.42
63.28
61.97
56.66
51.13
46.10
44.88
43.61
42.18
40.86
39.46
37.84
35.58
33.69
31.83
29.81
27.93
25.90
23.97
22.05
19.80
18.05
15.78
10.50
6.481
3.540
0.9581
0.4163
0.0636
0.0412
0.0503
0.0594
0.0687
0.0823
0.0960
0.1008
0.1188
0.1188
0.1417
0.1510
0.1737
0.1828
0.1966
0.2148
0.2240
0.2379
0.2560
0.2651
0.2788
0.2834
0.2971
0.3063
0.3199
0.3337
0.3428
0.3565
0.3611
0.3748
0.3884
0.3885
0.3932
0.4021
0.4115
0.4250
0.4206
0.4341
0.4387
0.4433
0.4433
0.4433
0.4433
0.4433
0.4433
0.4433
0.4433
0.4433
0.4433
0.4433
0.4433
0.4433
0.4433
0.4433
0.4434
0.4524
0.4524
0.4571
0.4707
0.4753
0.4846
0.4982
0.5072
0.5072
0.5072
0.5072
0.5072
0.5072
0.5072
0.5072
0.5072
0.5072
0.5027
0.5026
0.4935
0.4889
0.4844
0.4843
0.4661
0.4524
0.4431
0.4340
0.4158
0.4113
0.4109
0.3838
0.3701
0.3610
0.3565
0.3609
0.3519
0.3519
0.3473
0.3427
0.3427
0.3427
0.3427
0.3427
0.3427
136.1
133.3
130.9
129.3
128.1
127.3
126.9
126.7
126.7
126.8
126.8
127.0
127.0
127.2
127.5
127.7
127.7
127.6
127.0
125.1
122.5
118.5
113.3
107.9
102.9
98.94
96.08
93.33
89.50
84.77
80.35
77.04
75.11
73.82
73.59
73.69
73.88
74.07
74.33
74.60
74.75
74.74
74.69
74.57
74.32
73.83
73.20
72.50
71.70
70.87
69.96
69.04
68.13
67.22
66.15
65.09
63.91
61.54
55.15
47.49
45.79
44.38
42.82
41.22
39.82
38.40
36.58
34.49
32.60
30.58
28.49
26.30
24.22
22.34
20.30
18.22
15.86
10.59
7.282
5.871
1.908
0.7367
0.3524
0.1108
0.0733
0.0686
0.0685
0.0685
0.0685
0.0731
0.0799
0.0980
0.1073
0.1209
0.1302
0.1438
0.1599
0.1667
0.1895
0.1987
0.2079
0.2147
0.2261
0.2443
0.2535
0.2695
0.2764
0.2878
0.2947
0.3084
0.3175
0.3289
0.3427
0.3518
0.3541
0.3587
0.3633
0.3791
0.3793
0.3816
0.3906
0.3930
0.3975
0.4044
0.4022
0.4021
0.4067
0.4112
0.4090
0.4090
0.4090
0.4090
0.4090
0.4135
0.4113
0.4113
0.4135
0.4158
0.4181
0.4204
0.4250
0.4273
0.4364
0.4477
0.4638
0.4797
0.4957
0.4958
0.4958
0.4981
0.5004
0.5050
0.5072
0.5050
0.5050
0.5050
0.5050
0.5050
0.5050
0.5050
0.5004
0.4891
0.4799
0.4707
0.4548
0.4479
0.4389
0.4251
0.4113
0.4023
0.3931
0.3839
0.3725
0.3724
0.3656
0.3633
0.3610
0.3565
0.3542
0.3496
0.3473
136.3
133.8
131.6
130.1
129.0
128.2
127.7
127.5
127.5
127.6
127.8
128.0
128.4
128.7
129.0
129.5
129.9
130.1
130.3
130.3
129.5
127.9
125.5
121.9
117.3
112.2
107.5
103.6
100.5
97.64
94.15
89.81
85.29
81.46
79.04
77.64
77.08
77.17
77.29
77.42
77.56
77.65
77.79
77.87
77.89
77.84
77.83
77.68
77.29
76.60
75.82
74.89
73.90
72.90
71.90
70.94
69.78
68.51
67.18
65.32
52.80
48.42
46.83
45.17
43.22
41.56
39.72
37.39
34.88
32.59
30.10
27.75
25.11
22.80
20.74
18.59
16.46
14.50
12.29
9.759
5.173
3.627
0.8374
0.4572
0.2597
0.1005
0.0983
0.1052
0.1166
0.1281
0.1394
0.1486
0.1600
0.1692
0.1852
0.1965
0.2057
0.2149
0.2354
0.2400
0.2537
0.2652
0.2765
0.2857
0.2971
0.3041
0.3199
0.3268
0.3382
0.3451
0.3542
0.3679
0.3748
0.3816
0.3885
0.3998
0.3999
0.4045
0.4159
0.4204
0.4204
0.4204
0.4205
0.4227
0.4227
0.4227
0.4227
0.4227
0.4250
0.4250
0.4250
0.4273
0.4296
0.4319
0.4341
0.4364
0.4388
0.4456
0.4501
0.4526
0.4661
0.4707
0.4754
0.4890
0.4935
0.4935
0.4935
0.4935
0.4935
0.4935
0.4913
0.4913
0.4912
0.4866
0.4821
0.4775
0.4728
0.4614
0.4478
0.4433
0.4318
0.4226
0.4135
0.4067
0.3975
0.3883
0.3769
0.3678
0.3587
0.3542
0.3541
0.3518
0.3450
0.3450
0.3450
0.3450
0.3450
0.3450
0.3450
0.3450
0.3450
136.1
134.1
132.4
131.2
130.4
130.0
129.8
129.7
129.8
130.0
130.3
130.6
130.9
131.4
132.0
132.6
133.2
133.9
134.9
135.9
136.9
137.9
138.5
138.4
137.5
135.8
133.0
129.4
125.1
120.8
117.0
113.9
111.4
108.8
105.3
100.8
95.89
91.59
88.67
86.83
85.73
85.59
85.54
85.45
85.26
84.99
84.61
84.08
83.42
82.73
81.96
81.15
80.26
79.25
78.10
76.97
75.77
74.39
72.97
71.38
67.94
54.40
50.50
48.94
47.29
45.60
43.82
41.68
38.43
35.58
33.18
30.83
28.06
24.89
22.30
19.94
17.30
15.10
13.02
10.60
5.893
4.516
1.498
0.8793
0.4781
0.2827
0.1586
0.1237
0.1188
0.1188
0.1188
0.1188
0.1188
0.1393
0.1485
0.1598
0.1713
0.1782
0.1850
0.1987
0.2102
0.2148
0.2328
0.2443
0.2445
0.2536
0.2673
0.2810
0.2901
0.2947
0.2970
0.3107
0.3198
0.3267
0.3312
0.3404
0.3472
0.3564
0.3587
0.3633
0.3679
0.3724
0.3793
0.3793
0.3793
0.3861
0.3861
0.3884
0.3884
0.3907
0.3930
0.3975
0.3976
0.3976
0.3976
0.3998
0.4066
0.4158
0.4204
0.4227
0.4227
0.4250
0.4318
0.4341
0.4409
0.4478
0.4479
0.4547
0.4547
0.4615
0.4615
0.4615
0.4615
0.4615
0.4615
0.4615
0.4615
0.4615
0.4638
0.4616
0.4571
0.4479
0.4388
0.4319
0.4228
0.4159
0.4045
0.4021
0.3908
0.3839
0.3793
0.3725
0.3656
0.3611
0.3610
0.3587
0.3542
0.3542
0.3519
0.3519
0.3473
136.2
134.8
133.7
132.9
132.5
132.5
132.7
133.0
133.7
134.6
135.8
137.0
138.5
140.1
141.7
143.4
145.1
146.6
148.4
150.3
152.4
154.8
157.5
160.4
163.4
166.4
169.3
171.9
173.7
174.9
175.4
174.9
173.5
171.1
167.9
164.4
161.1
158.1
155.5
152.6
148.5
142.9
135.9
128.2
120.9
115.2
110.6
106.1
103.2
101.7
100.3
98.85
97.11
95.22
93.07
90.76
88.33
85.89
83.25
80.42
77.54
72.22
56.98
50.10
47.67
45.10
42.56
40.18
37.76
34.99
32.13
29.50
27.03
24.46
21.83
19.79
17.79
15.30
12.77
10.81
6.298
4.274
1.753
1.067
0.5870
0.2723
0.1618
0.1165
0.1166
0.1234
0.1280
0.1394
0.1417
0.1577
0.1668
0.1738
0.1852
0.1966
0.2103
0.2194
0.2286
0.2377
0.2469
0.2559
0.2652
0.2765
0.2788
0.2948
0.3040
0.3131
0.3177
0.3245
0.3314
0.3405
0.3428
0.3474
0.3543
0.3634
0.3656
0.3702
0.3724
0.3725
0.3770
0.3770
0.3794
0.3838
0.3839
0.3861
0.3862
0.3884
0.3907
0.3907
0.3931
0.3976
0.3999
0.4067
0.4090
0.4159
0.4227
0.4227
0.4227
0.4204
0.4204
0.4204
0.4204
0.4204
0.4204
0.4204
0.4204
0.4204
0.4181
0.4135
0.4113
0.4113
0.4113
0.4113
0.4090
0.4065
0.3930
0.3905
0.3747
0.3769
0.3701
0.3609
0.3541
0.3496
0.3496
0.3517
0.3450
0.3449
0.3381
0.3313
0.3313
0.3336
0.3359
0.3359
0.3359
0.3359
0.3359
0.3359
0.3359
136.1
135.4
135.0
134.9
135.1
135.6
136.3
137.5
138.8
140.3
142.1
144.0
146.2
148.6
151.4
154.7
158.6
162.7
167.1
171.4
175.8
180.0
184.1
188.2
192.4
196.7
201.1
205.7
210.3
215.0
219.6
224.1
228.4
232.5
236.6
239.9
242.5
244.5
245.6
245.7
244.8
242.8
239.7
235.8
231.3
226.2
221.2
216.1
210.3
203.5
195.0
184.6
172.7
160.1
147.8
137.0
128.2
120.6
113.5
107.5
102.1
96.84
91.56
80.56
62.23
55.89
52.04
48.05
44.32
40.66
37.11
33.36
29.51
25.53
21.79
18.66
15.64
12.88
10.39
8.080
4.044
1.523
1.052
0.7788
0.5622
0.4048
0.2716
0.1632
0.1192
0.1029
0.1005
0.1005
0.1005
0.1028
0.1051
0.1051
0.1142
0.1188
0.1234
0.1347
0.1416
0.1462
0.1576
0.1690
0.1736
0.1782
0.1851
0.1986
0.2123
0.2170
0.2193
0.2239
0.2307
0.2399
0.2467
0.2513
0.2536
0.2581
0.2673
0.2673
0.2673
0.2696
0.2719
0.2719
0.2741
0.2764
0.2810
0.2810
0.2878
0.2879
0.2924
0.2925
0.2925
0.2970
0.2993
0.3039
0.3062
0.3152
0.3176
0.3335
0.3359
0.3382
0.3450
0.3473
0.3473
0.3519
0.3564
0.3542
0.3542
0.3542
0.3542
0.3564
0.3610
0.3610
0.3610
0.3610
0.3610
0.3655
0.3656
0.3633
0.3633
0.3633
0.3633
0.3656
0.3633
0.3588
0.3565
0.3519
0.3473
0.3450
0.3428
0.3427
0.3359
0.3336
0.3336
0.3336
0.3336
0.3313
0.3359
0.3290
0.3359
