SALVI
1
0
72
5.0
181
1.0
250109_5 SNAP 350 3000K SP5L 085_2 PMMA S
250109_5 SNAP SP5L 085_2 PMMA S

250109_5 SNAP 350 3000K SP5L 085_2 PMMA S.ldt
7 Agost 2025/TB
240
0
90
160
10
0
0
0
0
99.82
99.99
1.00
0.00
1
1
16 LED 5050
5346.40

70
38.80
0.33
0.43
0.52
0.60
0.65
0.73
0.77
0.81
0.85
0.88
0.00
5.00
10.00
15.00
20.00
25.00
30.00
35.00
40.00
45.00
50.00
55.00
60.00
65.00
70.00
75.00
80.00
85.00
90.00
95.00
100.00
105.00
110.00
115.00
120.00
125.00
130.00
135.00
140.00
145.00
150.00
155.00
160.00
165.00
170.00
175.00
180.00
185.00
190.00
195.00
200.00
205.00
210.00
215.00
220.00
225.00
230.00
235.00
240.00
245.00
250.00
255.00
260.00
265.00
270.00
275.00
280.00
285.00
290.00
295.00
300.00
305.00
310.00
315.00
320.00
325.00
330.00
335.00
340.00
345.00
350.00
355.00
0.00
1.00
2.00
3.00
4.00
5.00
6.00
7.00
8.00
9.00
10.00
11.00
12.00
13.00
14.00
15.00
16.00
17.00
18.00
19.00
20.00
21.00
22.00
23.00
24.00
25.00
26.00
27.00
28.00
29.00
30.00
31.00
32.00
33.00
34.00
35.00
36.00
37.00
38.00
39.00
40.00
41.00
42.00
43.00
44.00
45.00
46.00
47.00
48.00
49.00
50.00
51.00
52.00
53.00
54.00
55.00
56.00
57.00
58.00
59.00
60.00
61.00
62.00
63.00
64.00
65.00
66.00
67.00
68.00
69.00
70.00
71.00
72.00
73.00
74.00
75.00
76.00
77.00
78.00
79.00
80.00
81.00
82.00
83.00
84.00
85.00
86.00
87.00
88.00
89.00
90.00
91.00
92.00
93.00
94.00
95.00
96.00
97.00
98.00
99.00
100.00
101.00
102.00
103.00
104.00
105.00
106.00
107.00
108.00
109.00
110.00
111.00
112.00
113.00
114.00
115.00
116.00
117.00
118.00
119.00
120.00
121.00
122.00
123.00
124.00
125.00
126.00
127.00
128.00
129.00
130.00
131.00
132.00
133.00
134.00
135.00
136.00
137.00
138.00
139.00
140.00
141.00
142.00
143.00
144.00
145.00
146.00
147.00
148.00
149.00
150.00
151.00
152.00
153.00
154.00
155.00
156.00
157.00
158.00
159.00
160.00
161.00
162.00
163.00
164.00
165.00
166.00
167.00
168.00
169.00
170.00
171.00
172.00
173.00
174.00
175.00
176.00
177.00
178.00
179.00
180.00
418.60
425.40
432.20
439.50
447.30
453.90
460.70
466.40
473.50
481.00
486.80
493.00
498.80
504.30
508.90
513.10
517.10
520.90
524.50
526.90
529.10
531.50
534.00
535.60
537.60
538.70
539.30
540.10
539.70
538.30
537.00
536.90
535.40
533.80
532.60
529.90
528.20
526.50
523.30
520.90
517.30
512.40
507.50
502.20
495.90
488.90
481.60
473.00
465.00
454.90
444.00
431.10
417.20
398.30
374.70
345.10
313.10
280.00
249.50
220.30
192.30
164.60
138.70
115.60
93.47
74.56
59.48
51.98
44.68
37.38
33.69
30.56
27.97
25.69
23.48
21.54
19.34
18.13
15.76
14.09
12.78
11.33
9.82
8.51
6.41
4.46
2.26
1.45
1.09
0.83
0.63
0.41
0.21
0.09
0.08
0.08
0.08
0.08
0.08
0.08
0.08
0.08
0.09
0.09
0.09
0.09
0.10
0.10
0.10
0.11
0.11
0.11
0.11
0.11
0.12
0.12
0.12
0.12
0.12
0.13
0.13
0.13
0.13
0.14
0.14
0.14
0.14
0.15
0.15
0.16
0.16
0.16
0.17
0.17
0.18
0.19
0.19
0.20
0.21
0.21
0.22
0.22
0.23
0.24
0.25
0.25
0.26
0.27
0.28
0.28
0.29
0.30
0.31
0.32
0.33
0.34
0.35
0.36
0.37
0.38
0.38
0.39
0.40
0.41
0.42
0.43
0.45
0.45
0.46
0.47
0.48
0.49
0.50
0.52
0.53
0.54
0.55
0.56
0.57
0.58
0.59
416.70
423.80
431.80
438.60
447.30
454.60
462.10
469.10
476.90
483.30
491.20
498.80
504.30
511.60
516.60
521.30
526.20
531.10
534.10
538.00
541.80
544.30
547.70
550.90
553.20
555.50
557.40
557.60
558.20
559.00
558.30
558.60
556.60
556.50
555.80
553.90
553.20
550.90
548.90
545.60
542.30
537.90
533.50
527.90
522.80
516.20
509.90
502.70
495.80
486.30
475.90
464.50
450.60
431.60
405.20
373.00
338.00
303.40
271.80
239.50
208.60
177.40
147.30
124.70
102.10
79.72
62.14
52.02
44.60
39.21
35.31
32.13
29.56
27.51
25.74
23.70
21.45
19.76
17.94
16.04
14.41
13.14
11.85
10.96
8.95
6.60
3.09
1.67
1.21
0.91
0.69
0.46
0.25
0.11
0.08
0.08
0.09
0.09
0.10
0.10
0.10
0.10
0.11
0.11
0.11
0.11
0.12
0.12
0.12
0.12
0.13
0.13
0.13
0.13
0.13
0.14
0.14
0.14
0.14
0.15
0.15
0.15
0.15
0.15
0.16
0.16
0.16
0.17
0.17
0.17
0.18
0.18
0.19
0.19
0.20
0.20
0.21
0.22
0.22
0.23
0.24
0.24
0.25
0.25
0.26
0.27
0.28
0.28
0.29
0.30
0.31
0.32
0.33
0.33
0.34
0.35
0.36
0.37
0.38
0.39
0.40
0.41
0.42
0.43
0.44
0.45
0.46
0.47
0.48
0.49
0.50
0.51
0.52
0.54
0.55
0.56
0.57
0.58
0.59
0.59
0.59
417.20
425.20
433.70
440.90
449.50
457.30
464.80
472.70
480.60
489.60
497.40
505.20
512.20
518.80
524.80
531.20
536.20
541.70
547.00
551.00
555.80
559.30
563.30
566.30
570.50
572.70
574.80
576.80
577.90
578.50
578.60
577.80
577.00
575.80
576.10
573.80
571.70
570.60
568.00
565.20
561.80
558.30
553.60
548.20
542.10
536.50
529.60
522.30
515.90
507.40
497.40
486.20
472.90
452.60
422.90
387.90
350.40
314.00
278.10
241.90
205.70
172.00
143.20
117.70
95.32
77.23
63.07
55.48
48.01
40.54
36.83
33.62
31.50
29.53
27.79
25.49
23.36
21.25
19.41
17.10
15.55
14.36
13.01
11.56
10.77
7.57
3.08
1.71
1.25
0.95
0.71
0.45
0.24
0.10
0.08
0.08
0.08
0.08
0.08
0.08
0.08
0.09
0.09
0.09
0.10
0.10
0.10
0.10
0.11
0.11
0.11
0.11
0.11
0.11
0.12
0.12
0.12
0.12
0.13
0.13
0.13
0.13
0.13
0.14
0.14
0.14
0.14
0.15
0.15
0.15
0.16
0.17
0.17
0.17
0.18
0.19
0.19
0.20
0.21
0.21
0.22
0.22
0.23
0.24
0.24
0.25
0.26
0.26
0.27
0.28
0.29
0.30
0.31
0.31
0.32
0.33
0.34
0.35
0.36
0.37
0.38
0.39
0.40
0.41
0.42
0.43
0.44
0.45
0.46
0.47
0.48
0.49
0.50
0.52
0.53
0.54
0.55
0.56
0.58
0.59
0.59
416.00
424.30
432.30
440.80
449.40
457.60
465.60
474.00
482.60
492.00
500.70
509.50
517.40
524.90
532.70
539.10
546.20
553.50
560.10
565.90
571.40
576.50
581.10
585.50
588.10
590.40
591.60
591.50
593.00
592.20
591.90
591.40
591.80
590.80
589.70
588.80
587.40
586.10
584.30
581.20
579.00
576.20
572.60
568.50
562.90
558.00
551.30
543.60
537.10
528.10
520.10
510.70
499.60
481.20
452.30
414.50
373.20
334.10
293.80
252.20
212.90
178.40
148.60
126.10
103.50
81.18
67.41
57.96
49.73
43.92
39.14
36.40
33.77
31.12
29.13
26.25
23.72
21.36
19.37
17.34
15.89
14.99
13.50
11.88
11.00
8.10
3.67
1.88
1.35
1.00
0.76
0.50
0.27
0.11
0.08
0.09
0.09
0.10
0.10
0.10
0.11
0.11
0.11
0.11
0.11
0.12
0.12
0.12
0.12
0.12
0.13
0.13
0.13
0.13
0.14
0.14
0.14
0.14
0.14
0.15
0.15
0.15
0.15
0.16
0.16
0.16
0.16
0.17
0.17
0.17
0.18
0.18
0.19
0.19
0.20
0.20
0.21
0.22
0.22
0.23
0.23
0.24
0.25
0.25
0.26
0.27
0.28
0.28
0.29
0.30
0.30
0.31
0.32
0.33
0.34
0.35
0.36
0.36
0.37
0.38
0.39
0.40
0.41
0.42
0.43
0.44
0.45
0.47
0.47
0.48
0.49
0.51
0.52
0.54
0.55
0.56
0.57
0.58
0.60
0.60
0.60
417.00
425.20
433.10
442.10
450.90
459.50
468.40
476.90
486.40
496.50
505.80
514.50
523.70
532.40
541.10
550.30
558.30
565.70
572.90
579.20
584.50
590.40
595.50
599.00
602.50
605.30
607.20
609.10
610.20
608.90
609.20
608.80
607.90
607.30
605.20
604.10
601.60
599.80
596.90
595.50
593.70
590.60
587.10
583.40
579.10
573.10
566.30
559.90
553.10
543.60
534.60
525.00
513.30
498.10
471.80
435.40
393.20
349.90
304.80
258.40
216.00
180.80
147.60
119.30
99.02
83.62
70.79
60.63
54.12
47.65
41.19
38.36
34.61
31.80
28.81
25.84
23.31
20.86
19.14
16.95
15.94
15.11
14.08
11.19
10.12
7.95
3.41
1.83
1.35
1.02
0.77
0.48
0.25
0.10
0.09
0.08
0.08
0.08
0.08
0.09
0.08
0.09
0.09
0.09
0.09
0.10
0.10
0.11
0.11
0.11
0.11
0.11
0.11
0.12
0.12
0.12
0.12
0.12
0.13
0.13
0.13
0.13
0.14
0.14
0.14
0.14
0.14
0.15
0.15
0.16
0.16
0.17
0.17
0.17
0.18
0.18
0.19
0.20
0.20
0.21
0.22
0.22
0.23
0.24
0.24
0.25
0.25
0.26
0.27
0.28
0.29
0.29
0.30
0.31
0.32
0.33
0.34
0.35
0.35
0.36
0.37
0.38
0.39
0.40
0.41
0.42
0.43
0.45
0.46
0.47
0.48
0.49
0.50
0.52
0.53
0.54
0.56
0.57
0.58
0.59
0.60
416.70
424.00
432.10
440.70
450.10
459.10
467.80
477.20
487.90
497.10
507.30
517.80
527.30
536.80
545.70
555.60
563.60
571.70
578.80
584.90
591.50
597.90
603.60
610.30
616.40
621.50
625.80
627.70
629.10
630.20
629.20
627.90
626.60
624.30
622.10
619.60
615.70
612.90
609.80
607.20
604.70
600.60
596.00
592.20
586.90
581.60
576.40
570.90
564.60
557.70
550.20
539.30
530.20
520.50
504.80
477.30
437.50
390.40
340.00
287.50
238.30
197.50
160.70
137.70
114.80
91.96
77.95
67.07
57.39
49.33
42.72
38.07
34.78
31.80
29.31
25.81
23.56
21.41
19.30
17.68
16.06
16.25
15.62
12.15
10.60
8.64
3.86
2.02
1.47
1.09
0.82
0.54
0.28
0.12
0.08
0.08
0.09
0.09
0.10
0.10
0.10
0.10
0.11
0.11
0.11
0.12
0.12
0.12
0.12
0.12
0.13
0.13
0.13
0.13
0.14
0.14
0.14
0.14
0.14
0.15
0.15
0.15
0.15
0.15
0.16
0.16
0.16
0.17
0.17
0.17
0.18
0.18
0.19
0.20
0.20
0.20
0.21
0.22
0.22
0.23
0.23
0.24
0.25
0.25
0.26
0.27
0.27
0.28
0.29
0.30
0.30
0.31
0.32
0.33
0.34
0.34
0.35
0.36
0.37
0.38
0.39
0.40
0.41
0.42
0.43
0.45
0.45
0.47
0.47
0.49
0.50
0.51
0.52
0.54
0.55
0.56
0.58
0.59
0.61
0.61
0.61
417.20
425.10
433.10
442.10
451.40
460.20
469.50
479.00
489.10
499.60
510.50
522.00
532.00
541.50
550.30
559.80
568.10
576.80
583.50
590.80
598.00
605.70
614.50
622.80
630.50
636.60
642.40
646.20
649.40
650.60
650.00
647.40
643.20
638.80
634.50
630.60
625.80
622.10
618.90
614.10
610.50
606.40
601.70
596.00
591.30
586.20
581.30
576.00
570.60
565.00
558.70
553.10
545.40
536.80
528.80
513.70
482.60
441.00
383.60
322.10
266.40
217.10
176.70
146.50
123.90
105.60
89.01
76.45
64.52
57.26
50.06
42.86
37.52
33.15
29.93
26.59
23.97
21.60
19.49
17.80
15.88
15.92
15.24
12.89
11.87
8.66
3.75
2.06
1.51
1.12
0.82
0.51
0.28
0.11
0.08
0.08
0.08
0.08
0.08
0.08
0.08
0.08
0.09
0.09
0.09
0.09
0.10
0.10
0.10
0.10
0.11
0.11
0.11
0.11
0.11
0.12
0.12
0.12
0.12
0.12
0.13
0.13
0.13
0.14
0.14
0.14
0.14
0.15
0.15
0.15
0.16
0.17
0.17
0.17
0.18
0.19
0.19
0.20
0.20
0.21
0.22
0.22
0.23
0.23
0.24
0.24
0.25
0.26
0.27
0.27
0.28
0.29
0.30
0.31
0.31
0.32
0.33
0.34
0.35
0.36
0.37
0.38
0.39
0.40
0.41
0.42
0.44
0.45
0.46
0.47
0.48
0.49
0.51
0.52
0.53
0.55
0.56
0.58
0.60
0.60
0.61
415.80
423.40
432.00
440.40
450.00
459.60
469.00
478.30
488.40
499.40
511.00
521.40
532.30
541.30
550.60
559.70
568.70
577.90
586.10
593.60
601.80
610.20
619.30
628.20
635.90
644.40
650.90
656.50
660.00
661.80
661.60
659.40
656.00
650.30
645.10
638.60
633.00
627.50
622.60
616.80
612.20
607.50
603.10
599.00
594.70
590.30
586.40
581.70
578.30
574.40
570.90
568.10
564.30
558.30
550.70
544.70
534.80
513.80
479.50
414.40
338.90
274.50
217.50
180.00
154.50
134.60
114.70
94.77
79.79
67.29
56.38
48.47
42.34
37.83
33.59
29.47
26.10
23.47
20.92
18.93
17.26
15.52
14.82
13.94
12.91
9.71
5.01
2.23
1.57
1.19
0.89
0.58
0.30
0.12
0.08
0.08
0.09
0.09
0.09
0.10
0.10
0.10
0.10
0.10
0.11
0.11
0.11
0.11
0.12
0.12
0.12
0.12
0.13
0.13
0.13
0.13
0.14
0.14
0.14
0.14
0.14
0.15
0.15
0.15
0.15
0.16
0.16
0.17
0.17
0.17
0.18
0.18
0.19
0.19
0.20
0.20
0.21
0.22
0.22
0.23
0.23
0.24
0.24
0.25
0.26
0.27
0.27
0.28
0.29
0.29
0.30
0.31
0.31
0.33
0.33
0.34
0.35
0.36
0.37
0.38
0.39
0.40
0.41
0.42
0.43
0.44
0.45
0.47
0.48
0.49
0.50
0.51
0.53
0.54
0.56
0.57
0.58
0.60
0.61
0.62
0.62
416.80
424.50
433.00
441.60
451.10
460.00
468.60
478.90
489.20
500.40
511.50
522.10
531.70
542.30
551.30
561.60
569.80
579.50
587.70
594.80
603.60
611.40
620.80
628.60
636.80
644.10
648.20
653.00
655.10
656.20
657.30
655.50
653.10
648.80
643.70
637.70
630.40
624.90
618.40
613.10
607.20
603.30
599.40
595.80
592.30
590.10
587.70
583.80
582.40
580.60
579.80
580.70
581.20
580.70
580.70
588.70
605.40
615.60
616.00
591.00
532.20
406.20
311.60
244.50
201.00
170.40
143.40
121.40
102.80
85.92
72.34
62.12
55.11
48.13
41.15
35.09
30.77
26.66
24.46
22.08
19.80
17.62
15.00
14.17
12.76
9.99
4.10
2.19
1.59
1.18
0.86
0.54
0.29
0.10
0.08
0.08
0.08
0.08
0.08
0.08
0.08
0.08
0.08
0.09
0.09
0.09
0.09
0.09
0.09
0.10
0.10
0.11
0.11
0.11
0.11
0.11
0.11
0.12
0.12
0.12
0.12
0.13
0.13
0.14
0.14
0.14
0.14
0.15
0.15
0.15
0.16
0.17
0.17
0.18
0.18
0.19
0.19
0.20
0.20
0.21
0.22
0.22
0.23
0.23
0.24
0.25
0.25
0.26
0.27
0.28
0.28
0.29
0.30
0.31
0.31
0.32
0.33
0.34
0.35
0.36
0.37
0.38
0.39
0.40
0.41
0.43
0.44
0.45
0.46
0.47
0.48
0.50
0.51
0.53
0.54
0.56
0.57
0.58
0.60
0.61
0.62
416.00
423.40
431.40
439.60
449.00
458.30
467.10
476.90
487.10
498.00
509.40
519.30
528.60
538.40
549.10
559.20
568.40
577.20
584.50
592.20
600.50
607.90
614.20
620.80
627.30
631.70
635.50
638.50
640.60
643.10
643.10
642.70
640.70
638.10
634.40
630.40
625.00
618.60
611.00
605.10
599.60
596.30
592.80
589.90
588.10
586.60
585.10
583.20
583.60
584.90
588.50
594.50
606.40
625.20
647.70
669.60
705.20
747.50
769.60
756.10
702.70
618.60
506.60
375.10
292.50
237.90
198.90
168.50
140.90
121.60
102.30
83.17
70.36
60.53
52.87
45.31
38.87
33.95
29.22
25.86
21.14
19.05
16.38
14.32
14.00
11.04
4.81
2.43
1.71
1.30
0.97
0.62
0.32
0.13
0.08
0.08
0.08
0.09
0.09
0.09
0.10
0.10
0.10
0.10
0.11
0.11
0.11
0.11
0.12
0.12
0.12
0.12
0.12
0.13
0.13
0.13
0.13
0.14
0.14
0.14
0.15
0.15
0.15
0.15
0.16
0.16
0.16
0.17
0.17
0.18
0.18
0.19
0.19
0.20
0.20
0.21
0.21
0.22
0.23
0.23
0.24
0.24
0.25
0.25
0.26
0.27
0.28
0.28
0.29
0.30
0.30
0.31
0.32
0.33
0.33
0.34
0.36
0.36
0.37
0.38
0.39
0.40
0.41
0.43
0.43
0.45
0.46
0.47
0.48
0.49
0.50
0.52
0.53
0.55
0.56
0.58
0.59
0.61
0.62
0.63
0.63
416.40
424.10
431.40
439.90
450.00
458.00
466.60
476.30
486.40
496.70
507.50
516.20
525.70
536.30
546.70
556.10
564.90
573.80
581.20
588.80
594.20
600.30
604.70
610.10
614.00
617.80
621.30
624.60
625.00
625.90
625.20
625.10
622.50
619.00
615.40
610.50
605.10
599.10
594.70
590.70
586.00
582.10
580.90
578.80
578.60
578.60
578.40
579.80
584.70
593.10
609.30
633.10
659.20
685.10
731.30
787.20
835.10
860.20
840.40
803.50
732.10
657.60
591.80
503.80
382.40
295.10
241.50
205.20
172.70
142.20
120.50
103.10
87.73
76.53
65.26
55.84
48.51
41.21
35.86
29.00
24.11
20.15
16.76
15.16
14.54
9.30
4.45
2.41
1.72
1.33
0.96
0.58
0.31
0.11
0.08
0.08
0.08
0.08
0.08
0.08
0.08
0.08
0.08
0.08
0.09
0.09
0.09
0.09
0.09
0.10
0.10
0.10
0.10
0.11
0.11
0.11
0.12
0.12
0.12
0.12
0.13
0.13
0.13
0.14
0.14
0.15
0.15
0.15
0.16
0.16
0.17
0.17
0.18
0.18
0.19
0.19
0.20
0.21
0.21
0.22
0.22
0.23
0.24
0.24
0.25
0.25
0.26
0.27
0.27
0.28
0.29
0.30
0.30
0.31
0.32
0.33
0.34
0.35
0.36
0.37
0.38
0.39
0.40
0.41
0.42
0.43
0.44
0.45
0.46
0.47
0.49
0.50
0.51
0.53
0.55
0.56
0.58
0.59
0.61
0.61
0.63
416.30
422.60
430.00
438.20
446.90
455.70
463.40
472.70
482.70
492.50
502.20
511.70
520.20
529.10
539.00
549.10
556.70
565.50
572.40
577.60
582.50
587.20
591.00
593.60
597.00
599.70
601.60
603.20
604.00
603.50
602.70
600.40
597.80
592.70
588.00
583.80
580.30
576.00
572.60
570.00
567.10
565.40
564.50
564.50
564.70
568.30
572.90
579.60
591.30
611.00
635.00
665.30
707.40
761.00
814.00
860.80
879.80
860.80
844.60
803.00
731.90
675.70
621.80
555.80
467.50
368.40
283.90
235.30
199.30
165.30
137.30
119.80
102.30
84.91
71.79
61.00
50.43
43.43
37.13
32.21
25.45
20.38
17.12
16.75
13.86
8.97
5.17
2.51
1.81
1.39
1.03
0.66
0.34
0.13
0.08
0.08
0.08
0.08
0.09
0.09
0.09
0.10
0.10
0.10
0.10
0.10
0.11
0.11
0.11
0.11
0.12
0.12
0.12
0.13
0.13
0.13
0.13
0.14
0.14
0.14
0.15
0.15
0.15
0.16
0.16
0.16
0.17
0.17
0.18
0.18
0.19
0.19
0.20
0.20
0.21
0.22
0.22
0.23
0.23
0.24
0.24
0.25
0.25
0.26
0.27
0.28
0.28
0.29
0.29
0.30
0.31
0.32
0.33
0.33
0.34
0.35
0.36
0.37
0.38
0.39
0.40
0.41
0.42
0.43
0.44
0.45
0.46
0.47
0.48
0.49
0.50
0.52
0.54
0.55
0.56
0.58
0.60
0.61
0.62
0.63
0.63
416.10
423.30
430.20
437.40
446.50
454.50
462.30
469.70
479.50
489.30
498.70
507.40
515.80
525.00
532.80
541.10
549.30
556.20
561.30
565.90
569.50
571.80
574.30
577.10
579.30
579.00
580.10
579.40
579.40
578.00
575.50
571.60
566.30
561.10
556.50
553.60
550.40
546.60
543.70
541.20
539.90
538.60
539.60
541.20
544.50
551.50
562.60
578.40
600.00
624.70
660.70
710.30
762.50
810.90
847.20
850.70
831.80
825.50
799.40
748.60
698.50
646.70
586.80
514.70
428.60
346.80
274.50
221.00
182.10
152.80
128.20
106.60
88.73
75.26
64.42
55.47
46.55
37.63
31.62
26.90
23.31
19.24
17.20
15.59
11.00
7.57
4.22
2.36
1.74
1.35
0.98
0.60
0.32
0.11
0.08
0.08
0.08
0.08
0.08
0.08
0.08
0.08
0.08
0.08
0.08
0.08
0.09
0.09
0.09
0.10
0.10
0.10
0.11
0.11
0.11
0.11
0.12
0.12
0.12
0.12
0.13
0.13
0.14
0.14
0.15
0.15
0.15
0.16
0.16
0.17
0.18
0.18
0.18
0.19
0.20
0.20
0.21
0.21
0.22
0.23
0.23
0.24
0.24
0.25
0.25
0.26
0.26
0.27
0.28
0.29
0.30
0.30
0.31
0.32
0.33
0.34
0.35
0.36
0.37
0.38
0.38
0.40
0.40
0.42
0.43
0.44
0.45
0.46
0.47
0.48
0.49
0.51
0.52
0.54
0.55
0.56
0.58
0.60
0.61
0.62
0.63
415.20
421.60
428.10
435.30
443.20
450.70
457.50
465.60
474.50
482.40
492.00
500.20
507.20
515.50
522.40
529.80
536.30
542.00
546.80
550.10
552.80
555.60
557.20
557.80
557.00
557.90
556.20
554.50
553.30
549.30
544.30
539.60
534.70
530.90
526.50
522.40
518.40
515.20
511.80
508.70
506.00
503.90
505.00
507.50
513.30
523.70
538.80
557.10
581.90
616.10
660.40
708.20
754.40
788.50
789.90
767.40
761.60
753.00
716.90
676.60
638.70
593.60
539.70
475.10
401.10
329.30
268.50
210.80
168.60
143.80
118.90
94.26
78.14
64.47
54.22
45.26
37.22
32.20
27.78
24.01
21.49
20.25
16.67
13.51
10.07
7.41
4.38
2.42
1.76
1.38
1.02
0.65
0.34
0.14
0.08
0.08
0.08
0.08
0.09
0.09
0.09
0.10
0.10
0.10
0.10
0.10
0.10
0.11
0.11
0.11
0.12
0.12
0.13
0.13
0.13
0.13
0.14
0.14
0.14
0.14
0.15
0.15
0.16
0.16
0.17
0.17
0.17
0.18
0.19
0.19
0.19
0.20
0.21
0.21
0.22
0.22
0.23
0.24
0.24
0.25
0.25
0.26
0.27
0.27
0.28
0.28
0.29
0.30
0.30
0.31
0.32
0.33
0.34
0.34
0.35
0.36
0.37
0.38
0.39
0.40
0.41
0.42
0.43
0.43
0.45
0.45
0.47
0.48
0.49
0.50
0.51
0.53
0.54
0.56
0.57
0.59
0.61
0.62
0.64
0.64
0.64
415.80
422.00
428.20
434.80
441.70
448.70
454.80
462.10
470.40
478.20
486.00
492.90
500.00
506.60
513.00
518.50
524.40
527.80
530.80
532.80
534.50
535.80
535.90
536.00
535.00
533.40
531.50
528.80
524.80
519.10
514.10
508.60
504.40
500.00
495.10
490.00
485.00
480.50
475.60
471.50
468.00
465.60
464.90
467.30
473.40
484.00
498.40
516.80
544.90
579.80
619.60
656.20
683.90
682.80
661.30
661.70
663.30
634.70
603.10
577.60
547.30
509.20
464.50
410.10
349.00
290.20
241.80
194.90
152.00
121.20
98.39
80.08
65.85
55.94
46.14
36.33
30.71
26.60
23.73
21.68
19.80
17.20
13.98
10.84
8.19
5.71
3.46
2.18
1.66
1.29
0.95
0.58
0.31
0.11
0.08
0.08
0.08
0.08
0.08
0.08
0.08
0.08
0.08
0.08
0.09
0.09
0.09
0.09
0.10
0.10
0.10
0.10
0.11
0.11
0.12
0.12
0.12
0.12
0.13
0.13
0.13
0.14
0.14
0.15
0.15
0.15
0.16
0.16
0.17
0.18
0.18
0.19
0.19
0.20
0.21
0.21
0.22
0.22
0.23
0.24
0.24
0.25
0.25
0.26
0.27
0.27
0.28
0.29
0.29
0.30
0.31
0.32
0.32
0.33
0.34
0.35
0.36
0.37
0.38
0.38
0.39
0.40
0.42
0.43
0.43
0.44
0.46
0.46
0.47
0.49
0.49
0.51
0.53
0.54
0.56
0.57
0.59
0.60
0.62
0.63
0.64
415.60
420.80
426.10
432.60
438.90
444.90
450.80
456.50
463.20
470.60
477.20
483.80
490.10
495.50
500.60
504.90
508.60
511.20
512.90
513.30
514.10
514.00
512.90
511.10
509.20
507.20
504.80
501.50
497.20
490.90
486.40
480.60
475.80
470.00
463.50
457.60
452.10
445.60
439.90
434.80
430.00
425.40
422.10
421.20
423.70
429.60
439.50
454.30
473.30
498.60
524.40
546.80
554.90
542.30
534.20
531.40
510.10
484.40
462.30
441.70
417.90
390.10
358.30
322.10
281.50
239.60
201.60
169.50
140.80
112.00
83.26
66.75
53.34
43.49
35.95
29.98
26.03
23.14
21.05
19.17
16.38
13.48
11.29
8.91
7.02
5.34
3.46
2.13
1.64
1.29
0.98
0.62
0.33
0.13
0.08
0.08
0.09
0.09
0.09
0.10
0.10
0.10
0.10
0.10
0.10
0.11
0.11
0.11
0.12
0.12
0.12
0.13
0.13
0.13
0.14
0.14
0.14
0.15
0.15
0.15
0.16
0.16
0.16
0.17
0.17
0.18
0.19
0.19
0.19
0.20
0.21
0.21
0.22
0.22
0.23
0.24
0.24
0.25
0.25
0.26
0.27
0.27
0.28
0.28
0.29
0.30
0.30
0.31
0.32
0.33
0.33
0.34
0.35
0.36
0.37
0.37
0.38
0.39
0.40
0.41
0.42
0.43
0.44
0.45
0.46
0.47
0.48
0.49
0.50
0.51
0.52
0.53
0.55
0.57
0.58
0.59
0.61
0.62
0.64
0.64
0.64
416.20
421.00
425.00
430.50
436.50
441.80
446.50
451.80
457.30
463.80
470.00
475.30
479.90
484.30
487.70
491.50
493.80
494.30
493.80
493.90
493.10
492.20
490.00
486.90
483.40
480.00
476.70
472.90
467.00
461.60
455.60
450.70
445.20
438.70
432.20
425.20
418.90
411.70
404.50
397.90
391.20
384.60
379.40
375.00
373.70
374.40
378.10
386.30
396.90
409.60
423.20
432.80
430.30
417.20
404.30
385.20
360.10
332.70
305.90
279.50
251.80
223.00
194.60
168.40
144.00
122.00
103.40
88.05
73.87
62.37
54.56
46.82
39.08
33.76
30.19
27.09
24.25
21.70
19.50
16.56
13.97
11.91
10.00
7.81
6.22
4.89
2.95
1.99
1.54
1.20
0.89
0.55
0.30
0.11
0.08
0.08
0.08
0.08
0.08
0.08
0.08
0.08
0.08
0.09
0.09
0.09
0.09
0.10
0.10
0.11
0.11
0.11
0.11
0.12
0.12
0.12
0.12
0.13
0.13
0.14
0.14
0.14
0.15
0.15
0.16
0.17
0.17
0.18
0.18
0.19
0.19
0.20
0.20
0.21
0.22
0.23
0.23
0.24
0.24
0.25
0.26
0.26
0.26
0.27
0.28
0.29
0.29
0.30
0.31
0.31
0.32
0.33
0.34
0.35
0.36
0.36
0.37
0.38
0.39
0.40
0.41
0.42
0.42
0.44
0.44
0.45
0.46
0.47
0.48
0.49
0.50
0.52
0.53
0.55
0.56
0.58
0.60
0.61
0.62
0.63
0.64
415.50
420.20
423.80
427.80
432.90
437.40
441.00
445.30
450.30
455.50
459.90
464.70
468.70
471.50
473.40
475.10
476.00
476.00
475.40
474.20
472.30
470.80
468.10
464.50
459.70
454.90
449.90
444.90
438.60
433.10
426.90
420.60
414.20
406.80
399.50
392.10
384.50
376.90
369.00
361.10
353.60
345.90
338.60
331.20
324.80
320.00
317.60
317.40
320.10
324.70
328.80
330.80
328.30
318.50
303.50
286.00
266.40
245.90
225.20
203.70
182.30
163.60
144.20
127.80
111.30
94.92
81.72
70.86
61.44
53.22
46.98
41.42
36.61
32.36
28.82
25.43
22.54
20.17
18.23
16.28
14.16
12.56
10.61
8.06
6.66
4.92
3.13
1.99
1.53
1.20
0.91
0.59
0.31
0.13
0.09
0.09
0.09
0.09
0.09
0.10
0.10
0.10
0.10
0.11
0.11
0.11
0.11
0.12
0.12
0.12
0.13
0.13
0.13
0.13
0.14
0.14
0.15
0.15
0.15
0.16
0.16
0.17
0.17
0.18
0.18
0.19
0.19
0.20
0.21
0.21
0.22
0.23
0.23
0.24
0.25
0.25
0.26
0.26
0.27
0.27
0.28
0.29
0.29
0.30
0.31
0.31
0.32
0.33
0.33
0.34
0.35
0.36
0.37
0.38
0.38
0.39
0.40
0.41
0.41
0.42
0.43
0.44
0.45
0.46
0.47
0.48
0.49
0.50
0.51
0.51
0.52
0.54
0.56
0.57
0.58
0.60
0.62
0.62
0.64
0.64
0.64
415.90
419.40
422.30
426.20
430.90
433.90
437.30
440.60
443.70
448.00
451.30
454.90
457.00
459.10
460.20
460.90
460.10
459.20
457.90
455.60
453.00
449.70
446.40
441.70
436.30
430.40
424.30
418.90
411.70
405.30
398.20
391.30
383.50
375.40
367.90
358.90
351.00
342.00
333.00
323.90
315.10
306.00
296.60
287.20
278.00
269.80
262.70
257.80
255.30
252.70
250.00
247.10
242.90
236.00
225.60
213.10
199.20
184.80
170.40
156.40
142.00
128.80
114.70
102.70
91.18
79.98
69.14
60.24
54.01
47.82
41.63
37.08
32.91
29.45
26.68
23.69
21.71
18.96
17.19
15.39
13.84
11.90
9.91
7.84
6.35
4.66
2.87
1.87
1.45
1.13
0.84
0.53
0.29
0.11
0.09
0.09
0.09
0.09
0.09
0.09
0.09
0.09
0.09
0.09
0.09
0.09
0.10
0.10
0.11
0.11
0.11
0.11
0.12
0.12
0.12
0.13
0.13
0.14
0.14
0.14
0.15
0.15
0.16
0.17
0.17
0.18
0.18
0.19
0.20
0.20
0.21
0.21
0.22
0.23
0.23
0.24
0.25
0.25
0.26
0.26
0.27
0.28
0.28
0.29
0.30
0.30
0.31
0.32
0.33
0.33
0.34
0.35
0.36
0.37
0.37
0.38
0.39
0.40
0.40
0.41
0.42
0.43
0.44
0.45
0.45
0.46
0.47
0.48
0.49
0.50
0.51
0.53
0.54
0.55
0.57
0.58
0.60
0.61
0.63
0.63
0.64
415.60
417.80
420.80
423.90
427.50
429.60
431.90
434.60
436.70
439.10
441.60
444.30
444.80
445.70
446.30
445.50
443.80
442.70
440.50
437.90
434.30
430.70
425.70
420.10
414.30
408.10
401.60
395.50
388.10
380.80
373.30
365.50
356.80
348.00
339.90
330.40
320.70
311.50
302.00
291.90
281.90
272.10
261.90
252.30
241.50
232.20
222.80
213.80
205.40
198.40
191.60
186.00
179.30
172.60
165.40
157.30
148.20
138.70
129.30
118.60
108.00
97.39
87.78
78.98
71.36
63.32
55.95
49.22
43.35
38.77
35.64
31.45
28.56
26.52
24.31
22.12
19.91
18.39
16.82
15.33
13.97
12.13
10.10
8.38
6.58
4.89
3.29
1.89
1.45
1.14
0.86
0.56
0.30
0.13
0.09
0.09
0.09
0.10
0.10
0.10
0.10
0.10
0.10
0.11
0.11
0.12
0.12
0.12
0.12
0.13
0.13
0.13
0.14
0.14
0.14
0.15
0.15
0.16
0.16
0.17
0.17
0.18
0.18
0.19
0.20
0.20
0.21
0.21
0.22
0.23
0.23
0.24
0.25
0.25
0.26
0.27
0.27
0.28
0.29
0.29
0.30
0.30
0.31
0.32
0.32
0.33
0.34
0.34
0.35
0.36
0.37
0.38
0.38
0.39
0.40
0.41
0.41
0.42
0.43
0.44
0.45
0.45
0.46
0.47
0.48
0.49
0.50
0.51
0.51
0.52
0.53
0.55
0.56
0.58
0.59
0.60
0.62
0.63
0.64
0.64
0.64
415.30
417.50
419.90
421.70
424.70
426.00
427.30
428.50
430.20
431.50
433.50
433.70
434.00
433.50
432.30
430.70
428.60
426.10
423.10
419.10
414.50
409.10
403.80
397.90
391.70
385.20
379.10
372.50
364.90
356.90
348.00
339.50
330.20
320.50
309.20
298.80
288.00
277.30
266.60
255.70
244.50
233.90
223.00
212.00
201.00
190.30
179.50
169.00
158.90
149.00
139.90
131.50
125.00
118.60
112.30
106.50
100.50
95.34
89.44
83.06
76.88
71.03
64.68
58.88
53.81
48.74
43.68
38.79
34.61
31.57
29.75
27.49
25.59
24.23
22.85
21.19
19.88
18.35
16.82
15.64
14.21
12.26
10.15
8.28
6.77
4.84
2.96
1.79
1.39
1.08
0.81
0.51
0.28
0.11
0.09
0.09
0.09
0.09
0.09
0.09
0.09
0.09
0.09
0.09
0.10
0.10
0.11
0.11
0.11
0.11
0.11
0.12
0.12
0.12
0.13
0.13
0.14
0.14
0.15
0.15
0.16
0.17
0.17
0.18
0.18
0.19
0.20
0.21
0.21
0.22
0.23
0.23
0.24
0.24
0.25
0.26
0.26
0.27
0.28
0.28
0.29
0.29
0.30
0.31
0.32
0.32
0.33
0.34
0.35
0.35
0.36
0.37
0.38
0.38
0.39
0.40
0.40
0.41
0.42
0.43
0.43
0.45
0.45
0.46
0.47
0.48
0.49
0.49
0.50
0.51
0.52
0.53
0.55
0.56
0.58
0.59
0.60
0.61
0.63
0.63
0.64
415.60
416.60
417.90
419.30
420.90
422.60
422.20
422.70
423.20
423.40
423.50
423.00
421.90
420.60
418.70
416.20
413.80
410.10
405.90
400.80
396.00
390.30
384.20
377.60
370.80
362.90
355.00
346.90
338.20
328.90
319.00
308.90
297.40
286.30
275.10
263.40
251.50
239.80
228.00
216.50
204.40
192.40
181.20
169.80
158.60
147.80
137.20
127.50
120.10
112.80
105.50
101.20
96.49
91.49
85.39
79.90
74.62
70.16
65.95
62.07
58.03
54.06
50.05
46.34
42.80
39.87
36.65
33.72
31.78
30.26
29.02
27.21
25.31
24.10
22.07
20.50
19.30
18.24
16.63
15.20
13.92
12.41
10.39
8.54
7.10
5.10
3.34
1.83
1.41
1.10
0.82
0.54
0.30
0.13
0.09
0.09
0.09
0.09
0.10
0.10
0.10
0.11
0.11
0.11
0.12
0.12
0.12
0.13
0.13
0.13
0.13
0.14
0.14
0.15
0.15
0.16
0.16
0.17
0.17
0.18
0.18
0.19
0.20
0.20
0.21
0.22
0.22
0.23
0.24
0.25
0.25
0.26
0.27
0.27
0.28
0.29
0.29
0.30
0.30
0.31
0.32
0.32
0.33
0.34
0.35
0.35
0.36
0.37
0.38
0.38
0.39
0.40
0.40
0.41
0.42
0.42
0.43
0.44
0.45
0.45
0.46
0.47
0.48
0.49
0.49
0.50
0.51
0.52
0.52
0.53
0.54
0.56
0.57
0.58
0.60
0.61
0.62
0.63
0.64
0.64
0.64
416.30
416.30
416.80
417.50
418.20
418.60
418.00
417.00
416.30
415.80
414.80
413.00
411.00
407.90
405.00
402.00
398.30
393.10
387.20
381.10
374.50
367.80
360.40
352.20
344.00
334.20
325.00
315.20
305.00
294.30
283.60
272.20
259.80
247.70
235.10
222.40
210.20
197.50
185.40
173.10
161.20
149.80
139.60
131.10
124.80
119.40
114.00
107.50
100.00
94.35
89.64
84.77
80.50
77.12
73.67
69.94
64.02
59.70
56.24
52.81
49.38
46.18
42.86
40.00
37.38
35.12
33.03
31.39
29.89
28.57
27.50
26.20
24.98
23.67
21.84
20.00
18.64
17.44
15.77
14.36
12.65
11.07
9.25
7.69
6.27
4.67
2.84
1.72
1.33
1.04
0.78
0.50
0.28
0.11
0.09
0.09
0.09
0.09
0.09
0.09
0.09
0.09
0.10
0.10
0.10
0.10
0.11
0.11
0.11
0.12
0.12
0.12
0.13
0.13
0.14
0.14
0.15
0.15
0.16
0.17
0.17
0.18
0.19
0.19
0.20
0.21
0.22
0.22
0.23
0.24
0.25
0.25
0.26
0.26
0.27
0.28
0.28
0.29
0.30
0.31
0.31
0.32
0.32
0.33
0.34
0.35
0.35
0.36
0.37
0.38
0.38
0.39
0.40
0.40
0.41
0.42
0.42
0.43
0.44
0.44
0.46
0.46
0.47
0.48
0.48
0.49
0.49
0.51
0.51
0.52
0.53
0.54
0.55
0.57
0.58
0.59
0.61
0.61
0.63
0.63
0.63
415.90
416.00
415.30
414.40
414.50
414.40
413.20
411.60
409.80
407.30
405.40
403.30
400.90
397.30
392.20
387.60
381.80
375.80
369.50
361.80
353.40
345.20
336.40
326.80
316.80
306.70
296.00
285.10
274.20
262.20
249.30
236.90
223.90
211.20
198.30
186.00
173.40
161.80
151.90
143.70
136.80
129.90
121.90
115.30
108.60
102.00
99.21
97.53
96.17
93.61
89.47
84.28
78.49
74.15
71.27
68.53
64.10
60.56
57.07
53.47
49.67
46.11
42.68
39.75
37.14
34.98
32.98
31.09
29.50
28.07
26.56
25.02
23.77
22.25
20.96
19.52
18.49
17.06
15.65
14.06
12.57
10.55
8.95
7.22
5.89
4.44
2.84
1.72
1.35
1.05
0.79
0.53
0.30
0.14
0.09
0.10
0.10
0.10
0.10
0.10
0.11
0.11
0.11
0.12
0.12
0.12
0.13
0.13
0.13
0.14
0.15
0.15
0.15
0.16
0.16
0.17
0.17
0.18
0.19
0.19
0.20
0.21
0.22
0.22
0.23
0.24
0.24
0.25
0.26
0.27
0.27
0.28
0.29
0.29
0.30
0.31
0.31
0.32
0.33
0.34
0.34
0.35
0.36
0.36
0.37
0.38
0.39
0.39
0.40
0.41
0.42
0.42
0.43
0.44
0.44
0.45
0.45
0.46
0.47
0.47
0.48
0.49
0.49
0.50
0.51
0.52
0.52
0.53
0.53
0.54
0.55
0.57
0.58
0.59
0.60
0.61
0.63
0.63
0.63
0.63
0.63
415.50
414.60
413.50
412.70
411.90
410.80
409.00
406.40
403.70
400.40
396.70
393.80
389.90
384.40
377.70
371.50
364.20
356.30
347.90
338.60
329.30
319.40
309.60
298.90
287.60
275.90
263.90
251.80
239.30
226.50
213.70
200.40
187.90
176.20
165.80
156.70
148.20
140.20
131.90
123.40
115.80
109.50
104.80
103.30
103.50
103.20
103.00
102.00
100.20
97.45
93.73
89.57
84.22
79.22
75.61
72.47
68.59
64.97
61.01
56.58
52.13
47.69
44.12
40.84
38.02
35.88
33.65
31.73
30.10
28.51
26.80
25.24
23.51
21.94
20.66
19.40
18.24
16.55
14.88
13.43
11.65
9.94
8.19
6.75
5.56
4.13
2.42
1.63
1.30
1.01
0.77
0.50
0.29
0.12
0.10
0.09
0.09
0.09
0.09
0.09
0.10
0.09
0.10
0.10
0.11
0.11
0.11
0.12
0.12
0.13
0.13
0.14
0.14
0.15
0.15
0.16
0.17
0.17
0.18
0.19
0.19
0.20
0.21
0.22
0.23
0.23
0.24
0.25
0.25
0.26
0.27
0.28
0.28
0.29
0.30
0.31
0.31
0.32
0.33
0.33
0.34
0.35
0.35
0.36
0.37
0.38
0.38
0.39
0.40
0.40
0.41
0.42
0.43
0.43
0.44
0.44
0.45
0.46
0.46
0.47
0.47
0.48
0.49
0.49
0.50
0.51
0.52
0.52
0.53
0.53
0.54
0.56
0.56
0.58
0.59
0.59
0.61
0.61
0.63
0.63
0.63
415.80
414.20
412.50
411.40
409.40
406.90
404.70
400.90
398.40
394.60
389.60
384.30
378.70
372.20
364.60
356.00
347.60
338.30
328.00
318.10
307.50
296.50
284.90
272.90
260.40
248.10
235.90
223.20
210.20
197.80
186.20
176.10
166.10
155.80
146.60
137.60
129.70
122.10
114.80
110.30
109.50
110.80
111.90
110.60
109.30
108.00
107.40
107.00
106.70
105.50
103.40
99.95
95.10
89.41
84.29
79.88
75.59
71.63
66.87
61.37
56.32
51.50
47.11
43.52
40.35
38.02
35.90
33.67
31.55
29.39
27.30
25.38
23.61
22.08
20.61
19.65
18.69
17.31
15.75
14.25
12.78
10.99
9.23
7.57
6.32
4.72
2.76
1.70
1.35
1.05
0.80
0.55
0.32
0.15
0.10
0.10
0.10
0.11
0.11
0.11
0.12
0.12
0.12
0.13
0.13
0.14
0.14
0.15
0.15
0.16
0.16
0.17
0.17
0.18
0.19
0.19
0.20
0.21
0.22
0.22
0.23
0.24
0.24
0.25
0.26
0.27
0.27
0.28
0.29
0.30
0.31
0.31
0.32
0.33
0.33
0.34
0.35
0.36
0.36
0.37
0.38
0.38
0.39
0.40
0.41
0.41
0.42
0.43
0.43
0.44
0.45
0.45
0.46
0.47
0.47
0.48
0.48
0.49
0.50
0.50
0.51
0.52
0.52
0.52
0.53
0.54
0.54
0.55
0.55
0.56
0.57
0.58
0.59
0.60
0.61
0.61
0.63
0.63
0.63
0.63
0.63
415.80
413.30
411.10
408.40
406.50
403.40
400.10
396.10
391.90
387.10
381.20
373.90
366.20
357.80
348.90
339.00
328.90
318.20
306.80
295.80
284.10
271.60
259.20
246.70
233.50
220.20
207.60
195.90
185.30
175.60
165.30
154.70
144.60
135.30
127.10
119.40
113.90
112.10
114.50
117.20
118.70
119.20
119.00
118.60
117.60
116.30
114.80
114.00
113.50
112.70
111.00
107.60
103.20
98.00
92.83
87.50
81.56
75.06
69.48
64.28
59.06
54.87
50.70
46.53
43.03
39.83
36.07
32.89
30.77
29.11
27.47
25.82
24.05
22.48
20.98
19.82
19.16
18.19
17.10
16.17
14.71
13.03
11.22
9.17
6.90
4.66
2.52
1.68
1.33
1.03
0.79
0.53
0.31
0.14
0.11
0.10
0.10
0.10
0.10
0.10
0.11
0.11
0.11
0.12
0.12
0.13
0.13
0.14
0.14
0.15
0.16
0.16
0.17
0.17
0.18
0.19
0.20
0.20
0.21
0.22
0.23
0.23
0.24
0.25
0.26
0.27
0.28
0.28
0.29
0.30
0.30
0.31
0.32
0.33
0.34
0.34
0.35
0.36
0.36
0.37
0.38
0.38
0.39
0.40
0.40
0.41
0.42
0.43
0.43
0.44
0.44
0.45
0.46
0.46
0.47
0.47
0.48
0.49
0.49
0.50
0.51
0.51
0.52
0.52
0.52
0.53
0.54
0.54
0.55
0.55
0.56
0.57
0.58
0.59
0.59
0.60
0.61
0.61
0.62
0.62
0.62
415.70
412.70
410.20
407.20
403.30
400.00
396.30
392.00
386.80
380.80
373.10
364.80
355.60
345.90
335.80
325.10
313.60
302.00
290.10
277.30
264.40
250.90
238.30
224.80
212.00
200.20
189.20
178.90
168.30
158.10
147.90
137.80
128.90
120.90
115.60
113.40
115.80
118.90
120.90
122.40
123.30
123.60
123.90
124.10
124.10
123.70
123.10
121.70
119.70
118.00
116.30
114.40
110.30
106.20
100.60
93.47
86.35
79.79
74.14
68.73
63.13
57.87
52.61
47.31
42.27
37.97
35.35
33.49
31.78
30.12
28.45
26.80
25.20
23.68
22.22
20.79
19.61
18.08
16.80
15.50
13.82
12.43
11.85
11.13
11.13
7.89
3.41
1.84
1.42
1.09
0.83
0.58
0.34
0.17
0.11
0.11
0.11
0.12
0.12
0.13
0.13
0.13
0.14
0.14
0.15
0.16
0.16
0.17
0.18
0.18
0.19
0.19
0.20
0.21
0.22
0.22
0.23
0.24
0.25
0.25
0.26
0.27
0.28
0.29
0.30
0.30
0.31
0.32
0.33
0.34
0.34
0.35
0.36
0.36
0.37
0.38
0.38
0.39
0.40
0.41
0.41
0.42
0.43
0.43
0.44
0.45
0.45
0.46
0.47
0.47
0.48
0.49
0.49
0.50
0.50
0.51
0.52
0.52
0.53
0.53
0.54
0.54
0.55
0.55
0.56
0.56
0.56
0.57
0.57
0.57
0.58
0.59
0.60
0.61
0.61
0.61
0.62
0.62
0.62
0.62
0.62
415.10
411.80
408.70
404.30
400.60
396.70
391.80
387.40
381.00
373.40
363.90
354.20
343.50
332.60
321.60
309.60
297.50
284.30
270.60
257.50
244.00
230.40
216.90
204.60
193.30
183.00
172.10
161.60
151.40
140.80
131.60
123.10
117.10
114.70
117.20
120.00
122.10
123.40
123.90
124.30
125.00
125.50
126.40
127.00
127.30
126.70
126.00
125.30
124.40
123.00
121.40
118.50
113.70
106.90
100.10
93.33
87.08
80.84
74.61
68.38
61.22
54.95
48.71
42.46
39.79
38.06
36.52
34.96
33.22
31.44
29.74
27.86
26.08
24.37
22.90
22.20
23.58
26.65
29.88
30.50
30.91
28.83
24.48
16.18
11.64
6.90
3.20
1.89
1.44
1.10
0.84
0.58
0.35
0.15
0.11
0.11
0.11
0.11
0.11
0.11
0.12
0.12
0.13
0.13
0.14
0.15
0.15
0.16
0.17
0.17
0.18
0.19
0.20
0.20
0.21
0.22
0.23
0.24
0.24
0.25
0.26
0.27
0.28
0.29
0.30
0.31
0.31
0.32
0.33
0.34
0.35
0.35
0.36
0.37
0.37
0.38
0.38
0.39
0.40
0.40
0.41
0.42
0.43
0.43
0.44
0.44
0.45
0.46
0.47
0.47
0.48
0.49
0.49
0.49
0.50
0.51
0.51
0.52
0.52
0.53
0.53
0.53
0.54
0.54
0.55
0.55
0.56
0.56
0.56
0.56
0.57
0.58
0.58
0.59
0.60
0.60
0.60
0.61
0.61
0.61
0.61
416.20
411.90
407.80
403.00
398.10
393.50
388.40
382.90
375.80
366.80
356.70
346.00
334.50
323.00
310.30
297.50
284.40
270.60
256.60
242.50
228.60
215.10
203.00
191.80
181.20
170.10
159.30
148.80
138.80
129.50
121.60
116.70
116.80
119.70
121.80
123.30
124.40
125.70
126.70
126.90
126.90
127.20
127.20
127.20
127.40
127.40
127.30
126.90
126.40
125.00
122.30
116.30
110.30
104.30
97.80
91.55
85.13
78.18
70.82
63.20
55.65
49.31
45.44
43.50
41.66
39.71
37.98
36.20
34.57
33.00
31.88
35.62
45.54
54.37
59.27
61.36
61.78
58.90
53.40
41.42
30.19
24.51
20.23
15.30
11.27
7.85
3.99
1.96
1.50
1.17
0.90
0.63
0.37
0.18
0.11
0.12
0.12
0.13
0.13
0.14
0.14
0.15
0.15
0.16
0.17
0.17
0.18
0.19
0.20
0.20
0.21
0.22
0.23
0.24
0.25
0.26
0.26
0.27
0.28
0.29
0.30
0.31
0.31
0.33
0.33
0.35
0.35
0.36
0.37
0.38
0.38
0.39
0.40
0.40
0.41
0.42
0.42
0.43
0.43
0.44
0.45
0.46
0.46
0.47
0.48
0.48
0.49
0.50
0.50
0.51
0.51
0.52
0.52
0.53
0.54
0.54
0.55
0.55
0.56
0.56
0.56
0.56
0.57
0.57
0.58
0.58
0.58
0.58
0.58
0.58
0.59
0.60
0.60
0.61
0.61
0.61
0.61
0.61
0.61
0.61
0.61
415.50
411.20
406.70
401.30
396.10
390.30
384.80
377.20
368.30
358.70
347.80
336.00
324.00
310.90
297.70
284.20
270.10
255.30
241.10
226.80
213.10
200.50
189.90
178.90
167.40
156.40
146.10
136.00
127.10
120.30
117.30
119.40
122.00
123.80
125.20
126.10
126.90
127.10
127.40
127.70
127.90
128.40
128.50
129.30
129.50
129.60
129.30
128.40
126.20
122.70
117.10
110.70
104.10
97.83
91.70
84.76
77.30
70.13
62.27
57.64
53.08
48.51
46.64
44.87
42.93
41.23
41.58
51.69
64.49
73.85
80.91
87.63
92.52
93.82
90.19
77.62
60.45
45.23
37.24
30.64
23.97
18.71
15.24
12.07
8.48
6.17
3.14
1.82
1.42
1.13
0.86
0.60
0.35
0.16
0.12
0.12
0.12
0.12
0.12
0.13
0.13
0.14
0.14
0.15
0.16
0.17
0.17
0.18
0.19
0.20
0.21
0.22
0.23
0.24
0.24
0.26
0.26
0.27
0.28
0.29
0.30
0.31
0.32
0.33
0.34
0.34
0.35
0.36
0.37
0.38
0.38
0.39
0.39
0.40
0.41
0.42
0.42
0.43
0.43
0.44
0.45
0.45
0.46
0.46
0.47
0.48
0.49
0.49
0.50
0.50
0.51
0.51
0.52
0.53
0.53
0.53
0.54
0.55
0.55
0.55
0.55
0.56
0.56
0.56
0.56
0.56
0.57
0.57
0.57
0.58
0.58
0.58
0.58
0.59
0.59
0.59
0.60
0.60
0.61
0.61
0.61
416.00
411.10
405.50
400.10
394.80
388.60
381.90
373.80
363.80
352.80
341.40
329.20
316.40
303.00
289.00
274.50
259.40
244.80
229.90
216.00
203.20
191.90
181.00
169.40
157.90
147.30
137.20
127.90
121.00
118.00
120.20
123.20
125.30
126.50
127.40
128.10
128.50
128.70
128.90
129.00
129.50
130.30
130.60
130.60
130.40
129.90
129.20
127.10
123.40
117.10
110.80
104.60
98.62
92.25
85.44
77.71
70.40
63.23
56.80
53.03
51.11
49.47
54.44
59.42
64.56
77.24
86.54
94.96
102.90
108.90
112.80
104.60
96.46
88.16
67.11
55.58
47.06
38.76
31.54
25.44
20.82
16.43
14.02
11.40
8.61
6.52
3.73
1.85
1.43
1.14
0.88
0.62
0.37
0.19
0.12
0.12
0.13
0.13
0.14
0.14
0.15
0.16
0.17
0.18
0.18
0.19
0.20
0.21
0.22
0.23
0.24
0.25
0.26
0.27
0.28
0.29
0.30
0.31
0.32
0.33
0.34
0.34
0.36
0.36
0.37
0.38
0.39
0.40
0.40
0.41
0.42
0.43
0.43
0.44
0.45
0.45
0.46
0.46
0.47
0.47
0.48
0.49
0.49
0.50
0.51
0.51
0.52
0.53
0.54
0.54
0.54
0.55
0.56
0.56
0.56
0.57
0.57
0.58
0.58
0.58
0.59
0.59
0.59
0.59
0.59
0.59
0.59
0.59
0.59
0.60
0.60
0.60
0.61
0.61
0.61
0.61
0.61
0.61
0.61
0.61
0.61
415.20
409.30
404.10
397.90
391.80
385.50
377.70
368.70
357.20
345.00
332.50
319.60
305.90
291.70
277.20
261.80
247.10
231.90
217.50
204.30
192.20
181.10
169.30
158.10
147.40
136.70
127.20
121.00
118.50
121.00
123.90
126.00
127.50
128.60
129.30
129.80
129.90
130.40
130.50
131.30
131.70
131.70
131.70
131.60
131.00
129.80
127.50
123.40
117.80
110.70
104.30
98.13
91.80
84.89
77.80
70.92
64.00
58.38
55.94
53.59
53.05
64.61
78.60
89.35
98.99
106.50
114.00
121.50
125.10
125.10
115.10
90.63
72.44
61.94
53.12
44.32
35.52
30.04
24.97
21.24
18.06
15.61
13.02
10.18
7.62
5.31
3.04
1.76
1.38
1.09
0.82
0.59
0.35
0.15
0.12
0.12
0.12
0.12
0.12
0.13
0.14
0.15
0.16
0.16
0.17
0.18
0.19
0.20
0.22
0.23
0.24
0.24
0.26
0.27
0.28
0.29
0.30
0.31
0.32
0.33
0.34
0.35
0.35
0.36
0.37
0.38
0.39
0.40
0.40
0.41
0.42
0.43
0.43
0.44
0.44
0.45
0.45
0.46
0.47
0.47
0.48
0.48
0.49
0.50
0.50
0.51
0.51
0.52
0.53
0.54
0.54
0.54
0.55
0.55
0.56
0.56
0.57
0.57
0.57
0.58
0.58
0.58
0.58
0.58
0.58
0.58
0.58
0.58
0.58
0.58
0.58
0.59
0.59
0.59
0.60
0.60
0.60
0.60
0.60
0.60
0.60
416.30
409.90
403.60
397.30
390.60
383.70
375.30
365.70
354.00
341.40
328.60
314.50
300.20
285.30
269.90
254.10
238.50
223.50
209.30
197.20
184.90
173.50
161.80
150.60
139.60
130.20
122.70
118.60
120.10
123.30
125.80
127.50
128.60
129.40
130.10
130.50
130.70
131.00
131.80
132.20
132.30
132.50
132.60
132.00
131.00
128.80
125.30
120.10
113.30
106.40
99.61
93.55
86.81
80.03
73.32
66.87
61.32
62.18
63.04
64.32
78.78
90.15
100.40
110.20
118.60
125.10
129.70
131.30
116.10
101.00
85.83
72.73
60.71
51.28
43.52
37.05
32.53
28.74
25.22
22.12
18.55
15.82
13.07
10.42
7.90
5.54
3.31
1.79
1.38
1.10
0.84
0.60
0.36
0.18
0.11
0.12
0.13
0.14
0.14
0.15
0.16
0.17
0.18
0.19
0.20
0.21
0.22
0.23
0.24
0.25
0.27
0.28
0.29
0.30
0.31
0.32
0.33
0.34
0.35
0.36
0.37
0.38
0.39
0.40
0.41
0.42
0.43
0.43
0.44
0.45
0.45
0.46
0.47
0.47
0.48
0.48
0.49
0.49
0.50
0.50
0.51
0.52
0.52
0.53
0.54
0.54
0.55
0.56
0.56
0.57
0.57
0.58
0.58
0.59
0.59
0.59
0.60
0.60
0.60
0.60
0.60
0.60
0.60
0.60
0.60
0.60
0.60
0.60
0.60
0.60
0.60
0.60
0.60
0.60
0.60
0.60
0.60
0.60
0.60
0.60
0.60
415.60
409.20
402.80
395.90
388.90
381.10
371.80
361.30
348.50
334.90
321.10
306.00
291.10
276.10
259.70
243.40
228.20
213.80
200.50
187.40
174.80
162.80
151.20
140.30
130.10
121.70
117.20
117.60
120.90
123.80
125.80
126.90
127.90
128.70
129.40
129.90
130.00
130.90
131.10
131.70
131.60
131.80
131.30
130.50
128.50
125.40
120.60
114.10
107.00
100.20
93.60
87.16
81.03
74.59
68.44
62.83
59.06
59.64
73.18
85.14
95.97
106.30
115.40
122.60
128.90
133.50
134.10
123.90
102.00
84.94
72.12
60.38
52.89
45.49
38.09
34.86
31.29
28.40
24.74
20.65
17.75
15.25
12.77
10.04
7.73
5.24
2.86
1.70
1.33
1.05
0.81
0.56
0.34
0.16
0.11
0.11
0.11
0.12
0.13
0.13
0.15
0.16
0.17
0.18
0.19
0.20
0.21
0.22
0.23
0.25
0.26
0.27
0.28
0.29
0.31
0.32
0.33
0.34
0.35
0.36
0.37
0.38
0.39
0.40
0.41
0.42
0.43
0.43
0.44
0.45
0.45
0.46
0.47
0.47
0.47
0.48
0.49
0.49
0.50
0.50
0.51
0.51
0.52
0.53
0.53
0.54
0.55
0.55
0.56
0.56
0.57
0.58
0.58
0.58
0.59
0.59
0.59
0.59
0.60
0.60
0.60
0.60
0.60
0.60
0.60
0.60
0.60
0.60
0.60
0.60
0.60
0.60
0.60
0.60
0.60
0.60
0.60
0.60
0.60
0.60
0.59
415.90
409.60
402.90
395.70
387.80
380.20
370.60
359.40
345.90
332.30
318.00
302.90
287.30
271.20
254.40
238.00
222.70
208.70
194.70
181.60
168.80
156.40
144.80
134.00
124.50
117.60
114.90
117.30
120.60
123.00
125.00
126.00
127.10
127.90
128.10
128.50
129.00
129.50
130.30
130.50
130.40
130.00
129.30
127.80
125.30
121.60
116.20
109.40
102.30
95.55
89.38
83.08
77.39
71.65
66.10
61.39
59.60
70.82
83.22
94.90
105.70
115.60
123.50
129.80
133.70
134.20
119.90
105.60
91.22
75.60
63.92
54.27
47.07
41.78
38.01
35.01
32.12
29.53
26.06
22.05
18.50
15.86
13.03
10.75
8.04
5.40
3.08
1.76
1.35
1.07
0.82
0.58
0.36
0.18
0.11
0.12
0.13
0.14
0.15
0.15
0.17
0.18
0.19
0.20
0.21
0.22
0.24
0.25
0.26
0.27
0.29
0.30
0.31
0.33
0.34
0.35
0.36
0.37
0.38
0.40
0.40
0.42
0.43
0.44
0.45
0.45
0.46
0.47
0.48
0.48
0.49
0.50
0.50
0.51
0.51
0.52
0.52
0.53
0.53
0.54
0.54
0.55
0.55
0.56
0.57
0.57
0.58
0.59
0.59
0.60
0.60
0.61
0.61
0.61
0.61
0.61
0.61
0.61
0.61
0.61
0.61
0.61
0.61
0.61
0.61
0.61
0.61
0.60
0.60
0.60
0.60
0.60
0.60
0.60
0.60
0.59
0.60
0.59
0.59
0.58
0.58
418.60
410.40
403.50
396.90
388.20
380.20
370.10
358.10
344.10
329.70
314.60
298.50
282.50
266.10
248.60
232.40
217.40
203.50
189.10
175.00
161.90
149.30
138.00
127.20
118.40
113.40
113.50
116.70
119.70
122.10
123.30
124.50
125.70
126.40
126.50
127.10
127.50
128.10
128.70
128.90
128.50
127.80
126.80
124.70
121.70
117.20
111.40
104.20
97.33
91.25
85.40
80.08
74.95
69.89
65.12
61.76
64.07
78.74
91.65
102.90
113.40
121.80
127.80
132.10
133.50
130.00
113.70
97.43
81.19
67.85
58.29
51.05
45.46
42.07
39.07
36.39
34.14
32.39
29.35
25.34
22.55
19.34
15.68
12.24
9.68
6.31
3.31
1.66
1.24
0.98
0.74
0.52
0.33
0.15
0.09
0.10
0.11
0.12
0.13
0.13
0.14
0.15
0.16
0.17
0.18
0.19
0.20
0.21
0.22
0.23
0.24
0.25
0.26
0.27
0.29
0.29
0.31
0.32
0.33
0.34
0.35
0.36
0.37
0.38
0.39
0.40
0.41
0.42
0.43
0.44
0.45
0.46
0.47
0.47
0.48
0.49
0.50
0.51
0.52
0.53
0.54
0.55
0.56
0.57
0.58
0.58
0.59
0.60
0.61
0.62
0.62
0.63
0.63
0.64
0.64
0.64
0.64
0.64
0.64
0.64
0.64
0.64
0.64
0.64
0.64
0.64
0.64
0.63
0.63
0.63
0.62
0.61
0.61
0.61
0.61
0.61
0.61
0.60
0.60
0.60
0.60
416.70
409.40
401.70
394.60
385.90
377.60
366.40
353.00
338.90
324.10
308.70
292.80
276.40
258.60
241.60
226.10
211.70
196.50
180.90
167.00
154.30
141.90
130.30
121.00
114.30
111.60
114.00
117.80
120.30
122.60
123.90
125.00
125.90
126.60
127.10
127.50
128.00
128.50
128.90
128.90
128.20
127.30
125.60
123.00
119.20
114.00
107.40
100.20
93.72
88.03
83.02
78.64
74.17
70.10
66.20
63.77
71.20
87.41
100.10
111.00
120.10
127.60
131.80
134.20
132.50
124.60
107.80
87.72
74.02
64.95
58.71
55.51
52.33
49.15
47.06
44.83
42.39
38.78
34.81
31.62
29.07
23.60
18.67
14.13
10.82
6.91
3.37
1.68
1.25
0.98
0.75
0.52
0.32
0.14
0.10
0.10
0.10
0.11
0.12
0.12
0.13
0.15
0.15
0.16
0.17
0.19
0.19
0.20
0.22
0.23
0.24
0.25
0.26
0.27
0.29
0.30
0.31
0.32
0.33
0.35
0.36
0.37
0.38
0.39
0.40
0.41
0.42
0.42
0.43
0.44
0.45
0.46
0.47
0.47
0.48
0.49
0.50
0.51
0.52
0.53
0.54
0.55
0.56
0.57
0.58
0.58
0.59
0.60
0.61
0.61
0.62
0.63
0.64
0.64
0.65
0.65
0.65
0.66
0.66
0.66
0.66
0.66
0.66
0.66
0.66
0.66
0.66
0.66
0.66
0.65
0.65
0.64
0.64
0.64
0.63
0.63
0.63
0.62
0.62
0.61
0.61
417.20
410.00
402.10
394.40
386.10
377.90
366.20
353.30
339.10
323.30
307.90
291.30
274.40
256.70
239.90
224.20
209.90
193.80
178.00
163.30
150.40
138.20
127.00
118.30
112.50
110.90
114.00
118.00
121.10
123.10
124.70
126.30
127.20
127.90
128.60
129.10
129.70
130.20
130.30
129.60
128.70
127.10
124.90
121.60
117.20
112.00
105.30
98.54
92.41
87.14
82.70
79.03
76.03
72.86
70.09
68.08
74.17
90.53
104.30
115.00
123.70
130.40
134.60
136.70
134.00
119.10
104.10
89.33
80.67
74.23
69.49
65.34
61.04
57.41
54.37
50.33
46.14
41.55
37.04
33.91
30.38
25.01
19.61
14.98
11.36
6.99
3.43
1.76
1.29
1.02
0.77
0.55
0.35
0.17
0.11
0.12
0.12
0.13
0.14
0.15
0.16
0.17
0.18
0.20
0.20
0.22
0.23
0.24
0.25
0.26
0.27
0.29
0.30
0.31
0.32
0.34
0.35
0.36
0.37
0.38
0.40
0.41
0.42
0.43
0.44
0.45
0.46
0.47
0.48
0.48
0.49
0.50
0.51
0.51
0.52
0.53
0.54
0.55
0.56
0.57
0.58
0.59
0.60
0.61
0.62
0.62
0.63
0.64
0.65
0.66
0.66
0.67
0.67
0.68
0.68
0.68
0.68
0.68
0.68
0.68
0.68
0.67
0.67
0.67
0.67
0.66
0.66
0.65
0.65
0.64
0.64
0.63
0.63
0.62
0.62
0.62
0.61
0.61
0.61
0.61
0.61
416.00
408.60
401.00
393.40
384.50
375.30
363.50
350.00
335.30
319.60
303.20
286.70
269.30
251.20
234.40
220.00
204.30
187.90
171.60
156.80
143.80
132.20
122.40
115.00
111.00
111.40
115.40
119.30
122.50
124.90
126.60
127.90
129.40
130.20
130.60
131.10
131.40
131.30
130.70
129.50
127.50
124.80
121.50
117.40
113.00
107.70
101.50
95.19
89.76
85.18
81.99
79.68
77.76
76.09
73.96
73.94
82.47
96.26
111.00
122.50
131.70
138.30
142.30
142.90
139.20
124.80
102.00
89.18
81.35
74.62
68.87
63.71
59.60
55.25
50.89
46.54
41.86
38.48
33.36
31.44
27.87
23.17
19.61
15.48
10.24
5.80
2.93
1.65
1.24
0.97
0.75
0.53
0.33
0.15
0.12
0.12
0.12
0.13
0.14
0.15
0.16
0.17
0.18
0.19
0.20
0.22
0.23
0.24
0.25
0.26
0.28
0.29
0.30
0.32
0.33
0.34
0.35
0.37
0.38
0.39
0.40
0.41
0.42
0.43
0.44
0.45
0.46
0.47
0.48
0.49
0.49
0.50
0.51
0.52
0.53
0.53
0.54
0.55
0.56
0.57
0.58
0.59
0.60
0.61
0.62
0.62
0.63
0.64
0.65
0.66
0.66
0.67
0.67
0.68
0.68
0.68
0.69
0.69
0.69
0.69
0.69
0.69
0.69
0.69
0.69
0.69
0.68
0.68
0.68
0.67
0.66
0.66
0.65
0.65
0.64
0.64
0.63
0.63
0.62
0.62
0.62
417.00
410.00
401.60
393.60
385.20
375.60
364.30
350.70
335.60
320.70
303.60
286.80
269.20
251.20
234.20
219.50
203.60
186.80
170.00
154.50
141.10
129.90
120.50
113.90
110.50
111.10
115.20
119.40
123.10
126.00
128.20
129.50
130.60
131.70
132.40
132.30
132.00
131.60
130.30
127.90
125.30
121.80
118.00
114.00
109.60
104.70
98.68
93.22
88.81
85.94
84.13
83.24
82.55
81.84
80.40
80.70
89.29
101.70
115.40
128.10
138.80
145.70
149.00
148.10
141.50
122.80
104.20
85.67
77.11
70.36
64.50
59.33
54.71
49.74
44.86
40.78
37.88
35.31
31.86
29.64
26.40
22.95
20.11
15.92
10.53
6.49
3.23
1.69
1.26
0.99
0.76
0.54
0.35
0.18
0.13
0.14
0.14
0.16
0.17
0.18
0.19
0.20
0.21
0.22
0.24
0.25
0.26
0.27
0.29
0.30
0.31
0.33
0.34
0.35
0.37
0.38
0.39
0.41
0.42
0.43
0.44
0.46
0.47
0.48
0.49
0.50
0.51
0.52
0.52
0.53
0.54
0.55
0.55
0.56
0.57
0.58
0.59
0.60
0.60
0.61
0.62
0.63
0.64
0.65
0.66
0.66
0.67
0.68
0.69
0.70
0.70
0.70
0.70
0.70
0.70
0.70
0.70
0.70
0.70
0.70
0.70
0.70
0.69
0.69
0.68
0.68
0.67
0.67
0.67
0.66
0.65
0.64
0.64
0.63
0.63
0.63
0.62
0.61
0.61
0.61
0.61
416.70
408.80
400.80
392.50
383.60
374.00
362.40
349.30
333.50
317.80
300.80
283.30
265.60
247.10
230.90
216.80
199.80
182.30
165.60
150.20
137.00
125.90
117.50
111.80
109.80
111.70
116.10
120.70
124.70
127.90
130.10
131.40
132.50
133.20
133.90
133.70
132.70
130.50
128.10
125.20
121.70
117.50
113.20
108.80
104.30
99.34
94.37
90.56
88.08
86.75
86.60
86.60
86.93
87.54
87.73
90.32
99.31
110.80
124.00
135.90
145.00
150.80
152.10
148.60
137.40
112.00
92.24
81.47
71.58
62.98
57.51
52.11
46.70
42.79
39.16
36.25
33.75
31.32
28.19
26.45
24.72
22.57
19.15
16.50
11.02
6.36
2.94
1.61
1.22
0.96
0.74
0.53
0.33
0.16
0.14
0.14
0.14
0.15
0.16
0.17
0.19
0.20
0.21
0.23
0.24
0.25
0.26
0.27
0.29
0.30
0.32
0.33
0.34
0.36
0.37
0.38
0.40
0.41
0.43
0.44
0.45
0.46
0.47
0.48
0.49
0.50
0.51
0.52
0.53
0.54
0.54
0.55
0.56
0.56
0.57
0.58
0.59
0.59
0.60
0.61
0.62
0.63
0.64
0.65
0.65
0.66
0.67
0.68
0.69
0.69
0.70
0.70
0.71
0.71
0.71
0.72
0.72
0.72
0.72
0.72
0.72
0.72
0.72
0.72
0.71
0.70
0.70
0.69
0.69
0.68
0.68
0.67
0.66
0.65
0.65
0.65
0.64
0.64
0.63
0.63
0.62
417.20
409.80
401.50
393.30
384.80
374.90
363.80
350.70
336.00
319.30
303.10
285.40
267.70
249.40
232.90
218.30
201.10
183.10
166.30
150.30
136.70
125.40
116.90
111.40
109.70
111.60
116.10
120.80
125.20
129.20
131.70
133.20
134.20
135.20
135.20
134.50
132.50
129.50
126.20
122.90
118.90
115.20
111.30
106.50
101.40
96.19
91.47
88.27
86.83
86.58
87.23
88.33
89.34
90.76
91.79
94.71
103.10
113.10
126.20
140.70
151.50
157.80
159.70
155.20
133.10
111.10
89.20
77.63
67.70
59.57
52.86
47.98
44.32
40.91
38.20
35.39
32.98
30.52
28.64
27.09
25.95
23.92
20.34
16.77
12.95
7.06
3.36
1.71
1.28
1.00
0.76
0.55
0.36
0.20
0.15
0.16
0.17
0.18
0.19
0.21
0.22
0.23
0.24
0.26
0.27
0.28
0.29
0.31
0.32
0.33
0.35
0.36
0.38
0.39
0.40
0.42
0.43
0.45
0.46
0.47
0.49
0.49
0.51
0.52
0.53
0.54
0.55
0.55
0.56
0.57
0.58
0.59
0.59
0.60
0.61
0.62
0.62
0.63
0.64
0.65
0.66
0.66
0.67
0.68
0.69
0.70
0.70
0.71
0.72
0.72
0.72
0.72
0.72
0.72
0.72
0.72
0.72
0.72
0.72
0.72
0.72
0.71
0.71
0.70
0.70
0.69
0.68
0.68
0.67
0.67
0.65
0.65
0.64
0.64
0.63
0.63
0.63
0.62
0.62
0.62
0.62
415.80
408.00
400.50
392.40
383.90
374.20
363.60
349.70
334.60
318.90
301.20
283.80
265.00
247.10
231.50
216.90
198.90
180.80
163.90
148.50
134.80
123.80
115.60
111.00
110.30
112.90
117.80
122.90
127.50
131.50
134.10
135.90
137.00
137.40
136.70
134.90
131.90
127.90
124.10
120.40
117.00
112.60
107.40
101.90
95.95
90.96
87.53
86.10
86.69
88.41
88.96
89.36
89.97
90.99
92.05
96.75
105.30
114.20
125.60
139.40
151.70
159.30
161.00
154.10
135.20
107.40
90.50
79.61
70.27
61.70
56.01
50.42
44.82
40.81
37.83
35.89
33.91
31.85
30.51
28.50
27.33
24.58
20.18
16.99
11.87
6.73
3.09
1.64
1.24
0.97
0.75
0.53
0.34
0.19
0.16
0.16
0.17
0.18
0.19
0.20
0.21
0.23
0.24
0.25
0.26
0.28
0.29
0.30
0.32
0.33
0.35
0.36
0.37
0.39
0.40
0.42
0.43
0.44
0.46
0.47
0.48
0.49
0.50
0.51
0.52
0.53
0.54
0.55
0.56
0.56
0.57
0.58
0.58
0.59
0.60
0.60
0.61
0.62
0.63
0.64
0.65
0.65
0.66
0.67
0.68
0.69
0.69
0.70
0.71
0.71
0.72
0.72
0.73
0.73
0.73
0.73
0.73
0.73
0.73
0.73
0.73
0.73
0.73
0.72
0.72
0.71
0.70
0.70
0.69
0.68
0.67
0.67
0.66
0.65
0.65
0.65
0.65
0.64
0.64
0.63
0.63
416.80
408.80
401.60
393.60
385.80
376.30
365.20
352.70
338.30
322.80
305.40
287.30
268.30
250.60
234.70
220.30
202.00
183.90
166.80
151.40
137.40
125.90
117.60
112.30
111.10
113.60
118.70
124.10
129.00
133.10
136.50
138.80
139.80
139.60
138.40
135.70
131.70
128.00
123.70
120.40
116.60
111.70
105.30
98.98
92.83
87.40
83.87
81.85
80.76
81.02
81.36
81.82
82.58
83.60
84.50
88.23
96.06
105.30
115.60
129.30
143.90
155.00
158.90
153.60
133.60
113.70
94.08
83.91
75.07
66.27
59.06
53.00
47.67
43.15
39.50
36.84
35.49
34.95
33.06
30.64
27.68
25.08
22.04
17.98
12.39
7.71
3.78
1.72
1.27
1.00
0.77
0.56
0.37
0.22
0.17
0.18
0.19
0.20
0.22
0.23
0.24
0.25
0.27
0.28
0.29
0.31
0.32
0.33
0.35
0.36
0.37
0.39
0.40
0.42
0.43
0.44
0.46
0.47
0.48
0.49
0.50
0.51
0.52
0.53
0.54
0.55
0.56
0.57
0.57
0.59
0.59
0.60
0.60
0.61
0.62
0.63
0.63
0.65
0.65
0.66
0.67
0.68
0.69
0.70
0.70
0.71
0.71
0.72
0.73
0.73
0.74
0.73
0.73
0.73
0.73
0.73
0.73
0.73
0.73
0.73
0.72
0.71
0.71
0.70
0.70
0.69
0.68
0.68
0.67
0.66
0.66
0.65
0.64
0.64
0.64
0.64
0.63
0.63
0.63
0.63
0.63
416.00
408.40
400.70
393.50
385.00
375.30
364.50
352.40
338.10
322.70
305.50
287.70
268.90
250.60
234.90
220.30
201.80
183.30
166.80
151.80
139.00
128.00
119.40
114.50
113.70
116.80
121.90
127.30
132.40
136.90
140.60
142.60
142.90
141.80
139.30
135.50
131.00
127.10
123.40
120.10
115.60
109.60
102.10
95.33
88.76
83.83
80.61
78.34
77.71
77.42
77.34
77.22
77.57
78.20
78.79
81.93
88.60
97.02
107.60
119.20
133.00
144.60
149.40
144.20
129.90
105.40
89.22
80.83
73.23
65.30
58.26
53.19
48.12
43.83
39.95
37.09
35.09
33.57
32.74
31.31
28.94
25.60
22.82
19.34
14.16
10.00
4.05
1.73
1.27
0.98
0.76
0.55
0.36
0.20
0.18
0.18
0.19
0.20
0.21
0.22
0.24
0.24
0.26
0.27
0.28
0.30
0.31
0.32
0.34
0.35
0.36
0.38
0.39
0.40
0.42
0.43
0.44
0.45
0.46
0.47
0.48
0.49
0.50
0.51
0.52
0.53
0.54
0.54
0.55
0.56
0.57
0.57
0.58
0.59
0.60
0.60
0.61
0.62
0.63
0.64
0.65
0.66
0.67
0.67
0.68
0.69
0.69
0.70
0.71
0.71
0.72
0.72
0.72
0.73
0.73
0.73
0.73
0.73
0.73
0.73
0.73
0.73
0.72
0.72
0.71
0.70
0.70
0.69
0.68
0.68
0.67
0.67
0.66
0.65
0.65
0.65
0.65
0.64
0.64
0.64
0.64
416.40
409.60
402.60
395.40
387.10
377.90
367.70
356.10
341.70
326.90
310.70
292.30
273.70
256.00
239.70
225.10
207.30
188.80
171.80
157.40
144.80
133.60
125.30
119.60
117.70
119.90
124.90
130.20
135.80
140.40
144.00
146.00
145.60
144.10
140.90
137.10
132.30
128.30
125.00
121.00
116.00
109.20
101.70
94.07
87.41
82.10
78.30
75.44
73.81
73.20
73.04
72.59
72.44
72.63
72.54
74.01
79.01
87.47
99.03
109.00
120.60
132.90
140.60
139.40
122.90
106.40
90.05
80.43
74.28
67.76
61.01
54.76
49.53
45.31
41.26
37.84
35.13
32.44
30.25
28.40
26.81
24.46
21.62
19.32
14.02
9.66
4.65
1.77
1.29
1.00
0.76
0.57
0.38
0.23
0.18
0.19
0.21
0.22
0.23
0.24
0.25
0.26
0.28
0.29
0.30
0.31
0.33
0.34
0.35
0.36
0.38
0.39
0.41
0.42
0.43
0.44
0.45
0.47
0.47
0.48
0.49
0.50
0.51
0.52
0.52
0.53
0.53
0.54
0.55
0.56
0.57
0.57
0.58
0.59
0.60
0.61
0.62
0.63
0.64
0.65
0.66
0.67
0.68
0.69
0.69
0.70
0.70
0.71
0.72
0.72
0.72
0.72
0.72
0.72
0.72
0.72
0.72
0.72
0.71
0.71
0.71
0.70
0.69
0.69
0.68
0.67
0.67
0.66
0.65
0.65
0.65
0.64
0.64
0.64
0.64
0.64
0.63
0.63
0.63
0.63
0.63
416.30
409.10
401.90
394.70
387.30
378.40
368.20
356.80
343.40
328.30
312.50
294.70
276.10
257.50
241.40
226.10
209.40
191.10
175.00
160.90
148.90
138.70
130.90
125.50
123.50
125.10
130.00
136.10
140.90
145.00
148.10
149.50
148.80
146.70
142.90
138.30
134.00
130.50
126.80
122.30
115.90
108.60
100.10
92.10
84.93
79.86
75.72
72.41
70.39
69.12
68.43
67.63
67.31
66.80
66.42
67.05
69.91
79.39
92.46
102.40
111.40
121.70
129.60
131.50
121.30
104.30
85.46
76.19
69.94
64.88
59.57
54.50
49.43
44.37
40.72
36.99
33.80
30.80
27.51
24.80
22.13
19.66
16.55
14.01
10.41
6.64
3.04
1.60
1.20
0.94
0.73
0.53
0.34
0.21
0.19
0.19
0.19
0.20
0.21
0.22
0.24
0.25
0.26
0.27
0.28
0.29
0.31
0.32
0.33
0.34
0.36
0.37
0.38
0.40
0.41
0.42
0.43
0.43
0.45
0.46
0.46
0.47
0.47
0.48
0.49
0.49
0.50
0.50
0.51
0.52
0.53
0.53
0.54
0.54
0.56
0.57
0.58
0.60
0.61
0.62
0.63
0.64
0.65
0.66
0.66
0.67
0.67
0.68
0.69
0.69
0.70
0.70
0.70
0.70
0.71
0.71
0.71
0.71
0.71
0.71
0.71
0.70
0.70
0.70
0.69
0.68
0.68
0.67
0.67
0.66
0.66
0.65
0.65
0.64
0.64
0.64
0.64
0.64
0.64
0.64
0.64
416.10
409.90
403.20
396.50
389.60
381.40
371.50
361.00
348.80
334.10
318.80
301.60
283.50
265.10
247.70
232.20
217.60
199.20
183.00
169.20
157.40
147.80
139.70
133.30
130.10
130.70
134.70
140.60
145.30
149.20
151.80
152.90
152.60
150.20
146.40
142.10
138.30
135.20
131.20
126.30
119.40
111.20
102.20
93.75
86.47
80.33
75.52
71.85
69.01
66.99
65.57
64.21
63.60
63.14
61.97
60.67
61.39
69.06
82.15
94.71
102.00
108.00
115.10
121.60
110.20
98.88
87.43
73.12
66.50
61.24
57.07
52.09
47.35
43.39
40.19
37.01
33.85
30.86
26.98
23.98
21.22
18.02
15.04
12.55
9.46
6.20
3.07
1.58
1.20
0.93
0.73
0.54
0.36
0.22
0.18
0.19
0.20
0.21
0.22
0.24
0.24
0.26
0.27
0.28
0.29
0.30
0.31
0.33
0.34
0.35
0.36
0.38
0.39
0.40
0.41
0.42
0.43
0.44
0.45
0.46
0.46
0.47
0.47
0.48
0.48
0.49
0.49
0.50
0.50
0.51
0.51
0.52
0.53
0.54
0.55
0.56
0.57
0.59
0.60
0.62
0.63
0.64
0.65
0.66
0.67
0.67
0.67
0.68
0.69
0.69
0.69
0.69
0.69
0.69
0.69
0.69
0.69
0.69
0.68
0.68
0.68
0.67
0.67
0.66
0.66
0.65
0.65
0.64
0.64
0.63
0.63
0.63
0.63
0.64
0.64
0.64
0.64
0.64
0.64
0.64
0.64
415.20
409.20
403.30
397.20
390.00
381.90
373.10
362.20
349.80
336.50
321.10
305.00
287.00
268.30
251.00
235.80
222.10
204.00
188.60
175.40
164.80
155.80
147.40
140.60
136.80
137.40
141.30
146.50
150.60
153.90
156.20
156.80
155.70
152.90
149.40
146.10
143.40
140.80
136.80
130.50
122.40
113.80
104.40
95.74
88.37
81.94
76.34
72.16
69.03
66.10
64.33
62.68
61.88
60.76
58.98
60.14
61.40
62.67
75.56
89.10
97.45
99.88
103.30
103.10
102.90
102.70
86.84
71.60
63.45
58.04
53.57
49.14
44.37
40.68
37.12
34.49
31.98
28.72
25.63
22.82
20.24
16.83
13.80
10.75
7.89
5.03
2.46
1.48
1.13
0.89
0.70
0.51
0.32
0.20
0.18
0.18
0.18
0.19
0.20
0.21
0.22
0.23
0.24
0.25
0.26
0.27
0.29
0.30
0.31
0.32
0.33
0.35
0.35
0.37
0.38
0.39
0.40
0.41
0.41
0.42
0.43
0.43
0.44
0.44
0.44
0.45
0.45
0.45
0.46
0.46
0.47
0.47
0.48
0.49
0.50
0.52
0.53
0.55
0.56
0.57
0.59
0.60
0.61
0.62
0.63
0.63
0.64
0.64
0.65
0.65
0.66
0.66
0.66
0.67
0.67
0.67
0.67
0.67
0.67
0.67
0.67
0.67
0.67
0.66
0.66
0.66
0.65
0.65
0.64
0.64
0.64
0.63
0.63
0.63
0.63
0.63
0.63
0.63
0.63
0.63
0.64
415.80
410.30
404.70
398.50
392.70
385.60
376.50
366.80
355.50
342.40
328.60
312.90
295.80
277.50
259.50
243.60
229.70
214.80
198.60
185.70
175.60
166.70
158.00
149.50
144.30
143.70
146.70
150.60
154.50
157.70
159.30
159.50
158.10
155.60
153.10
151.00
149.50
147.90
144.20
137.50
128.80
119.50
110.20
100.90
93.31
86.45
79.73
74.85
70.93
67.60
64.90
62.92
61.31
59.81
57.37
53.97
57.96
61.95
66.16
81.39
93.47
97.32
95.59
101.30
98.59
95.88
92.92
78.49
65.51
57.75
52.94
48.71
43.89
39.80
36.13
33.41
30.81
27.38
23.99
20.83
18.76
16.51
13.79
9.83
7.42
5.34
2.67
1.50
1.13
0.89
0.69
0.51
0.34
0.20
0.17
0.18
0.19
0.20
0.21
0.22
0.23
0.24
0.25
0.26
0.27
0.28
0.29
0.30
0.31
0.32
0.33
0.35
0.36
0.36
0.38
0.39
0.39
0.40
0.41
0.42
0.42
0.43
0.43
0.44
0.44
0.44
0.45
0.45
0.45
0.45
0.46
0.47
0.47
0.48
0.49
0.51
0.52
0.53
0.55
0.56
0.58
0.59
0.60
0.61
0.62
0.63
0.63
0.64
0.65
0.65
0.65
0.65
0.65
0.65
0.65
0.65
0.65
0.64
0.64
0.64
0.64
0.63
0.63
0.63
0.63
0.62
0.62
0.62
0.62
0.62
0.62
0.62
0.62
0.62
0.63
0.64
0.64
0.64
0.64
0.64
0.64
415.60
410.60
405.40
400.00
394.20
387.30
378.80
369.60
358.40
346.30
332.70
317.50
300.80
283.40
265.20
249.40
235.90
223.10
206.70
195.00
185.80
176.30
166.60
157.60
152.10
150.90
151.90
154.80
158.50
161.30
162.80
161.80
159.40
156.70
154.90
154.70
154.40
153.50
149.80
142.30
133.20
124.10
114.50
105.60
97.54
89.93
83.64
78.14
73.25
69.25
65.78
63.27
61.21
59.06
56.08
53.08
50.08
52.69
60.58
75.48
90.05
96.70
94.09
96.55
105.50
108.70
98.81
85.42
72.47
63.22
57.05
51.93
47.00
42.16
37.99
34.22
31.29
27.31
24.25
20.56
17.79
15.22
12.74
8.97
6.73
4.55
2.31
1.43
1.10
0.86
0.67
0.48
0.30
0.18
0.16
0.16
0.16
0.17
0.18
0.19
0.20
0.21
0.22
0.23
0.24
0.25
0.25
0.27
0.28
0.29
0.30
0.31
0.32
0.33
0.34
0.35
0.35
0.36
0.37
0.38
0.38
0.39
0.40
0.40
0.40
0.40
0.41
0.41
0.41
0.42
0.42
0.42
0.43
0.43
0.45
0.46
0.47
0.49
0.50
0.51
0.53
0.54
0.55
0.57
0.58
0.58
0.59
0.60
0.61
0.61
0.61
0.61
0.62
0.62
0.62
0.62
0.62
0.62
0.62
0.62
0.62
0.62
0.62
0.62
0.62
0.62
0.62
0.62
0.62
0.62
0.62
0.62
0.61
0.61
0.61
0.62
0.62
0.62
0.63
0.63
0.64
416.20
411.60
406.70
401.90
396.80
390.60
383.50
374.50
365.00
353.20
340.30
326.30
310.60
293.20
275.70
258.80
245.30
233.60
220.40
207.30
198.90
189.10
179.00
169.40
161.80
158.30
157.20
158.50
161.20
164.20
165.30
164.40
161.60
158.90
157.30
157.10
158.00
157.90
155.10
148.10
138.40
129.40
120.90
112.40
103.90
95.45
88.44
82.76
77.46
72.43
68.50
65.16
61.98
59.16
55.88
52.52
49.57
49.60
54.85
66.59
82.00
93.89
96.39
94.39
98.57
106.30
106.00
94.80
81.94
71.01
63.23
58.02
53.54
48.21
43.53
38.18
33.75
29.40
26.47
23.11
19.70
17.24
14.10
10.96
6.93
4.65
2.61
1.47
1.13
0.88
0.68
0.49
0.31
0.18
0.14
0.16
0.16
0.17
0.18
0.19
0.20
0.20
0.22
0.22
0.23
0.24
0.25
0.26
0.27
0.28
0.29
0.30
0.31
0.32
0.33
0.34
0.35
0.36
0.36
0.37
0.38
0.38
0.39
0.39
0.40
0.40
0.40
0.41
0.41
0.41
0.41
0.42
0.42
0.43
0.44
0.45
0.46
0.47
0.49
0.50
0.51
0.52
0.53
0.55
0.56
0.57
0.57
0.59
0.60
0.60
0.60
0.60
0.60
0.60
0.60
0.60
0.60
0.60
0.60
0.60
0.60
0.60
0.60
0.60
0.60
0.60
0.60
0.60
0.60
0.60
0.60
0.60
0.60
0.61
0.62
0.62
0.63
0.63
0.64
0.64
0.64
415.50
411.30
407.60
403.10
398.40
392.10
385.90
378.10
368.70
358.00
345.40
332.00
317.00
300.00
282.70
266.50
252.10
241.40
231.10
218.90
210.40
200.40
189.30
179.80
171.70
166.10
163.70
163.20
164.70
167.20
168.20
166.70
163.90
160.80
159.30
160.10
161.30
161.80
159.00
151.00
141.30
132.00
122.60
114.30
106.70
99.30
91.92
85.77
80.49
74.95
70.28
66.37
62.40
58.51
55.11
51.73
49.06
47.81
51.74
61.66
76.61
88.90
94.83
94.34
96.57
102.70
105.40
99.94
89.65
77.29
67.57
60.18
54.29
49.65
45.43
40.06
35.39
31.01
27.21
23.61
20.49
17.38
13.01
10.32
7.16
4.83
2.37
1.47
1.11
0.86
0.65
0.45
0.27
0.15
0.13
0.13
0.13
0.14
0.14
0.15
0.16
0.17
0.18
0.19
0.19
0.20
0.21
0.22
0.23
0.24
0.24
0.26
0.26
0.27
0.28
0.29
0.30
0.31
0.32
0.32
0.33
0.34
0.34
0.35
0.35
0.36
0.36
0.37
0.37
0.37
0.38
0.38
0.38
0.39
0.40
0.41
0.42
0.43
0.44
0.45
0.46
0.47
0.48
0.49
0.51
0.52
0.53
0.53
0.55
0.55
0.56
0.56
0.56
0.57
0.57
0.57
0.57
0.58
0.58
0.58
0.58
0.58
0.58
0.58
0.58
0.58
0.58
0.58
0.58
0.58
0.58
0.58
0.58
0.58
0.59
0.60
0.61
0.61
0.62
0.63
0.64
415.90
413.10
408.60
405.40
400.90
396.20
390.70
383.10
375.10
365.10
354.40
341.90
327.50
311.50
294.70
278.20
263.10
251.30
242.60
233.40
225.10
215.60
204.80
193.80
184.60
176.10
171.10
168.90
168.40
169.20
170.80
169.90
167.40
164.30
162.00
162.30
163.80
165.30
163.80
157.60
147.70
138.20
128.50
120.30
112.70
105.20
97.62
91.01
85.30
80.12
74.90
69.68
64.99
60.33
55.94
52.24
49.39
47.26
47.83
53.81
66.05
79.40
89.85
93.77
94.82
99.22
103.80
104.00
97.49
87.04
76.47
68.01
59.68
53.11
48.01
42.41
37.59
32.61
28.32
24.03
20.86
18.70
13.56
9.98
7.44
5.24
2.78
1.51
1.14
0.87
0.66
0.46
0.28
0.14
0.11
0.12
0.13
0.14
0.14
0.15
0.16
0.16
0.17
0.18
0.19
0.20
0.20
0.21
0.22
0.23
0.24
0.24
0.25
0.26
0.27
0.28
0.29
0.30
0.30
0.31
0.32
0.32
0.33
0.34
0.34
0.35
0.35
0.36
0.36
0.36
0.37
0.38
0.38
0.39
0.39
0.40
0.41
0.42
0.43
0.43
0.45
0.46
0.47
0.48
0.49
0.50
0.51
0.52
0.53
0.54
0.54
0.54
0.55
0.55
0.56
0.56
0.56
0.56
0.56
0.57
0.57
0.57
0.57
0.57
0.57
0.57
0.57
0.57
0.58
0.58
0.58
0.58
0.58
0.58
0.60
0.61
0.62
0.62
0.64
0.64
0.64
415.60
413.10
409.90
406.40
402.70
398.30
393.30
387.70
380.30
370.70
360.30
349.20
335.40
320.30
303.90
287.20
271.80
259.20
250.30
244.30
238.00
228.80
218.40
207.40
197.50
188.10
180.20
175.90
173.60
172.20
173.00
172.70
170.60
167.80
165.00
165.10
167.00
169.00
169.00
163.10
152.40
142.20
133.10
124.90
116.90
109.80
102.60
96.11
90.33
84.74
79.66
74.32
68.98
63.70
58.63
55.01
51.39
48.97
47.86
50.56
58.72
71.15
82.96
90.12
92.27
95.40
101.20
105.20
102.60
93.40
82.42
71.35
61.04
53.34
46.94
41.10
36.77
32.79
28.23
23.64
20.55
17.46
12.97
9.94
7.62
5.21
2.53
1.50
1.10
0.85
0.64
0.43
0.24
0.12
0.10
0.10
0.10
0.10
0.10
0.11
0.12
0.12
0.13
0.14
0.15
0.15
0.16
0.17
0.18
0.18
0.19
0.20
0.21
0.21
0.22
0.23
0.24
0.24
0.25
0.26
0.27
0.28
0.28
0.29
0.30
0.31
0.31
0.31
0.32
0.33
0.33
0.33
0.34
0.35
0.35
0.36
0.36
0.37
0.38
0.39
0.40
0.41
0.42
0.43
0.44
0.44
0.45
0.46
0.47
0.48
0.49
0.49
0.50
0.50
0.51
0.51
0.52
0.52
0.52
0.52
0.53
0.53
0.53
0.53
0.54
0.54
0.54
0.54
0.54
0.55
0.55
0.55
0.55
0.56
0.57
0.59
0.59
0.60
0.61
0.63
0.64
415.30
413.70
411.20
408.80
405.80
402.40
398.00
393.30
386.70
378.20
369.70
359.00
347.60
333.60
317.40
301.10
285.30
271.30
260.40
254.10
250.80
243.70
234.30
224.40
214.60
204.40
194.10
185.90
181.20
178.00
175.60
175.40
174.20
171.50
168.80
167.90
168.60
170.70
173.10
171.10
162.80
150.50
140.10
131.40
124.00
116.80
109.70
102.60
96.47
90.78
85.50
79.98
74.21
68.52
62.63
57.55
54.35
51.97
50.27
49.52
51.78
58.77
69.56
80.44
87.42
90.39
93.69
100.40
106.20
105.20
97.71
86.36
74.49
64.15
54.78
46.62
39.28
33.97
29.71
25.06
22.06
17.83
14.37
11.56
9.10
6.46
3.27
1.57
1.17
0.88
0.64
0.44
0.26
0.12
0.09
0.09
0.10
0.10
0.11
0.11
0.12
0.13
0.13
0.14
0.14
0.15
0.15
0.16
0.17
0.17
0.18
0.19
0.20
0.20
0.21
0.22
0.23
0.24
0.24
0.25
0.26
0.26
0.27
0.28
0.29
0.29
0.30
0.30
0.31
0.32
0.32
0.33
0.33
0.34
0.35
0.35
0.36
0.37
0.37
0.38
0.39
0.40
0.40
0.41
0.42
0.43
0.44
0.45
0.46
0.47
0.47
0.48
0.49
0.49
0.50
0.50
0.51
0.51
0.52
0.52
0.52
0.53
0.53
0.53
0.54
0.54
0.54
0.54
0.55
0.55
0.55
0.55
0.56
0.56
0.58
0.60
0.61
0.61
0.63
0.64
0.64
415.60
414.40
412.60
410.70
407.50
404.90
401.60
397.40
391.50
384.30
376.40
367.40
356.80
344.10
329.40
313.20
297.30
283.00
270.10
262.20
259.40
255.50
248.00
238.90
229.80
219.90
208.90
198.60
190.60
185.90
181.70
177.80
176.50
174.30
171.50
169.60
169.90
171.30
174.10
175.60
170.50
159.30
146.90
136.00
128.40
122.00
115.00
108.10
102.20
96.19
90.60
85.55
79.51
72.81
66.98
60.46
57.40
54.41
51.43
50.12
48.66
48.53
52.37
61.33
73.18
82.21
86.30
88.38
94.43
102.20
105.90
102.20
93.69
80.22
67.27
57.55
48.23
40.45
34.04
29.29
24.76
20.47
17.31
13.50
10.25
7.12
3.19
1.69
1.20
0.89
0.65
0.42
0.23
0.10
0.08
0.08
0.08
0.08
0.08
0.08
0.08
0.09
0.09
0.10
0.11
0.11
0.12
0.12
0.13
0.13
0.14
0.15
0.15
0.16
0.17
0.17
0.18
0.19
0.20
0.20
0.21
0.22
0.23
0.24
0.24
0.25
0.25
0.26
0.27
0.27
0.28
0.29
0.29
0.30
0.31
0.31
0.32
0.33
0.33
0.34
0.35
0.35
0.36
0.37
0.38
0.38
0.40
0.40
0.41
0.42
0.42
0.43
0.44
0.45
0.45
0.46
0.46
0.47
0.47
0.48
0.48
0.49
0.49
0.49
0.50
0.50
0.51
0.51
0.51
0.52
0.52
0.52
0.53
0.54
0.56
0.57
0.58
0.59
0.60
0.62
0.63
416.30
414.80
413.50
412.50
411.00
408.50
406.60
402.20
397.90
392.50
385.50
377.50
368.60
357.90
344.60
330.00
314.80
299.90
285.50
273.40
266.60
265.80
262.00
254.70
246.80
237.90
228.80
217.20
206.10
197.30
191.30
186.00
181.10
177.30
175.20
172.20
170.80
171.10
172.60
175.50
177.20
171.90
160.50
147.20
135.80
128.80
123.00
116.70
110.40
104.10
98.85
93.27
88.10
82.28
75.36
69.23
62.07
56.86
54.28
52.03
48.75
45.84
43.62
43.61
47.40
55.62
66.26
75.47
80.46
83.96
90.09
97.92
102.20
99.22
90.86
77.59
65.84
55.32
46.75
39.12
32.67
26.88
23.00
17.86
15.31
9.53
4.39
1.91
1.36
0.99
0.72
0.46
0.26
0.11
0.07
0.08
0.08
0.08
0.08
0.09
0.09
0.10
0.10
0.10
0.11
0.12
0.12
0.13
0.13
0.13
0.14
0.15
0.15
0.16
0.17
0.17
0.18
0.19
0.19
0.20
0.20
0.22
0.22
0.23
0.24
0.24
0.25
0.26
0.26
0.27
0.28
0.29
0.29
0.30
0.31
0.31
0.32
0.32
0.33
0.34
0.34
0.35
0.36
0.37
0.38
0.38
0.39
0.40
0.41
0.41
0.42
0.43
0.43
0.44
0.45
0.45
0.46
0.47
0.47
0.48
0.48
0.49
0.49
0.50
0.50
0.50
0.51
0.52
0.52
0.53
0.53
0.53
0.54
0.54
0.56
0.58
0.60
0.60
0.62
0.64
0.64
415.90
415.80
415.10
414.40
413.40
411.80
409.70
407.10
403.80
399.30
392.80
386.50
378.70
369.20
358.00
345.20
330.40
315.00
300.60
287.20
276.00
271.40
271.10
266.80
260.70
253.00
245.20
236.20
224.10
212.30
202.80
195.80
189.70
183.80
177.90
174.30
171.50
170.30
171.10
172.30
175.80
178.10
172.10
160.70
146.80
135.10
127.90
122.90
117.60
111.40
105.30
100.30
95.31
90.08
84.29
77.30
70.86
63.22
56.51
52.44
48.38
45.49
43.15
41.08
39.42
38.74
40.41
46.14
55.93
65.33
73.18
76.33
80.47
88.03
94.86
94.58
90.29
83.85
72.35
59.07
49.37
37.93
30.92
24.28
20.84
13.77
4.79
2.18
1.43
1.03
0.74
0.47
0.25
0.09
0.07
0.07
0.07
0.07
0.07
0.07
0.07
0.07
0.08
0.08
0.09
0.09
0.09
0.10
0.11
0.11
0.11
0.12
0.12
0.13
0.14
0.14
0.15
0.15
0.16
0.17
0.17
0.18
0.19
0.19
0.20
0.21
0.21
0.22
0.23
0.24
0.24
0.25
0.26
0.26
0.27
0.28
0.28
0.29
0.30
0.31
0.31
0.32
0.33
0.33
0.34
0.35
0.35
0.36
0.37
0.38
0.38
0.39
0.40
0.40
0.41
0.41
0.42
0.43
0.43
0.44
0.45
0.45
0.46
0.47
0.47
0.47
0.48
0.48
0.49
0.50
0.50
0.50
0.51
0.52
0.54
0.56
0.57
0.58
0.60
0.61
0.63
415.50
416.30
416.20
416.70
415.80
415.40
414.50
412.20
409.80
405.90
401.50
396.20
389.60
382.00
373.60
362.50
350.30
336.10
321.70
308.20
294.50
282.60
277.30
276.70
274.20
268.50
262.00
255.00
247.10
236.40
223.70
212.60
203.00
196.30
189.40
181.70
175.50
171.30
169.10
169.20
170.50
173.40
176.90
174.80
166.00
152.60
139.20
128.70
123.20
118.10
112.50
106.90
101.40
96.52
91.48
86.23
80.04
73.20
64.95
54.90
48.52
45.41
43.07
41.14
39.09
37.19
35.64
34.09
32.81
32.97
36.56
44.22
52.56
59.49
63.21
66.83
71.24
77.48
77.50
74.57
66.84
52.14
40.27
34.43
27.05
18.43
7.00
2.53
1.65
1.13
0.81
0.51
0.27
0.11
0.07
0.08
0.08
0.08
0.08
0.08
0.09
0.09
0.09
0.10
0.10
0.10
0.11
0.11
0.12
0.12
0.13
0.13
0.14
0.14
0.14
0.15
0.15
0.16
0.17
0.17
0.18
0.18
0.19
0.20
0.20
0.21
0.22
0.22
0.23
0.24
0.25
0.25
0.26
0.26
0.27
0.28
0.29
0.29
0.30
0.31
0.31
0.32
0.33
0.34
0.35
0.35
0.36
0.36
0.37
0.38
0.39
0.39
0.40
0.40
0.41
0.42
0.42
0.43
0.44
0.44
0.45
0.46
0.46
0.47
0.47
0.48
0.49
0.49
0.50
0.50
0.51
0.51
0.52
0.53
0.55
0.57
0.58
0.59
0.61
0.63
0.63
415.80
416.80
418.20
418.20
418.70
418.70
417.90
416.70
415.40
413.50
409.00
404.60
399.00
393.40
386.10
377.80
366.40
354.60
341.40
328.10
314.10
301.40
289.90
283.40
282.00
279.80
275.10
269.20
263.10
256.10
247.40
235.00
222.30
211.40
202.90
195.70
187.50
178.80
172.20
167.90
167.00
167.70
169.30
172.60
173.10
167.30
156.00
142.60
131.10
121.50
116.70
111.60
106.00
100.80
96.28
91.59
86.73
81.24
72.37
63.48
56.57
49.69
42.82
40.57
38.68
36.97
35.28
33.62
31.92
30.35
28.88
27.53
26.17
25.69
28.51
34.65
40.42
43.41
42.95
45.10
51.16
52.05
48.21
43.57
34.04
19.24
5.76
2.51
1.55
1.07
0.75
0.48
0.25
0.10
0.08
0.08
0.08
0.08
0.08
0.08
0.08
0.08
0.08
0.08
0.08
0.09
0.09
0.09
0.10
0.10
0.11
0.11
0.11
0.12
0.12
0.13
0.13
0.14
0.14
0.15
0.15
0.16
0.16
0.17
0.17
0.18
0.19
0.19
0.20
0.21
0.21
0.22
0.23
0.24
0.24
0.25
0.26
0.26
0.27
0.28
0.28
0.29
0.30
0.31
0.32
0.32
0.33
0.33
0.34
0.35
0.36
0.36
0.37
0.37
0.38
0.38
0.39
0.40
0.40
0.41
0.42
0.42
0.43
0.44
0.45
0.45
0.46
0.46
0.47
0.47
0.48
0.49
0.49
0.50
0.52
0.54
0.56
0.56
0.58
0.60
0.62
415.80
417.60
418.80
420.10
421.40
421.80
421.90
422.20
421.00
420.00
417.80
414.70
410.70
405.50
400.00
393.30
385.00
376.10
364.80
352.20
339.60
326.80
313.70
301.30
291.80
287.60
286.30
282.50
278.00
272.50
267.10
260.70
252.40
240.90
227.30
215.20
206.10
197.80
189.00
179.20
171.40
165.80
163.40
163.70
166.00
169.20
169.60
166.20
157.80
144.30
130.50
120.30
114.00
107.70
101.50
95.44
90.41
85.16
78.75
71.90
64.07
56.16
49.14
42.14
38.59
36.73
35.04
33.50
31.95
30.41
29.00
27.55
26.20
24.85
23.49
21.83
20.24
18.49
17.33
17.13
20.04
23.97
24.89
26.28
25.34
19.89
5.50
2.12
1.39
0.97
0.69
0.45
0.25
0.11
0.08
0.08
0.09
0.09
0.09
0.09
0.10
0.10
0.10
0.10
0.11
0.11
0.11
0.12
0.12
0.12
0.13
0.13
0.13
0.14
0.14
0.14
0.15
0.15
0.16
0.16
0.17
0.17
0.18
0.18
0.19
0.19
0.20
0.21
0.21
0.22
0.22
0.23
0.24
0.24
0.25
0.26
0.27
0.27
0.28
0.29
0.29
0.30
0.31
0.32
0.32
0.33
0.34
0.34
0.35
0.36
0.37
0.37
0.38
0.38
0.39
0.40
0.40
0.41
0.42
0.42
0.42
0.43
0.44
0.45
0.45
0.46
0.47
0.47
0.48
0.49
0.49
0.50
0.50
0.52
0.53
0.55
0.57
0.58
0.60
0.62
0.62
415.70
418.00
420.30
422.50
424.10
425.70
426.50
426.90
426.80
426.30
424.90
422.80
419.80
416.40
411.80
406.90
400.50
393.60
385.20
374.90
363.10
351.50
339.00
326.50
314.00
302.70
294.70
291.40
289.00
285.70
281.40
276.30
270.80
265.30
257.80
247.30
233.60
220.00
209.00
199.50
189.80
180.20
173.10
168.20
166.20
164.60
163.40
163.70
163.90
161.50
152.40
138.30
125.30
115.50
108.00
101.40
94.44
88.27
81.83
75.40
68.97
62.87
56.65
50.34
44.03
37.80
34.47
32.64
31.19
30.04
28.65
27.08
25.56
23.80
22.17
20.52
18.77
16.85
15.38
14.03
12.88
11.26
9.85
8.39
6.52
4.38
2.09
1.41
1.04
0.79
0.59
0.39
0.21
0.10
0.09
0.09
0.09
0.09
0.09
0.09
0.09
0.09
0.09
0.09
0.09
0.09
0.10
0.10
0.11
0.11
0.11
0.11
0.11
0.12
0.12
0.13
0.13
0.14
0.14
0.14
0.15
0.15
0.16
0.16
0.17
0.17
0.18
0.18
0.19
0.19
0.20
0.21
0.21
0.22
0.23
0.23
0.24
0.25
0.25
0.26
0.27
0.28
0.29
0.29
0.30
0.31
0.31
0.32
0.33
0.33
0.34
0.35
0.35
0.36
0.37
0.37
0.38
0.38
0.39
0.40
0.40
0.40
0.41
0.42
0.42
0.43
0.44
0.45
0.45
0.46
0.47
0.47
0.48
0.49
0.51
0.53
0.54
0.55
0.58
0.59
0.61
415.10
419.00
421.80
423.70
426.80
428.50
430.90
431.50
431.80
432.00
431.60
431.40
430.70
427.90
424.70
421.50
416.70
411.60
405.20
398.40
389.90
379.90
368.90
357.10
345.80
333.30
321.60
310.30
300.60
295.60
293.20
290.50
286.40
281.70
276.40
271.60
265.50
258.10
247.90
232.50
219.30
209.50
201.40
192.80
183.60
175.40
169.00
164.10
159.60
157.50
158.10
156.80
149.90
137.40
124.90
112.30
99.84
91.82
85.00
78.75
72.63
66.27
60.49
55.39
51.03
46.18
40.90
35.27
31.43
30.01
29.59
27.26
25.62
23.75
22.36
20.95
19.08
17.34
15.86
14.31
13.02
11.35
9.70
8.20
6.25
4.29
2.09
1.44
1.09
0.80
0.60
0.41
0.24
0.11
0.09
0.09
0.10
0.10
0.10
0.10
0.11
0.11
0.11
0.11
0.12
0.12
0.12
0.12
0.13
0.13
0.13
0.13
0.14
0.14
0.14
0.15
0.15
0.16
0.16
0.16
0.17
0.17
0.17
0.18
0.18
0.19
0.20
0.20
0.20
0.21
0.21
0.22
0.22
0.23
0.24
0.24
0.25
0.26
0.27
0.27
0.28
0.29
0.29
0.30
0.31
0.31
0.32
0.33
0.34
0.34
0.35
0.36
0.36
0.37
0.38
0.38
0.39
0.39
0.40
0.41
0.41
0.42
0.42
0.43
0.44
0.44
0.45
0.46
0.46
0.47
0.48
0.48
0.49
0.50
0.52
0.54
0.55
0.56
0.59
0.61
0.61
416.20
419.50
422.90
426.80
429.50
432.60
434.30
435.90
437.40
438.50
438.70
439.00
438.70
438.00
436.20
434.20
431.10
427.10
423.40
418.00
411.80
405.10
396.40
386.80
376.60
365.90
354.10
342.80
331.20
319.70
309.20
301.00
297.30
294.20
291.20
287.30
282.50
276.70
270.80
264.50
258.60
251.60
241.60
228.50
217.70
207.60
196.60
185.50
176.60
168.30
160.90
153.80
149.60
147.10
141.60
130.10
114.90
101.60
90.61
82.31
74.64
67.82
62.24
57.30
52.83
48.37
44.53
41.12
37.20
33.58
30.64
27.52
25.76
23.64
21.87
20.18
18.62
17.08
15.76
14.01
12.48
11.05
9.07
7.76
6.29
4.21
2.05
1.44
1.07
0.81
0.61
0.41
0.22
0.11
0.10
0.10
0.10
0.10
0.10
0.10
0.10
0.10
0.10
0.10
0.10
0.11
0.11
0.11
0.11
0.11
0.11
0.12
0.12
0.12
0.13
0.13
0.13
0.14
0.14
0.14
0.15
0.15
0.15
0.16
0.17
0.17
0.17
0.18
0.18
0.19
0.19
0.20
0.20
0.21
0.22
0.22
0.23
0.23
0.24
0.25
0.26
0.26
0.27
0.28
0.29
0.29
0.30
0.31
0.32
0.32
0.33
0.34
0.34
0.35
0.36
0.36
0.37
0.37
0.38
0.38
0.39
0.39
0.40
0.40
0.41
0.42
0.42
0.43
0.44
0.45
0.46
0.46
0.47
0.48
0.50
0.52
0.53
0.54
0.56
0.58
0.60
415.50
419.40
424.30
428.10
431.90
435.00
438.20
441.20
443.20
445.00
446.20
447.40
448.40
448.30
448.00
447.10
445.50
443.20
440.20
437.00
433.50
428.30
423.00
416.90
409.70
401.10
392.40
382.20
371.70
360.70
349.80
338.80
327.10
317.10
307.90
301.30
297.60
293.80
289.50
284.70
278.90
273.10
267.50
263.50
258.20
251.80
243.40
232.80
219.50
206.30
191.70
177.90
165.40
153.50
143.40
136.40
131.40
119.90
108.40
96.84
84.10
74.78
67.33
60.14
54.14
49.67
45.31
41.45
38.41
35.72
33.53
30.54
27.93
25.25
23.39
21.63
19.68
17.89
16.21
14.53
12.92
11.42
9.74
7.98
6.96
4.71
2.30
1.52
1.16
0.86
0.64
0.44
0.25
0.11
0.10
0.10
0.10
0.10
0.11
0.11
0.11
0.11
0.12
0.12
0.12
0.12
0.13
0.13
0.13
0.13
0.13
0.13
0.14
0.14
0.14
0.15
0.15
0.15
0.16
0.16
0.16
0.17
0.17
0.17
0.18
0.18
0.19
0.19
0.20
0.20
0.21
0.21
0.22
0.22
0.23
0.24
0.24
0.25
0.26
0.26
0.27
0.27
0.28
0.29
0.30
0.31
0.31
0.32
0.33
0.33
0.34
0.35
0.36
0.36
0.37
0.38
0.38
0.39
0.39
0.40
0.41
0.41
0.41
0.42
0.43
0.43
0.44
0.45
0.45
0.46
0.47
0.48
0.48
0.50
0.51
0.53
0.54
0.56
0.58
0.60
0.60
416.00
421.20
425.50
430.20
434.20
438.50
442.30
445.70
448.70
451.50
453.60
455.60
457.20
458.20
458.30
458.50
457.60
457.70
455.90
454.40
451.80
448.40
445.30
440.80
436.20
431.30
425.20
418.50
410.60
402.30
393.00
383.00
372.60
362.20
352.20
341.50
330.40
319.80
310.70
303.40
298.20
294.10
289.30
284.70
278.20
271.00
264.60
257.60
249.80
240.20
230.70
220.60
209.90
195.70
178.00
161.50
146.30
132.50
121.80
113.80
101.10
87.28
75.76
66.05
57.90
51.67
45.44
40.57
36.74
33.95
31.47
29.20
27.34
25.49
23.57
21.89
19.87
18.34
17.03
15.28
13.54
11.67
10.17
8.45
6.91
4.60
2.26
1.53
1.13
0.86
0.64
0.43
0.24
0.11
0.10
0.10
0.10
0.10
0.10
0.10
0.10
0.10
0.10
0.10
0.10
0.10
0.11
0.11
0.11
0.11
0.11
0.12
0.12
0.12
0.12
0.13
0.13
0.13
0.14
0.14
0.14
0.15
0.15
0.15
0.16
0.17
0.17
0.17
0.18
0.18
0.19
0.19
0.20
0.20
0.21
0.22
0.22
0.23
0.23
0.24
0.24
0.25
0.26
0.26
0.28
0.28
0.29
0.29
0.31
0.31
0.32
0.33
0.33
0.34
0.35
0.36
0.36
0.37
0.37
0.38
0.38
0.39
0.40
0.40
0.40
0.41
0.42
0.42
0.43
0.44
0.45
0.45
0.46
0.47
0.49
0.51
0.52
0.54
0.55
0.57
0.59
415.20
420.80
426.10
431.20
436.10
441.60
445.50
449.40
453.90
457.30
460.00
463.20
466.50
468.20
469.50
470.10
470.70
471.40
470.40
470.20
469.30
468.40
466.00
463.60
460.10
456.50
453.00
448.60
443.30
438.10
433.30
427.20
420.40
412.60
403.90
395.20
386.10
376.40
366.50
356.60
346.50
336.40
325.70
316.20
308.10
301.70
294.90
287.70
279.80
269.40
258.10
245.20
233.00
220.80
206.90
193.90
180.80
168.10
155.30
140.50
124.40
108.20
92.04
78.89
67.09
57.79
49.76
43.34
38.58
34.59
31.75
29.40
27.19
25.45
23.51
21.81
19.87
18.11
16.93
15.42
13.63
11.71
10.28
8.65
7.15
5.04
2.45
1.61
1.19
0.90
0.67
0.45
0.26
0.11
0.09
0.10
0.10
0.10
0.10
0.11
0.11
0.11
0.11
0.11
0.12
0.12
0.12
0.13
0.13
0.13
0.13
0.13
0.14
0.14
0.14
0.14
0.15
0.15
0.15
0.15
0.16
0.16
0.16
0.17
0.17
0.18
0.18
0.19
0.20
0.20
0.20
0.21
0.22
0.22
0.22
0.23
0.23
0.24
0.25
0.25
0.26
0.26
0.27
0.28
0.29
0.29
0.30
0.31
0.31
0.32
0.33
0.34
0.35
0.35
0.36
0.37
0.37
0.38
0.38
0.39
0.40
0.40
0.41
0.41
0.42
0.43
0.44
0.44
0.45
0.45
0.46
0.47
0.48
0.49
0.51
0.52
0.54
0.55
0.57
0.59
0.59
416.30
422.40
428.20
434.00
439.00
444.80
449.40
454.10
459.10
463.10
467.50
471.30
474.50
477.60
479.40
481.70
482.80
484.70
485.30
484.90
485.40
484.40
483.80
482.50
480.80
478.80
475.80
473.20
470.00
466.60
463.20
459.10
455.40
450.90
445.60
440.30
435.50
428.90
422.10
415.10
407.30
398.90
390.30
380.80
370.20
358.90
347.40
335.20
322.50
309.50
296.40
283.30
270.70
257.30
242.10
224.10
204.40
184.60
165.60
148.00
132.00
117.00
102.20
87.90
74.43
63.55
55.99
48.47
40.94
36.39
33.14
30.20
27.25
25.10
23.02
21.23
19.36
17.56
16.28
15.28
13.13
11.51
10.03
8.45
6.58
4.44
2.26
1.52
1.15
0.88
0.67
0.44
0.23
0.11
0.09
0.09
0.09
0.09
0.09
0.09
0.09
0.09
0.09
0.10
0.10
0.10
0.11
0.11
0.11
0.11
0.11
0.11
0.12
0.12
0.12
0.12
0.12
0.13
0.13
0.13
0.14
0.14
0.14
0.15
0.15
0.16
0.16
0.16
0.17
0.17
0.18
0.18
0.19
0.19
0.20
0.21
0.21
0.22
0.22
0.23
0.23
0.24
0.25
0.25
0.26
0.27
0.28
0.28
0.29
0.30
0.31
0.31
0.32
0.33
0.34
0.34
0.35
0.36
0.36
0.37
0.38
0.38
0.39
0.40
0.40
0.41
0.41
0.42
0.43
0.44
0.44
0.45
0.46
0.47
0.48
0.50
0.51
0.53
0.55
0.56
0.58
415.60
421.90
428.10
434.60
440.00
446.80
451.90
457.70
462.90
467.60
472.70
476.90
481.30
485.10
488.10
491.40
494.10
496.40
497.70
498.50
499.00
500.30
500.80
500.60
499.70
498.80
496.80
495.00
492.70
490.40
488.50
486.10
483.00
480.50
477.10
474.00
470.30
467.10
462.90
458.70
454.70
450.30
443.80
437.40
429.70
420.50
411.00
400.20
388.90
375.90
361.40
346.30
330.30
312.50
292.70
269.30
244.80
218.60
192.10
167.80
145.80
127.60
109.40
91.30
77.91
66.23
56.17
48.02
42.03
37.47
34.04
30.72
27.92
25.48
23.37
21.57
19.55
17.62
15.83
14.59
12.87
11.38
9.89
8.31
6.46
4.56
2.44
1.59
1.21
0.91
0.69
0.46
0.26
0.11
0.08
0.09
0.09
0.09
0.10
0.10
0.10
0.10
0.11
0.11
0.11
0.11
0.12
0.12
0.12
0.13
0.13
0.13
0.13
0.13
0.13
0.13
0.14
0.14
0.14
0.15
0.15
0.15
0.16
0.16
0.16
0.17
0.17
0.18
0.18
0.19
0.19
0.20
0.20
0.21
0.22
0.22
0.23
0.23
0.24
0.24
0.25
0.25
0.26
0.26
0.27
0.28
0.28
0.29
0.30
0.31
0.32
0.32
0.33
0.34
0.35
0.36
0.36
0.37
0.37
0.38
0.39
0.40
0.40
0.41
0.42
0.42
0.43
0.44
0.44
0.45
0.46
0.47
0.47
0.48
0.50
0.51
0.53
0.54
0.56
0.58
0.58
415.90
423.20
429.60
436.40
442.80
449.60
455.60
462.00
467.60
473.50
479.20
484.20
489.70
493.80
498.30
501.20
504.20
507.10
510.40
512.60
513.70
515.20
516.70
517.40
517.50
517.70
517.30
516.50
514.80
513.50
511.90
511.40
508.60
506.20
503.60
501.30
498.60
495.70
492.50
489.30
486.70
482.80
477.50
471.50
464.60
456.80
448.90
440.00
430.30
418.80
407.30
393.60
378.90
361.20
339.00
313.10
285.30
254.40
224.20
195.80
169.90
145.50
123.60
103.30
85.18
69.37
56.68
49.00
41.48
37.08
33.65
30.86
28.34
25.83
23.44
21.78
19.30
17.67
15.41
13.86
12.26
10.87
9.32
7.77
5.93
4.06
2.26
1.54
1.18
0.91
0.69
0.45
0.24
0.09
0.08
0.08
0.08
0.08
0.08
0.08
0.08
0.08
0.08
0.09
0.09
0.09
0.09
0.10
0.10
0.10
0.10
0.11
0.11
0.11
0.11
0.11
0.12
0.12
0.12
0.12
0.13
0.13
0.13
0.14
0.14
0.14
0.15
0.15
0.15
0.16
0.17
0.17
0.18
0.19
0.19
0.20
0.20
0.21
0.21
0.22
0.22
0.22
0.23
0.24
0.24
0.25
0.26
0.26
0.28
0.28
0.29
0.30
0.31
0.31
0.32
0.33
0.33
0.34
0.35
0.35
0.36
0.37
0.38
0.38
0.39
0.40
0.41
0.41
0.42
0.43
0.43
0.44
0.45
0.46
0.48
0.49
0.50
0.52
0.54
0.55
0.57
