SALVI
1
0
24
15.0
181
1.0
250114 AVENUE 5050 350mA 3000K F4MC PMMA SC
250114 AVENUE 5050 3000K F4MC PMMA SC

250114-AVENUE-5050-F4MC-PMMA-SC.ldt
10-4-2025/TB
545
475
737
380
0
0
0
0
0
97.91
100.00
1.00
0.00
1
1
18 LED 5050
4955.90
3000
70
39.70
0.09
0.17
0.27
0.35
0.42
0.53
0.60
0.66
0.73
0.78
0.00
15.00
30.00
45.00
60.00
75.00
90.00
105.00
120.00
135.00
150.00
165.00
180.00
195.00
210.00
225.00
240.00
255.00
270.00
285.00
300.00
315.00
330.00
345.00
0.00
1.00
2.00
3.00
4.00
5.00
6.00
7.00
8.00
9.00
10.00
11.00
12.00
13.00
14.00
15.00
16.00
17.00
18.00
19.00
20.00
21.00
22.00
23.00
24.00
25.00
26.00
27.00
28.00
29.00
30.00
31.00
32.00
33.00
34.00
35.00
36.00
37.00
38.00
39.00
40.00
41.00
42.00
43.00
44.00
45.00
46.00
47.00
48.00
49.00
50.00
51.00
52.00
53.00
54.00
55.00
56.00
57.00
58.00
59.00
60.00
61.00
62.00
63.00
64.00
65.00
66.00
67.00
68.00
69.00
70.00
71.00
72.00
73.00
74.00
75.00
76.00
77.00
78.00
79.00
80.00
81.00
82.00
83.00
84.00
85.00
86.00
87.00
88.00
89.00
90.00
91.00
92.00
93.00
94.00
95.00
96.00
97.00
98.00
99.00
100.00
101.00
102.00
103.00
104.00
105.00
106.00
107.00
108.00
109.00
110.00
111.00
112.00
113.00
114.00
115.00
116.00
117.00
118.00
119.00
120.00
121.00
122.00
123.00
124.00
125.00
126.00
127.00
128.00
129.00
130.00
131.00
132.00
133.00
134.00
135.00
136.00
137.00
138.00
139.00
140.00
141.00
142.00
143.00
144.00
145.00
146.00
147.00
148.00
149.00
150.00
151.00
152.00
153.00
154.00
155.00
156.00
157.00
158.00
159.00
160.00
161.00
162.00
163.00
164.00
165.00
166.00
167.00
168.00
169.00
170.00
171.00
172.00
173.00
174.00
175.00
176.00
177.00
178.00
179.00
180.00
74.55
80.22
81.26
73.99
69.53
73.02
60.87
54.56
56.00
63.51
48.21
50.07
57.57
67.63
74.45
90.78
94.50
88.64
93.54
96.81
100.30
100.90
93.92
99.96
105.70
107.40
110.70
120.80
122.20
143.90
157.30
180.90
189.80
193.30
205.40
204.40
215.60
226.90
230.40
240.80
247.40
256.80
260.50
273.20
280.00
279.90
281.20
282.90
288.10
286.50
284.10
284.90
283.50
277.90
270.10
267.50
260.80
255.60
247.20
243.60
234.20
223.90
211.10
201.30
190.60
176.70
161.10
145.10
130.60
112.20
97.59
83.67
71.77
60.80
53.44
46.78
42.19
37.97
35.17
31.97
30.25
29.61
26.64
25.53
24.68
23.61
22.27
20.76
19.21
17.73
16.50
15.14
14.31
13.08
10.77
9.84
6.94
5.56
4.80
4.19
4.00
4.01
4.19
4.18
4.24
3.84
3.83
3.50
2.88
2.27
2.07
1.78
1.71
2.23
2.27
2.05
2.03
2.23
2.18
2.18
2.57
2.68
2.87
3.22
3.30
2.99
2.59
2.39
2.30
2.19
1.93
1.70
1.48
1.78
1.55
1.17
1.05
1.02
0.83
0.63
0.49
0.44
0.43
0.43
0.43
0.44
0.50
0.51
0.53
0.70
0.95
1.44
1.43
1.39
1.24
1.10
1.30
0.71
0.35
0.25
0.20
0.19
0.19
0.19
0.19
0.19
0.19
0.18
0.18
0.18
0.18
0.18
0.18
0.18
0.18
0.18
0.18
0.18
0.18
0.18
0.18
75.92
80.06
79.85
72.49
73.95
76.25
68.98
53.67
54.63
61.95
70.15
78.16
72.12
75.54
81.43
82.64
85.81
94.79
98.84
107.00
109.60
115.00
119.90
119.10
139.40
134.40
136.50
137.20
149.80
152.40
162.70
175.60
191.20
195.00
204.50
214.30
215.60
221.40
230.20
239.30
245.80
249.10
258.50
257.60
267.20
276.90
276.60
283.90
292.60
298.20
300.10
303.50
310.50
313.60
323.90
326.30
335.40
337.30
340.50
339.80
339.50
341.10
339.50
336.60
328.60
320.80
313.00
306.10
293.80
276.70
258.00
235.80
209.90
181.50
155.20
130.10
106.10
84.87
68.00
55.37
46.10
38.13
32.83
29.91
28.86
27.76
27.22
26.09
25.50
25.44
25.37
24.74
23.46
21.45
19.37
15.66
12.89
10.00
8.11
5.23
3.92
3.75
4.07
3.55
3.23
2.84
2.67
2.42
2.09
1.69
1.34
1.09
1.29
1.23
1.42
1.69
1.44
1.53
1.68
1.80
1.66
1.94
1.83
1.79
1.70
1.74
1.78
1.70
1.61
1.72
1.76
1.32
1.40
1.19
1.17
1.13
0.86
0.73
0.60
0.56
0.48
0.42
0.42
0.42
0.42
0.43
0.44
0.45
0.54
0.58
0.97
1.07
1.16
1.15
0.95
0.75
0.53
0.39
0.24
0.18
0.18
0.18
0.18
0.18
0.18
0.18
0.18
0.18
0.18
0.18
0.18
0.19
0.19
0.19
0.20
0.20
0.20
0.20
0.21
0.21
0.21
75.92
81.91
75.03
65.08
69.11
70.48
56.79
58.24
59.71
57.29
58.77
61.33
65.88
76.97
92.47
100.90
99.29
111.10
123.00
113.90
123.40
129.40
130.60
133.70
139.00
141.30
156.80
171.50
155.30
160.80
168.40
185.80
200.80
209.00
219.70
223.10
226.10
233.60
246.00
251.90
253.40
261.90
266.80
273.70
279.00
289.60
296.10
302.60
315.00
318.90
319.60
327.10
335.60
345.70
350.10
354.10
359.80
368.60
368.20
375.20
380.00
388.70
389.70
394.90
397.10
398.30
393.70
386.80
375.50
354.50
330.70
305.10
272.70
239.70
196.10
157.10
121.50
89.31
67.65
51.47
38.23
30.72
27.38
25.48
23.34
21.59
22.04
21.21
21.28
20.55
19.56
19.11
18.56
16.58
13.93
10.75
7.32
5.81
3.89
2.95
2.15
1.89
1.77
1.82
1.68
1.48
1.31
1.19
1.03
0.97
0.91
0.87
0.83
0.81
0.81
0.79
0.77
0.75
0.70
0.66
0.64
0.70
0.73
0.76
0.83
0.78
0.84
0.93
1.06
1.03
0.92
0.98
0.91
0.89
0.89
0.83
0.87
0.75
0.67
0.58
0.49
0.43
0.42
0.42
0.40
0.41
0.44
0.51
0.58
0.70
0.86
1.23
0.84
0.49
0.44
0.33
0.19
0.16
0.15
0.15
0.15
0.15
0.15
0.15
0.15
0.15
0.15
0.15
0.15
0.15
0.16
0.16
0.17
0.17
0.17
0.17
0.18
0.18
0.19
0.20
0.20
76.23
80.21
80.17
68.02
70.25
71.71
68.20
62.06
61.16
67.48
76.70
75.91
76.93
83.06
80.71
93.27
108.00
107.70
121.10
121.50
111.00
130.10
128.80
125.30
139.40
136.30
140.30
143.20
141.20
152.50
156.60
167.50
178.00
177.40
192.00
195.40
205.80
211.10
217.50
226.70
240.20
251.40
263.20
279.50
295.40
310.10
331.60
355.50
372.90
390.00
411.30
433.30
449.40
465.70
483.40
499.70
515.80
529.50
538.10
548.90
550.50
552.30
547.80
543.90
537.00
522.10
506.70
495.90
483.50
458.70
425.70
375.40
310.30
252.90
195.90
142.80
89.96
64.88
47.69
37.11
29.00
22.06
18.28
15.59
12.75
10.70
8.68
7.45
6.28
5.65
5.26
4.58
3.98
3.67
3.45
3.11
2.76
2.56
2.45
2.37
2.52
2.34
2.35
2.43
2.35
2.48
2.64
2.71
2.33
2.10
1.76
1.54
1.21
0.94
0.82
0.78
0.76
0.72
0.69
0.66
0.64
0.64
0.63
0.63
0.63
0.62
0.62
0.64
0.64
0.65
0.67
0.68
0.69
0.69
0.68
0.64
0.60
0.57
0.52
0.51
0.46
0.43
0.41
0.37
0.35
0.36
0.38
0.41
0.44
0.83
0.93
1.10
1.34
1.00
0.71
0.59
0.39
0.25
0.14
0.13
0.13
0.14
0.14
0.14
0.14
0.14
0.15
0.15
0.15
0.16
0.16
0.17
0.17
0.18
0.18
0.19
0.20
0.20
0.21
0.21
0.21
75.65
81.03
81.90
82.77
72.60
69.61
66.19
60.08
64.72
66.88
54.55
49.98
65.44
79.20
92.96
106.70
111.40
110.70
113.60
115.30
118.10
115.90
101.00
107.70
113.90
117.70
128.50
117.80
132.80
145.90
157.50
184.80
193.20
212.90
230.10
234.10
239.10
250.70
265.10
276.40
297.20
318.80
337.80
361.70
387.80
417.00
455.90
498.80
537.10
583.80
636.20
690.40
738.90
780.70
814.20
847.90
877.20
895.50
901.20
897.50
888.20
870.80
845.20
820.50
792.80
761.70
715.20
649.80
564.70
460.10
355.40
251.80
179.80
139.60
110.10
84.84
63.65
50.56
38.34
32.09
24.67
19.16
13.97
10.04
6.75
4.70
3.75
3.20
3.01
3.05
3.11
3.32
3.39
3.53
3.82
3.98
4.05
4.27
4.33
4.63
4.65
5.05
5.50
6.00
6.14
6.37
6.64
6.48
5.43
4.63
3.53
2.14
1.24
0.89
0.88
0.87
0.86
0.84
0.82
0.81
0.78
0.77
0.78
0.83
0.87
0.87
0.93
0.91
0.91
0.94
0.90
0.90
0.86
0.84
0.87
0.82
0.84
0.77
0.59
0.50
0.40
0.39
0.39
0.37
0.34
0.33
0.33
0.34
0.52
0.72
1.29
1.56
1.44
1.74
1.52
1.24
0.76
0.27
0.18
0.12
0.12
0.12
0.12
0.12
0.12
0.12
0.12
0.12
0.12
0.12
0.13
0.14
0.14
0.15
0.16
0.17
0.17
0.18
0.19
0.20
0.20
75.23
80.06
85.11
74.88
73.61
77.34
67.91
56.21
63.72
71.22
78.47
73.57
85.32
87.55
89.13
93.13
110.60
114.00
126.30
126.80
124.00
130.20
134.70
134.30
149.60
148.30
140.90
144.70
146.10
159.10
170.10
180.60
193.50
199.80
210.80
216.20
228.80
239.60
248.10
258.50
271.20
279.50
294.60
319.70
341.50
379.30
425.00
477.00
548.50
618.50
695.10
780.30
864.70
934.60
984.90
1018.00
1025.00
1003.00
973.20
945.30
928.30
919.20
900.10
859.90
801.50
710.30
584.60
460.30
348.60
238.90
166.90
137.80
108.70
89.17
72.21
59.59
52.44
43.96
37.11
32.73
29.43
25.00
18.54
14.43
10.98
8.39
5.86
3.93
2.42
1.99
1.84
1.84
1.87
1.93
1.93
1.86
1.85
2.12
2.22
2.17
2.25
2.34
2.30
2.40
2.60
2.69
2.73
2.70
2.41
1.85
1.53
1.11
0.84
0.73
0.72
0.73
0.74
0.74
0.71
0.69
0.67
0.68
0.66
0.68
0.77
0.78
0.82
0.86
0.88
0.86
0.87
0.87
0.82
0.76
0.72
0.58
0.54
0.57
0.45
0.44
0.37
0.36
0.36
0.35
0.35
0.35
0.36
0.44
0.57
0.83
0.92
1.01
1.29
1.29
0.89
0.59
0.33
0.19
0.12
0.11
0.12
0.12
0.12
0.12
0.12
0.13
0.13
0.13
0.14
0.14
0.15
0.15
0.16
0.17
0.18
0.18
0.19
0.20
0.21
0.22
0.22
75.11
82.12
86.46
69.51
64.72
67.89
53.00
62.27
61.75
55.54
65.19
72.51
71.73
76.70
100.60
110.90
106.30
115.40
124.60
122.00
142.90
141.10
131.00
149.00
156.20
152.80
171.40
173.80
171.60
179.10
181.80
199.30
240.70
244.00
259.50
267.10
269.10
271.60
280.90
284.90
296.00
307.00
315.70
325.10
361.20
398.70
458.80
533.90
616.10
696.90
778.50
848.60
915.40
944.70
945.50
895.90
849.50
811.60
811.50
848.30
901.50
929.40
891.10
796.20
674.60
537.10
407.90
324.00
252.60
185.80
153.40
129.60
109.60
92.74
77.81
69.81
63.21
55.37
48.12
40.76
35.84
29.63
23.82
18.06
12.05
7.60
4.58
2.58
1.72
1.54
1.41
1.39
1.41
1.44
1.48
1.48
1.39
1.27
1.18
1.15
1.12
1.10
1.19
1.21
1.19
1.14
1.14
1.10
1.07
1.03
0.99
0.93
0.90
0.88
0.91
0.98
0.92
0.83
0.77
0.70
0.60
0.54
0.63
0.63
0.86
1.02
1.20
1.05
1.08
1.34
1.37
1.20
1.21
0.96
0.83
0.90
0.76
0.73
0.61
0.53
0.38
0.33
0.32
0.31
0.30
0.30
0.30
0.33
0.77
1.72
1.71
0.95
0.57
0.42
0.53
0.21
0.13
0.12
0.11
0.11
0.11
0.11
0.11
0.11
0.11
0.11
0.12
0.12
0.12
0.12
0.13
0.13
0.14
0.15
0.15
0.16
0.18
0.18
0.19
0.19
0.21
75.23
80.06
85.11
74.88
73.61
77.34
67.91
56.21
63.72
71.22
78.47
73.57
85.32
87.55
89.13
93.13
110.60
114.00
126.30
126.80
124.00
130.20
134.70
134.30
149.60
148.30
140.90
144.70
146.10
159.10
170.10
180.60
193.50
199.80
210.80
216.20
228.80
239.60
248.10
258.50
271.20
279.50
294.60
319.70
341.50
379.30
425.00
477.00
548.50
618.50
695.10
780.30
864.70
934.60
984.90
1018.00
1025.00
1003.00
973.20
945.30
928.30
919.20
900.10
859.90
801.50
710.30
584.60
460.30
348.60
238.90
166.90
137.80
108.70
89.17
72.21
59.59
52.44
43.96
37.11
32.73
29.43
25.00
18.54
14.43
10.98
8.39
5.86
3.93
2.42
1.99
1.84
1.84
1.87
1.93
1.93
1.86
1.85
2.12
2.22
2.17
2.25
2.34
2.30
2.40
2.60
2.69
2.73
2.70
2.41
1.85
1.53
1.11
0.84
0.73
0.72
0.73
0.74
0.74
0.71
0.69
0.67
0.68
0.66
0.68
0.77
0.78
0.82
0.86
0.88
0.86
0.87
0.87
0.82
0.76
0.72
0.58
0.54
0.57
0.45
0.44
0.37
0.36
0.36
0.35
0.35
0.35
0.36
0.44
0.57
0.83
0.92
1.01
1.29
1.29
0.89
0.59
0.33
0.19
0.12
0.11
0.12
0.12
0.12
0.12
0.12
0.13
0.13
0.13
0.14
0.14
0.15
0.15
0.16
0.17
0.18
0.18
0.19
0.20
0.21
0.22
0.22
75.65
81.03
81.90
82.77
72.60
69.61
66.19
60.08
64.72
66.88
54.55
49.98
65.44
79.20
92.96
106.70
111.40
110.70
113.60
115.30
118.10
115.90
101.00
107.70
113.90
117.70
128.50
117.80
132.80
145.90
157.50
184.80
193.20
212.90
230.10
234.10
239.10
250.70
265.10
276.40
297.20
318.80
337.80
361.70
387.80
417.00
455.90
498.80
537.10
583.80
636.20
690.40
738.90
780.70
814.20
847.90
877.20
895.50
901.20
897.50
888.20
870.80
845.20
820.50
792.80
761.70
715.20
649.80
564.70
460.10
355.40
251.80
179.80
139.60
110.10
84.84
63.65
50.56
38.34
32.09
24.67
19.16
13.97
10.04
6.75
4.70
3.75
3.20
3.01
3.05
3.11
3.32
3.39
3.53
3.82
3.98
4.05
4.27
4.33
4.63
4.65
5.05
5.50
6.00
6.14
6.37
6.64
6.48
5.43
4.63
3.53
2.14
1.24
0.89
0.88
0.87
0.86
0.84
0.82
0.81
0.78
0.77
0.78
0.83
0.87
0.87
0.93
0.91
0.91
0.94
0.90
0.90
0.86
0.84
0.87
0.82
0.84
0.77
0.59
0.50
0.40
0.39
0.39
0.37
0.34
0.33
0.33
0.34
0.52
0.72
1.29
1.56
1.44
1.74
1.52
1.24
0.76
0.27
0.18
0.12
0.12
0.12
0.12
0.12
0.12
0.12
0.12
0.12
0.12
0.12
0.13
0.14
0.14
0.15
0.16
0.17
0.17
0.18
0.19
0.20
0.20
76.23
80.21
80.17
68.02
70.25
71.71
68.20
62.06
61.16
67.48
76.70
75.91
76.93
83.06
80.71
93.27
108.00
107.70
121.10
121.50
111.00
130.10
128.80
125.30
139.40
136.30
140.30
143.20
141.20
152.50
156.60
167.50
178.00
177.40
192.00
195.40
205.80
211.10
217.50
226.70
240.20
251.40
263.20
279.50
295.40
310.10
331.60
355.50
372.90
390.00
411.30
433.30
449.40
465.70
483.40
499.70
515.80
529.50
538.10
548.90
550.50
552.30
547.80
543.90
537.00
522.10
506.70
495.90
483.50
458.70
425.70
375.40
310.30
252.90
195.90
142.80
89.96
64.88
47.69
37.11
29.00
22.06
18.28
15.59
12.75
10.70
8.68
7.45
6.28
5.65
5.26
4.58
3.98
3.67
3.45
3.11
2.76
2.56
2.45
2.37
2.52
2.34
2.35
2.43
2.35
2.48
2.64
2.71
2.33
2.10
1.76
1.54
1.21
0.94
0.82
0.78
0.76
0.72
0.69
0.66
0.64
0.64
0.63
0.63
0.63
0.62
0.62
0.64
0.64
0.65
0.67
0.68
0.69
0.69
0.68
0.64
0.60
0.57
0.52
0.51
0.46
0.43
0.41
0.37
0.35
0.36
0.38
0.41
0.44
0.83
0.93
1.10
1.34
1.00
0.71
0.59
0.39
0.25
0.14
0.13
0.13
0.14
0.14
0.14
0.14
0.14
0.15
0.15
0.15
0.16
0.16
0.17
0.17
0.18
0.18
0.19
0.20
0.20
0.21
0.21
0.21
75.92
81.91
75.03
65.08
69.11
70.48
56.79
58.24
59.71
57.29
58.77
61.33
65.88
76.97
92.47
100.90
99.29
111.10
123.00
113.90
123.40
129.40
130.60
133.70
139.00
141.30
156.80
171.50
155.30
160.80
168.40
185.80
200.80
209.00
219.70
223.10
226.10
233.60
246.00
251.90
253.40
261.90
266.80
273.70
279.00
289.60
296.10
302.60
315.00
318.90
319.60
327.10
335.60
345.70
350.10
354.10
359.80
368.60
368.20
375.20
380.00
388.70
389.70
394.90
397.10
398.30
393.70
386.80
375.50
354.50
330.70
305.10
272.70
239.70
196.10
157.10
121.50
89.31
67.65
51.47
38.23
30.72
27.38
25.48
23.34
21.59
22.04
21.21
21.28
20.55
19.56
19.11
18.56
16.58
13.93
10.75
7.32
5.81
3.89
2.95
2.15
1.89
1.77
1.82
1.68
1.48
1.31
1.19
1.03
0.97
0.91
0.87
0.83
0.81
0.81
0.79
0.77
0.75
0.70
0.66
0.64
0.70
0.73
0.76
0.83
0.78
0.84
0.93
1.06
1.03
0.92
0.98
0.91
0.89
0.89
0.83
0.87
0.75
0.67
0.58
0.49
0.43
0.42
0.42
0.40
0.41
0.44
0.51
0.58
0.70
0.86
1.23
0.84
0.49
0.44
0.33
0.19
0.16
0.15
0.15
0.15
0.15
0.15
0.15
0.15
0.15
0.15
0.15
0.15
0.15
0.16
0.16
0.17
0.17
0.17
0.17
0.18
0.18
0.19
0.20
0.20
75.92
80.06
79.85
72.49
73.95
76.25
68.98
53.67
54.63
61.95
70.15
78.16
72.12
75.54
81.43
82.64
85.81
94.79
98.84
107.00
109.60
115.00
119.90
119.10
139.40
134.40
136.50
137.20
149.80
152.40
162.70
175.60
191.20
195.00
204.50
214.30
215.60
221.40
230.20
239.30
245.80
249.10
258.50
257.60
267.20
276.90
276.60
283.90
292.60
298.20
300.10
303.50
310.50
313.60
323.90
326.30
335.40
337.30
340.50
339.80
339.50
341.10
339.50
336.60
328.60
320.80
313.00
306.10
293.80
276.70
258.00
235.80
209.90
181.50
155.20
130.10
106.10
84.87
68.00
55.37
46.10
38.13
32.83
29.91
28.86
27.76
27.22
26.09
25.50
25.44
25.37
24.74
23.46
21.45
19.37
15.66
12.89
10.00
8.11
5.23
3.92
3.75
4.07
3.55
3.23
2.84
2.67
2.42
2.09
1.69
1.34
1.09
1.29
1.23
1.42
1.69
1.44
1.53
1.68
1.80
1.66
1.94
1.83
1.79
1.70
1.74
1.78
1.70
1.61
1.72
1.76
1.32
1.40
1.19
1.17
1.13
0.86
0.73
0.60
0.56
0.48
0.42
0.42
0.42
0.42
0.43
0.44
0.45
0.54
0.58
0.97
1.07
1.16
1.15
0.95
0.75
0.53
0.39
0.24
0.18
0.18
0.18
0.18
0.18
0.18
0.18
0.18
0.18
0.18
0.18
0.18
0.19
0.19
0.19
0.20
0.20
0.20
0.20
0.21
0.21
0.21
74.55
80.22
81.26
73.99
69.53
73.02
60.87
54.56
56.00
63.51
48.21
50.07
57.57
67.63
74.45
90.78
94.50
88.64
93.54
96.81
100.30
100.90
93.92
99.96
105.70
107.40
110.70
120.80
122.20
143.90
157.30
180.90
189.80
193.30
205.40
204.40
215.60
226.90
230.40
240.80
247.40
256.80
260.50
273.20
280.00
279.90
281.20
282.90
288.10
286.50
284.10
284.90
283.50
277.90
270.10
267.50
260.80
255.60
247.20
243.60
234.20
223.90
211.10
201.30
190.60
176.70
161.10
145.10
130.60
112.20
97.59
83.67
71.77
60.80
53.44
46.78
42.19
37.97
35.17
31.97
30.25
29.61
26.64
25.53
24.68
23.61
22.27
20.76
19.21
17.73
16.50
15.14
14.31
13.08
10.77
9.84
6.94
5.56
4.80
4.19
4.00
4.01
4.19
4.18
4.24
3.84
3.83
3.50
2.88
2.27
2.07
1.78
1.71
2.23
2.27
2.05
2.03
2.23
2.18
2.18
2.57
2.68
2.87
3.22
3.30
2.99
2.59
2.39
2.30
2.19
1.93
1.70
1.48
1.78
1.55
1.17
1.05
1.02
0.83
0.63
0.49
0.44
0.43
0.43
0.43
0.44
0.50
0.51
0.53
0.70
0.95
1.44
1.43
1.39
1.24
1.10
1.30
0.71
0.35
0.25
0.20
0.19
0.19
0.19
0.19
0.19
0.19
0.18
0.18
0.18
0.18
0.18
0.18
0.18
0.18
0.18
0.18
0.18
0.18
0.18
0.18
75.92
78.94
75.41
69.91
73.48
66.38
57.99
53.23
59.46
60.26
63.30
66.02
67.07
66.58
75.36
82.21
87.29
91.02
98.94
100.20
92.22
107.30
111.40
111.70
116.90
116.10
122.20
118.80
125.10
125.60
130.00
133.20
143.10
141.30
144.60
148.90
144.60
145.00
143.70
140.30
134.00
130.70
123.30
116.20
113.30
109.40
102.60
92.34
80.32
66.25
55.74
45.82
36.22
29.36
25.06
20.56
18.03
17.15
16.42
15.97
15.25
14.74
14.33
14.66
14.69
14.51
14.39
14.02
13.44
12.99
12.42
12.03
11.80
11.69
11.66
11.76
12.06
11.85
11.44
11.47
11.55
11.18
11.15
10.98
10.25
8.97
7.32
6.10
5.04
4.14
3.69
3.38
3.19
3.01
2.96
2.85
2.79
2.52
2.43
2.32
2.29
2.30
2.33
2.33
2.34
2.29
2.16
2.11
1.90
1.80
1.72
1.45
1.32
1.15
1.08
1.03
1.02
1.04
1.20
1.09
1.11
1.24
1.20
1.10
1.22
1.38
1.28
1.24
1.26
1.17
1.33
1.45
1.05
1.03
1.01
0.93
0.89
0.82
0.73
0.64
0.60
0.58
0.56
0.55
0.55
0.53
0.52
0.55
0.60
0.69
0.88
1.03
1.06
1.01
0.92
0.75
0.57
0.43
0.33
0.29
0.27
0.27
0.26
0.26
0.26
0.25
0.25
0.24
0.23
0.23
0.23
0.22
0.22
0.22
0.22
0.21
0.21
0.21
0.21
0.21
0.21
75.92
79.22
71.05
67.96
66.66
66.55
51.97
59.63
53.32
57.50
51.70
50.85
53.07
63.69
71.95
77.61
79.24
83.12
84.70
82.97
91.45
93.66
88.75
91.56
89.48
92.55
93.90
93.87
81.37
79.12
74.03
74.45
73.24
71.59
68.66
63.59
57.89
50.46
42.93
36.01
28.79
22.77
18.27
15.64
14.52
14.02
13.98
13.88
13.49
13.24
12.80
12.48
12.26
13.29
12.99
13.45
13.97
15.40
15.85
16.38
18.19
17.66
16.87
17.39
18.11
17.79
19.44
20.70
22.07
24.32
26.64
29.06
32.52
38.40
42.81
45.25
47.16
48.30
47.32
44.05
42.54
43.21
44.95
46.69
48.32
44.20
38.37
31.06
24.97
20.77
17.31
14.58
12.83
10.62
8.95
7.43
6.33
5.78
5.46
5.21
4.59
4.01
3.83
3.83
3.47
3.13
2.45
1.78
1.43
1.13
1.05
0.98
0.93
0.89
0.88
0.87
0.87
0.86
0.84
0.81
0.80
0.86
0.94
0.94
1.06
1.10
1.28
1.23
1.16
1.34
1.31
1.35
1.30
1.19
1.08
1.00
1.07
1.00
0.96
0.88
0.71
0.66
0.62
0.60
0.58
0.58
0.57
0.57
0.59
0.65
0.84
1.01
0.92
0.71
0.57
0.51
0.39
0.33
0.32
0.31
0.30
0.29
0.28
0.27
0.27
0.26
0.25
0.24
0.24
0.23
0.23
0.22
0.22
0.21
0.21
0.21
0.21
0.21
0.21
0.21
0.21
76.23
80.82
75.04
75.38
74.30
66.42
58.03
46.63
56.20
62.20
65.64
72.06
68.55
65.92
68.12
69.31
75.80
78.22
83.14
77.43
73.11
72.43
63.31
61.09
57.99
55.28
47.97
44.53
40.27
37.93
34.32
29.38
25.95
20.61
17.55
16.37
15.54
14.14
14.50
16.07
17.28
17.33
16.35
16.52
16.32
18.11
18.92
18.56
18.07
17.51
18.60
18.58
18.94
19.62
20.58
22.02
22.67
23.21
23.70
22.33
22.48
20.86
23.36
24.24
24.61
27.56
30.96
33.79
33.45
33.92
36.45
38.35
42.89
47.76
51.29
54.45
59.49
62.20
65.01
67.11
66.87
66.30
65.26
64.33
63.39
62.80
62.94
63.55
62.71
59.79
51.65
44.59
37.56
30.08
22.05
15.66
11.56
9.28
7.85
6.89
6.33
6.35
5.99
5.76
4.90
3.99
3.47
2.91
2.22
1.58
1.14
1.16
1.26
1.39
1.39
1.69
1.76
1.87
1.94
1.82
1.68
1.66
1.77
1.77
2.04
1.95
1.97
1.89
1.81
1.90
1.84
1.77
1.61
1.55
1.36
1.34
1.29
1.11
1.05
0.93
0.85
0.78
0.75
0.72
0.70
0.68
0.67
0.67
0.70
0.76
0.76
0.81
0.81
0.80
0.68
0.60
0.51
0.45
0.40
0.37
0.36
0.35
0.34
0.33
0.31
0.30
0.29
0.28
0.27
0.27
0.26
0.25
0.24
0.24
0.23
0.23
0.23
0.23
0.22
0.22
0.22
75.65
79.26
77.74
71.35
71.90
65.24
55.32
51.53
59.97
56.30
45.52
43.22
52.78
57.82
67.48
74.36
71.54
64.82
62.02
57.80
57.63
47.80
37.93
35.59
34.37
30.21
27.18
22.57
19.26
16.57
14.35
13.62
13.53
13.79
13.97
14.25
14.44
15.26
14.71
14.61
15.67
17.89
20.22
20.80
19.65
20.91
22.96
24.46
25.08
24.99
24.26
22.69
21.94
21.25
22.38
24.08
24.91
23.05
25.81
28.37
29.38
27.68
27.51
28.52
27.98
28.65
28.72
32.82
36.03
37.86
39.90
41.80
46.04
49.31
51.24
55.52
61.32
67.55
70.19
74.37
76.02
78.19
79.13
80.40
81.01
80.42
78.68
75.69
74.19
70.83
68.53
65.19
61.97
57.60
48.92
35.36
23.61
13.46
6.62
3.42
2.95
2.91
3.07
3.04
2.98
2.99
2.77
2.49
1.95
1.71
1.77
1.91
2.27
2.68
2.64
2.41
2.38
2.49
2.52
2.44
2.67
2.92
3.44
3.64
3.49
3.19
3.12
2.91
2.79
2.93
2.46
2.17
2.03
2.03
1.89
1.72
1.60
1.46
1.25
0.99
0.83
0.78
0.77
0.75
0.74
0.71
0.71
0.71
0.72
0.74
0.78
0.78
0.77
0.78
0.81
0.81
0.76
0.54
0.44
0.39
0.37
0.35
0.34
0.33
0.31
0.30
0.28
0.27
0.26
0.25
0.24
0.23
0.23
0.22
0.22
0.22
0.21
0.21
0.21
0.21
0.21
75.23
80.29
70.07
70.10
80.08
70.60
59.11
49.56
47.79
56.74
59.61
59.68
63.12
64.42
61.83
69.10
66.71
64.38
60.65
49.11
45.81
42.07
36.26
32.08
30.74
24.01
18.52
15.75
13.55
12.67
12.66
12.78
13.07
13.26
13.39
14.59
14.49
14.11
14.11
14.81
15.99
17.05
17.91
16.87
17.37
18.01
18.10
18.33
18.75
18.04
19.92
20.04
19.60
19.35
19.24
21.86
22.42
22.39
23.52
24.27
22.06
22.69
24.85
23.31
24.65
25.19
28.20
29.61
31.16
32.14
33.66
35.29
38.45
38.21
39.86
40.73
41.74
42.73
43.72
45.32
45.89
46.79
46.11
44.83
42.99
42.42
40.08
38.95
37.84
37.63
37.12
35.49
35.22
35.54
30.98
24.87
20.02
15.62
11.07
6.81
5.00
4.45
4.28
4.02
3.60
3.24
2.86
2.54
2.17
1.83
1.52
1.47
1.76
1.56
1.53
1.55
1.50
2.00
2.00
1.99
2.09
2.10
1.87
2.15
1.97
1.97
1.80
1.89
1.85
1.75
1.84
1.74
1.49
1.58
1.44
1.34
1.22
1.13
1.03
1.02
0.90
0.88
0.87
0.84
0.80
0.78
0.77
0.77
0.77
0.77
0.76
0.74
0.73
0.72
0.66
0.65
0.58
0.51
0.46
0.43
0.41
0.40
0.38
0.37
0.35
0.33
0.32
0.30
0.29
0.28
0.27
0.26
0.24
0.24
0.24
0.23
0.23
0.23
0.22
0.22
0.22
75.11
77.89
63.36
61.02
72.06
67.21
53.88
56.03
52.69
44.91
58.28
50.69
44.71
58.90
63.03
59.81
60.82
67.15
61.95
53.30
43.19
40.27
36.82
37.63
29.48
23.91
19.13
16.12
13.90
12.50
12.42
12.57
13.16
13.69
13.84
13.68
13.75
13.85
13.95
14.10
14.40
14.69
14.60
14.81
15.30
15.77
16.31
15.14
15.02
15.13
14.77
14.54
14.39
14.14
16.53
16.50
16.17
16.24
19.78
20.11
20.48
21.63
20.65
20.71
21.09
22.42
23.88
25.05
24.82
25.95
25.41
25.64
25.34
27.58
28.10
27.81
29.16
30.04
30.05
29.95
30.90
31.23
32.15
34.56
35.15
36.78
37.62
38.82
38.85
38.65
36.78
36.09
36.86
34.85
28.49
22.23
15.91
12.84
9.79
6.64
5.15
4.28
4.35
4.09
3.92
2.94
2.51
1.66
1.16
1.10
1.06
1.02
0.99
0.97
0.96
0.96
0.96
0.96
0.94
0.91
0.91
0.93
0.96
1.15
1.39
1.14
1.22
1.64
1.75
1.45
1.49
1.61
1.47
1.33
1.24
1.22
1.23
1.16
1.11
1.02
0.95
0.88
0.86
0.82
0.82
0.81
0.78
0.76
0.76
0.76
0.76
0.74
0.69
0.63
0.61
0.56
0.49
0.46
0.44
0.42
0.40
0.38
0.37
0.35
0.33
0.32
0.30
0.28
0.27
0.26
0.25
0.23
0.23
0.22
0.22
0.21
0.21
0.21
0.21
0.21
0.21
75.23
80.29
70.07
70.10
80.08
70.60
59.11
49.56
47.79
56.74
59.61
59.68
63.12
64.42
61.83
69.10
66.71
64.38
60.65
49.11
45.81
42.07
36.26
32.08
30.74
24.01
18.52
15.75
13.55
12.67
12.66
12.78
13.07
13.26
13.39
14.59
14.49
14.11
14.11
14.81
15.99
17.05
17.91
16.87
17.37
18.01
18.10
18.33
18.75
18.04
19.92
20.04
19.60
19.35
19.24
21.86
22.42
22.39
23.52
24.27
22.06
22.69
24.85
23.31
24.65
25.19
28.20
29.61
31.16
32.14
33.66
35.29
38.45
38.21
39.86
40.73
41.74
42.73
43.72
45.32
45.89
46.79
46.11
44.83
42.99
42.42
40.08
38.95
37.84
37.63
37.12
35.49
35.22
35.54
30.98
24.87
20.02
15.62
11.07
6.81
5.00
4.45
4.28
4.02
3.60
3.24
2.86
2.54
2.17
1.83
1.52
1.47
1.76
1.56
1.53
1.55
1.50
2.00
2.00
1.99
2.09
2.10
1.87
2.15
1.97
1.97
1.80
1.89
1.85
1.75
1.84
1.74
1.49
1.58
1.44
1.34
1.22
1.13
1.03
1.02
0.90
0.88
0.87
0.84
0.80
0.78
0.77
0.77
0.77
0.77
0.76
0.74
0.73
0.72
0.66
0.65
0.58
0.51
0.46
0.43
0.41
0.40
0.38
0.37
0.35
0.33
0.32
0.30
0.29
0.28
0.27
0.26
0.24
0.24
0.24
0.23
0.23
0.23
0.22
0.22
0.22
75.65
79.26
77.74
71.35
71.90
65.24
55.32
51.53
59.97
56.30
45.52
43.22
52.78
57.82
67.48
74.36
71.54
64.82
62.02
57.80
57.63
47.80
37.93
35.59
34.37
30.21
27.18
22.57
19.26
16.57
14.35
13.62
13.53
13.79
13.97
14.25
14.44
15.26
14.71
14.61
15.67
17.89
20.22
20.80
19.65
20.91
22.96
24.46
25.08
24.99
24.26
22.69
21.94
21.25
22.38
24.08
24.91
23.05
25.81
28.37
29.38
27.68
27.51
28.52
27.98
28.65
28.72
32.82
36.03
37.86
39.90
41.80
46.04
49.31
51.24
55.52
61.32
67.55
70.19
74.37
76.02
78.19
79.13
80.40
81.01
80.42
78.68
75.69
74.19
70.83
68.53
65.19
61.97
57.60
48.92
35.36
23.61
13.46
6.62
3.42
2.95
2.91
3.07
3.04
2.98
2.99
2.77
2.49
1.95
1.71
1.77
1.91
2.27
2.68
2.64
2.41
2.38
2.49
2.52
2.44
2.67
2.92
3.44
3.64
3.49
3.19
3.12
2.91
2.79
2.93
2.46
2.17
2.03
2.03
1.89
1.72
1.60
1.46
1.25
0.99
0.83
0.78
0.77
0.75
0.74
0.71
0.71
0.71
0.72
0.74
0.78
0.78
0.77
0.78
0.81
0.81
0.76
0.54
0.44
0.39
0.37
0.35
0.34
0.33
0.31
0.30
0.28
0.27
0.26
0.25
0.24
0.23
0.23
0.22
0.22
0.22
0.21
0.21
0.21
0.21
0.21
76.23
80.82
75.04
75.38
74.30
66.42
58.03
46.63
56.20
62.20
65.64
72.06
68.55
65.92
68.12
69.31
75.80
78.22
83.14
77.43
73.11
72.43
63.31
61.09
57.99
55.28
47.97
44.53
40.27
37.93
34.32
29.38
25.95
20.61
17.55
16.37
15.54
14.14
14.50
16.07
17.28
17.33
16.35
16.52
16.32
18.11
18.92
18.56
18.07
17.51
18.60
18.58
18.94
19.62
20.58
22.02
22.67
23.21
23.70
22.33
22.48
20.86
23.36
24.24
24.61
27.56
30.96
33.79
33.45
33.92
36.45
38.35
42.89
47.76
51.29
54.45
59.49
62.20
65.01
67.11
66.87
66.30
65.26
64.33
63.39
62.80
62.94
63.55
62.71
59.79
51.65
44.59
37.56
30.08
22.05
15.66
11.56
9.28
7.85
6.89
6.33
6.35
5.99
5.76
4.90
3.99
3.47
2.91
2.22
1.58
1.14
1.16
1.26
1.39
1.39
1.69
1.76
1.87
1.94
1.82
1.68
1.66
1.77
1.77
2.04
1.95
1.97
1.89
1.81
1.90
1.84
1.77
1.61
1.55
1.36
1.34
1.29
1.11
1.05
0.93
0.85
0.78
0.75
0.72
0.70
0.68
0.67
0.67
0.70
0.76
0.76
0.81
0.81
0.80
0.68
0.60
0.51
0.45
0.40
0.37
0.36
0.35
0.34
0.33
0.31
0.30
0.29
0.28
0.27
0.27
0.26
0.25
0.24
0.24
0.23
0.23
0.23
0.23
0.22
0.22
0.22
75.92
79.22
71.05
67.96
66.66
66.55
51.97
59.63
53.32
57.50
51.70
50.85
53.07
63.69
71.95
77.61
79.24
83.12
84.70
82.97
91.45
93.66
88.75
91.56
89.48
92.55
93.90
93.87
81.37
79.12
74.03
74.45
73.24
71.59
68.66
63.59
57.89
50.46
42.93
36.01
28.79
22.77
18.27
15.64
14.52
14.02
13.98
13.88
13.49
13.24
12.80
12.48
12.26
13.29
12.99
13.45
13.97
15.40
15.85
16.38
18.19
17.66
16.87
17.39
18.11
17.79
19.44
20.70
22.07
24.32
26.64
29.06
32.52
38.40
42.81
45.25
47.16
48.30
47.32
44.05
42.54
43.21
44.95
46.69
48.32
44.20
38.37
31.06
24.97
20.77
17.31
14.58
12.83
10.62
8.95
7.43
6.33
5.78
5.46
5.21
4.59
4.01
3.83
3.83
3.47
3.13
2.45
1.78
1.43
1.13
1.05
0.98
0.93
0.89
0.88
0.87
0.87
0.86
0.84
0.81
0.80
0.86
0.94
0.94
1.06
1.10
1.28
1.23
1.16
1.34
1.31
1.35
1.30
1.19
1.08
1.00
1.07
1.00
0.96
0.88
0.71
0.66
0.62
0.60
0.58
0.58
0.57
0.57
0.59
0.65
0.84
1.01
0.92
0.71
0.57
0.51
0.39
0.33
0.32
0.31
0.30
0.29
0.28
0.27
0.27
0.26
0.25
0.24
0.24
0.23
0.23
0.22
0.22
0.21
0.21
0.21
0.21
0.21
0.21
0.21
0.21
75.92
78.94
75.41
69.91
73.48
66.38
57.99
53.23
59.46
60.26
63.30
66.02
67.07
66.58
75.36
82.21
87.29
91.02
98.94
100.20
92.22
107.30
111.40
111.70
116.90
116.10
122.20
118.80
125.10
125.60
130.00
133.20
143.10
141.30
144.60
148.90
144.60
145.00
143.70
140.30
134.00
130.70
123.30
116.20
113.30
109.40
102.60
92.34
80.32
66.25
55.74
45.82
36.22
29.36
25.06
20.56
18.03
17.15
16.42
15.97
15.25
14.74
14.33
14.66
14.69
14.51
14.39
14.02
13.44
12.99
12.42
12.03
11.80
11.69
11.66
11.76
12.06
11.85
11.44
11.47
11.55
11.18
11.15
10.98
10.25
8.97
7.32
6.10
5.04
4.14
3.69
3.38
3.19
3.01
2.96
2.85
2.79
2.52
2.43
2.32
2.29
2.30
2.33
2.33
2.34
2.29
2.16
2.11
1.90
1.80
1.72
1.45
1.32
1.15
1.08
1.03
1.02
1.04
1.20
1.09
1.11
1.24
1.20
1.10
1.22
1.38
1.28
1.24
1.26
1.17
1.33
1.45
1.05
1.03
1.01
0.93
0.89
0.82
0.73
0.64
0.60
0.58
0.56
0.55
0.55
0.53
0.52
0.55
0.60
0.69
0.88
1.03
1.06
1.01
0.92
0.75
0.57
0.43
0.33
0.29
0.27
0.27
0.26
0.26
0.26
0.25
0.25
0.24
0.23
0.23
0.23
0.22
0.22
0.22
0.22
0.21
0.21
0.21
0.21
0.21
0.21
