SALVI
1
0
72
5.0
181
1.0
250109_5 SNAP 350 3000K SP5R 085_2 PMMA S
250109_5 SNAP SP5R 085_2 PMMA S

250109-5-SNAP-SP5R-085-2-PMMA-S.ldt
1 Agost 2025/TB
240
0
90
160
10
0
0
0
0
99.82
100.04
1.00
0.00
1
1
16 LED 5050
5364.30

70
38.70
0.33
0.43
0.52
0.60
0.65
0.73
0.77
0.81
0.85
0.88
0.00
5.00
10.00
15.00
20.00
25.00
30.00
35.00
40.00
45.00
50.00
55.00
60.00
65.00
70.00
75.00
80.00
85.00
90.00
95.00
100.00
105.00
110.00
115.00
120.00
125.00
130.00
135.00
140.00
145.00
150.00
155.00
160.00
165.00
170.00
175.00
180.00
185.00
190.00
195.00
200.00
205.00
210.00
215.00
220.00
225.00
230.00
235.00
240.00
245.00
250.00
255.00
260.00
265.00
270.00
275.00
280.00
285.00
290.00
295.00
300.00
305.00
310.00
315.00
320.00
325.00
330.00
335.00
340.00
345.00
350.00
355.00
0.00
1.00
2.00
3.00
4.00
5.00
6.00
7.00
8.00
9.00
10.00
11.00
12.00
13.00
14.00
15.00
16.00
17.00
18.00
19.00
20.00
21.00
22.00
23.00
24.00
25.00
26.00
27.00
28.00
29.00
30.00
31.00
32.00
33.00
34.00
35.00
36.00
37.00
38.00
39.00
40.00
41.00
42.00
43.00
44.00
45.00
46.00
47.00
48.00
49.00
50.00
51.00
52.00
53.00
54.00
55.00
56.00
57.00
58.00
59.00
60.00
61.00
62.00
63.00
64.00
65.00
66.00
67.00
68.00
69.00
70.00
71.00
72.00
73.00
74.00
75.00
76.00
77.00
78.00
79.00
80.00
81.00
82.00
83.00
84.00
85.00
86.00
87.00
88.00
89.00
90.00
91.00
92.00
93.00
94.00
95.00
96.00
97.00
98.00
99.00
100.00
101.00
102.00
103.00
104.00
105.00
106.00
107.00
108.00
109.00
110.00
111.00
112.00
113.00
114.00
115.00
116.00
117.00
118.00
119.00
120.00
121.00
122.00
123.00
124.00
125.00
126.00
127.00
128.00
129.00
130.00
131.00
132.00
133.00
134.00
135.00
136.00
137.00
138.00
139.00
140.00
141.00
142.00
143.00
144.00
145.00
146.00
147.00
148.00
149.00
150.00
151.00
152.00
153.00
154.00
155.00
156.00
157.00
158.00
159.00
160.00
161.00
162.00
163.00
164.00
165.00
166.00
167.00
168.00
169.00
170.00
171.00
172.00
173.00
174.00
175.00
176.00
177.00
178.00
179.00
180.00
420.80
413.70
407.00
399.20
391.20
382.90
373.50
362.60
349.40
335.00
319.60
304.40
287.40
269.60
252.40
235.70
219.20
201.20
185.20
170.30
156.00
142.20
130.50
120.40
113.00
109.30
110.60
113.40
115.60
117.40
119.40
120.90
122.60
124.00
125.80
126.80
127.40
128.30
128.70
128.60
127.70
126.80
124.10
121.60
117.00
111.30
103.70
97.29
91.84
87.32
82.92
78.57
73.76
69.37
64.95
60.45
64.28
68.15
72.02
87.11
100.30
108.20
116.00
123.80
124.80
122.30
110.70
96.23
82.67
72.99
67.03
59.03
52.54
46.04
39.55
36.16
34.04
30.56
27.58
24.50
20.97
17.05
12.68
10.28
7.37
4.48
2.06
1.37
1.04
0.79
0.58
0.39
0.23
0.12
0.11
0.11
0.11
0.12
0.13
0.14
0.15
0.16
0.17
0.19
0.20
0.21
0.23
0.24
0.25
0.26
0.28
0.29
0.31
0.32
0.33
0.34
0.36
0.37
0.38
0.39
0.41
0.41
0.43
0.44
0.45
0.46
0.47
0.48
0.49
0.50
0.50
0.51
0.52
0.52
0.53
0.54
0.55
0.55
0.56
0.56
0.57
0.58
0.59
0.59
0.59
0.60
0.61
0.61
0.62
0.62
0.63
0.63
0.64
0.63
0.64
0.64
0.64
0.64
0.64
0.64
0.64
0.64
0.64
0.64
0.64
0.64
0.63
0.63
0.62
0.62
0.62
0.61
0.61
0.60
0.60
0.59
0.58
0.58
0.58
0.57
0.56
421.00
414.80
408.10
401.00
393.30
385.70
376.80
366.70
354.20
340.70
325.50
310.70
294.50
277.60
260.90
244.10
227.40
210.70
195.00
179.90
165.50
151.50
139.20
128.40
119.30
113.20
111.40
114.00
116.40
118.70
120.70
122.60
124.30
125.90
127.70
129.20
130.00
130.60
131.00
130.80
130.10
129.30
128.10
125.50
122.10
115.50
109.00
102.40
96.00
90.79
85.62
80.48
75.31
70.06
64.98
60.27
60.21
60.15
60.53
75.09
90.22
103.00
113.30
120.50
124.80
125.80
114.30
102.90
91.40
78.78
69.75
62.52
54.10
45.84
38.48
33.03
29.50
26.56
23.15
20.02
16.84
14.30
11.54
9.26
6.85
4.34
2.24
1.39
1.04
0.78
0.58
0.40
0.24
0.12
0.10
0.11
0.12
0.13
0.14
0.15
0.15
0.17
0.18
0.19
0.20
0.21
0.22
0.24
0.25
0.26
0.27
0.29
0.30
0.31
0.33
0.34
0.35
0.36
0.37
0.39
0.40
0.41
0.42
0.43
0.44
0.45
0.46
0.47
0.48
0.48
0.50
0.50
0.51
0.52
0.53
0.54
0.54
0.55
0.56
0.56
0.57
0.58
0.58
0.59
0.59
0.60
0.61
0.61
0.61
0.61
0.61
0.61
0.62
0.62
0.62
0.62
0.62
0.62
0.62
0.62
0.62
0.62
0.62
0.62
0.61
0.61
0.61
0.60
0.60
0.59
0.59
0.59
0.58
0.58
0.57
0.57
0.56
0.56
0.55
0.55
0.55
420.20
414.90
407.80
401.20
394.40
386.00
377.80
368.00
356.70
343.60
329.40
314.60
299.10
282.70
266.10
250.10
233.90
217.40
201.50
187.10
173.10
159.00
146.50
135.30
125.30
117.90
113.70
114.50
117.00
119.50
121.60
123.60
125.40
127.50
128.90
130.30
131.20
132.00
132.30
132.10
131.70
130.60
129.60
128.10
125.20
120.90
114.30
106.60
99.29
93.45
88.19
82.75
77.51
71.62
65.56
60.13
57.44
54.80
52.16
61.17
75.62
90.22
99.86
109.40
119.00
122.50
123.40
116.70
99.20
84.71
74.44
66.17
58.09
50.05
42.02
35.34
29.02
25.59
21.80
19.00
16.26
13.81
11.07
8.82
6.51
4.27
2.09
1.37
1.02
0.77
0.56
0.38
0.21
0.10
0.11
0.11
0.11
0.11
0.11
0.12
0.13
0.14
0.14
0.16
0.17
0.18
0.19
0.20
0.21
0.23
0.24
0.25
0.26
0.27
0.29
0.30
0.31
0.32
0.33
0.34
0.35
0.37
0.38
0.38
0.40
0.41
0.42
0.43
0.43
0.44
0.45
0.46
0.47
0.48
0.49
0.49
0.50
0.51
0.52
0.52
0.53
0.54
0.55
0.55
0.56
0.56
0.57
0.58
0.58
0.59
0.59
0.59
0.59
0.60
0.60
0.60
0.60
0.60
0.61
0.61
0.61
0.61
0.61
0.61
0.61
0.61
0.61
0.61
0.61
0.61
0.60
0.60
0.59
0.59
0.59
0.58
0.58
0.57
0.57
0.56
0.54
421.40
415.60
409.30
403.20
396.60
389.10
381.30
372.60
362.10
350.30
336.70
323.00
308.50
292.60
276.70
260.80
244.90
228.90
213.00
198.50
185.00
171.20
158.10
146.30
135.10
125.80
118.60
114.70
116.50
118.80
121.30
123.60
125.50
127.40
128.90
130.20
130.90
131.50
132.20
132.30
132.20
131.80
130.70
129.60
127.80
124.80
120.20
112.70
105.10
97.61
91.77
86.73
81.36
75.52
69.40
62.98
57.15
53.16
50.97
55.64
60.30
65.06
79.72
93.36
104.30
112.30
117.80
119.90
108.40
96.95
85.44
73.67
64.61
56.74
49.02
41.47
33.96
28.06
23.14
20.28
17.09
14.57
11.78
8.98
7.07
4.91
2.49
1.42
1.07
0.79
0.58
0.40
0.23
0.10
0.09
0.09
0.10
0.11
0.11
0.12
0.13
0.14
0.15
0.16
0.17
0.18
0.19
0.20
0.21
0.22
0.23
0.25
0.25
0.27
0.28
0.29
0.30
0.31
0.32
0.33
0.35
0.35
0.37
0.38
0.39
0.40
0.41
0.42
0.43
0.43
0.44
0.45
0.46
0.47
0.48
0.49
0.50
0.50
0.51
0.52
0.53
0.53
0.54
0.55
0.55
0.56
0.57
0.57
0.58
0.58
0.59
0.59
0.59
0.59
0.59
0.59
0.59
0.59
0.59
0.59
0.59
0.59
0.59
0.59
0.59
0.59
0.59
0.59
0.58
0.58
0.58
0.57
0.57
0.57
0.56
0.56
0.55
0.55
0.55
0.54
0.54
420.00
414.70
409.60
403.20
396.90
390.60
383.00
375.60
366.00
354.40
341.90
328.70
314.80
300.20
284.50
269.00
253.80
238.20
222.30
207.60
194.20
180.90
167.70
155.50
143.90
133.10
123.70
117.40
115.10
117.50
119.90
122.00
124.20
126.10
127.40
128.60
129.60
130.20
130.90
131.00
131.10
131.10
130.50
129.80
128.50
126.60
123.20
117.50
109.70
101.60
94.61
89.36
84.65
79.25
73.21
66.50
59.83
55.99
52.23
48.47
46.95
45.78
49.38
62.99
77.46
90.12
99.79
102.10
104.30
106.50
108.70
91.44
72.84
62.84
55.07
47.30
39.54
32.68
26.12
21.41
17.30
14.45
11.90
9.35
7.06
4.76
2.48
1.41
1.05
0.77
0.57
0.37
0.21
0.09
0.08
0.08
0.08
0.08
0.09
0.10
0.10
0.11
0.12
0.13
0.14
0.15
0.16
0.17
0.18
0.19
0.20
0.21
0.22
0.23
0.24
0.25
0.26
0.27
0.28
0.29
0.30
0.32
0.32
0.34
0.35
0.36
0.36
0.37
0.38
0.39
0.40
0.41
0.42
0.43
0.44
0.45
0.45
0.46
0.47
0.48
0.49
0.49
0.50
0.51
0.52
0.52
0.53
0.54
0.54
0.54
0.55
0.56
0.56
0.57
0.57
0.57
0.58
0.58
0.58
0.58
0.58
0.58
0.58
0.58
0.58
0.58
0.58
0.58
0.58
0.58
0.58
0.58
0.58
0.58
0.58
0.57
0.57
0.57
0.56
0.55
0.55
420.80
416.10
410.60
405.40
399.80
393.70
387.30
380.40
372.70
362.40
350.60
338.40
325.10
311.50
297.10
282.20
266.60
251.40
236.50
221.20
207.00
193.60
181.00
168.40
156.40
144.50
133.80
124.40
117.70
114.80
117.00
119.40
121.40
123.10
124.60
125.90
126.70
127.50
128.10
128.50
129.10
129.40
129.30
129.20
128.60
127.70
126.60
123.90
116.80
109.70
102.60
95.47
90.03
85.01
79.52
73.14
66.12
59.06
52.35
48.52
46.48
44.99
43.52
42.17
41.87
48.94
63.63
76.68
86.75
95.13
100.90
103.80
104.30
92.68
70.18
57.40
48.50
42.49
34.56
28.91
22.58
17.64
14.32
10.88
8.06
5.96
3.06
1.56
1.13
0.82
0.60
0.40
0.23
0.10
0.08
0.08
0.09
0.10
0.10
0.11
0.11
0.12
0.13
0.14
0.14
0.15
0.16
0.17
0.18
0.19
0.20
0.21
0.22
0.23
0.24
0.25
0.26
0.27
0.28
0.29
0.30
0.31
0.32
0.33
0.34
0.35
0.36
0.37
0.38
0.39
0.39
0.41
0.41
0.42
0.43
0.44
0.45
0.46
0.47
0.47
0.48
0.49
0.50
0.50
0.51
0.52
0.53
0.53
0.54
0.54
0.55
0.56
0.56
0.57
0.57
0.57
0.57
0.57
0.57
0.57
0.57
0.57
0.56
0.56
0.56
0.56
0.56
0.56
0.56
0.56
0.56
0.56
0.56
0.56
0.55
0.55
0.55
0.55
0.54
0.54
0.54
419.40
415.80
411.50
406.00
400.80
395.50
390.20
384.00
376.10
367.50
356.90
345.50
332.90
320.40
306.50
292.10
277.40
262.70
248.30
232.90
218.00
204.70
192.20
180.00
167.50
155.60
144.30
133.80
124.50
117.70
114.40
116.20
118.00
119.60
121.50
122.70
123.40
123.90
124.50
125.50
126.40
127.50
128.30
128.50
129.00
128.70
128.00
127.10
124.70
119.80
111.70
103.50
95.46
89.51
84.09
78.75
71.99
65.02
58.22
52.29
46.38
44.22
42.55
40.81
39.16
37.46
36.26
36.56
41.85
54.52
67.26
76.92
84.76
90.65
91.20
82.71
66.18
51.16
42.63
37.55
28.16
23.12
18.59
12.53
9.82
6.80
2.97
1.58
1.15
0.84
0.61
0.39
0.21
0.09
0.09
0.09
0.08
0.08
0.08
0.08
0.09
0.09
0.10
0.11
0.11
0.12
0.13
0.14
0.14
0.15
0.16
0.17
0.18
0.19
0.20
0.21
0.22
0.23
0.24
0.25
0.25
0.27
0.28
0.29
0.30
0.31
0.32
0.32
0.34
0.34
0.35
0.36
0.37
0.38
0.39
0.40
0.41
0.41
0.42
0.43
0.44
0.45
0.45
0.46
0.47
0.48
0.49
0.49
0.50
0.50
0.51
0.52
0.52
0.53
0.53
0.54
0.54
0.54
0.55
0.55
0.55
0.55
0.55
0.55
0.55
0.55
0.55
0.55
0.55
0.55
0.55
0.55
0.55
0.55
0.55
0.55
0.55
0.55
0.55
0.55
0.54
420.20
416.50
412.50
408.50
404.30
400.10
394.30
388.10
382.30
375.20
366.30
356.00
344.80
332.70
320.00
307.10
292.70
278.90
264.30
250.30
235.40
221.30
208.00
195.70
184.00
171.80
159.80
148.60
137.70
127.80
119.80
114.00
113.30
115.20
116.60
118.00
119.10
120.10
121.50
123.10
124.20
125.10
126.10
126.90
127.30
127.90
128.50
128.10
127.30
125.70
121.60
113.40
105.20
97.06
89.51
83.82
78.29
72.50
65.63
58.58
52.03
45.73
41.70
39.67
37.89
36.15
34.41
32.71
31.25
29.74
28.41
28.55
30.98
38.70
49.46
55.51
58.85
59.41
55.11
47.49
35.81
26.03
21.49
17.59
12.57
8.06
3.45
1.73
1.23
0.89
0.63
0.41
0.23
0.09
0.07
0.07
0.08
0.08
0.09
0.09
0.10
0.10
0.11
0.11
0.12
0.13
0.14
0.14
0.15
0.16
0.17
0.17
0.18
0.19
0.20
0.21
0.22
0.23
0.23
0.24
0.25
0.26
0.27
0.28
0.29
0.30
0.31
0.32
0.33
0.34
0.35
0.36
0.37
0.38
0.38
0.39
0.40
0.41
0.41
0.42
0.43
0.44
0.45
0.46
0.46
0.47
0.48
0.49
0.49
0.50
0.51
0.52
0.52
0.53
0.53
0.53
0.54
0.54
0.55
0.55
0.55
0.55
0.55
0.55
0.55
0.55
0.55
0.55
0.55
0.55
0.55
0.55
0.55
0.55
0.55
0.55
0.54
0.54
0.54
0.54
0.54
419.90
416.90
413.30
410.10
406.60
402.00
396.90
392.00
386.80
380.40
372.80
364.10
353.60
342.60
330.90
319.60
306.70
293.20
279.50
265.80
252.10
238.30
224.20
211.10
198.70
187.10
175.20
163.50
152.20
141.10
130.80
121.90
114.70
111.10
111.80
113.20
114.80
117.00
118.40
119.40
120.70
121.50
123.10
124.80
126.20
127.10
127.20
126.50
125.40
123.30
120.00
115.60
110.20
102.10
94.84
87.33
80.71
75.07
69.52
63.32
56.69
50.33
43.99
38.74
36.08
34.45
32.99
31.63
30.12
28.52
26.88
25.38
23.92
22.55
21.05
20.11
20.28
22.53
26.15
28.90
31.22
31.15
26.71
23.07
15.08
8.49
3.23
1.68
1.18
0.85
0.61
0.39
0.21
0.08
0.07
0.07
0.07
0.07
0.07
0.07
0.08
0.08
0.09
0.09
0.09
0.10
0.11
0.12
0.12
0.13
0.14
0.14
0.15
0.16
0.17
0.18
0.18
0.19
0.20
0.21
0.22
0.23
0.23
0.24
0.25
0.26
0.27
0.28
0.29
0.30
0.31
0.32
0.32
0.33
0.34
0.35
0.36
0.37
0.37
0.38
0.39
0.40
0.41
0.41
0.42
0.43
0.44
0.45
0.46
0.46
0.47
0.48
0.48
0.49
0.49
0.50
0.50
0.51
0.51
0.52
0.52
0.52
0.52
0.52
0.53
0.53
0.53
0.53
0.54
0.54
0.54
0.54
0.54
0.54
0.54
0.54
0.54
0.54
0.54
0.54
0.54
420.30
417.90
415.10
412.90
409.10
404.60
401.40
396.60
392.10
386.90
381.60
374.30
366.30
356.20
345.90
335.20
324.00
312.20
299.60
286.80
273.40
260.30
247.00
233.40
219.50
207.00
195.20
183.90
172.10
160.40
149.50
138.70
128.40
119.20
112.30
108.90
109.80
112.10
113.60
115.10
117.20
119.30
121.10
122.10
122.80
123.00
122.60
121.40
119.10
116.30
113.70
111.20
108.60
106.00
99.50
91.22
83.72
76.21
69.80
63.69
58.01
52.87
47.60
42.71
38.41
34.41
31.95
30.40
28.93
27.44
25.86
24.34
22.93
21.56
20.25
18.86
17.81
16.68
15.36
14.06
12.85
11.73
10.54
10.66
10.76
8.60
3.38
1.56
1.11
0.80
0.57
0.38
0.21
0.08
0.07
0.07
0.07
0.08
0.08
0.08
0.09
0.09
0.10
0.10
0.11
0.11
0.12
0.13
0.13
0.14
0.14
0.15
0.16
0.16
0.17
0.18
0.18
0.19
0.20
0.21
0.22
0.23
0.23
0.24
0.25
0.26
0.27
0.28
0.28
0.30
0.30
0.31
0.32
0.33
0.34
0.35
0.36
0.36
0.37
0.38
0.39
0.39
0.40
0.41
0.42
0.43
0.44
0.44
0.45
0.46
0.47
0.47
0.48
0.49
0.49
0.50
0.50
0.51
0.51
0.52
0.52
0.53
0.53
0.53
0.53
0.54
0.54
0.54
0.54
0.54
0.54
0.54
0.54
0.54
0.54
0.54
0.54
0.54
0.54
0.54
0.54
419.90
418.20
416.10
413.50
411.30
408.10
405.10
401.80
396.90
393.00
387.60
382.60
375.70
368.50
359.40
350.00
339.30
329.30
317.90
306.20
294.10
281.60
268.50
255.60
242.80
229.10
215.60
203.20
191.70
180.30
168.80
157.60
146.70
135.70
125.60
116.70
111.10
108.50
108.90
110.80
113.50
115.80
117.10
117.70
117.70
116.30
114.20
111.20
109.70
108.70
108.00
106.90
104.30
99.99
94.37
86.86
79.34
71.78
65.19
59.81
55.40
51.01
46.62
42.92
39.24
36.00
32.99
30.18
28.12
26.63
25.14
23.68
22.17
20.60
19.20
18.09
16.91
16.18
15.49
14.93
13.91
12.08
10.01
8.18
6.10
4.01
2.14
1.36
1.04
0.76
0.55
0.36
0.18
0.08
0.08
0.08
0.08
0.08
0.08
0.08
0.08
0.08
0.08
0.08
0.08
0.09
0.10
0.10
0.11
0.11
0.11
0.12
0.13
0.13
0.14
0.14
0.15
0.16
0.17
0.17
0.18
0.19
0.20
0.21
0.21
0.22
0.23
0.24
0.25
0.26
0.27
0.28
0.28
0.29
0.30
0.31
0.32
0.32
0.33
0.34
0.35
0.36
0.36
0.37
0.38
0.39
0.40
0.40
0.41
0.42
0.43
0.43
0.44
0.45
0.46
0.46
0.47
0.47
0.48
0.49
0.49
0.49
0.50
0.50
0.50
0.51
0.51
0.52
0.52
0.52
0.52
0.52
0.53
0.53
0.53
0.53
0.54
0.53
0.54
0.54
0.54
419.50
418.80
417.90
416.70
414.90
412.40
409.90
407.10
403.70
399.90
395.90
391.80
386.00
380.80
374.20
367.70
359.00
349.80
340.10
329.70
318.70
307.60
295.60
283.30
270.40
258.30
245.30
231.90
218.50
205.50
193.40
182.20
171.50
159.90
148.50
137.70
128.20
119.80
113.60
109.90
109.10
110.20
111.60
112.10
109.90
107.80
105.60
103.60
102.30
101.60
100.40
98.21
95.16
91.08
85.57
80.01
74.86
68.94
63.06
57.81
53.03
48.85
44.84
41.37
38.15
35.24
32.79
30.78
29.08
27.46
25.57
23.80
22.16
20.69
19.27
18.17
17.13
16.22
15.14
13.79
12.25
10.49
8.93
7.14
5.75
4.31
2.53
1.42
1.08
0.80
0.58
0.39
0.22
0.08
0.07
0.07
0.08
0.08
0.08
0.08
0.08
0.09
0.09
0.10
0.10
0.10
0.11
0.11
0.11
0.12
0.13
0.13
0.13
0.14
0.15
0.15
0.16
0.17
0.17
0.18
0.19
0.19
0.20
0.21
0.22
0.23
0.23
0.24
0.25
0.26
0.27
0.28
0.28
0.29
0.30
0.31
0.32
0.32
0.33
0.34
0.35
0.36
0.37
0.37
0.38
0.39
0.40
0.40
0.41
0.42
0.43
0.43
0.44
0.45
0.46
0.46
0.47
0.48
0.48
0.49
0.49
0.50
0.50
0.51
0.51
0.52
0.52
0.52
0.53
0.53
0.53
0.54
0.54
0.54
0.54
0.54
0.54
0.54
0.54
0.54
0.54
419.60
419.30
418.70
418.70
417.20
416.00
414.50
412.40
409.40
406.60
402.80
399.90
396.30
392.10
387.90
381.70
375.20
367.80
359.60
350.20
340.80
330.60
320.60
309.90
297.90
286.10
273.60
261.00
248.20
234.90
221.90
208.70
196.00
184.00
173.20
162.60
151.40
141.20
132.20
124.50
117.60
112.30
109.00
108.10
106.10
103.30
100.20
97.49
95.94
94.44
92.00
89.24
85.54
80.37
75.29
71.45
67.89
62.61
57.85
53.64
49.44
45.44
41.82
38.64
35.91
33.62
31.56
29.78
28.17
26.67
25.15
23.77
22.27
20.71
19.42
18.39
17.23
15.76
14.41
12.98
11.30
9.55
8.11
6.62
5.31
3.76
2.25
1.37
1.04
0.79
0.58
0.38
0.20
0.08
0.07
0.07
0.07
0.07
0.07
0.07
0.07
0.07
0.08
0.08
0.08
0.08
0.08
0.09
0.09
0.10
0.10
0.11
0.11
0.12
0.12
0.13
0.13
0.14
0.14
0.15
0.16
0.16
0.17
0.18
0.19
0.19
0.20
0.21
0.22
0.23
0.23
0.24
0.25
0.26
0.27
0.28
0.28
0.29
0.30
0.31
0.32
0.32
0.33
0.34
0.34
0.35
0.36
0.37
0.37
0.38
0.39
0.40
0.41
0.41
0.42
0.43
0.44
0.44
0.45
0.46
0.46
0.47
0.47
0.48
0.49
0.49
0.49
0.50
0.50
0.51
0.51
0.52
0.52
0.52
0.53
0.53
0.53
0.54
0.54
0.54
0.54
420.30
420.50
419.80
420.20
419.70
419.30
418.50
417.40
416.30
414.10
411.70
409.70
406.50
403.70
400.60
396.60
391.20
385.70
378.80
372.60
365.20
356.70
347.80
338.60
328.10
317.90
306.80
295.60
283.20
271.10
258.60
245.90
233.00
220.10
207.50
194.80
182.10
170.00
159.40
150.20
141.00
132.40
124.70
117.90
111.20
104.50
100.20
97.01
94.78
92.26
89.66
86.40
82.59
77.58
72.52
68.56
64.70
59.80
54.73
50.93
47.43
44.27
41.03
37.93
35.37
33.03
30.96
29.15
27.63
26.31
25.15
23.89
22.52
21.33
20.19
19.11
17.91
16.39
14.86
13.45
11.86
10.32
8.75
7.21
5.93
4.20
2.64
1.49
1.12
0.84
0.62
0.42
0.23
0.09
0.07
0.07
0.08
0.08
0.08
0.08
0.08
0.09
0.09
0.09
0.10
0.10
0.10
0.10
0.11
0.11
0.12
0.12
0.12
0.13
0.13
0.14
0.15
0.15
0.15
0.16
0.17
0.17
0.18
0.18
0.19
0.20
0.21
0.21
0.22
0.23
0.24
0.25
0.25
0.26
0.27
0.28
0.29
0.30
0.30
0.31
0.32
0.33
0.33
0.34
0.35
0.36
0.36
0.37
0.38
0.39
0.39
0.40
0.41
0.42
0.43
0.43
0.44
0.45
0.45
0.46
0.47
0.48
0.48
0.49
0.49
0.50
0.51
0.51
0.52
0.52
0.52
0.53
0.53
0.54
0.54
0.55
0.55
0.55
0.55
0.55
0.55
420.40
420.80
422.00
422.30
422.90
423.80
423.40
423.00
423.20
421.60
420.80
419.20
417.40
414.90
412.20
409.10
404.60
400.60
396.00
390.90
384.90
378.20
370.50
363.20
353.60
344.70
335.50
325.30
315.30
304.20
292.80
281.00
269.40
257.40
245.20
232.90
220.40
207.60
195.00
182.60
170.50
158.80
148.50
139.50
131.10
122.70
114.70
107.40
101.60
97.31
94.56
91.84
88.26
83.10
77.25
72.31
67.63
61.65
57.57
53.52
49.46
46.54
43.73
40.76
37.75
35.01
32.86
30.74
28.96
27.82
27.08
26.30
25.08
23.73
21.37
19.48
17.76
16.09
14.58
13.50
12.05
10.65
9.05
7.35
5.95
4.41
2.63
1.49
1.13
0.86
0.65
0.42
0.23
0.09
0.09
0.08
0.08
0.08
0.08
0.08
0.08
0.08
0.08
0.08
0.08
0.08
0.08
0.08
0.09
0.09
0.10
0.10
0.10
0.11
0.11
0.12
0.12
0.13
0.13
0.14
0.14
0.15
0.15
0.16
0.17
0.17
0.18
0.18
0.19
0.20
0.21
0.22
0.22
0.23
0.24
0.25
0.26
0.27
0.27
0.28
0.29
0.29
0.30
0.31
0.32
0.32
0.33
0.34
0.35
0.36
0.36
0.37
0.38
0.39
0.40
0.40
0.41
0.42
0.43
0.43
0.44
0.45
0.46
0.46
0.47
0.47
0.48
0.48
0.49
0.50
0.50
0.51
0.51
0.52
0.52
0.53
0.53
0.54
0.55
0.55
0.55
419.30
420.90
422.70
424.90
425.80
427.40
428.40
429.30
429.30
429.30
429.50
429.60
428.30
427.40
425.50
423.50
420.60
417.20
412.80
407.60
403.00
396.80
391.40
385.20
378.30
371.40
363.70
355.70
345.90
336.90
326.80
316.80
306.50
295.80
285.50
274.60
262.90
252.00
240.30
228.40
216.50
204.50
192.40
180.10
168.30
157.00
146.20
136.30
127.50
120.10
114.10
108.10
102.10
97.54
93.37
89.06
83.97
78.42
73.16
68.12
63.50
59.62
55.53
51.51
47.07
42.51
38.69
36.13
33.88
32.33
29.84
26.94
24.82
23.27
21.77
20.07
18.21
16.84
15.61
14.30
13.36
11.77
9.80
7.87
6.41
4.55
3.07
1.65
1.21
0.93
0.69
0.46
0.26
0.10
0.07
0.07
0.08
0.08
0.08
0.08
0.09
0.09
0.09
0.09
0.10
0.10
0.10
0.10
0.11
0.11
0.11
0.12
0.12
0.12
0.13
0.13
0.14
0.14
0.15
0.15
0.15
0.16
0.17
0.17
0.17
0.18
0.19
0.19
0.20
0.21
0.21
0.22
0.23
0.24
0.25
0.26
0.26
0.27
0.28
0.28
0.29
0.30
0.31
0.31
0.32
0.33
0.34
0.34
0.35
0.36
0.37
0.37
0.38
0.39
0.40
0.41
0.42
0.42
0.43
0.44
0.45
0.46
0.46
0.47
0.48
0.48
0.49
0.50
0.50
0.51
0.52
0.52
0.53
0.54
0.54
0.54
0.55
0.56
0.56
0.56
0.56
419.90
421.80
424.10
426.50
429.00
431.70
433.00
434.30
436.20
437.10
438.20
439.90
440.30
440.30
439.40
438.00
435.20
432.40
428.30
424.90
419.90
415.30
409.50
403.70
397.30
389.80
382.90
375.00
367.80
360.00
351.40
343.20
335.20
325.90
317.00
307.80
298.40
287.80
278.40
268.60
257.70
246.70
236.10
224.80
213.40
202.50
191.30
180.20
169.70
159.60
150.60
143.40
137.70
131.90
126.00
120.60
115.60
109.80
102.90
96.00
89.58
82.47
75.61
68.69
62.19
55.89
49.59
43.29
37.91
34.03
30.78
27.84
25.56
23.77
21.98
20.14
18.19
16.65
15.44
14.10
13.08
11.46
9.61
7.79
6.28
4.38
2.82
1.63
1.21
0.93
0.70
0.46
0.25
0.09
0.07
0.07
0.07
0.07
0.07
0.07
0.07
0.07
0.08
0.08
0.08
0.08
0.08
0.08
0.09
0.09
0.09
0.10
0.10
0.11
0.11
0.11
0.11
0.12
0.12
0.13
0.13
0.14
0.14
0.14
0.15
0.16
0.16
0.17
0.17
0.18
0.19
0.20
0.20
0.21
0.22
0.23
0.23
0.24
0.25
0.25
0.26
0.27
0.28
0.28
0.29
0.30
0.31
0.32
0.32
0.33
0.34
0.35
0.36
0.36
0.37
0.38
0.39
0.40
0.40
0.41
0.42
0.43
0.43
0.44
0.45
0.46
0.46
0.48
0.48
0.49
0.50
0.50
0.51
0.52
0.52
0.53
0.53
0.54
0.56
0.56
0.56
419.60
422.20
426.00
428.40
432.10
435.10
438.10
440.30
442.20
445.30
447.70
450.50
451.70
452.60
453.40
452.80
451.50
449.40
446.90
443.50
440.50
435.40
430.50
424.10
418.20
411.50
404.60
397.30
389.10
381.60
373.80
366.50
359.00
350.50
342.30
334.00
325.90
317.80
309.30
299.70
290.40
281.50
272.40
262.60
253.00
243.00
233.80
224.90
216.80
211.00
207.10
202.20
197.40
193.00
187.60
180.50
173.10
162.40
150.10
138.20
126.70
116.70
106.60
96.54
84.64
74.13
64.99
56.53
49.09
43.03
37.95
33.28
29.33
26.33
23.67
21.13
19.03
17.17
15.57
14.06
12.70
11.35
9.78
7.85
6.28
4.75
3.24
1.81
1.31
1.02
0.76
0.51
0.28
0.11
0.07
0.07
0.08
0.08
0.08
0.08
0.08
0.09
0.09
0.09
0.10
0.10
0.10
0.10
0.11
0.11
0.11
0.12
0.12
0.12
0.12
0.13
0.13
0.14
0.14
0.14
0.15
0.15
0.16
0.16
0.17
0.17
0.18
0.18
0.19
0.19
0.20
0.21
0.21
0.22
0.23
0.24
0.24
0.25
0.26
0.26
0.27
0.28
0.29
0.29
0.30
0.31
0.32
0.32
0.33
0.34
0.35
0.36
0.36
0.37
0.38
0.39
0.40
0.41
0.41
0.42
0.43
0.44
0.45
0.46
0.46
0.47
0.48
0.49
0.50
0.50
0.51
0.52
0.53
0.53
0.54
0.55
0.55
0.56
0.56
0.56
0.56
420.10
423.60
427.60
430.80
434.90
439.30
443.10
445.90
449.90
453.40
456.70
460.60
463.60
465.20
466.30
467.50
465.90
464.30
462.70
460.50
457.70
453.60
449.30
444.60
438.60
432.40
425.10
418.20
411.70
403.90
396.90
389.90
382.20
374.50
367.70
360.20
352.30
344.50
336.50
328.10
319.70
311.20
302.40
293.90
285.40
277.30
270.70
266.80
265.60
263.90
263.20
262.70
261.10
257.90
251.20
240.30
227.70
213.70
198.50
182.30
167.50
152.30
135.70
120.40
106.30
92.90
80.28
69.17
60.08
53.29
46.53
39.78
34.53
30.19
26.61
23.22
20.71
18.83
16.78
14.81
13.15
11.83
9.93
7.88
6.47
4.78
3.03
1.82
1.35
1.04
0.77
0.51
0.28
0.10
0.10
0.09
0.09
0.09
0.09
0.08
0.08
0.08
0.08
0.08
0.08
0.08
0.08
0.08
0.09
0.09
0.09
0.10
0.10
0.10
0.11
0.11
0.11
0.12
0.12
0.12
0.13
0.13
0.14
0.14
0.14
0.15
0.15
0.16
0.16
0.17
0.18
0.18
0.19
0.20
0.21
0.21
0.22
0.23
0.23
0.24
0.25
0.26
0.26
0.27
0.27
0.28
0.29
0.30
0.31
0.31
0.32
0.33
0.34
0.34
0.35
0.37
0.37
0.38
0.39
0.40
0.40
0.41
0.43
0.43
0.44
0.45
0.46
0.46
0.47
0.48
0.49
0.50
0.50
0.52
0.52
0.53
0.54
0.54
0.55
0.56
0.56
419.50
423.50
428.10
433.20
437.20
442.90
447.00
450.70
455.70
461.00
466.40
470.60
474.40
478.00
480.60
482.30
482.50
481.60
480.80
479.20
476.20
473.60
470.60
466.30
461.60
456.20
450.60
444.90
438.00
431.20
424.90
418.80
412.50
406.40
399.60
392.90
386.60
379.40
372.40
365.10
357.50
350.10
342.90
335.90
329.90
325.90
324.20
326.20
329.30
335.00
340.60
345.20
346.40
340.20
329.20
316.30
299.90
280.40
260.50
237.80
215.40
193.70
172.10
151.50
132.10
116.00
99.96
83.97
71.97
61.64
52.48
44.58
38.08
32.80
28.85
25.23
22.15
19.95
18.03
15.82
13.86
12.18
10.44
8.31
6.64
5.10
3.42
1.97
1.45
1.14
0.85
0.57
0.31
0.12
0.07
0.07
0.08
0.08
0.08
0.08
0.08
0.09
0.09
0.09
0.10
0.10
0.10
0.10
0.10
0.11
0.11
0.11
0.12
0.12
0.12
0.12
0.13
0.13
0.14
0.14
0.14
0.15
0.15
0.16
0.16
0.16
0.17
0.17
0.18
0.18
0.19
0.19
0.20
0.20
0.21
0.22
0.23
0.24
0.24
0.25
0.26
0.26
0.27
0.28
0.28
0.29
0.30
0.31
0.31
0.32
0.33
0.34
0.35
0.36
0.37
0.37
0.38
0.39
0.40
0.41
0.42
0.43
0.43
0.45
0.45
0.46
0.47
0.48
0.49
0.50
0.50
0.51
0.52
0.53
0.54
0.55
0.56
0.57
0.57
0.57
0.57
419.80
424.60
429.60
434.90
441.40
447.10
452.00
457.10
464.10
469.90
475.50
480.90
486.70
491.50
495.20
497.70
498.70
499.80
499.30
498.30
496.60
494.70
492.70
490.20
486.30
482.80
478.00
472.50
467.40
462.40
456.10
450.30
444.30
438.70
432.50
426.30
419.40
412.80
405.70
399.70
392.90
386.50
381.10
376.50
374.70
377.10
382.80
391.00
404.40
418.80
434.20
446.40
446.00
436.60
429.40
413.10
389.80
363.20
335.60
308.80
281.10
252.80
225.30
198.50
173.10
149.60
127.50
107.50
89.83
74.24
61.05
52.50
44.07
35.64
30.85
26.83
23.89
21.41
19.50
17.18
14.48
12.11
10.01
8.10
6.71
5.23
3.32
1.97
1.50
1.16
0.87
0.57
0.31
0.11
0.11
0.10
0.10
0.10
0.09
0.09
0.08
0.08
0.08
0.08
0.08
0.08
0.08
0.09
0.09
0.09
0.09
0.10
0.10
0.11
0.11
0.11
0.11
0.11
0.11
0.12
0.12
0.12
0.13
0.14
0.14
0.14
0.15
0.15
0.15
0.16
0.17
0.17
0.18
0.19
0.20
0.20
0.21
0.21
0.22
0.22
0.23
0.24
0.25
0.26
0.26
0.27
0.27
0.28
0.29
0.30
0.31
0.32
0.32
0.33
0.34
0.35
0.36
0.37
0.38
0.39
0.39
0.40
0.41
0.42
0.43
0.44
0.45
0.46
0.46
0.48
0.49
0.50
0.50
0.51
0.52
0.53
0.54
0.55
0.56
0.57
0.57
419.30
424.80
429.90
436.10
442.50
450.50
455.30
462.00
469.60
477.60
483.20
490.20
496.90
503.20
508.00
512.60
515.70
517.70
519.20
520.40
520.50
518.60
516.30
514.80
512.50
508.50
505.70
501.10
496.00
490.70
484.70
479.40
474.80
468.70
463.20
457.20
452.60
447.40
442.10
437.20
432.20
428.70
425.60
425.60
428.00
434.90
446.10
461.90
485.00
512.50
543.20
567.80
580.90
570.10
560.30
560.30
539.60
514.00
491.60
468.80
442.40
412.80
380.10
343.40
302.60
259.90
219.60
184.60
150.70
126.30
102.00
77.94
63.04
51.09
41.95
34.18
28.52
24.69
21.76
19.45
17.86
14.98
12.17
9.64
7.82
5.93
4.08
2.27
1.65
1.32
0.99
0.66
0.35
0.15
0.07
0.07
0.08
0.08
0.08
0.08
0.08
0.09
0.09
0.09
0.10
0.10
0.10
0.10
0.10
0.11
0.11
0.11
0.12
0.12
0.12
0.13
0.13
0.13
0.13
0.14
0.14
0.14
0.15
0.15
0.15
0.16
0.16
0.17
0.17
0.17
0.18
0.19
0.19
0.20
0.20
0.21
0.22
0.22
0.23
0.24
0.24
0.25
0.26
0.26
0.27
0.28
0.29
0.30
0.30
0.31
0.32
0.33
0.34
0.34
0.35
0.36
0.37
0.38
0.39
0.40
0.41
0.42
0.43
0.43
0.45
0.46
0.46
0.48
0.48
0.49
0.50
0.51
0.52
0.53
0.54
0.55
0.56
0.57
0.58
0.58
0.58
420.20
425.30
431.60
438.40
446.20
454.10
460.90
468.00
476.20
484.10
492.90
500.10
508.00
516.00
522.70
527.40
532.80
535.50
537.30
538.60
539.50
539.50
538.50
536.60
534.30
531.80
528.40
525.90
522.10
517.60
512.50
508.40
503.00
498.90
495.00
490.50
485.90
482.90
480.60
477.40
474.00
472.60
472.90
475.00
479.30
488.80
503.70
523.50
551.40
590.80
633.90
672.40
704.10
707.60
687.20
680.20
679.90
654.20
621.70
592.20
559.00
518.20
471.10
417.20
360.20
301.70
250.50
204.50
162.90
130.80
107.10
88.55
72.59
60.25
51.40
42.58
33.77
28.31
24.54
22.01
20.34
20.13
16.51
11.42
8.83
6.81
4.38
2.32
1.73
1.35
1.00
0.65
0.35
0.13
0.07
0.07
0.07
0.07
0.07
0.07
0.07
0.07
0.08
0.08
0.08
0.08
0.08
0.09
0.09
0.09
0.10
0.10
0.10
0.10
0.11
0.11
0.11
0.11
0.12
0.12
0.12
0.13
0.13
0.13
0.14
0.14
0.14
0.15
0.15
0.16
0.17
0.17
0.17
0.18
0.19
0.19
0.19
0.20
0.21
0.22
0.22
0.23
0.23
0.24
0.25
0.26
0.26
0.27
0.28
0.29
0.29
0.31
0.31
0.32
0.33
0.34
0.35
0.36
0.37
0.37
0.38
0.39
0.40
0.41
0.42
0.43
0.44
0.45
0.46
0.47
0.48
0.49
0.50
0.51
0.52
0.53
0.54
0.55
0.56
0.57
0.58
419.70
425.40
431.70
438.80
447.60
456.10
463.60
471.60
481.00
490.30
499.70
507.40
517.60
524.50
533.40
539.30
544.30
548.50
551.90
554.80
556.20
557.20
556.80
556.40
555.50
554.10
552.30
552.60
551.20
548.50
544.60
540.30
536.50
532.60
529.00
526.00
523.50
520.70
518.30
516.40
513.90
513.00
512.50
515.20
519.40
527.10
540.20
559.00
583.00
614.40
659.70
708.40
759.20
798.60
813.00
793.20
782.50
773.20
738.70
693.20
652.10
604.10
544.80
478.70
406.60
337.70
274.50
219.60
176.10
142.90
122.80
102.70
82.72
68.51
58.07
48.88
40.43
33.48
28.67
25.02
22.31
20.16
19.85
16.28
10.92
7.77
5.63
2.73
1.87
1.48
1.10
0.74
0.40
0.17
0.07
0.07
0.08
0.08
0.08
0.08
0.09
0.09
0.09
0.10
0.10
0.10
0.10
0.10
0.11
0.11
0.11
0.12
0.12
0.12
0.12
0.12
0.13
0.13
0.14
0.14
0.14
0.14
0.15
0.15
0.15
0.16
0.16
0.16
0.17
0.17
0.18
0.18
0.19
0.19
0.20
0.20
0.21
0.22
0.22
0.23
0.24
0.24
0.25
0.26
0.26
0.27
0.28
0.28
0.30
0.30
0.31
0.32
0.33
0.33
0.34
0.35
0.36
0.37
0.38
0.39
0.40
0.41
0.42
0.43
0.44
0.45
0.46
0.47
0.48
0.49
0.49
0.51
0.52
0.53
0.54
0.55
0.56
0.57
0.58
0.58
0.58
420.50
426.80
433.50
441.00
449.50
459.00
468.10
477.10
487.30
498.20
507.30
516.40
525.60
534.70
542.90
551.00
556.20
560.30
565.80
569.10
571.40
573.10
574.60
575.40
575.70
575.10
576.20
578.20
578.10
579.20
577.20
573.20
568.90
564.70
561.30
557.90
554.80
552.30
550.60
549.00
547.20
545.00
543.80
544.40
547.30
552.60
562.70
576.60
598.20
623.50
654.00
699.70
759.40
813.40
856.70
874.90
859.40
847.20
821.90
770.40
713.70
656.90
592.80
519.00
437.90
357.30
285.60
226.50
184.00
152.10
126.90
106.70
90.68
76.56
64.79
55.78
46.82
37.86
32.25
27.81
23.77
20.87
18.86
17.62
13.14
8.77
5.72
2.74
1.92
1.51
1.11
0.72
0.38
0.15
0.08
0.08
0.08
0.08
0.08
0.08
0.08
0.08
0.08
0.08
0.08
0.08
0.08
0.09
0.09
0.09
0.10
0.10
0.10
0.10
0.11
0.11
0.11
0.11
0.11
0.12
0.12
0.12
0.13
0.13
0.13
0.13
0.14
0.14
0.15
0.15
0.16
0.16
0.16
0.17
0.18
0.18
0.19
0.20
0.20
0.21
0.21
0.22
0.23
0.23
0.24
0.25
0.26
0.26
0.27
0.28
0.29
0.30
0.30
0.31
0.32
0.33
0.34
0.35
0.36
0.37
0.38
0.39
0.40
0.41
0.42
0.43
0.44
0.45
0.46
0.47
0.48
0.49
0.50
0.52
0.52
0.54
0.54
0.55
0.57
0.58
0.59
419.00
426.30
433.30
441.70
450.70
460.30
470.00
479.70
490.10
501.60
512.20
521.10
530.40
539.70
549.10
557.70
564.70
569.40
575.40
580.10
585.20
589.20
592.80
594.70
595.00
596.40
598.00
600.70
602.50
603.40
604.40
603.90
602.00
597.30
592.40
588.10
585.00
580.80
577.50
574.00
570.80
567.70
564.60
564.30
565.20
569.10
573.50
579.00
587.80
605.20
630.50
659.20
696.70
750.80
809.50
862.60
891.60
882.70
861.20
822.90
746.50
685.50
627.70
558.40
469.50
376.00
294.40
238.30
195.10
161.00
138.70
116.40
94.37
81.14
69.51
59.10
49.96
43.29
36.44
31.58
26.36
21.82
18.41
15.89
15.53
12.26
6.90
3.02
2.06
1.59
1.19
0.78
0.43
0.17
0.07
0.08
0.08
0.08
0.08
0.09
0.09
0.09
0.09
0.10
0.10
0.10
0.10
0.10
0.11
0.11
0.11
0.11
0.12
0.12
0.12
0.12
0.13
0.13
0.13
0.14
0.14
0.14
0.14
0.15
0.15
0.15
0.16
0.16
0.16
0.17
0.17
0.18
0.18
0.19
0.19
0.20
0.20
0.21
0.22
0.22
0.23
0.23
0.24
0.25
0.26
0.26
0.27
0.28
0.29
0.29
0.30
0.31
0.32
0.33
0.34
0.35
0.35
0.36
0.37
0.38
0.39
0.40
0.41
0.43
0.43
0.45
0.46
0.47
0.48
0.48
0.50
0.51
0.52
0.53
0.54
0.55
0.57
0.58
0.59
0.59
0.59
419.80
426.90
434.70
442.90
452.80
463.20
473.80
484.10
495.00
506.50
517.70
526.70
535.80
545.50
554.30
563.30
571.30
578.10
585.00
591.60
597.40
602.10
608.30
610.60
612.50
615.10
618.50
619.80
622.70
623.50
623.80
624.10
623.20
620.40
617.40
612.30
605.60
600.50
595.80
590.50
585.50
582.00
579.80
579.50
581.00
581.40
581.90
582.90
586.40
593.60
604.50
627.20
655.70
688.00
724.80
776.10
827.70
855.80
843.30
802.80
736.90
662.30
583.50
482.90
378.00
299.10
243.70
198.40
162.30
134.60
112.60
95.10
80.60
69.37
60.63
53.76
46.92
40.07
35.09
28.82
24.56
20.20
17.39
14.84
13.55
13.21
6.83
3.01
2.02
1.56
1.16
0.74
0.40
0.16
0.08
0.08
0.08
0.08
0.08
0.08
0.08
0.08
0.08
0.08
0.08
0.08
0.08
0.09
0.09
0.09
0.09
0.10
0.10
0.11
0.11
0.11
0.11
0.11
0.11
0.11
0.12
0.12
0.12
0.13
0.13
0.13
0.14
0.14
0.14
0.15
0.15
0.16
0.16
0.17
0.17
0.18
0.18
0.19
0.20
0.20
0.21
0.22
0.22
0.23
0.23
0.24
0.25
0.25
0.26
0.27
0.28
0.29
0.30
0.31
0.32
0.32
0.34
0.34
0.35
0.36
0.37
0.38
0.40
0.41
0.42
0.43
0.44
0.45
0.46
0.47
0.48
0.49
0.50
0.52
0.53
0.54
0.55
0.56
0.58
0.59
0.59
419.30
426.30
434.80
442.80
452.50
463.10
473.90
485.70
496.70
508.10
519.50
528.90
538.70
547.70
556.80
564.80
573.80
581.20
589.20
596.50
604.20
612.00
618.30
623.60
626.30
630.10
632.90
637.20
639.40
640.70
640.90
639.70
637.50
635.20
632.30
628.00
622.80
616.20
609.40
604.90
601.20
597.60
595.10
593.40
592.70
591.40
590.20
589.50
589.00
591.40
593.30
599.40
608.20
624.20
650.40
670.50
692.30
719.10
741.70
732.00
683.00
601.00
484.60
373.20
296.30
243.10
200.20
164.40
141.20
118.00
94.89
80.35
68.11
59.32
51.21
44.11
38.51
33.58
28.08
25.30
22.23
19.82
18.21
16.91
14.48
12.71
8.17
3.47
2.08
1.60
1.19
0.79
0.44
0.19
0.07
0.08
0.08
0.08
0.09
0.09
0.09
0.09
0.09
0.10
0.10
0.10
0.10
0.10
0.10
0.11
0.11
0.11
0.12
0.12
0.12
0.12
0.13
0.13
0.13
0.13
0.14
0.14
0.14
0.15
0.15
0.15
0.15
0.16
0.16
0.16
0.17
0.17
0.18
0.18
0.19
0.19
0.20
0.21
0.21
0.22
0.22
0.23
0.24
0.24
0.25
0.26
0.27
0.27
0.28
0.29
0.30
0.30
0.31
0.32
0.33
0.34
0.35
0.36
0.37
0.38
0.39
0.40
0.41
0.42
0.43
0.44
0.45
0.46
0.48
0.48
0.50
0.51
0.52
0.53
0.54
0.56
0.57
0.58
0.60
0.60
0.60
420.40
427.90
435.70
445.10
454.30
464.40
475.90
488.10
499.80
511.00
522.10
531.90
541.30
549.60
559.10
567.10
576.60
584.40
591.90
599.40
608.40
615.30
622.70
630.70
635.50
640.40
643.80
649.50
652.80
654.00
653.20
651.20
647.80
643.50
638.80
633.80
628.50
623.90
620.50
617.30
612.00
609.00
605.10
601.90
598.60
596.60
594.00
591.80
588.50
586.40
586.50
586.90
588.10
590.80
591.80
592.00
593.70
600.60
592.00
560.80
483.40
387.40
305.60
246.20
204.30
172.30
144.10
119.80
101.00
85.21
72.64
61.38
54.36
47.37
40.38
35.44
31.01
27.16
24.21
21.98
20.25
19.54
18.63
17.20
14.24
11.18
7.43
3.06
1.99
1.54
1.14
0.74
0.41
0.17
0.08
0.08
0.08
0.08
0.08
0.08
0.08
0.08
0.08
0.08
0.08
0.08
0.08
0.09
0.09
0.10
0.10
0.10
0.11
0.10
0.11
0.11
0.11
0.11
0.12
0.12
0.12
0.12
0.12
0.13
0.13
0.13
0.14
0.14
0.14
0.15
0.15
0.16
0.16
0.17
0.17
0.18
0.18
0.19
0.19
0.20
0.21
0.21
0.22
0.23
0.23
0.24
0.25
0.25
0.26
0.27
0.28
0.28
0.30
0.31
0.32
0.32
0.33
0.34
0.35
0.36
0.37
0.38
0.39
0.40
0.41
0.42
0.43
0.45
0.46
0.47
0.48
0.49
0.50
0.52
0.53
0.54
0.56
0.57
0.58
0.59
0.61
418.60
426.20
435.50
443.50
452.60
463.50
475.60
486.90
498.90
510.50
521.50
532.20
541.00
548.90
557.60
565.80
574.30
583.40
591.40
597.60
605.70
612.40
619.20
627.30
633.90
639.50
643.50
648.80
651.20
652.70
653.60
652.70
648.70
644.80
638.70
634.10
630.20
627.20
624.40
621.40
618.70
614.20
610.70
605.80
600.70
596.70
591.90
588.00
583.00
579.60
576.40
573.00
567.70
562.90
557.60
551.20
535.40
507.50
466.00
401.80
332.70
275.10
224.40
187.10
159.40
139.70
120.10
100.40
80.75
68.55
58.31
50.09
43.62
38.93
34.48
29.88
26.42
23.92
21.62
19.29
17.90
18.75
17.25
15.95
14.99
11.71
7.66
3.23
1.98
1.53
1.15
0.78
0.44
0.19
0.08
0.08
0.08
0.08
0.09
0.09
0.09
0.10
0.10
0.10
0.10
0.10
0.10
0.11
0.11
0.11
0.11
0.12
0.12
0.12
0.12
0.13
0.13
0.13
0.13
0.14
0.14
0.14
0.14
0.14
0.15
0.15
0.15
0.16
0.16
0.17
0.17
0.18
0.18
0.19
0.19
0.20
0.20
0.21
0.21
0.22
0.22
0.23
0.24
0.24
0.25
0.26
0.26
0.27
0.28
0.29
0.30
0.31
0.31
0.32
0.33
0.34
0.35
0.36
0.37
0.38
0.39
0.40
0.41
0.42
0.43
0.44
0.45
0.46
0.48
0.49
0.50
0.51
0.52
0.54
0.55
0.57
0.58
0.59
0.61
0.61
0.61
420.30
427.50
436.40
444.60
454.30
464.80
475.90
487.30
498.60
510.20
521.10
531.40
541.80
550.30
558.30
566.40
573.80
581.10
588.50
595.20
601.30
606.90
614.10
620.80
626.40
630.60
633.70
637.70
640.20
641.20
641.30
639.10
636.10
635.00
631.80
628.60
626.70
623.60
621.00
618.30
616.10
613.60
609.90
605.20
601.30
596.60
591.80
586.70
581.40
574.80
566.40
557.50
548.50
540.80
530.80
511.70
479.00
436.40
383.90
324.70
270.90
225.50
185.10
153.90
129.80
109.20
91.63
77.75
65.63
56.51
49.93
43.46
38.18
34.37
30.19
26.58
23.91
21.70
20.15
18.10
18.65
18.26
16.10
16.67
15.13
10.30
6.51
2.91
1.89
1.48
1.09
0.71
0.40
0.17
0.16
0.15
0.14
0.12
0.11
0.10
0.09
0.08
0.08
0.08
0.08
0.09
0.09
0.09
0.09
0.10
0.10
0.10
0.10
0.11
0.11
0.11
0.11
0.11
0.11
0.12
0.12
0.12
0.12
0.13
0.13
0.14
0.14
0.14
0.14
0.15
0.15
0.16
0.16
0.17
0.17
0.18
0.19
0.19
0.20
0.20
0.21
0.22
0.22
0.23
0.23
0.24
0.25
0.25
0.26
0.27
0.28
0.29
0.30
0.31
0.31
0.33
0.33
0.34
0.35
0.36
0.37
0.39
0.40
0.41
0.42
0.43
0.44
0.45
0.46
0.47
0.48
0.50
0.51
0.52
0.53
0.55
0.56
0.58
0.59
0.61
0.61
419.00
426.90
435.40
443.70
453.10
462.40
473.10
484.10
495.70
506.00
516.90
527.10
537.60
546.00
555.20
563.20
570.90
578.30
583.10
588.40
593.10
598.00
603.10
607.20
612.50
616.80
617.90
619.90
621.70
621.80
622.10
622.00
619.70
619.60
618.70
617.80
617.30
615.50
613.70
612.70
612.20
610.30
605.40
602.50
598.60
594.90
588.90
583.10
577.80
572.50
564.20
554.30
541.90
529.70
510.50
478.90
438.10
392.90
342.60
292.10
247.40
208.10
169.90
141.10
121.20
101.30
81.63
68.84
57.51
49.33
43.64
39.44
36.03
32.83
29.72
26.53
24.05
21.94
20.05
18.32
17.31
17.45
16.39
16.14
13.70
10.72
8.67
3.10
1.93
1.49
1.13
0.78
0.44
0.20
0.08
0.08
0.08
0.09
0.09
0.09
0.10
0.10
0.10
0.10
0.10
0.11
0.11
0.11
0.11
0.12
0.12
0.12
0.12
0.13
0.13
0.13
0.13
0.13
0.14
0.14
0.14
0.14
0.15
0.15
0.15
0.16
0.16
0.16
0.17
0.17
0.17
0.18
0.19
0.19
0.20
0.20
0.21
0.21
0.22
0.22
0.23
0.23
0.24
0.25
0.25
0.26
0.27
0.28
0.28
0.29
0.30
0.31
0.32
0.32
0.33
0.34
0.35
0.37
0.38
0.39
0.39
0.41
0.42
0.43
0.44
0.45
0.46
0.47
0.48
0.49
0.50
0.52
0.53
0.54
0.56
0.57
0.59
0.60
0.62
0.62
0.62
419.70
427.10
435.70
444.70
453.70
463.20
473.30
483.30
494.60
503.90
513.40
523.30
532.50
541.60
550.20
558.30
565.50
573.20
578.60
583.90
586.80
590.20
593.40
595.80
598.10
600.20
601.20
602.40
602.20
602.80
603.60
602.90
603.40
604.40
603.60
603.70
603.40
602.60
601.20
600.80
602.30
600.70
597.80
597.00
593.30
588.30
581.80
573.70
565.90
559.70
552.40
541.50
528.80
510.40
480.20
441.40
398.80
356.10
312.60
270.30
228.00
191.50
156.60
127.40
105.90
88.81
74.30
62.85
55.65
48.52
41.39
37.76
34.49
31.29
28.76
26.01
23.61
21.50
19.34
17.86
16.61
16.58
16.40
14.92
14.24
13.21
9.76
3.07
1.88
1.45
1.09
0.73
0.41
0.17
0.08
0.08
0.08
0.08
0.08
0.08
0.08
0.08
0.08
0.08
0.08
0.09
0.09
0.09
0.09
0.10
0.10
0.11
0.11
0.11
0.11
0.11
0.11
0.12
0.12
0.12
0.12
0.13
0.13
0.13
0.14
0.14
0.14
0.14
0.15
0.15
0.16
0.16
0.17
0.17
0.18
0.19
0.19
0.20
0.20
0.21
0.21
0.22
0.22
0.23
0.24
0.24
0.25
0.26
0.27
0.27
0.28
0.29
0.30
0.31
0.32
0.33
0.34
0.35
0.36
0.37
0.38
0.39
0.40
0.41
0.42
0.43
0.44
0.45
0.46
0.47
0.49
0.50
0.51
0.53
0.54
0.55
0.57
0.59
0.60
0.61
0.62
419.10
427.20
434.80
443.10
451.30
460.90
469.80
480.40
489.90
499.10
506.90
515.60
523.70
531.70
539.60
547.40
554.60
561.10
566.50
571.20
576.30
580.60
583.70
585.80
587.30
588.00
588.10
587.50
586.80
586.70
586.90
586.40
587.60
586.70
586.90
586.80
587.00
586.20
585.30
583.80
583.70
583.30
581.50
578.50
575.70
571.60
565.30
558.20
550.60
542.90
534.20
522.80
507.30
483.70
453.50
415.20
376.80
340.80
301.80
263.60
223.40
189.00
159.10
134.50
110.00
85.77
71.40
59.74
50.82
44.20
39.41
36.07
33.16
30.43
28.31
26.38
24.18
21.65
19.30
17.71
16.39
15.98
16.33
16.58
17.72
17.46
13.00
3.48
1.98
1.50
1.14
0.79
0.44
0.19
0.08
0.08
0.08
0.09
0.09
0.09
0.10
0.10
0.10
0.10
0.11
0.11
0.11
0.11
0.12
0.12
0.12
0.13
0.13
0.13
0.13
0.13
0.13
0.14
0.14
0.14
0.14
0.15
0.15
0.15
0.16
0.16
0.16
0.17
0.17
0.17
0.18
0.19
0.19
0.20
0.20
0.21
0.21
0.22
0.22
0.23
0.23
0.24
0.25
0.25
0.26
0.27
0.28
0.28
0.29
0.30
0.31
0.32
0.32
0.33
0.34
0.35
0.36
0.37
0.38
0.39
0.40
0.41
0.42
0.43
0.44
0.45
0.46
0.47
0.48
0.49
0.50
0.52
0.53
0.55
0.56
0.57
0.59
0.61
0.62
0.63
0.63
419.50
427.00
435.00
442.90
451.10
460.20
468.90
478.00
487.00
494.60
503.40
510.20
518.40
525.00
531.60
538.20
544.20
549.10
552.50
556.20
560.50
563.20
567.10
569.80
570.90
573.10
573.90
574.50
574.80
574.60
574.00
574.00
573.00
572.60
571.70
570.80
571.10
569.90
567.60
565.90
563.10
560.20
555.90
551.40
546.30
541.30
535.50
528.40
520.50
512.90
505.30
493.30
476.20
452.50
422.40
388.30
353.70
319.30
285.30
251.10
216.00
182.90
152.80
126.20
101.50
82.03
66.80
58.01
49.27
40.54
36.53
33.39
30.75
28.60
27.00
25.13
22.96
20.95
19.04
17.29
15.76
15.07
15.49
15.62
17.91
14.81
7.01
2.88
1.87
1.45
1.08
0.74
0.40
0.18
0.17
0.16
0.14
0.13
0.12
0.11
0.09
0.08
0.08
0.09
0.09
0.09
0.10
0.10
0.10
0.11
0.11
0.11
0.11
0.11
0.11
0.12
0.12
0.12
0.12
0.12
0.13
0.13
0.13
0.14
0.14
0.14
0.14
0.15
0.15
0.16
0.17
0.17
0.18
0.18
0.19
0.19
0.20
0.20
0.21
0.21
0.22
0.23
0.23
0.24
0.25
0.25
0.26
0.27
0.28
0.28
0.29
0.30
0.31
0.32
0.33
0.34
0.35
0.36
0.37
0.38
0.39
0.40
0.41
0.42
0.43
0.44
0.45
0.46
0.47
0.48
0.49
0.50
0.52
0.53
0.54
0.56
0.58
0.59
0.61
0.62
0.63
418.90
425.90
433.70
441.20
448.90
457.00
465.50
473.80
481.20
488.80
496.40
503.20
509.70
516.00
521.30
526.80
531.80
537.20
539.70
543.20
544.70
548.10
549.90
551.90
553.80
554.10
554.70
555.00
554.30
554.10
553.80
552.90
551.40
551.00
551.00
550.60
549.60
548.90
546.80
543.90
540.80
537.00
532.90
527.60
522.50
515.50
508.20
500.60
493.60
484.50
476.10
464.30
447.80
426.10
399.40
368.00
336.10
305.30
275.30
245.40
214.40
183.60
154.50
131.30
108.00
84.84
67.48
54.90
45.92
39.43
35.33
32.14
29.50
27.33
25.55
23.52
21.77
19.60
17.79
16.20
14.96
14.37
13.74
13.99
16.22
10.35
5.59
2.69
1.81
1.44
1.10
0.78
0.45
0.20
0.08
0.09
0.09
0.09
0.10
0.10
0.10
0.10
0.11
0.11
0.11
0.11
0.12
0.12
0.12
0.12
0.12
0.13
0.13
0.13
0.14
0.14
0.14
0.14
0.14
0.15
0.15
0.15
0.15
0.16
0.16
0.17
0.17
0.17
0.18
0.18
0.19
0.19
0.20
0.20
0.21
0.21
0.22
0.22
0.23
0.24
0.24
0.25
0.26
0.26
0.27
0.28
0.28
0.29
0.30
0.31
0.32
0.32
0.33
0.34
0.35
0.36
0.37
0.38
0.39
0.40
0.41
0.42
0.43
0.44
0.45
0.46
0.47
0.48
0.49
0.50
0.51
0.52
0.54
0.55
0.57
0.58
0.60
0.61
0.63
0.64
0.64
420.80
427.40
434.50
441.80
449.50
457.50
465.60
472.20
479.40
486.90
493.30
500.10
506.20
511.50
516.80
521.00
525.40
529.00
532.10
534.10
536.70
538.00
539.30
539.40
540.50
540.20
540.20
540.30
538.90
537.10
536.20
535.00
533.70
532.50
531.50
529.10
528.00
526.80
524.30
521.90
518.60
514.40
510.20
506.10
500.10
493.10
486.00
477.30
469.40
459.30
448.70
436.50
419.50
398.90
374.10
343.80
313.30
283.70
254.50
226.80
198.20
170.70
144.60
122.90
101.20
79.72
63.19
51.20
43.15
37.74
33.96
31.10
28.81
26.11
23.74
21.72
19.95
17.89
16.47
14.86
13.55
12.59
11.51
10.82
9.49
6.21
4.22
2.16
1.55
1.25
0.96
0.68
0.38
0.17
0.07
0.07
0.08
0.08
0.08
0.08
0.08
0.09
0.09
0.09
0.09
0.09
0.10
0.10
0.10
0.10
0.11
0.11
0.11
0.11
0.12
0.12
0.12
0.12
0.12
0.12
0.13
0.13
0.13
0.14
0.14
0.14
0.15
0.15
0.15
0.16
0.16
0.17
0.17
0.18
0.19
0.19
0.20
0.21
0.21
0.22
0.22
0.23
0.23
0.24
0.24
0.25
0.26
0.27
0.28
0.28
0.29
0.30
0.30
0.31
0.32
0.32
0.33
0.34
0.35
0.36
0.37
0.37
0.38
0.39
0.40
0.41
0.41
0.42
0.43
0.44
0.45
0.46
0.46
0.47
0.49
0.50
0.51
0.52
0.53
0.54
0.55
421.00
427.70
434.40
441.10
447.90
456.10
463.20
469.30
475.10
481.40
487.80
492.90
498.40
502.40
507.70
510.60
514.50
518.00
519.80
521.10
522.80
523.30
524.20
523.60
523.10
521.50
519.80
519.10
516.90
514.40
511.70
510.50
508.40
506.70
504.50
501.60
500.10
497.30
494.10
490.80
487.50
484.20
480.40
475.70
469.70
463.30
454.70
446.30
435.90
424.30
412.30
398.60
381.60
361.60
337.60
311.00
282.80
254.00
225.70
199.70
173.20
148.00
125.70
105.50
87.42
71.92
57.56
48.96
40.49
35.72
32.92
30.64
28.09
25.41
23.39
21.60
19.72
17.97
16.28
14.66
13.07
11.88
10.32
9.24
6.86
5.08
3.59
1.96
1.51
1.18
0.91
0.64
0.35
0.15
0.07
0.07
0.07
0.07
0.07
0.07
0.07
0.07
0.07
0.07
0.08
0.08
0.08
0.09
0.09
0.09
0.09
0.09
0.09
0.09
0.10
0.10
0.10
0.10
0.10
0.10
0.11
0.11
0.11
0.11
0.12
0.12
0.13
0.13
0.14
0.14
0.14
0.15
0.16
0.16
0.17
0.18
0.18
0.19
0.20
0.20
0.20
0.21
0.22
0.23
0.23
0.23
0.24
0.25
0.25
0.26
0.27
0.28
0.28
0.29
0.30
0.31
0.31
0.32
0.33
0.34
0.35
0.35
0.36
0.37
0.38
0.39
0.40
0.40
0.41
0.42
0.43
0.44
0.45
0.46
0.47
0.48
0.49
0.50
0.52
0.52
0.54
420.20
426.10
433.20
439.10
445.00
452.00
458.20
464.10
469.40
474.50
480.20
485.00
489.70
492.70
497.20
499.70
502.50
504.70
506.30
507.30
508.10
508.60
508.50
506.90
504.30
502.60
499.90
496.40
493.90
491.30
489.10
486.10
483.10
480.80
476.90
474.10
470.90
467.50
463.50
459.20
453.30
448.60
442.40
436.70
429.90
422.00
413.10
402.10
390.50
377.30
362.80
347.40
329.90
310.40
289.20
266.30
243.40
219.80
196.50
173.50
151.20
132.60
114.00
95.54
81.50
67.66
55.35
46.16
39.51
35.48
33.26
30.16
27.74
25.32
23.38
21.72
19.84
18.03
16.41
15.29
13.80
12.61
10.94
9.12
7.12
5.38
3.66
2.04
1.53
1.21
0.93
0.66
0.38
0.17
0.07
0.06
0.07
0.07
0.07
0.08
0.08
0.08
0.08
0.08
0.09
0.09
0.10
0.10
0.10
0.10
0.10
0.11
0.11
0.11
0.11
0.11
0.12
0.12
0.12
0.12
0.12
0.12
0.13
0.13
0.13
0.14
0.14
0.15
0.15
0.16
0.16
0.17
0.17
0.18
0.19
0.19
0.20
0.21
0.21
0.22
0.22
0.23
0.23
0.24
0.25
0.26
0.26
0.27
0.28
0.28
0.29
0.30
0.30
0.31
0.32
0.33
0.33
0.34
0.35
0.36
0.37
0.38
0.39
0.39
0.40
0.41
0.42
0.43
0.43
0.44
0.45
0.46
0.47
0.48
0.49
0.50
0.51
0.52
0.53
0.54
0.54
421.40
426.30
432.40
437.60
443.20
449.30
454.80
459.90
464.60
469.10
473.30
476.10
479.70
482.80
485.60
488.40
489.70
490.90
491.60
491.80
491.50
491.10
489.60
487.10
484.90
482.00
478.70
474.70
471.30
467.60
464.40
459.80
455.30
451.40
445.60
440.00
434.60
427.80
420.80
413.00
404.80
395.70
385.20
375.40
364.90
354.80
343.30
332.50
322.20
312.10
301.10
289.70
276.90
261.70
244.80
227.70
209.80
192.00
172.80
154.00
134.50
117.70
101.00
86.32
72.71
60.84
53.02
45.26
37.50
34.07
31.65
28.89
26.80
25.11
23.34
21.34
19.82
18.31
16.84
15.75
14.88
13.14
11.42
9.11
7.00
5.24
3.32
1.91
1.47
1.16
0.88
0.61
0.35
0.14
0.06
0.06
0.06
0.06
0.06
0.07
0.07
0.07
0.07
0.07
0.07
0.08
0.08
0.08
0.08
0.08
0.08
0.09
0.09
0.09
0.09
0.09
0.10
0.10
0.10
0.10
0.10
0.11
0.11
0.11
0.12
0.12
0.12
0.13
0.14
0.14
0.14
0.15
0.15
0.16
0.17
0.18
0.18
0.19
0.19
0.20
0.21
0.22
0.22
0.23
0.23
0.24
0.25
0.25
0.26
0.27
0.28
0.28
0.29
0.30
0.31
0.32
0.32
0.33
0.34
0.35
0.36
0.36
0.37
0.38
0.39
0.40
0.40
0.41
0.42
0.43
0.44
0.45
0.45
0.46
0.47
0.48
0.49
0.50
0.52
0.52
0.53
420.00
425.70
430.40
435.10
440.00
445.30
450.80
454.40
458.90
462.20
465.00
467.90
470.20
472.70
474.00
475.60
476.50
477.30
476.20
475.90
474.70
472.70
470.70
467.70
463.90
459.20
454.90
450.20
445.30
440.30
434.70
428.10
420.90
413.30
403.30
394.10
384.70
374.70
364.10
353.30
343.00
334.00
327.20
320.40
312.80
306.80
300.60
293.00
284.70
276.20
266.10
254.50
241.40
227.30
211.90
195.10
177.10
159.20
142.30
127.60
112.90
98.25
88.02
76.03
65.41
56.07
47.76
40.75
35.78
32.50
30.00
27.81
26.27
24.98
23.49
22.14
20.48
18.93
17.22
16.46
15.13
14.27
12.61
9.38
7.28
5.37
3.47
1.95
1.51
1.18
0.89
0.64
0.37
0.17
0.06
0.06
0.06
0.07
0.07
0.07
0.08
0.08
0.08
0.08
0.08
0.09
0.09
0.09
0.09
0.10
0.10
0.10
0.10
0.10
0.10
0.11
0.11
0.11
0.11
0.12
0.12
0.12
0.13
0.13
0.13
0.14
0.14
0.15
0.15
0.16
0.16
0.17
0.17
0.18
0.19
0.20
0.20
0.21
0.22
0.22
0.23
0.23
0.24
0.25
0.25
0.26
0.26
0.27
0.28
0.29
0.30
0.30
0.31
0.32
0.33
0.33
0.34
0.35
0.36
0.37
0.38
0.39
0.39
0.40
0.41
0.42
0.43
0.43
0.44
0.45
0.46
0.46
0.47
0.48
0.49
0.50
0.51
0.52
0.53
0.53
0.53
420.80
424.90
429.20
434.10
437.90
442.80
446.40
449.70
453.10
455.40
458.30
460.20
461.50
462.40
463.80
463.00
462.30
462.00
460.90
458.50
456.40
452.70
448.60
444.50
439.70
434.50
427.80
421.00
413.20
404.00
393.60
384.20
373.10
362.10
350.60
339.80
329.30
321.80
314.50
308.00
303.50
299.10
294.70
290.50
287.00
284.90
279.00
266.80
252.90
236.50
220.70
205.60
189.60
173.00
159.50
148.70
139.40
130.80
119.90
106.30
94.28
83.48
73.62
64.98
56.64
49.96
43.34
38.43
35.02
32.26
29.97
28.15
26.49
25.01
23.55
22.12
20.44
18.24
16.85
15.37
14.11
13.82
11.88
9.31
7.08
4.97
3.03
1.83
1.43
1.11
0.85
0.59
0.34
0.14
0.06
0.06
0.06
0.06
0.06
0.06
0.06
0.06
0.06
0.06
0.06
0.06
0.07
0.07
0.07
0.08
0.08
0.08
0.08
0.08
0.08
0.09
0.09
0.09
0.09
0.10
0.10
0.10
0.11
0.11
0.12
0.12
0.12
0.13
0.14
0.14
0.14
0.15
0.16
0.17
0.17
0.18
0.19
0.19
0.20
0.20
0.21
0.22
0.23
0.23
0.24
0.24
0.25
0.26
0.27
0.28
0.28
0.29
0.30
0.31
0.31
0.32
0.33
0.34
0.35
0.36
0.36
0.37
0.38
0.39
0.39
0.40
0.41
0.42
0.43
0.43
0.44
0.45
0.46
0.46
0.47
0.48
0.49
0.50
0.51
0.52
0.53
419.40
423.70
428.00
431.20
434.90
438.70
442.10
444.80
447.10
448.90
450.40
452.00
451.80
452.10
452.10
450.30
449.60
447.10
444.60
440.90
437.10
432.10
426.90
421.10
413.70
404.90
395.40
384.70
374.30
362.30
350.90
338.60
327.50
319.30
313.60
306.50
300.90
295.50
292.10
289.40
286.10
282.10
276.60
267.90
253.50
237.90
223.40
210.90
197.50
183.90
171.10
161.10
152.60
146.40
142.20
137.60
129.60
116.70
103.80
90.92
80.79
72.59
65.52
58.90
52.72
47.66
43.81
40.35
37.33
34.66
32.32
30.15
28.26
25.50
23.06
21.24
19.62
18.14
16.55
14.61
12.94
12.64
11.10
8.75
7.02
4.80
2.98
1.83
1.46
1.14
0.85
0.61
0.35
0.16
0.06
0.06
0.06
0.06
0.07
0.07
0.07
0.07
0.07
0.08
0.08
0.08
0.08
0.08
0.09
0.09
0.09
0.09
0.10
0.10
0.10
0.10
0.11
0.11
0.11
0.11
0.12
0.12
0.13
0.13
0.13
0.14
0.14
0.15
0.16
0.16
0.17
0.17
0.18
0.19
0.19
0.20
0.21
0.21
0.22
0.23
0.23
0.24
0.25
0.25
0.26
0.27
0.28
0.28
0.29
0.30
0.31
0.32
0.32
0.33
0.34
0.35
0.36
0.37
0.37
0.38
0.39
0.40
0.40
0.41
0.42
0.43
0.43
0.44
0.45
0.46
0.47
0.47
0.48
0.49
0.50
0.50
0.51
0.52
0.53
0.53
0.53
420.20
424.00
426.90
429.60
432.10
435.00
437.70
439.60
440.90
442.10
443.10
442.40
442.50
441.40
439.50
437.70
434.00
431.00
426.00
422.20
416.00
408.80
399.90
390.50
380.30
368.80
357.30
345.00
332.10
321.70
314.70
308.80
303.20
298.20
293.30
288.60
284.60
281.50
275.60
265.70
250.10
235.80
221.20
209.10
198.50
187.90
177.10
168.20
161.70
156.70
152.90
150.90
147.90
142.20
132.50
120.60
109.00
98.00
88.67
80.01
72.41
65.81
59.54
55.15
50.77
46.38
43.34
40.10
37.48
34.01
30.55
27.51
25.88
24.00
22.15
20.48
18.59
17.16
15.99
14.31
12.74
11.35
9.96
8.19
6.40
4.38
2.56
1.73
1.37
1.07
0.82
0.57
0.33
0.13
0.06
0.06
0.06
0.06
0.06
0.06
0.06
0.06
0.06
0.06
0.06
0.06
0.06
0.06
0.07
0.07
0.08
0.08
0.08
0.08
0.08
0.08
0.09
0.09
0.09
0.10
0.10
0.10
0.11
0.11
0.12
0.12
0.13
0.13
0.14
0.15
0.15
0.16
0.17
0.17
0.18
0.19
0.19
0.20
0.21
0.21
0.22
0.23
0.23
0.24
0.25
0.26
0.27
0.28
0.28
0.29
0.30
0.31
0.31
0.32
0.33
0.34
0.34
0.35
0.36
0.37
0.38
0.39
0.39
0.40
0.41
0.41
0.42
0.43
0.44
0.44
0.45
0.46
0.46
0.47
0.48
0.49
0.50
0.50
0.52
0.52
0.53
419.90
422.60
425.20
427.30
429.10
430.90
432.60
434.50
435.00
435.50
435.00
433.80
432.70
430.80
428.00
423.50
419.40
414.50
409.10
401.70
393.40
383.80
372.20
360.80
348.20
335.30
323.20
313.70
309.00
303.80
298.20
293.60
288.90
284.50
280.90
273.10
260.50
245.10
230.80
216.70
204.10
193.40
182.40
171.80
162.30
157.20
154.90
154.10
154.90
155.10
154.00
148.70
139.30
128.30
118.50
108.80
99.14
90.91
83.07
76.06
69.46
63.81
58.42
53.81
49.52
46.02
41.35
35.92
31.32
29.21
27.85
26.52
24.81
23.08
21.72
20.42
18.62
17.13
15.76
14.31
12.94
11.32
9.67
8.38
6.39
4.47
2.58
1.73
1.39
1.09
0.83
0.59
0.35
0.16
0.06
0.05
0.06
0.06
0.06
0.06
0.06
0.07
0.07
0.07
0.07
0.08
0.08
0.08
0.08
0.08
0.09
0.09
0.09
0.10
0.10
0.10
0.11
0.11
0.11
0.12
0.12
0.13
0.13
0.14
0.14
0.15
0.15
0.16
0.16
0.17
0.18
0.18
0.19
0.20
0.21
0.21
0.22
0.22
0.23
0.24
0.24
0.25
0.26
0.27
0.28
0.28
0.29
0.30
0.31
0.32
0.32
0.33
0.34
0.35
0.36
0.37
0.37
0.38
0.39
0.40
0.40
0.41
0.42
0.43
0.43
0.44
0.45
0.46
0.46
0.47
0.47
0.48
0.49
0.50
0.50
0.51
0.52
0.52
0.54
0.53
0.53
420.30
422.20
424.40
425.30
426.50
427.20
428.60
428.70
429.00
428.60
427.30
426.00
423.00
418.90
414.60
410.00
404.30
397.10
387.70
377.60
367.00
354.60
341.10
327.90
315.80
306.70
303.20
297.90
293.80
288.70
284.40
279.50
274.20
262.70
247.40
232.70
217.70
204.00
193.40
183.40
173.70
165.10
159.50
156.00
154.70
155.60
157.10
158.30
156.40
150.50
141.70
132.90
124.50
116.80
109.20
101.70
94.48
87.48
80.27
73.78
67.80
61.96
56.01
50.06
44.11
37.83
33.69
31.67
30.29
28.96
27.65
26.18
24.68
22.98
21.40
19.84
18.43
16.50
15.01
13.79
12.41
10.93
9.75
8.71
7.77
7.76
3.36
1.83
1.40
1.07
0.83
0.58
0.33
0.13
0.06
0.06
0.06
0.06
0.06
0.06
0.06
0.06
0.06
0.06
0.06
0.06
0.06
0.06
0.07
0.07
0.07
0.07
0.08
0.08
0.09
0.09
0.09
0.10
0.10
0.11
0.11
0.11
0.12
0.12
0.13
0.14
0.14
0.15
0.16
0.16
0.17
0.17
0.18
0.19
0.19
0.20
0.21
0.21
0.23
0.23
0.24
0.24
0.25
0.26
0.27
0.28
0.28
0.29
0.30
0.31
0.32
0.33
0.34
0.34
0.35
0.36
0.37
0.37
0.38
0.39
0.40
0.40
0.41
0.42
0.42
0.43
0.44
0.44
0.45
0.46
0.46
0.47
0.47
0.48
0.49
0.50
0.50
0.51
0.52
0.52
0.53
419.90
421.00
422.60
423.70
423.60
423.90
424.00
423.80
422.80
421.50
419.50
416.90
412.50
407.60
402.90
396.70
388.20
378.80
367.30
355.30
342.40
328.50
315.20
304.20
299.50
294.70
290.20
284.90
280.60
275.00
269.30
258.40
243.70
229.70
214.90
201.70
191.10
180.70
169.70
161.20
156.30
154.90
157.60
161.40
165.10
166.20
163.90
158.40
149.20
139.40
130.60
123.00
116.10
109.20
102.30
97.32
92.68
86.71
79.50
72.52
65.57
57.69
50.05
42.81
38.17
36.04
34.17
32.51
30.96
29.56
28.30
26.99
25.54
23.90
22.27
20.83
19.80
19.09
19.07
21.13
25.39
29.61
31.95
34.59
31.96
29.13
6.92
2.64
1.83
1.32
0.98
0.67
0.39
0.17
0.05
0.06
0.06
0.06
0.06
0.06
0.06
0.07
0.07
0.07
0.07
0.08
0.08
0.08
0.09
0.09
0.09
0.10
0.10
0.10
0.10
0.11
0.11
0.12
0.12
0.13
0.13
0.14
0.15
0.15
0.16
0.16
0.17
0.18
0.18
0.19
0.20
0.20
0.21
0.22
0.22
0.23
0.24
0.25
0.25
0.26
0.27
0.28
0.28
0.29
0.30
0.31
0.32
0.32
0.34
0.34
0.35
0.36
0.37
0.37
0.38
0.39
0.40
0.41
0.41
0.42
0.43
0.43
0.44
0.45
0.45
0.46
0.47
0.47
0.48
0.48
0.49
0.49
0.50
0.50
0.52
0.52
0.53
0.53
0.54
0.54
0.54
419.50
420.80
420.80
421.10
421.40
420.40
420.00
418.90
416.80
414.70
411.30
407.00
401.80
395.60
388.50
379.90
369.50
357.40
343.70
329.80
315.50
302.60
294.60
290.50
286.40
280.90
275.70
270.10
264.60
254.00
240.50
226.90
213.30
200.90
191.20
181.60
171.00
162.80
156.80
154.70
156.60
160.80
165.40
167.80
165.70
161.00
153.50
144.00
135.50
129.00
122.00
115.30
108.60
103.70
99.92
96.45
91.96
84.93
75.71
65.54
55.29
48.88
42.55
40.32
38.34
36.45
34.56
32.73
31.11
29.77
28.62
27.56
27.43
29.61
35.23
45.02
53.96
58.17
54.92
54.29
56.91
61.60
53.20
45.40
30.34
16.60
4.88
2.59
1.87
1.38
1.02
0.68
0.38
0.15
0.06
0.06
0.06
0.06
0.06
0.06
0.06
0.06
0.06
0.06
0.06
0.06
0.07
0.07
0.07
0.08
0.08
0.08
0.09
0.09
0.10
0.10
0.10
0.11
0.12
0.12
0.13
0.13
0.14
0.14
0.15
0.16
0.17
0.17
0.18
0.19
0.19
0.20
0.21
0.21
0.22
0.23
0.24
0.25
0.25
0.26
0.27
0.28
0.28
0.29
0.30
0.31
0.32
0.33
0.34
0.35
0.35
0.36
0.37
0.38
0.39
0.39
0.40
0.41
0.41
0.42
0.43
0.43
0.44
0.44
0.45
0.46
0.46
0.47
0.47
0.48
0.48
0.49
0.49
0.50
0.50
0.51
0.52
0.52
0.53
0.53
0.54
419.60
419.90
419.50
419.00
418.60
417.70
416.00
413.80
411.50
408.50
403.80
398.90
392.60
385.00
376.00
365.00
352.40
338.10
323.40
308.70
295.50
287.40
283.70
279.30
273.20
268.00
262.00
254.40
242.00
229.40
216.40
203.80
193.50
185.30
176.70
167.60
160.80
157.60
158.20
161.50
166.00
169.60
169.70
164.40
157.30
147.40
138.50
131.90
126.30
120.00
114.50
109.00
103.60
99.74
95.90
92.64
88.48
80.35
69.68
57.76
49.23
44.97
42.51
40.28
38.32
36.61
34.89
33.43
32.25
32.86
38.80
51.89
68.38
77.87
76.86
76.80
84.99
98.47
93.93
77.48
59.53
46.00
34.55
28.26
21.11
13.46
5.22
2.55
1.89
1.41
1.06
0.72
0.41
0.34
0.27
0.20
0.13
0.06
0.06
0.07
0.07
0.07
0.08
0.08
0.08
0.08
0.09
0.09
0.10
0.10
0.10
0.11
0.12
0.12
0.12
0.13
0.13
0.14
0.14
0.15
0.16
0.16
0.17
0.18
0.18
0.19
0.20
0.21
0.21
0.22
0.23
0.23
0.24
0.25
0.26
0.26
0.27
0.28
0.29
0.30
0.30
0.32
0.32
0.33
0.34
0.35
0.35
0.37
0.38
0.38
0.39
0.40
0.41
0.41
0.42
0.43
0.43
0.44
0.45
0.45
0.46
0.46
0.47
0.48
0.48
0.48
0.49
0.50
0.50
0.50
0.51
0.51
0.52
0.52
0.53
0.54
0.54
0.54
0.54
0.54
0.54
420.30
419.50
418.50
417.10
415.60
413.40
411.70
408.50
405.50
400.80
394.90
388.30
380.40
371.60
360.50
346.50
332.10
316.90
301.90
288.20
280.30
277.00
272.20
265.40
259.00
251.90
242.60
229.90
217.60
204.90
194.30
186.30
179.30
170.80
164.30
160.30
159.10
161.00
165.10
169.80
172.30
169.60
162.60
154.50
143.50
136.00
130.30
123.90
116.70
110.40
105.80
101.60
97.55
93.50
89.33
83.86
77.42
70.03
61.55
55.82
50.13
44.44
41.76
39.58
37.83
36.64
38.78
48.88
64.58
78.29
85.04
83.54
86.50
97.29
105.00
104.00
92.87
78.73
60.66
46.61
36.04
29.60
26.06
22.02
15.76
9.99
3.60
2.24
1.71
1.31
0.97
0.65
0.37
0.15
0.06
0.06
0.06
0.06
0.06
0.06
0.06
0.06
0.06
0.07
0.07
0.08
0.08
0.08
0.09
0.09
0.10
0.10
0.11
0.11
0.12
0.12
0.13
0.14
0.14
0.15
0.16
0.16
0.17
0.18
0.19
0.19
0.20
0.21
0.21
0.22
0.23
0.24
0.25
0.26
0.26
0.27
0.28
0.29
0.30
0.31
0.32
0.32
0.33
0.34
0.35
0.35
0.36
0.37
0.38
0.39
0.40
0.40
0.41
0.42
0.43
0.43
0.44
0.44
0.45
0.45
0.46
0.47
0.47
0.48
0.48
0.49
0.49
0.49
0.50
0.50
0.50
0.51
0.51
0.51
0.52
0.52
0.53
0.53
0.54
0.54
0.55
420.40
418.70
417.40
416.20
413.00
410.30
407.90
404.80
400.00
394.30
388.10
380.20
370.70
360.30
347.10
332.60
317.20
300.90
286.40
276.00
272.00
268.00
260.60
252.70
244.70
235.40
223.10
210.20
198.80
189.10
182.20
176.10
169.10
164.70
161.50
159.80
161.10
165.00
169.60
172.60
170.10
162.60
154.10
143.30
135.90
129.80
123.10
116.50
109.90
103.30
98.98
94.76
90.29
85.91
80.19
73.65
67.36
62.89
59.02
55.20
49.58
45.25
42.40
42.01
50.24
58.81
75.70
87.01
88.90
87.77
93.23
104.30
100.00
95.79
91.20
74.25
57.74
48.51
40.24
34.44
28.18
23.77
18.94
15.43
11.54
7.16
3.07
2.03
1.62
1.26
0.95
0.66
0.38
0.17
0.06
0.07
0.06
0.07
0.07
0.08
0.08
0.09
0.09
0.10
0.10
0.10
0.11
0.12
0.12
0.12
0.13
0.14
0.14
0.15
0.15
0.16
0.17
0.17
0.18
0.19
0.19
0.20
0.21
0.22
0.23
0.23
0.24
0.25
0.26
0.27
0.27
0.28
0.29
0.30
0.31
0.32
0.33
0.33
0.34
0.35
0.36
0.37
0.38
0.39
0.39
0.40
0.41
0.41
0.43
0.43
0.44
0.45
0.46
0.46
0.47
0.47
0.48
0.48
0.49
0.49
0.50
0.50
0.50
0.51
0.51
0.52
0.52
0.52
0.53
0.53
0.53
0.53
0.54
0.54
0.54
0.55
0.55
0.55
0.55
0.55
0.55
419.30
417.20
415.50
413.60
410.50
407.20
403.60
399.10
393.50
386.60
378.70
369.60
359.30
346.30
331.30
315.10
299.10
283.10
271.80
266.10
262.00
254.60
245.60
236.30
226.40
213.80
201.40
191.00
182.50
176.70
171.80
166.90
164.10
161.50
159.70
160.10
163.60
168.30
171.40
169.00
161.80
152.90
143.20
135.50
128.50
120.70
112.80
105.80
100.60
96.12
91.41
86.77
82.55
76.68
70.65
64.62
59.85
57.47
55.15
52.83
49.71
48.87
53.77
66.49
82.07
91.98
93.01
92.85
100.50
101.70
102.70
103.80
92.91
72.89
59.69
50.91
42.28
37.88
32.95
27.38
22.21
18.19
14.68
11.52
9.17
5.61
2.54
1.85
1.48
1.14
0.86
0.59
0.34
0.14
0.07
0.07
0.07
0.07
0.07
0.07
0.07
0.08
0.08
0.09
0.10
0.11
0.11
0.12
0.12
0.12
0.14
0.14
0.14
0.15
0.16
0.17
0.17
0.18
0.19
0.20
0.20
0.21
0.22
0.23
0.24
0.25
0.25
0.26
0.27
0.28
0.29
0.30
0.31
0.31
0.32
0.33
0.34
0.35
0.36
0.36
0.38
0.38
0.39
0.40
0.41
0.41
0.43
0.43
0.44
0.45
0.45
0.46
0.46
0.47
0.48
0.48
0.48
0.49
0.49
0.50
0.50
0.50
0.50
0.51
0.51
0.52
0.52
0.52
0.52
0.52
0.52
0.52
0.53
0.53
0.53
0.54
0.55
0.54
0.55
0.55
0.55
419.90
417.40
415.10
412.10
408.50
404.50
399.90
394.80
388.70
380.60
372.50
361.30
349.80
335.90
319.90
303.00
286.80
272.20
262.90
258.50
251.60
241.40
231.20
220.40
209.50
197.40
186.90
177.90
172.10
168.30
165.70
164.30
161.80
159.20
158.20
159.90
163.60
167.90
168.50
163.50
155.50
146.10
137.40
129.70
122.20
114.60
107.00
99.43
94.93
90.37
85.47
81.07
75.89
70.30
64.81
59.72
55.99
52.94
50.72
54.38
58.03
61.85
76.31
89.67
95.85
94.54
97.52
107.40
104.40
101.30
98.21
83.63
69.41
59.06
50.90
44.35
39.81
34.24
30.05
23.50
19.60
16.14
12.77
9.72
7.12
4.80
2.55
1.79
1.46
1.14
0.87
0.60
0.35
0.17
0.08
0.08
0.09
0.09
0.10
0.10
0.11
0.12
0.12
0.13
0.13
0.14
0.15
0.15
0.16
0.17
0.17
0.18
0.19
0.19
0.20
0.21
0.22
0.23
0.24
0.24
0.25
0.26
0.27
0.28
0.29
0.30
0.30
0.31
0.32
0.33
0.34
0.35
0.36
0.36
0.37
0.39
0.39
0.40
0.41
0.42
0.43
0.43
0.45
0.45
0.46
0.47
0.48
0.48
0.49
0.50
0.50
0.51
0.51
0.52
0.52
0.52
0.53
0.53
0.54
0.54
0.54
0.54
0.54
0.54
0.54
0.55
0.55
0.55
0.55
0.55
0.55
0.55
0.55
0.55
0.55
0.55
0.55
0.55
0.55
0.55
0.55
419.60
416.20
413.00
409.50
405.80
400.80
395.60
390.10
382.00
373.70
362.90
351.20
337.90
322.60
305.90
288.90
272.80
261.00
253.10
247.00
235.80
225.50
213.50
202.40
191.10
180.40
172.20
166.90
163.90
162.60
162.50
161.00
158.40
156.10
155.80
159.10
163.30
165.30
162.70
155.60
147.30
138.50
130.00
122.00
113.00
104.60
97.99
92.97
88.25
83.38
78.73
74.12
69.27
64.24
59.40
56.08
52.77
49.45
49.24
53.44
64.79
81.20
94.57
99.11
99.03
105.20
111.50
117.70
107.50
94.81
79.87
67.69
58.77
51.69
44.65
40.05
35.91
31.31
26.30
21.16
17.64
14.38
11.13
8.23
6.07
3.89
2.18
1.68
1.37
1.07
0.82
0.56
0.33
0.15
0.09
0.10
0.10
0.10
0.10
0.10
0.11
0.12
0.12
0.13
0.14
0.14
0.15
0.16
0.17
0.17
0.18
0.19
0.20
0.21
0.21
0.23
0.23
0.24
0.25
0.25
0.26
0.27
0.28
0.29
0.30
0.31
0.32
0.33
0.34
0.35
0.35
0.37
0.37
0.38
0.40
0.40
0.41
0.42
0.43
0.44
0.45
0.46
0.46
0.47
0.48
0.49
0.49
0.50
0.51
0.52
0.52
0.52
0.53
0.53
0.53
0.54
0.54
0.54
0.55
0.54
0.55
0.55
0.55
0.55
0.55
0.55
0.55
0.55
0.55
0.55
0.55
0.55
0.55
0.55
0.55
0.55
0.56
0.56
0.56
0.56
0.56
420.10
415.90
411.80
407.80
404.10
399.00
393.10
385.80
377.40
367.70
356.60
344.40
330.60
314.50
297.10
279.70
264.60
252.70
243.90
235.20
223.20
212.10
199.60
188.20
177.60
168.70
162.90
159.60
158.60
159.50
160.30
158.50
155.60
153.60
153.50
156.50
160.20
160.90
157.30
150.40
142.00
133.30
124.90
116.20
107.50
98.89
92.94
87.94
82.96
78.44
74.20
70.02
65.68
61.57
57.87
54.31
51.45
54.45
57.46
60.58
76.27
92.66
101.90
101.40
104.80
113.10
106.90
100.60
94.37
80.28
68.91
59.86
52.43
47.37
43.23
38.57
34.41
29.86
25.28
21.66
17.98
14.20
10.79
8.09
5.88
3.95
2.17
1.69
1.39
1.09
0.83
0.58
0.36
0.19
0.11
0.11
0.12
0.13
0.13
0.14
0.15
0.16
0.16
0.17
0.18
0.19
0.20
0.20
0.21
0.22
0.23
0.24
0.25
0.26
0.26
0.27
0.28
0.29
0.30
0.31
0.32
0.33
0.34
0.35
0.35
0.36
0.37
0.38
0.39
0.40
0.41
0.42
0.43
0.44
0.45
0.46
0.47
0.48
0.49
0.50
0.50
0.51
0.52
0.53
0.53
0.54
0.55
0.56
0.57
0.57
0.57
0.57
0.57
0.57
0.57
0.57
0.57
0.57
0.57
0.57
0.57
0.57
0.57
0.57
0.57
0.57
0.57
0.57
0.57
0.57
0.57
0.57
0.57
0.57
0.56
0.56
0.56
0.56
0.56
0.56
0.56
419.50
415.00
410.20
406.20
400.80
395.70
388.40
380.10
370.90
360.10
348.10
335.10
320.20
302.80
284.90
268.00
254.20
242.20
232.30
220.40
208.60
196.70
183.30
172.60
164.10
157.60
154.40
153.90
155.40
157.60
158.00
155.60
152.60
150.60
151.20
154.20
156.50
155.80
150.80
143.30
135.10
126.40
117.90
108.90
100.20
93.42
88.00
82.97
78.25
74.01
70.19
66.89
63.72
60.54
57.15
53.77
50.38
51.50
57.96
71.70
88.63
99.89
100.50
101.00
103.00
105.00
107.00
93.93
80.27
69.08
59.42
54.43
49.62
44.80
40.26
36.03
31.63
27.96
23.37
20.53
16.69
14.08
10.64
7.61
5.48
3.51
2.10
1.64
1.33
1.05
0.80
0.56
0.35
0.18
0.17
0.16
0.15
0.15
0.14
0.15
0.15
0.16
0.17
0.18
0.19
0.20
0.21
0.21
0.22
0.23
0.24
0.25
0.26
0.27
0.28
0.29
0.30
0.31
0.32
0.33
0.34
0.34
0.35
0.36
0.37
0.38
0.39
0.40
0.41
0.42
0.43
0.44
0.45
0.45
0.46
0.48
0.49
0.50
0.51
0.52
0.52
0.53
0.54
0.55
0.56
0.56
0.57
0.57
0.58
0.59
0.59
0.59
0.59
0.60
0.59
0.60
0.60
0.60
0.60
0.60
0.60
0.60
0.60
0.60
0.59
0.59
0.59
0.59
0.59
0.59
0.59
0.59
0.59
0.59
0.59
0.59
0.59
0.59
0.58
0.58
0.58
419.80
415.10
410.30
405.30
399.90
393.70
386.00
377.80
367.50
355.40
342.90
329.50
313.70
296.10
278.20
261.20
247.00
234.90
221.50
209.00
196.80
184.70
172.10
161.60
154.00
149.70
148.70
149.20
152.50
154.90
155.70
153.20
150.60
148.50
148.40
150.50
151.90
151.10
146.60
139.70
131.50
122.90
114.30
105.70
97.04
90.52
85.08
80.22
75.65
71.84
68.46
65.96
63.66
61.15
57.79
54.34
57.11
59.88
62.65
78.20
93.67
100.30
98.14
102.80
111.80
105.40
98.90
84.42
72.18
61.72
54.01
49.93
46.43
42.44
38.12
34.44
30.24
26.61
22.87
19.62
16.90
14.23
10.79
7.82
5.33
3.54
2.13
1.65
1.35
1.07
0.81
0.58
0.38
0.22
0.14
0.15
0.16
0.17
0.18
0.18
0.19
0.20
0.21
0.22
0.23
0.24
0.25
0.26
0.26
0.28
0.28
0.30
0.31
0.32
0.33
0.34
0.35
0.36
0.36
0.37
0.38
0.39
0.40
0.41
0.41
0.43
0.44
0.44
0.45
0.46
0.47
0.48
0.49
0.50
0.51
0.53
0.54
0.55
0.55
0.57
0.58
0.59
0.59
0.60
0.60
0.62
0.62
0.63
0.63
0.63
0.63
0.63
0.63
0.63
0.63
0.63
0.63
0.62
0.62
0.62
0.62
0.62
0.61
0.61
0.61
0.61
0.60
0.60
0.59
0.59
0.59
0.59
0.59
0.58
0.58
0.58
0.58
0.58
0.58
0.58
0.58
419.30
414.20
408.50
402.60
397.10
389.70
381.30
372.10
361.20
348.60
335.30
320.50
303.80
286.50
267.90
251.90
237.90
224.50
208.00
195.20
183.20
171.10
159.20
149.10
143.90
142.20
142.70
145.90
149.80
151.90
152.50
150.90
148.00
146.10
145.50
146.50
147.10
145.50
140.60
133.70
125.90
117.30
108.30
99.75
91.99
85.95
81.15
76.83
73.08
69.47
67.14
65.10
63.06
61.09
58.05
55.72
53.40
58.23
70.63
85.59
96.34
96.60
96.99
99.41
101.90
104.30
87.93
73.77
62.19
56.83
51.59
46.35
42.52
38.55
34.91
31.39
27.82
24.01
20.59
17.64
15.58
12.95
9.74
6.96
5.06
3.22
1.97
1.58
1.27
1.01
0.78
0.55
0.35
0.20
0.16
0.16
0.16
0.17
0.17
0.18
0.19
0.20
0.21
0.22
0.23
0.24
0.25
0.26
0.27
0.28
0.29
0.30
0.32
0.33
0.34
0.35
0.36
0.37
0.38
0.39
0.39
0.40
0.41
0.42
0.43
0.43
0.44
0.45
0.46
0.47
0.48
0.49
0.50
0.51
0.52
0.54
0.54
0.56
0.56
0.58
0.59
0.59
0.60
0.61
0.62
0.62
0.63
0.64
0.64
0.65
0.65
0.65
0.65
0.65
0.66
0.66
0.66
0.66
0.65
0.65
0.65
0.65
0.65
0.65
0.64
0.63
0.63
0.63
0.62
0.62
0.62
0.62
0.61
0.61
0.61
0.61
0.60
0.60
0.60
0.59
0.59
420.20
413.60
408.40
402.60
396.30
388.40
379.50
369.70
358.00
345.20
331.40
316.30
299.90
281.70
263.00
247.00
232.00
217.00
199.00
185.10
174.00
161.80
150.10
140.50
135.60
134.80
136.80
141.60
145.50
148.30
149.50
148.70
146.40
143.90
142.30
141.90
141.40
139.20
135.50
129.50
122.20
113.50
104.80
96.03
88.90
83.21
78.90
75.00
71.75
69.03
66.93
65.07
63.46
61.98
59.95
60.52
61.10
61.68
75.13
89.36
97.31
96.50
98.91
98.18
97.45
96.44
80.77
67.02
57.76
52.28
48.10
44.33
39.97
36.29
32.97
29.46
26.56
23.09
20.64
18.69
16.62
13.96
10.91
7.89
5.60
3.53
2.07
1.62
1.32
1.03
0.79
0.57
0.38
0.23
0.17
0.18
0.19
0.20
0.21
0.21
0.23
0.24
0.25
0.25
0.26
0.28
0.29
0.30
0.31
0.32
0.33
0.34
0.35
0.36
0.38
0.39
0.40
0.41
0.42
0.43
0.43
0.44
0.45
0.46
0.46
0.47
0.48
0.49
0.50
0.50
0.51
0.52
0.53
0.54
0.55
0.57
0.58
0.59
0.60
0.61
0.62
0.63
0.64
0.65
0.66
0.67
0.67
0.67
0.67
0.68
0.68
0.68
0.68
0.68
0.68
0.68
0.68
0.68
0.67
0.67
0.67
0.66
0.65
0.65
0.64
0.64
0.63
0.63
0.62
0.62
0.61
0.61
0.61
0.60
0.59
0.59
0.59
0.59
0.59
0.59
0.59
419.70
413.30
407.00
400.40
393.10
384.70
375.90
365.20
353.30
339.40
324.90
309.40
292.10
273.10
254.60
238.70
224.20
206.30
187.70
173.30
161.90
150.10
139.60
131.80
127.70
128.30
132.30
137.50
141.60
144.60
146.10
146.00
144.10
141.20
138.50
136.40
134.80
132.80
129.50
123.80
116.90
108.60
99.69
91.83
85.65
80.96
77.22
73.98
71.23
69.09
67.54
65.83
64.63
63.50
61.79
59.07
60.05
69.39
83.52
94.52
98.95
101.00
106.80
113.20
106.90
88.63
73.20
61.66
56.63
51.83
47.02
42.34
37.76
34.42
31.73
29.30
26.33
23.91
21.75
19.45
16.81
13.93
11.80
8.58
5.72
3.56
2.03
1.58
1.27
1.00
0.77
0.55
0.36
0.22
0.18
0.18
0.18
0.19
0.20
0.21
0.22
0.23
0.24
0.25
0.26
0.27
0.29
0.30
0.31
0.32
0.34
0.35
0.36
0.37
0.38
0.39
0.40
0.41
0.42
0.43
0.43
0.44
0.45
0.46
0.46
0.47
0.48
0.48
0.49
0.50
0.51
0.52
0.52
0.54
0.55
0.57
0.58
0.59
0.60
0.61
0.62
0.63
0.64
0.65
0.66
0.67
0.67
0.68
0.69
0.69
0.70
0.70
0.70
0.70
0.70
0.70
0.70
0.70
0.70
0.70
0.70
0.70
0.69
0.68
0.68
0.67
0.66
0.66
0.65
0.65
0.64
0.64
0.63
0.63
0.62
0.62
0.62
0.61
0.61
0.61
0.60
420.50
413.40
406.80
400.30
392.70
384.20
374.70
363.80
351.50
337.60
322.50
306.80
288.90
270.40
252.00
235.50
221.00
201.40
182.00
166.10
153.80
142.90
132.90
125.40
121.20
121.80
126.60
131.90
136.40
139.90
142.10
142.60
141.50
138.90
135.30
132.20
130.00
127.90
125.00
120.40
114.20
106.70
98.62
91.03
85.31
80.88
77.71
75.05
72.90
71.26
69.64
68.39
67.24
66.01
64.54
63.02
65.13
73.90
86.22
95.91
102.40
108.50
113.90
105.70
97.45
89.03
71.52
62.01
57.23
52.25
47.64
42.78
39.00
35.96
33.18
30.66
28.14
25.13
23.03
21.09
17.70
15.35
13.42
10.43
7.47
4.69
2.17
1.64
1.33
1.03
0.79
0.57
0.38
0.24
0.18
0.19
0.20
0.21
0.22
0.23
0.25
0.26
0.27
0.28
0.29
0.30
0.31
0.33
0.34
0.35
0.36
0.38
0.39
0.40
0.41
0.42
0.43
0.44
0.45
0.46
0.47
0.47
0.48
0.48
0.49
0.50
0.50
0.51
0.52
0.52
0.53
0.54
0.55
0.56
0.57
0.59
0.60
0.62
0.63
0.64
0.65
0.66
0.68
0.69
0.70
0.70
0.71
0.72
0.72
0.72
0.72
0.72
0.72
0.72
0.72
0.72
0.72
0.71
0.71
0.70
0.70
0.69
0.69
0.68
0.67
0.67
0.66
0.65
0.64
0.64
0.63
0.62
0.62
0.62
0.61
0.61
0.61
0.60
0.60
0.60
0.60
419.00
412.50
405.80
398.00
390.50
381.10
370.90
359.20
346.20
332.30
316.90
300.10
282.60
263.50
244.60
229.50
213.20
192.00
173.20
156.90
144.30
133.60
124.60
118.10
115.50
117.30
122.30
127.50
132.70
136.00
137.90
138.50
137.30
135.20
132.00
129.30
126.40
124.40
121.40
117.30
111.70
105.00
97.50
90.44
85.24
81.54
78.84
76.73
74.80
73.67
72.18
70.97
69.72
68.49
67.01
67.45
72.18
80.64
91.40
100.30
110.80
120.70
125.30
121.70
106.30
87.41
72.07
64.72
59.91
54.38
48.83
43.28
39.51
36.44
33.58
31.25
29.00
26.23
24.13
22.43
19.07
18.08
16.34
12.53
8.27
4.36
2.16
1.65
1.32
1.02
0.77
0.54
0.35
0.22
0.19
0.19
0.19
0.20
0.21
0.22
0.23
0.25
0.26
0.27
0.28
0.29
0.31
0.32
0.33
0.34
0.36
0.37
0.38
0.40
0.41
0.42
0.43
0.44
0.44
0.45
0.46
0.46
0.47
0.47
0.48
0.49
0.49
0.50
0.50
0.51
0.52
0.52
0.53
0.54
0.56
0.58
0.59
0.60
0.62
0.63
0.64
0.66
0.67
0.68
0.69
0.70
0.70
0.71
0.72
0.72
0.73
0.73
0.73
0.74
0.73
0.73
0.73
0.73
0.73
0.73
0.73
0.73
0.72
0.71
0.70
0.69
0.68
0.68
0.67
0.66
0.66
0.65
0.65
0.64
0.63
0.63
0.63
0.62
0.62
0.61
0.60
419.80
412.60
405.40
398.00
389.90
380.90
370.60
358.30
345.10
331.40
316.30
298.90
280.40
262.10
243.30
228.00
210.70
189.50
170.40
153.90
139.40
128.10
119.10
113.20
111.30
113.10
117.70
122.80
127.90
131.40
133.60
134.60
134.50
133.00
130.90
128.20
125.60
123.00
120.10
116.60
112.10
106.40
99.71
92.40
87.31
84.10
81.03
79.44
77.48
76.31
75.14
73.99
72.64
71.62
71.13
72.92
79.59
87.26
97.08
106.70
119.50
130.70
133.50
119.20
104.90
90.60
76.70
70.11
63.89
57.05
50.20
44.83
41.03
37.77
35.28
33.01
31.22
29.08
27.36
27.98
26.78
25.57
22.19
16.35
11.95
7.45
2.46
1.82
1.45
1.08
0.81
0.57
0.38
0.24
0.19
0.19
0.21
0.22
0.23
0.24
0.25
0.27
0.28
0.29
0.30
0.31
0.33
0.34
0.36
0.37
0.38
0.39
0.41
0.42
0.43
0.44
0.45
0.46
0.47
0.48
0.48
0.49
0.49
0.50
0.51
0.51
0.52
0.52
0.53
0.53
0.54
0.55
0.55
0.56
0.58
0.59
0.61
0.62
0.64
0.65
0.67
0.68
0.69
0.70
0.71
0.72
0.73
0.74
0.74
0.74
0.74
0.74
0.74
0.75
0.75
0.74
0.74
0.74
0.73
0.73
0.72
0.71
0.71
0.70
0.69
0.68
0.68
0.67
0.66
0.65
0.65
0.64
0.63
0.63
0.63
0.62
0.61
0.61
0.61
0.60
0.60
419.30
411.90
404.20
396.10
387.50
378.70
367.50
355.70
341.80
327.30
311.60
293.90
275.30
256.60
238.00
223.40
204.00
183.30
164.00
147.40
133.30
121.60
112.90
108.40
107.90
110.70
115.60
120.10
124.30
128.10
130.30
131.60
131.80
131.10
130.00
127.70
125.10
122.20
119.40
116.10
112.00
106.70
100.00
92.97
88.48
85.25
83.12
81.86
79.66
78.26
78.29
77.85
77.43
77.40
77.03
80.57
87.70
94.82
104.50
115.70
129.40
139.90
139.50
130.50
112.30
88.41
78.03
71.14
63.33
56.64
49.99
43.33
39.91
37.48
35.23
34.36
34.10
34.22
35.27
37.09
37.75
37.85
29.53
19.45
12.92
7.47
2.54
1.90
1.44
1.08
0.78
0.55
0.36
0.22
0.19
0.19
0.19
0.20
0.22
0.23
0.24
0.25
0.26
0.27
0.29
0.30
0.32
0.33
0.34
0.35
0.37
0.38
0.40
0.41
0.42
0.43
0.44
0.45
0.46
0.47
0.47
0.48
0.49
0.49
0.50
0.50
0.50
0.51
0.52
0.52
0.52
0.53
0.54
0.54
0.56
0.58
0.59
0.60
0.62
0.64
0.65
0.67
0.68
0.69
0.70
0.71
0.72
0.72
0.73
0.74
0.74
0.74
0.74
0.75
0.75
0.74
0.74
0.74
0.74
0.74
0.74
0.74
0.73
0.72
0.71
0.71
0.70
0.69
0.68
0.68
0.67
0.66
0.65
0.65
0.65
0.64
0.64
0.63
0.63
0.62
0.61
420.40
412.30
404.30
397.10
388.10
378.70
367.80
356.30
342.10
327.60
311.70
293.50
275.40
256.90
238.10
223.00
203.70
183.30
164.20
147.30
132.30
120.00
110.90
105.70
105.40
108.50
113.10
117.30
121.10
124.30
127.00
128.80
129.50
129.80
129.40
128.40
126.20
123.40
120.30
117.30
113.60
108.50
101.90
95.54
90.43
87.34
85.22
83.89
82.82
82.41
82.10
82.38
82.78
83.79
85.41
91.06
99.63
108.50
119.10
132.00
145.90
155.30
156.50
147.60
128.10
108.70
89.37
81.37
72.59
63.08
53.24
45.92
41.81
38.57
36.88
37.08
38.92
41.13
43.07
45.31
45.21
40.23
29.69
17.55
11.04
6.37
2.47
1.87
1.46
1.07
0.79
0.56
0.37
0.22
0.18
0.19
0.20
0.21
0.22
0.23
0.25
0.26
0.27
0.28
0.30
0.31
0.32
0.34
0.35
0.36
0.38
0.39
0.40
0.42
0.43
0.45
0.46
0.47
0.48
0.49
0.49
0.50
0.51
0.51
0.52
0.52
0.52
0.53
0.54
0.54
0.54
0.55
0.56
0.56
0.57
0.59
0.60
0.62
0.63
0.65
0.66
0.68
0.69
0.70
0.71
0.72
0.73
0.73
0.74
0.74
0.75
0.75
0.75
0.75
0.75
0.75
0.74
0.74
0.74
0.73
0.73
0.72
0.71
0.71
0.70
0.69
0.68
0.68
0.67
0.66
0.65
0.65
0.64
0.63
0.63
0.63
0.63
0.62
0.61
0.61
0.61
418.60
411.20
403.50
395.80
387.00
376.70
365.90
353.40
339.90
324.70
307.70
290.60
272.20
253.00
235.00
219.10
199.30
180.10
161.10
144.10
129.70
118.10
109.60
104.60
104.50
107.80
112.60
116.80
119.90
122.60
124.80
126.70
128.00
128.70
128.90
128.30
126.60
124.10
121.20
117.80
114.20
109.30
103.30
97.42
92.98
91.49
91.74
93.36
93.39
93.41
93.65
94.63
95.84
96.76
98.11
102.10
108.90
117.80
127.70
139.10
149.60
154.80
154.50
144.10
122.00
95.94
82.24
72.45
63.76
56.92
50.13
43.33
40.35
38.78
39.30
40.44
40.62
39.95
38.21
37.28
38.27
32.62
23.71
14.77
8.93
4.13
2.20
1.70
1.30
0.97
0.73
0.51
0.32
0.19
0.17
0.17
0.17
0.19
0.20
0.21
0.22
0.23
0.24
0.26
0.27
0.28
0.30
0.31
0.32
0.34
0.35
0.37
0.38
0.39
0.41
0.42
0.43
0.44
0.46
0.46
0.47
0.48
0.49
0.49
0.50
0.50
0.51
0.51
0.52
0.52
0.52
0.53
0.54
0.55
0.55
0.57
0.58
0.59
0.61
0.62
0.63
0.65
0.66
0.67
0.68
0.69
0.70
0.71
0.72
0.72
0.72
0.73
0.73
0.74
0.74
0.74
0.74
0.74
0.74
0.73
0.73
0.73
0.73
0.72
0.71
0.71
0.70
0.70
0.69
0.68
0.67
0.66
0.66
0.65
0.65
0.65
0.65
0.64
0.63
0.63
0.63
420.30
412.00
404.70
396.00
387.80
377.40
366.90
354.80
340.70
325.80
309.20
292.10
273.40
255.10
236.50
219.90
200.80
181.80
163.50
146.50
131.80
120.10
111.30
106.00
104.60
106.80
111.20
115.10
118.30
120.70
122.80
124.70
126.20
127.70
128.40
128.30
127.40
125.50
122.80
119.90
115.90
112.20
108.10
103.50
98.54
94.31
91.72
90.64
90.66
91.10
92.44
93.79
94.86
94.99
94.26
93.69
99.09
107.30
118.70
131.50
142.20
148.40
149.10
142.40
121.00
99.53
78.59
71.11
63.24
55.37
48.35
43.14
40.18
38.07
36.25
34.75
33.00
31.16
30.15
28.50
27.14
24.10
17.86
13.86
8.09
4.56
2.13
1.62
1.26
0.94
0.71
0.50
0.32
0.19
0.15
0.16
0.17
0.19
0.20
0.21
0.22
0.23
0.25
0.26
0.27
0.28
0.30
0.31
0.33
0.34
0.35
0.37
0.38
0.39
0.41
0.42
0.43
0.45
0.46
0.47
0.48
0.49
0.50
0.50
0.51
0.52
0.52
0.52
0.53
0.53
0.54
0.54
0.55
0.55
0.56
0.57
0.58
0.59
0.61
0.62
0.63
0.65
0.66
0.67
0.68
0.69
0.70
0.70
0.72
0.72
0.72
0.72
0.72
0.72
0.72
0.72
0.72
0.72
0.72
0.72
0.72
0.71
0.71
0.70
0.70
0.69
0.68
0.67
0.67
0.66
0.65
0.65
0.64
0.63
0.63
0.64
0.63
0.62
0.62
0.62
0.62
419.00
411.30
402.60
395.50
386.70
376.80
365.30
353.20
339.20
323.70
307.20
289.90
271.70
253.40
235.30
217.80
199.00
180.10
162.60
146.10
132.10
120.70
112.10
106.70
105.40
107.70
111.30
115.10
117.90
119.90
122.10
123.70
125.50
127.10
128.00
128.40
127.80
127.10
125.10
122.20
118.30
114.10
109.60
105.70
100.90
96.92
94.03
92.16
90.85
89.57
88.72
88.56
88.79
89.15
88.13
85.15
89.96
96.71
108.00
120.50
131.10
138.90
141.90
139.30
125.00
98.53
84.28
74.78
65.97
58.07
51.49
44.92
41.34
38.01
35.31
32.68
29.94
27.98
26.06
23.88
21.44
18.89
15.06
11.34
6.99
3.62
1.94
1.50
1.15
0.88
0.66
0.46
0.28
0.16
0.14
0.14
0.14
0.16
0.17
0.18
0.19
0.20
0.22
0.23
0.24
0.25
0.27
0.28
0.29
0.31
0.32
0.33
0.35
0.36
0.37
0.39
0.40
0.41
0.42
0.43
0.45
0.46
0.46
0.47
0.48
0.49
0.49
0.49
0.50
0.51
0.51
0.51
0.52
0.52
0.53
0.54
0.55
0.56
0.57
0.58
0.59
0.61
0.62
0.63
0.64
0.65
0.66
0.67
0.68
0.69
0.70
0.70
0.70
0.70
0.71
0.71
0.71
0.71
0.71
0.71
0.71
0.71
0.71
0.71
0.71
0.70
0.70
0.69
0.68
0.68
0.67
0.66
0.66
0.65
0.65
0.65
0.65
0.64
0.64
0.64
0.63
419.70
412.30
404.30
396.60
387.70
378.10
367.10
355.70
341.80
326.40
310.40
293.00
274.90
256.80
239.00
221.40
203.20
184.50
166.80
151.00
136.60
124.20
115.00
109.00
106.60
107.60
110.60
114.20
116.60
118.90
121.00
122.80
124.70
126.30
127.40
128.20
128.40
128.20
126.90
125.30
122.50
118.80
114.80
111.50
106.90
101.10
96.13
91.95
89.12
87.10
85.60
84.04
82.88
81.57
79.45
75.88
78.93
86.97
98.74
112.20
124.20
132.50
137.40
138.40
123.90
109.30
94.83
84.44
74.53
66.37
58.03
51.06
46.78
43.32
40.29
36.48
33.12
29.35
26.99
24.92
21.36
19.28
15.46
10.80
7.21
4.05
2.05
1.53
1.17
0.88
0.66
0.46
0.29
0.16
0.13
0.14
0.15
0.16
0.17
0.18
0.19
0.21
0.22
0.23
0.24
0.25
0.26
0.28
0.29
0.30
0.32
0.33
0.34
0.35
0.37
0.38
0.39
0.41
0.42
0.43
0.44
0.45
0.46
0.47
0.48
0.49
0.49
0.50
0.50
0.51
0.51
0.52
0.52
0.53
0.53
0.54
0.55
0.56
0.57
0.58
0.59
0.61
0.61
0.62
0.63
0.65
0.65
0.66
0.68
0.68
0.68
0.68
0.68
0.69
0.69
0.69
0.69
0.69
0.69
0.69
0.70
0.69
0.69
0.68
0.68
0.68
0.67
0.66
0.66
0.65
0.65
0.64
0.64
0.64
0.64
0.63
0.63
0.63
0.63
0.63
0.63
419.10
411.50
403.40
395.30
387.20
377.20
366.90
354.90
341.30
325.90
310.10
293.10
275.30
257.10
239.20
221.90
203.30
185.70
168.70
153.00
139.20
126.40
116.90
110.30
107.20
108.00
111.10
114.00
116.00
118.00
120.30
122.20
124.10
125.70
126.80
127.60
128.20
128.40
128.20
127.20
125.10
121.70
118.00
114.10
109.60
103.40
97.51
92.44
87.92
84.42
81.24
79.57
78.29
76.33
73.57
69.62
70.23
78.76
92.21
107.50
120.90
130.70
136.80
138.50
136.00
121.40
99.17
88.96
80.91
73.66
65.42
58.16
52.60
47.07
42.71
39.54
36.20
33.03
28.30
25.85
21.49
18.71
15.09
11.54
7.18
3.90
1.97
1.49
1.12
0.86
0.64
0.43
0.25
0.13
0.12
0.12
0.12
0.13
0.14
0.15
0.16
0.18
0.18
0.19
0.21
0.23
0.23
0.24
0.25
0.27
0.28
0.29
0.30
0.32
0.33
0.34
0.36
0.37
0.38
0.39
0.40
0.41
0.42
0.43
0.44
0.45
0.45
0.46
0.47
0.47
0.48
0.48
0.49
0.49
0.50
0.51
0.52
0.52
0.53
0.54
0.55
0.56
0.57
0.58
0.59
0.60
0.61
0.62
0.63
0.64
0.65
0.65
0.66
0.67
0.67
0.68
0.68
0.67
0.67
0.67
0.67
0.67
0.67
0.67
0.67
0.67
0.67
0.67
0.67
0.66
0.66
0.65
0.65
0.65
0.65
0.65
0.64
0.64
0.64
0.64
0.64
419.50
412.10
405.50
397.50
389.00
379.90
369.30
358.00
344.60
329.70
314.00
297.80
280.40
262.50
244.60
227.50
209.80
191.80
174.90
159.60
145.50
132.10
121.50
113.60
108.50
107.80
110.10
112.90
114.90
116.80
119.10
121.40
122.70
124.20
125.50
126.30
127.30
128.00
128.20
127.60
126.60
124.40
121.40
117.50
113.00
106.90
100.10
94.44
89.58
85.18
81.61
78.98
76.27
73.83
70.18
65.95
62.99
68.05
83.00
98.57
111.60
122.00
129.10
133.70
134.20
121.50
108.80
96.25
88.19
80.00
70.93
63.16
55.88
50.50
46.50
42.65
39.16
34.76
31.58
28.01
22.94
18.58
15.24
12.17
7.78
4.61
2.16
1.55
1.18
0.88
0.65
0.45
0.27
0.14
0.11
0.12
0.13
0.14
0.15
0.16
0.17
0.18
0.19
0.20
0.21
0.22
0.23
0.24
0.25
0.27
0.28
0.29
0.30
0.32
0.33
0.34
0.35
0.36
0.37
0.39
0.40
0.41
0.42
0.43
0.43
0.44
0.45
0.46
0.47
0.47
0.48
0.48
0.49
0.49
0.50
0.50
0.51
0.52
0.53
0.54
0.54
0.56
0.57
0.57
0.59
0.60
0.60
0.61
0.62
0.63
0.64
0.65
0.65
0.66
0.67
0.67
0.67
0.67
0.67
0.67
0.66
0.66
0.66
0.66
0.66
0.65
0.65
0.65
0.65
0.64
0.64
0.64
0.64
0.64
0.64
0.64
0.64
0.64
0.64
0.64
0.64
418.90
412.30
405.00
397.00
389.10
380.00
370.30
358.20
344.80
330.70
315.20
299.20
281.90
264.50
246.90
230.20
212.80
194.90
178.80
163.80
149.80
136.50
124.90
116.30
110.40
108.30
110.60
113.10
115.40
117.40
118.90
120.60
122.30
123.60
124.90
125.80
126.70
127.70
128.10
127.50
126.60
124.90
122.20
119.00
114.30
108.00
101.20
95.46
90.17
85.75
81.80
78.22
74.76
70.95
67.04
62.56
59.30
63.63
79.16
93.68
105.80
115.20
121.60
125.60
126.80
123.10
109.60
93.57
84.36
77.42
70.98
63.56
55.99
50.36
44.77
40.61
37.13
33.65
30.51
28.01
22.76
17.51
13.64
11.32
7.65
4.69
2.16
1.50
1.13
0.86
0.64
0.42
0.24
0.12
0.10
0.10
0.11
0.11
0.12
0.13
0.14
0.15
0.16
0.17
0.18
0.19
0.20
0.21
0.22
0.24
0.25
0.26
0.27
0.28
0.29
0.31
0.32
0.33
0.34
0.35
0.36
0.37
0.38
0.39
0.40
0.41
0.42
0.42
0.43
0.43
0.44
0.45
0.45
0.46
0.46
0.47
0.48
0.48
0.49
0.50
0.51
0.52
0.53
0.54
0.55
0.56
0.56
0.58
0.59
0.60
0.60
0.61
0.61
0.62
0.63
0.63
0.64
0.64
0.64
0.64
0.64
0.64
0.64
0.64
0.64
0.64
0.64
0.64
0.64
0.64
0.64
0.63
0.63
0.63
0.63
0.64
0.63
0.63
0.63
0.64
0.64
