SALVI
1
0
24
15.00
181
1.00
250114 AVENUE 5050 350mA 3000K F1M6 PMMA SC
250114 AVENUE 5050 F1M6 PMMA SC

250114 AVENUE 5050 350mA 3000K F1M6 PMMA SC.ldt
10-4-2025/TB
545
475
737
380
0
0
0
0
0
98.0
100.0
1.000
0.0
1
1
16 LED
5077.3
3000
70
40.0
0.161
0.242
0.330
0.408
0.467
0.564
0.621
0.674
0.739
0.781
0.0
15.0
30.0
45.0
60.0
75.0
90.0
105.0
120.0
135.0
150.0
165.0
180.0
195.0
210.0
225.0
240.0
255.0
270.0
285.0
300.0
315.0
330.0
345.0
0.0
1.0
2.0
3.0
4.0
5.0
6.0
7.0
8.0
9.0
10.0
11.0
12.0
13.0
14.0
15.0
16.0
17.0
18.0
19.0
20.0
21.0
22.0
23.0
24.0
25.0
26.0
27.0
28.0
29.0
30.0
31.0
32.0
33.0
34.0
35.0
36.0
37.0
38.0
39.0
40.0
41.0
42.0
43.0
44.0
45.0
46.0
47.0
48.0
49.0
50.0
51.0
52.0
53.0
54.0
55.0
56.0
57.0
58.0
59.0
60.0
61.0
62.0
63.0
64.0
65.0
66.0
67.0
68.0
69.0
70.0
71.0
72.0
73.0
74.0
75.0
76.0
77.0
78.0
79.0
80.0
81.0
82.0
83.0
84.0
85.0
86.0
87.0
88.0
89.0
90.0
91.0
92.0
93.0
94.0
95.0
96.0
97.0
98.0
99.0
100.0
101.0
102.0
103.0
104.0
105.0
106.0
107.0
108.0
109.0
110.0
111.0
112.0
113.0
114.0
115.0
116.0
117.0
118.0
119.0
120.0
121.0
122.0
123.0
124.0
125.0
126.0
127.0
128.0
129.0
130.0
131.0
132.0
133.0
134.0
135.0
136.0
137.0
138.0
139.0
140.0
141.0
142.0
143.0
144.0
145.0
146.0
147.0
148.0
149.0
150.0
151.0
152.0
153.0
154.0
155.0
156.0
157.0
158.0
159.0
160.0
161.0
162.0
163.0
164.0
165.0
166.0
167.0
168.0
169.0
170.0
171.0
172.0
173.0
174.0
175.0
176.0
177.0
178.0
179.0
180.0
82.55
89.09
89.99
83.66
78.94
80.18
66.18
60.35
60.58
67.60
52.06
52.72
58.86
67.57
72.70
87.67
87.29
80.98
82.96
85.89
85.32
84.68
76.07
75.88
82.23
84.33
79.35
84.92
83.18
95.31
100.1
109.2
117.4
120.1
125.2
131.6
136.9
152.4
157.4
169.9
181.9
197.4
212.2
232.3
250.8
261.3
276.4
288.3
308.8
325.1
339.0
357.9
378.0
400.0
412.8
435.8
462.1
487.1
511.1
539.2
563.2
585.8
605.5
620.7
625.7
624.2
606.2
588.5
562.6
533.2
477.5
415.7
329.0
254.1
200.0
162.0
133.6
115.4
97.83
80.94
72.45
66.85
61.71
58.53
56.24
55.04
54.40
53.87
53.37
52.23
51.88
50.70
49.07
46.76
42.42
33.82
24.18
17.20
11.14
7.064
4.193
3.859
3.981
3.915
4.160
4.125
4.153
4.010
3.578
3.145
2.688
2.149
1.824
2.110
1.953
1.747
1.732
1.878
1.806
1.924
2.108
2.277
2.336
2.537
2.450
2.377
2.110
2.080
2.038
1.979
1.882
1.629
1.562
1.743
1.599
1.335
1.221
1.137
1.004
0.8158
0.6815
0.6409
0.6238
0.6130
0.6101
0.6091
0.6468
0.6450
0.6537
0.7693
1.000
1.234
1.286
1.240
1.158
1.138
1.200
0.7117
0.4337
0.3573
0.3118
0.3031
0.2973
0.2925
0.2886
0.2838
0.2799
0.2751
0.2730
0.2673
0.2663
0.2644
0.2634
0.2644
0.2624
0.2615
0.2605
0.2595
0.2595
0.2595
0.2586
83.82
89.63
92.31
87.19
87.57
92.09
83.66
64.38
68.77
75.23
83.69
92.23
85.33
84.97
93.22
92.56
92.99
99.97
99.66
107.9
107.1
108.1
112.3
109.5
123.0
119.4
117.1
118.5
127.7
132.4
143.4
158.2
171.6
181.3
197.6
213.3
229.0
247.7
273.2
300.4
335.6
366.6
406.6
434.5
471.3
506.5
533.2
568.0
591.2
617.6
629.3
642.5
660.5
670.2
682.4
684.9
697.3
704.4
705.0
708.6
711.5
729.3
742.3
772.3
799.8
832.5
863.0
869.4
854.0
800.2
722.0
641.2
562.6
481.7
405.5
343.3
289.7
245.6
204.7
168.9
140.1
114.7
97.83
78.83
67.22
56.09
51.43
49.09
48.14
49.82
51.89
53.06
53.10
49.57
44.42
34.39
26.01
19.69
14.29
8.618
5.434
4.515
4.387
4.090
3.725
3.253
3.117
2.902
2.661
2.201
1.882
1.539
1.827
1.765
2.007
2.378
2.071
2.147
2.296
2.447
2.266
2.414
2.355
2.269
2.157
2.229
2.157
2.045
1.886
1.942
1.850
1.497
1.483
1.305
1.287
1.165
0.9658
0.8408
0.7105
0.6523
0.5997
0.5432
0.5336
0.5356
0.5386
0.5549
0.5598
0.5695
0.6463
0.6947
1.015
1.106
1.136
1.225
0.9408
0.7945
0.5920
0.4134
0.2825
0.2421
0.2411
0.2411
0.2411
0.2412
0.2431
0.2450
0.2460
0.2470
0.2479
0.2499
0.2519
0.2576
0.2615
0.2673
0.2732
0.2809
0.2867
0.2915
0.2973
0.2973
0.2973
84.63
94.79
90.84
82.09
88.08
90.67
72.78
74.49
76.67
71.23
73.53
72.97
75.44
84.68
96.60
104.9
99.92
108.6
117.3
111.6
120.4
125.6
130.9
137.3
151.4
160.7
187.1
216.7
219.5
244.5
283.8
344.3
401.4
442.6
491.1
535.1
561.9
597.5
635.2
656.5
665.2
667.7
664.6
653.2
646.1
638.8
624.8
606.5
608.5
599.4
591.7
593.4
609.4
626.2
637.7
648.3
655.6
652.0
622.1
583.8
529.9
477.9
426.7
368.6
307.7
258.8
220.5
188.0
163.0
144.5
131.9
121.3
112.1
105.7
97.07
91.97
87.73
83.47
77.76
71.51
65.82
59.35
52.87
44.84
36.56
27.98
21.75
17.32
15.35
13.74
12.23
11.51
10.89
10.68
9.373
8.222
6.720
5.750
4.527
3.861
3.261
3.006
2.859
3.024
2.632
2.375
1.834
1.607
1.292
1.256
1.183
1.142
1.118
1.104
1.109
1.078
1.044
0.9595
0.9222
0.9603
1.077
1.241
1.325
1.472
1.625
1.503
1.664
1.829
2.215
1.975
1.827
1.942
1.800
1.743
1.591
1.370
1.353
1.125
0.9469
0.7895
0.6731
0.5134
0.4910
0.4958
0.4843
0.4997
0.5404
0.6161
0.8392
1.027
1.265
2.207
1.220
0.6604
0.5763
0.4168
0.2355
0.1899
0.1841
0.1840
0.1840
0.1840
0.1840
0.1840
0.1840
0.1869
0.1898
0.1927
0.1965
0.1995
0.2053
0.2149
0.2217
0.2323
0.2421
0.2479
0.2604
0.2711
0.2808
0.2876
0.2934
85.45
91.96
98.28
87.69
92.50
94.62
89.74
80.97
69.49
81.00
92.67
87.70
85.23
91.97
88.45
102.0
118.6
122.3
143.7
152.2
155.8
183.8
206.2
227.9
275.4
300.5
336.8
362.8
388.3
426.2
465.6
502.5
535.9
532.9
539.2
526.7
515.1
506.6
481.0
469.0
465.5
465.0
468.0
472.5
477.3
472.0
469.1
462.1
445.3
421.0
397.1
363.7
328.4
297.1
268.1
234.7
198.4
168.1
153.1
139.4
127.8
119.4
111.0
104.4
96.28
89.41
84.41
79.97
74.91
70.37
66.21
61.99
58.38
54.85
51.23
46.30
41.70
37.42
32.86
29.12
25.53
22.37
19.53
16.65
14.08
11.66
9.385
8.206
8.012
7.731
7.163
6.773
6.894
6.961
6.756
6.090
5.461
4.700
4.186
3.368
2.944
2.543
2.348
2.217
2.063
1.944
1.841
1.697
1.503
1.331
1.183
1.086
1.020
1.008
0.9989
0.9520
0.9548
0.9489
0.9280
0.8608
0.8416
0.8434
0.8357
0.8301
0.8454
0.8454
0.8327
0.8046
0.7751
0.7165
0.6903
0.6807
0.6660
0.6418
0.6148
0.5931
0.5529
0.5217
0.4948
0.4842
0.4813
0.4813
0.4803
0.4563
0.4682
0.5021
0.5474
0.6699
0.9308
1.973
2.209
2.662
2.717
1.885
1.375
0.9464
0.6009
0.3556
0.1817
0.1501
0.1511
0.1569
0.1598
0.1647
0.1705
0.1773
0.1811
0.1860
0.1937
0.2015
0.2103
0.2218
0.2325
0.2441
0.2557
0.2655
0.2809
0.2925
0.3060
0.3099
0.3128
84.97
96.78
104.4
106.7
97.81
92.90
86.63
76.07
79.22
80.12
66.39
58.66
75.10
91.20
115.0
138.9
152.9
160.5
183.4
204.0
244.3
267.5
266.6
281.1
318.3
348.5
385.5
372.2
401.7
425.7
445.9
485.5
482.4
484.5
489.0
486.4
483.9
492.8
499.8
495.3
488.5
478.4
438.7
405.8
373.0
344.9
326.5
300.2
263.0
235.6
219.0
206.3
195.3
184.0
172.8
165.1
155.7
149.3
142.1
133.7
128.1
122.8
116.1
110.9
105.9
100.2
94.93
90.98
85.94
81.02
76.36
71.98
64.36
57.25
50.14
44.31
39.97
36.21
32.28
29.28
25.15
21.65
18.47
15.92
13.46
11.38
10.27
9.533
9.831
9.654
8.513
8.442
8.568
8.615
8.346
7.538
6.681
5.752
4.491
3.724
3.236
2.948
2.896
2.820
2.774
2.684
2.511
2.199
1.859
1.614
1.377
1.209
1.116
1.119
1.120
1.098
1.070
1.058
1.037
1.053
1.060
1.062
1.096
1.117
1.117
1.076
1.041
0.9909
0.9389
0.9240
0.8544
0.8122
0.7778
0.7546
0.7225
0.6737
0.6490
0.6134
0.5803
0.5339
0.5077
0.5027
0.5055
0.5016
0.4804
0.4957
0.5400
0.6780
1.277
2.648
4.207
4.323
4.800
4.640
4.006
3.311
1.436
0.4728
0.2564
0.1475
0.1337
0.1336
0.1336
0.1346
0.1356
0.1413
0.1530
0.1597
0.1655
0.1723
0.1858
0.1984
0.2100
0.2265
0.2429
0.2547
0.2701
0.2818
0.3011
0.3108
0.3235
85.18
96.19
109.4
100.1
98.30
102.9
89.60
72.45
72.58
85.98
93.41
89.74
103.8
109.9
119.5
132.7
168.7
198.0
240.7
279.5
305.3
347.7
377.4
407.8
448.2
445.6
429.0
428.9
405.3
407.4
404.1
404.9
409.6
415.1
419.7
422.1
430.5
426.2
403.1
377.0
346.0
316.5
298.1
274.8
246.3
225.2
209.3
197.6
187.6
178.6
169.1
163.6
157.0
150.5
147.2
142.6
138.6
133.4
129.9
127.8
125.4
121.8
118.8
114.2
109.5
103.7
98.47
93.53
88.06
83.83
79.72
74.53
68.62
61.65
56.43
50.59
44.36
38.71
32.86
28.50
25.10
20.96
16.77
13.48
10.86
9.001
7.227
6.509
6.168
5.824
4.560
4.215
4.115
4.255
4.060
3.743
3.438
3.226
2.567
2.041
1.747
1.640
1.594
1.568
1.522
1.446
1.373
1.332
1.249
1.070
1.009
0.9259
0.8325
0.7931
0.7669
0.7544
0.7320
0.7174
0.6942
0.6691
0.6575
0.6537
0.6468
0.6411
0.6401
0.6391
0.6342
0.6265
0.6217
0.6198
0.6198
0.6139
0.6041
0.5888
0.5790
0.5664
0.5558
0.5374
0.5259
0.5268
0.5229
0.5201
0.5296
0.5210
0.5337
0.5504
0.6372
0.9908
1.502
1.964
2.751
3.066
3.764
3.416
2.313
1.391
0.7129
0.3833
0.1588
0.1375
0.1404
0.1453
0.1472
0.1559
0.1599
0.1667
0.1734
0.1802
0.1880
0.1996
0.2074
0.2190
0.2306
0.2432
0.2567
0.2693
0.2858
0.3023
0.3206
0.3361
0.3409
85.36
99.67
111.6
93.52
87.98
92.77
69.62
78.54
78.63
70.17
80.66
88.10
88.05
100.9
135.7
170.7
179.4
237.1
266.9
296.2
358.9
387.7
382.6
426.4
463.3
481.0
493.1
484.0
456.0
429.5
409.8
422.7
460.2
470.7
495.4
501.8
479.5
449.5
414.4
376.0
348.7
320.5
290.3
258.4
235.7
218.5
206.5
199.8
188.6
177.4
170.8
163.9
160.8
153.1
147.9
142.4
137.8
135.5
130.9
125.4
123.7
120.2
113.0
108.0
103.3
97.85
92.02
89.41
84.34
80.14
74.50
69.33
63.48
58.23
52.97
46.07
40.99
35.08
30.31
26.36
23.24
20.01
15.98
12.61
10.02
8.553
6.295
6.039
5.768
5.196
4.365
4.404
4.625
4.869
4.894
4.200
3.615
2.819
2.260
1.834
1.404
1.371
1.448
1.407
1.397
1.202
1.162
1.053
1.009
0.9666
0.9223
0.8530
0.8155
0.7869
0.7825
0.7748
0.7225
0.6786
0.6470
0.6140
0.5852
0.5811
0.5811
0.6004
0.6564
0.6816
0.7184
0.7263
0.7495
0.8182
0.7904
0.8304
0.8425
0.7905
0.7325
0.7207
0.7072
0.7491
0.6800
0.6281
0.5144
0.4631
0.4553
0.4532
0.4532
0.4551
0.4972
0.9781
2.431
4.512
4.020
2.855
1.319
1.233
1.207
0.4160
0.1680
0.1435
0.1414
0.1414
0.1414
0.1414
0.1452
0.1453
0.1511
0.1607
0.1646
0.1723
0.1801
0.1917
0.2013
0.2091
0.2226
0.2342
0.2439
0.2575
0.2711
0.2866
0.3002
0.3157
0.3331
85.18
96.19
109.4
100.1
98.30
102.9
89.60
72.45
72.58
85.98
93.41
89.74
103.8
109.9
119.5
132.7
168.7
198.0
240.7
279.5
305.3
347.7
377.4
407.8
448.2
445.6
429.0
428.9
405.3
407.4
404.1
404.9
409.6
415.1
419.7
422.1
430.5
426.2
403.1
377.0
346.0
316.5
298.1
274.8
246.3
225.2
209.3
197.6
187.6
178.6
169.1
163.6
157.0
150.5
147.2
142.6
138.6
133.4
129.9
127.8
125.4
121.8
118.8
114.2
109.5
103.7
98.47
93.53
88.06
83.83
79.72
74.53
68.62
61.65
56.43
50.59
44.36
38.71
32.86
28.50
25.10
20.96
16.77
13.48
10.86
9.001
7.227
6.509
6.168
5.824
4.560
4.215
4.115
4.255
4.060
3.743
3.438
3.226
2.567
2.041
1.747
1.640
1.594
1.568
1.522
1.446
1.373
1.332
1.249
1.070
1.009
0.9259
0.8325
0.7931
0.7669
0.7544
0.7320
0.7174
0.6942
0.6691
0.6575
0.6537
0.6468
0.6411
0.6401
0.6391
0.6342
0.6265
0.6217
0.6198
0.6198
0.6139
0.6041
0.5888
0.5790
0.5664
0.5558
0.5374
0.5259
0.5268
0.5229
0.5201
0.5296
0.5210
0.5337
0.5504
0.6372
0.9908
1.502
1.964
2.751
3.066
3.764
3.416
2.313
1.391
0.7129
0.3833
0.1588
0.1375
0.1404
0.1453
0.1472
0.1559
0.1599
0.1667
0.1734
0.1802
0.1880
0.1996
0.2074
0.2190
0.2306
0.2432
0.2567
0.2693
0.2858
0.3023
0.3206
0.3361
0.3409
84.97
96.78
104.4
106.7
97.81
92.90
86.63
76.07
79.22
80.12
66.39
58.66
75.10
91.20
115.0
138.9
152.9
160.5
183.4
204.0
244.3
267.5
266.6
281.1
318.3
348.5
385.5
372.2
401.7
425.7
445.9
485.5
482.4
484.5
489.0
486.4
483.9
492.8
499.8
495.3
488.5
478.4
438.7
405.8
373.0
344.9
326.5
300.2
263.0
235.6
219.0
206.3
195.3
184.0
172.8
165.1
155.7
149.3
142.1
133.7
128.1
122.8
116.1
110.9
105.9
100.2
94.93
90.98
85.94
81.02
76.36
71.98
64.36
57.25
50.14
44.31
39.97
36.21
32.28
29.28
25.15
21.65
18.47
15.92
13.46
11.38
10.27
9.533
9.831
9.654
8.513
8.442
8.568
8.615
8.346
7.538
6.681
5.752
4.491
3.724
3.236
2.948
2.896
2.820
2.774
2.684
2.511
2.199
1.859
1.614
1.377
1.209
1.116
1.119
1.120
1.098
1.070
1.058
1.037
1.053
1.060
1.062
1.096
1.117
1.117
1.076
1.041
0.9909
0.9389
0.9240
0.8544
0.8122
0.7778
0.7546
0.7225
0.6737
0.6490
0.6134
0.5803
0.5339
0.5077
0.5027
0.5055
0.5016
0.4804
0.4957
0.5400
0.6780
1.277
2.648
4.207
4.323
4.800
4.640
4.006
3.311
1.436
0.4728
0.2564
0.1475
0.1337
0.1336
0.1336
0.1346
0.1356
0.1413
0.1530
0.1597
0.1655
0.1723
0.1858
0.1984
0.2100
0.2265
0.2429
0.2547
0.2701
0.2818
0.3011
0.3108
0.3235
85.45
91.96
98.28
87.69
92.50
94.62
89.74
80.97
69.49
81.00
92.67
87.70
85.23
91.97
88.45
102.0
118.6
122.3
143.7
152.2
155.8
183.8
206.2
227.9
275.4
300.5
336.8
362.8
388.3
426.2
465.6
502.5
535.9
532.9
539.2
526.7
515.1
506.6
481.0
469.0
465.5
465.0
468.0
472.5
477.3
472.0
469.1
462.1
445.3
421.0
397.1
363.7
328.4
297.1
268.1
234.7
198.4
168.1
153.1
139.4
127.8
119.4
111.0
104.4
96.28
89.41
84.41
79.97
74.91
70.37
66.21
61.99
58.38
54.85
51.23
46.30
41.70
37.42
32.86
29.12
25.53
22.37
19.53
16.65
14.08
11.66
9.385
8.206
8.012
7.731
7.163
6.773
6.894
6.961
6.756
6.090
5.461
4.700
4.186
3.368
2.944
2.543
2.348
2.217
2.063
1.944
1.841
1.697
1.503
1.331
1.183
1.086
1.020
1.008
0.9989
0.9520
0.9548
0.9489
0.9280
0.8608
0.8416
0.8434
0.8357
0.8301
0.8454
0.8454
0.8327
0.8046
0.7751
0.7165
0.6903
0.6807
0.6660
0.6418
0.6148
0.5931
0.5529
0.5217
0.4948
0.4842
0.4813
0.4813
0.4803
0.4563
0.4682
0.5021
0.5474
0.6699
0.9308
1.973
2.209
2.662
2.717
1.885
1.375
0.9464
0.6009
0.3556
0.1817
0.1501
0.1511
0.1569
0.1598
0.1647
0.1705
0.1773
0.1811
0.1860
0.1937
0.2015
0.2103
0.2218
0.2325
0.2441
0.2557
0.2655
0.2809
0.2925
0.3060
0.3099
0.3128
84.63
94.79
90.84
82.09
88.08
90.67
72.78
74.49
76.67
71.23
73.53
72.97
75.44
84.68
96.60
104.9
99.92
108.6
117.3
111.6
120.4
125.6
130.9
137.3
151.4
160.7
187.1
216.7
219.5
244.5
283.8
344.3
401.4
442.6
491.1
535.1
561.9
597.5
635.2
656.5
665.2
667.7
664.6
653.2
646.1
638.8
624.8
606.5
608.5
599.4
591.7
593.4
609.4
626.2
637.7
648.3
655.6
652.0
622.1
583.8
529.9
477.9
426.7
368.6
307.7
258.8
220.5
188.0
163.0
144.5
131.9
121.3
112.1
105.7
97.07
91.97
87.73
83.47
77.76
71.51
65.82
59.35
52.87
44.84
36.56
27.98
21.75
17.32
15.35
13.74
12.23
11.51
10.89
10.68
9.373
8.222
6.720
5.750
4.527
3.861
3.261
3.006
2.859
3.024
2.632
2.375
1.834
1.607
1.292
1.256
1.183
1.142
1.118
1.104
1.109
1.078
1.044
0.9595
0.9222
0.9603
1.077
1.241
1.325
1.472
1.625
1.503
1.664
1.829
2.215
1.975
1.827
1.942
1.800
1.743
1.591
1.370
1.353
1.125
0.9469
0.7895
0.6731
0.5134
0.4910
0.4958
0.4843
0.4997
0.5404
0.6161
0.8392
1.027
1.265
2.207
1.220
0.6604
0.5763
0.4168
0.2355
0.1899
0.1841
0.1840
0.1840
0.1840
0.1840
0.1840
0.1840
0.1869
0.1898
0.1927
0.1965
0.1995
0.2053
0.2149
0.2217
0.2323
0.2421
0.2479
0.2604
0.2711
0.2808
0.2876
0.2934
83.82
89.63
92.31
87.19
87.57
92.09
83.66
64.38
68.77
75.23
83.69
92.23
85.33
84.97
93.22
92.56
92.99
99.97
99.66
107.9
107.1
108.1
112.3
109.5
123.0
119.4
117.1
118.5
127.7
132.4
143.4
158.2
171.6
181.3
197.6
213.3
229.0
247.7
273.2
300.4
335.6
366.6
406.6
434.5
471.3
506.5
533.2
568.0
591.2
617.6
629.3
642.5
660.5
670.2
682.4
684.9
697.3
704.4
705.0
708.6
711.5
729.3
742.3
772.3
799.8
832.5
863.0
869.4
854.0
800.2
722.0
641.2
562.6
481.7
405.5
343.3
289.7
245.6
204.7
168.9
140.1
114.7
97.83
78.83
67.22
56.09
51.43
49.09
48.14
49.82
51.89
53.06
53.10
49.57
44.42
34.39
26.01
19.69
14.29
8.618
5.434
4.515
4.387
4.090
3.725
3.253
3.117
2.902
2.661
2.201
1.882
1.539
1.827
1.765
2.007
2.378
2.071
2.147
2.296
2.447
2.266
2.414
2.355
2.269
2.157
2.229
2.157
2.045
1.886
1.942
1.850
1.497
1.483
1.305
1.287
1.165
0.9658
0.8408
0.7105
0.6523
0.5997
0.5432
0.5336
0.5356
0.5386
0.5549
0.5598
0.5695
0.6463
0.6947
1.015
1.106
1.136
1.225
0.9408
0.7945
0.5920
0.4134
0.2825
0.2421
0.2411
0.2411
0.2411
0.2412
0.2431
0.2450
0.2460
0.2470
0.2479
0.2499
0.2519
0.2576
0.2615
0.2673
0.2732
0.2809
0.2867
0.2915
0.2973
0.2973
0.2973
82.55
89.09
89.99
83.66
78.94
80.18
66.18
60.35
60.58
67.60
52.06
52.72
58.86
67.57
72.70
87.67
87.29
80.98
82.96
85.89
85.32
84.68
76.07
75.88
82.23
84.33
79.35
84.92
83.18
95.31
100.1
109.2
117.4
120.1
125.2
131.6
136.9
152.4
157.4
169.9
181.9
197.4
212.2
232.3
250.8
261.3
276.4
288.3
308.8
325.1
339.0
357.9
378.0
400.0
412.8
435.8
462.1
487.1
511.1
539.2
563.2
585.8
605.5
620.7
625.7
624.2
606.2
588.5
562.6
533.2
477.5
415.7
329.0
254.1
200.0
162.0
133.6
115.4
97.83
80.94
72.45
66.85
61.71
58.53
56.24
55.04
54.40
53.87
53.37
52.23
51.88
50.70
49.07
46.76
42.42
33.82
24.18
17.20
11.14
7.064
4.193
3.859
3.981
3.915
4.160
4.125
4.153
4.010
3.578
3.145
2.688
2.149
1.824
2.110
1.953
1.747
1.732
1.878
1.806
1.924
2.108
2.277
2.336
2.537
2.450
2.377
2.110
2.080
2.038
1.979
1.882
1.629
1.562
1.743
1.599
1.335
1.221
1.137
1.004
0.8158
0.6815
0.6409
0.6238
0.6130
0.6101
0.6091
0.6468
0.6450
0.6537
0.7693
1.000
1.234
1.286
1.240
1.158
1.138
1.200
0.7117
0.4337
0.3573
0.3118
0.3031
0.2973
0.2925
0.2886
0.2838
0.2799
0.2751
0.2730
0.2673
0.2663
0.2644
0.2634
0.2644
0.2624
0.2615
0.2605
0.2595
0.2595
0.2595
0.2586
83.82
83.46
78.22
70.41
70.67
64.80
53.49
50.18
49.26
48.39
47.54
47.83
45.20
44.08
45.80
47.22
48.63
47.93
49.53
48.43
43.33
45.92
44.02
41.93
42.18
39.10
38.22
36.08
35.36
34.38
34.60
34.10
34.68
34.27
34.28
34.19
33.45
33.05
32.97
32.75
32.89
33.31
33.97
34.71
36.07
38.14
41.06
43.49
44.89
46.08
48.39
49.88
51.34
52.29
52.40
51.93
50.94
49.52
47.61
44.86
42.07
39.09
36.47
34.76
33.40
32.75
32.35
32.16
32.41
32.55
32.87
33.20
33.72
34.20
34.81
35.04
35.07
34.72
34.48
34.06
32.96
29.48
25.70
21.09
16.37
12.73
9.156
7.082
6.030
5.608
5.278
5.021
4.927
4.681
4.521
4.129
3.765
3.299
2.851
2.440
2.226
2.056
1.987
1.903
1.800
1.697
1.569
1.454
1.328
1.223
1.154
1.074
1.033
0.9855
0.9706
0.9529
0.9462
0.9413
0.9356
0.9268
0.9201
0.9190
0.9200
0.9219
0.9172
0.9210
0.9259
0.9258
0.9229
0.9248
0.9469
0.9682
0.9713
0.9906
0.9965
0.9736
0.9550
0.9530
0.9110
0.8496
0.8050
0.7561
0.7296
0.7139
0.6897
0.6576
0.6412
0.6382
0.6372
0.6459
0.6917
0.7153
0.7443
0.7303
0.6965
0.6271
0.5477
0.4815
0.4305
0.3983
0.3856
0.3816
0.3729
0.3661
0.3584
0.3525
0.3458
0.3390
0.3341
0.3264
0.3225
0.3158
0.3109
0.3041
0.3022
0.3002
0.2983
0.2954
0.2954
0.3021
0.2992
84.63
82.47
70.73
63.34
57.31
52.95
39.43
40.62
35.31
34.55
30.43
28.27
28.36
29.67
29.74
29.24
27.38
25.97
24.90
24.33
24.00
24.22
24.24
24.36
24.78
25.51
25.78
26.11
26.12
26.54
27.10
27.93
28.81
29.20
29.27
29.31
29.39
29.68
30.04
30.47
31.26
32.45
33.53
35.70
38.39
41.76
45.57
48.11
49.80
51.96
53.22
55.58
57.37
60.93
63.50
64.51
65.57
62.55
59.40
56.12
53.50
47.88
44.41
42.75
41.46
41.01
41.89
43.04
44.37
46.59
48.86
50.96
53.51
55.71
57.71
59.12
59.87
60.80
61.23
61.82
61.74
62.17
54.66
48.40
38.84
23.79
16.54
11.31
8.983
8.421
7.851
7.723
7.797
7.425
6.642
5.721
4.767
3.965
3.267
2.701
2.267
2.008
1.950
1.918
1.711
1.523
1.414
1.251
1.105
1.050
1.021
1.005
0.9917
0.9917
0.9926
0.9975
0.9955
0.9934
0.9636
0.9592
1.028
1.188
1.276
1.366
1.641
1.973
2.110
2.051
2.039
2.341
2.430
2.509
2.523
2.128
1.769
1.602
1.601
1.491
1.320
1.149
0.8979
0.7480
0.6766
0.6457
0.6313
0.6187
0.6120
0.6101
0.6121
0.6198
0.6324
0.6353
0.6157
0.5711
0.5315
0.4986
0.4521
0.4201
0.4087
0.4047
0.3970
0.3940
0.3844
0.3785
0.3699
0.3640
0.3563
0.3486
0.3399
0.3341
0.3282
0.3234
0.3186
0.3186
0.3118
0.3089
0.3031
0.3031
0.3041
0.3051
0.3051
85.45
82.29
69.52
63.85
54.88
44.99
37.19
29.44
30.59
29.08
27.94
26.01
23.88
22.37
22.43
22.31
22.86
23.57
24.36
24.65
24.30
24.39
24.42
24.89
25.39
26.07
26.52
26.62
27.30
27.86
28.92
29.96
31.24
31.85
32.82
34.63
36.29
36.09
37.15
40.86
46.03
49.30
51.49
54.90
58.10
65.84
72.97
76.79
79.15
78.57
83.50
83.95
84.17
83.40
82.69
82.68
81.34
80.10
76.80
72.87
68.30
64.17
65.17
64.10
63.67
63.04
63.34
64.25
63.83
63.76
64.83
66.42
67.14
68.39
68.95
68.40
68.36
69.64
71.93
71.10
72.62
70.18
68.80
55.84
43.93
35.57
22.21
14.34
11.49
10.86
10.18
9.638
9.597
8.687
7.905
7.332
6.037
4.901
3.896
3.005
2.545
2.388
2.292
2.169
2.058
1.879
1.772
1.648
1.474
1.349
1.287
1.369
1.524
1.772
1.886
2.280
2.584
2.954
3.019
2.926
2.684
2.835
3.172
3.345
3.858
3.990
4.059
4.011
4.184
4.452
4.080
3.658
3.290
2.824
2.499
2.236
1.947
1.475
1.224
0.9373
0.8145
0.7310
0.7042
0.6560
0.6260
0.6082
0.5976
0.5918
0.5927
0.6013
0.6128
0.6159
0.6169
0.6053
0.5689
0.5319
0.5019
0.4699
0.4467
0.4331
0.4281
0.4252
0.4232
0.4184
0.4116
0.4068
0.3981
0.3913
0.3807
0.3739
0.3651
0.3574
0.3506
0.3429
0.3380
0.3332
0.3303
0.3254
0.3215
0.3186
0.3147
84.97
79.90
70.24
57.08
50.57
40.76
32.19
27.68
27.21
23.63
19.24
18.40
19.08
19.64
21.52
23.37
23.08
22.78
22.90
23.93
25.37
25.22
24.32
24.84
25.61
26.83
27.76
28.43
30.74
33.00
36.42
39.35
40.57
42.79
44.98
47.18
49.23
51.65
54.54
56.42
59.65
64.68
70.46
73.43
75.83
80.61
89.24
95.68
99.30
101.5
100.6
97.98
94.08
91.51
90.62
91.24
89.26
84.78
85.23
90.84
89.57
87.59
86.99
89.23
89.00
89.43
89.88
91.39
93.63
91.59
91.31
91.20
90.02
88.12
86.29
85.68
85.27
85.13
84.99
84.55
83.60
83.47
78.52
71.69
59.13
44.77
28.92
15.30
12.27
11.31
10.62
10.16
9.944
9.655
8.832
7.400
6.343
5.123
3.898
3.068
3.102
3.137
3.273
3.353
3.255
3.230
3.100
2.782
2.395
2.115
2.341
2.659
3.262
4.165
4.141
3.992
4.180
4.492
4.528
4.774
5.434
6.318
7.698
9.076
8.562
8.154
7.792
7.041
6.383
6.512
4.828
4.164
3.754
3.499
3.027
2.413
2.031
1.743
1.372
0.9861
0.7632
0.6756
0.6439
0.6244
0.5785
0.5394
0.5385
0.5395
0.5455
0.5679
0.6054
0.6285
0.6236
0.6168
0.6110
0.5982
0.5649
0.4732
0.4241
0.4029
0.4009
0.4000
0.4000
0.3999
0.3970
0.3941
0.3893
0.3854
0.3825
0.3757
0.3699
0.3622
0.3593
0.3563
0.3506
0.3467
0.3418
0.3379
0.3351
0.3312
0.3312
85.18
79.87
61.31
53.58
51.49
40.41
30.92
24.81
21.46
20.80
19.92
20.12
20.44
20.94
21.56
23.41
24.41
25.33
26.61
27.12
28.39
29.70
29.70
31.21
33.29
33.40
34.92
35.89
38.01
40.50
42.05
45.16
47.36
48.89
50.51
54.00
55.95
56.66
58.54
60.00
62.45
63.85
66.12
66.05
66.80
68.03
68.53
67.16
67.84
66.93
70.01
71.18
70.85
70.57
71.05
75.37
75.59
78.75
80.88
79.17
76.89
80.16
86.58
85.24
87.76
89.57
95.32
98.90
100.5
100.5
101.0
103.3
105.8
104.2
102.1
100.4
98.86
97.72
95.32
94.51
90.05
85.55
80.90
72.06
62.60
50.54
35.04
24.58
21.01
19.77
17.58
16.32
15.32
14.76
13.46
12.40
11.16
9.150
7.894
6.230
5.593
5.284
5.175
5.051
4.744
4.080
3.751
3.739
3.318
2.459
1.888
1.888
2.356
2.271
2.459
2.600
2.590
3.210
4.044
3.602
3.502
4.045
3.505
3.919
3.567
3.316
2.725
2.665
2.506
2.163
2.165
2.016
1.651
1.664
1.489
1.351
1.242
1.141
1.087
1.003
0.8038
0.7508
0.6986
0.6417
0.5919
0.5628
0.5483
0.5405
0.5366
0.5413
0.5751
0.5848
0.5754
0.5733
0.5245
0.4932
0.4537
0.4139
0.3896
0.3826
0.3816
0.3816
0.3816
0.3845
0.3845
0.3854
0.3864
0.3864
0.3874
0.3874
0.3874
0.3874
0.3835
0.3796
0.3787
0.3758
0.3738
0.3690
0.3651
0.3583
0.3486
85.36
79.48
56.94
48.04
48.49
39.66
29.34
25.79
21.59
18.66
19.34
18.63
18.61
20.49
22.33
23.06
24.96
27.18
28.69
29.75
30.14
30.89
32.86
35.42
37.13
38.15
40.59
41.50
41.46
44.45
47.93
53.33
56.02
56.86
59.24
59.98
63.01
64.05
64.20
65.31
64.94
67.34
67.76
68.12
66.84
66.04
66.40
64.05
63.56
62.53
61.68
61.08
60.18
59.53
59.46
58.78
57.17
57.35
61.21
63.48
67.62
70.20
72.35
75.91
79.61
84.07
89.64
92.67
92.73
92.46
92.24
92.40
91.64
94.89
95.66
94.78
97.15
97.68
99.74
100.9
103.2
100.4
104.9
97.16
91.96
75.74
60.96
46.93
37.70
31.33
27.39
23.14
20.93
18.01
15.66
13.15
10.96
9.408
8.846
7.594
6.276
5.276
4.953
4.510
4.200
2.880
2.315
1.573
1.274
1.149
1.084
1.027
0.9740
0.9491
0.9510
0.9568
0.9604
0.9353
0.9175
0.8716
0.8677
0.8740
0.9113
1.113
1.315
1.097
1.180
1.443
1.446
1.319
1.379
1.421
1.270
1.158
1.090
1.090
1.082
1.039
0.9563
0.8760
0.7832
0.7024
0.6506
0.6116
0.5848
0.5635
0.5285
0.4978
0.4920
0.4924
0.5250
0.6547
0.6513
0.4490
0.4143
0.3849
0.3486
0.3487
0.3525
0.3564
0.3603
0.3661
0.3719
0.3719
0.3719
0.3719
0.3719
0.3719
0.3719
0.3719
0.3719
0.3719
0.3719
0.3719
0.3719
0.3680
0.3641
0.3524
0.3428
0.3389
0.3389
85.18
79.87
61.31
53.58
51.49
40.41
30.92
24.81
21.46
20.80
19.92
20.12
20.44
20.94
21.56
23.41
24.41
25.33
26.61
27.12
28.39
29.70
29.70
31.21
33.29
33.40
34.92
35.89
38.01
40.50
42.05
45.16
47.36
48.89
50.51
54.00
55.95
56.66
58.54
60.00
62.45
63.85
66.12
66.05
66.80
68.03
68.53
67.16
67.84
66.93
70.01
71.18
70.85
70.57
71.05
75.37
75.59
78.75
80.88
79.17
76.89
80.16
86.58
85.24
87.76
89.57
95.32
98.90
100.5
100.5
101.0
103.3
105.8
104.2
102.1
100.4
98.86
97.72
95.32
94.51
90.05
85.55
80.90
72.06
62.60
50.54
35.04
24.58
21.01
19.77
17.58
16.32
15.32
14.76
13.46
12.40
11.16
9.150
7.894
6.230
5.593
5.284
5.175
5.051
4.744
4.080
3.751
3.739
3.318
2.459
1.888
1.888
2.356
2.271
2.459
2.600
2.590
3.210
4.044
3.602
3.502
4.045
3.505
3.919
3.567
3.316
2.725
2.665
2.506
2.163
2.165
2.016
1.651
1.664
1.489
1.351
1.242
1.141
1.087
1.003
0.8038
0.7508
0.6986
0.6417
0.5919
0.5628
0.5483
0.5405
0.5366
0.5413
0.5751
0.5848
0.5754
0.5733
0.5245
0.4932
0.4537
0.4139
0.3896
0.3826
0.3816
0.3816
0.3816
0.3845
0.3845
0.3854
0.3864
0.3864
0.3874
0.3874
0.3874
0.3874
0.3835
0.3796
0.3787
0.3758
0.3738
0.3690
0.3651
0.3583
0.3486
84.97
79.90
70.24
57.08
50.57
40.76
32.19
27.68
27.21
23.63
19.24
18.40
19.08
19.64
21.52
23.37
23.08
22.78
22.90
23.93
25.37
25.22
24.32
24.84
25.61
26.83
27.76
28.43
30.74
33.00
36.42
39.35
40.57
42.79
44.98
47.18
49.23
51.65
54.54
56.42
59.65
64.68
70.46
73.43
75.83
80.61
89.24
95.68
99.30
101.5
100.6
97.98
94.08
91.51
90.62
91.24
89.26
84.78
85.23
90.84
89.57
87.59
86.99
89.23
89.00
89.43
89.88
91.39
93.63
91.59
91.31
91.20
90.02
88.12
86.29
85.68
85.27
85.13
84.99
84.55
83.60
83.47
78.52
71.69
59.13
44.77
28.92
15.30
12.27
11.31
10.62
10.16
9.944
9.655
8.832
7.400
6.343
5.123
3.898
3.068
3.102
3.137
3.273
3.353
3.255
3.230
3.100
2.782
2.395
2.115
2.341
2.659
3.262
4.165
4.141
3.992
4.180
4.492
4.528
4.774
5.434
6.318
7.698
9.076
8.562
8.154
7.792
7.041
6.383
6.512
4.828
4.164
3.754
3.499
3.027
2.413
2.031
1.743
1.372
0.9861
0.7632
0.6756
0.6439
0.6244
0.5785
0.5394
0.5385
0.5395
0.5455
0.5679
0.6054
0.6285
0.6236
0.6168
0.6110
0.5982
0.5649
0.4732
0.4241
0.4029
0.4009
0.4000
0.4000
0.3999
0.3970
0.3941
0.3893
0.3854
0.3825
0.3757
0.3699
0.3622
0.3593
0.3563
0.3506
0.3467
0.3418
0.3379
0.3351
0.3312
0.3312
85.45
82.29
69.52
63.85
54.88
44.99
37.19
29.44
30.59
29.08
27.94
26.01
23.88
22.37
22.43
22.31
22.86
23.57
24.36
24.65
24.30
24.39
24.42
24.89
25.39
26.07
26.52
26.62
27.30
27.86
28.92
29.96
31.24
31.85
32.82
34.63
36.29
36.09
37.15
40.86
46.03
49.30
51.49
54.90
58.10
65.84
72.97
76.79
79.15
78.57
83.50
83.95
84.17
83.40
82.69
82.68
81.34
80.10
76.80
72.87
68.30
64.17
65.17
64.10
63.67
63.04
63.34
64.25
63.83
63.76
64.83
66.42
67.14
68.39
68.95
68.40
68.36
69.64
71.93
71.10
72.62
70.18
68.80
55.84
43.93
35.57
22.21
14.34
11.49
10.86
10.18
9.638
9.597
8.687
7.905
7.332
6.037
4.901
3.896
3.005
2.545
2.388
2.292
2.169
2.058
1.879
1.772
1.648
1.474
1.349
1.287
1.369
1.524
1.772
1.886
2.280
2.584
2.954
3.019
2.926
2.684
2.835
3.172
3.345
3.858
3.990
4.059
4.011
4.184
4.452
4.080
3.658
3.290
2.824
2.499
2.236
1.947
1.475
1.224
0.9373
0.8145
0.7310
0.7042
0.6560
0.6260
0.6082
0.5976
0.5918
0.5927
0.6013
0.6128
0.6159
0.6169
0.6053
0.5689
0.5319
0.5019
0.4699
0.4467
0.4331
0.4281
0.4252
0.4232
0.4184
0.4116
0.4068
0.3981
0.3913
0.3807
0.3739
0.3651
0.3574
0.3506
0.3429
0.3380
0.3332
0.3303
0.3254
0.3215
0.3186
0.3147
84.63
82.47
70.73
63.34
57.31
52.95
39.43
40.62
35.31
34.55
30.43
28.27
28.36
29.67
29.74
29.24
27.38
25.97
24.90
24.33
24.00
24.22
24.24
24.36
24.78
25.51
25.78
26.11
26.12
26.54
27.10
27.93
28.81
29.20
29.27
29.31
29.39
29.68
30.04
30.47
31.26
32.45
33.53
35.70
38.39
41.76
45.57
48.11
49.80
51.96
53.22
55.58
57.37
60.93
63.50
64.51
65.57
62.55
59.40
56.12
53.50
47.88
44.41
42.75
41.46
41.01
41.89
43.04
44.37
46.59
48.86
50.96
53.51
55.71
57.71
59.12
59.87
60.80
61.23
61.82
61.74
62.17
54.66
48.40
38.84
23.79
16.54
11.31
8.983
8.421
7.851
7.723
7.797
7.425
6.642
5.721
4.767
3.965
3.267
2.701
2.267
2.008
1.950
1.918
1.711
1.523
1.414
1.251
1.105
1.050
1.021
1.005
0.9917
0.9917
0.9926
0.9975
0.9955
0.9934
0.9636
0.9592
1.028
1.188
1.276
1.366
1.641
1.973
2.110
2.051
2.039
2.341
2.430
2.509
2.523
2.128
1.769
1.602
1.601
1.491
1.320
1.149
0.8979
0.7480
0.6766
0.6457
0.6313
0.6187
0.6120
0.6101
0.6121
0.6198
0.6324
0.6353
0.6157
0.5711
0.5315
0.4986
0.4521
0.4201
0.4087
0.4047
0.3970
0.3940
0.3844
0.3785
0.3699
0.3640
0.3563
0.3486
0.3399
0.3341
0.3282
0.3234
0.3186
0.3186
0.3118
0.3089
0.3031
0.3031
0.3041
0.3051
0.3051
83.82
83.46
78.22
70.41
70.67
64.80
53.49
50.18
49.26
48.39
47.54
47.83
45.20
44.08
45.80
47.22
48.63
47.93
49.53
48.43
43.33
45.92
44.02
41.93
42.18
39.10
38.22
36.08
35.36
34.38
34.60
34.10
34.68
34.27
34.28
34.19
33.45
33.05
32.97
32.75
32.89
33.31
33.97
34.71
36.07
38.14
41.06
43.49
44.89
46.08
48.39
49.88
51.34
52.29
52.40
51.93
50.94
49.52
47.61
44.86
42.07
39.09
36.47
34.76
33.40
32.75
32.35
32.16
32.41
32.55
32.87
33.20
33.72
34.20
34.81
35.04
35.07
34.72
34.48
34.06
32.96
29.48
25.70
21.09
16.37
12.73
9.156
7.082
6.030
5.608
5.278
5.021
4.927
4.681
4.521
4.129
3.765
3.299
2.851
2.440
2.226
2.056
1.987
1.903
1.800
1.697
1.569
1.454
1.328
1.223
1.154
1.074
1.033
0.9855
0.9706
0.9529
0.9462
0.9413
0.9356
0.9268
0.9201
0.9190
0.9200
0.9219
0.9172
0.9210
0.9259
0.9258
0.9229
0.9248
0.9469
0.9682
0.9713
0.9906
0.9965
0.9736
0.9550
0.9530
0.9110
0.8496
0.8050
0.7561
0.7296
0.7139
0.6897
0.6576
0.6412
0.6382
0.6372
0.6459
0.6917
0.7153
0.7443
0.7303
0.6965
0.6271
0.5477
0.4815
0.4305
0.3983
0.3856
0.3816
0.3729
0.3661
0.3584
0.3525
0.3458
0.3390
0.3341
0.3264
0.3225
0.3158
0.3109
0.3041
0.3022
0.3002
0.2983
0.2954
0.2954
0.3021
0.2992
