SALVI
1
0
24
15.0
181
1.0
25010 WALK Y50 350mA 3000K F4MD PMMA L
25010-WALK-Y50-F4MD-PMMA-L
25010-WALK-Y50-F4MD-PMMA-L
25010-WALK-Y50-F4MD-PMMA-L.ldt
23-1-2025/TB
430
430
110
240
240
0
0
0
0
98.03
100.00
1.00
0.00
1
1
24LED Y50
5152.10
3000
70
49.80
0.20
0.30
0.39
0.47
0.53
0.62
0.67
0.72
0.78
0.82
0.00
15.00
30.00
45.00
60.00
75.00
90.00
105.00
120.00
135.00
150.00
165.00
180.00
195.00
210.00
225.00
240.00
255.00
270.00
285.00
300.00
315.00
330.00
345.00
0.00
1.00
2.00
3.00
4.00
5.00
6.00
7.00
8.00
9.00
10.00
11.00
12.00
13.00
14.00
15.00
16.00
17.00
18.00
19.00
20.00
21.00
22.00
23.00
24.00
25.00
26.00
27.00
28.00
29.00
30.00
31.00
32.00
33.00
34.00
35.00
36.00
37.00
38.00
39.00
40.00
41.00
42.00
43.00
44.00
45.00
46.00
47.00
48.00
49.00
50.00
51.00
52.00
53.00
54.00
55.00
56.00
57.00
58.00
59.00
60.00
61.00
62.00
63.00
64.00
65.00
66.00
67.00
68.00
69.00
70.00
71.00
72.00
73.00
74.00
75.00
76.00
77.00
78.00
79.00
80.00
81.00
82.00
83.00
84.00
85.00
86.00
87.00
88.00
89.00
90.00
91.00
92.00
93.00
94.00
95.00
96.00
97.00
98.00
99.00
100.00
101.00
102.00
103.00
104.00
105.00
106.00
107.00
108.00
109.00
110.00
111.00
112.00
113.00
114.00
115.00
116.00
117.00
118.00
119.00
120.00
121.00
122.00
123.00
124.00
125.00
126.00
127.00
128.00
129.00
130.00
131.00
132.00
133.00
134.00
135.00
136.00
137.00
138.00
139.00
140.00
141.00
142.00
143.00
144.00
145.00
146.00
147.00
148.00
149.00
150.00
151.00
152.00
153.00
154.00
155.00
156.00
157.00
158.00
159.00
160.00
161.00
162.00
163.00
164.00
165.00
166.00
167.00
168.00
169.00
170.00
171.00
172.00
173.00
174.00
175.00
176.00
177.00
178.00
179.00
180.00
68.86
68.91
75.65
81.21
79.80
80.00
88.77
99.97
105.10
109.00
108.80
115.50
127.40
134.00
142.60
146.80
151.70
165.70
171.70
178.30
186.20
198.00
215.50
222.10
228.70
235.40
251.80
266.60
275.40
282.10
289.00
296.20
304.60
312.90
318.90
322.70
327.00
331.10
334.30
337.30
338.40
338.40
338.00
336.90
335.30
333.00
330.10
326.70
322.70
318.30
313.10
307.40
301.30
294.70
287.50
279.80
271.90
263.50
254.80
245.70
236.40
226.80
217.20
207.30
197.30
187.30
177.20
167.10
157.20
147.40
137.50
127.80
118.30
108.90
99.76
90.78
82.00
73.47
65.24
57.21
49.24
40.62
30.99
22.90
15.69
9.36
4.55
1.86
1.52
1.55
1.54
1.74
2.15
2.51
2.78
3.03
3.30
3.58
3.78
3.93
4.03
4.11
4.15
4.15
4.16
4.15
4.13
4.11
4.08
4.05
4.01
3.98
3.95
3.92
3.90
3.88
3.86
3.85
3.85
3.85
3.85
3.86
3.87
3.89
3.91
3.94
3.97
4.01
4.05
4.09
4.14
4.20
4.25
4.31
4.38
4.39
4.32
4.19
4.04
3.87
3.69
3.49
3.27
3.03
2.77
2.50
2.20
1.88
1.54
1.22
0.97
0.79
0.62
0.46
0.39
0.39
0.39
0.40
0.40
0.40
0.40
0.41
0.45
0.49
0.53
0.55
0.57
0.59
0.63
0.65
0.64
0.64
0.67
0.72
0.78
0.85
0.90
0.94
0.98
0.96
0.96
56.36
62.56
72.86
77.85
81.06
82.92
88.58
101.70
107.10
111.30
115.90
121.60
139.00
146.30
150.30
153.60
157.60
173.60
186.30
192.90
199.00
204.80
224.70
239.90
246.90
252.40
259.30
279.80
288.10
295.50
301.80
308.20
314.40
319.60
324.30
328.40
332.10
335.30
338.40
341.20
343.70
346.30
348.50
349.90
350.40
350.30
349.30
347.60
345.80
344.10
342.40
340.20
337.40
333.40
328.30
322.50
316.20
309.30
301.90
294.10
286.00
277.80
268.40
258.50
247.90
236.80
225.40
214.00
202.30
190.70
179.20
167.40
155.40
143.50
131.80
120.20
108.70
97.53
86.62
76.14
65.60
53.99
40.77
30.18
20.23
12.15
6.06
3.23
3.19
3.16
3.17
3.25
3.33
3.41
3.49
3.56
3.64
3.71
3.77
3.83
3.88
3.91
3.92
3.91
3.88
3.81
3.70
3.57
3.41
3.24
3.09
3.01
2.95
2.93
2.94
3.00
3.05
3.11
3.20
3.28
3.37
3.44
3.51
3.56
3.62
3.67
3.73
3.79
3.86
3.93
4.00
4.07
4.14
4.19
4.18
4.10
3.97
3.82
3.65
3.47
3.28
3.07
2.84
2.60
2.34
2.06
1.76
1.44
1.14
0.90
0.73
0.57
0.41
0.33
0.33
0.34
0.34
0.35
0.35
0.36
0.36
0.37
0.38
0.39
0.40
0.41
0.44
0.48
0.54
0.55
0.56
0.60
0.62
0.65
0.67
0.71
0.77
0.87
1.00
1.03
1.04
53.75
67.52
76.65
83.75
86.11
87.95
90.84
104.20
110.20
115.40
119.00
122.40
127.50
139.60
151.90
163.30
170.70
176.00
185.60
204.10
213.90
219.70
225.60
232.30
247.50
259.10
266.40
273.30
280.80
292.70
304.10
311.40
318.50
325.50
332.00
337.90
343.70
348.80
353.50
357.90
362.30
366.60
370.60
374.50
378.10
381.10
384.00
386.50
388.20
389.10
388.80
387.50
385.20
381.40
376.90
371.00
364.30
356.70
348.30
339.00
329.00
318.30
306.90
294.80
282.50
269.70
256.40
243.00
229.30
215.40
201.50
187.60
173.80
160.00
146.50
133.10
120.00
107.20
94.80
82.70
70.82
58.11
44.60
30.12
19.59
10.71
4.70
2.98
2.96
2.93
2.97
3.04
3.11
3.18
3.25
3.32
3.38
3.44
3.49
3.55
3.60
3.65
3.69
3.73
3.77
3.80
3.83
3.85
3.87
3.89
3.91
3.92
3.94
3.95
3.96
3.96
3.97
3.97
3.96
3.95
3.93
3.89
3.84
3.78
3.70
3.62
3.55
3.48
3.44
3.42
3.41
3.37
3.29
3.19
3.09
2.99
2.89
2.75
2.60
2.43
2.24
2.02
1.79
1.53
1.26
1.02
0.83
0.67
0.53
0.40
0.30
0.29
0.29
0.29
0.29
0.29
0.30
0.30
0.31
0.31
0.32
0.33
0.33
0.34
0.35
0.37
0.40
0.45
0.46
0.50
0.53
0.57
0.61
0.63
0.65
0.68
0.73
0.77
0.83
0.87
0.89
59.26
65.74
77.04
85.18
87.86
90.49
93.25
97.02
105.50
115.00
123.50
136.30
144.80
156.00
164.00
173.00
182.60
192.90
198.30
203.50
209.00
215.40
228.00
241.40
252.40
262.20
269.40
276.60
287.70
295.90
303.60
311.40
319.30
327.00
334.90
342.60
350.40
358.00
365.20
372.30
378.90
384.80
390.60
395.40
399.40
402.60
405.10
406.70
407.10
406.60
405.10
402.60
398.90
393.90
388.10
381.10
373.10
364.20
354.50
343.90
332.60
320.70
308.20
295.10
281.90
268.40
254.30
240.30
226.00
211.60
197.20
182.90
168.80
154.70
141.00
127.40
114.30
101.20
88.44
76.15
64.22
52.67
41.46
30.00
16.26
7.23
2.46
1.57
1.56
1.55
1.63
1.70
1.77
1.83
1.89
1.95
2.00
2.06
2.11
2.17
2.22
2.28
2.33
2.39
2.44
2.49
2.54
2.60
2.66
2.72
2.78
2.84
2.90
2.97
3.03
3.10
3.16
3.23
3.30
3.36
3.43
3.49
3.56
3.62
3.68
3.74
3.79
3.82
3.82
3.79
3.74
3.65
3.52
3.34
3.12
2.86
2.55
2.20
1.84
1.50
1.21
0.94
0.68
0.45
0.30
0.25
0.25
0.26
0.26
0.26
0.26
0.27
0.27
0.27
0.28
0.28
0.29
0.29
0.30
0.30
0.31
0.32
0.34
0.36
0.36
0.36
0.38
0.42
0.49
0.51
0.54
0.58
0.62
0.66
0.68
0.72
0.76
0.81
0.86
0.90
0.90
59.69
65.02
76.18
86.15
89.56
92.68
96.11
100.40
106.10
117.50
136.90
150.10
155.90
163.80
171.00
176.60
182.60
189.60
197.70
213.60
230.90
243.10
250.50
259.40
267.50
275.20
284.00
295.30
311.70
329.80
341.10
350.70
360.20
369.20
377.80
386.20
394.30
402.50
410.10
417.40
423.80
429.10
433.50
436.70
439.00
440.30
440.50
440.10
438.60
435.80
432.20
427.00
421.00
413.50
405.20
395.70
385.40
373.90
361.90
349.20
335.70
321.90
307.70
292.90
278.30
263.60
248.70
234.10
219.30
204.70
190.20
175.90
161.70
147.70
134.10
120.60
107.50
94.90
82.71
70.88
59.17
47.82
35.25
21.73
14.07
6.46
2.96
2.56
2.56
2.56
2.61
2.67
2.72
2.78
2.83
2.88
2.92
2.97
3.01
3.05
3.08
3.11
3.14
3.17
3.20
3.22
3.23
3.26
3.29
3.32
3.36
3.38
3.40
3.42
3.45
3.47
3.50
3.53
3.55
3.58
3.62
3.65
3.68
3.71
3.75
3.78
3.80
3.83
3.85
3.86
3.84
3.78
3.70
3.59
3.47
3.31
3.16
3.00
2.79
2.56
2.30
2.00
1.67
1.33
1.02
0.83
0.64
0.47
0.30
0.24
0.24
0.24
0.24
0.24
0.25
0.25
0.26
0.27
0.27
0.29
0.30
0.30
0.31
0.31
0.33
0.37
0.39
0.39
0.44
0.48
0.51
0.58
0.65
0.71
0.75
0.78
0.78
0.81
0.86
0.90
0.90
61.17
65.12
71.09
80.37
88.19
92.88
96.66
102.60
109.50
128.80
140.70
148.80
154.70
159.20
164.10
169.20
176.20
188.10
216.40
228.60
235.20
242.90
252.70
262.60
272.90
291.00
318.20
334.40
346.60
358.90
370.10
380.90
391.50
401.00
409.50
417.00
423.90
431.60
439.00
445.90
452.10
457.30
461.10
463.20
463.90
464.10
463.40
461.70
458.30
454.10
448.80
442.10
434.30
425.00
414.70
403.50
391.40
378.80
365.80
352.00
337.80
323.00
307.70
292.00
276.50
260.80
245.20
230.00
215.10
200.30
185.70
171.00
156.70
142.50
128.90
115.80
102.70
90.43
78.56
66.65
55.43
43.05
29.29
20.73
12.03
5.96
2.44
2.44
2.44
2.47
2.53
2.58
2.64
2.70
2.75
2.81
2.86
2.90
2.95
3.00
3.04
3.08
3.11
3.13
3.14
3.15
3.15
3.14
3.14
3.12
3.12
3.12
3.13
3.15
3.18
3.22
3.27
3.32
3.38
3.45
3.52
3.59
3.66
3.74
3.82
3.91
3.99
4.07
4.15
4.24
4.33
4.42
4.47
4.46
4.39
4.28
4.14
3.98
3.80
3.60
3.39
3.14
2.85
2.54
2.20
1.82
1.45
1.09
0.87
0.65
0.45
0.27
0.25
0.25
0.26
0.26
0.27
0.28
0.29
0.30
0.31
0.31
0.33
0.34
0.34
0.36
0.39
0.43
0.44
0.47
0.51
0.57
0.62
0.67
0.72
0.78
0.86
0.95
1.04
1.08
1.04
62.30
66.54
73.27
82.95
89.09
91.71
93.72
98.90
115.30
131.80
137.00
141.50
146.80
155.10
160.30
165.60
177.00
205.40
220.50
227.30
234.20
241.60
250.50
260.30
273.60
311.60
332.70
346.10
357.40
368.50
380.80
396.70
410.60
422.10
433.30
445.80
458.30
468.50
475.90
481.90
486.70
490.10
492.40
493.30
492.90
490.90
488.10
483.60
477.80
471.00
462.80
453.70
443.60
432.20
420.10
407.20
393.30
379.10
364.30
349.10
333.30
317.10
301.30
284.90
269.00
253.10
237.30
221.70
206.70
191.40
176.50
162.10
147.90
134.20
120.90
108.20
95.67
83.86
72.26
60.74
49.72
36.59
25.11
17.38
8.98
3.55
1.46
1.45
1.46
1.52
1.69
1.83
1.98
2.12
2.27
2.41
2.55
2.68
2.77
2.87
2.94
3.01
3.07
3.12
3.17
3.22
3.26
3.31
3.35
3.38
3.42
3.45
3.49
3.53
3.56
3.60
3.65
3.68
3.73
3.77
3.81
3.86
3.91
3.96
4.01
4.07
4.12
4.18
4.24
4.30
4.37
4.43
4.50
4.54
4.56
4.49
4.37
4.23
4.06
3.87
3.67
3.44
3.17
2.87
2.54
2.18
1.80
1.41
1.05
0.84
0.62
0.41
0.25
0.24
0.24
0.24
0.25
0.25
0.26
0.27
0.28
0.28
0.30
0.31
0.33
0.34
0.38
0.44
0.44
0.45
0.49
0.54
0.58
0.63
0.70
0.77
0.84
0.93
1.03
1.07
1.05
61.17
65.12
71.09
80.37
88.19
92.88
96.66
102.60
109.50
128.80
140.70
148.80
154.70
159.20
164.10
169.20
176.20
188.10
216.40
228.60
235.20
242.90
252.70
262.60
272.90
291.00
318.20
334.40
346.60
358.90
370.10
380.90
391.50
401.00
409.50
417.00
423.90
431.60
439.00
445.90
452.10
457.30
461.10
463.20
463.90
464.10
463.40
461.70
458.30
454.10
448.80
442.10
434.30
425.00
414.70
403.50
391.40
378.80
365.80
352.00
337.80
323.00
307.70
292.00
276.50
260.80
245.20
230.00
215.10
200.30
185.70
171.00
156.70
142.50
128.90
115.80
102.70
90.43
78.56
66.65
55.43
43.05
29.29
20.73
12.03
5.96
2.44
2.44
2.44
2.47
2.53
2.58
2.64
2.70
2.75
2.81
2.86
2.90
2.95
3.00
3.04
3.08
3.11
3.13
3.14
3.15
3.15
3.14
3.14
3.12
3.12
3.12
3.13
3.15
3.18
3.22
3.27
3.32
3.38
3.45
3.52
3.59
3.66
3.74
3.82
3.91
3.99
4.07
4.15
4.24
4.33
4.42
4.47
4.46
4.39
4.28
4.14
3.98
3.80
3.60
3.39
3.14
2.85
2.54
2.20
1.82
1.45
1.09
0.87
0.65
0.45
0.27
0.25
0.25
0.26
0.26
0.27
0.28
0.29
0.30
0.31
0.31
0.33
0.34
0.34
0.36
0.39
0.43
0.44
0.47
0.51
0.57
0.62
0.67
0.72
0.78
0.86
0.95
1.04
1.08
1.04
59.69
65.02
76.18
86.15
89.56
92.68
96.11
100.40
106.10
117.50
136.90
150.10
155.90
163.80
171.00
176.60
182.60
189.60
197.70
213.60
230.90
243.10
250.50
259.40
267.50
275.20
284.00
295.30
311.70
329.80
341.10
350.70
360.20
369.20
377.80
386.20
394.30
402.50
410.10
417.40
423.80
429.10
433.50
436.70
439.00
440.30
440.50
440.10
438.60
435.80
432.20
427.00
421.00
413.50
405.20
395.70
385.40
373.90
361.90
349.20
335.70
321.90
307.70
292.90
278.30
263.60
248.70
234.10
219.30
204.70
190.20
175.90
161.70
147.70
134.10
120.60
107.50
94.90
82.71
70.88
59.17
47.82
35.25
21.73
14.07
6.46
2.96
2.56
2.56
2.56
2.61
2.67
2.72
2.78
2.83
2.88
2.92
2.97
3.01
3.05
3.08
3.11
3.14
3.17
3.20
3.22
3.23
3.26
3.29
3.32
3.36
3.38
3.40
3.42
3.45
3.47
3.50
3.53
3.55
3.58
3.62
3.65
3.68
3.71
3.75
3.78
3.80
3.83
3.85
3.86
3.84
3.78
3.70
3.59
3.47
3.31
3.16
3.00
2.79
2.56
2.30
2.00
1.67
1.33
1.02
0.83
0.64
0.47
0.30
0.24
0.24
0.24
0.24
0.24
0.25
0.25
0.26
0.27
0.27
0.29
0.30
0.30
0.31
0.31
0.33
0.37
0.39
0.39
0.44
0.48
0.51
0.58
0.65
0.71
0.75
0.78
0.78
0.81
0.86
0.90
0.90
59.26
65.74
77.04
85.18
87.86
90.49
93.25
97.02
105.50
115.00
123.50
136.30
144.80
156.00
164.00
173.00
182.60
192.90
198.30
203.50
209.00
215.40
228.00
241.40
252.40
262.20
269.40
276.60
287.70
295.90
303.60
311.40
319.30
327.00
334.90
342.60
350.40
358.00
365.20
372.30
378.90
384.80
390.60
395.40
399.40
402.60
405.10
406.70
407.10
406.60
405.10
402.60
398.90
393.90
388.10
381.10
373.10
364.20
354.50
343.90
332.60
320.70
308.20
295.10
281.90
268.40
254.30
240.30
226.00
211.60
197.20
182.90
168.80
154.70
141.00
127.40
114.30
101.20
88.44
76.15
64.22
52.67
41.46
30.00
16.26
7.23
2.46
1.57
1.56
1.55
1.63
1.70
1.77
1.83
1.89
1.95
2.00
2.06
2.11
2.17
2.22
2.28
2.33
2.39
2.44
2.49
2.54
2.60
2.66
2.72
2.78
2.84
2.90
2.97
3.03
3.10
3.16
3.23
3.30
3.36
3.43
3.49
3.56
3.62
3.68
3.74
3.79
3.82
3.82
3.79
3.74
3.65
3.52
3.34
3.12
2.86
2.55
2.20
1.84
1.50
1.21
0.94
0.68
0.45
0.30
0.25
0.25
0.26
0.26
0.26
0.26
0.27
0.27
0.27
0.28
0.28
0.29
0.29
0.30
0.30
0.31
0.32
0.34
0.36
0.36
0.36
0.38
0.42
0.49
0.51
0.54
0.58
0.62
0.66
0.68
0.72
0.76
0.81
0.86
0.90
0.90
53.75
67.52
76.65
83.75
86.11
87.95
90.84
104.20
110.20
115.40
119.00
122.40
127.50
139.60
151.90
163.30
170.70
176.00
185.60
204.10
213.90
219.70
225.60
232.30
247.50
259.10
266.40
273.30
280.80
292.70
304.10
311.40
318.50
325.50
332.00
337.90
343.70
348.80
353.50
357.90
362.30
366.60
370.60
374.50
378.10
381.10
384.00
386.50
388.20
389.10
388.80
387.50
385.20
381.40
376.90
371.00
364.30
356.70
348.30
339.00
329.00
318.30
306.90
294.80
282.50
269.70
256.40
243.00
229.30
215.40
201.50
187.60
173.80
160.00
146.50
133.10
120.00
107.20
94.80
82.70
70.82
58.11
44.60
30.12
19.59
10.71
4.70
2.98
2.96
2.93
2.97
3.04
3.11
3.18
3.25
3.32
3.38
3.44
3.49
3.55
3.60
3.65
3.69
3.73
3.77
3.80
3.83
3.85
3.87
3.89
3.91
3.92
3.94
3.95
3.96
3.96
3.97
3.97
3.96
3.95
3.93
3.89
3.84
3.78
3.70
3.62
3.55
3.48
3.44
3.42
3.41
3.37
3.29
3.19
3.09
2.99
2.89
2.75
2.60
2.43
2.24
2.02
1.79
1.53
1.26
1.02
0.83
0.67
0.53
0.40
0.30
0.29
0.29
0.29
0.29
0.29
0.30
0.30
0.31
0.31
0.32
0.33
0.33
0.34
0.35
0.37
0.40
0.45
0.46
0.50
0.53
0.57
0.61
0.63
0.65
0.68
0.73
0.77
0.83
0.87
0.89
56.36
62.56
72.86
77.85
81.06
82.92
88.58
101.70
107.10
111.30
115.90
121.60
139.00
146.30
150.30
153.60
157.60
173.60
186.30
192.90
199.00
204.80
224.70
239.90
246.90
252.40
259.30
279.80
288.10
295.50
301.80
308.20
314.40
319.60
324.30
328.40
332.10
335.30
338.40
341.20
343.70
346.30
348.50
349.90
350.40
350.30
349.30
347.60
345.80
344.10
342.40
340.20
337.40
333.40
328.30
322.50
316.20
309.30
301.90
294.10
286.00
277.80
268.40
258.50
247.90
236.80
225.40
214.00
202.30
190.70
179.20
167.40
155.40
143.50
131.80
120.20
108.70
97.53
86.62
76.14
65.60
53.99
40.77
30.18
20.23
12.15
6.06
3.23
3.19
3.16
3.17
3.25
3.33
3.41
3.49
3.56
3.64
3.71
3.77
3.83
3.88
3.91
3.92
3.91
3.88
3.81
3.70
3.57
3.41
3.24
3.09
3.01
2.95
2.93
2.94
3.00
3.05
3.11
3.20
3.28
3.37
3.44
3.51
3.56
3.62
3.67
3.73
3.79
3.86
3.93
4.00
4.07
4.14
4.19
4.18
4.10
3.97
3.82
3.65
3.47
3.28
3.07
2.84
2.60
2.34
2.06
1.76
1.44
1.14
0.90
0.73
0.57
0.41
0.33
0.33
0.34
0.34
0.35
0.35
0.36
0.36
0.37
0.38
0.39
0.40
0.41
0.44
0.48
0.54
0.55
0.56
0.60
0.62
0.65
0.67
0.71
0.77
0.87
1.00
1.03
1.04
68.86
68.91
75.65
81.21
79.80
80.00
88.77
99.97
105.10
109.00
108.80
115.50
127.40
134.00
142.60
146.80
151.70
165.70
171.70
178.30
186.20
198.00
215.50
222.10
228.70
235.40
251.80
266.60
275.40
282.10
289.00
296.20
304.60
312.90
318.90
322.70
327.00
331.10
334.30
337.30
338.40
338.40
338.00
336.90
335.30
333.00
330.10
326.70
322.70
318.30
313.10
307.40
301.30
294.70
287.50
279.80
271.90
263.50
254.80
245.70
236.40
226.80
217.20
207.30
197.30
187.30
177.20
167.10
157.20
147.40
137.50
127.80
118.30
108.90
99.76
90.78
82.00
73.47
65.24
57.21
49.24
40.62
30.99
22.90
15.69
9.36
4.55
1.86
1.52
1.55
1.54
1.74
2.15
2.51
2.78
3.03
3.30
3.58
3.78
3.93
4.03
4.11
4.15
4.15
4.16
4.15
4.13
4.11
4.08
4.05
4.01
3.98
3.95
3.92
3.90
3.88
3.86
3.85
3.85
3.85
3.85
3.86
3.87
3.89
3.91
3.94
3.97
4.01
4.05
4.09
4.14
4.20
4.25
4.31
4.38
4.39
4.32
4.19
4.04
3.87
3.69
3.49
3.27
3.03
2.77
2.50
2.20
1.88
1.54
1.22
0.97
0.79
0.62
0.46
0.39
0.39
0.39
0.40
0.40
0.40
0.40
0.41
0.45
0.49
0.53
0.55
0.57
0.59
0.63
0.65
0.64
0.64
0.67
0.72
0.78
0.85
0.90
0.94
0.98
0.96
0.96
56.36
57.51
58.34
60.72
66.46
69.31
73.72
82.48
85.98
91.77
96.80
101.10
112.20
120.40
126.30
133.00
138.30
149.70
160.60
165.00
168.20
173.00
190.90
205.60
210.30
214.60
220.00
235.20
242.80
247.60
252.70
256.10
257.90
259.20
260.00
260.10
259.10
257.20
254.60
251.80
249.40
247.10
244.60
241.50
237.70
233.20
228.20
223.00
217.30
211.70
206.00
200.10
194.00
187.50
180.70
173.80
166.90
159.70
152.70
145.70
138.90
132.20
125.70
119.10
112.60
106.30
100.20
94.30
88.63
83.00
77.46
72.08
66.87
61.86
57.01
52.21
47.62
43.10
38.80
34.64
30.62
26.39
21.74
16.98
13.19
9.81
7.08
5.16
4.49
4.51
4.50
4.53
4.62
4.71
4.80
4.88
4.95
5.00
5.04
5.06
5.07
5.06
5.02
4.97
4.90
4.82
4.72
4.62
4.52
4.41
4.30
4.19
4.10
4.00
3.93
3.85
3.80
3.76
3.74
3.72
3.71
3.71
3.72
3.74
3.78
3.82
3.88
3.94
4.00
4.06
4.12
4.19
4.27
4.35
4.36
4.33
4.22
4.08
3.92
3.74
3.55
3.34
3.10
2.85
2.58
2.29
1.97
1.64
1.32
1.06
0.88
0.70
0.55
0.43
0.43
0.43
0.44
0.45
0.47
0.47
0.48
0.49
0.50
0.50
0.51
0.51
0.52
0.54
0.57
0.60
0.64
0.70
0.74
0.80
0.86
0.90
0.94
0.96
0.97
1.01
1.03
53.75
55.49
58.47
55.71
63.87
67.98
71.41
79.21
88.06
92.70
95.00
97.39
100.80
110.60
121.50
124.90
127.20
129.20
131.80
139.00
148.20
153.50
156.90
157.50
160.50
171.30
172.00
171.90
171.80
172.50
178.10
179.30
178.00
176.00
173.60
170.80
167.60
164.00
159.80
155.20
150.30
145.10
139.80
134.50
129.20
124.10
119.20
114.40
109.60
105.00
100.60
96.41
92.49
88.76
85.18
81.83
78.63
75.56
72.63
69.80
67.06
64.39
61.83
59.32
56.84
54.42
52.04
49.69
47.38
45.10
42.80
40.55
38.28
36.01
33.77
31.53
29.31
27.10
24.92
22.77
20.66
18.61
16.46
14.09
11.66
9.49
7.62
6.27
5.49
5.41
5.41
5.43
5.52
5.60
5.68
5.75
5.80
5.83
5.83
5.81
5.77
5.71
5.63
5.52
5.40
5.28
5.15
5.02
4.89
4.78
4.67
4.56
4.47
4.39
4.31
4.22
4.15
4.09
4.04
4.00
3.96
3.94
3.92
3.92
3.91
3.92
3.92
3.93
3.94
3.95
3.96
3.94
3.90
3.82
3.71
3.58
3.45
3.30
3.13
2.93
2.72
2.50
2.26
1.99
1.70
1.41
1.13
0.95
0.79
0.64
0.50
0.46
0.46
0.46
0.46
0.46
0.46
0.46
0.46
0.47
0.47
0.47
0.47
0.48
0.50
0.54
0.60
0.67
0.73
0.77
0.81
0.85
0.87
0.92
0.97
0.98
0.97
0.95
0.94
0.91
0.89
59.26
52.86
53.73
56.09
68.25
71.02
72.56
73.83
78.62
88.37
91.21
92.20
93.04
94.04
95.53
104.20
113.80
123.40
124.90
125.50
125.30
125.00
124.60
125.70
126.00
124.30
122.20
122.90
120.80
120.20
118.80
115.70
112.30
108.90
105.50
102.20
98.89
95.61
92.46
89.42
86.50
83.72
81.08
78.59
76.29
74.09
72.10
70.20
68.37
66.65
64.98
63.34
61.79
60.30
58.95
57.47
55.99
54.50
53.00
51.49
49.93
48.38
46.80
45.21
43.57
41.93
40.27
38.56
36.85
35.10
33.34
31.54
29.73
27.89
26.06
24.23
22.39
20.53
18.72
16.89
15.10
13.33
11.62
9.95
8.18
6.42
4.72
3.27
2.42
2.24
2.23
2.20
2.28
2.40
2.50
2.58
2.65
2.71
2.76
2.80
2.83
2.86
2.88
2.91
2.93
2.95
2.96
2.98
3.01
3.03
3.06
3.09
3.12
3.16
3.19
3.23
3.27
3.32
3.36
3.41
3.45
3.50
3.55
3.60
3.65
3.70
3.76
3.80
3.85
3.87
3.87
3.85
3.78
3.67
3.52
3.33
3.10
2.83
2.53
2.20
1.87
1.57
1.31
1.06
0.85
0.68
0.56
0.52
0.49
0.48
0.48
0.48
0.48
0.48
0.48
0.48
0.48
0.48
0.48
0.48
0.48
0.48
0.48
0.48
0.49
0.49
0.56
0.71
0.80
0.82
0.86
0.87
0.88
0.89
0.91
0.91
0.91
0.90
0.89
0.89
0.90
59.69
49.34
50.65
59.32
67.40
71.01
71.86
72.14
72.38
72.78
73.39
74.73
83.21
99.58
102.90
104.50
104.90
105.10
104.90
104.40
103.70
102.60
103.90
109.20
107.30
104.50
101.50
98.57
95.65
92.91
90.53
89.93
89.14
87.32
85.10
83.02
81.01
79.17
77.54
75.97
74.36
72.84
71.45
70.17
68.96
67.78
66.67
65.53
64.44
63.35
62.26
61.14
60.03
58.89
57.76
56.62
55.45
54.25
53.04
51.78
50.48
49.15
47.80
46.40
44.95
43.46
41.95
40.39
38.80
37.20
35.57
33.93
32.27
30.57
28.84
27.10
25.37
23.60
21.87
20.14
18.39
16.72
15.03
13.40
11.80
10.23
8.58
7.13
6.11
5.70
5.74
5.73
5.81
5.91
6.00
6.09
6.17
6.23
6.26
6.26
6.25
6.21
6.15
6.07
5.98
5.87
5.75
5.64
5.51
5.39
5.27
5.16
5.05
4.94
4.85
4.76
4.67
4.59
4.52
4.45
4.37
4.30
4.23
4.15
4.07
3.99
3.89
3.79
3.69
3.60
3.54
3.51
3.46
3.39
3.29
3.16
3.03
2.89
2.74
2.60
2.45
2.29
2.10
1.91
1.70
1.49
1.27
1.07
0.91
0.78
0.67
0.56
0.52
0.50
0.50
0.50
0.50
0.50
0.50
0.50
0.50
0.50
0.50
0.51
0.52
0.55
0.58
0.61
0.67
0.71
0.74
0.77
0.80
0.84
0.87
0.87
0.87
0.87
0.88
0.90
0.90
61.17
48.41
51.62
55.26
61.87
68.81
70.17
71.42
72.72
73.02
72.52
76.37
88.38
93.04
94.59
94.48
93.70
92.52
91.15
89.76
93.19
96.94
97.26
95.82
93.39
90.80
87.90
84.92
82.99
85.71
85.90
84.73
83.56
82.47
81.54
80.92
80.33
79.25
78.16
77.14
76.14
75.14
74.14
73.17
72.22
71.28
70.38
69.46
68.52
67.59
66.62
65.60
64.55
63.45
62.29
61.10
59.87
58.60
57.28
55.93
54.53
53.13
51.68
50.20
48.72
47.19
45.64
44.05
42.42
40.75
39.04
37.25
35.41
33.50
31.58
29.65
27.66
25.66
23.70
21.72
19.78
17.85
15.95
14.09
12.22
10.30
8.46
6.82
5.64
5.09
5.14
5.14
5.19
5.31
5.42
5.53
5.63
5.72
5.79
5.84
5.88
5.89
5.89
5.85
5.78
5.68
5.54
5.36
5.14
4.91
4.66
4.40
4.15
3.97
3.81
3.68
3.57
3.55
3.53
3.51
3.50
3.53
3.56
3.57
3.59
3.62
3.65
3.68
3.72
3.76
3.81
3.87
3.93
3.99
4.06
4.09
4.04
3.90
3.72
3.54
3.35
3.14
2.94
2.73
2.51
2.28
2.03
1.78
1.52
1.27
1.05
0.91
0.77
0.65
0.55
0.52
0.52
0.52
0.52
0.53
0.54
0.55
0.56
0.57
0.58
0.58
0.59
0.59
0.60
0.64
0.69
0.71
0.74
0.77
0.81
0.82
0.82
0.83
0.88
0.95
1.04
62.30
45.17
52.45
53.96
55.45
60.33
64.88
65.39
64.11
63.40
63.11
76.58
80.99
82.79
83.18
82.74
83.06
85.37
84.88
84.02
91.63
91.59
90.06
88.01
85.67
83.40
81.58
81.34
84.79
85.05
84.12
83.18
82.21
81.39
80.99
80.90
80.45
79.89
79.33
78.79
78.18
77.54
76.85
76.17
75.49
74.81
74.11
73.38
72.62
71.81
70.96
70.05
69.06
68.03
66.91
65.76
64.55
63.31
61.96
60.56
59.11
57.55
55.91
54.22
52.43
50.64
48.75
46.83
44.88
42.87
40.81
38.72
36.57
34.36
32.13
29.88
27.57
25.26
22.96
20.64
18.35
16.06
13.81
11.62
9.43
7.20
5.06
3.17
1.84
1.35
1.44
1.43
1.54
2.12
2.71
3.20
3.56
3.92
4.34
4.77
5.05
5.20
5.29
5.31
5.30
5.26
5.19
5.11
5.01
4.91
4.80
4.69
4.58
4.48
4.38
4.29
4.21
4.14
4.08
4.02
3.97
3.93
3.91
3.89
3.89
3.89
3.89
3.90
3.92
3.94
3.97
4.01
4.05
4.09
4.14
4.20
4.20
4.15
4.01
3.82
3.63
3.43
3.22
3.00
2.79
2.56
2.32
2.07
1.81
1.54
1.28
1.04
0.90
0.76
0.64
0.53
0.53
0.53
0.53
0.53
0.53
0.53
0.53
0.54
0.56
0.59
0.62
0.65
0.67
0.70
0.72
0.71
0.72
0.72
0.76
0.79
0.86
0.91
0.96
1.01
1.04
61.17
48.41
51.62
55.26
61.87
68.81
70.17
71.42
72.72
73.02
72.52
76.37
88.38
93.04
94.59
94.48
93.70
92.52
91.15
89.76
93.19
96.94
97.26
95.82
93.39
90.80
87.90
84.92
82.99
85.71
85.90
84.73
83.56
82.47
81.54
80.92
80.33
79.25
78.16
77.14
76.14
75.14
74.14
73.17
72.22
71.28
70.38
69.46
68.52
67.59
66.62
65.60
64.55
63.45
62.29
61.10
59.87
58.60
57.28
55.93
54.53
53.13
51.68
50.20
48.72
47.19
45.64
44.05
42.42
40.75
39.04
37.25
35.41
33.50
31.58
29.65
27.66
25.66
23.70
21.72
19.78
17.85
15.95
14.09
12.22
10.30
8.46
6.82
5.64
5.09
5.14
5.14
5.19
5.31
5.42
5.53
5.63
5.72
5.79
5.84
5.88
5.89
5.89
5.85
5.78
5.68
5.54
5.36
5.14
4.91
4.66
4.40
4.15
3.97
3.81
3.68
3.57
3.55
3.53
3.51
3.50
3.53
3.56
3.57
3.59
3.62
3.65
3.68
3.72
3.76
3.81
3.87
3.93
3.99
4.06
4.09
4.04
3.90
3.72
3.54
3.35
3.14
2.94
2.73
2.51
2.28
2.03
1.78
1.52
1.27
1.05
0.91
0.77
0.65
0.55
0.52
0.52
0.52
0.52
0.53
0.54
0.55
0.56
0.57
0.58
0.58
0.59
0.59
0.60
0.64
0.69
0.71
0.74
0.77
0.81
0.82
0.82
0.83
0.88
0.95
1.04
59.69
49.34
50.65
59.32
67.40
71.01
71.86
72.14
72.38
72.78
73.39
74.73
83.21
99.58
102.90
104.50
104.90
105.10
104.90
104.40
103.70
102.60
103.90
109.20
107.30
104.50
101.50
98.57
95.65
92.91
90.53
89.93
89.14
87.32
85.10
83.02
81.01
79.17
77.54
75.97
74.36
72.84
71.45
70.17
68.96
67.78
66.67
65.53
64.44
63.35
62.26
61.14
60.03
58.89
57.76
56.62
55.45
54.25
53.04
51.78
50.48
49.15
47.80
46.40
44.95
43.46
41.95
40.39
38.80
37.20
35.57
33.93
32.27
30.57
28.84
27.10
25.37
23.60
21.87
20.14
18.39
16.72
15.03
13.40
11.80
10.23
8.58
7.13
6.11
5.70
5.74
5.73
5.81
5.91
6.00
6.09
6.17
6.23
6.26
6.26
6.25
6.21
6.15
6.07
5.98
5.87
5.75
5.64
5.51
5.39
5.27
5.16
5.05
4.94
4.85
4.76
4.67
4.59
4.52
4.45
4.37
4.30
4.23
4.15
4.07
3.99
3.89
3.79
3.69
3.60
3.54
3.51
3.46
3.39
3.29
3.16
3.03
2.89
2.74
2.60
2.45
2.29
2.10
1.91
1.70
1.49
1.27
1.07
0.91
0.78
0.67
0.56
0.52
0.50
0.50
0.50
0.50
0.50
0.50
0.50
0.50
0.50
0.50
0.51
0.52
0.55
0.58
0.61
0.67
0.71
0.74
0.77
0.80
0.84
0.87
0.87
0.87
0.87
0.88
0.90
0.90
59.26
52.86
53.73
56.09
68.25
71.02
72.56
73.83
78.62
88.37
91.21
92.20
93.04
94.04
95.53
104.20
113.80
123.40
124.90
125.50
125.30
125.00
124.60
125.70
126.00
124.30
122.20
122.90
120.80
120.20
118.80
115.70
112.30
108.90
105.50
102.20
98.89
95.61
92.46
89.42
86.50
83.72
81.08
78.59
76.29
74.09
72.10
70.20
68.37
66.65
64.98
63.34
61.79
60.30
58.95
57.47
55.99
54.50
53.00
51.49
49.93
48.38
46.80
45.21
43.57
41.93
40.27
38.56
36.85
35.10
33.34
31.54
29.73
27.89
26.06
24.23
22.39
20.53
18.72
16.89
15.10
13.33
11.62
9.95
8.18
6.42
4.72
3.27
2.42
2.24
2.23
2.20
2.28
2.40
2.50
2.58
2.65
2.71
2.76
2.80
2.83
2.86
2.88
2.91
2.93
2.95
2.96
2.98
3.01
3.03
3.06
3.09
3.12
3.16
3.19
3.23
3.27
3.32
3.36
3.41
3.45
3.50
3.55
3.60
3.65
3.70
3.76
3.80
3.85
3.87
3.87
3.85
3.78
3.67
3.52
3.33
3.10
2.83
2.53
2.20
1.87
1.57
1.31
1.06
0.85
0.68
0.56
0.52
0.49
0.48
0.48
0.48
0.48
0.48
0.48
0.48
0.48
0.48
0.48
0.48
0.48
0.48
0.48
0.48
0.49
0.49
0.56
0.71
0.80
0.82
0.86
0.87
0.88
0.89
0.91
0.91
0.91
0.90
0.89
0.89
0.90
53.75
55.49
58.47
55.71
63.87
67.98
71.41
79.21
88.06
92.70
95.00
97.39
100.80
110.60
121.50
124.90
127.20
129.20
131.80
139.00
148.20
153.50
156.90
157.50
160.50
171.30
172.00
171.90
171.80
172.50
178.10
179.30
178.00
176.00
173.60
170.80
167.60
164.00
159.80
155.20
150.30
145.10
139.80
134.50
129.20
124.10
119.20
114.40
109.60
105.00
100.60
96.41
92.49
88.76
85.18
81.83
78.63
75.56
72.63
69.80
67.06
64.39
61.83
59.32
56.84
54.42
52.04
49.69
47.38
45.10
42.80
40.55
38.28
36.01
33.77
31.53
29.31
27.10
24.92
22.77
20.66
18.61
16.46
14.09
11.66
9.49
7.62
6.27
5.49
5.41
5.41
5.43
5.52
5.60
5.68
5.75
5.80
5.83
5.83
5.81
5.77
5.71
5.63
5.52
5.40
5.28
5.15
5.02
4.89
4.78
4.67
4.56
4.47
4.39
4.31
4.22
4.15
4.09
4.04
4.00
3.96
3.94
3.92
3.92
3.91
3.92
3.92
3.93
3.94
3.95
3.96
3.94
3.90
3.82
3.71
3.58
3.45
3.30
3.13
2.93
2.72
2.50
2.26
1.99
1.70
1.41
1.13
0.95
0.79
0.64
0.50
0.46
0.46
0.46
0.46
0.46
0.46
0.46
0.46
0.47
0.47
0.47
0.47
0.48
0.50
0.54
0.60
0.67
0.73
0.77
0.81
0.85
0.87
0.92
0.97
0.98
0.97
0.95
0.94
0.91
0.89
56.36
57.51
58.34
60.72
66.46
69.31
73.72
82.48
85.98
91.77
96.80
101.10
112.20
120.40
126.30
133.00
138.30
149.70
160.60
165.00
168.20
173.00
190.90
205.60
210.30
214.60
220.00
235.20
242.80
247.60
252.70
256.10
257.90
259.20
260.00
260.10
259.10
257.20
254.60
251.80
249.40
247.10
244.60
241.50
237.70
233.20
228.20
223.00
217.30
211.70
206.00
200.10
194.00
187.50
180.70
173.80
166.90
159.70
152.70
145.70
138.90
132.20
125.70
119.10
112.60
106.30
100.20
94.30
88.63
83.00
77.46
72.08
66.87
61.86
57.01
52.21
47.62
43.10
38.80
34.64
30.62
26.39
21.74
16.98
13.19
9.81
7.08
5.16
4.49
4.51
4.50
4.53
4.62
4.71
4.80
4.88
4.95
5.00
5.04
5.06
5.07
5.06
5.02
4.97
4.90
4.82
4.72
4.62
4.52
4.41
4.30
4.19
4.10
4.00
3.93
3.85
3.80
3.76
3.74
3.72
3.71
3.71
3.72
3.74
3.78
3.82
3.88
3.94
4.00
4.06
4.12
4.19
4.27
4.35
4.36
4.33
4.22
4.08
3.92
3.74
3.55
3.34
3.10
2.85
2.58
2.29
1.97
1.64
1.32
1.06
0.88
0.70
0.55
0.43
0.43
0.43
0.44
0.45
0.47
0.47
0.48
0.49
0.50
0.50
0.51
0.51
0.52
0.54
0.57
0.60
0.64
0.70
0.74
0.80
0.86
0.90
0.94
0.96
0.97
1.01
1.03
