SALVI
1
0
24
15.0
181
1.0
250114 AVENUE 5050 350mA 3000K F2M2 PMMA SC
250114 AVENUE 5050 3000K F2M2 PMMA SC

250114-AVENUE-5050-F2M2-PMMA-SC.ldt
27-1-2025/TB
545
475
737
380
0
0
0
0
0
97.86
100.00
1.00
0.00
1
1
18 LED 5050
5063.90
3000
70
41.00
0.15
0.23
0.31
0.39
0.45
0.55
0.61
0.66
0.73
0.77
0.00
15.00
30.00
45.00
60.00
75.00
90.00
105.00
120.00
135.00
150.00
165.00
180.00
195.00
210.00
225.00
240.00
255.00
270.00
285.00
300.00
315.00
330.00
345.00
0.00
1.00
2.00
3.00
4.00
5.00
6.00
7.00
8.00
9.00
10.00
11.00
12.00
13.00
14.00
15.00
16.00
17.00
18.00
19.00
20.00
21.00
22.00
23.00
24.00
25.00
26.00
27.00
28.00
29.00
30.00
31.00
32.00
33.00
34.00
35.00
36.00
37.00
38.00
39.00
40.00
41.00
42.00
43.00
44.00
45.00
46.00
47.00
48.00
49.00
50.00
51.00
52.00
53.00
54.00
55.00
56.00
57.00
58.00
59.00
60.00
61.00
62.00
63.00
64.00
65.00
66.00
67.00
68.00
69.00
70.00
71.00
72.00
73.00
74.00
75.00
76.00
77.00
78.00
79.00
80.00
81.00
82.00
83.00
84.00
85.00
86.00
87.00
88.00
89.00
90.00
91.00
92.00
93.00
94.00
95.00
96.00
97.00
98.00
99.00
100.00
101.00
102.00
103.00
104.00
105.00
106.00
107.00
108.00
109.00
110.00
111.00
112.00
113.00
114.00
115.00
116.00
117.00
118.00
119.00
120.00
121.00
122.00
123.00
124.00
125.00
126.00
127.00
128.00
129.00
130.00
131.00
132.00
133.00
134.00
135.00
136.00
137.00
138.00
139.00
140.00
141.00
142.00
143.00
144.00
145.00
146.00
147.00
148.00
149.00
150.00
151.00
152.00
153.00
154.00
155.00
156.00
157.00
158.00
159.00
160.00
161.00
162.00
163.00
164.00
165.00
166.00
167.00
168.00
169.00
170.00
171.00
172.00
173.00
174.00
175.00
176.00
177.00
178.00
179.00
180.00
142.90
151.70
145.80
137.10
135.60
129.80
107.00
91.75
99.62
112.50
80.02
76.10
85.34
99.44
107.20
136.70
141.00
125.30
132.60
130.20
138.20
149.80
134.60
135.00
135.10
137.40
132.60
129.50
140.50
148.90
162.10
184.20
187.70
198.30
203.10
205.00
216.80
225.40
226.10
234.30
244.10
255.90
258.10
268.80
277.30
280.80
289.20
294.20
309.60
317.00
319.20
325.60
340.90
347.50
352.60
360.00
366.60
374.40
380.20
380.40
387.30
390.50
389.70
397.00
399.90
401.20
398.90
395.10
395.50
392.90
390.30
384.30
375.60
362.40
342.60
323.50
290.70
254.90
218.40
174.50
132.60
97.05
68.49
47.97
40.55
36.40
33.34
32.24
31.32
31.65
31.77
33.49
32.55
32.20
28.59
23.74
21.11
13.87
9.73
5.75
3.65
3.54
3.61
3.61
3.58
3.48
3.55
3.20
2.63
2.37
2.28
2.17
1.98
2.00
1.99
1.88
2.11
2.18
2.30
2.29
2.65
2.72
2.89
3.01
3.42
3.30
2.84
2.60
2.63
2.55
2.35
2.13
1.95
2.29
1.88
1.68
1.57
1.32
1.11
0.90
0.75
0.69
0.64
0.63
0.63
0.62
0.65
0.70
0.77
0.90
1.29
1.69
1.44
1.32
1.39
1.40
1.29
0.89
0.52
0.39
0.33
0.29
0.28
0.27
0.27
0.27
0.27
0.27
0.26
0.26
0.26
0.26
0.26
0.26
0.26
0.26
0.26
0.26
0.26
0.26
0.26
139.40
148.10
137.80
126.40
135.10
136.70
122.40
94.48
97.01
103.80
110.30
127.20
119.90
125.00
118.50
130.30
130.60
138.10
146.90
154.50
146.00
157.50
158.10
147.20
160.20
154.00
156.90
162.00
160.10
178.50
186.00
189.60
208.30
205.60
208.20
218.50
225.20
230.10
235.90
238.20
249.90
262.00
267.90
265.50
279.40
287.00
292.50
301.20
307.20
313.50
323.40
328.40
335.70
342.90
351.80
356.10
362.10
371.80
380.00
382.00
393.30
399.30
404.20
410.90
413.50
418.60
423.00
424.90
426.60
428.60
428.00
426.70
418.70
401.00
382.90
359.30
325.10
276.90
222.70
171.80
121.90
93.30
67.29
48.99
41.80
36.34
33.23
32.68
33.18
33.75
32.78
34.87
33.99
33.50
30.36
25.63
20.18
15.60
10.55
5.89
4.47
3.63
3.75
3.62
3.61
3.26
3.09
2.97
2.24
1.77
1.54
1.41
1.34
1.42
1.63
1.74
1.76
1.68
1.84
1.77
1.81
1.80
2.04
1.81
1.87
1.90
1.98
1.91
1.70
1.52
1.50
1.53
1.66
1.66
1.67
1.61
1.48
1.19
1.19
0.91
0.80
0.66
0.63
0.63
0.63
0.64
0.64
0.68
0.82
0.75
1.09
1.21
1.31
1.64
1.55
1.06
0.67
0.60
0.44
0.35
0.27
0.26
0.26
0.26
0.26
0.26
0.26
0.26
0.26
0.26
0.26
0.26
0.27
0.27
0.27
0.28
0.28
0.28
0.28
0.28
0.28
140.10
149.50
136.90
117.50
129.90
125.10
98.08
110.90
100.50
98.50
103.50
98.81
97.77
116.90
140.80
143.40
153.80
164.80
162.50
155.00
158.60
161.50
155.30
166.30
167.30
164.00
177.60
184.80
182.00
183.20
188.30
198.10
211.60
215.60
217.50
226.90
231.60
238.00
245.00
250.70
256.20
262.00
269.60
274.70
284.90
290.90
295.60
312.40
328.40
331.10
337.30
344.90
348.70
351.70
355.30
365.10
369.70
370.50
378.10
379.70
383.30
387.10
382.80
385.50
383.90
384.30
380.10
375.40
371.10
361.30
347.50
324.80
296.30
266.90
232.00
190.70
146.50
101.40
68.57
50.14
46.66
43.60
37.97
31.33
28.62
27.39
24.14
23.22
23.82
23.17
22.86
21.21
20.92
21.11
18.98
16.50
12.54
8.90
6.27
4.69
3.36
2.61
2.56
2.51
2.37
2.15
1.76
1.60
1.37
1.27
1.22
1.17
1.13
1.12
1.09
1.07
1.02
1.00
1.00
1.01
1.03
1.09
1.05
1.02
1.12
1.14
1.12
1.22
1.11
1.18
1.18
1.19
1.25
1.22
1.22
1.13
0.98
0.96
0.89
0.78
0.73
0.64
0.61
0.59
0.58
0.58
0.57
0.57
0.55
0.59
0.83
0.98
1.01
0.85
0.70
0.52
0.41
0.31
0.26
0.24
0.24
0.24
0.24
0.24
0.24
0.24
0.24
0.24
0.24
0.24
0.24
0.24
0.24
0.25
0.26
0.26
0.26
0.26
0.27
0.27
0.28
138.90
150.80
148.80
129.50
132.20
131.20
116.90
93.23
92.84
114.20
127.70
113.90
127.20
127.40
127.20
133.60
154.30
156.40
160.00
167.30
160.60
167.40
168.40
166.80
170.90
164.20
174.80
180.90
180.70
190.90
198.60
205.20
216.40
222.90
235.10
240.40
250.20
262.90
273.50
279.00
282.60
283.90
292.00
297.70
299.00
297.60
300.00
306.10
305.90
307.30
310.50
307.20
306.70
307.50
306.00
302.60
303.10
298.80
296.60
292.90
285.00
276.80
267.20
256.00
243.70
226.80
208.40
188.70
168.10
151.60
138.00
122.00
106.80
91.31
75.97
62.84
53.48
47.32
42.14
38.82
35.43
31.94
28.19
25.45
21.54
18.32
14.28
12.55
11.99
11.29
10.30
9.56
10.34
8.62
8.28
7.24
5.81
4.99
4.55
3.52
3.21
2.88
2.86
2.79
2.69
2.67
2.51
2.25
2.14
1.81
1.56
1.33
1.25
1.24
1.24
1.27
1.25
1.30
1.29
1.32
1.30
1.31
1.31
1.33
1.22
1.28
1.31
1.21
1.20
1.24
1.31
1.26
1.18
1.24
1.16
1.12
1.01
0.94
0.84
0.76
0.68
0.67
0.60
0.59
0.53
0.53
0.54
0.60
0.60
0.80
1.28
1.80
1.77
1.46
1.09
0.84
0.69
0.44
0.24
0.23
0.23
0.23
0.23
0.23
0.23
0.23
0.24
0.24
0.24
0.24
0.25
0.25
0.26
0.27
0.27
0.28
0.29
0.29
0.29
0.30
0.30
140.60
154.90
149.30
153.10
131.00
118.30
113.50
109.70
116.90
107.20
84.27
82.69
109.90
122.40
146.20
158.40
151.30
155.70
153.10
143.70
168.70
158.60
140.00
150.10
151.30
160.60
163.00
156.10
176.80
187.50
210.90
235.40
242.80
257.20
265.90
267.80
283.10
290.20
295.70
317.40
317.00
321.70
325.30
329.90
328.50
329.40
332.10
328.40
327.70
321.50
322.50
321.30
319.10
311.60
304.30
294.50
276.50
259.80
244.20
227.00
210.70
195.50
180.70
168.10
158.80
150.10
142.10
135.50
126.70
116.50
107.90
98.29
90.28
81.44
74.12
67.82
63.48
57.80
52.11
45.40
36.59
31.72
26.49
22.58
18.99
15.99
13.42
12.44
11.89
11.78
11.18
11.43
11.47
11.47
10.52
8.86
7.67
6.24
5.20
4.09
3.67
3.64
3.55
3.45
3.49
3.52
3.33
2.88
2.43
2.14
1.91
1.57
1.43
1.55
1.48
1.50
1.56
1.57
1.67
1.81
1.80
1.85
1.92
2.09
2.13
1.84
1.80
1.65
1.62
1.72
1.59
1.56
1.54
1.60
1.52
1.28
1.26
1.19
0.99
0.78
0.64
0.62
0.61
0.59
0.54
0.53
0.53
0.53
0.63
0.83
1.55
1.88
1.71
2.01
1.60
1.39
1.03
0.47
0.32
0.24
0.22
0.22
0.22
0.22
0.22
0.22
0.22
0.22
0.22
0.22
0.23
0.24
0.24
0.25
0.26
0.26
0.27
0.28
0.28
0.29
0.29
139.80
155.50
145.10
134.70
138.70
134.20
121.40
88.80
104.00
123.90
124.10
126.50
140.70
139.90
129.70
141.40
153.80
156.40
167.40
175.00
159.40
178.10
164.30
166.30
176.90
170.80
174.60
174.80
178.60
199.80
212.20
227.80
234.80
245.20
258.20
263.60
263.70
273.00
276.00
283.60
288.00
294.70
289.60
292.90
294.40
283.10
287.40
285.30
275.30
274.20
267.00
255.90
241.00
229.30
214.70
200.50
186.70
173.10
161.60
152.60
142.90
135.10
128.00
122.30
118.50
112.80
107.50
104.00
99.84
95.06
89.85
83.46
77.71
72.56
68.09
64.64
60.02
54.93
49.56
44.89
39.98
35.42
30.66
26.19
20.84
16.40
12.90
11.29
11.21
11.43
10.48
10.13
10.00
10.21
9.02
7.60
6.40
5.30
4.25
2.95
2.50
2.47
2.45
2.41
2.30
2.21
2.14
1.97
1.66
1.46
1.22
1.14
1.09
1.09
1.11
1.12
1.11
1.19
1.27
1.28
1.20
1.17
1.17
1.24
1.26
1.36
1.17
1.15
1.05
1.09
1.20
1.20
1.20
1.20
1.13
1.09
1.01
0.91
0.81
0.72
0.68
0.60
0.58
0.55
0.55
0.55
0.55
0.62
0.81
1.00
1.23
1.36
1.75
1.89
1.04
0.88
0.69
0.37
0.27
0.23
0.23
0.23
0.23
0.23
0.24
0.24
0.24
0.24
0.25
0.25
0.25
0.26
0.27
0.27
0.28
0.29
0.30
0.30
0.31
0.31
0.31
140.30
160.50
145.00
119.70
123.90
116.10
89.09
115.50
106.20
92.47
100.90
109.00
102.30
120.00
138.00
149.60
161.10
173.10
163.90
161.30
181.80
171.40
159.20
177.40
187.20
184.40
204.80
198.40
199.20
196.80
210.50
223.50
248.40
254.40
262.70
264.40
265.30
272.60
268.30
262.40
265.50
278.70
283.50
281.60
270.00
268.20
264.90
253.90
247.40
240.50
235.60
225.70
214.10
200.60
190.50
180.00
168.90
159.60
149.30
141.60
135.50
129.10
126.40
122.80
116.40
113.40
109.80
106.70
104.40
101.60
97.11
92.33
84.83
77.65
74.24
71.03
69.43
63.80
57.14
50.49
43.44
36.93
34.00
27.14
24.76
20.53
16.93
15.32
14.07
13.60
13.05
12.05
11.87
11.61
11.56
8.39
6.63
5.16
3.96
3.00
2.45
2.28
2.41
2.23
2.00
1.80
1.72
1.57
1.43
1.35
1.29
1.20
1.13
1.09
1.07
1.08
1.01
0.98
0.99
1.02
0.96
0.98
0.95
1.02
0.97
1.03
0.99
1.01
1.03
1.11
1.06
0.97
0.99
1.04
1.10
0.92
0.83
0.70
0.66
0.63
0.58
0.57
0.54
0.53
0.52
0.51
0.51
0.51
0.63
0.68
1.15
1.18
0.88
0.64
0.61
0.52
0.30
0.24
0.23
0.23
0.23
0.23
0.23
0.23
0.23
0.23
0.23
0.23
0.23
0.24
0.24
0.24
0.25
0.25
0.27
0.27
0.28
0.29
0.29
0.29
0.31
139.80
155.50
145.10
134.70
138.70
134.20
121.40
88.80
104.00
123.90
124.10
126.50
140.70
139.90
129.70
141.40
153.80
156.40
167.40
175.00
159.40
178.10
164.30
166.30
176.90
170.80
174.60
174.80
178.60
199.80
212.20
227.80
234.80
245.20
258.20
263.60
263.70
273.00
276.00
283.60
288.00
294.70
289.60
292.90
294.40
283.10
287.40
285.30
275.30
274.20
267.00
255.90
241.00
229.30
214.70
200.50
186.70
173.10
161.60
152.60
142.90
135.10
128.00
122.30
118.50
112.80
107.50
104.00
99.84
95.06
89.85
83.46
77.71
72.56
68.09
64.64
60.02
54.93
49.56
44.89
39.98
35.42
30.66
26.19
20.84
16.40
12.90
11.29
11.21
11.43
10.48
10.13
10.00
10.21
9.02
7.60
6.40
5.30
4.25
2.95
2.50
2.47
2.45
2.41
2.30
2.21
2.14
1.97
1.66
1.46
1.22
1.14
1.09
1.09
1.11
1.12
1.11
1.19
1.27
1.28
1.20
1.17
1.17
1.24
1.26
1.36
1.17
1.15
1.05
1.09
1.20
1.20
1.20
1.20
1.13
1.09
1.01
0.91
0.81
0.72
0.68
0.60
0.58
0.55
0.55
0.55
0.55
0.62
0.81
1.00
1.23
1.36
1.75
1.89
1.04
0.88
0.69
0.37
0.27
0.23
0.23
0.23
0.23
0.23
0.24
0.24
0.24
0.24
0.25
0.25
0.25
0.26
0.27
0.27
0.28
0.29
0.30
0.30
0.31
0.31
0.31
140.60
154.90
149.30
153.10
131.00
118.30
113.50
109.70
116.90
107.20
84.27
82.69
109.90
122.40
146.20
158.40
151.30
155.70
153.10
143.70
168.70
158.60
140.00
150.10
151.30
160.60
163.00
156.10
176.80
187.50
210.90
235.40
242.80
257.20
265.90
267.80
283.10
290.20
295.70
317.40
317.00
321.70
325.30
329.90
328.50
329.40
332.10
328.40
327.70
321.50
322.50
321.30
319.10
311.60
304.30
294.50
276.50
259.80
244.20
227.00
210.70
195.50
180.70
168.10
158.80
150.10
142.10
135.50
126.70
116.50
107.90
98.29
90.28
81.44
74.12
67.82
63.48
57.80
52.11
45.40
36.59
31.72
26.49
22.58
18.99
15.99
13.42
12.44
11.89
11.78
11.18
11.43
11.47
11.47
10.52
8.86
7.67
6.24
5.20
4.09
3.67
3.64
3.55
3.45
3.49
3.52
3.33
2.88
2.43
2.14
1.91
1.57
1.43
1.55
1.48
1.50
1.56
1.57
1.67
1.81
1.80
1.85
1.92
2.09
2.13
1.84
1.80
1.65
1.62
1.72
1.59
1.56
1.54
1.60
1.52
1.28
1.26
1.19
0.99
0.78
0.64
0.62
0.61
0.59
0.54
0.53
0.53
0.53
0.63
0.83
1.55
1.88
1.71
2.01
1.60
1.39
1.03
0.47
0.32
0.24
0.22
0.22
0.22
0.22
0.22
0.22
0.22
0.22
0.22
0.22
0.23
0.24
0.24
0.25
0.26
0.26
0.27
0.28
0.28
0.29
0.29
138.90
150.80
148.80
129.50
132.20
131.20
116.90
93.23
92.84
114.20
127.70
113.90
127.20
127.40
127.20
133.60
154.30
156.40
160.00
167.30
160.60
167.40
168.40
166.80
170.90
164.20
174.80
180.90
180.70
190.90
198.60
205.20
216.40
222.90
235.10
240.40
250.20
262.90
273.50
279.00
282.60
283.90
292.00
297.70
299.00
297.60
300.00
306.10
305.90
307.30
310.50
307.20
306.70
307.50
306.00
302.60
303.10
298.80
296.60
292.90
285.00
276.80
267.20
256.00
243.70
226.80
208.40
188.70
168.10
151.60
138.00
122.00
106.80
91.31
75.97
62.84
53.48
47.32
42.14
38.82
35.43
31.94
28.19
25.45
21.54
18.32
14.28
12.55
11.99
11.29
10.30
9.56
10.34
8.62
8.28
7.24
5.81
4.99
4.55
3.52
3.21
2.88
2.86
2.79
2.69
2.67
2.51
2.25
2.14
1.81
1.56
1.33
1.25
1.24
1.24
1.27
1.25
1.30
1.29
1.32
1.30
1.31
1.31
1.33
1.22
1.28
1.31
1.21
1.20
1.24
1.31
1.26
1.18
1.24
1.16
1.12
1.01
0.94
0.84
0.76
0.68
0.67
0.60
0.59
0.53
0.53
0.54
0.60
0.60
0.80
1.28
1.80
1.77
1.46
1.09
0.84
0.69
0.44
0.24
0.23
0.23
0.23
0.23
0.23
0.23
0.23
0.24
0.24
0.24
0.24
0.25
0.25
0.26
0.27
0.27
0.28
0.29
0.29
0.29
0.30
0.30
140.10
149.50
136.90
117.50
129.90
125.10
98.08
110.90
100.50
98.50
103.50
98.81
97.77
116.90
140.80
143.40
153.80
164.80
162.50
155.00
158.60
161.50
155.30
166.30
167.30
164.00
177.60
184.80
182.00
183.20
188.30
198.10
211.60
215.60
217.50
226.90
231.60
238.00
245.00
250.70
256.20
262.00
269.60
274.70
284.90
290.90
295.60
312.40
328.40
331.10
337.30
344.90
348.70
351.70
355.30
365.10
369.70
370.50
378.10
379.70
383.30
387.10
382.80
385.50
383.90
384.30
380.10
375.40
371.10
361.30
347.50
324.80
296.30
266.90
232.00
190.70
146.50
101.40
68.57
50.14
46.66
43.60
37.97
31.33
28.62
27.39
24.14
23.22
23.82
23.17
22.86
21.21
20.92
21.11
18.98
16.50
12.54
8.90
6.27
4.69
3.36
2.61
2.56
2.51
2.37
2.15
1.76
1.60
1.37
1.27
1.22
1.17
1.13
1.12
1.09
1.07
1.02
1.00
1.00
1.01
1.03
1.09
1.05
1.02
1.12
1.14
1.12
1.22
1.11
1.18
1.18
1.19
1.25
1.22
1.22
1.13
0.98
0.96
0.89
0.78
0.73
0.64
0.61
0.59
0.58
0.58
0.57
0.57
0.55
0.59
0.83
0.98
1.01
0.85
0.70
0.52
0.41
0.31
0.26
0.24
0.24
0.24
0.24
0.24
0.24
0.24
0.24
0.24
0.24
0.24
0.24
0.24
0.24
0.25
0.26
0.26
0.26
0.26
0.27
0.27
0.28
139.40
148.10
137.80
126.40
135.10
136.70
122.40
94.48
97.01
103.80
110.30
127.20
119.90
125.00
118.50
130.30
130.60
138.10
146.90
154.50
146.00
157.50
158.10
147.20
160.20
154.00
156.90
162.00
160.10
178.50
186.00
189.60
208.30
205.60
208.20
218.50
225.20
230.10
235.90
238.20
249.90
262.00
267.90
265.50
279.40
287.00
292.50
301.20
307.20
313.50
323.40
328.40
335.70
342.90
351.80
356.10
362.10
371.80
380.00
382.00
393.30
399.30
404.20
410.90
413.50
418.60
423.00
424.90
426.60
428.60
428.00
426.70
418.70
401.00
382.90
359.30
325.10
276.90
222.70
171.80
121.90
93.30
67.29
48.99
41.80
36.34
33.23
32.68
33.18
33.75
32.78
34.87
33.99
33.50
30.36
25.63
20.18
15.60
10.55
5.89
4.47
3.63
3.75
3.62
3.61
3.26
3.09
2.97
2.24
1.77
1.54
1.41
1.34
1.42
1.63
1.74
1.76
1.68
1.84
1.77
1.81
1.80
2.04
1.81
1.87
1.90
1.98
1.91
1.70
1.52
1.50
1.53
1.66
1.66
1.67
1.61
1.48
1.19
1.19
0.91
0.80
0.66
0.63
0.63
0.63
0.64
0.64
0.68
0.82
0.75
1.09
1.21
1.31
1.64
1.55
1.06
0.67
0.60
0.44
0.35
0.27
0.26
0.26
0.26
0.26
0.26
0.26
0.26
0.26
0.26
0.26
0.26
0.27
0.27
0.27
0.28
0.28
0.28
0.28
0.28
0.28
142.90
151.70
145.80
137.10
135.60
129.80
107.00
91.75
99.62
112.50
80.02
76.10
85.34
99.44
107.20
136.70
141.00
125.30
132.60
130.20
138.20
149.80
134.60
135.00
135.10
137.40
132.60
129.50
140.50
148.90
162.10
184.20
187.70
198.30
203.10
205.00
216.80
225.40
226.10
234.30
244.10
255.90
258.10
268.80
277.30
280.80
289.20
294.20
309.60
317.00
319.20
325.60
340.90
347.50
352.60
360.00
366.60
374.40
380.20
380.40
387.30
390.50
389.70
397.00
399.90
401.20
398.90
395.10
395.50
392.90
390.30
384.30
375.60
362.40
342.60
323.50
290.70
254.90
218.40
174.50
132.60
97.05
68.49
47.97
40.55
36.40
33.34
32.24
31.32
31.65
31.77
33.49
32.55
32.20
28.59
23.74
21.11
13.87
9.73
5.75
3.65
3.54
3.61
3.61
3.58
3.48
3.55
3.20
2.63
2.37
2.28
2.17
1.98
2.00
1.99
1.88
2.11
2.18
2.30
2.29
2.65
2.72
2.89
3.01
3.42
3.30
2.84
2.60
2.63
2.55
2.35
2.13
1.95
2.29
1.88
1.68
1.57
1.32
1.11
0.90
0.75
0.69
0.64
0.63
0.63
0.62
0.65
0.70
0.77
0.90
1.29
1.69
1.44
1.32
1.39
1.40
1.29
0.89
0.52
0.39
0.33
0.29
0.28
0.27
0.27
0.27
0.27
0.27
0.26
0.26
0.26
0.26
0.26
0.26
0.26
0.26
0.26
0.26
0.26
0.26
0.26
139.40
152.80
147.10
131.10
131.20
129.50
100.40
86.05
98.10
100.10
118.90
114.90
112.00
106.90
109.60
106.70
119.10
126.90
133.90
145.60
133.70
136.70
130.60
134.40
137.30
138.00
136.60
141.20
142.50
145.40
146.20
151.70
161.70
166.40
168.60
172.70
169.80
175.90
180.00
185.00
187.40
199.40
203.10
201.50
206.80
212.00
214.60
215.60
214.80
217.10
220.40
224.80
227.90
233.60
234.30
229.60
227.30
227.70
227.20
228.00
224.90
225.10
223.20
220.50
218.10
215.90
212.40
207.80
202.10
196.10
189.40
184.10
177.60
170.50
162.30
154.10
142.80
127.90
112.10
88.96
75.99
60.96
45.89
36.02
28.38
23.41
20.24
18.87
18.30
18.01
17.43
17.88
16.86
16.01
12.24
10.48
8.80
6.77
5.13
3.66
3.29
2.95
3.01
2.85
2.72
2.57
2.26
2.00
1.80
1.46
1.33
1.26
1.27
1.29
1.34
1.34
1.33
1.42
1.45
1.39
1.36
1.34
1.52
1.27
1.27
1.43
1.56
1.39
1.36
1.38
1.36
1.47
1.52
1.53
1.54
1.35
1.07
1.01
0.98
0.83
0.77
0.75
0.72
0.71
0.70
0.70
0.75
0.70
0.70
0.92
1.17
1.13
1.29
1.20
0.94
0.85
0.66
0.48
0.43
0.36
0.33
0.32
0.32
0.31
0.31
0.31
0.30
0.30
0.30
0.29
0.29
0.29
0.28
0.28
0.28
0.28
0.28
0.28
0.28
0.28
0.28
140.10
146.40
138.60
121.10
120.80
112.60
87.58
98.34
96.31
90.50
86.66
77.84
85.80
90.18
110.10
114.70
112.40
126.50
120.40
117.40
119.50
130.00
126.50
125.80
133.20
124.30
136.10
128.50
127.80
127.80
138.50
146.00
147.30
145.80
144.40
145.40
148.00
149.40
155.00
162.80
160.10
155.90
158.50
160.80
162.90
164.40
166.70
175.70
172.50
169.50
163.70
165.10
168.90
167.60
168.50
166.40
164.30
163.10
160.20
159.10
156.10
154.10
153.20
149.90
147.60
144.00
138.90
133.60
127.50
122.60
117.00
111.30
104.80
99.54
93.64
85.67
76.84
71.01
60.90
49.72
41.89
36.53
31.27
27.41
22.62
19.12
16.39
14.87
14.48
13.43
12.44
12.40
12.00
11.39
10.30
9.12
7.41
5.86
4.81
3.43
2.78
2.58
2.37
2.32
1.96
1.73
1.55
1.39
1.27
1.21
1.17
1.10
1.05
1.03
1.01
1.00
0.97
0.94
0.95
1.03
1.09
1.24
1.24
1.33
1.26
1.24
1.33
1.41
1.35
1.29
1.28
1.32
1.41
1.45
1.42
1.30
1.22
1.15
1.09
1.02
0.86
0.76
0.68
0.65
0.63
0.63
0.63
0.63
0.65
0.72
0.97
1.09
1.06
0.80
0.64
0.62
0.44
0.35
0.34
0.33
0.32
0.32
0.31
0.31
0.30
0.30
0.29
0.29
0.29
0.29
0.28
0.28
0.28
0.28
0.28
0.28
0.28
0.28
0.28
0.28
0.28
138.90
142.20
136.80
127.10
129.30
117.80
104.10
83.01
83.64
93.99
102.90
102.60
112.40
103.30
99.74
106.10
97.11
108.00
107.00
105.80
95.88
96.79
102.90
103.50
103.60
96.12
99.87
100.40
99.76
105.80
105.30
111.50
116.00
114.20
119.00
121.60
124.00
123.10
126.00
126.70
126.90
130.90
131.90
129.90
132.00
133.60
134.60
138.80
134.70
132.40
133.60
132.40
129.10
129.90
130.60
129.30
128.00
126.80
122.70
121.60
118.90
116.80
113.80
112.90
108.50
107.90
105.60
101.80
99.00
95.45
90.96
86.93
83.78
80.12
74.73
69.22
64.10
57.80
52.60
47.97
44.46
36.90
31.67
26.26
21.93
18.40
16.50
15.22
13.70
12.73
11.61
11.67
11.48
10.51
9.43
7.82
6.73
5.07
4.24
3.23
2.75
2.52
2.47
2.42
2.15
1.97
1.84
1.62
1.46
1.28
1.18
1.17
1.25
1.40
1.84
1.77
1.81
1.80
2.11
2.16
2.09
2.20
2.14
2.39
2.50
2.16
2.64
2.30
1.76
1.81
1.76
1.73
1.71
1.70
1.67
1.62
1.44
1.40
1.20
1.07
0.84
0.77
0.77
0.72
0.66
0.65
0.64
0.64
0.68
0.97
0.89
1.25
1.41
1.12
0.84
0.72
0.59
0.45
0.38
0.35
0.34
0.34
0.34
0.34
0.33
0.33
0.32
0.32
0.32
0.31
0.31
0.30
0.30
0.30
0.30
0.30
0.30
0.29
0.29
0.29
0.29
140.60
138.90
141.80
138.80
122.30
110.80
101.00
85.11
82.93
92.04
80.77
65.28
78.76
82.08
87.60
97.79
101.50
86.31
82.86
81.80
87.86
93.21
79.16
74.84
75.22
80.36
81.79
74.40
85.75
82.02
89.27
92.70
98.82
103.30
102.80
104.20
105.20
106.90
106.20
107.00
111.60
115.50
118.60
117.40
119.00
123.00
122.30
123.60
125.60
126.40
128.60
129.00
132.80
131.80
130.90
130.70
129.40
127.10
125.20
126.70
126.10
125.90
124.00
122.10
120.10
119.50
117.30
115.40
113.00
109.00
104.40
102.40
98.82
93.73
90.17
85.68
79.01
72.98
64.70
59.16
51.67
44.56
38.71
32.71
28.56
23.91
20.70
19.11
18.11
16.46
15.85
14.99
14.66
13.50
11.48
9.39
7.82
6.04
4.24
3.25
2.90
2.76
2.75
2.72
2.75
2.77
2.70
2.24
2.05
1.80
1.84
1.93
2.04
2.38
2.42
2.51
3.06
2.87
2.78
3.14
3.42
3.22
3.42
3.54
4.13
3.57
3.26
3.31
3.00
2.92
2.93
2.27
2.20
2.24
2.25
2.13
1.81
1.67
1.33
1.03
0.71
0.68
0.68
0.66
0.64
0.61
0.61
0.63
0.65
0.78
1.09
1.09
1.09
1.13
1.15
1.12
0.92
0.53
0.40
0.34
0.33
0.33
0.32
0.32
0.32
0.31
0.31
0.31
0.30
0.30
0.30
0.30
0.30
0.30
0.30
0.30
0.30
0.30
0.30
0.30
0.30
139.80
139.70
133.90
121.00
130.50
121.20
108.90
82.03
77.36
91.54
92.86
86.36
86.83
85.74
81.90
85.83
92.81
87.36
88.97
89.71
82.62
81.42
82.85
80.89
87.71
75.73
74.54
82.07
80.63
83.75
86.71
91.58
98.63
99.18
100.10
100.20
97.82
97.89
100.30
100.70
101.30
103.20
105.50
111.80
110.40
107.60
108.30
107.10
107.80
110.90
112.50
112.80
111.60
111.60
111.40
109.60
107.10
107.30
107.40
108.90
106.10
102.60
101.60
100.20
99.71
97.86
97.35
96.56
95.24
93.32
89.78
86.78
84.72
82.08
78.45
75.40
71.44
67.50
64.05
61.48
59.57
51.74
45.98
41.58
37.43
33.00
31.02
30.81
29.84
28.40
27.45
27.06
25.68
21.21
18.27
14.74
10.86
8.83
7.08
5.38
4.40
4.06
4.41
4.02
3.83
3.45
3.70
2.79
2.28
1.80
1.55
1.45
1.43
1.36
1.51
1.51
1.75
1.76
1.73
1.93
1.87
1.83
1.72
2.00
1.90
1.98
2.06
1.94
1.96
1.62
1.70
1.60
1.58
1.59
1.64
1.57
1.48
1.21
1.08
0.92
0.85
0.77
0.74
0.70
0.66
0.63
0.62
0.63
0.64
0.77
0.86
0.92
0.90
0.95
0.71
0.67
0.52
0.42
0.36
0.34
0.34
0.34
0.34
0.34
0.34
0.34
0.33
0.33
0.33
0.32
0.32
0.31
0.31
0.31
0.31
0.31
0.31
0.31
0.31
0.31
0.31
140.30
135.90
128.70
106.10
109.90
100.40
90.87
90.26
79.85
76.82
75.49
79.80
67.79
73.71
88.96
80.75
87.14
88.31
85.93
92.80
83.74
83.67
76.74
83.77
84.08
85.04
90.83
82.46
77.90
76.77
76.89
84.19
85.69
88.74
88.00
87.70
91.12
91.06
89.92
92.60
96.48
97.54
91.89
93.05
98.47
98.91
99.92
101.50
103.00
102.10
104.90
104.50
106.40
105.70
107.50
104.00
104.60
103.10
102.90
99.98
99.17
101.00
100.80
101.80
99.58
96.94
94.80
92.25
90.83
88.08
88.48
86.81
84.04
81.57
79.33
75.20
71.41
69.71
64.18
59.77
58.32
52.33
48.32
43.09
40.25
38.55
36.43
36.89
37.01
35.98
37.58
36.67
36.23
36.75
34.11
28.73
19.99
12.60
8.36
5.82
3.93
3.38
3.44
3.04
2.94
2.38
2.02
1.71
1.26
1.25
1.14
1.01
0.97
0.89
0.89
0.89
0.90
0.90
0.95
1.25
1.42
1.17
1.19
1.29
1.24
1.33
1.42
1.37
1.35
1.38
1.37
1.46
1.42
1.49
1.63
1.52
1.28
1.20
1.15
1.09
0.86
0.75
0.70
0.68
0.65
0.63
0.62
0.61
0.57
0.58
0.69
0.91
0.75
0.51
0.48
0.45
0.34
0.34
0.34
0.34
0.34
0.33
0.32
0.32
0.32
0.32
0.31
0.31
0.31
0.31
0.31
0.31
0.31
0.31
0.31
0.31
0.31
0.31
0.31
0.31
0.31
139.80
139.70
133.90
121.00
130.50
121.20
108.90
82.03
77.36
91.54
92.86
86.36
86.83
85.74
81.90
85.83
92.81
87.36
88.97
89.71
82.62
81.42
82.85
80.89
87.71
75.73
74.54
82.07
80.63
83.75
86.71
91.58
98.63
99.18
100.10
100.20
97.82
97.89
100.30
100.70
101.30
103.20
105.50
111.80
110.40
107.60
108.30
107.10
107.80
110.90
112.50
112.80
111.60
111.60
111.40
109.60
107.10
107.30
107.40
108.90
106.10
102.60
101.60
100.20
99.71
97.86
97.35
96.56
95.24
93.32
89.78
86.78
84.72
82.08
78.45
75.40
71.44
67.50
64.05
61.48
59.57
51.74
45.98
41.58
37.43
33.00
31.02
30.81
29.84
28.40
27.45
27.06
25.68
21.21
18.27
14.74
10.86
8.83
7.08
5.38
4.40
4.06
4.41
4.02
3.83
3.45
3.70
2.79
2.28
1.80
1.55
1.45
1.43
1.36
1.51
1.51
1.75
1.76
1.73
1.93
1.87
1.83
1.72
2.00
1.90
1.98
2.06
1.94
1.96
1.62
1.70
1.60
1.58
1.59
1.64
1.57
1.48
1.21
1.08
0.92
0.85
0.77
0.74
0.70
0.66
0.63
0.62
0.63
0.64
0.77
0.86
0.92
0.90
0.95
0.71
0.67
0.52
0.42
0.36
0.34
0.34
0.34
0.34
0.34
0.34
0.34
0.33
0.33
0.33
0.32
0.32
0.31
0.31
0.31
0.31
0.31
0.31
0.31
0.31
0.31
0.31
140.60
138.90
141.80
138.80
122.30
110.80
101.00
85.11
82.93
92.04
80.77
65.28
78.76
82.08
87.60
97.79
101.50
86.31
82.86
81.80
87.86
93.21
79.16
74.84
75.22
80.36
81.79
74.40
85.75
82.02
89.27
92.70
98.82
103.30
102.80
104.20
105.20
106.90
106.20
107.00
111.60
115.50
118.60
117.40
119.00
123.00
122.30
123.60
125.60
126.40
128.60
129.00
132.80
131.80
130.90
130.70
129.40
127.10
125.20
126.70
126.10
125.90
124.00
122.10
120.10
119.50
117.30
115.40
113.00
109.00
104.40
102.40
98.82
93.73
90.17
85.68
79.01
72.98
64.70
59.16
51.67
44.56
38.71
32.71
28.56
23.91
20.70
19.11
18.11
16.46
15.85
14.99
14.66
13.50
11.48
9.39
7.82
6.04
4.24
3.25
2.90
2.76
2.75
2.72
2.75
2.77
2.70
2.24
2.05
1.80
1.84
1.93
2.04
2.38
2.42
2.51
3.06
2.87
2.78
3.14
3.42
3.22
3.42
3.54
4.13
3.57
3.26
3.31
3.00
2.92
2.93
2.27
2.20
2.24
2.25
2.13
1.81
1.67
1.33
1.03
0.71
0.68
0.68
0.66
0.64
0.61
0.61
0.63
0.65
0.78
1.09
1.09
1.09
1.13
1.15
1.12
0.92
0.53
0.40
0.34
0.33
0.33
0.32
0.32
0.32
0.31
0.31
0.31
0.30
0.30
0.30
0.30
0.30
0.30
0.30
0.30
0.30
0.30
0.30
0.30
0.30
138.90
142.20
136.80
127.10
129.30
117.80
104.10
83.01
83.64
93.99
102.90
102.60
112.40
103.30
99.74
106.10
97.11
108.00
107.00
105.80
95.88
96.79
102.90
103.50
103.60
96.12
99.87
100.40
99.76
105.80
105.30
111.50
116.00
114.20
119.00
121.60
124.00
123.10
126.00
126.70
126.90
130.90
131.90
129.90
132.00
133.60
134.60
138.80
134.70
132.40
133.60
132.40
129.10
129.90
130.60
129.30
128.00
126.80
122.70
121.60
118.90
116.80
113.80
112.90
108.50
107.90
105.60
101.80
99.00
95.45
90.96
86.93
83.78
80.12
74.73
69.22
64.10
57.80
52.60
47.97
44.46
36.90
31.67
26.26
21.93
18.40
16.50
15.22
13.70
12.73
11.61
11.67
11.48
10.51
9.43
7.82
6.73
5.07
4.24
3.23
2.75
2.52
2.47
2.42
2.15
1.97
1.84
1.62
1.46
1.28
1.18
1.17
1.25
1.40
1.84
1.77
1.81
1.80
2.11
2.16
2.09
2.20
2.14
2.39
2.50
2.16
2.64
2.30
1.76
1.81
1.76
1.73
1.71
1.70
1.67
1.62
1.44
1.40
1.20
1.07
0.84
0.77
0.77
0.72
0.66
0.65
0.64
0.64
0.68
0.97
0.89
1.25
1.41
1.12
0.84
0.72
0.59
0.45
0.38
0.35
0.34
0.34
0.34
0.34
0.33
0.33
0.32
0.32
0.32
0.31
0.31
0.30
0.30
0.30
0.30
0.30
0.30
0.29
0.29
0.29
0.29
140.10
146.40
138.60
121.10
120.80
112.60
87.58
98.34
96.31
90.50
86.66
77.84
85.80
90.18
110.10
114.70
112.40
126.50
120.40
117.40
119.50
130.00
126.50
125.80
133.20
124.30
136.10
128.50
127.80
127.80
138.50
146.00
147.30
145.80
144.40
145.40
148.00
149.40
155.00
162.80
160.10
155.90
158.50
160.80
162.90
164.40
166.70
175.70
172.50
169.50
163.70
165.10
168.90
167.60
168.50
166.40
164.30
163.10
160.20
159.10
156.10
154.10
153.20
149.90
147.60
144.00
138.90
133.60
127.50
122.60
117.00
111.30
104.80
99.54
93.64
85.67
76.84
71.01
60.90
49.72
41.89
36.53
31.27
27.41
22.62
19.12
16.39
14.87
14.48
13.43
12.44
12.40
12.00
11.39
10.30
9.12
7.41
5.86
4.81
3.43
2.78
2.58
2.37
2.32
1.96
1.73
1.55
1.39
1.27
1.21
1.17
1.10
1.05
1.03
1.01
1.00
0.97
0.94
0.95
1.03
1.09
1.24
1.24
1.33
1.26
1.24
1.33
1.41
1.35
1.29
1.28
1.32
1.41
1.45
1.42
1.30
1.22
1.15
1.09
1.02
0.86
0.76
0.68
0.65
0.63
0.63
0.63
0.63
0.65
0.72
0.97
1.09
1.06
0.80
0.64
0.62
0.44
0.35
0.34
0.33
0.32
0.32
0.31
0.31
0.30
0.30
0.29
0.29
0.29
0.29
0.28
0.28
0.28
0.28
0.28
0.28
0.28
0.28
0.28
0.28
0.28
139.40
152.80
147.10
131.10
131.20
129.50
100.40
86.05
98.10
100.10
118.90
114.90
112.00
106.90
109.60
106.70
119.10
126.90
133.90
145.60
133.70
136.70
130.60
134.40
137.30
138.00
136.60
141.20
142.50
145.40
146.20
151.70
161.70
166.40
168.60
172.70
169.80
175.90
180.00
185.00
187.40
199.40
203.10
201.50
206.80
212.00
214.60
215.60
214.80
217.10
220.40
224.80
227.90
233.60
234.30
229.60
227.30
227.70
227.20
228.00
224.90
225.10
223.20
220.50
218.10
215.90
212.40
207.80
202.10
196.10
189.40
184.10
177.60
170.50
162.30
154.10
142.80
127.90
112.10
88.96
75.99
60.96
45.89
36.02
28.38
23.41
20.24
18.87
18.30
18.01
17.43
17.88
16.86
16.01
12.24
10.48
8.80
6.77
5.13
3.66
3.29
2.95
3.01
2.85
2.72
2.57
2.26
2.00
1.80
1.46
1.33
1.26
1.27
1.29
1.34
1.34
1.33
1.42
1.45
1.39
1.36
1.34
1.52
1.27
1.27
1.43
1.56
1.39
1.36
1.38
1.36
1.47
1.52
1.53
1.54
1.35
1.07
1.01
0.98
0.83
0.77
0.75
0.72
0.71
0.70
0.70
0.75
0.70
0.70
0.92
1.17
1.13
1.29
1.20
0.94
0.85
0.66
0.48
0.43
0.36
0.33
0.32
0.32
0.31
0.31
0.31
0.30
0.30
0.30
0.29
0.29
0.29
0.28
0.28
0.28
0.28
0.28
0.28
0.28
0.28
0.28
