SALVI
1
0
24
15.0
181
1.0
25010 WALK Y50 350mA 3000K F151 VDR
25010-WALK-Y50-F151-VDR
25010-WALK-Y50-F151-VDR
25010-WALK-Y50-F151-VDR.ldt
23-1-2025/TB
430
430
110
240
240
0
0
0
0
97.76
100.00
1.00
0.00
1
1
24LED Y50
5890.00
3000
70
49.80
0.23
0.31
0.39
0.47
0.52
0.61
0.67
0.72
0.78
0.81
0.00
15.00
30.00
45.00
60.00
75.00
90.00
105.00
120.00
135.00
150.00
165.00
180.00
195.00
210.00
225.00
240.00
255.00
270.00
285.00
300.00
315.00
330.00
345.00
0.00
1.00
2.00
3.00
4.00
5.00
6.00
7.00
8.00
9.00
10.00
11.00
12.00
13.00
14.00
15.00
16.00
17.00
18.00
19.00
20.00
21.00
22.00
23.00
24.00
25.00
26.00
27.00
28.00
29.00
30.00
31.00
32.00
33.00
34.00
35.00
36.00
37.00
38.00
39.00
40.00
41.00
42.00
43.00
44.00
45.00
46.00
47.00
48.00
49.00
50.00
51.00
52.00
53.00
54.00
55.00
56.00
57.00
58.00
59.00
60.00
61.00
62.00
63.00
64.00
65.00
66.00
67.00
68.00
69.00
70.00
71.00
72.00
73.00
74.00
75.00
76.00
77.00
78.00
79.00
80.00
81.00
82.00
83.00
84.00
85.00
86.00
87.00
88.00
89.00
90.00
91.00
92.00
93.00
94.00
95.00
96.00
97.00
98.00
99.00
100.00
101.00
102.00
103.00
104.00
105.00
106.00
107.00
108.00
109.00
110.00
111.00
112.00
113.00
114.00
115.00
116.00
117.00
118.00
119.00
120.00
121.00
122.00
123.00
124.00
125.00
126.00
127.00
128.00
129.00
130.00
131.00
132.00
133.00
134.00
135.00
136.00
137.00
138.00
139.00
140.00
141.00
142.00
143.00
144.00
145.00
146.00
147.00
148.00
149.00
150.00
151.00
152.00
153.00
154.00
155.00
156.00
157.00
158.00
159.00
160.00
161.00
162.00
163.00
164.00
165.00
166.00
167.00
168.00
169.00
170.00
171.00
172.00
173.00
174.00
175.00
176.00
177.00
178.00
179.00
180.00
68.93
68.93
69.67
74.32
79.70
87.54
97.80
111.70
112.00
113.00
116.30
125.20
144.40
147.60
148.90
151.40
155.20
176.50
183.60
187.40
191.60
197.30
216.80
224.90
229.60
233.30
245.60
259.30
267.30
275.90
283.30
289.50
297.10
305.00
314.00
322.10
328.00
333.60
337.40
340.30
343.60
345.70
345.80
344.70
343.50
342.20
341.00
340.30
339.80
339.60
340.00
340.70
342.00
343.40
345.40
347.80
350.10
352.70
355.00
357.40
359.10
360.30
360.60
360.10
358.10
355.40
350.10
341.50
330.10
314.10
295.40
274.10
251.30
221.70
195.10
169.60
146.30
124.80
100.70
76.92
56.84
41.79
28.06
16.53
8.15
4.29
2.51
1.53
1.43
1.50
1.59
1.90
2.27
2.60
2.90
3.19
3.48
3.77
4.03
4.21
4.33
4.43
4.50
4.54
4.58
4.60
4.62
4.62
4.62
4.63
4.62
4.63
4.63
4.63
4.64
4.65
4.66
4.68
4.71
4.73
4.76
4.80
4.84
4.89
4.94
5.00
5.05
5.12
5.18
5.25
5.33
5.41
5.49
5.57
5.66
5.66
5.57
5.40
5.18
4.95
4.70
4.42
4.12
3.80
3.47
3.11
2.72
2.31
1.89
1.49
1.19
0.95
0.73
0.53
0.43
0.43
0.43
0.43
0.43
0.43
0.43
0.43
0.44
0.45
0.47
0.50
0.52
0.56
0.61
0.65
0.62
0.64
0.66
0.67
0.69
0.72
0.76
0.79
0.84
0.89
0.94
66.69
71.77
75.41
79.87
84.60
91.62
100.70
120.60
125.60
131.00
136.50
142.80
165.20
174.50
182.90
191.20
195.00
208.10
227.60
236.60
243.20
249.70
262.60
286.10
295.10
301.80
307.30
330.10
344.60
351.50
356.70
362.10
369.40
376.20
383.30
391.30
397.10
402.70
408.70
413.90
417.70
420.30
422.50
424.30
425.40
426.90
429.60
432.80
436.00
439.50
443.50
448.50
453.80
459.40
466.00
474.00
484.00
495.60
508.10
521.00
533.40
545.00
554.80
563.10
569.90
575.60
580.80
581.40
574.70
560.90
546.80
527.20
500.10
461.90
416.20
358.30
294.90
235.00
178.90
133.00
101.00
69.16
48.32
28.72
13.05
7.86
5.35
3.70
3.20
3.25
3.29
3.38
3.47
3.57
3.66
3.75
3.84
3.92
4.00
4.08
4.14
4.20
4.25
4.28
4.30
4.29
4.26
4.20
4.11
4.00
3.88
3.76
3.66
3.60
3.57
3.59
3.63
3.68
3.77
3.86
3.97
4.08
4.19
4.32
4.43
4.54
4.64
4.74
4.84
4.94
5.05
5.16
5.28
5.40
5.41
5.36
5.20
5.01
4.79
4.55
4.28
4.00
3.68
3.35
3.00
2.62
2.24
1.83
1.46
1.13
0.91
0.69
0.50
0.35
0.35
0.36
0.36
0.37
0.37
0.38
0.39
0.39
0.40
0.40
0.41
0.42
0.43
0.45
0.51
0.52
0.54
0.57
0.60
0.63
0.65
0.68
0.72
0.78
0.85
0.89
0.92
60.50
70.76
76.05
76.04
84.79
99.84
106.40
128.60
148.20
159.70
166.80
171.30
176.20
197.30
216.20
222.20
227.40
232.80
240.20
262.30
281.60
286.20
294.20
301.00
315.40
338.50
344.40
347.30
349.30
355.40
370.70
376.40
379.30
381.30
383.80
386.50
389.70
392.60
395.70
398.70
401.40
403.80
405.60
406.90
408.00
408.80
409.10
409.30
409.60
409.40
409.70
409.80
410.20
411.10
412.80
415.10
418.20
422.10
427.50
434.30
442.30
451.40
460.00
467.30
472.60
476.00
477.00
476.00
472.30
464.00
445.50
417.20
381.80
336.30
286.50
243.20
206.80
177.20
150.90
114.20
80.74
67.88
47.73
27.51
12.14
7.14
4.99
3.60
3.05
3.04
3.08
3.16
3.24
3.33
3.40
3.48
3.56
3.63
3.70
3.76
3.82
3.88
3.94
3.99
4.04
4.08
4.13
4.17
4.21
4.25
4.30
4.34
4.38
4.42
4.45
4.48
4.51
4.54
4.57
4.59
4.61
4.62
4.63
4.64
4.64
4.63
4.61
4.58
4.55
4.51
4.48
4.41
4.32
4.19
4.05
3.89
3.70
3.49
3.30
3.10
2.87
2.61
2.33
2.01
1.67
1.34
1.04
0.85
0.66
0.48
0.32
0.29
0.29
0.29
0.29
0.30
0.30
0.31
0.31
0.32
0.32
0.33
0.34
0.35
0.36
0.38
0.42
0.46
0.47
0.48
0.51
0.54
0.58
0.62
0.65
0.68
0.70
0.72
0.75
0.77
0.80
64.28
64.88
71.03
77.43
95.79
114.00
120.60
126.70
143.70
160.90
177.20
183.50
189.60
195.90
209.70
226.50
254.80
280.40
289.30
294.20
296.70
298.50
304.40
315.60
324.40
330.90
336.60
340.80
345.30
352.50
358.60
358.80
357.30
356.10
355.30
354.30
353.30
352.90
352.60
352.80
352.90
353.20
353.10
353.00
353.10
352.90
352.70
351.80
350.70
349.20
346.90
344.30
340.90
336.60
331.50
325.00
316.30
303.90
287.40
267.20
244.20
221.70
200.50
182.20
166.80
153.20
141.40
130.80
121.70
113.60
106.70
100.60
95.79
89.27
77.95
60.57
51.05
46.59
42.84
38.54
32.75
25.76
22.58
12.80
6.95
4.52
3.01
2.09
1.62
1.61
1.64
1.70
1.80
1.89
1.97
2.05
2.12
2.19
2.26
2.34
2.41
2.48
2.55
2.62
2.70
2.77
2.84
2.92
3.00
3.08
3.16
3.25
3.33
3.41
3.50
3.59
3.67
3.76
3.84
3.93
4.01
4.10
4.18
4.27
4.36
4.44
4.53
4.61
4.68
4.73
4.74
4.72
4.67
4.57
4.42
4.21
3.95
3.61
3.22
2.78
2.30
1.84
1.46
1.12
0.78
0.46
0.26
0.24
0.24
0.25
0.25
0.25
0.26
0.26
0.27
0.27
0.28
0.28
0.29
0.29
0.30
0.31
0.32
0.33
0.37
0.39
0.41
0.43
0.45
0.48
0.52
0.54
0.57
0.61
0.65
0.68
0.71
0.73
0.76
0.79
0.82
68.56
69.29
67.39
84.44
106.70
122.10
129.10
135.00
140.70
146.40
154.30
173.90
197.90
228.20
259.20
276.80
283.30
288.10
291.00
293.30
297.20
314.90
331.80
350.60
364.70
370.10
369.00
366.70
363.40
360.30
366.40
373.60
379.50
377.70
374.90
372.60
370.10
367.50
364.50
361.50
358.30
354.40
349.90
344.70
339.00
331.90
322.90
311.20
293.90
268.70
242.20
219.80
205.30
194.40
184.70
175.70
167.00
159.20
151.90
145.00
138.40
131.70
125.40
119.40
113.60
107.60
102.00
96.95
92.37
88.74
82.06
69.61
60.33
55.18
50.80
46.70
42.67
38.24
34.15
28.80
25.18
19.90
13.42
9.64
7.21
5.36
4.15
3.25
2.81
2.77
2.79
2.84
2.91
2.98
3.05
3.12
3.19
3.25
3.31
3.36
3.42
3.47
3.51
3.56
3.61
3.65
3.69
3.73
3.76
3.80
3.85
3.91
3.97
4.03
4.08
4.13
4.17
4.22
4.27
4.33
4.38
4.44
4.49
4.54
4.60
4.66
4.71
4.76
4.81
4.86
4.92
4.97
5.00
4.98
4.91
4.79
4.65
4.50
4.33
4.14
3.88
3.59
3.26
2.89
2.46
2.01
1.56
1.19
0.93
0.69
0.46
0.26
0.24
0.24
0.24
0.24
0.24
0.25
0.26
0.27
0.28
0.28
0.29
0.30
0.32
0.33
0.35
0.40
0.46
0.46
0.46
0.50
0.52
0.58
0.63
0.67
0.69
0.71
0.74
0.78
0.82
72.36
66.75
64.52
79.65
96.00
116.20
130.20
139.30
144.70
150.40
161.00
185.70
207.60
240.10
252.80
259.30
263.10
267.50
272.60
282.60
319.30
333.60
352.40
350.90
348.50
349.80
351.20
355.20
377.30
383.00
389.00
393.40
394.50
391.80
387.00
382.60
378.90
374.50
367.30
357.60
347.70
339.20
328.30
312.10
288.40
262.30
242.90
229.20
218.60
209.10
199.90
191.70
184.40
177.10
170.10
163.40
157.00
150.90
144.70
139.20
134.30
130.10
125.60
120.70
115.20
110.20
105.90
100.60
94.49
80.64
70.94
65.59
61.00
56.70
52.30
48.30
43.52
39.77
37.02
32.94
28.92
21.62
17.87
12.26
7.99
5.59
4.31
3.37
2.81
2.75
2.76
2.79
2.87
2.94
3.02
3.09
3.16
3.23
3.30
3.36
3.42
3.48
3.54
3.59
3.63
3.67
3.71
3.73
3.74
3.75
3.75
3.76
3.77
3.79
3.83
3.88
3.94
4.00
4.08
4.18
4.27
4.37
4.47
4.58
4.69
4.79
4.90
5.03
5.15
5.27
5.39
5.51
5.64
5.77
5.89
5.94
5.91
5.80
5.65
5.46
5.24
4.98
4.70
4.36
4.00
3.59
3.14
2.65
2.12
1.62
1.24
0.94
0.67
0.42
0.26
0.26
0.27
0.28
0.29
0.30
0.31
0.32
0.33
0.34
0.35
0.37
0.38
0.39
0.43
0.50
0.51
0.52
0.56
0.62
0.66
0.68
0.71
0.75
0.81
0.87
0.93
73.55
62.32
70.12
88.56
101.20
113.70
128.40
138.70
142.40
147.90
158.90
193.70
217.60
233.90
240.30
250.40
255.30
259.10
269.50
295.10
320.60
343.30
345.40
343.40
342.40
339.80
338.80
369.50
389.10
402.90
400.40
399.20
394.50
395.50
396.30
391.90
387.80
386.50
382.00
371.40
359.50
344.00
321.90
292.70
271.00
255.60
241.10
228.60
218.10
207.60
198.00
189.20
181.50
174.60
168.10
162.10
155.80
149.50
143.70
138.40
133.10
127.70
122.40
117.00
112.60
108.10
104.70
98.33
84.89
72.68
66.90
62.57
58.48
54.04
49.60
44.03
38.71
28.70
20.56
17.95
14.95
12.46
10.16
8.28
6.16
4.39
3.12
2.23
1.71
1.72
1.72
1.80
1.99
2.14
2.30
2.49
2.67
2.86
3.02
3.16
3.28
3.38
3.47
3.55
3.62
3.69
3.76
3.82
3.89
3.95
4.01
4.07
4.12
4.18
4.25
4.32
4.38
4.45
4.52
4.60
4.67
4.75
4.83
4.91
4.99
5.08
5.17
5.26
5.35
5.44
5.53
5.63
5.74
5.84
5.94
6.04
6.10
6.07
5.95
5.78
5.58
5.34
5.07
4.77
4.44
4.05
3.62
3.14
2.62
2.07
1.55
1.20
0.89
0.61
0.37
0.28
0.28
0.28
0.28
0.29
0.30
0.31
0.32
0.33
0.35
0.36
0.38
0.40
0.43
0.51
0.56
0.52
0.57
0.61
0.66
0.69
0.74
0.79
0.85
0.90
0.97
72.36
66.75
64.52
79.65
96.00
116.20
130.20
139.30
144.70
150.40
161.00
185.70
207.60
240.10
252.80
259.30
263.10
267.50
272.60
282.60
319.30
333.60
352.40
350.90
348.50
349.80
351.20
355.20
377.30
383.00
389.00
393.40
394.50
391.80
387.00
382.60
378.90
374.50
367.30
357.60
347.70
339.20
328.30
312.10
288.40
262.30
242.90
229.20
218.60
209.10
199.90
191.70
184.40
177.10
170.10
163.40
157.00
150.90
144.70
139.20
134.30
130.10
125.60
120.70
115.20
110.20
105.90
100.60
94.49
80.64
70.94
65.59
61.00
56.70
52.30
48.30
43.52
39.77
37.02
32.94
28.92
21.62
17.87
12.26
7.99
5.59
4.31
3.37
2.81
2.75
2.76
2.79
2.87
2.94
3.02
3.09
3.16
3.23
3.30
3.36
3.42
3.48
3.54
3.59
3.63
3.67
3.71
3.73
3.74
3.75
3.75
3.76
3.77
3.79
3.83
3.88
3.94
4.00
4.08
4.18
4.27
4.37
4.47
4.58
4.69
4.79
4.90
5.03
5.15
5.27
5.39
5.51
5.64
5.77
5.89
5.94
5.91
5.80
5.65
5.46
5.24
4.98
4.70
4.36
4.00
3.59
3.14
2.65
2.12
1.62
1.24
0.94
0.67
0.42
0.26
0.26
0.27
0.28
0.29
0.30
0.31
0.32
0.33
0.34
0.35
0.37
0.38
0.39
0.43
0.50
0.51
0.52
0.56
0.62
0.66
0.68
0.71
0.75
0.81
0.87
0.93
68.56
69.29
67.39
84.44
106.70
122.10
129.10
135.00
140.70
146.40
154.30
173.90
197.90
228.20
259.20
276.80
283.30
288.10
291.00
293.30
297.20
314.90
331.80
350.60
364.70
370.10
369.00
366.70
363.40
360.30
366.40
373.60
379.50
377.70
374.90
372.60
370.10
367.50
364.50
361.50
358.30
354.40
349.90
344.70
339.00
331.90
322.90
311.20
293.90
268.70
242.20
219.80
205.30
194.40
184.70
175.70
167.00
159.20
151.90
145.00
138.40
131.70
125.40
119.40
113.60
107.60
102.00
96.95
92.37
88.74
82.06
69.61
60.33
55.18
50.80
46.70
42.67
38.24
34.15
28.80
25.18
19.90
13.42
9.64
7.21
5.36
4.15
3.25
2.81
2.77
2.79
2.84
2.91
2.98
3.05
3.12
3.19
3.25
3.31
3.36
3.42
3.47
3.51
3.56
3.61
3.65
3.69
3.73
3.76
3.80
3.85
3.91
3.97
4.03
4.08
4.13
4.17
4.22
4.27
4.33
4.38
4.44
4.49
4.54
4.60
4.66
4.71
4.76
4.81
4.86
4.92
4.97
5.00
4.98
4.91
4.79
4.65
4.50
4.33
4.14
3.88
3.59
3.26
2.89
2.46
2.01
1.56
1.19
0.93
0.69
0.46
0.26
0.24
0.24
0.24
0.24
0.24
0.25
0.26
0.27
0.28
0.28
0.29
0.30
0.32
0.33
0.35
0.40
0.46
0.46
0.46
0.50
0.52
0.58
0.63
0.67
0.69
0.71
0.74
0.78
0.82
64.28
64.88
71.03
77.43
95.79
114.00
120.60
126.70
143.70
160.90
177.20
183.50
189.60
195.90
209.70
226.50
254.80
280.40
289.30
294.20
296.70
298.50
304.40
315.60
324.40
330.90
336.60
340.80
345.30
352.50
358.60
358.80
357.30
356.10
355.30
354.30
353.30
352.90
352.60
352.80
352.90
353.20
353.10
353.00
353.10
352.90
352.70
351.80
350.70
349.20
346.90
344.30
340.90
336.60
331.50
325.00
316.30
303.90
287.40
267.20
244.20
221.70
200.50
182.20
166.80
153.20
141.40
130.80
121.70
113.60
106.70
100.60
95.79
89.27
77.95
60.57
51.05
46.59
42.84
38.54
32.75
25.76
22.58
12.80
6.95
4.52
3.01
2.09
1.62
1.61
1.64
1.70
1.80
1.89
1.97
2.05
2.12
2.19
2.26
2.34
2.41
2.48
2.55
2.62
2.70
2.77
2.84
2.92
3.00
3.08
3.16
3.25
3.33
3.41
3.50
3.59
3.67
3.76
3.84
3.93
4.01
4.10
4.18
4.27
4.36
4.44
4.53
4.61
4.68
4.73
4.74
4.72
4.67
4.57
4.42
4.21
3.95
3.61
3.22
2.78
2.30
1.84
1.46
1.12
0.78
0.46
0.26
0.24
0.24
0.25
0.25
0.25
0.26
0.26
0.27
0.27
0.28
0.28
0.29
0.29
0.30
0.31
0.32
0.33
0.37
0.39
0.41
0.43
0.45
0.48
0.52
0.54
0.57
0.61
0.65
0.68
0.71
0.73
0.76
0.79
0.82
60.50
70.76
76.05
76.04
84.79
99.84
106.40
128.60
148.20
159.70
166.80
171.30
176.20
197.30
216.20
222.20
227.40
232.80
240.20
262.30
281.60
286.20
294.20
301.00
315.40
338.50
344.40
347.30
349.30
355.40
370.70
376.40
379.30
381.30
383.80
386.50
389.70
392.60
395.70
398.70
401.40
403.80
405.60
406.90
408.00
408.80
409.10
409.30
409.60
409.40
409.70
409.80
410.20
411.10
412.80
415.10
418.20
422.10
427.50
434.30
442.30
451.40
460.00
467.30
472.60
476.00
477.00
476.00
472.30
464.00
445.50
417.20
381.80
336.30
286.50
243.20
206.80
177.20
150.90
114.20
80.74
67.88
47.73
27.51
12.14
7.14
4.99
3.60
3.05
3.04
3.08
3.16
3.24
3.33
3.40
3.48
3.56
3.63
3.70
3.76
3.82
3.88
3.94
3.99
4.04
4.08
4.13
4.17
4.21
4.25
4.30
4.34
4.38
4.42
4.45
4.48
4.51
4.54
4.57
4.59
4.61
4.62
4.63
4.64
4.64
4.63
4.61
4.58
4.55
4.51
4.48
4.41
4.32
4.19
4.05
3.89
3.70
3.49
3.30
3.10
2.87
2.61
2.33
2.01
1.67
1.34
1.04
0.85
0.66
0.48
0.32
0.29
0.29
0.29
0.29
0.30
0.30
0.31
0.31
0.32
0.32
0.33
0.34
0.35
0.36
0.38
0.42
0.46
0.47
0.48
0.51
0.54
0.58
0.62
0.65
0.68
0.70
0.72
0.75
0.77
0.80
66.69
71.77
75.41
79.87
84.60
91.62
100.70
120.60
125.60
131.00
136.50
142.80
165.20
174.50
182.90
191.20
195.00
208.10
227.60
236.60
243.20
249.70
262.60
286.10
295.10
301.80
307.30
330.10
344.60
351.50
356.70
362.10
369.40
376.20
383.30
391.30
397.10
402.70
408.70
413.90
417.70
420.30
422.50
424.30
425.40
426.90
429.60
432.80
436.00
439.50
443.50
448.50
453.80
459.40
466.00
474.00
484.00
495.60
508.10
521.00
533.40
545.00
554.80
563.10
569.90
575.60
580.80
581.40
574.70
560.90
546.80
527.20
500.10
461.90
416.20
358.30
294.90
235.00
178.90
133.00
101.00
69.16
48.32
28.72
13.05
7.86
5.35
3.70
3.20
3.25
3.29
3.38
3.47
3.57
3.66
3.75
3.84
3.92
4.00
4.08
4.14
4.20
4.25
4.28
4.30
4.29
4.26
4.20
4.11
4.00
3.88
3.76
3.66
3.60
3.57
3.59
3.63
3.68
3.77
3.86
3.97
4.08
4.19
4.32
4.43
4.54
4.64
4.74
4.84
4.94
5.05
5.16
5.28
5.40
5.41
5.36
5.20
5.01
4.79
4.55
4.28
4.00
3.68
3.35
3.00
2.62
2.24
1.83
1.46
1.13
0.91
0.69
0.50
0.35
0.35
0.36
0.36
0.37
0.37
0.38
0.39
0.39
0.40
0.40
0.41
0.42
0.43
0.45
0.51
0.52
0.54
0.57
0.60
0.63
0.65
0.68
0.72
0.78
0.85
0.89
0.92
68.93
68.93
69.67
74.32
79.70
87.54
97.80
111.70
112.00
113.00
116.30
125.20
144.40
147.60
148.90
151.40
155.20
176.50
183.60
187.40
191.60
197.30
216.80
224.90
229.60
233.30
245.60
259.30
267.30
275.90
283.30
289.50
297.10
305.00
314.00
322.10
328.00
333.60
337.40
340.30
343.60
345.70
345.80
344.70
343.50
342.20
341.00
340.30
339.80
339.60
340.00
340.70
342.00
343.40
345.40
347.80
350.10
352.70
355.00
357.40
359.10
360.30
360.60
360.10
358.10
355.40
350.10
341.50
330.10
314.10
295.40
274.10
251.30
221.70
195.10
169.60
146.30
124.80
100.70
76.92
56.84
41.79
28.06
16.53
8.15
4.29
2.51
1.53
1.43
1.50
1.59
1.90
2.27
2.60
2.90
3.19
3.48
3.77
4.03
4.21
4.33
4.43
4.50
4.54
4.58
4.60
4.62
4.62
4.62
4.63
4.62
4.63
4.63
4.63
4.64
4.65
4.66
4.68
4.71
4.73
4.76
4.80
4.84
4.89
4.94
5.00
5.05
5.12
5.18
5.25
5.33
5.41
5.49
5.57
5.66
5.66
5.57
5.40
5.18
4.95
4.70
4.42
4.12
3.80
3.47
3.11
2.72
2.31
1.89
1.49
1.19
0.95
0.73
0.53
0.43
0.43
0.43
0.43
0.43
0.43
0.43
0.43
0.44
0.45
0.47
0.50
0.52
0.56
0.61
0.65
0.62
0.64
0.66
0.67
0.69
0.72
0.76
0.79
0.84
0.89
0.94
66.69
76.55
85.74
91.46
91.78
92.32
98.10
109.30
112.60
113.50
115.50
117.60
134.90
135.30
134.70
133.00
132.70
139.10
147.50
150.30
152.20
154.40
160.70
167.20
167.60
167.80
169.70
179.00
181.50
181.60
181.40
181.40
181.30
181.30
181.40
182.70
184.60
184.40
183.50
182.50
181.40
179.90
178.30
176.30
173.50
170.90
169.30
168.30
166.70
164.60
162.30
160.30
158.30
156.50
154.80
153.30
152.10
151.20
149.70
148.10
146.70
145.10
143.60
142.20
141.20
141.00
141.30
140.00
136.60
130.50
121.10
108.10
98.00
83.66
64.24
56.51
48.85
56.69
60.22
60.43
57.34
45.78
31.63
17.60
9.85
6.78
5.22
4.42
4.39
4.46
4.55
4.67
4.79
4.90
5.00
5.09
5.17
5.23
5.27
5.30
5.31
5.32
5.31
5.29
5.25
5.19
5.12
5.05
4.97
4.88
4.80
4.72
4.65
4.59
4.55
4.53
4.52
4.52
4.53
4.56
4.59
4.62
4.66
4.70
4.76
4.83
4.89
4.97
5.05
5.13
5.22
5.31
5.41
5.50
5.50
5.40
5.24
5.04
4.82
4.58
4.32
4.04
3.74
3.41
3.08
2.72
2.33
1.92
1.54
1.23
0.99
0.78
0.58
0.46
0.45
0.45
0.45
0.45
0.46
0.47
0.48
0.49
0.49
0.50
0.51
0.51
0.52
0.54
0.59
0.61
0.60
0.63
0.66
0.70
0.72
0.74
0.77
0.80
0.84
0.88
0.92
60.50
75.02
85.30
90.48
90.43
90.17
90.07
98.95
103.50
102.40
101.00
99.83
98.87
101.90
106.10
107.00
109.10
111.40
113.60
118.70
121.30
121.20
120.40
120.60
121.90
126.00
127.00
126.10
124.70
123.90
124.30
123.30
121.40
119.40
117.60
115.50
113.00
110.10
107.30
104.80
102.90
101.20
99.20
96.55
93.62
90.52
87.41
84.56
82.19
80.25
78.62
77.19
75.94
74.59
73.31
72.01
70.76
69.50
68.22
66.75
65.06
63.30
61.76
60.37
59.14
58.06
57.17
56.63
56.30
55.79
53.53
48.68
45.57
43.42
41.53
39.72
38.57
36.98
33.85
30.60
28.24
22.97
17.29
13.43
8.99
6.96
5.79
5.23
5.25
5.33
5.43
5.55
5.66
5.75
5.83
5.89
5.94
5.95
5.96
5.94
5.91
5.87
5.82
5.76
5.69
5.61
5.53
5.44
5.35
5.26
5.17
5.09
5.01
4.95
4.88
4.82
4.77
4.72
4.69
4.66
4.64
4.64
4.64
4.64
4.64
4.65
4.66
4.68
4.71
4.75
4.77
4.74
4.66
4.54
4.40
4.24
4.06
3.86
3.65
3.42
3.16
2.86
2.55
2.20
1.85
1.52
1.25
1.03
0.83
0.65
0.51
0.47
0.47
0.47
0.47
0.47
0.47
0.47
0.47
0.47
0.47
0.47
0.47
0.47
0.49
0.53
0.58
0.62
0.66
0.69
0.72
0.74
0.77
0.80
0.81
0.82
0.82
0.82
0.81
0.82
0.81
64.28
71.79
85.85
88.15
86.70
85.12
83.66
82.53
83.96
87.49
87.79
90.98
95.69
99.08
99.31
98.64
100.70
102.00
103.80
102.80
100.80
100.50
100.50
103.70
106.60
111.80
110.80
106.10
102.40
99.74
96.87
94.10
91.27
88.16
84.72
81.48
78.85
76.64
75.15
74.09
73.24
72.32
71.47
70.70
70.02
69.40
68.81
68.24
67.65
66.93
65.91
64.62
63.33
62.04
60.86
59.68
58.55
57.46
56.34
55.24
54.04
52.98
51.77
50.48
49.08
47.64
46.32
45.32
44.65
43.75
42.46
40.94
39.15
36.74
33.81
31.49
29.67
27.51
25.34
22.59
18.69
14.60
11.09
8.11
5.24
3.38
2.15
1.75
1.78
1.83
1.92
2.03
2.13
2.22
2.29
2.36
2.43
2.49
2.56
2.62
2.67
2.73
2.79
2.84
2.89
2.94
2.99
3.05
3.10
3.16
3.22
3.28
3.34
3.41
3.47
3.54
3.61
3.68
3.75
3.82
3.89
3.97
4.04
4.12
4.19
4.26
4.33
4.38
4.41
4.39
4.33
4.23
4.09
3.90
3.66
3.38
3.07
2.72
2.33
1.96
1.60
1.30
1.03
0.79
0.61
0.50
0.47
0.47
0.47
0.47
0.47
0.47
0.47
0.47
0.47
0.47
0.47
0.47
0.47
0.47
0.47
0.47
0.48
0.49
0.51
0.51
0.56
0.69
0.78
0.82
0.82
0.84
0.84
0.84
0.84
0.84
0.83
0.82
0.82
0.83
0.83
68.56
70.57
79.29
86.00
84.03
81.64
79.45
77.67
76.86
79.45
88.52
92.02
94.05
93.84
93.88
96.60
94.14
93.09
93.27
97.02
109.60
103.90
98.23
94.20
91.37
88.06
86.02
84.01
82.87
82.40
80.94
79.56
78.35
77.63
77.27
77.04
76.83
76.72
76.64
76.60
76.58
76.17
75.52
74.57
73.27
72.30
71.45
70.73
70.09
69.41
68.75
67.99
67.17
66.08
64.83
63.46
62.05
60.66
59.12
57.54
56.03
54.64
53.31
52.15
50.96
49.45
47.58
45.76
44.26
42.83
41.41
39.67
37.79
35.94
34.00
31.84
29.47
26.56
23.77
20.74
17.41
14.44
12.10
9.73
7.76
6.25
5.47
5.23
5.32
5.41
5.52
5.65
5.76
5.85
5.94
6.01
6.06
6.08
6.08
6.07
6.05
6.02
5.97
5.92
5.86
5.79
5.71
5.62
5.54
5.44
5.35
5.27
5.19
5.11
5.04
4.98
4.92
4.86
4.80
4.75
4.71
4.65
4.61
4.56
4.51
4.45
4.39
4.34
4.28
4.24
4.15
4.01
3.84
3.65
3.45
3.24
3.03
2.83
2.63
2.42
2.19
1.95
1.70
1.45
1.21
1.02
0.86
0.71
0.57
0.49
0.45
0.45
0.45
0.45
0.46
0.46
0.46
0.47
0.47
0.48
0.48
0.48
0.49
0.49
0.51
0.56
0.61
0.66
0.70
0.75
0.77
0.81
0.84
0.86
0.86
0.86
0.85
0.84
0.84
0.85
0.82
72.36
71.90
75.77
79.20
81.10
79.51
76.97
74.13
74.24
83.25
87.88
88.05
85.98
88.53
88.46
86.04
86.91
92.05
98.59
94.71
89.20
87.15
83.97
82.20
81.02
80.21
81.50
81.30
80.42
79.61
79.33
79.30
79.54
79.91
80.42
81.07
81.68
81.82
81.73
80.96
80.09
80.15
80.04
80.30
80.73
81.21
81.41
81.70
81.62
81.24
80.57
79.36
77.93
76.19
74.32
72.58
70.54
68.65
67.10
65.61
63.85
62.57
61.26
59.71
58.69
58.39
57.75
57.08
56.03
53.25
50.46
45.45
40.29
35.59
32.45
29.93
27.74
25.34
22.37
18.95
16.27
13.66
11.40
8.92
6.91
5.45
4.59
4.49
4.59
4.67
4.81
4.93
5.05
5.16
5.26
5.36
5.43
5.49
5.54
5.56
5.57
5.57
5.55
5.50
5.43
5.32
5.17
5.01
4.83
4.64
4.45
4.32
4.20
4.12
4.06
4.06
4.07
4.08
4.10
4.16
4.22
4.27
4.32
4.38
4.43
4.48
4.54
4.61
4.67
4.74
4.82
4.90
4.97
4.94
4.78
4.55
4.30
4.05
3.78
3.50
3.24
2.95
2.66
2.37
2.07
1.77
1.47
1.21
1.00
0.83
0.67
0.53
0.44
0.43
0.43
0.44
0.45
0.47
0.48
0.50
0.51
0.52
0.53
0.54
0.54
0.54
0.56
0.60
0.62
0.63
0.67
0.70
0.73
0.76
0.78
0.80
0.82
0.85
0.89
0.94
0.94
73.55
73.77
76.61
81.48
80.98
75.23
71.24
68.62
72.11
80.25
81.94
80.59
79.91
84.01
81.56
82.56
83.49
99.04
92.78
87.45
86.17
82.44
80.59
79.61
78.72
80.48
81.18
80.19
79.44
79.27
79.39
79.86
80.63
81.78
82.88
83.91
84.62
85.07
84.72
83.99
83.90
84.07
84.41
85.00
85.69
86.30
86.84
87.03
86.86
86.28
85.19
83.85
82.04
79.78
77.73
75.48
73.39
71.56
69.82
68.32
67.80
66.09
64.98
64.84
64.70
64.17
62.90
60.96
57.95
52.96
46.77
40.56
36.07
32.49
29.59
26.84
24.20
21.46
18.49
15.05
12.46
10.14
7.70
5.32
3.33
1.88
1.00
1.06
1.17
1.29
1.72
2.08
2.50
2.99
3.39
3.81
4.20
4.48
4.68
4.82
4.92
4.97
5.01
5.02
5.02
5.01
5.00
4.98
4.95
4.91
4.87
4.83
4.79
4.76
4.73
4.71
4.69
4.68
4.68
4.68
4.68
4.69
4.70
4.71
4.74
4.76
4.80
4.84
4.88
4.93
4.99
5.05
5.11
5.17
5.11
4.96
4.72
4.45
4.18
3.90
3.61
3.33
3.04
2.74
2.43
2.13
1.82
1.50
1.22
1.01
0.83
0.66
0.51
0.43
0.45
0.45
0.46
0.46
0.47
0.47
0.47
0.48
0.51
0.53
0.56
0.59
0.61
0.65
0.68
0.67
0.67
0.67
0.67
0.69
0.77
0.83
0.90
0.94
1.00
1.00
0.98
72.36
71.90
75.77
79.20
81.10
79.51
76.97
74.13
74.24
83.25
87.88
88.05
85.98
88.53
88.46
86.04
86.91
92.05
98.59
94.71
89.20
87.15
83.97
82.20
81.02
80.21
81.50
81.30
80.42
79.61
79.33
79.30
79.54
79.91
80.42
81.07
81.68
81.82
81.73
80.96
80.09
80.15
80.04
80.30
80.73
81.21
81.41
81.70
81.62
81.24
80.57
79.36
77.93
76.19
74.32
72.58
70.54
68.65
67.10
65.61
63.85
62.57
61.26
59.71
58.69
58.39
57.75
57.08
56.03
53.25
50.46
45.45
40.29
35.59
32.45
29.93
27.74
25.34
22.37
18.95
16.27
13.66
11.40
8.92
6.91
5.45
4.59
4.49
4.59
4.67
4.81
4.93
5.05
5.16
5.26
5.36
5.43
5.49
5.54
5.56
5.57
5.57
5.55
5.50
5.43
5.32
5.17
5.01
4.83
4.64
4.45
4.32
4.20
4.12
4.06
4.06
4.07
4.08
4.10
4.16
4.22
4.27
4.32
4.38
4.43
4.48
4.54
4.61
4.67
4.74
4.82
4.90
4.97
4.94
4.78
4.55
4.30
4.05
3.78
3.50
3.24
2.95
2.66
2.37
2.07
1.77
1.47
1.21
1.00
0.83
0.67
0.53
0.44
0.43
0.43
0.44
0.45
0.47
0.48
0.50
0.51
0.52
0.53
0.54
0.54
0.54
0.56
0.60
0.62
0.63
0.67
0.70
0.73
0.76
0.78
0.80
0.82
0.85
0.89
0.94
0.94
68.56
70.57
79.29
86.00
84.03
81.64
79.45
77.67
76.86
79.45
88.52
92.02
94.05
93.84
93.88
96.60
94.14
93.09
93.27
97.02
109.60
103.90
98.23
94.20
91.37
88.06
86.02
84.01
82.87
82.40
80.94
79.56
78.35
77.63
77.27
77.04
76.83
76.72
76.64
76.60
76.58
76.17
75.52
74.57
73.27
72.30
71.45
70.73
70.09
69.41
68.75
67.99
67.17
66.08
64.83
63.46
62.05
60.66
59.12
57.54
56.03
54.64
53.31
52.15
50.96
49.45
47.58
45.76
44.26
42.83
41.41
39.67
37.79
35.94
34.00
31.84
29.47
26.56
23.77
20.74
17.41
14.44
12.10
9.73
7.76
6.25
5.47
5.23
5.32
5.41
5.52
5.65
5.76
5.85
5.94
6.01
6.06
6.08
6.08
6.07
6.05
6.02
5.97
5.92
5.86
5.79
5.71
5.62
5.54
5.44
5.35
5.27
5.19
5.11
5.04
4.98
4.92
4.86
4.80
4.75
4.71
4.65
4.61
4.56
4.51
4.45
4.39
4.34
4.28
4.24
4.15
4.01
3.84
3.65
3.45
3.24
3.03
2.83
2.63
2.42
2.19
1.95
1.70
1.45
1.21
1.02
0.86
0.71
0.57
0.49
0.45
0.45
0.45
0.45
0.46
0.46
0.46
0.47
0.47
0.48
0.48
0.48
0.49
0.49
0.51
0.56
0.61
0.66
0.70
0.75
0.77
0.81
0.84
0.86
0.86
0.86
0.85
0.84
0.84
0.85
0.82
64.28
71.79
85.85
88.15
86.70
85.12
83.66
82.53
83.96
87.49
87.79
90.98
95.69
99.08
99.31
98.64
100.70
102.00
103.80
102.80
100.80
100.50
100.50
103.70
106.60
111.80
110.80
106.10
102.40
99.74
96.87
94.10
91.27
88.16
84.72
81.48
78.85
76.64
75.15
74.09
73.24
72.32
71.47
70.70
70.02
69.40
68.81
68.24
67.65
66.93
65.91
64.62
63.33
62.04
60.86
59.68
58.55
57.46
56.34
55.24
54.04
52.98
51.77
50.48
49.08
47.64
46.32
45.32
44.65
43.75
42.46
40.94
39.15
36.74
33.81
31.49
29.67
27.51
25.34
22.59
18.69
14.60
11.09
8.11
5.24
3.38
2.15
1.75
1.78
1.83
1.92
2.03
2.13
2.22
2.29
2.36
2.43
2.49
2.56
2.62
2.67
2.73
2.79
2.84
2.89
2.94
2.99
3.05
3.10
3.16
3.22
3.28
3.34
3.41
3.47
3.54
3.61
3.68
3.75
3.82
3.89
3.97
4.04
4.12
4.19
4.26
4.33
4.38
4.41
4.39
4.33
4.23
4.09
3.90
3.66
3.38
3.07
2.72
2.33
1.96
1.60
1.30
1.03
0.79
0.61
0.50
0.47
0.47
0.47
0.47
0.47
0.47
0.47
0.47
0.47
0.47
0.47
0.47
0.47
0.47
0.47
0.47
0.48
0.49
0.51
0.51
0.56
0.69
0.78
0.82
0.82
0.84
0.84
0.84
0.84
0.84
0.83
0.82
0.82
0.83
0.83
60.50
75.02
85.30
90.48
90.43
90.17
90.07
98.95
103.50
102.40
101.00
99.83
98.87
101.90
106.10
107.00
109.10
111.40
113.60
118.70
121.30
121.20
120.40
120.60
121.90
126.00
127.00
126.10
124.70
123.90
124.30
123.30
121.40
119.40
117.60
115.50
113.00
110.10
107.30
104.80
102.90
101.20
99.20
96.55
93.62
90.52
87.41
84.56
82.19
80.25
78.62
77.19
75.94
74.59
73.31
72.01
70.76
69.50
68.22
66.75
65.06
63.30
61.76
60.37
59.14
58.06
57.17
56.63
56.30
55.79
53.53
48.68
45.57
43.42
41.53
39.72
38.57
36.98
33.85
30.60
28.24
22.97
17.29
13.43
8.99
6.96
5.79
5.23
5.25
5.33
5.43
5.55
5.66
5.75
5.83
5.89
5.94
5.95
5.96
5.94
5.91
5.87
5.82
5.76
5.69
5.61
5.53
5.44
5.35
5.26
5.17
5.09
5.01
4.95
4.88
4.82
4.77
4.72
4.69
4.66
4.64
4.64
4.64
4.64
4.64
4.65
4.66
4.68
4.71
4.75
4.77
4.74
4.66
4.54
4.40
4.24
4.06
3.86
3.65
3.42
3.16
2.86
2.55
2.20
1.85
1.52
1.25
1.03
0.83
0.65
0.51
0.47
0.47
0.47
0.47
0.47
0.47
0.47
0.47
0.47
0.47
0.47
0.47
0.47
0.49
0.53
0.58
0.62
0.66
0.69
0.72
0.74
0.77
0.80
0.81
0.82
0.82
0.82
0.81
0.82
0.81
66.69
76.55
85.74
91.46
91.78
92.32
98.10
109.30
112.60
113.50
115.50
117.60
134.90
135.30
134.70
133.00
132.70
139.10
147.50
150.30
152.20
154.40
160.70
167.20
167.60
167.80
169.70
179.00
181.50
181.60
181.40
181.40
181.30
181.30
181.40
182.70
184.60
184.40
183.50
182.50
181.40
179.90
178.30
176.30
173.50
170.90
169.30
168.30
166.70
164.60
162.30
160.30
158.30
156.50
154.80
153.30
152.10
151.20
149.70
148.10
146.70
145.10
143.60
142.20
141.20
141.00
141.30
140.00
136.60
130.50
121.10
108.10
98.00
83.66
64.24
56.51
48.85
56.69
60.22
60.43
57.34
45.78
31.63
17.60
9.85
6.78
5.22
4.42
4.39
4.46
4.55
4.67
4.79
4.90
5.00
5.09
5.17
5.23
5.27
5.30
5.31
5.32
5.31
5.29
5.25
5.19
5.12
5.05
4.97
4.88
4.80
4.72
4.65
4.59
4.55
4.53
4.52
4.52
4.53
4.56
4.59
4.62
4.66
4.70
4.76
4.83
4.89
4.97
5.05
5.13
5.22
5.31
5.41
5.50
5.50
5.40
5.24
5.04
4.82
4.58
4.32
4.04
3.74
3.41
3.08
2.72
2.33
1.92
1.54
1.23
0.99
0.78
0.58
0.46
0.45
0.45
0.45
0.45
0.46
0.47
0.48
0.49
0.49
0.50
0.51
0.51
0.52
0.54
0.59
0.61
0.60
0.63
0.66
0.70
0.72
0.74
0.77
0.80
0.84
0.88
0.92
