SALVI
1
0
24
15.0
181
1.0
25010 WALK Y50 350mA 3000K F151 PMMA L
25010-WALK-Y50-F151-PMMA-L
25010-WALK-Y50-F151-PMMA-L
25010-WALK-Y50-F151-PMMA-L.ldt
23-1-2025/TB
430
430
110
240
240
0
0
0
0
97.56
100.00
1.00
0.00
1
1
24LED Y50
5344.50
3000
70
49.80
0.25
0.34
0.43
0.50
0.56
0.64
0.69
0.73
0.79
0.82
0.00
15.00
30.00
45.00
60.00
75.00
90.00
105.00
120.00
135.00
150.00
165.00
180.00
195.00
210.00
225.00
240.00
255.00
270.00
285.00
300.00
315.00
330.00
345.00
0.00
1.00
2.00
3.00
4.00
5.00
6.00
7.00
8.00
9.00
10.00
11.00
12.00
13.00
14.00
15.00
16.00
17.00
18.00
19.00
20.00
21.00
22.00
23.00
24.00
25.00
26.00
27.00
28.00
29.00
30.00
31.00
32.00
33.00
34.00
35.00
36.00
37.00
38.00
39.00
40.00
41.00
42.00
43.00
44.00
45.00
46.00
47.00
48.00
49.00
50.00
51.00
52.00
53.00
54.00
55.00
56.00
57.00
58.00
59.00
60.00
61.00
62.00
63.00
64.00
65.00
66.00
67.00
68.00
69.00
70.00
71.00
72.00
73.00
74.00
75.00
76.00
77.00
78.00
79.00
80.00
81.00
82.00
83.00
84.00
85.00
86.00
87.00
88.00
89.00
90.00
91.00
92.00
93.00
94.00
95.00
96.00
97.00
98.00
99.00
100.00
101.00
102.00
103.00
104.00
105.00
106.00
107.00
108.00
109.00
110.00
111.00
112.00
113.00
114.00
115.00
116.00
117.00
118.00
119.00
120.00
121.00
122.00
123.00
124.00
125.00
126.00
127.00
128.00
129.00
130.00
131.00
132.00
133.00
134.00
135.00
136.00
137.00
138.00
139.00
140.00
141.00
142.00
143.00
144.00
145.00
146.00
147.00
148.00
149.00
150.00
151.00
152.00
153.00
154.00
155.00
156.00
157.00
158.00
159.00
160.00
161.00
162.00
163.00
164.00
165.00
166.00
167.00
168.00
169.00
170.00
171.00
172.00
173.00
174.00
175.00
176.00
177.00
178.00
179.00
180.00
67.74
82.08
83.78
88.60
94.17
101.70
116.40
128.10
129.20
130.90
135.30
145.20
166.20
170.50
173.30
177.20
182.50
205.10
212.80
217.00
221.30
228.20
249.00
257.00
262.60
268.00
281.90
297.20
306.00
314.90
322.90
329.60
336.50
343.70
351.10
357.50
361.80
365.30
367.50
368.60
369.60
370.00
369.80
369.10
368.00
366.60
364.80
362.60
360.00
357.00
353.60
349.70
345.50
340.70
335.40
329.70
323.50
316.70
309.50
301.60
293.20
284.50
275.30
265.50
255.40
245.00
234.20
223.10
211.80
200.10
188.40
176.60
164.60
152.50
140.50
128.60
116.70
105.00
93.61
82.35
70.67
57.62
42.96
32.28
20.94
11.87
5.06
1.79
1.70
1.73
1.66
1.98
2.35
2.69
3.01
3.32
3.64
3.96
4.25
4.46
4.61
4.72
4.82
4.89
4.94
4.98
5.01
5.03
5.04
5.05
5.06
5.07
5.07
5.08
5.09
5.11
5.13
5.16
5.19
5.22
5.26
5.30
5.35
5.40
5.46
5.52
5.59
5.66
5.74
5.82
5.90
5.99
6.08
6.18
6.26
6.26
6.17
5.96
5.73
5.47
5.19
4.88
4.55
4.19
3.82
3.42
2.99
2.53
2.06
1.62
1.29
1.02
0.77
0.55
0.44
0.45
0.45
0.45
0.45
0.46
0.45
0.46
0.46
0.47
0.50
0.53
0.55
0.59
0.65
0.70
0.66
0.69
0.71
0.73
0.75
0.78
0.82
0.86
0.92
0.97
1.03
72.67
85.69
89.61
94.42
97.91
104.50
114.40
134.70
141.90
148.30
154.90
162.60
185.40
197.00
206.40
216.10
221.90
236.60
257.80
267.10
273.50
279.80
294.20
318.30
327.30
334.50
341.50
363.80
380.00
387.10
392.30
396.90
402.40
407.10
412.20
416.70
420.20
423.40
426.60
429.50
431.40
432.80
433.80
434.20
434.50
435.10
435.60
436.20
436.10
435.60
434.20
432.00
429.20
425.80
421.70
417.10
412.20
406.70
400.40
393.60
385.60
376.60
366.60
355.50
343.70
331.30
318.30
304.80
290.80
276.20
261.30
245.80
230.00
214.00
197.90
181.70
165.60
149.80
134.00
118.90
103.60
87.55
69.01
50.99
36.37
22.98
11.78
4.49
3.61
3.61
3.56
3.63
3.74
3.84
3.94
4.05
4.14
4.24
4.32
4.40
4.48
4.54
4.60
4.64
4.66
4.66
4.63
4.59
4.51
4.42
4.30
4.18
4.09
4.02
4.00
4.02
4.06
4.11
4.21
4.31
4.43
4.55
4.67
4.81
4.93
5.05
5.16
5.27
5.38
5.49
5.61
5.74
5.86
6.00
6.02
5.95
5.79
5.57
5.33
5.06
4.76
4.45
4.09
3.72
3.34
2.93
2.49
2.04
1.61
1.25
1.01
0.77
0.55
0.38
0.38
0.39
0.39
0.40
0.40
0.41
0.42
0.43
0.44
0.44
0.45
0.46
0.47
0.50
0.56
0.58
0.60
0.63
0.66
0.70
0.72
0.76
0.80
0.86
0.93
0.97
1.00
74.25
83.43
89.23
89.09
99.97
114.60
121.30
142.80
164.30
175.50
183.30
188.80
195.10
217.00
237.70
244.70
250.90
257.40
266.10
288.80
310.30
317.00
325.70
332.90
347.00
368.90
375.80
379.00
381.70
389.80
403.30
410.20
412.50
414.70
416.50
418.20
419.60
421.20
422.30
423.20
423.70
423.80
423.60
422.90
421.80
420.40
418.40
415.80
412.70
409.10
404.90
400.10
394.60
388.70
382.20
375.30
368.10
360.20
352.00
343.20
334.00
324.40
314.20
303.30
292.30
280.60
268.50
256.30
243.70
230.70
217.60
204.40
191.20
177.80
164.60
151.40
138.00
125.00
112.10
99.46
87.02
74.80
61.99
47.14
32.27
21.22
12.04
5.35
3.53
3.49
3.46
3.50
3.60
3.69
3.78
3.88
3.96
4.04
4.12
4.19
4.25
4.31
4.37
4.41
4.46
4.51
4.55
4.59
4.63
4.67
4.71
4.75
4.79
4.83
4.86
4.90
4.93
4.96
4.99
5.02
5.05
5.07
5.09
5.10
5.10
5.10
5.10
5.08
5.05
5.02
4.99
4.92
4.82
4.68
4.52
4.35
4.14
3.91
3.70
3.48
3.22
2.92
2.61
2.26
1.90
1.52
1.17
0.96
0.74
0.55
0.36
0.33
0.33
0.33
0.33
0.33
0.33
0.34
0.34
0.35
0.36
0.37
0.38
0.38
0.40
0.42
0.46
0.51
0.52
0.53
0.56
0.60
0.64
0.68
0.72
0.76
0.78
0.80
0.82
0.85
0.88
78.15
77.89
84.26
90.62
110.00
128.10
135.60
141.60
158.40
175.20
192.00
198.60
204.90
212.40
226.10
245.90
272.80
299.70
310.00
316.30
320.00
323.40
331.30
342.70
351.80
359.70
367.10
372.40
378.30
385.70
391.80
393.40
392.40
391.30
389.90
388.70
386.60
384.20
381.60
378.70
375.50
372.00
368.10
363.60
359.00
353.90
348.30
342.40
336.10
329.30
321.90
314.40
306.30
297.90
289.20
280.10
270.70
261.20
251.50
241.60
231.50
221.60
211.50
201.30
191.30
181.30
171.40
161.60
152.00
142.40
133.00
123.80
114.90
106.10
97.39
88.89
80.54
72.54
64.69
57.05
49.65
42.50
35.52
28.77
21.85
13.53
7.26
3.46
1.88
1.80
1.78
1.82
1.93
2.03
2.12
2.20
2.28
2.36
2.44
2.52
2.60
2.67
2.75
2.83
2.91
2.99
3.06
3.15
3.24
3.32
3.42
3.51
3.60
3.70
3.79
3.88
3.98
4.08
4.17
4.27
4.36
4.46
4.56
4.66
4.75
4.85
4.95
5.04
5.13
5.19
5.21
5.19
5.13
5.03
4.87
4.65
4.36
4.00
3.57
3.09
2.56
2.06
1.64
1.25
0.88
0.53
0.30
0.28
0.28
0.28
0.29
0.29
0.30
0.30
0.30
0.31
0.31
0.32
0.32
0.33
0.34
0.35
0.36
0.37
0.41
0.44
0.45
0.47
0.50
0.53
0.58
0.60
0.63
0.68
0.72
0.76
0.78
0.81
0.83
0.87
0.89
81.44
75.25
80.40
98.02
120.90
136.60
144.20
150.10
155.70
161.50
170.30
189.80
214.80
244.10
275.00
292.00
298.40
303.50
307.20
310.40
315.50
332.40
352.30
371.20
386.20
392.00
391.80
390.30
387.90
386.10
391.80
398.60
402.50
400.10
396.00
391.30
386.20
380.60
374.40
367.70
360.40
353.10
344.90
336.50
327.60
318.30
308.40
298.10
287.50
276.80
266.00
255.40
244.90
234.60
224.50
214.60
204.60
195.10
185.70
176.60
167.70
159.20
150.80
142.60
134.90
127.20
119.90
112.70
105.90
99.20
92.79
86.57
80.55
74.62
68.89
63.22
57.66
52.32
47.05
41.89
36.83
31.94
26.84
20.81
14.80
10.89
7.11
4.57
3.25
3.18
3.17
3.19
3.27
3.36
3.44
3.53
3.61
3.68
3.75
3.82
3.87
3.93
3.98
4.03
4.07
4.12
4.16
4.20
4.23
4.27
4.32
4.37
4.43
4.49
4.53
4.58
4.63
4.68
4.73
4.78
4.84
4.89
4.95
5.00
5.06
5.12
5.17
5.22
5.27
5.32
5.38
5.44
5.46
5.43
5.35
5.22
5.07
4.90
4.72
4.50
4.23
3.92
3.56
3.16
2.70
2.22
1.73
1.32
1.04
0.77
0.52
0.30
0.27
0.27
0.27
0.28
0.28
0.29
0.29
0.30
0.31
0.32
0.33
0.34
0.36
0.38
0.40
0.45
0.51
0.52
0.52
0.55
0.58
0.64
0.70
0.74
0.76
0.78
0.80
0.84
0.89
84.68
74.29
78.54
92.40
110.60
130.00
145.10
154.50
160.60
166.60
177.20
202.70
226.00
257.00
269.80
276.80
281.30
286.20
291.80
303.60
339.70
357.10
375.60
376.30
375.40
377.00
378.90
383.80
406.20
413.10
417.90
418.20
417.10
412.90
405.80
398.20
390.80
382.30
372.00
360.50
349.00
338.70
328.50
317.50
305.80
293.90
282.00
270.30
259.20
248.60
238.10
228.10
218.40
208.80
199.70
190.90
182.10
173.80
165.80
158.20
150.90
144.00
137.20
130.70
124.20
117.80
111.70
105.70
99.80
94.05
88.43
82.80
77.20
71.67
66.22
60.90
55.63
50.57
45.56
40.69
35.95
31.03
25.07
19.11
14.87
10.90
7.14
4.43
3.07
3.03
3.04
3.06
3.15
3.24
3.33
3.42
3.51
3.59
3.67
3.75
3.82
3.89
3.96
4.01
4.06
4.10
4.14
4.15
4.16
4.16
4.16
4.16
4.16
4.18
4.21
4.26
4.32
4.39
4.48
4.59
4.69
4.80
4.91
5.03
5.15
5.26
5.38
5.51
5.64
5.77
5.90
6.04
6.18
6.31
6.45
6.51
6.46
6.34
6.17
5.96
5.71
5.42
5.12
4.75
4.35
3.91
3.42
2.90
2.33
1.78
1.36
1.04
0.74
0.47
0.28
0.29
0.30
0.30
0.31
0.32
0.34
0.35
0.36
0.37
0.38
0.40
0.41
0.43
0.47
0.54
0.56
0.58
0.61
0.67
0.71
0.74
0.77
0.81
0.87
0.94
1.01
85.29
75.31
82.71
101.60
112.20
127.80
142.50
153.10
156.90
162.80
175.30
209.90
232.30
250.30
256.80
266.80
273.10
276.90
287.70
315.10
343.10
365.00
369.20
368.80
369.10
368.30
369.10
399.20
418.50
431.70
427.90
423.40
418.10
415.20
412.40
404.90
397.60
391.10
383.60
372.70
361.20
348.60
335.50
322.50
309.00
296.00
283.10
270.50
258.40
246.90
235.90
225.00
215.00
205.30
196.10
187.30
178.80
170.70
162.90
155.40
148.00
141.00
134.00
127.40
120.90
114.60
108.30
102.30
96.31
90.47
84.72
79.06
73.47
68.13
62.73
57.64
52.56
47.63
42.75
38.03
33.37
27.99
21.88
16.68
12.74
8.58
5.40
2.80
1.70
1.73
1.74
1.81
2.04
2.22
2.42
2.64
2.87
3.10
3.30
3.47
3.61
3.74
3.84
3.94
4.02
4.09
4.17
4.24
4.31
4.37
4.43
4.50
4.56
4.62
4.69
4.76
4.83
4.91
4.98
5.06
5.14
5.23
5.31
5.39
5.48
5.57
5.67
5.77
5.87
5.97
6.08
6.18
6.29
6.40
6.52
6.62
6.68
6.64
6.49
6.30
6.08
5.82
5.52
5.19
4.83
4.41
3.93
3.42
2.85
2.27
1.70
1.32
0.97
0.67
0.40
0.29
0.29
0.29
0.30
0.32
0.32
0.33
0.34
0.35
0.37
0.39
0.40
0.43
0.46
0.55
0.61
0.56
0.61
0.66
0.69
0.74
0.79
0.85
0.91
0.97
1.05
84.68
74.29
78.54
92.40
110.60
130.00
145.10
154.50
160.60
166.60
177.20
202.70
226.00
257.00
269.80
276.80
281.30
286.20
291.80
303.60
339.70
357.10
375.60
376.30
375.40
377.00
378.90
383.80
406.20
413.10
417.90
418.20
417.10
412.90
405.80
398.20
390.80
382.30
372.00
360.50
349.00
338.70
328.50
317.50
305.80
293.90
282.00
270.30
259.20
248.60
238.10
228.10
218.40
208.80
199.70
190.90
182.10
173.80
165.80
158.20
150.90
144.00
137.20
130.70
124.20
117.80
111.70
105.70
99.80
94.05
88.43
82.80
77.20
71.67
66.22
60.90
55.63
50.57
45.56
40.69
35.95
31.03
25.07
19.11
14.87
10.90
7.14
4.43
3.07
3.03
3.04
3.06
3.15
3.24
3.33
3.42
3.51
3.59
3.67
3.75
3.82
3.89
3.96
4.01
4.06
4.10
4.14
4.15
4.16
4.16
4.16
4.16
4.16
4.18
4.21
4.26
4.32
4.39
4.48
4.59
4.69
4.80
4.91
5.03
5.15
5.26
5.38
5.51
5.64
5.77
5.90
6.04
6.18
6.31
6.45
6.51
6.46
6.34
6.17
5.96
5.71
5.42
5.12
4.75
4.35
3.91
3.42
2.90
2.33
1.78
1.36
1.04
0.74
0.47
0.28
0.29
0.30
0.30
0.31
0.32
0.34
0.35
0.36
0.37
0.38
0.40
0.41
0.43
0.47
0.54
0.56
0.58
0.61
0.67
0.71
0.74
0.77
0.81
0.87
0.94
1.01
81.44
75.25
80.40
98.02
120.90
136.60
144.20
150.10
155.70
161.50
170.30
189.80
214.80
244.10
275.00
292.00
298.40
303.50
307.20
310.40
315.50
332.40
352.30
371.20
386.20
392.00
391.80
390.30
387.90
386.10
391.80
398.60
402.50
400.10
396.00
391.30
386.20
380.60
374.40
367.70
360.40
353.10
344.90
336.50
327.60
318.30
308.40
298.10
287.50
276.80
266.00
255.40
244.90
234.60
224.50
214.60
204.60
195.10
185.70
176.60
167.70
159.20
150.80
142.60
134.90
127.20
119.90
112.70
105.90
99.20
92.79
86.57
80.55
74.62
68.89
63.22
57.66
52.32
47.05
41.89
36.83
31.94
26.84
20.81
14.80
10.89
7.11
4.57
3.25
3.18
3.17
3.19
3.27
3.36
3.44
3.53
3.61
3.68
3.75
3.82
3.87
3.93
3.98
4.03
4.07
4.12
4.16
4.20
4.23
4.27
4.32
4.37
4.43
4.49
4.53
4.58
4.63
4.68
4.73
4.78
4.84
4.89
4.95
5.00
5.06
5.12
5.17
5.22
5.27
5.32
5.38
5.44
5.46
5.43
5.35
5.22
5.07
4.90
4.72
4.50
4.23
3.92
3.56
3.16
2.70
2.22
1.73
1.32
1.04
0.77
0.52
0.30
0.27
0.27
0.27
0.28
0.28
0.29
0.29
0.30
0.31
0.32
0.33
0.34
0.36
0.38
0.40
0.45
0.51
0.52
0.52
0.55
0.58
0.64
0.70
0.74
0.76
0.78
0.80
0.84
0.89
78.15
77.89
84.26
90.62
110.00
128.10
135.60
141.60
158.40
175.20
192.00
198.60
204.90
212.40
226.10
245.90
272.80
299.70
310.00
316.30
320.00
323.40
331.30
342.70
351.80
359.70
367.10
372.40
378.30
385.70
391.80
393.40
392.40
391.30
389.90
388.70
386.60
384.20
381.60
378.70
375.50
372.00
368.10
363.60
359.00
353.90
348.30
342.40
336.10
329.30
321.90
314.40
306.30
297.90
289.20
280.10
270.70
261.20
251.50
241.60
231.50
221.60
211.50
201.30
191.30
181.30
171.40
161.60
152.00
142.40
133.00
123.80
114.90
106.10
97.39
88.89
80.54
72.54
64.69
57.05
49.65
42.50
35.52
28.77
21.85
13.53
7.26
3.46
1.88
1.80
1.78
1.82
1.93
2.03
2.12
2.20
2.28
2.36
2.44
2.52
2.60
2.67
2.75
2.83
2.91
2.99
3.06
3.15
3.24
3.32
3.42
3.51
3.60
3.70
3.79
3.88
3.98
4.08
4.17
4.27
4.36
4.46
4.56
4.66
4.75
4.85
4.95
5.04
5.13
5.19
5.21
5.19
5.13
5.03
4.87
4.65
4.36
4.00
3.57
3.09
2.56
2.06
1.64
1.25
0.88
0.53
0.30
0.28
0.28
0.28
0.29
0.29
0.30
0.30
0.30
0.31
0.31
0.32
0.32
0.33
0.34
0.35
0.36
0.37
0.41
0.44
0.45
0.47
0.50
0.53
0.58
0.60
0.63
0.68
0.72
0.76
0.78
0.81
0.83
0.87
0.89
74.25
83.43
89.23
89.09
99.97
114.60
121.30
142.80
164.30
175.50
183.30
188.80
195.10
217.00
237.70
244.70
250.90
257.40
266.10
288.80
310.30
317.00
325.70
332.90
347.00
368.90
375.80
379.00
381.70
389.80
403.30
410.20
412.50
414.70
416.50
418.20
419.60
421.20
422.30
423.20
423.70
423.80
423.60
422.90
421.80
420.40
418.40
415.80
412.70
409.10
404.90
400.10
394.60
388.70
382.20
375.30
368.10
360.20
352.00
343.20
334.00
324.40
314.20
303.30
292.30
280.60
268.50
256.30
243.70
230.70
217.60
204.40
191.20
177.80
164.60
151.40
138.00
125.00
112.10
99.46
87.02
74.80
61.99
47.14
32.27
21.22
12.04
5.35
3.53
3.49
3.46
3.50
3.60
3.69
3.78
3.88
3.96
4.04
4.12
4.19
4.25
4.31
4.37
4.41
4.46
4.51
4.55
4.59
4.63
4.67
4.71
4.75
4.79
4.83
4.86
4.90
4.93
4.96
4.99
5.02
5.05
5.07
5.09
5.10
5.10
5.10
5.10
5.08
5.05
5.02
4.99
4.92
4.82
4.68
4.52
4.35
4.14
3.91
3.70
3.48
3.22
2.92
2.61
2.26
1.90
1.52
1.17
0.96
0.74
0.55
0.36
0.33
0.33
0.33
0.33
0.33
0.33
0.34
0.34
0.35
0.36
0.37
0.38
0.38
0.40
0.42
0.46
0.51
0.52
0.53
0.56
0.60
0.64
0.68
0.72
0.76
0.78
0.80
0.82
0.85
0.88
72.67
85.69
89.61
94.42
97.91
104.50
114.40
134.70
141.90
148.30
154.90
162.60
185.40
197.00
206.40
216.10
221.90
236.60
257.80
267.10
273.50
279.80
294.20
318.30
327.30
334.50
341.50
363.80
380.00
387.10
392.30
396.90
402.40
407.10
412.20
416.70
420.20
423.40
426.60
429.50
431.40
432.80
433.80
434.20
434.50
435.10
435.60
436.20
436.10
435.60
434.20
432.00
429.20
425.80
421.70
417.10
412.20
406.70
400.40
393.60
385.60
376.60
366.60
355.50
343.70
331.30
318.30
304.80
290.80
276.20
261.30
245.80
230.00
214.00
197.90
181.70
165.60
149.80
134.00
118.90
103.60
87.55
69.01
50.99
36.37
22.98
11.78
4.49
3.61
3.61
3.56
3.63
3.74
3.84
3.94
4.05
4.14
4.24
4.32
4.40
4.48
4.54
4.60
4.64
4.66
4.66
4.63
4.59
4.51
4.42
4.30
4.18
4.09
4.02
4.00
4.02
4.06
4.11
4.21
4.31
4.43
4.55
4.67
4.81
4.93
5.05
5.16
5.27
5.38
5.49
5.61
5.74
5.86
6.00
6.02
5.95
5.79
5.57
5.33
5.06
4.76
4.45
4.09
3.72
3.34
2.93
2.49
2.04
1.61
1.25
1.01
0.77
0.55
0.38
0.38
0.39
0.39
0.40
0.40
0.41
0.42
0.43
0.44
0.44
0.45
0.46
0.47
0.50
0.56
0.58
0.60
0.63
0.66
0.70
0.72
0.76
0.80
0.86
0.93
0.97
1.00
67.74
82.08
83.78
88.60
94.17
101.70
116.40
128.10
129.20
130.90
135.30
145.20
166.20
170.50
173.30
177.20
182.50
205.10
212.80
217.00
221.30
228.20
249.00
257.00
262.60
268.00
281.90
297.20
306.00
314.90
322.90
329.60
336.50
343.70
351.10
357.50
361.80
365.30
367.50
368.60
369.60
370.00
369.80
369.10
368.00
366.60
364.80
362.60
360.00
357.00
353.60
349.70
345.50
340.70
335.40
329.70
323.50
316.70
309.50
301.60
293.20
284.50
275.30
265.50
255.40
245.00
234.20
223.10
211.80
200.10
188.40
176.60
164.60
152.50
140.50
128.60
116.70
105.00
93.61
82.35
70.67
57.62
42.96
32.28
20.94
11.87
5.06
1.79
1.70
1.73
1.66
1.98
2.35
2.69
3.01
3.32
3.64
3.96
4.25
4.46
4.61
4.72
4.82
4.89
4.94
4.98
5.01
5.03
5.04
5.05
5.06
5.07
5.07
5.08
5.09
5.11
5.13
5.16
5.19
5.22
5.26
5.30
5.35
5.40
5.46
5.52
5.59
5.66
5.74
5.82
5.90
5.99
6.08
6.18
6.26
6.26
6.17
5.96
5.73
5.47
5.19
4.88
4.55
4.19
3.82
3.42
2.99
2.53
2.06
1.62
1.29
1.02
0.77
0.55
0.44
0.45
0.45
0.45
0.45
0.46
0.45
0.46
0.46
0.47
0.50
0.53
0.55
0.59
0.65
0.70
0.66
0.69
0.71
0.73
0.75
0.78
0.82
0.86
0.92
0.97
1.03
72.67
89.88
99.61
106.60
107.50
107.80
114.00
128.30
132.00
133.90
136.70
140.00
158.70
161.20
161.30
161.00
161.80
171.00
180.10
183.40
186.00
188.70
197.10
203.90
205.10
206.50
209.10
219.50
222.90
223.50
223.70
223.90
224.00
224.00
224.20
224.50
224.40
223.40
221.80
220.00
218.70
216.70
214.40
211.70
208.80
206.20
203.80
201.60
199.00
196.10
192.90
189.70
186.50
183.20
179.80
176.40
172.80
169.00
164.90
160.70
156.20
151.40
146.50
141.50
136.10
130.90
125.50
119.80
113.90
108.00
101.90
95.61
89.38
83.08
76.77
70.51
64.29
58.17
52.23
46.34
40.24
33.10
25.66
19.73
14.09
9.37
6.08
4.71
4.68
4.70
4.68
4.80
4.92
5.03
5.14
5.25
5.34
5.42
5.49
5.55
5.58
5.61
5.62
5.62
5.60
5.56
5.49
5.43
5.35
5.26
5.17
5.10
5.04
4.98
4.94
4.93
4.94
4.94
4.96
5.01
5.05
5.10
5.14
5.21
5.28
5.35
5.42
5.51
5.59
5.69
5.79
5.89
6.00
6.09
6.09
5.97
5.78
5.55
5.31
5.04
4.75
4.43
4.10
3.73
3.36
2.96
2.52
2.07
1.64
1.31
1.05
0.82
0.60
0.47
0.46
0.46
0.47
0.47
0.48
0.49
0.50
0.51
0.52
0.52
0.53
0.54
0.55
0.58
0.63
0.65
0.64
0.67
0.71
0.75
0.78
0.80
0.84
0.87
0.91
0.97
0.99
74.25
88.12
100.40
106.60
106.80
106.50
106.80
117.40
123.50
123.10
122.20
121.90
122.00
127.10
132.60
134.90
137.90
141.40
144.20
151.00
154.70
155.50
155.60
156.20
157.60
161.90
161.80
160.70
159.60
158.70
158.90
157.50
155.10
152.80
150.50
148.10
145.80
143.40
140.90
138.50
136.20
133.90
131.60
129.10
126.70
124.20
121.90
119.50
117.10
114.80
112.40
109.90
107.50
105.10
102.70
100.20
97.73
95.21
92.64
90.02
87.31
84.58
81.82
78.98
76.08
73.15
70.18
67.09
64.02
60.84
57.61
54.35
51.03
47.68
44.35
41.01
37.66
34.32
31.04
27.77
24.58
21.15
17.19
13.49
10.38
7.90
6.14
5.51
5.52
5.52
5.57
5.68
5.79
5.89
5.98
6.06
6.13
6.18
6.21
6.21
6.21
6.19
6.16
6.11
6.06
6.00
5.92
5.84
5.75
5.67
5.59
5.51
5.44
5.38
5.32
5.26
5.21
5.17
5.14
5.12
5.11
5.11
5.11
5.11
5.12
5.13
5.14
5.16
5.18
5.22
5.24
5.21
5.11
4.98
4.82
4.65
4.45
4.23
3.99
3.73
3.44
3.12
2.75
2.37
1.99
1.62
1.32
1.09
0.87
0.67
0.52
0.48
0.48
0.48
0.49
0.49
0.49
0.50
0.50
0.50
0.51
0.51
0.51
0.51
0.53
0.55
0.60
0.65
0.68
0.71
0.75
0.78
0.82
0.84
0.86
0.87
0.89
0.88
0.89
0.90
0.89
78.15
86.24
101.00
104.60
103.50
102.20
100.90
100.30
103.30
107.90
109.60
113.80
119.70
123.50
124.60
125.60
129.50
130.40
129.60
128.50
127.40
126.60
126.30
129.40
131.30
131.00
129.70
128.30
126.80
125.70
124.10
122.10
120.00
117.80
115.60
113.50
111.40
109.30
107.30
105.20
103.40
101.50
99.69
97.92
96.20
94.55
92.82
91.20
89.50
87.88
86.16
84.43
82.67
80.90
79.07
77.15
75.25
73.26
71.24
69.16
66.99
64.76
62.50
60.20
57.84
55.53
53.10
50.56
47.99
45.39
42.73
40.03
37.35
34.64
31.91
29.20
26.47
23.76
21.12
18.49
15.94
13.48
11.03
8.27
5.48
3.50
2.27
1.96
1.96
1.94
2.00
2.12
2.23
2.32
2.41
2.49
2.57
2.64
2.72
2.79
2.86
2.92
2.99
3.05
3.11
3.17
3.23
3.29
3.35
3.42
3.49
3.56
3.63
3.71
3.78
3.86
3.93
4.01
4.10
4.18
4.27
4.35
4.44
4.52
4.61
4.69
4.77
4.83
4.86
4.86
4.80
4.68
4.52
4.31
4.06
3.74
3.39
2.99
2.56
2.14
1.75
1.41
1.10
0.82
0.62
0.50
0.47
0.47
0.47
0.47
0.47
0.47
0.47
0.48
0.48
0.48
0.48
0.49
0.49
0.49
0.49
0.50
0.51
0.52
0.54
0.54
0.58
0.69
0.78
0.82
0.84
0.86
0.87
0.87
0.88
0.88
0.88
0.88
0.88
0.90
0.90
81.44
84.83
94.60
102.50
101.30
99.40
97.75
96.33
95.63
99.84
110.20
115.10
118.20
119.80
119.10
117.70
116.30
114.80
113.90
115.60
120.40
121.70
121.80
120.50
118.70
116.70
114.70
113.00
112.80
113.30
112.60
111.20
109.70
108.30
106.90
105.60
104.40
103.10
101.80
100.60
99.43
98.27
97.09
95.90
94.64
93.30
91.96
90.53
89.04
87.50
85.92
84.30
82.64
80.91
79.10
77.27
75.34
73.34
71.30
69.20
67.03
64.82
62.57
60.25
57.91
55.55
53.14
50.70
48.29
45.83
43.36
40.86
38.32
35.74
33.20
30.66
28.12
25.63
23.20
20.78
18.42
15.97
13.21
10.59
8.60
6.80
5.77
5.51
5.57
5.60
5.69
5.81
5.92
6.02
6.12
6.20
6.27
6.32
6.35
6.35
6.35
6.33
6.30
6.26
6.21
6.15
6.07
5.99
5.90
5.82
5.73
5.65
5.57
5.51
5.44
5.38
5.33
5.28
5.23
5.19
5.16
5.12
5.08
5.04
5.00
4.96
4.90
4.85
4.81
4.76
4.67
4.51
4.33
4.12
3.90
3.67
3.44
3.21
2.98
2.74
2.49
2.21
1.92
1.63
1.35
1.13
0.94
0.77
0.61
0.51
0.46
0.47
0.47
0.47
0.48
0.48
0.48
0.49
0.50
0.50
0.51
0.51
0.51
0.52
0.54
0.58
0.64
0.68
0.72
0.77
0.80
0.84
0.88
0.90
0.91
0.91
0.91
0.90
0.91
0.91
0.90
84.68
86.49
91.00
95.35
97.78
97.07
95.22
92.83
94.62
104.60
109.70
111.40
110.40
108.90
107.50
106.20
105.10
106.70
113.60
114.90
114.20
112.70
110.80
109.00
107.60
107.80
111.40
112.60
112.10
111.20
110.50
109.70
109.10
108.60
108.00
107.30
106.50
105.80
105.00
104.30
103.60
102.80
102.00
101.10
100.20
99.25
98.12
96.91
95.54
94.07
92.49
90.82
89.04
87.15
85.11
83.08
80.94
78.73
76.45
74.14
71.84
69.53
67.08
64.58
62.04
59.51
56.99
54.48
51.79
49.05
46.26
43.41
40.58
37.72
34.88
32.07
29.30
26.53
23.89
21.24
18.43
15.30
12.28
9.94
7.61
5.98
4.90
4.75
4.82
4.85
4.97
5.10
5.22
5.34
5.44
5.55
5.64
5.71
5.78
5.82
5.85
5.86
5.86
5.84
5.77
5.68
5.55
5.40
5.23
5.05
4.87
4.74
4.64
4.55
4.50
4.51
4.52
4.55
4.58
4.65
4.73
4.79
4.85
4.92
4.99
5.06
5.12
5.20
5.28
5.37
5.46
5.55
5.63
5.60
5.42
5.17
4.89
4.60
4.30
3.99
3.69
3.37
3.04
2.70
2.37
2.02
1.68
1.36
1.12
0.92
0.73
0.56
0.46
0.46
0.46
0.47
0.48
0.49
0.50
0.51
0.53
0.54
0.55
0.55
0.56
0.56
0.59
0.63
0.66
0.67
0.71
0.74
0.78
0.80
0.83
0.86
0.88
0.92
0.97
1.02
1.02
85.29
87.96
91.86
96.88
97.19
92.54
88.69
86.48
92.47
101.20
103.10
102.90
102.10
101.60
100.90
101.30
101.10
107.70
110.60
111.10
109.90
108.00
106.00
104.80
105.00
108.80
111.00
111.30
110.90
110.50
110.10
109.90
110.10
110.30
110.20
110.00
109.80
109.50
109.20
108.80
108.20
107.60
106.90
106.20
105.40
104.40
103.30
102.10
100.80
99.36
97.76
96.05
94.22
92.29
90.23
88.10
85.84
83.45
80.99
78.42
75.77
73.04
70.26
67.45
64.56
61.65
58.69
55.69
52.72
49.68
46.60
43.48
40.39
37.23
34.13
31.04
27.97
24.95
21.99
19.01
15.76
12.30
9.18
6.68
4.19
2.41
1.25
1.27
1.37
1.41
1.86
2.23
2.65
3.14
3.56
3.99
4.39
4.70
4.93
5.10
5.22
5.31
5.37
5.41
5.42
5.42
5.42
5.41
5.39
5.36
5.33
5.30
5.28
5.25
5.23
5.22
5.22
5.22
5.22
5.22
5.24
5.25
5.27
5.29
5.33
5.37
5.41
5.46
5.52
5.57
5.64
5.71
5.78
5.85
5.79
5.62
5.36
5.06
4.75
4.44
4.12
3.80
3.47
3.13
2.79
2.44
2.07
1.71
1.38
1.14
0.92
0.72
0.55
0.47
0.47
0.48
0.48
0.49
0.49
0.50
0.50
0.51
0.53
0.56
0.59
0.62
0.64
0.69
0.71
0.70
0.71
0.71
0.71
0.74
0.81
0.88
0.96
1.00
1.07
1.08
1.06
84.68
86.49
91.00
95.35
97.78
97.07
95.22
92.83
94.62
104.60
109.70
111.40
110.40
108.90
107.50
106.20
105.10
106.70
113.60
114.90
114.20
112.70
110.80
109.00
107.60
107.80
111.40
112.60
112.10
111.20
110.50
109.70
109.10
108.60
108.00
107.30
106.50
105.80
105.00
104.30
103.60
102.80
102.00
101.10
100.20
99.25
98.12
96.91
95.54
94.07
92.49
90.82
89.04
87.15
85.11
83.08
80.94
78.73
76.45
74.14
71.84
69.53
67.08
64.58
62.04
59.51
56.99
54.48
51.79
49.05
46.26
43.41
40.58
37.72
34.88
32.07
29.30
26.53
23.89
21.24
18.43
15.30
12.28
9.94
7.61
5.98
4.90
4.75
4.82
4.85
4.97
5.10
5.22
5.34
5.44
5.55
5.64
5.71
5.78
5.82
5.85
5.86
5.86
5.84
5.77
5.68
5.55
5.40
5.23
5.05
4.87
4.74
4.64
4.55
4.50
4.51
4.52
4.55
4.58
4.65
4.73
4.79
4.85
4.92
4.99
5.06
5.12
5.20
5.28
5.37
5.46
5.55
5.63
5.60
5.42
5.17
4.89
4.60
4.30
3.99
3.69
3.37
3.04
2.70
2.37
2.02
1.68
1.36
1.12
0.92
0.73
0.56
0.46
0.46
0.46
0.47
0.48
0.49
0.50
0.51
0.53
0.54
0.55
0.55
0.56
0.56
0.59
0.63
0.66
0.67
0.71
0.74
0.78
0.80
0.83
0.86
0.88
0.92
0.97
1.02
1.02
81.44
84.83
94.60
102.50
101.30
99.40
97.75
96.33
95.63
99.84
110.20
115.10
118.20
119.80
119.10
117.70
116.30
114.80
113.90
115.60
120.40
121.70
121.80
120.50
118.70
116.70
114.70
113.00
112.80
113.30
112.60
111.20
109.70
108.30
106.90
105.60
104.40
103.10
101.80
100.60
99.43
98.27
97.09
95.90
94.64
93.30
91.96
90.53
89.04
87.50
85.92
84.30
82.64
80.91
79.10
77.27
75.34
73.34
71.30
69.20
67.03
64.82
62.57
60.25
57.91
55.55
53.14
50.70
48.29
45.83
43.36
40.86
38.32
35.74
33.20
30.66
28.12
25.63
23.20
20.78
18.42
15.97
13.21
10.59
8.60
6.80
5.77
5.51
5.57
5.60
5.69
5.81
5.92
6.02
6.12
6.20
6.27
6.32
6.35
6.35
6.35
6.33
6.30
6.26
6.21
6.15
6.07
5.99
5.90
5.82
5.73
5.65
5.57
5.51
5.44
5.38
5.33
5.28
5.23
5.19
5.16
5.12
5.08
5.04
5.00
4.96
4.90
4.85
4.81
4.76
4.67
4.51
4.33
4.12
3.90
3.67
3.44
3.21
2.98
2.74
2.49
2.21
1.92
1.63
1.35
1.13
0.94
0.77
0.61
0.51
0.46
0.47
0.47
0.47
0.48
0.48
0.48
0.49
0.50
0.50
0.51
0.51
0.51
0.52
0.54
0.58
0.64
0.68
0.72
0.77
0.80
0.84
0.88
0.90
0.91
0.91
0.91
0.90
0.91
0.91
0.90
78.15
86.24
101.00
104.60
103.50
102.20
100.90
100.30
103.30
107.90
109.60
113.80
119.70
123.50
124.60
125.60
129.50
130.40
129.60
128.50
127.40
126.60
126.30
129.40
131.30
131.00
129.70
128.30
126.80
125.70
124.10
122.10
120.00
117.80
115.60
113.50
111.40
109.30
107.30
105.20
103.40
101.50
99.69
97.92
96.20
94.55
92.82
91.20
89.50
87.88
86.16
84.43
82.67
80.90
79.07
77.15
75.25
73.26
71.24
69.16
66.99
64.76
62.50
60.20
57.84
55.53
53.10
50.56
47.99
45.39
42.73
40.03
37.35
34.64
31.91
29.20
26.47
23.76
21.12
18.49
15.94
13.48
11.03
8.27
5.48
3.50
2.27
1.96
1.96
1.94
2.00
2.12
2.23
2.32
2.41
2.49
2.57
2.64
2.72
2.79
2.86
2.92
2.99
3.05
3.11
3.17
3.23
3.29
3.35
3.42
3.49
3.56
3.63
3.71
3.78
3.86
3.93
4.01
4.10
4.18
4.27
4.35
4.44
4.52
4.61
4.69
4.77
4.83
4.86
4.86
4.80
4.68
4.52
4.31
4.06
3.74
3.39
2.99
2.56
2.14
1.75
1.41
1.10
0.82
0.62
0.50
0.47
0.47
0.47
0.47
0.47
0.47
0.47
0.48
0.48
0.48
0.48
0.49
0.49
0.49
0.49
0.50
0.51
0.52
0.54
0.54
0.58
0.69
0.78
0.82
0.84
0.86
0.87
0.87
0.88
0.88
0.88
0.88
0.88
0.90
0.90
74.25
88.12
100.40
106.60
106.80
106.50
106.80
117.40
123.50
123.10
122.20
121.90
122.00
127.10
132.60
134.90
137.90
141.40
144.20
151.00
154.70
155.50
155.60
156.20
157.60
161.90
161.80
160.70
159.60
158.70
158.90
157.50
155.10
152.80
150.50
148.10
145.80
143.40
140.90
138.50
136.20
133.90
131.60
129.10
126.70
124.20
121.90
119.50
117.10
114.80
112.40
109.90
107.50
105.10
102.70
100.20
97.73
95.21
92.64
90.02
87.31
84.58
81.82
78.98
76.08
73.15
70.18
67.09
64.02
60.84
57.61
54.35
51.03
47.68
44.35
41.01
37.66
34.32
31.04
27.77
24.58
21.15
17.19
13.49
10.38
7.90
6.14
5.51
5.52
5.52
5.57
5.68
5.79
5.89
5.98
6.06
6.13
6.18
6.21
6.21
6.21
6.19
6.16
6.11
6.06
6.00
5.92
5.84
5.75
5.67
5.59
5.51
5.44
5.38
5.32
5.26
5.21
5.17
5.14
5.12
5.11
5.11
5.11
5.11
5.12
5.13
5.14
5.16
5.18
5.22
5.24
5.21
5.11
4.98
4.82
4.65
4.45
4.23
3.99
3.73
3.44
3.12
2.75
2.37
1.99
1.62
1.32
1.09
0.87
0.67
0.52
0.48
0.48
0.48
0.49
0.49
0.49
0.50
0.50
0.50
0.51
0.51
0.51
0.51
0.53
0.55
0.60
0.65
0.68
0.71
0.75
0.78
0.82
0.84
0.86
0.87
0.89
0.88
0.89
0.90
0.89
72.67
89.88
99.61
106.60
107.50
107.80
114.00
128.30
132.00
133.90
136.70
140.00
158.70
161.20
161.30
161.00
161.80
171.00
180.10
183.40
186.00
188.70
197.10
203.90
205.10
206.50
209.10
219.50
222.90
223.50
223.70
223.90
224.00
224.00
224.20
224.50
224.40
223.40
221.80
220.00
218.70
216.70
214.40
211.70
208.80
206.20
203.80
201.60
199.00
196.10
192.90
189.70
186.50
183.20
179.80
176.40
172.80
169.00
164.90
160.70
156.20
151.40
146.50
141.50
136.10
130.90
125.50
119.80
113.90
108.00
101.90
95.61
89.38
83.08
76.77
70.51
64.29
58.17
52.23
46.34
40.24
33.10
25.66
19.73
14.09
9.37
6.08
4.71
4.68
4.70
4.68
4.80
4.92
5.03
5.14
5.25
5.34
5.42
5.49
5.55
5.58
5.61
5.62
5.62
5.60
5.56
5.49
5.43
5.35
5.26
5.17
5.10
5.04
4.98
4.94
4.93
4.94
4.94
4.96
5.01
5.05
5.10
5.14
5.21
5.28
5.35
5.42
5.51
5.59
5.69
5.79
5.89
6.00
6.09
6.09
5.97
5.78
5.55
5.31
5.04
4.75
4.43
4.10
3.73
3.36
2.96
2.52
2.07
1.64
1.31
1.05
0.82
0.60
0.47
0.46
0.46
0.47
0.47
0.48
0.49
0.50
0.51
0.52
0.52
0.53
0.54
0.55
0.58
0.63
0.65
0.64
0.67
0.71
0.75
0.78
0.80
0.84
0.87
0.91
0.97
0.99
