SALVI
1
0
72
5.0
181
1.0
250109_4 SNAP 350 3000K CPR085 PMMA L
250109_4 SNAP CPR085 PMMA L

250109-4-SNAP-CPR085-PMMA-L.ldt
12 Juny 2025/TB
310
0
90
210
0
0
0
0
0
99.78
99.99
1.00
0.00
1
1
18 LED 5050
5167.30
3000
70
39.00
0.35
0.44
0.53
0.60
0.65
0.72
0.76
0.80
0.84
0.87
0.00
5.00
10.00
15.00
20.00
25.00
30.00
35.00
40.00
45.00
50.00
55.00
60.00
65.00
70.00
75.00
80.00
85.00
90.00
95.00
100.00
105.00
110.00
115.00
120.00
125.00
130.00
135.00
140.00
145.00
150.00
155.00
160.00
165.00
170.00
175.00
180.00
185.00
190.00
195.00
200.00
205.00
210.00
215.00
220.00
225.00
230.00
235.00
240.00
245.00
250.00
255.00
260.00
265.00
270.00
275.00
280.00
285.00
290.00
295.00
300.00
305.00
310.00
315.00
320.00
325.00
330.00
335.00
340.00
345.00
350.00
355.00
0.00
1.00
2.00
3.00
4.00
5.00
6.00
7.00
8.00
9.00
10.00
11.00
12.00
13.00
14.00
15.00
16.00
17.00
18.00
19.00
20.00
21.00
22.00
23.00
24.00
25.00
26.00
27.00
28.00
29.00
30.00
31.00
32.00
33.00
34.00
35.00
36.00
37.00
38.00
39.00
40.00
41.00
42.00
43.00
44.00
45.00
46.00
47.00
48.00
49.00
50.00
51.00
52.00
53.00
54.00
55.00
56.00
57.00
58.00
59.00
60.00
61.00
62.00
63.00
64.00
65.00
66.00
67.00
68.00
69.00
70.00
71.00
72.00
73.00
74.00
75.00
76.00
77.00
78.00
79.00
80.00
81.00
82.00
83.00
84.00
85.00
86.00
87.00
88.00
89.00
90.00
91.00
92.00
93.00
94.00
95.00
96.00
97.00
98.00
99.00
100.00
101.00
102.00
103.00
104.00
105.00
106.00
107.00
108.00
109.00
110.00
111.00
112.00
113.00
114.00
115.00
116.00
117.00
118.00
119.00
120.00
121.00
122.00
123.00
124.00
125.00
126.00
127.00
128.00
129.00
130.00
131.00
132.00
133.00
134.00
135.00
136.00
137.00
138.00
139.00
140.00
141.00
142.00
143.00
144.00
145.00
146.00
147.00
148.00
149.00
150.00
151.00
152.00
153.00
154.00
155.00
156.00
157.00
158.00
159.00
160.00
161.00
162.00
163.00
164.00
165.00
166.00
167.00
168.00
169.00
170.00
171.00
172.00
173.00
174.00
175.00
176.00
177.00
178.00
179.00
180.00
436.90
427.70
417.60
407.50
396.50
386.30
374.30
362.60
351.30
338.10
325.70
313.20
300.50
287.80
275.40
263.10
251.30
240.10
228.30
218.10
208.20
199.20
190.40
182.60
175.50
169.30
163.60
158.50
154.10
150.10
146.80
143.70
141.10
138.80
136.60
134.70
132.70
131.00
129.20
127.40
125.60
123.80
121.90
119.80
117.70
115.50
113.20
110.90
108.70
106.40
103.90
101.40
99.00
96.39
93.90
91.60
88.88
86.35
83.90
81.35
78.78
76.20
73.46
70.95
68.42
65.69
63.00
60.45
57.65
54.93
52.18
49.36
46.52
43.71
40.80
37.88
34.98
32.18
29.39
26.63
23.93
21.25
18.69
16.23
13.89
11.74
9.74
8.01
6.38
4.82
3.49
2.14
0.74
0.25
0.13
0.13
0.13
0.14
0.15
0.16
0.16
0.18
0.18
0.19
0.21
0.21
0.22
0.23
0.24
0.26
0.27
0.28
0.29
0.30
0.31
0.32
0.33
0.34
0.35
0.36
0.37
0.38
0.39
0.40
0.41
0.42
0.43
0.44
0.45
0.46
0.47
0.48
0.49
0.50
0.51
0.51
0.52
0.53
0.53
0.54
0.55
0.56
0.56
0.57
0.57
0.57
0.58
0.59
0.59
0.60
0.60
0.60
0.60
0.61
0.61
0.61
0.61
0.61
0.61
0.61
0.61
0.61
0.61
0.61
0.61
0.61
0.61
0.61
0.61
0.61
0.61
0.61
0.61
0.61
0.61
0.60
0.60
0.59
0.59
0.58
0.57
437.70
428.10
419.30
409.50
399.10
388.20
377.60
366.50
354.10
342.70
330.30
317.70
305.20
292.90
281.10
268.50
256.60
245.00
234.30
223.60
213.40
204.40
195.40
187.30
179.80
173.20
167.40
162.00
157.10
152.90
149.40
145.90
143.20
140.70
138.20
136.20
134.10
132.20
130.40
128.30
126.60
124.80
122.70
120.70
118.50
116.40
113.90
111.50
109.20
106.70
104.20
101.70
99.15
96.60
94.06
91.51
88.92
86.30
83.65
81.17
78.55
75.87
73.34
70.65
68.07
65.36
62.74
60.03
57.33
54.62
51.90
49.08
46.24
43.43
40.60
37.72
34.81
32.05
29.25
26.52
23.83
21.20
18.64
16.20
13.86
11.72
9.74
8.01
6.39
4.84
3.52
2.14
0.74
0.26
0.12
0.13
0.14
0.15
0.16
0.17
0.18
0.18
0.19
0.20
0.21
0.22
0.23
0.24
0.25
0.26
0.27
0.28
0.29
0.30
0.31
0.32
0.33
0.34
0.35
0.36
0.37
0.38
0.39
0.40
0.41
0.42
0.43
0.44
0.45
0.46
0.47
0.48
0.49
0.50
0.51
0.51
0.52
0.53
0.54
0.54
0.55
0.56
0.56
0.57
0.57
0.58
0.59
0.59
0.59
0.60
0.60
0.60
0.60
0.60
0.60
0.60
0.60
0.60
0.60
0.60
0.60
0.60
0.60
0.60
0.60
0.60
0.60
0.60
0.60
0.59
0.59
0.59
0.59
0.58
0.58
0.58
0.57
0.57
0.57
0.57
0.57
437.00
428.30
419.60
410.20
400.80
390.00
379.50
368.90
357.20
345.80
333.90
321.60
309.60
297.60
285.70
273.40
261.70
250.40
239.30
228.60
218.60
209.20
200.30
192.00
184.30
177.40
171.00
165.20
160.20
155.80
151.70
148.30
145.20
142.40
139.60
137.50
135.30
133.30
131.40
129.20
127.40
125.30
123.40
121.20
119.20
116.80
114.70
112.20
109.70
107.20
104.70
102.10
99.57
96.95
94.17
91.75
88.96
86.25
83.73
81.00
78.16
75.61
72.87
70.22
67.52
64.80
62.05
59.37
56.69
53.95
51.24
48.41
45.65
42.79
39.98
37.09
34.30
31.52
28.81
26.07
23.39
20.83
18.30
15.91
13.59
11.50
9.53
7.85
6.22
4.72
3.41
1.97
0.66
0.22
0.12
0.12
0.12
0.12
0.13
0.14
0.15
0.15
0.16
0.17
0.18
0.19
0.20
0.21
0.22
0.23
0.23
0.25
0.25
0.26
0.27
0.29
0.29
0.30
0.31
0.32
0.33
0.34
0.35
0.36
0.37
0.39
0.39
0.40
0.41
0.42
0.43
0.44
0.45
0.46
0.47
0.48
0.48
0.49
0.50
0.51
0.51
0.52
0.53
0.53
0.54
0.54
0.55
0.55
0.56
0.57
0.57
0.57
0.58
0.58
0.58
0.58
0.59
0.59
0.59
0.59
0.59
0.59
0.60
0.60
0.60
0.60
0.60
0.60
0.60
0.60
0.60
0.60
0.60
0.60
0.60
0.59
0.59
0.59
0.58
0.58
0.57
437.10
429.50
421.90
412.30
403.70
394.00
383.30
373.20
362.50
351.70
340.30
328.10
316.10
304.40
292.50
280.90
269.40
258.00
246.90
235.80
225.60
216.10
206.70
198.10
190.10
182.60
176.20
170.00
164.40
159.60
155.10
151.10
147.80
144.50
141.70
139.30
136.70
134.60
132.60
130.40
128.10
126.10
124.00
121.90
119.80
117.60
115.10
112.60
110.10
107.60
104.90
102.40
99.70
97.14
94.36
91.61
88.96
86.21
83.43
80.72
77.95
75.27
72.51
69.73
67.03
64.38
61.60
58.90
56.15
53.42
50.65
47.91
45.09
42.29
39.52
36.69
33.90
31.16
28.45
25.82
23.18
20.62
18.15
15.78
13.52
11.44
9.52
7.84
6.25
4.75
3.44
1.96
0.68
0.23
0.11
0.12
0.12
0.13
0.14
0.14
0.15
0.16
0.17
0.18
0.18
0.19
0.20
0.21
0.22
0.23
0.24
0.25
0.26
0.26
0.28
0.29
0.29
0.30
0.32
0.33
0.34
0.34
0.35
0.36
0.37
0.38
0.39
0.40
0.41
0.42
0.43
0.44
0.45
0.46
0.47
0.47
0.48
0.49
0.50
0.51
0.51
0.52
0.53
0.54
0.54
0.55
0.55
0.56
0.56
0.57
0.57
0.58
0.58
0.58
0.58
0.58
0.58
0.58
0.58
0.58
0.58
0.58
0.58
0.58
0.58
0.58
0.58
0.58
0.58
0.58
0.58
0.58
0.58
0.57
0.57
0.57
0.57
0.57
0.57
0.57
0.57
436.90
429.60
422.00
413.80
405.10
396.60
386.60
376.90
366.20
356.10
345.50
333.70
322.50
310.70
299.20
287.30
276.10
264.70
254.20
243.20
232.30
222.80
213.50
204.50
195.90
188.60
181.30
174.80
168.90
163.50
158.70
154.40
150.60
146.80
143.60
140.70
138.30
135.80
133.20
130.90
128.70
126.60
124.40
122.10
119.80
117.60
115.30
112.90
110.30
107.90
105.20
102.70
99.89
97.10
94.45
91.66
88.81
86.03
83.13
80.40
77.52
74.62
71.87
69.03
66.14
63.48
60.60
57.83
55.06
52.26
49.56
46.78
44.02
41.21
38.48
35.70
32.95
30.29
27.63
25.05
22.48
19.96
17.56
15.27
13.07
11.04
9.19
7.56
5.99
4.53
3.24
1.70
0.61
0.18
0.10
0.10
0.10
0.10
0.11
0.12
0.12
0.13
0.14
0.14
0.15
0.16
0.17
0.18
0.19
0.19
0.20
0.21
0.22
0.23
0.24
0.25
0.26
0.27
0.28
0.29
0.30
0.30
0.31
0.32
0.33
0.34
0.35
0.36
0.37
0.38
0.39
0.40
0.41
0.42
0.43
0.44
0.45
0.45
0.46
0.47
0.48
0.48
0.49
0.50
0.50
0.51
0.52
0.52
0.53
0.53
0.53
0.54
0.55
0.55
0.55
0.56
0.56
0.57
0.57
0.57
0.57
0.57
0.57
0.57
0.57
0.57
0.57
0.57
0.57
0.57
0.57
0.57
0.57
0.57
0.57
0.57
0.57
0.57
0.57
0.57
0.57
437.10
430.20
423.90
416.60
408.30
400.60
391.60
382.10
372.70
362.50
351.80
341.20
330.20
318.90
307.70
296.60
285.10
274.00
263.30
252.00
242.20
232.10
222.50
213.10
204.10
195.90
188.70
181.50
174.90
168.90
163.40
158.50
154.30
149.90
146.40
143.00
139.90
137.30
134.70
132.10
129.80
127.30
125.00
122.70
120.50
118.10
115.50
112.90
110.30
107.70
105.20
102.50
99.84
96.93
94.24
91.44
88.50
85.58
82.82
79.81
76.98
74.10
71.19
68.29
65.44
62.61
59.79
56.93
54.18
51.38
48.59
45.86
43.02
40.32
37.57
34.80
32.15
29.51
26.91
24.35
21.85
19.42
17.08
14.84
12.70
10.74
8.92
7.35
5.83
4.40
3.14
1.66
0.63
0.19
0.10
0.10
0.11
0.11
0.12
0.13
0.13
0.14
0.15
0.15
0.16
0.17
0.18
0.18
0.19
0.20
0.21
0.22
0.23
0.23
0.24
0.25
0.26
0.27
0.28
0.29
0.30
0.31
0.32
0.33
0.33
0.34
0.36
0.36
0.38
0.38
0.39
0.40
0.41
0.42
0.43
0.44
0.45
0.45
0.46
0.47
0.48
0.48
0.49
0.50
0.51
0.51
0.52
0.53
0.53
0.53
0.54
0.55
0.55
0.56
0.56
0.56
0.57
0.57
0.57
0.57
0.57
0.57
0.57
0.57
0.57
0.57
0.57
0.57
0.57
0.57
0.57
0.57
0.57
0.57
0.57
0.57
0.56
0.56
0.56
0.56
0.56
437.10
430.60
424.80
418.20
411.10
403.40
395.30
387.10
376.90
368.30
358.70
348.00
337.80
327.40
316.10
305.20
294.50
283.40
272.60
261.50
251.20
240.90
231.20
221.70
213.00
203.70
196.10
188.50
181.40
174.90
169.10
163.50
158.30
153.70
149.50
145.60
142.40
139.00
135.70
133.00
130.30
127.70
125.10
122.70
120.30
117.80
115.30
112.80
110.30
107.70
104.80
102.30
99.52
96.66
93.76
91.02
88.05
85.16
82.14
79.24
76.26
73.31
70.34
67.24
64.28
61.46
58.58
55.69
52.84
50.00
47.24
44.45
41.65
38.88
36.16
33.48
30.82
28.22
25.71
23.20
20.77
18.40
16.16
13.98
11.94
10.05
8.34
6.85
5.37
4.02
2.79
1.42
0.55
0.14
0.09
0.09
0.09
0.09
0.09
0.10
0.11
0.11
0.12
0.12
0.13
0.14
0.15
0.15
0.16
0.17
0.18
0.18
0.19
0.20
0.21
0.22
0.23
0.23
0.24
0.25
0.26
0.27
0.28
0.29
0.30
0.31
0.32
0.33
0.33
0.34
0.35
0.36
0.37
0.38
0.39
0.40
0.41
0.41
0.42
0.43
0.44
0.45
0.45
0.46
0.47
0.48
0.48
0.49
0.49
0.50
0.51
0.51
0.52
0.52
0.53
0.53
0.53
0.54
0.54
0.54
0.55
0.55
0.55
0.55
0.55
0.56
0.56
0.56
0.56
0.56
0.57
0.57
0.57
0.57
0.57
0.57
0.57
0.57
0.57
0.57
0.57
437.20
432.20
426.90
421.10
414.70
408.10
400.30
392.70
384.60
375.40
366.40
356.90
347.10
337.10
326.70
316.30
305.30
295.20
284.20
273.40
262.90
252.60
242.80
233.00
223.70
214.90
206.20
197.90
190.40
183.20
176.50
170.40
164.50
159.30
154.40
149.80
145.70
141.70
138.40
135.00
131.90
129.00
126.10
123.30
120.60
118.10
115.30
112.40
109.90
107.20
104.30
101.80
98.95
96.02
93.26
90.37
87.46
84.45
81.44
78.49
75.46
72.42
69.44
66.42
63.44
60.53
57.55
54.67
51.82
48.97
46.16
43.37
40.56
37.77
35.08
32.42
29.79
27.25
24.75
22.30
19.95
17.63
15.42
13.33
11.37
9.55
7.91
6.47
5.06
3.75
2.58
1.38
0.54
0.14
0.09
0.09
0.10
0.10
0.11
0.11
0.12
0.12
0.13
0.14
0.14
0.14
0.15
0.16
0.17
0.18
0.18
0.19
0.20
0.20
0.21
0.22
0.23
0.24
0.25
0.26
0.26
0.27
0.28
0.29
0.30
0.31
0.32
0.32
0.34
0.34
0.35
0.36
0.37
0.38
0.39
0.40
0.41
0.42
0.42
0.43
0.44
0.45
0.46
0.46
0.47
0.48
0.49
0.49
0.50
0.51
0.51
0.51
0.52
0.53
0.53
0.54
0.54
0.54
0.55
0.55
0.56
0.56
0.56
0.56
0.57
0.57
0.57
0.57
0.57
0.57
0.57
0.57
0.57
0.57
0.57
0.57
0.57
0.57
0.57
0.57
0.57
436.60
432.40
427.50
423.60
417.50
411.40
405.40
397.70
390.20
382.60
374.10
365.00
355.80
346.50
336.20
326.50
316.20
306.30
295.90
285.50
275.10
264.80
255.00
244.70
235.10
225.80
217.30
208.30
200.30
192.40
185.20
178.20
171.90
165.90
160.00
154.90
150.30
145.60
141.30
137.70
133.90
130.50
127.30
124.10
121.00
118.30
115.20
112.40
109.50
106.80
103.80
101.10
98.16
95.42
92.49
89.37
86.34
83.40
80.34
77.33
74.27
71.24
68.25
65.20
62.17
59.20
56.23
53.37
50.51
47.63
44.79
42.02
39.24
36.48
33.81
31.14
28.56
26.07
23.62
21.22
18.93
16.68
14.56
12.50
10.62
8.88
7.32
5.94
4.59
3.38
2.29
1.21
0.48
0.12
0.08
0.08
0.08
0.08
0.08
0.08
0.09
0.10
0.10
0.11
0.11
0.12
0.13
0.13
0.14
0.14
0.15
0.16
0.17
0.17
0.18
0.19
0.19
0.20
0.21
0.22
0.23
0.24
0.24
0.25
0.26
0.27
0.28
0.29
0.29
0.31
0.31
0.32
0.33
0.34
0.35
0.36
0.37
0.37
0.38
0.39
0.40
0.41
0.41
0.42
0.43
0.44
0.45
0.45
0.46
0.47
0.48
0.48
0.49
0.49
0.50
0.50
0.51
0.51
0.52
0.52
0.53
0.53
0.53
0.53
0.54
0.54
0.54
0.54
0.55
0.55
0.55
0.55
0.55
0.55
0.55
0.55
0.56
0.56
0.56
0.56
0.56
437.20
433.70
430.20
425.70
421.30
416.50
411.00
404.40
397.60
390.50
383.40
374.80
366.40
357.80
348.90
339.20
329.50
319.40
310.00
299.80
289.80
279.40
269.50
259.60
249.50
240.00
230.80
221.70
213.30
204.90
196.90
189.20
181.80
175.20
168.90
162.90
157.10
151.90
146.90
142.30
137.80
133.90
130.00
126.40
122.90
119.40
116.20
112.90
109.50
106.50
103.40
100.40
97.46
94.40
91.40
88.41
85.26
82.31
79.32
76.17
73.10
70.13
67.08
64.08
61.11
58.17
55.24
52.36
49.51
46.64
43.87
41.09
38.33
35.65
32.98
30.36
27.81
25.37
22.94
20.60
18.32
16.15
14.06
12.06
10.24
8.54
7.02
5.68
4.39
3.22
2.20
1.20
0.47
0.12
0.08
0.08
0.09
0.09
0.09
0.10
0.10
0.11
0.11
0.12
0.12
0.13
0.14
0.14
0.15
0.15
0.16
0.17
0.17
0.18
0.19
0.19
0.20
0.21
0.22
0.22
0.23
0.24
0.25
0.26
0.27
0.27
0.28
0.29
0.30
0.31
0.32
0.32
0.34
0.34
0.35
0.36
0.37
0.38
0.39
0.39
0.40
0.41
0.42
0.43
0.43
0.44
0.45
0.46
0.46
0.47
0.48
0.48
0.49
0.50
0.50
0.51
0.51
0.52
0.52
0.53
0.53
0.54
0.54
0.54
0.55
0.55
0.55
0.55
0.56
0.56
0.56
0.56
0.56
0.56
0.56
0.56
0.56
0.56
0.56
0.56
0.56
437.30
434.50
432.20
428.10
424.30
420.80
415.60
410.10
404.70
397.90
391.50
384.20
376.40
368.40
360.10
351.00
342.10
333.50
323.10
314.10
304.00
294.60
284.20
274.70
265.00
255.20
245.60
236.50
227.30
218.50
210.30
202.00
193.60
186.60
179.50
172.40
166.00
160.00
154.10
148.80
143.70
138.90
134.30
129.90
125.50
121.80
117.90
114.40
110.70
107.20
103.80
100.60
97.27
93.98
90.79
87.66
84.37
81.34
78.14
75.10
72.01
68.91
65.94
62.83
59.87
56.91
53.98
51.17
48.33
45.54
42.81
40.06
37.36
34.70
32.04
29.50
27.00
24.56
22.20
19.92
17.67
15.54
13.51
11.57
9.78
8.12
6.67
5.37
4.12
2.99
2.02
1.11
0.42
0.10
0.07
0.07
0.07
0.07
0.07
0.08
0.08
0.08
0.09
0.10
0.10
0.11
0.11
0.11
0.12
0.13
0.13
0.14
0.14
0.15
0.16
0.16
0.17
0.18
0.18
0.20
0.20
0.21
0.22
0.22
0.23
0.24
0.25
0.26
0.27
0.27
0.28
0.29
0.30
0.31
0.32
0.33
0.33
0.34
0.35
0.36
0.37
0.37
0.38
0.39
0.40
0.41
0.41
0.42
0.43
0.44
0.44
0.45
0.46
0.46
0.47
0.48
0.48
0.49
0.49
0.50
0.50
0.51
0.51
0.52
0.52
0.53
0.53
0.53
0.53
0.54
0.54
0.54
0.54
0.55
0.55
0.55
0.56
0.55
0.56
0.56
0.56
436.50
435.50
433.50
431.70
428.60
425.70
421.40
417.40
411.90
407.50
400.80
394.90
387.40
380.50
373.20
365.20
357.50
348.20
339.50
330.40
321.50
311.50
302.10
292.30
282.90
273.10
263.70
254.70
245.10
235.80
226.90
218.40
209.80
201.60
193.90
186.30
178.80
172.10
165.40
159.30
152.90
147.50
141.80
136.70
131.80
127.10
122.70
118.30
114.10
109.90
105.90
102.20
98.57
94.97
91.50
88.08
84.75
81.50
78.22
74.99
71.78
68.70
65.57
62.48
59.55
56.58
53.65
50.83
47.97
45.18
42.43
39.74
37.02
34.40
31.81
29.25
26.76
24.36
22.05
19.75
17.54
15.42
13.40
11.48
9.71
8.07
6.60
5.34
4.10
2.99
2.03
1.13
0.43
0.10
0.07
0.07
0.08
0.09
0.09
0.09
0.09
0.10
0.10
0.11
0.11
0.12
0.12
0.13
0.13
0.14
0.14
0.15
0.15
0.16
0.17
0.17
0.18
0.18
0.19
0.20
0.21
0.21
0.22
0.23
0.24
0.24
0.25
0.26
0.27
0.28
0.29
0.29
0.30
0.31
0.32
0.32
0.33
0.34
0.35
0.36
0.37
0.37
0.38
0.39
0.40
0.41
0.42
0.43
0.43
0.44
0.45
0.45
0.46
0.47
0.48
0.48
0.49
0.49
0.50
0.50
0.51
0.51
0.52
0.52
0.53
0.53
0.54
0.54
0.55
0.55
0.55
0.56
0.56
0.56
0.56
0.56
0.56
0.56
0.56
0.56
0.56
436.50
436.80
435.30
434.10
432.30
430.10
426.70
423.00
419.60
414.70
409.90
404.70
398.60
392.50
385.90
378.40
371.20
363.90
354.70
347.10
338.40
329.00
319.90
311.10
301.40
292.10
282.80
273.70
264.30
254.70
245.60
236.70
227.40
219.20
210.60
202.70
194.40
186.50
179.20
172.30
165.30
158.70
152.90
146.80
140.90
135.30
130.30
125.10
120.10
115.50
110.90
106.60
102.50
98.46
94.47
90.89
87.01
83.36
79.74
76.47
72.98
69.69
66.49
63.17
60.10
57.02
54.04
51.07
48.21
45.39
42.58
39.85
37.11
34.45
31.82
29.25
26.73
24.36
22.00
19.68
17.46
15.34
13.34
11.39
9.62
7.97
6.54
5.25
4.02
2.90
1.96
1.08
0.41
0.09
0.07
0.07
0.07
0.07
0.07
0.07
0.07
0.08
0.08
0.08
0.09
0.09
0.10
0.10
0.11
0.11
0.12
0.12
0.13
0.13
0.14
0.14
0.15
0.16
0.16
0.17
0.18
0.18
0.19
0.20
0.20
0.21
0.22
0.23
0.23
0.24
0.25
0.26
0.26
0.27
0.28
0.29
0.30
0.30
0.31
0.32
0.33
0.34
0.35
0.36
0.37
0.37
0.38
0.39
0.40
0.41
0.41
0.42
0.43
0.43
0.44
0.45
0.45
0.46
0.47
0.47
0.48
0.49
0.49
0.49
0.50
0.51
0.51
0.51
0.52
0.52
0.53
0.54
0.54
0.54
0.55
0.55
0.55
0.55
0.56
0.56
0.56
436.60
437.10
437.30
437.10
435.90
434.20
433.00
430.20
427.10
424.00
420.40
415.80
411.20
405.50
399.50
394.00
387.10
380.20
372.60
365.10
356.90
348.70
340.40
331.40
322.50
313.60
304.40
295.20
285.60
276.70
267.30
258.30
249.30
240.60
231.60
222.80
214.50
206.10
198.10
190.70
182.60
175.50
168.10
161.60
155.10
148.70
142.40
136.50
131.00
125.60
120.40
115.30
110.20
105.70
101.10
96.72
92.59
88.60
84.60
80.72
77.05
73.45
69.85
66.37
63.05
59.78
56.54
53.44
50.40
47.35
44.41
41.50
38.65
35.85
33.10
30.41
27.80
25.29
22.86
20.45
18.15
15.94
13.85
11.84
10.00
8.31
6.80
5.47
4.19
3.06
2.07
1.14
0.43
0.09
0.07
0.07
0.07
0.08
0.08
0.08
0.09
0.09
0.10
0.10
0.10
0.11
0.11
0.12
0.12
0.13
0.13
0.13
0.14
0.15
0.15
0.15
0.16
0.17
0.18
0.18
0.19
0.19
0.20
0.21
0.21
0.22
0.23
0.23
0.24
0.25
0.26
0.26
0.27
0.28
0.29
0.30
0.30
0.31
0.32
0.33
0.34
0.34
0.35
0.37
0.37
0.38
0.39
0.40
0.40
0.41
0.42
0.43
0.43
0.44
0.45
0.46
0.46
0.47
0.48
0.49
0.49
0.49
0.50
0.51
0.51
0.52
0.53
0.53
0.53
0.54
0.54
0.55
0.55
0.56
0.56
0.57
0.57
0.57
0.57
0.57
0.57
437.50
438.00
439.30
440.30
439.80
440.00
439.00
436.70
435.10
432.80
429.40
426.40
422.70
418.00
413.50
407.70
402.60
396.30
389.60
383.10
375.60
367.80
360.00
352.10
343.60
335.10
325.90
317.10
308.30
299.30
290.70
281.40
272.10
263.30
253.90
245.40
236.80
228.10
219.50
211.00
203.10
195.10
187.60
180.00
172.90
165.90
158.90
152.30
146.00
139.90
134.00
128.40
122.60
117.30
112.10
107.10
102.40
97.51
93.19
88.68
84.41
80.24
76.20
72.44
68.53
64.84
61.31
57.85
54.39
51.08
47.79
44.58
41.47
38.43
35.45
32.51
29.66
26.92
24.30
21.70
19.26
16.85
14.64
12.49
10.54
8.70
7.13
5.71
4.37
3.17
2.13
1.14
0.42
0.09
0.07
0.07
0.07
0.07
0.07
0.07
0.07
0.07
0.08
0.08
0.08
0.09
0.09
0.09
0.10
0.10
0.11
0.11
0.12
0.12
0.13
0.13
0.14
0.14
0.15
0.15
0.16
0.17
0.17
0.18
0.19
0.19
0.20
0.21
0.21
0.22
0.23
0.23
0.24
0.25
0.26
0.27
0.27
0.28
0.29
0.30
0.31
0.31
0.33
0.33
0.34
0.35
0.35
0.36
0.37
0.38
0.39
0.40
0.40
0.41
0.42
0.43
0.43
0.44
0.45
0.45
0.46
0.47
0.47
0.48
0.49
0.49
0.50
0.51
0.51
0.52
0.52
0.53
0.53
0.54
0.54
0.55
0.55
0.56
0.56
0.57
0.57
436.50
439.00
441.30
442.40
443.80
444.40
443.90
443.40
443.00
441.30
439.50
437.20
434.20
431.10
427.50
423.00
418.50
413.40
407.00
401.30
395.10
388.70
381.30
374.20
366.00
358.40
350.40
341.90
333.10
325.00
316.10
307.20
298.00
289.20
280.40
271.40
263.00
253.90
245.40
236.80
228.20
220.10
211.80
204.10
196.30
188.60
181.10
174.10
167.00
160.00
153.40
147.00
140.90
134.80
128.90
123.30
117.90
112.30
106.70
101.50
96.59
91.84
87.14
82.63
78.20
73.93
69.72
65.70
61.73
57.87
54.08
50.43
46.78
43.32
39.90
36.54
33.31
30.23
27.20
24.32
21.52
18.85
16.32
13.92
11.74
9.73
7.96
6.39
4.90
3.57
2.44
1.30
0.48
0.10
0.07
0.07
0.07
0.07
0.08
0.08
0.08
0.09
0.09
0.10
0.10
0.10
0.10
0.11
0.11
0.12
0.12
0.13
0.13
0.14
0.14
0.14
0.15
0.16
0.16
0.17
0.17
0.18
0.18
0.19
0.20
0.20
0.21
0.21
0.22
0.23
0.24
0.24
0.25
0.26
0.27
0.27
0.28
0.29
0.30
0.30
0.31
0.32
0.33
0.34
0.35
0.35
0.36
0.37
0.38
0.39
0.40
0.40
0.41
0.42
0.43
0.43
0.44
0.45
0.45
0.47
0.47
0.48
0.49
0.49
0.50
0.50
0.51
0.52
0.53
0.53
0.54
0.55
0.55
0.56
0.56
0.57
0.57
0.57
0.57
0.57
0.57
436.40
440.40
443.10
445.70
447.10
449.10
449.30
450.80
450.70
450.50
449.40
447.70
446.30
443.80
440.80
438.10
433.80
430.00
425.00
419.70
414.30
408.40
402.40
395.60
388.10
381.20
373.70
365.70
357.40
349.80
341.30
333.00
324.50
316.10
307.00
298.40
290.10
281.40
272.90
264.20
255.70
247.10
239.10
230.80
222.80
214.70
207.10
199.50
192.00
184.70
177.30
170.20
163.20
156.70
149.90
143.60
137.20
131.10
125.10
119.00
113.30
107.70
102.10
96.69
91.54
86.55
81.48
76.60
71.93
67.33
62.90
58.52
54.14
49.98
45.92
42.06
38.26
34.63
31.11
27.72
24.50
21.40
18.46
15.73
13.23
10.93
8.93
7.16
5.47
3.99
2.68
1.38
0.48
0.09
0.06
0.06
0.06
0.06
0.06
0.06
0.06
0.07
0.07
0.08
0.08
0.08
0.08
0.09
0.09
0.10
0.10
0.10
0.11
0.11
0.12
0.12
0.13
0.13
0.14
0.14
0.14
0.15
0.16
0.16
0.17
0.18
0.18
0.19
0.19
0.20
0.21
0.22
0.22
0.23
0.23
0.24
0.25
0.26
0.27
0.28
0.28
0.29
0.30
0.31
0.31
0.32
0.33
0.34
0.35
0.36
0.37
0.37
0.38
0.39
0.40
0.40
0.41
0.42
0.43
0.44
0.44
0.45
0.46
0.46
0.47
0.48
0.49
0.49
0.50
0.51
0.51
0.52
0.53
0.54
0.54
0.55
0.55
0.56
0.57
0.57
0.57
436.70
441.00
444.40
448.00
451.50
453.20
455.10
456.90
458.50
458.50
458.90
458.90
458.80
456.50
455.30
453.20
449.50
446.40
443.00
438.80
433.70
429.20
423.50
417.60
411.40
405.20
398.30
391.40
383.80
377.00
368.60
360.60
352.60
344.50
336.40
328.50
319.60
311.80
303.30
294.90
287.00
278.30
269.90
262.00
253.90
245.60
237.70
229.90
222.10
214.60
207.10
199.80
192.20
184.60
177.50
170.20
163.20
156.20
149.40
142.40
135.60
129.10
122.60
116.10
109.70
103.60
97.55
91.75
86.12
80.55
75.16
69.80
64.61
59.68
54.82
50.06
45.48
41.11
36.91
32.87
29.01
25.29
21.83
18.54
15.59
12.89
10.50
8.43
6.48
4.76
3.25
1.70
0.58
0.12
0.06
0.07
0.07
0.07
0.08
0.08
0.08
0.08
0.09
0.09
0.09
0.10
0.10
0.10
0.11
0.11
0.12
0.12
0.12
0.13
0.14
0.14
0.14
0.14
0.15
0.16
0.16
0.17
0.17
0.18
0.18
0.19
0.19
0.20
0.21
0.21
0.22
0.23
0.23
0.24
0.25
0.25
0.26
0.27
0.28
0.28
0.29
0.30
0.31
0.31
0.32
0.33
0.34
0.35
0.36
0.36
0.37
0.38
0.39
0.40
0.41
0.41
0.42
0.43
0.44
0.45
0.45
0.46
0.47
0.48
0.49
0.49
0.50
0.51
0.52
0.52
0.53
0.54
0.55
0.55
0.56
0.56
0.57
0.58
0.58
0.58
0.58
436.50
441.90
446.70
451.00
453.60
457.70
460.60
463.70
465.30
467.10
468.30
468.60
468.70
468.90
468.00
466.40
465.50
463.00
459.80
457.40
452.80
448.00
444.30
439.20
433.30
428.60
421.70
415.90
409.00
402.40
395.40
388.00
380.60
373.10
365.40
357.90
350.00
342.10
334.40
326.60
318.50
310.40
302.50
294.60
286.90
278.60
271.40
263.30
255.70
248.00
239.90
232.10
224.50
216.70
208.70
201.00
193.20
185.40
177.70
169.80
162.30
154.50
146.80
139.40
132.00
124.60
117.40
110.40
103.70
96.78
90.35
83.73
77.50
71.48
65.52
59.69
54.16
48.88
43.81
38.90
34.29
29.86
25.71
21.79
18.27
15.05
12.26
9.81
7.56
5.56
3.79
1.90
0.60
0.11
0.07
0.06
0.06
0.06
0.06
0.06
0.06
0.06
0.06
0.07
0.08
0.08
0.08
0.08
0.09
0.09
0.09
0.10
0.10
0.11
0.11
0.11
0.12
0.12
0.13
0.13
0.14
0.14
0.15
0.15
0.15
0.16
0.17
0.17
0.18
0.19
0.19
0.20
0.21
0.21
0.22
0.22
0.23
0.24
0.25
0.26
0.26
0.27
0.28
0.29
0.29
0.30
0.31
0.32
0.33
0.33
0.34
0.35
0.36
0.37
0.38
0.39
0.39
0.40
0.41
0.42
0.43
0.44
0.45
0.45
0.46
0.47
0.48
0.49
0.49
0.50
0.51
0.52
0.52
0.53
0.54
0.55
0.55
0.56
0.57
0.57
0.58
436.60
442.60
447.80
452.30
457.60
461.90
466.00
469.00
472.30
474.80
477.80
478.90
480.50
481.10
481.20
480.50
480.70
479.00
477.50
475.10
472.30
469.20
465.40
461.40
456.70
452.00
446.40
441.10
435.10
429.00
423.00
416.50
410.00
402.80
396.10
388.60
381.50
375.30
367.90
360.90
353.10
345.70
338.60
331.10
323.60
315.90
308.90
301.50
293.70
286.20
278.30
270.30
262.00
253.90
246.00
237.80
228.90
220.60
212.10
203.30
194.70
185.90
177.10
168.20
159.60
151.10
142.60
134.10
125.90
117.70
109.50
101.70
94.08
86.77
79.57
72.54
65.81
59.40
53.23
47.22
41.58
36.20
31.13
26.45
22.18
18.26
14.91
11.96
9.26
6.89
4.79
2.46
0.74
0.16
0.07
0.07
0.07
0.07
0.07
0.08
0.08
0.08
0.09
0.09
0.09
0.09
0.10
0.10
0.10
0.11
0.11
0.12
0.12
0.12
0.13
0.13
0.14
0.14
0.14
0.15
0.15
0.16
0.16
0.17
0.17
0.18
0.18
0.19
0.19
0.20
0.21
0.21
0.22
0.23
0.23
0.24
0.25
0.25
0.26
0.27
0.27
0.28
0.29
0.30
0.31
0.32
0.32
0.33
0.34
0.35
0.36
0.37
0.37
0.38
0.39
0.40
0.41
0.42
0.42
0.44
0.44
0.45
0.46
0.47
0.48
0.49
0.49
0.50
0.51
0.52
0.53
0.53
0.54
0.55
0.56
0.57
0.57
0.58
0.59
0.59
0.59
436.60
443.20
449.30
455.60
460.70
465.80
471.20
474.80
479.40
482.80
485.80
488.50
490.60
492.40
494.20
494.90
495.00
494.50
493.60
491.80
490.30
487.80
485.30
481.80
477.40
474.40
470.30
465.40
460.30
454.60
449.10
443.50
437.50
431.90
425.70
419.30
412.70
407.10
400.10
393.60
387.00
380.50
374.00
366.70
360.20
353.80
346.80
339.60
332.00
324.90
317.30
309.80
302.00
293.00
284.70
276.30
267.60
257.70
248.90
239.50
229.30
219.70
209.90
199.70
189.80
179.80
170.00
160.10
150.20
140.70
131.20
122.00
112.80
104.00
95.46
86.96
78.72
71.10
63.52
56.52
49.54
43.12
37.08
31.38
26.27
21.64
17.65
14.14
10.96
8.22
5.73
2.79
0.79
0.15
0.07
0.07
0.07
0.07
0.07
0.07
0.07
0.07
0.07
0.07
0.07
0.08
0.08
0.08
0.09
0.09
0.09
0.10
0.10
0.10
0.11
0.11
0.11
0.12
0.12
0.13
0.13
0.14
0.14
0.14
0.15
0.15
0.16
0.17
0.17
0.18
0.18
0.19
0.20
0.20
0.21
0.21
0.22
0.23
0.23
0.24
0.25
0.26
0.26
0.27
0.28
0.29
0.30
0.30
0.31
0.33
0.33
0.34
0.35
0.36
0.37
0.37
0.38
0.39
0.40
0.41
0.42
0.43
0.44
0.45
0.45
0.46
0.47
0.48
0.49
0.49
0.51
0.51
0.52
0.53
0.54
0.55
0.56
0.57
0.57
0.58
0.58
436.50
443.50
450.50
457.50
463.90
469.20
475.20
480.00
484.60
489.80
493.10
496.70
499.70
503.40
505.30
507.10
508.30
509.20
509.50
508.30
507.50
506.60
504.60
502.50
499.70
496.70
493.30
488.90
485.20
480.50
475.70
470.80
465.30
460.90
455.60
449.70
444.30
438.40
433.80
427.40
421.60
415.70
410.10
403.80
397.60
391.40
385.00
378.90
372.00
364.70
357.80
350.30
342.40
334.50
326.00
316.80
307.50
297.80
288.00
277.60
267.00
256.60
245.80
234.20
223.10
211.70
200.50
188.90
177.80
166.70
155.70
145.10
134.00
123.80
113.70
103.50
93.86
84.65
75.95
67.39
59.30
51.64
44.38
37.66
31.59
26.06
21.24
17.08
13.35
10.08
7.16
3.62
0.96
0.23
0.07
0.07
0.07
0.07
0.07
0.08
0.08
0.08
0.08
0.09
0.09
0.09
0.10
0.10
0.10
0.11
0.11
0.11
0.12
0.12
0.13
0.13
0.13
0.14
0.14
0.14
0.15
0.15
0.16
0.16
0.17
0.17
0.18
0.18
0.19
0.19
0.20
0.20
0.21
0.22
0.22
0.23
0.24
0.24
0.25
0.26
0.26
0.27
0.28
0.29
0.30
0.30
0.31
0.32
0.33
0.33
0.34
0.35
0.36
0.37
0.38
0.39
0.40
0.40
0.41
0.42
0.43
0.44
0.45
0.46
0.47
0.48
0.49
0.50
0.50
0.51
0.52
0.53
0.54
0.55
0.56
0.57
0.58
0.58
0.59
0.59
0.59
436.80
445.00
452.20
459.20
466.20
473.30
479.30
485.10
490.20
496.30
500.90
505.80
509.30
512.80
516.30
519.20
521.30
522.50
523.50
523.80
524.00
523.90
523.20
520.80
519.50
516.60
514.20
511.10
507.70
504.70
501.10
496.00
491.70
487.50
482.30
478.50
473.30
468.80
462.80
458.10
452.70
447.10
442.30
436.70
431.00
425.50
419.50
413.40
406.80
400.90
393.90
386.40
379.10
370.60
361.60
352.50
343.50
333.30
322.70
311.50
300.40
289.00
277.10
264.90
252.50
240.40
227.60
214.90
202.50
190.00
177.40
165.20
153.10
141.40
129.80
118.40
107.50
96.94
86.90
77.07
67.70
59.19
50.69
43.01
36.04
29.73
24.19
19.50
15.26
11.55
8.20
3.94
1.04
0.22
0.07
0.07
0.07
0.07
0.07
0.07
0.07
0.07
0.07
0.07
0.07
0.08
0.08
0.08
0.08
0.08
0.09
0.09
0.10
0.10
0.10
0.11
0.11
0.12
0.12
0.12
0.13
0.13
0.14
0.14
0.14
0.15
0.16
0.16
0.16
0.17
0.17
0.18
0.19
0.19
0.20
0.20
0.21
0.22
0.22
0.23
0.24
0.24
0.25
0.26
0.27
0.28
0.29
0.29
0.30
0.31
0.32
0.33
0.34
0.35
0.35
0.36
0.37
0.38
0.39
0.40
0.41
0.42
0.43
0.44
0.45
0.45
0.46
0.47
0.48
0.49
0.50
0.51
0.52
0.53
0.54
0.55
0.56
0.57
0.58
0.59
0.60
435.90
444.60
452.90
460.70
468.60
475.30
483.10
488.50
495.60
501.70
507.70
512.70
517.50
521.80
526.50
529.10
532.20
535.20
536.90
537.80
539.50
539.80
539.60
538.60
538.20
536.50
534.50
531.70
529.30
526.50
523.30
519.70
516.20
512.60
508.40
503.40
499.20
495.70
490.50
485.80
480.90
475.80
471.00
466.10
460.70
454.90
449.00
443.70
437.10
430.60
424.20
416.50
408.60
400.80
392.00
382.40
373.00
363.00
351.70
340.30
328.60
316.80
303.90
290.50
277.70
264.40
250.80
237.20
223.20
209.90
196.70
183.20
169.80
156.60
144.20
131.70
119.70
107.80
96.67
85.94
75.66
65.97
56.81
48.33
40.51
33.51
27.35
22.01
17.26
13.11
9.44
4.86
1.20
0.32
0.07
0.07
0.07
0.07
0.07
0.08
0.08
0.08
0.09
0.09
0.09
0.09
0.10
0.10
0.10
0.10
0.11
0.11
0.11
0.12
0.12
0.12
0.13
0.13
0.14
0.14
0.14
0.15
0.15
0.16
0.16
0.17
0.17
0.18
0.18
0.19
0.19
0.20
0.20
0.21
0.22
0.22
0.23
0.23
0.24
0.25
0.26
0.26
0.27
0.27
0.29
0.29
0.30
0.31
0.32
0.32
0.33
0.34
0.35
0.36
0.37
0.38
0.39
0.40
0.41
0.41
0.42
0.43
0.44
0.45
0.46
0.47
0.48
0.49
0.50
0.51
0.52
0.53
0.54
0.55
0.56
0.57
0.58
0.59
0.60
0.61
0.61
436.60
446.20
454.30
462.80
471.30
478.60
486.10
493.60
500.00
507.50
513.80
519.00
525.10
529.70
534.70
538.90
543.00
545.80
548.10
550.80
552.30
553.30
554.10
554.20
554.20
553.30
551.10
550.10
548.60
545.40
543.10
539.90
536.80
533.50
529.00
525.40
522.10
517.10
512.10
508.00
503.40
498.40
493.20
488.10
482.70
477.20
470.90
464.80
458.30
451.90
444.30
436.60
429.00
420.20
410.90
401.30
391.70
380.80
370.00
357.90
345.70
333.20
319.70
306.20
292.70
278.60
264.30
249.90
235.90
221.40
207.70
193.00
179.40
165.70
152.30
139.20
126.40
114.30
102.30
90.94
80.02
69.67
60.02
50.93
42.71
35.35
28.84
23.24
18.16
13.80
9.87
4.90
1.24
0.29
0.08
0.07
0.07
0.07
0.07
0.07
0.07
0.07
0.07
0.07
0.07
0.08
0.08
0.08
0.09
0.09
0.09
0.09
0.09
0.10
0.10
0.11
0.11
0.11
0.12
0.12
0.13
0.13
0.13
0.14
0.14
0.15
0.15
0.15
0.16
0.16
0.17
0.18
0.18
0.18
0.19
0.20
0.20
0.21
0.22
0.22
0.23
0.24
0.24
0.25
0.26
0.27
0.27
0.29
0.29
0.30
0.31
0.32
0.33
0.33
0.35
0.36
0.36
0.37
0.38
0.39
0.40
0.41
0.42
0.43
0.44
0.45
0.46
0.47
0.48
0.49
0.50
0.51
0.52
0.53
0.54
0.55
0.57
0.57
0.58
0.59
0.61
436.60
445.70
454.40
463.50
472.50
480.60
488.50
496.40
504.30
511.20
518.40
524.30
530.40
536.40
542.00
546.80
550.70
554.70
557.80
560.70
562.90
565.10
566.80
567.70
567.80
568.30
567.10
565.70
564.10
563.00
560.00
557.00
554.00
550.80
546.90
543.10
538.60
534.60
529.20
525.80
519.90
515.70
509.70
504.40
497.80
491.90
485.60
478.80
471.70
464.20
456.10
448.10
439.60
430.50
420.90
410.70
400.30
388.70
377.80
365.60
352.80
339.70
326.00
312.40
299.00
283.80
270.10
255.10
240.90
226.10
211.60
197.40
183.30
169.30
156.00
142.60
129.40
117.10
104.80
93.21
82.10
71.62
61.75
52.62
44.19
36.58
29.86
24.07
18.88
14.33
10.33
5.43
1.32
0.36
0.07
0.07
0.07
0.07
0.08
0.08
0.08
0.08
0.09
0.09
0.09
0.10
0.10
0.10
0.10
0.11
0.11
0.11
0.12
0.12
0.12
0.13
0.13
0.13
0.13
0.14
0.14
0.15
0.15
0.15
0.16
0.17
0.17
0.17
0.18
0.18
0.19
0.19
0.20
0.20
0.21
0.22
0.22
0.23
0.23
0.24
0.25
0.26
0.26
0.27
0.28
0.29
0.29
0.30
0.31
0.32
0.33
0.34
0.34
0.35
0.36
0.37
0.38
0.39
0.40
0.41
0.42
0.43
0.44
0.45
0.46
0.47
0.48
0.49
0.50
0.51
0.52
0.53
0.54
0.55
0.56
0.57
0.58
0.59
0.61
0.61
0.61
436.50
446.50
456.30
465.60
474.50
482.90
490.60
499.70
507.80
515.30
522.40
529.70
535.60
542.50
547.70
553.20
558.10
562.20
566.00
569.60
573.10
575.10
576.90
578.10
578.00
579.00
578.30
578.10
577.30
575.40
573.10
570.20
567.70
563.20
560.10
556.40
551.50
546.40
541.80
535.50
530.10
525.00
518.80
511.70
505.30
498.30
490.60
483.10
475.30
466.90
458.00
449.00
439.60
429.50
419.40
408.50
397.30
385.60
373.50
360.40
347.80
334.40
320.70
306.50
292.70
278.60
263.70
249.40
234.90
220.90
206.60
192.20
178.40
164.60
151.40
138.20
125.50
113.50
101.80
90.34
79.67
69.38
59.69
50.77
42.59
35.21
28.72
23.11
18.05
13.63
9.72
4.87
1.24
0.29
0.07
0.07
0.07
0.07
0.07
0.07
0.07
0.07
0.07
0.07
0.08
0.08
0.08
0.08
0.09
0.09
0.09
0.09
0.10
0.10
0.11
0.11
0.11
0.11
0.12
0.12
0.13
0.13
0.13
0.14
0.14
0.14
0.15
0.15
0.16
0.16
0.17
0.17
0.18
0.18
0.19
0.19
0.20
0.21
0.21
0.22
0.22
0.23
0.24
0.25
0.26
0.26
0.27
0.28
0.29
0.29
0.30
0.31
0.32
0.33
0.34
0.35
0.36
0.37
0.38
0.39
0.40
0.41
0.42
0.43
0.44
0.45
0.46
0.47
0.48
0.49
0.50
0.51
0.52
0.53
0.54
0.56
0.57
0.57
0.59
0.60
0.61
436.00
446.60
455.80
465.80
474.40
483.90
492.90
501.10
509.10
517.70
524.40
532.30
538.70
546.20
552.10
557.40
562.60
568.20
572.00
575.10
578.40
581.30
583.80
585.60
586.40
587.50
587.00
586.50
585.50
583.80
582.10
579.60
576.00
573.50
568.70
564.20
559.30
553.80
548.00
542.00
536.40
530.10
522.80
515.00
507.60
499.40
490.80
483.00
473.30
463.90
454.20
444.00
433.70
422.50
411.50
399.50
388.20
375.10
363.00
349.40
335.80
322.40
308.80
295.00
280.80
266.50
252.40
237.90
224.30
209.80
196.20
182.50
169.20
156.20
143.40
131.10
119.10
107.10
95.89
85.36
75.22
65.63
56.51
48.08
40.39
33.41
27.25
21.95
17.15
12.94
9.26
5.04
1.28
0.34
0.07
0.07
0.07
0.08
0.08
0.08
0.08
0.08
0.09
0.09
0.09
0.10
0.10
0.10
0.10
0.10
0.11
0.11
0.11
0.12
0.12
0.12
0.13
0.13
0.14
0.14
0.14
0.15
0.15
0.15
0.16
0.16
0.17
0.17
0.18
0.18
0.18
0.19
0.20
0.20
0.21
0.21
0.22
0.22
0.23
0.24
0.24
0.25
0.26
0.27
0.27
0.28
0.29
0.30
0.31
0.31
0.32
0.33
0.34
0.35
0.36
0.37
0.38
0.39
0.40
0.41
0.42
0.43
0.43
0.45
0.46
0.46
0.48
0.49
0.50
0.51
0.52
0.53
0.54
0.55
0.57
0.58
0.59
0.60
0.62
0.61
0.61
437.00
447.00
456.80
466.90
476.00
485.40
494.50
503.20
511.40
519.80
526.40
534.90
542.20
548.80
554.50
560.50
565.90
571.60
575.50
579.70
583.40
585.70
588.00
590.00
591.00
591.50
591.00
591.00
590.70
589.20
586.70
584.40
581.20
576.80
572.90
567.40
562.10
556.70
550.40
543.20
536.90
529.10
521.20
512.80
503.60
494.20
485.40
475.60
465.60
454.60
444.20
432.90
421.30
409.10
397.60
385.00
371.80
358.80
345.70
332.10
318.50
304.10
290.10
276.10
262.10
248.40
234.50
220.50
207.20
193.70
180.70
167.50
155.10
142.80
130.90
119.40
108.10
97.36
87.20
77.48
68.19
59.34
50.87
43.28
36.27
29.88
24.32
19.58
15.19
11.39
8.05
4.31
1.14
0.27
0.08
0.07
0.07
0.07
0.07
0.07
0.07
0.07
0.07
0.08
0.08
0.08
0.08
0.08
0.09
0.09
0.09
0.10
0.10
0.10
0.11
0.11
0.11
0.11
0.11
0.12
0.12
0.13
0.13
0.14
0.14
0.14
0.15
0.15
0.16
0.16
0.16
0.17
0.17
0.18
0.19
0.19
0.20
0.20
0.21
0.22
0.22
0.23
0.24
0.25
0.25
0.26
0.27
0.28
0.28
0.29
0.30
0.31
0.32
0.33
0.34
0.35
0.36
0.37
0.38
0.39
0.40
0.41
0.42
0.43
0.44
0.45
0.46
0.47
0.48
0.49
0.50
0.51
0.52
0.54
0.55
0.56
0.57
0.58
0.60
0.61
0.62
436.60
447.00
457.10
466.20
475.50
485.00
494.50
503.70
511.60
520.00
527.10
535.00
542.30
549.70
555.00
560.90
567.10
571.90
576.30
581.30
583.80
587.30
589.30
591.30
592.10
593.90
593.50
593.20
591.80
589.90
587.30
583.80
580.60
576.10
572.20
567.40
561.00
555.20
547.80
541.10
533.30
524.40
516.70
507.70
498.40
487.60
477.90
467.00
456.00
444.90
432.70
420.60
408.60
395.90
382.80
369.90
356.40
342.60
329.00
315.10
300.70
287.00
273.20
258.80
244.90
231.10
217.70
204.30
191.40
178.50
166.40
154.20
142.40
130.80
119.80
108.80
98.34
88.55
79.32
70.33
61.89
53.85
46.26
39.35
32.93
27.19
22.05
17.75
13.80
10.32
7.32
4.18
1.14
0.27
0.07
0.07
0.08
0.08
0.08
0.08
0.08
0.09
0.09
0.09
0.09
0.10
0.10
0.10
0.10
0.11
0.11
0.11
0.12
0.12
0.12
0.13
0.13
0.13
0.14
0.14
0.14
0.15
0.15
0.16
0.16
0.17
0.17
0.17
0.18
0.18
0.18
0.19
0.20
0.20
0.21
0.21
0.22
0.23
0.23
0.24
0.24
0.25
0.26
0.26
0.27
0.28
0.29
0.30
0.30
0.31
0.32
0.33
0.34
0.35
0.36
0.37
0.38
0.38
0.40
0.41
0.42
0.42
0.44
0.44
0.46
0.47
0.48
0.49
0.50
0.51
0.52
0.53
0.55
0.56
0.57
0.58
0.59
0.61
0.62
0.62
0.62
436.60
447.30
457.00
467.20
476.40
485.90
494.50
503.70
512.00
520.50
527.90
535.40
542.20
548.90
555.70
560.90
566.50
571.40
575.50
579.60
583.50
585.10
588.30
589.50
590.90
590.90
591.50
590.40
588.90
586.90
584.20
580.60
576.70
572.50
568.00
561.80
555.10
548.70
542.10
533.60
525.30
517.00
507.90
498.80
488.50
478.00
466.70
455.60
444.00
431.30
419.10
406.80
393.50
381.00
367.30
353.30
339.10
325.10
311.10
297.50
283.20
268.70
255.20
241.40
227.90
214.50
201.30
188.70
176.20
164.20
152.50
140.90
129.60
119.00
108.80
98.74
89.32
80.35
71.70
63.52
55.97
48.42
41.61
35.25
29.46
24.25
19.67
15.76
12.19
9.06
6.35
3.58
1.02
0.23
0.07
0.07
0.07
0.07
0.07
0.07
0.07
0.07
0.07
0.08
0.08
0.08
0.08
0.08
0.09
0.09
0.09
0.10
0.10
0.10
0.11
0.11
0.11
0.12
0.12
0.12
0.12
0.13
0.14
0.14
0.14
0.14
0.15
0.15
0.16
0.16
0.17
0.17
0.18
0.18
0.18
0.19
0.20
0.21
0.21
0.22
0.22
0.23
0.24
0.24
0.25
0.26
0.27
0.28
0.29
0.29
0.30
0.31
0.32
0.33
0.34
0.35
0.36
0.37
0.38
0.39
0.40
0.41
0.41
0.43
0.44
0.45
0.46
0.47
0.48
0.49
0.50
0.51
0.53
0.54
0.55
0.56
0.58
0.59
0.61
0.61
0.63
436.00
446.40
456.70
466.40
475.90
485.20
493.60
502.40
510.50
518.90
526.60
533.30
540.80
546.50
554.10
559.20
563.00
568.50
572.60
576.30
579.30
582.60
583.80
585.70
586.70
585.70
585.90
584.60
582.80
580.70
577.80
575.10
570.40
565.40
560.60
555.20
547.50
541.20
532.90
525.30
516.90
508.20
499.00
488.00
477.40
467.30
456.10
443.50
432.20
419.60
406.70
393.60
380.50
367.20
353.80
340.00
325.70
311.30
297.40
283.10
269.30
255.70
242.10
228.60
215.50
202.10
189.50
177.20
165.20
153.80
142.50
131.50
121.10
111.10
101.10
91.85
82.99
74.59
66.57
58.98
51.81
45.00
38.65
32.82
27.41
22.54
18.30
14.66
11.39
8.45
5.93
3.43
1.06
0.24
0.07
0.07
0.08
0.08
0.08
0.08
0.08
0.09
0.09
0.09
0.10
0.10
0.10
0.10
0.11
0.11
0.11
0.12
0.12
0.12
0.13
0.13
0.13
0.13
0.14
0.14
0.15
0.15
0.15
0.16
0.16
0.16
0.17
0.18
0.18
0.18
0.19
0.19
0.20
0.20
0.21
0.21
0.22
0.23
0.23
0.24
0.25
0.25
0.26
0.27
0.27
0.28
0.29
0.30
0.31
0.32
0.33
0.33
0.34
0.35
0.36
0.37
0.38
0.39
0.40
0.41
0.42
0.43
0.44
0.45
0.46
0.47
0.48
0.49
0.50
0.51
0.52
0.54
0.55
0.56
0.57
0.59
0.60
0.62
0.63
0.63
0.63
436.50
446.50
456.70
466.90
475.80
484.90
493.00
501.80
510.10
517.20
524.50
531.60
537.80
544.80
549.80
555.20
559.40
564.00
567.40
571.20
573.70
576.50
577.30
577.80
578.70
578.50
578.50
576.20
574.40
571.60
567.70
563.70
559.80
554.80
549.30
542.90
536.70
529.10
521.40
514.20
504.10
495.40
485.60
476.10
464.90
453.70
442.60
430.50
418.60
406.00
393.10
379.60
366.70
352.80
339.40
325.60
311.80
297.80
284.00
270.20
256.10
242.50
229.60
216.40
203.50
191.00
178.70
166.90
155.40
144.30
133.70
123.40
113.40
103.90
94.70
86.01
77.63
69.67
62.18
55.24
48.30
41.91
35.93
30.49
25.43
20.92
16.92
13.55
10.48
7.75
5.40
3.04
0.96
0.23
0.08
0.08
0.07
0.07
0.07
0.07
0.07
0.07
0.08
0.08
0.08
0.08
0.08
0.09
0.09
0.09
0.10
0.10
0.10
0.11
0.11
0.11
0.11
0.11
0.12
0.12
0.13
0.13
0.14
0.14
0.14
0.15
0.15
0.15
0.16
0.17
0.17
0.17
0.18
0.18
0.19
0.20
0.20
0.21
0.22
0.22
0.23
0.23
0.24
0.25
0.26
0.27
0.27
0.28
0.29
0.30
0.31
0.31
0.33
0.33
0.34
0.35
0.36
0.37
0.38
0.39
0.40
0.41
0.42
0.43
0.44
0.45
0.46
0.47
0.48
0.49
0.50
0.52
0.53
0.55
0.56
0.57
0.59
0.60
0.61
0.62
0.63
435.50
445.30
455.70
465.10
473.70
482.40
491.40
499.10
506.50
513.90
521.00
527.80
533.80
540.10
544.50
549.40
553.40
557.30
561.10
563.60
565.60
567.70
568.60
569.30
568.90
567.80
567.20
565.40
562.80
559.70
556.10
552.50
547.80
542.40
536.70
530.20
524.40
516.50
508.30
500.10
491.50
482.40
472.60
462.80
452.20
440.60
429.20
417.40
405.60
393.10
380.30
367.50
354.40
341.00
327.30
313.90
300.20
286.00
272.90
259.00
246.00
232.70
219.80
207.10
194.90
182.60
171.00
159.60
148.60
138.00
127.80
118.00
108.10
99.07
90.43
82.04
74.07
66.54
59.45
52.68
46.29
40.15
34.49
29.26
24.43
20.13
16.32
13.04
10.16
7.54
5.27
3.03
1.05
0.26
0.08
0.08
0.08
0.08
0.08
0.09
0.09
0.09
0.09
0.10
0.10
0.10
0.10
0.11
0.11
0.11
0.12
0.12
0.12
0.13
0.13
0.13
0.14
0.14
0.14
0.15
0.15
0.15
0.16
0.16
0.17
0.17
0.17
0.18
0.18
0.19
0.19
0.20
0.20
0.21
0.21
0.22
0.22
0.23
0.24
0.24
0.25
0.26
0.26
0.27
0.28
0.29
0.29
0.30
0.31
0.32
0.33
0.34
0.35
0.36
0.36
0.37
0.38
0.39
0.40
0.41
0.42
0.43
0.44
0.45
0.46
0.47
0.49
0.49
0.50
0.51
0.53
0.54
0.55
0.57
0.58
0.59
0.61
0.62
0.64
0.63
0.63
437.20
446.10
455.40
464.30
473.60
481.80
489.70
497.50
504.00
510.90
517.40
523.10
529.20
533.60
538.70
543.00
547.00
549.40
552.60
554.30
556.80
557.90
557.30
557.60
556.90
555.90
554.20
551.90
549.70
545.80
542.40
537.30
532.50
527.30
520.90
514.60
508.10
500.20
493.00
485.00
475.20
466.40
457.00
446.60
436.10
425.00
414.10
402.50
389.80
377.50
365.00
352.50
339.70
326.90
313.40
300.50
287.00
273.90
260.70
247.60
235.10
222.10
209.70
197.20
185.40
174.00
162.60
151.70
141.30
131.10
121.40
112.00
103.00
94.24
86.10
78.14
70.51
63.19
56.53
49.89
43.90
38.11
32.69
27.75
23.14
19.05
15.42
12.34
9.56
7.09
4.93
2.80
0.97
0.26
0.08
0.08
0.08
0.08
0.08
0.08
0.08
0.08
0.08
0.09
0.09
0.09
0.09
0.09
0.09
0.10
0.10
0.10
0.11
0.11
0.11
0.11
0.12
0.12
0.12
0.13
0.13
0.14
0.14
0.14
0.15
0.15
0.16
0.16
0.17
0.17
0.18
0.18
0.18
0.19
0.20
0.20
0.21
0.21
0.22
0.23
0.24
0.24
0.25
0.26
0.26
0.27
0.28
0.29
0.30
0.30
0.32
0.32
0.33
0.34
0.35
0.36
0.37
0.38
0.39
0.40
0.41
0.42
0.43
0.44
0.45
0.46
0.47
0.48
0.49
0.50
0.51
0.53
0.54
0.55
0.57
0.58
0.60
0.61
0.62
0.63
0.64
435.70
445.10
454.40
462.80
471.30
479.30
486.70
493.30
500.00
506.40
512.20
517.80
522.90
526.90
531.10
535.10
538.00
540.60
543.00
544.10
544.80
545.50
545.70
544.90
543.40
541.90
540.40
536.70
533.70
530.20
525.70
521.60
515.90
510.80
504.60
497.90
490.70
483.20
475.50
467.60
458.10
449.50
439.60
429.30
418.90
409.20
397.70
385.60
374.20
362.80
350.00
338.00
325.70
312.70
300.00
287.30
274.70
261.80
249.50
236.70
224.40
212.30
200.20
188.60
177.20
166.30
155.50
145.20
135.20
125.50
116.30
107.00
98.36
90.24
82.32
74.71
67.52
60.71
54.20
48.09
42.27
36.73
31.59
26.83
22.42
18.48
14.98
11.99
9.32
6.93
4.86
2.80
1.02
0.29
0.08
0.08
0.08
0.09
0.09
0.09
0.09
0.10
0.10
0.10
0.10
0.10
0.11
0.11
0.12
0.12
0.12
0.12
0.13
0.13
0.14
0.14
0.14
0.14
0.15
0.15
0.15
0.16
0.16
0.17
0.17
0.17
0.18
0.18
0.19
0.19
0.20
0.20
0.21
0.21
0.22
0.22
0.23
0.24
0.24
0.25
0.26
0.26
0.27
0.28
0.29
0.30
0.30
0.31
0.32
0.33
0.34
0.34
0.36
0.36
0.37
0.38
0.39
0.40
0.41
0.42
0.43
0.44
0.45
0.46
0.47
0.48
0.49
0.50
0.51
0.52
0.53
0.55
0.56
0.58
0.59
0.60
0.62
0.63
0.64
0.64
0.64
436.90
445.90
455.50
463.40
471.20
478.70
485.70
492.80
498.60
504.80
510.00
514.50
518.40
523.20
526.10
528.90
531.00
533.20
535.40
535.40
535.90
535.20
535.70
534.80
532.70
530.50
527.60
524.30
521.30
517.30
512.20
507.10
501.50
495.60
489.40
482.90
474.60
467.10
459.20
451.10
442.50
433.20
423.30
413.60
403.90
393.10
381.90
370.30
358.90
347.80
335.80
323.50
311.20
298.80
287.00
275.00
262.10
249.90
237.90
226.00
213.90
202.50
191.30
179.80
169.00
158.60
148.40
138.50
129.00
119.80
111.00
102.10
94.04
86.14
78.68
71.49
64.61
58.13
51.91
46.13
40.49
35.30
30.39
25.85
21.58
17.85
14.47
11.59
9.05
6.75
4.75
2.80
1.06
0.29
0.06
0.06
0.06
0.06
0.06
0.07
0.07
0.07
0.07
0.08
0.08
0.08
0.08
0.09
0.09
0.09
0.10
0.10
0.10
0.10
0.11
0.11
0.11
0.11
0.12
0.12
0.13
0.13
0.13
0.14
0.14
0.14
0.15
0.16
0.16
0.16
0.17
0.17
0.18
0.18
0.19
0.20
0.20
0.21
0.22
0.22
0.23
0.24
0.24
0.25
0.26
0.26
0.27
0.28
0.29
0.29
0.30
0.31
0.32
0.33
0.33
0.34
0.35
0.36
0.37
0.38
0.38
0.39
0.40
0.41
0.42
0.43
0.43
0.45
0.46
0.46
0.47
0.48
0.49
0.50
0.51
0.52
0.53
0.54
0.55
0.56
0.56
437.70
445.70
454.20
461.80
469.70
476.00
482.70
488.10
494.40
498.70
503.90
507.60
511.40
514.00
517.40
519.00
521.20
521.50
522.60
522.00
522.60
521.40
519.40
518.30
515.40
512.80
508.80
505.80
500.90
496.70
491.00
485.90
479.60
473.80
466.40
459.80
452.00
444.70
436.00
427.40
418.80
410.20
399.60
390.50
380.20
369.40
358.50
347.80
337.00
325.60
314.60
302.90
291.20
279.60
267.70
256.50
244.30
233.20
221.80
210.60
199.60
188.40
178.00
167.50
157.40
147.50
138.00
128.80
119.90
111.40
103.10
95.29
87.66
80.38
73.41
66.74
60.36
54.14
48.55
43.07
37.84
32.98
28.41
24.13
20.22
16.70
13.55
10.82
8.44
6.29
4.41
2.58
0.98
0.28
0.06
0.06
0.06
0.06
0.06
0.06
0.06
0.06
0.06
0.06
0.06
0.06
0.07
0.07
0.07
0.08
0.08
0.08
0.08
0.09
0.09
0.09
0.10
0.10
0.10
0.11
0.11
0.11
0.12
0.12
0.13
0.13
0.13
0.14
0.14
0.15
0.15
0.16
0.16
0.17
0.18
0.18
0.19
0.19
0.20
0.21
0.21
0.22
0.23
0.23
0.24
0.25
0.26
0.26
0.27
0.28
0.29
0.29
0.30
0.31
0.32
0.33
0.33
0.34
0.35
0.36
0.37
0.38
0.39
0.39
0.41
0.41
0.42
0.42
0.44
0.45
0.45
0.46
0.47
0.48
0.49
0.50
0.51
0.52
0.53
0.54
0.56
437.00
444.70
452.00
460.00
466.40
471.90
477.50
483.00
487.80
493.10
496.40
499.40
502.40
504.30
506.60
507.90
508.20
509.20
508.80
507.70
506.40
505.70
503.20
500.40
498.20
494.40
490.30
485.60
481.10
475.40
470.10
463.20
457.40
450.90
443.50
436.10
428.20
419.90
411.70
402.80
394.60
385.00
375.20
365.60
355.50
345.20
335.00
324.60
313.60
303.00
292.50
280.70
270.20
258.90
248.40
237.10
226.30
215.40
204.80
194.40
184.00
173.90
164.40
154.90
145.50
136.40
127.80
119.50
111.30
103.00
95.56
88.18
81.36
74.57
68.28
62.07
56.23
50.67
45.35
40.32
35.53
30.98
26.76
22.79
19.15
15.86
12.88
10.33
8.08
6.04
4.26
2.55
1.03
0.29
0.06
0.06
0.06
0.06
0.06
0.07
0.07
0.07
0.07
0.08
0.08
0.08
0.09
0.09
0.09
0.09
0.10
0.10
0.10
0.10
0.11
0.11
0.11
0.12
0.12
0.12
0.13
0.13
0.14
0.14
0.14
0.14
0.15
0.15
0.16
0.16
0.17
0.18
0.18
0.18
0.19
0.20
0.21
0.21
0.22
0.23
0.23
0.24
0.25
0.25
0.26
0.27
0.27
0.28
0.29
0.30
0.31
0.31
0.32
0.33
0.34
0.35
0.35
0.37
0.37
0.38
0.39
0.40
0.41
0.41
0.42
0.43
0.44
0.45
0.46
0.46
0.47
0.48
0.49
0.50
0.51
0.52
0.53
0.54
0.55
0.56
0.56
437.10
444.80
451.70
458.10
463.90
469.50
474.20
478.20
481.90
485.90
488.80
490.80
493.30
494.30
496.30
496.90
496.40
495.40
494.20
493.10
490.80
488.10
485.40
482.00
477.20
473.30
468.90
463.90
458.30
451.70
445.90
439.40
431.30
424.60
417.70
409.40
401.40
392.50
384.20
375.10
365.80
356.30
347.00
337.40
327.70
317.70
307.90
297.70
287.20
277.30
266.50
256.30
245.70
235.40
225.40
215.60
205.10
195.30
185.70
176.10
166.60
157.60
148.80
140.10
131.50
123.50
115.60
108.10
100.80
93.88
87.08
80.36
74.15
68.02
62.21
56.77
51.33
46.24
41.53
36.93
32.57
28.43
24.57
20.93
17.61
14.59
11.87
9.54
7.45
5.57
3.91
2.33
0.93
0.26
0.06
0.06
0.06
0.06
0.06
0.06
0.06
0.06
0.06
0.06
0.06
0.06
0.06
0.07
0.07
0.07
0.07
0.08
0.08
0.08
0.09
0.09
0.09
0.10
0.10
0.10
0.11
0.11
0.11
0.12
0.13
0.13
0.13
0.14
0.14
0.14
0.15
0.16
0.16
0.17
0.18
0.18
0.19
0.20
0.20
0.21
0.22
0.22
0.23
0.24
0.24
0.25
0.26
0.27
0.28
0.28
0.29
0.30
0.31
0.32
0.33
0.33
0.34
0.35
0.36
0.37
0.37
0.38
0.39
0.40
0.41
0.41
0.42
0.43
0.44
0.45
0.46
0.46
0.47
0.48
0.49
0.50
0.51
0.52
0.53
0.54
0.55
436.90
443.50
449.90
455.30
459.90
465.60
470.00
472.20
475.70
478.50
480.90
482.60
483.00
484.70
484.30
483.60
482.60
481.10
478.70
477.40
473.60
470.30
466.80
462.50
458.10
452.50
447.10
440.80
434.80
428.20
421.40
414.80
407.50
398.60
390.80
382.30
374.30
365.50
357.00
347.60
338.40
328.90
319.80
310.80
300.60
291.10
281.20
271.30
261.70
252.00
242.30
232.70
223.00
213.60
204.00
195.10
185.80
177.00
168.10
159.50
150.80
142.60
134.90
126.90
119.40
112.10
104.80
98.00
91.54
85.18
79.10
73.31
67.69
62.26
57.04
52.08
47.30
42.71
38.43
34.21
30.24
26.47
22.94
19.61
16.52
13.75
11.22
9.05
7.09
5.32
3.76
2.30
0.96
0.28
0.06
0.06
0.06
0.06
0.06
0.06
0.07
0.07
0.07
0.08
0.08
0.08
0.08
0.09
0.09
0.09
0.10
0.10
0.10
0.10
0.11
0.11
0.11
0.12
0.12
0.13
0.13
0.13
0.14
0.14
0.14
0.15
0.15
0.16
0.17
0.17
0.17
0.18
0.18
0.19
0.20
0.21
0.21
0.22
0.23
0.23
0.24
0.25
0.25
0.26
0.27
0.28
0.28
0.29
0.30
0.31
0.32
0.33
0.33
0.34
0.35
0.36
0.37
0.37
0.38
0.39
0.40
0.41
0.41
0.42
0.43
0.44
0.45
0.45
0.46
0.47
0.48
0.49
0.49
0.50
0.51
0.52
0.53
0.54
0.55
0.55
0.55
437.10
443.30
448.70
452.60
457.20
461.50
464.50
467.20
470.40
471.00
472.90
473.60
473.30
473.20
471.50
470.70
469.50
466.50
463.80
460.00
456.80
452.00
446.80
442.30
436.40
430.60
424.70
418.10
410.40
403.00
396.00
387.90
379.80
371.80
364.00
354.90
346.00
337.10
328.40
319.10
310.20
300.90
292.00
282.40
273.30
264.20
254.60
245.50
236.60
227.60
218.40
209.60
200.40
191.90
183.50
174.90
166.50
158.60
150.70
143.10
135.20
128.00
120.80
114.00
107.20
100.90
94.71
88.54
82.71
77.13
71.75
66.56
61.49
56.70
51.91
47.42
43.16
39.03
35.14
31.36
27.74
24.32
21.11
18.05
15.24
12.69
10.40
8.39
6.58
4.92
3.46
2.10
0.87
0.26
0.06
0.06
0.06
0.06
0.06
0.06
0.06
0.06
0.06
0.06
0.06
0.06
0.06
0.07
0.07
0.07
0.08
0.08
0.08
0.08
0.09
0.09
0.10
0.10
0.10
0.11
0.11
0.11
0.12
0.12
0.13
0.13
0.14
0.14
0.15
0.15
0.16
0.16
0.17
0.18
0.18
0.19
0.20
0.21
0.21
0.22
0.23
0.23
0.24
0.25
0.26
0.26
0.27
0.28
0.29
0.29
0.30
0.31
0.32
0.33
0.34
0.34
0.35
0.36
0.37
0.37
0.38
0.39
0.40
0.41
0.41
0.42
0.43
0.44
0.45
0.45
0.46
0.47
0.48
0.48
0.49
0.50
0.51
0.52
0.53
0.54
0.55
437.10
442.00
446.80
450.50
454.30
457.30
459.20
461.70
462.90
463.90
463.80
463.40
463.10
461.60
460.20
457.80
455.30
452.00
447.30
443.50
439.00
433.70
427.80
422.30
415.70
408.80
402.00
394.90
387.00
379.30
370.70
362.80
354.70
346.20
337.40
328.60
319.90
310.70
301.90
293.10
284.50
275.20
266.60
257.80
249.10
240.00
231.50
223.00
214.40
206.10
198.00
189.40
181.70
173.60
165.80
158.50
150.70
143.50
136.50
129.80
123.00
116.30
109.70
103.60
97.55
91.90
86.33
80.92
75.79
70.76
65.95
61.24
56.73
52.36
48.16
44.13
40.19
36.49
32.84
29.41
26.07
22.94
19.98
17.15
14.53
12.14
9.97
8.08
6.37
4.79
3.39
2.10
0.92
0.27
0.05
0.05
0.06
0.06
0.06
0.06
0.06
0.07
0.07
0.07
0.07
0.08
0.08
0.08
0.09
0.09
0.09
0.10
0.10
0.10
0.10
0.11
0.11
0.12
0.12
0.13
0.13
0.14
0.14
0.14
0.15
0.15
0.16
0.16
0.17
0.18
0.18
0.19
0.20
0.20
0.21
0.21
0.22
0.23
0.24
0.25
0.25
0.26
0.27
0.27
0.28
0.29
0.30
0.30
0.31
0.32
0.33
0.34
0.35
0.35
0.36
0.37
0.38
0.39
0.39
0.41
0.41
0.42
0.43
0.44
0.44
0.45
0.46
0.47
0.47
0.48
0.49
0.49
0.50
0.51
0.52
0.53
0.53
0.54
0.55
0.55
0.55
437.20
441.50
444.90
448.30
450.90
453.20
454.10
455.30
455.60
455.80
454.80
453.40
452.10
450.30
447.00
444.30
439.40
436.30
431.10
426.00
419.60
414.50
407.60
401.20
393.70
386.30
378.60
371.20
363.00
355.10
345.90
338.00
328.90
320.70
312.00
303.30
294.80
285.90
277.20
268.80
260.00
251.20
243.10
234.50
226.40
218.30
210.20
202.40
194.30
186.80
179.40
172.00
164.60
157.70
150.70
144.10
137.20
130.60
124.20
118.10
112.10
106.30
100.60
95.11
89.70
84.52
79.65
74.74
70.07
65.62
61.26
57.02
52.77
48.80
44.96
41.22
37.64
34.19
30.88
27.71
24.57
21.66
18.89
16.25
13.81
11.55
9.49
7.70
6.08
4.54
3.22
1.96
0.85
0.26
0.06
0.05
0.05
0.05
0.05
0.05
0.05
0.05
0.05
0.05
0.06
0.06
0.06
0.06
0.07
0.07
0.08
0.08
0.08
0.09
0.09
0.09
0.10
0.10
0.11
0.11
0.11
0.12
0.12
0.13
0.13
0.14
0.14
0.15
0.15
0.16
0.17
0.17
0.18
0.19
0.20
0.20
0.21
0.22
0.22
0.23
0.24
0.25
0.25
0.26
0.27
0.28
0.29
0.29
0.30
0.31
0.32
0.33
0.34
0.34
0.35
0.36
0.37
0.38
0.38
0.39
0.40
0.41
0.41
0.42
0.43
0.44
0.44
0.45
0.46
0.46
0.48
0.48
0.49
0.49
0.50
0.51
0.52
0.52
0.53
0.54
0.55
436.60
440.10
443.40
445.70
447.10
447.80
449.00
449.00
448.70
447.40
446.60
444.40
441.60
438.40
434.50
430.70
425.90
420.30
414.70
408.60
402.40
395.70
388.40
381.00
373.80
365.60
357.50
349.90
340.90
332.20
323.60
315.60
307.00
298.10
289.90
281.00
272.70
264.30
255.70
247.60
239.20
231.40
223.60
215.90
208.50
200.70
193.50
186.30
178.90
172.00
165.20
158.40
152.20
145.60
139.10
133.20
127.20
121.60
115.70
109.90
104.50
99.20
94.11
89.21
84.37
79.69
75.25
70.79
66.51
62.35
58.27
54.38
50.55
46.84
43.20
39.71
36.33
33.11
29.97
26.94
23.97
21.21
18.54
16.00
13.62
11.48
9.47
7.73
6.12
4.61
3.26
2.02
0.92
0.29
0.05
0.05
0.06
0.06
0.06
0.06
0.06
0.07
0.07
0.07
0.08
0.08
0.08
0.09
0.09
0.09
0.10
0.10
0.10
0.11
0.11
0.12
0.12
0.12
0.13
0.13
0.14
0.14
0.15
0.15
0.16
0.16
0.17
0.17
0.18
0.19
0.19
0.20
0.21
0.21
0.22
0.23
0.24
0.24
0.25
0.26
0.26
0.27
0.29
0.29
0.30
0.31
0.31
0.32
0.33
0.34
0.35
0.36
0.36
0.37
0.38
0.39
0.40
0.40
0.41
0.42
0.43
0.43
0.44
0.45
0.45
0.46
0.47
0.48
0.48
0.49
0.49
0.50
0.51
0.52
0.53
0.53
0.54
0.55
0.55
0.55
0.55
437.20
439.40
441.60
442.90
443.60
443.80
443.30
443.10
441.40
439.70
437.00
434.20
430.20
426.10
421.80
416.80
411.00
404.50
398.20
391.00
384.30
376.90
369.20
361.10
353.10
344.70
336.30
327.80
319.00
310.90
302.30
294.00
285.20
277.10
268.50
260.70
252.20
244.30
236.30
229.00
221.20
213.80
206.60
199.40
192.40
185.70
178.80
172.40
166.00
159.70
153.50
147.40
141.60
135.80
130.20
124.60
119.40
114.20
109.00
104.00
99.05
94.33
89.69
85.04
80.47
76.21
72.03
67.92
63.91
60.00
56.23
52.53
48.94
45.44
41.99
38.67
35.46
32.32
29.33
26.40
23.55
20.87
18.28
15.84
13.54
11.40
9.44
7.74
6.14
4.61
3.25
1.98
0.89
0.28
0.06
0.05
0.05
0.05
0.05
0.05
0.05
0.05
0.06
0.06
0.06
0.06
0.06
0.07
0.07
0.07
0.08
0.08
0.09
0.09
0.10
0.10
0.10
0.11
0.11
0.12
0.12
0.13
0.14
0.14
0.14
0.15
0.16
0.16
0.17
0.18
0.18
0.19
0.20
0.20
0.21
0.22
0.23
0.24
0.24
0.25
0.26
0.27
0.27
0.28
0.29
0.30
0.31
0.31
0.32
0.33
0.34
0.35
0.36
0.36
0.37
0.38
0.39
0.39
0.40
0.41
0.42
0.43
0.43
0.44
0.44
0.45
0.46
0.46
0.47
0.48
0.48
0.49
0.49
0.50
0.51
0.52
0.53
0.53
0.54
0.55
0.55
437.30
438.20
439.60
439.40
440.20
438.90
438.00
436.90
434.20
431.50
428.00
424.00
419.50
414.30
409.10
403.10
397.10
390.00
383.10
375.10
367.80
359.90
351.30
343.20
334.90
326.40
317.60
309.00
300.60
292.30
283.70
275.20
267.10
259.40
251.00
243.20
235.90
228.50
220.80
213.80
206.70
200.00
192.90
186.90
180.40
174.10
168.00
162.20
156.60
150.80
145.20
139.60
134.50
129.30
124.20
119.30
114.30
109.20
104.50
100.00
95.47
91.06
86.70
82.49
78.40
74.37
70.38
66.51
62.77
59.14
55.47
51.95
48.55
45.13
41.84
38.60
35.47
32.42
29.52
26.68
23.88
21.21
18.72
16.27
13.97
11.86
9.89
8.14
6.51
4.92
3.49
2.14
0.99
0.32
0.06
0.06
0.06
0.06
0.06
0.07
0.07
0.07
0.07
0.08
0.08
0.08
0.09
0.09
0.09
0.10
0.10
0.10
0.11
0.12
0.12
0.12
0.13
0.14
0.14
0.14
0.15
0.16
0.16
0.17
0.17
0.18
0.19
0.19
0.20
0.21
0.21
0.22
0.23
0.24
0.24
0.25
0.26
0.27
0.27
0.28
0.29
0.30
0.31
0.31
0.32
0.33
0.34
0.35
0.35
0.37
0.37
0.38
0.39
0.39
0.40
0.41
0.42
0.42
0.43
0.44
0.45
0.45
0.46
0.47
0.47
0.48
0.49
0.49
0.50
0.50
0.51
0.52
0.52
0.53
0.53
0.54
0.55
0.55
0.56
0.56
0.56
436.50
437.50
438.30
436.90
436.00
434.50
432.40
430.10
427.40
423.30
418.50
414.80
408.70
402.40
396.80
389.70
382.40
375.00
367.30
359.10
351.00
342.90
333.90
325.40
316.70
307.60
299.20
291.00
282.60
274.60
266.20
258.00
250.60
242.90
235.10
228.00
220.70
213.80
206.80
200.30
194.00
187.60
181.40
175.80
169.90
164.40
158.80
153.70
148.30
143.40
138.10
133.30
128.30
123.90
119.10
114.50
109.90
105.60
101.20
96.93
92.66
88.58
84.35
80.53
76.53
72.73
68.94
65.34
61.84
58.31
54.78
51.44
48.15
44.83
41.69
38.53
35.52
32.56
29.71
26.91
24.17
21.53
19.06
16.61
14.32
12.20
10.21
8.47
6.80
5.15
3.64
2.18
0.99
0.32
0.06
0.06
0.06
0.06
0.06
0.06
0.06
0.06
0.06
0.06
0.07
0.07
0.08
0.08
0.08
0.09
0.09
0.09
0.10
0.10
0.11
0.11
0.12
0.12
0.13
0.13
0.14
0.15
0.15
0.16
0.17
0.17
0.18
0.18
0.19
0.20
0.21
0.21
0.22
0.23
0.24
0.24
0.25
0.26
0.27
0.28
0.29
0.29
0.30
0.31
0.32
0.33
0.33
0.34
0.35
0.36
0.37
0.37
0.38
0.39
0.40
0.41
0.41
0.42
0.42
0.43
0.44
0.45
0.45
0.46
0.47
0.47
0.48
0.48
0.49
0.49
0.50
0.50
0.51
0.52
0.53
0.53
0.53
0.54
0.54
0.55
0.55
436.50
436.00
436.10
434.00
433.00
430.70
427.60
424.60
420.40
415.70
410.20
404.60
399.10
391.80
385.50
377.00
369.70
361.30
353.10
344.80
335.30
327.40
318.20
309.50
301.00
292.40
283.70
275.20
267.00
259.00
251.40
243.80
236.50
229.20
222.20
215.40
208.60
202.30
195.80
190.10
184.10
178.40
172.90
167.70
162.50
157.30
152.30
147.60
142.50
137.70
133.30
128.70
124.30
120.10
115.40
110.80
106.60
102.40
98.33
94.36
90.44
86.40
82.73
78.94
75.30
71.71
68.26
64.75
61.34
58.03
54.77
51.52
48.35
45.20
42.11
39.08
36.10
33.20
30.36
27.63
24.90
22.28
19.78
17.34
15.02
12.87
10.83
9.03
7.32
5.62
4.05
2.48
1.11
0.36
0.06
0.06
0.06
0.07
0.07
0.07
0.08
0.08
0.08
0.09
0.09
0.10
0.10
0.10
0.10
0.11
0.11
0.12
0.13
0.13
0.14
0.14
0.15
0.15
0.16
0.16
0.17
0.18
0.18
0.19
0.20
0.20
0.21
0.22
0.23
0.23
0.24
0.25
0.26
0.27
0.27
0.28
0.29
0.30
0.31
0.31
0.32
0.33
0.34
0.35
0.35
0.36
0.37
0.38
0.39
0.40
0.40
0.41
0.42
0.42
0.43
0.44
0.45
0.45
0.46
0.47
0.47
0.48
0.48
0.49
0.50
0.50
0.51
0.51
0.52
0.53
0.53
0.53
0.54
0.54
0.55
0.55
0.56
0.56
0.56
0.56
0.56
436.60
435.40
433.50
431.90
429.20
425.60
422.00
417.50
412.50
406.90
401.10
395.10
387.80
380.60
372.80
364.60
356.00
347.30
339.00
329.30
321.10
311.80
302.60
293.90
285.10
277.00
268.60
260.20
252.90
245.00
237.30
230.40
223.10
216.40
210.10
204.00
197.90
191.80
186.30
180.50
175.50
170.20
165.10
160.30
155.40
150.80
146.20
141.60
136.90
132.60
128.40
123.80
119.80
115.60
111.50
107.30
103.40
99.50
95.53
91.85
88.06
84.31
80.83
77.26
73.76
70.44
67.09
63.81
60.64
57.31
54.33
51.20
48.13
45.11
42.09
39.16
36.24
33.38
30.62
27.89
25.20
22.59
20.07
17.66
15.31
13.16
11.11
9.28
7.55
5.83
4.22
2.55
1.08
0.36
0.07
0.06
0.06
0.06
0.06
0.06
0.06
0.06
0.07
0.08
0.08
0.08
0.09
0.09
0.10
0.10
0.11
0.11
0.11
0.12
0.13
0.14
0.14
0.14
0.15
0.16
0.17
0.17
0.18
0.18
0.19
0.20
0.21
0.22
0.22
0.23
0.24
0.25
0.26
0.26
0.27
0.28
0.29
0.30
0.31
0.32
0.33
0.33
0.34
0.35
0.35
0.36
0.37
0.38
0.39
0.39
0.40
0.41
0.42
0.42
0.43
0.44
0.44
0.45
0.46
0.46
0.47
0.48
0.48
0.49
0.49
0.49
0.50
0.50
0.51
0.51
0.52
0.52
0.53
0.53
0.53
0.54
0.54
0.55
0.55
0.56
0.57
437.50
434.70
432.50
430.00
425.50
421.30
416.60
411.80
405.90
399.70
392.80
386.00
378.30
370.30
361.90
352.90
344.00
335.30
326.00
316.90
308.00
298.10
289.20
280.70
272.20
264.20
255.40
247.70
240.20
233.00
226.00
219.20
212.90
206.30
200.40
195.00
188.90
183.60
178.70
173.60
168.70
163.80
159.30
154.60
150.10
145.50
141.20
136.80
132.60
128.40
124.20
120.10
115.90
111.70
107.90
103.90
100.30
96.53
92.87
89.36
85.80
82.40
79.05
75.74
72.47
69.32
66.15
63.02
60.04
57.04
54.00
51.09
48.12
45.20
42.25
39.39
36.53
33.71
30.97
28.27
25.59
22.98
20.46
18.01
15.70
13.50
11.40
9.55
7.80
6.08
4.48
2.83
1.19
0.40
0.06
0.07
0.07
0.07
0.08
0.08
0.09
0.09
0.10
0.10
0.10
0.11
0.11
0.12
0.13
0.13
0.14
0.14
0.15
0.15
0.16
0.17
0.17
0.18
0.19
0.19
0.20
0.21
0.22
0.22
0.23
0.24
0.25
0.25
0.26
0.27
0.28
0.29
0.30
0.30
0.31
0.32
0.33
0.34
0.35
0.35
0.36
0.37
0.38
0.39
0.39
0.40
0.41
0.42
0.42
0.43
0.44
0.45
0.45
0.46
0.47
0.47
0.48
0.49
0.49
0.50
0.50
0.51
0.51
0.52
0.52
0.53
0.53
0.54
0.54
0.54
0.55
0.55
0.55
0.56
0.56
0.57
0.57
0.57
0.57
0.57
0.57
436.50
433.50
430.40
426.20
421.90
417.00
411.40
405.10
399.00
391.50
384.40
376.40
368.00
359.20
350.30
341.30
332.10
322.40
312.60
303.60
294.10
285.30
275.70
267.50
259.00
251.10
243.10
235.50
228.10
221.40
214.90
208.50
202.80
196.80
191.40
186.00
180.90
176.20
171.20
166.60
162.10
157.80
153.20
149.00
144.60
140.30
136.30
132.10
127.90
123.70
119.80
115.60
111.80
108.20
104.30
100.60
97.06
93.40
89.92
86.73
83.30
80.04
77.01
73.78
70.68
67.69
64.75
61.74
58.84
55.95
53.17
50.25
47.45
44.59
41.73
38.94
36.14
33.37
30.67
28.02
25.36
22.79
20.28
17.84
15.50
13.33
11.26
9.41
7.67
5.98
4.42
2.78
1.12
0.39
0.08
0.08
0.08
0.08
0.08
0.08
0.08
0.08
0.09
0.09
0.10
0.11
0.11
0.12
0.12
0.13
0.13
0.14
0.14
0.15
0.16
0.16
0.17
0.18
0.19
0.19
0.20
0.21
0.22
0.23
0.23
0.24
0.25
0.26
0.26
0.27
0.28
0.29
0.30
0.31
0.32
0.33
0.33
0.34
0.35
0.36
0.37
0.37
0.38
0.39
0.40
0.41
0.41
0.42
0.43
0.44
0.44
0.45
0.46
0.46
0.47
0.48
0.48
0.48
0.49
0.50
0.50
0.51
0.51
0.52
0.52
0.52
0.53
0.53
0.53
0.54
0.54
0.54
0.54
0.55
0.55
0.55
0.56
0.56
0.56
0.57
0.57
436.40
433.00
429.10
423.90
418.30
413.00
406.70
400.00
392.60
385.10
377.20
368.40
359.10
350.80
340.80
331.80
321.80
311.70
301.90
292.10
283.00
273.60
264.90
256.30
247.80
240.00
232.60
225.30
218.40
212.20
206.00
200.10
194.60
189.30
184.40
179.20
174.70
170.00
165.40
161.20
156.90
152.70
148.40
144.20
140.30
136.00
131.80
127.90
123.80
120.10
116.00
111.90
108.10
104.40
100.90
97.25
93.82
90.48
87.21
84.14
80.91
77.85
74.87
71.95
69.06
66.23
63.47
60.60
57.87
55.13
52.35
49.65
46.88
44.09
41.33
38.58
35.80
33.12
30.45
27.84
25.18
22.64
20.16
17.75
15.40
13.25
11.17
9.34
7.62
5.97
4.44
2.94
1.19
0.41
0.08
0.09
0.09
0.10
0.10
0.10
0.11
0.11
0.12
0.13
0.13
0.14
0.14
0.15
0.15
0.16
0.17
0.17
0.18
0.19
0.20
0.20
0.21
0.22
0.22
0.23
0.24
0.25
0.26
0.26
0.27
0.28
0.29
0.30
0.31
0.32
0.33
0.33
0.34
0.35
0.36
0.37
0.38
0.38
0.40
0.40
0.41
0.42
0.42
0.43
0.44
0.45
0.45
0.46
0.47
0.48
0.48
0.49
0.50
0.50
0.51
0.51
0.52
0.52
0.53
0.53
0.53
0.54
0.54
0.55
0.55
0.55
0.56
0.56
0.56
0.57
0.57
0.57
0.57
0.57
0.57
0.57
0.57
0.57
0.57
0.57
0.57
436.70
431.90
426.60
421.70
415.30
408.40
401.40
394.40
386.30
377.70
368.70
360.40
350.40
340.30
330.60
320.30
310.10
300.70
290.40
280.70
271.30
262.00
253.50
244.70
237.10
229.30
222.40
215.30
208.90
202.80
197.00
191.80
186.50
181.80
177.40
172.90
168.30
164.00
159.70
155.90
151.70
147.60
143.40
139.50
135.50
131.60
127.40
123.40
119.50
115.70
111.80
108.10
104.50
100.90
97.49
94.16
90.93
87.63
84.61
81.59
78.55
75.67
72.79
69.97
67.25
64.51
61.90
59.16
56.43
53.81
51.15
48.50
45.82
43.10
40.42
37.71
35.01
32.35
29.74
27.15
24.57
22.02
19.57
17.20
14.92
12.79
10.78
8.97
7.30
5.68
4.22
2.79
1.11
0.39
0.10
0.09
0.09
0.09
0.09
0.10
0.10
0.11
0.11
0.12
0.12
0.14
0.14
0.14
0.15
0.16
0.17
0.18
0.18
0.19
0.20
0.21
0.21
0.22
0.23
0.23
0.24
0.25
0.26
0.27
0.28
0.29
0.29
0.30
0.31
0.32
0.33
0.34
0.35
0.36
0.37
0.37
0.38
0.39
0.40
0.41
0.42
0.42
0.43
0.44
0.45
0.45
0.46
0.47
0.48
0.48
0.49
0.49
0.50
0.50
0.51
0.51
0.52
0.52
0.53
0.53
0.53
0.54
0.54
0.54
0.55
0.55
0.55
0.56
0.56
0.56
0.56
0.56
0.57
0.57
0.57
0.57
0.57
0.57
0.57
0.57
0.57
436.50
431.60
424.80
419.40
412.20
405.10
396.90
389.20
380.80
371.70
362.50
352.30
342.40
332.40
322.50
311.90
301.50
291.20
280.80
271.00
261.90
252.30
243.70
235.60
227.70
220.50
213.60
207.10
201.10
195.20
190.00
185.20
180.20
175.70
171.40
167.30
163.00
158.90
155.20
151.20
147.20
143.40
139.40
135.50
131.50
127.70
123.70
119.90
115.90
112.00
108.30
104.70
101.20
97.83
94.60
91.29
88.09
85.08
82.19
79.26
76.50
73.66
71.03
68.36
65.67
63.15
60.50
57.98
55.42
52.86
50.29
47.71
45.11
42.46
39.82
37.16
34.49
31.88
29.27
26.77
24.19
21.71
19.30
16.95
14.69
12.59
10.59
8.81
7.16
5.59
4.16
2.82
1.18
0.40
0.10
0.11
0.11
0.12
0.13
0.13
0.14
0.14
0.15
0.16
0.16
0.17
0.18
0.18
0.19
0.20
0.21
0.21
0.22
0.23
0.24
0.25
0.26
0.26
0.27
0.28
0.29
0.30
0.30
0.31
0.32
0.33
0.34
0.35
0.36
0.37
0.38
0.38
0.39
0.40
0.41
0.42
0.43
0.44
0.45
0.45
0.46
0.47
0.48
0.48
0.49
0.50
0.50
0.51
0.52
0.52
0.53
0.53
0.54
0.54
0.55
0.55
0.56
0.56
0.56
0.57
0.57
0.57
0.57
0.58
0.58
0.58
0.58
0.58
0.58
0.58
0.58
0.58
0.58
0.58
0.58
0.58
0.58
0.58
0.58
0.58
0.58
436.60
430.30
423.50
416.60
409.10
401.00
392.80
383.60
374.80
364.60
354.90
345.00
334.40
323.60
313.20
302.40
291.60
281.30
270.90
260.90
251.50
242.70
233.90
225.80
218.40
211.40
204.90
198.80
192.90
187.70
183.10
178.30
173.90
169.60
165.60
161.80
158.10
154.10
150.30
146.50
142.90
139.00
135.30
131.40
127.60
123.70
119.80
116.20
112.30
108.90
105.30
101.60
98.37
94.99
91.99
88.85
85.70
82.91
80.08
77.24
74.61
71.98
69.36
66.87
64.29
61.73
59.23
56.72
54.25
51.73
49.25
46.71
44.11
41.54
38.90
36.31
33.70
31.12
28.59
26.06
23.57
21.09
18.73
16.42
14.21
12.15
10.19
8.45
6.84
5.30
3.93
2.63
1.08
0.39
0.12
0.12
0.12
0.12
0.12
0.13
0.13
0.14
0.15
0.15
0.16
0.17
0.17
0.18
0.19
0.20
0.21
0.21
0.22
0.23
0.24
0.25
0.26
0.26
0.27
0.28
0.29
0.30
0.31
0.32
0.33
0.33
0.34
0.35
0.36
0.37
0.38
0.39
0.40
0.41
0.41
0.43
0.44
0.44
0.45
0.46
0.47
0.47
0.48
0.49
0.50
0.50
0.51
0.51
0.52
0.53
0.53
0.54
0.54
0.54
0.55
0.55
0.56
0.56
0.57
0.57
0.57
0.57
0.57
0.57
0.57
0.58
0.58
0.58
0.58
0.58
0.58
0.58
0.58
0.58
0.58
0.58
0.58
0.58
0.58
0.58
0.58
436.60
429.70
422.30
414.70
406.70
398.20
388.60
379.80
370.20
359.90
349.70
339.40
327.60
316.80
305.90
294.80
284.10
273.10
262.70
252.90
243.50
234.30
226.20
218.10
210.90
203.70
197.70
191.90
186.60
181.80
176.90
172.60
168.50
164.90
161.10
157.50
153.60
150.30
146.50
142.70
139.20
135.60
132.00
128.20
124.30
120.80
117.20
113.30
109.50
105.90
102.60
99.21
96.03
92.81
89.91
86.89
84.05
81.28
78.55
75.97
73.30
70.81
68.33
65.84
63.44
60.99
58.58
56.11
53.69
51.21
48.76
46.26
43.72
41.17
38.57
36.01
33.40
30.85
28.34
25.83
23.35
20.93
18.57
16.27
14.06
12.03
10.09
8.38
6.78
5.26
3.91
2.67
1.15
0.40
0.13
0.13
0.14
0.14
0.15
0.16
0.17
0.17
0.18
0.19
0.20
0.21
0.21
0.22
0.23
0.24
0.25
0.25
0.26
0.27
0.28
0.29
0.30
0.30
0.31
0.32
0.33
0.34
0.35
0.36
0.37
0.38
0.39
0.39
0.41
0.41
0.42
0.43
0.44
0.45
0.46
0.47
0.48
0.49
0.49
0.50
0.51
0.51
0.53
0.53
0.53
0.54
0.54
0.56
0.56
0.57
0.57
0.57
0.58
0.59
0.59
0.59
0.60
0.60
0.60
0.60
0.60
0.61
0.61
0.61
0.61
0.61
0.61
0.60
0.60
0.60
0.60
0.60
0.60
0.60
0.60
0.60
0.60
0.60
0.60
0.60
0.60
436.50
428.50
420.80
412.40
403.60
394.60
385.20
375.30
364.90
354.00
343.30
331.40
320.20
309.20
297.40
286.70
275.50
264.50
254.30
244.70
235.00
226.10
217.50
209.80
202.80
196.20
190.30
185.00
179.90
175.30
170.90
167.20
163.20
159.70
156.20
153.00
149.50
146.00
142.60
139.00
135.70
131.90
128.40
124.80
121.20
117.70
114.10
110.50
107.00
103.80
100.40
97.24
94.24
91.16
88.30
85.42
82.61
79.97
77.42
74.87
72.44
69.99
67.53
65.11
62.80
60.39
57.85
55.53
53.10
50.75
48.25
45.72
43.25
40.68
38.07
35.54
32.95
30.39
27.90
25.42
22.92
20.51
18.19
15.90
13.72
11.69
9.80
8.11
6.53
5.04
3.73
2.50
1.05
0.39
0.14
0.14
0.14
0.14
0.14
0.15
0.16
0.17
0.18
0.18
0.19
0.20
0.21
0.22
0.23
0.23
0.24
0.25
0.26
0.27
0.28
0.29
0.29
0.31
0.31
0.33
0.33
0.34
0.35
0.36
0.37
0.38
0.39
0.40
0.41
0.41
0.42
0.43
0.45
0.45
0.46
0.47
0.48
0.49
0.49
0.50
0.51
0.52
0.53
0.53
0.54
0.55
0.55
0.55
0.57
0.57
0.57
0.58
0.58
0.59
0.60
0.60
0.60
0.61
0.61
0.61
0.61
0.61
0.61
0.61
0.61
0.61
0.61
0.61
0.61
0.61
0.61
0.61
0.61
0.61
0.61
0.61
0.61
0.61
0.61
0.61
0.61
436.80
428.80
420.10
410.70
402.30
391.60
382.20
371.20
360.70
349.50
338.00
326.40
315.10
303.30
291.90
280.50
269.20
258.40
247.80
237.60
228.30
219.40
211.20
203.60
196.50
190.30
184.60
179.40
174.40
169.90
166.30
162.20
158.90
155.50
152.30
149.10
145.80
142.70
139.30
135.90
132.70
129.20
125.90
122.50
119.20
115.50
111.90
108.50
105.20
102.00
98.90
95.91
92.94
90.10
87.29
84.62
82.01
79.50
77.06
74.65
72.14
69.82
67.39
65.05
62.71
60.38
58.05
55.64
53.29
50.83
48.41
45.91
43.41
40.78
38.26
35.66
33.06
30.51
27.97
25.46
22.99
20.55
18.20
15.91
13.73
11.71
9.80
8.10
6.55
5.05
3.74
2.54
1.11
0.41
0.15
0.15
0.16
0.17
0.18
0.18
0.19
0.20
0.21
0.22
0.23
0.23
0.24
0.25
0.26
0.27
0.28
0.29
0.30
0.30
0.31
0.32
0.33
0.34
0.35
0.36
0.37
0.38
0.38
0.39
0.41
0.41
0.42
0.43
0.44
0.45
0.46
0.47
0.48
0.49
0.50
0.51
0.52
0.52
0.53
0.54
0.55
0.56
0.56
0.57
0.58
0.58
0.59
0.59
0.60
0.61
0.61
0.61
0.61
0.61
0.61
0.61
0.61
0.61
0.61
0.61
0.61
0.61
0.61
0.61
0.61
0.61
0.61
0.62
0.61
0.61
0.61
0.61
0.61
0.61
0.61
0.61
0.61
0.61
0.61
0.61
0.60
435.90
427.40
418.50
408.90
399.30
388.70
378.40
367.50
356.00
345.00
333.10
321.00
309.50
297.10
284.90
273.60
262.10
251.40
240.90
231.00
221.20
212.50
204.50
197.00
190.00
184.10
178.40
173.40
169.00
164.90
161.30
157.80
154.50
151.30
148.30
145.30
142.30
139.20
136.30
133.10
129.70
126.70
123.30
120.00
116.80
113.60
110.50
107.30
104.10
101.00
98.05
95.11
92.32
89.73
86.96
84.42
81.92
79.55
77.19
74.70
72.36
70.04
67.76
65.45
63.08
60.76
58.34
55.93
53.54
51.05
48.63
46.12
43.56
40.96
38.33
35.73
33.09
30.49
27.95
25.43
22.89
20.45
18.10
15.78
13.62
11.57
9.67
7.99
6.42
4.93
3.63
2.43
1.03
0.39
0.16
0.16
0.16
0.16
0.17
0.18
0.19
0.19
0.20
0.21
0.22
0.23
0.24
0.25
0.26
0.26
0.27
0.28
0.29
0.30
0.31
0.32
0.33
0.34
0.35
0.36
0.36
0.37
0.38
0.39
0.40
0.41
0.42
0.42
0.44
0.45
0.46
0.46
0.47
0.48
0.49
0.50
0.51
0.52
0.53
0.54
0.55
0.55
0.56
0.57
0.57
0.58
0.58
0.59
0.60
0.60
0.61
0.61
0.61
0.61
0.62
0.62
0.62
0.62
0.62
0.63
0.63
0.63
0.63
0.63
0.63
0.63
0.63
0.63
0.63
0.63
0.63
0.63
0.63
0.63
0.63
0.63
0.62
0.62
0.62
0.61
0.61
436.60
427.40
418.30
408.30
397.80
387.20
376.50
364.80
353.70
341.20
329.50
317.10
304.70
293.20
281.00
269.00
257.30
246.20
235.70
225.20
216.30
207.40
199.20
191.70
185.10
179.10
173.90
168.80
164.80
160.70
157.10
154.00
150.80
148.00
145.00
142.30
139.60
136.90
134.10
131.00
127.90
125.00
121.90
118.80
115.50
112.30
109.50
106.50
103.40
100.60
97.95
95.21
92.52
89.91
87.37
84.96
82.59
80.29
77.94
75.62
73.33
71.01
68.74
66.36
64.08
61.79
59.38
56.96
54.55
52.07
49.57
47.01
44.46
41.75
39.08
36.43
33.73
31.12
28.49
25.93
23.34
20.85
18.45
16.11
13.87
11.79
9.86
8.14
6.57
5.05
3.72
2.50
1.10
0.40
0.16
0.17
0.18
0.18
0.19
0.20
0.21
0.22
0.23
0.24
0.25
0.26
0.26
0.27
0.29
0.29
0.30
0.31
0.32
0.33
0.34
0.35
0.36
0.37
0.38
0.38
0.39
0.40
0.41
0.42
0.43
0.44
0.45
0.46
0.47
0.48
0.49
0.50
0.50
0.51
0.53
0.53
0.54
0.55
0.56
0.57
0.58
0.58
0.59
0.60
0.60
0.61
0.61
0.62
0.63
0.63
0.64
0.64
0.64
0.64
0.64
0.64
0.64
0.64
0.64
0.64
0.64
0.64
0.64
0.64
0.63
0.63
0.63
0.63
0.63
0.63
0.62
0.62
0.62
0.61
0.61
0.61
0.61
0.61
0.61
0.61
0.61
436.60
426.70
416.30
406.00
395.50
384.40
372.70
361.40
349.50
337.50
325.10
312.50
299.90
287.80
275.90
263.50
251.70
240.50
229.80
219.90
210.40
202.00
193.70
186.40
180.20
174.30
168.90
164.20
160.40
156.50
153.40
150.30
147.60
144.80
142.20
139.60
136.90
134.30
131.70
129.00
126.40
123.40
120.60
117.70
114.90
112.20
109.20
106.60
103.70
101.20
98.41
95.84
93.33
90.90
88.51
86.23
83.88
81.60
79.29
77.02
74.73
72.55
70.17
67.86
65.48
63.07
60.71
58.21
55.72
53.19
50.61
47.97
45.34
42.59
39.85
37.08
34.35
31.66
28.99
26.36
23.72
21.15
18.70
16.29
14.02
11.91
9.94
8.21
6.59
5.05
3.69
2.44
1.04
0.38
0.17
0.17
0.17
0.17
0.18
0.19
0.20
0.21
0.22
0.22
0.24
0.24
0.25
0.26
0.27
0.28
0.29
0.30
0.31
0.32
0.33
0.34
0.35
0.36
0.37
0.37
0.38
0.39
0.40
0.41
0.42
0.43
0.44
0.45
0.46
0.47
0.48
0.49
0.49
0.50
0.52
0.53
0.53
0.54
0.55
0.56
0.57
0.58
0.58
0.59
0.60
0.60
0.61
0.61
0.62
0.63
0.63
0.63
0.63
0.64
0.64
0.64
0.64
0.64
0.64
0.64
0.64
0.64
0.64
0.64
0.64
0.64
0.64
0.64
0.64
0.64
0.64
0.65
0.64
0.64
0.64
0.64
0.63
0.63
0.63
0.62
0.62
436.50
426.70
416.90
405.70
394.90
383.70
371.80
359.90
348.30
335.50
322.90
310.10
297.30
284.80
272.90
260.60
248.70
237.60
226.80
216.80
207.00
198.40
190.30
183.30
176.70
170.60
165.50
161.20
157.10
153.40
150.40
147.50
144.80
142.30
139.90
137.70
135.10
132.70
130.50
128.10
125.60
122.90
120.40
117.80
115.00
112.20
109.60
107.00
104.50
101.90
99.49
97.03
94.68
92.41
90.13
87.92
85.58
83.38
81.17
78.97
76.66
74.45
72.15
69.78
67.41
65.01
62.57
60.04
57.53
54.99
52.35
49.62
46.88
44.05
41.23
38.40
35.56
32.76
30.02
27.28
24.56
21.92
19.40
16.92
14.55
12.36
10.33
8.54
6.88
5.28
3.87
2.58
1.13
0.40
0.17
0.18
0.18
0.19
0.20
0.21
0.22
0.23
0.24
0.25
0.26
0.27
0.28
0.29
0.30
0.31
0.32
0.33
0.34
0.34
0.35
0.36
0.37
0.38
0.39
0.40
0.41
0.42
0.43
0.44
0.44
0.46
0.46
0.47
0.48
0.49
0.50
0.51
0.52
0.53
0.54
0.55
0.56
0.57
0.58
0.59
0.59
0.60
0.61
0.61
0.62
0.63
0.63
0.64
0.64
0.65
0.65
0.65
0.65
0.65
0.65
0.65
0.65
0.65
0.65
0.65
0.65
0.65
0.65
0.65
0.65
0.65
0.64
0.64
0.64
0.64
0.63
0.63
0.63
0.63
0.63
0.62
0.62
0.62
0.62
0.62
0.62
436.00
426.10
415.40
404.40
393.00
381.00
369.20
357.50
345.30
332.20
319.40
306.50
293.70
281.00
268.50
256.10
244.00
233.20
222.70
212.50
203.10
194.50
186.50
179.20
172.90
167.20
162.20
157.90
154.10
150.40
147.70
145.00
142.40
140.00
137.80
135.80
133.60
131.40
129.20
127.00
124.70
122.60
120.00
117.80
115.30
112.90
110.40
108.10
105.70
103.20
101.00
98.67
96.38
94.20
92.08
89.99
87.67
85.55
83.40
81.13
78.84
76.56
74.28
71.87
69.48
67.04
64.59
61.94
59.26
56.57
53.88
51.08
48.18
45.33
42.34
39.44
36.50
33.63
30.80
27.98
25.16
22.40
19.82
17.25
14.84
12.59
10.51
8.67
6.98
5.32
3.87
2.53
1.06
0.38
0.17
0.17
0.17
0.17
0.18
0.19
0.20
0.21
0.22
0.23
0.24
0.25
0.26
0.27
0.28
0.29
0.30
0.31
0.32
0.33
0.34
0.35
0.36
0.37
0.38
0.38
0.40
0.40
0.41
0.42
0.43
0.44
0.45
0.46
0.47
0.48
0.49
0.50
0.51
0.52
0.53
0.54
0.55
0.56
0.57
0.57
0.58
0.59
0.59
0.60
0.61
0.61
0.62
0.62
0.63
0.63
0.64
0.64
0.64
0.65
0.65
0.65
0.65
0.66
0.66
0.66
0.66
0.66
0.66
0.66
0.66
0.66
0.66
0.66
0.66
0.66
0.66
0.65
0.65
0.65
0.64
0.64
0.64
0.64
0.64
0.63
0.63
437.00
425.70
415.30
404.10
393.00
381.10
369.50
356.40
344.30
331.30
318.30
305.50
292.60
279.70
267.40
254.90
243.10
231.70
220.70
210.60
201.00
192.40
184.40
177.20
170.80
165.30
160.10
155.90
151.90
148.70
145.90
143.20
140.80
138.60
136.70
134.70
132.90
130.90
129.00
126.90
124.90
122.70
120.40
118.40
116.30
113.80
111.40
109.10
106.80
104.70
102.50
100.40
98.21
96.10
93.94
91.86
89.72
87.55
85.42
83.26
81.00
78.68
76.41
73.97
71.53
69.01
66.48
63.81
61.19
58.43
55.61
52.77
49.80
46.80
43.77
40.75
37.73
34.75
31.79
28.93
25.98
23.20
20.50
17.88
15.38
13.06
10.90
9.01
7.25
5.55
4.05
2.66
1.14
0.39
0.16
0.17
0.18
0.19
0.20
0.21
0.22
0.23
0.23
0.25
0.26
0.26
0.27
0.29
0.30
0.31
0.32
0.33
0.34
0.35
0.36
0.37
0.38
0.38
0.39
0.41
0.42
0.42
0.43
0.44
0.45
0.46
0.47
0.48
0.49
0.50
0.50
0.51
0.52
0.53
0.54
0.56
0.57
0.57
0.58
0.59
0.60
0.60
0.61
0.62
0.63
0.63
0.64
0.64
0.65
0.65
0.65
0.66
0.66
0.66
0.66
0.66
0.66
0.66
0.66
0.66
0.66
0.66
0.65
0.65
0.65
0.65
0.65
0.65
0.64
0.64
0.64
0.63
0.63
0.63
0.63
0.63
0.63
0.63
0.63
0.63
0.63
436.60
425.20
414.60
403.40
391.50
379.80
367.40
355.30
342.40
329.80
316.30
303.30
290.10
277.30
264.90
252.40
240.50
229.10
218.20
208.00
198.70
189.90
181.90
174.90
168.60
163.00
158.00
153.90
150.20
147.00
144.40
141.80
139.60
137.50
135.60
133.80
132.00
130.10
128.30
126.40
124.60
122.70
120.70
118.60
116.40
114.50
112.50
110.30
108.00
105.90
103.80
101.70
99.61
97.54
95.52
93.52
91.31
89.19
87.08
84.68
82.45
80.17
77.71
75.43
72.81
70.25
67.55
64.90
62.13
59.28
56.42
53.43
50.47
47.40
44.28
41.19
38.10
35.07
32.04
29.10
26.12
23.32
20.54
17.88
15.35
13.02
10.84
8.95
7.18
5.47
3.97
2.56
1.06
0.36
0.17
0.16
0.16
0.17
0.18
0.19
0.20
0.21
0.22
0.22
0.24
0.25
0.26
0.26
0.27
0.28
0.29
0.31
0.31
0.33
0.33
0.34
0.35
0.37
0.37
0.38
0.40
0.40
0.41
0.42
0.43
0.44
0.45
0.46
0.47
0.48
0.49
0.49
0.51
0.51
0.53
0.53
0.54
0.55
0.56
0.57
0.58
0.58
0.59
0.60
0.60
0.61
0.62
0.62
0.63
0.63
0.63
0.64
0.64
0.65
0.65
0.65
0.65
0.66
0.66
0.66
0.66
0.66
0.66
0.66
0.66
0.66
0.66
0.66
0.66
0.66
0.66
0.66
0.65
0.65
0.65
0.65
0.65
0.64
0.64
0.64
0.64
436.60
425.60
414.90
403.60
392.50
379.80
368.20
355.50
342.40
330.00
316.20
303.50
290.10
277.40
265.00
252.40
240.20
229.00
218.10
207.90
198.30
189.60
181.60
174.40
168.00
162.40
157.50
153.00
149.40
146.30
143.50
141.10
138.80
136.90
135.10
133.40
131.80
130.00
128.30
126.40
124.60
123.00
121.10
119.20
117.30
115.10
112.80
110.80
108.70
106.70
104.60
102.50
100.40
98.26
96.27
94.09
92.04
89.88
87.58
85.37
83.08
80.71
78.32
75.85
73.25
70.71
68.03
65.29
62.54
59.65
56.78
53.76
50.76
47.67
44.52
41.44
38.32
35.23
32.24
29.21
26.29
23.41
20.65
17.97
15.42
13.08
10.90
8.98
7.23
5.51
4.02
2.63
1.11
0.37
0.16
0.16
0.17
0.18
0.19
0.20
0.21
0.22
0.23
0.24
0.25
0.26
0.27
0.28
0.29
0.30
0.31
0.32
0.33
0.34
0.35
0.36
0.37
0.38
0.39
0.40
0.41
0.42
0.43
0.44
0.45
0.45
0.46
0.48
0.48
0.49
0.50
0.51
0.52
0.53
0.54
0.55
0.56
0.57
0.57
0.58
0.59
0.60
0.61
0.61
0.62
0.62
0.63
0.63
0.64
0.64
0.65
0.65
0.65
0.66
0.66
0.66
0.66
0.66
0.66
0.66
0.66
0.65
0.65
0.65
0.65
0.65
0.65
0.65
0.65
0.65
0.64
0.64
0.64
0.64
0.64
0.64
0.64
0.64
0.64
0.64
0.64
436.00
425.50
414.30
403.00
391.40
379.90
367.20
354.10
342.10
328.80
315.50
302.40
289.50
276.70
263.90
251.40
239.80
228.40
217.20
207.20
197.70
189.10
181.10
174.00
167.60
161.80
157.00
152.60
149.10
145.80
142.90
140.70
138.30
136.40
134.70
132.90
131.30
129.80
127.90
126.50
124.70
122.70
121.10
119.20
117.20
115.20
113.40
111.20
109.20
107.20
104.90
102.80
100.60
98.48
96.30
94.20
91.90
89.69
87.46
85.16
82.78
80.44
77.81
75.24
72.83
70.12
67.46
64.67
61.86
58.94
56.02
53.08
50.14
47.04
43.89
40.85
37.72
34.68
31.67
28.72
25.81
22.91
20.22
17.57
15.06
12.74
10.59
8.70
6.96
5.30
3.84
2.46
0.99
0.33
0.15
0.15
0.15
0.15
0.17
0.17
0.18
0.19
0.20
0.21
0.22
0.23
0.24
0.25
0.26
0.27
0.28
0.29
0.30
0.31
0.32
0.33
0.34
0.35
0.36
0.37
0.38
0.39
0.40
0.41
0.42
0.43
0.44
0.45
0.46
0.47
0.47
0.48
0.49
0.50
0.51
0.52
0.53
0.54
0.55
0.55
0.57
0.57
0.58
0.58
0.59
0.60
0.60
0.61
0.62
0.62
0.63
0.63
0.63
0.64
0.64
0.64
0.64
0.65
0.65
0.65
0.65
0.65
0.65
0.65
0.65
0.65
0.65
0.65
0.65
0.65
0.65
0.66
0.65
0.65
0.65
0.65
0.65
0.65
0.65
0.65
0.64
436.50
425.70
415.00
403.80
392.10
380.30
368.20
356.00
343.30
330.50
317.20
303.90
291.00
278.20
265.20
253.10
241.20
229.50
218.80
208.30
199.00
190.00
182.30
174.90
168.30
162.50
157.60
153.20
149.40
145.90
143.10
140.50
138.30
136.50
134.80
133.20
131.60
129.90
128.20
126.50
124.80
123.10
121.30
119.40
117.50
115.60
113.30
111.10
109.00
106.80
104.70
102.50
100.30
98.09
95.88
93.54
91.38
89.06
86.78
84.40
81.96
79.55
77.07
74.52
71.91
69.30
66.61
63.86
61.14
58.26
55.43
52.51
49.51
46.46
43.45
40.41
37.33
34.32
31.35
28.46
25.57
22.75
20.03
17.44
14.94
12.65
10.51
8.65
6.95
5.30
3.86
2.53
1.03
0.34
0.14
0.15
0.16
0.17
0.18
0.18
0.19
0.20
0.21
0.22
0.23
0.24
0.25
0.26
0.27
0.28
0.29
0.30
0.31
0.32
0.33
0.34
0.35
0.36
0.37
0.38
0.39
0.40
0.41
0.42
0.43
0.44
0.45
0.46
0.46
0.48
0.49
0.49
0.50
0.51
0.52
0.53
0.54
0.55
0.56
0.56
0.57
0.57
0.58
0.59
0.60
0.61
0.61
0.62
0.63
0.63
0.63
0.64
0.64
0.64
0.65
0.65
0.65
0.65
0.65
0.65
0.65
0.65
0.65
0.65
0.65
0.64
0.64
0.64
0.64
0.64
0.64
0.64
0.64
0.64
0.64
0.64
0.64
0.64
0.64
0.64
0.64
435.50
425.40
414.50
403.70
392.00
380.60
368.40
356.30
343.70
330.20
317.60
304.60
291.90
279.00
266.10
253.70
242.10
230.30
219.70
209.20
199.70
190.90
183.00
175.60
169.00
163.10
158.20
153.50
149.80
146.40
143.30
140.90
138.60
136.70
135.00
133.30
131.50
129.90
128.10
126.60
125.00
123.10
121.20
119.20
117.30
115.30
113.40
111.20
108.90
106.80
104.50
102.20
99.93
97.66
95.27
93.10
90.72
88.43
85.92
83.53
80.99
78.52
75.97
73.43
70.86
68.31
65.59
62.75
59.97
57.18
54.43
51.47
48.59
45.57
42.57
39.58
36.57
33.60
30.71
27.86
24.99
22.21
19.56
17.02
14.55
12.31
10.23
8.39
6.73
5.12
3.73
2.38
0.91
0.30
0.14
0.14
0.14
0.14
0.15
0.16
0.17
0.18
0.19
0.20
0.21
0.21
0.22
0.23
0.24
0.25
0.26
0.27
0.28
0.29
0.30
0.31
0.32
0.33
0.34
0.35
0.36
0.37
0.38
0.39
0.40
0.41
0.42
0.43
0.43
0.45
0.45
0.46
0.47
0.48
0.49
0.50
0.51
0.52
0.52
0.53
0.54
0.55
0.55
0.56
0.57
0.57
0.58
0.59
0.60
0.60
0.61
0.61
0.61
0.62
0.62
0.63
0.63
0.63
0.63
0.63
0.63
0.64
0.64
0.64
0.64
0.64
0.64
0.64
0.64
0.64
0.64
0.64
0.64
0.64
0.64
0.64
0.64
0.64
0.64
0.64
0.64
437.20
425.70
415.80
405.30
393.80
382.50
370.70
358.30
345.60
333.30
320.30
307.30
294.40
281.70
269.10
256.90
244.80
233.60
222.60
212.40
202.70
193.60
185.50
178.00
171.10
165.10
159.70
155.50
151.10
147.70
144.50
141.90
139.60
137.60
135.50
133.70
131.90
130.10
128.60
127.10
125.30
123.60
121.70
119.80
117.90
115.80
113.50
111.10
108.70
106.60
104.30
101.90
99.59
97.14
94.77
92.41
89.95
87.60
85.10
82.70
80.23
77.74
75.20
72.66
70.01
67.44
64.77
62.08
59.35
56.63
53.76
50.94
48.07
45.09
42.14
39.21
36.22
33.30
30.45
27.58
24.81
22.07
19.45
16.91
14.50
12.26
10.20
8.37
6.73
5.13
3.74
2.43
0.94
0.31
0.13
0.14
0.14
0.15
0.16
0.17
0.18
0.19
0.19
0.21
0.21
0.22
0.23
0.24
0.25
0.26
0.27
0.28
0.29
0.30
0.31
0.32
0.33
0.34
0.35
0.35
0.36
0.38
0.38
0.39
0.40
0.41
0.42
0.43
0.44
0.45
0.46
0.47
0.47
0.49
0.49
0.50
0.51
0.52
0.53
0.53
0.54
0.55
0.56
0.57
0.57
0.57
0.58
0.59
0.60
0.61
0.61
0.61
0.62
0.62
0.63
0.63
0.63
0.64
0.64
0.64
0.64
0.64
0.64
0.64
0.64
0.64
0.64
0.64
0.64
0.64
0.64
0.64
0.64
0.64
0.64
0.64
0.64
0.64
0.64
0.64
0.64
435.70
426.40
416.00
405.00
393.70
383.60
371.50
359.70
347.50
334.80
321.90
309.60
296.70
283.70
271.50
259.30
247.70
235.90
225.00
215.10
205.00
196.20
187.70
180.30
173.20
167.00
161.50
156.80
152.50
149.00
145.70
142.90
140.50
138.40
136.20
134.50
132.70
130.70
129.00
127.40
125.50
123.60
121.90
119.90
117.90
115.60
113.60
111.30
109.00
106.80
104.40
102.00
99.54
97.10
94.68
92.21
89.68
87.17
84.73
82.22
79.63
77.11
74.54
71.91
69.22
66.62
64.03
61.33
58.56
55.80
53.00
50.18
47.31
44.36
41.47
38.55
35.58
32.70
29.89
27.11
24.36
21.62
19.04
16.56
14.18
11.97
9.94
8.15
6.52
4.95
3.61
2.27
0.83
0.28
0.13
0.13
0.13
0.13
0.14
0.14
0.15
0.16
0.17
0.18
0.18
0.20
0.20
0.22
0.22
0.23
0.24
0.25
0.26
0.27
0.28
0.29
0.30
0.31
0.32
0.33
0.33
0.35
0.35
0.36
0.37
0.38
0.39
0.40
0.41
0.42
0.42
0.43
0.44
0.45
0.46
0.47
0.48
0.49
0.50
0.50
0.51
0.52
0.53
0.53
0.54
0.54
0.55
0.56
0.57
0.57
0.58
0.58
0.59
0.59
0.60
0.60
0.60
0.61
0.61
0.61
0.62
0.62
0.62
0.62
0.62
0.63
0.63
0.63
0.63
0.63
0.63
0.63
0.63
0.63
0.63
0.64
0.64
0.64
0.64
0.64
0.65
