SALVI
1
0
72
5.0
181
1.0
250109_5 SNAP 350 3000K SP5R 085_2 PMMA L
250109_5 SNAP SP5R 085_2 PMMA L

250109_5 SNAP 350 3000K SP5R 085_2 PMMA L.ldt
1 Agost 2025/TB
240
0
90
160
10
0
0
0
0
99.77
99.99
1.00
0.00
1
1
16 LED 5050
5109.00

70
38.80
0.35
0.44
0.52
0.59
0.64
0.72
0.76
0.79
0.84
0.87
0.00
5.00
10.00
15.00
20.00
25.00
30.00
35.00
40.00
45.00
50.00
55.00
60.00
65.00
70.00
75.00
80.00
85.00
90.00
95.00
100.00
105.00
110.00
115.00
120.00
125.00
130.00
135.00
140.00
145.00
150.00
155.00
160.00
165.00
170.00
175.00
180.00
185.00
190.00
195.00
200.00
205.00
210.00
215.00
220.00
225.00
230.00
235.00
240.00
245.00
250.00
255.00
260.00
265.00
270.00
275.00
280.00
285.00
290.00
295.00
300.00
305.00
310.00
315.00
320.00
325.00
330.00
335.00
340.00
345.00
350.00
355.00
0.00
1.00
2.00
3.00
4.00
5.00
6.00
7.00
8.00
9.00
10.00
11.00
12.00
13.00
14.00
15.00
16.00
17.00
18.00
19.00
20.00
21.00
22.00
23.00
24.00
25.00
26.00
27.00
28.00
29.00
30.00
31.00
32.00
33.00
34.00
35.00
36.00
37.00
38.00
39.00
40.00
41.00
42.00
43.00
44.00
45.00
46.00
47.00
48.00
49.00
50.00
51.00
52.00
53.00
54.00
55.00
56.00
57.00
58.00
59.00
60.00
61.00
62.00
63.00
64.00
65.00
66.00
67.00
68.00
69.00
70.00
71.00
72.00
73.00
74.00
75.00
76.00
77.00
78.00
79.00
80.00
81.00
82.00
83.00
84.00
85.00
86.00
87.00
88.00
89.00
90.00
91.00
92.00
93.00
94.00
95.00
96.00
97.00
98.00
99.00
100.00
101.00
102.00
103.00
104.00
105.00
106.00
107.00
108.00
109.00
110.00
111.00
112.00
113.00
114.00
115.00
116.00
117.00
118.00
119.00
120.00
121.00
122.00
123.00
124.00
125.00
126.00
127.00
128.00
129.00
130.00
131.00
132.00
133.00
134.00
135.00
136.00
137.00
138.00
139.00
140.00
141.00
142.00
143.00
144.00
145.00
146.00
147.00
148.00
149.00
150.00
151.00
152.00
153.00
154.00
155.00
156.00
157.00
158.00
159.00
160.00
161.00
162.00
163.00
164.00
165.00
166.00
167.00
168.00
169.00
170.00
171.00
172.00
173.00
174.00
175.00
176.00
177.00
178.00
179.00
180.00
426.50
418.10
408.00
398.20
387.80
377.20
366.30
355.10
343.30
331.70
319.90
307.80
296.10
283.80
271.50
260.20
248.60
238.10
227.60
217.80
208.20
199.80
191.60
184.20
177.50
171.40
166.20
161.40
157.20
153.60
150.20
147.50
144.80
142.40
140.20
138.00
136.20
134.10
132.10
130.10
128.10
126.00
123.90
121.70
119.20
116.70
114.40
111.80
109.40
107.00
104.20
101.70
99.05
96.33
93.87
91.27
88.74
86.01
83.48
80.99
78.28
75.78
73.11
70.64
67.99
65.37
62.76
60.06
57.36
54.66
51.92
49.12
46.29
43.47
40.63
37.74
34.91
32.16
29.43
26.67
23.96
21.34
18.78
16.36
14.05
11.86
9.92
8.16
6.43
4.76
3.21
1.75
0.82
0.25
0.15
0.14
0.14
0.14
0.15
0.16
0.17
0.18
0.19
0.20
0.21
0.22
0.23
0.24
0.25
0.26
0.27
0.28
0.29
0.30
0.31
0.32
0.33
0.34
0.36
0.37
0.38
0.39
0.40
0.41
0.42
0.43
0.44
0.44
0.45
0.46
0.47
0.48
0.49
0.50
0.51
0.51
0.52
0.53
0.54
0.54
0.55
0.55
0.56
0.57
0.57
0.58
0.58
0.58
0.59
0.59
0.60
0.60
0.60
0.60
0.61
0.61
0.61
0.61
0.61
0.61
0.61
0.61
0.61
0.61
0.61
0.61
0.61
0.61
0.61
0.61
0.61
0.61
0.61
0.60
0.60
0.60
0.59
0.59
0.59
0.58
0.57
428.50
419.40
409.90
401.30
391.00
381.10
370.90
359.40
348.40
337.20
325.40
314.00
302.10
290.10
278.40
266.60
255.60
244.70
234.00
223.90
214.20
205.50
197.40
189.80
182.50
176.00
170.40
165.10
160.50
156.50
153.10
149.80
146.80
144.50
141.90
139.70
137.60
135.50
133.40
131.50
129.40
127.40
125.20
122.80
120.40
117.80
115.30
112.70
110.10
107.50
105.00
102.30
99.51
96.80
94.17
91.52
88.87
86.11
83.50
80.95
78.25
75.67
73.00
70.45
67.74
65.12
62.50
59.91
57.28
54.52
51.82
49.01
46.23
43.45
40.61
37.81
35.01
32.28
29.52
26.81
24.15
21.54
19.01
16.54
14.27
12.11
10.17
8.37
6.61
4.96
3.39
1.86
0.89
0.29
0.13
0.14
0.14
0.15
0.16
0.17
0.18
0.19
0.19
0.20
0.21
0.22
0.23
0.24
0.25
0.26
0.27
0.28
0.29
0.30
0.31
0.32
0.33
0.34
0.35
0.36
0.38
0.39
0.39
0.40
0.41
0.42
0.43
0.44
0.45
0.46
0.47
0.48
0.49
0.50
0.51
0.51
0.52
0.53
0.54
0.54
0.55
0.56
0.56
0.57
0.58
0.58
0.58
0.59
0.59
0.60
0.60
0.60
0.60
0.60
0.60
0.60
0.60
0.60
0.60
0.60
0.60
0.60
0.60
0.59
0.60
0.59
0.59
0.59
0.59
0.59
0.58
0.58
0.58
0.58
0.58
0.58
0.57
0.57
0.57
0.57
0.57
426.80
418.60
410.60
401.40
392.30
382.70
372.50
361.80
351.00
340.20
329.20
316.90
305.80
294.10
282.90
271.60
260.40
249.30
238.90
229.00
219.10
210.00
201.50
193.70
186.30
179.80
173.70
168.40
163.70
159.30
155.30
151.90
148.60
146.10
143.30
140.90
138.70
136.60
134.50
132.20
130.20
128.00
125.60
123.30
121.00
118.60
116.10
113.40
110.70
108.00
105.30
102.60
99.91
97.13
94.22
91.51
88.80
85.91
83.23
80.59
77.78
75.04
72.37
69.67
66.99
64.42
61.71
59.00
56.28
53.56
50.93
48.17
45.39
42.57
39.81
37.03
34.32
31.59
28.91
26.25
23.62
21.10
18.55
16.14
13.94
11.82
9.90
8.11
6.36
4.70
3.10
1.67
0.78
0.22
0.12
0.12
0.12
0.13
0.13
0.14
0.15
0.16
0.16
0.17
0.18
0.19
0.20
0.21
0.22
0.23
0.24
0.24
0.26
0.27
0.28
0.28
0.29
0.31
0.32
0.33
0.33
0.35
0.36
0.37
0.38
0.38
0.39
0.40
0.41
0.42
0.43
0.44
0.45
0.46
0.47
0.47
0.48
0.49
0.50
0.51
0.51
0.52
0.52
0.53
0.54
0.54
0.54
0.55
0.56
0.56
0.57
0.57
0.58
0.58
0.58
0.58
0.58
0.58
0.59
0.59
0.59
0.59
0.59
0.59
0.59
0.59
0.59
0.59
0.59
0.59
0.59
0.59
0.59
0.59
0.59
0.59
0.59
0.58
0.58
0.57
0.56
428.00
420.60
413.00
404.20
395.90
386.80
377.00
366.90
356.90
346.70
335.90
324.60
313.40
302.10
290.50
279.70
268.50
257.60
247.00
237.30
227.00
217.80
209.20
200.80
193.10
185.80
179.30
173.50
168.50
163.40
158.90
155.00
151.70
148.80
145.80
143.10
140.70
138.20
135.90
133.50
131.40
129.10
126.90
124.50
122.10
119.80
117.00
114.30
111.50
108.70
105.90
103.20
100.40
97.48
94.80
91.90
88.98
86.17
83.38
80.49
77.71
74.97
72.14
69.41
66.73
63.98
61.36
58.65
56.00
53.28
50.53
47.80
45.10
42.34
39.60
36.86
34.14
31.49
28.88
26.22
23.61
21.14
18.69
16.30
14.06
11.95
10.06
8.30
6.50
4.84
3.23
1.78
0.85
0.26
0.11
0.12
0.13
0.13
0.14
0.15
0.16
0.16
0.17
0.18
0.19
0.19
0.20
0.21
0.22
0.23
0.24
0.25
0.26
0.27
0.28
0.29
0.30
0.31
0.32
0.33
0.34
0.34
0.36
0.37
0.38
0.39
0.39
0.40
0.41
0.42
0.43
0.44
0.45
0.46
0.47
0.48
0.48
0.49
0.50
0.51
0.51
0.52
0.52
0.53
0.54
0.54
0.55
0.56
0.56
0.57
0.57
0.58
0.58
0.58
0.58
0.58
0.58
0.58
0.58
0.58
0.58
0.58
0.58
0.58
0.58
0.58
0.58
0.58
0.58
0.58
0.58
0.58
0.57
0.57
0.57
0.57
0.56
0.56
0.56
0.56
0.56
426.80
420.50
413.60
405.50
397.60
389.60
379.80
370.50
361.00
350.90
340.50
330.30
319.10
308.20
297.40
286.00
275.30
264.90
253.80
244.00
234.10
224.60
215.40
206.90
198.90
191.50
184.30
178.30
172.30
167.30
162.70
158.40
154.20
150.90
147.80
144.70
142.00
139.50
136.90
134.50
132.20
129.90
127.40
124.90
122.30
120.00
117.40
114.70
112.00
109.10
106.30
103.60
100.80
97.70
94.81
92.01
89.05
86.09
83.11
80.23
77.16
74.43
71.67
68.66
65.87
63.19
60.39
57.62
54.84
52.15
49.42
46.70
43.92
41.21
38.55
35.83
33.12
30.52
27.94
25.41
22.84
20.39
18.01
15.72
13.55
11.48
9.64
7.91
6.18
4.46
2.91
1.60
0.76
0.20
0.11
0.11
0.11
0.11
0.11
0.12
0.13
0.13
0.14
0.15
0.16
0.16
0.17
0.18
0.19
0.20
0.21
0.22
0.22
0.23
0.24
0.25
0.26
0.27
0.28
0.29
0.30
0.31
0.32
0.33
0.33
0.34
0.35
0.36
0.37
0.38
0.39
0.40
0.41
0.42
0.43
0.43
0.44
0.45
0.46
0.47
0.48
0.48
0.49
0.49
0.50
0.51
0.51
0.52
0.53
0.53
0.54
0.54
0.55
0.55
0.55
0.56
0.56
0.56
0.56
0.56
0.57
0.57
0.57
0.57
0.58
0.58
0.58
0.58
0.58
0.58
0.58
0.58
0.58
0.58
0.58
0.58
0.58
0.58
0.57
0.57
0.56
428.10
422.00
415.60
408.80
401.30
393.80
385.10
376.70
367.60
358.10
348.10
338.70
327.70
317.60
306.80
295.80
285.40
274.80
264.10
254.00
244.40
234.20
224.90
215.90
207.80
199.80
192.50
185.60
179.10
173.30
168.10
163.10
158.70
154.50
151.10
147.40
144.20
141.20
138.80
136.10
133.50
131.10
128.50
126.00
123.50
121.00
118.20
115.40
112.60
109.80
107.00
104.10
101.30
98.38
95.40
92.38
89.36
86.38
83.40
80.35
77.42
74.42
71.49
68.53
65.70
62.82
59.98
57.29
54.44
51.61
48.90
46.12
43.39
40.71
37.96
35.31
32.69
30.12
27.55
25.02
22.52
20.12
17.82
15.53
13.42
11.39
9.58
7.88
6.14
4.48
2.97
1.67
0.80
0.23
0.10
0.11
0.11
0.12
0.12
0.13
0.13
0.14
0.15
0.15
0.16
0.17
0.18
0.18
0.19
0.20
0.21
0.22
0.23
0.23
0.24
0.25
0.26
0.27
0.28
0.29
0.30
0.31
0.31
0.33
0.33
0.34
0.35
0.36
0.37
0.38
0.39
0.40
0.41
0.42
0.42
0.43
0.44
0.45
0.46
0.46
0.47
0.48
0.49
0.49
0.50
0.51
0.51
0.52
0.53
0.53
0.54
0.54
0.55
0.55
0.56
0.56
0.56
0.56
0.56
0.56
0.56
0.56
0.56
0.56
0.56
0.56
0.56
0.56
0.56
0.56
0.56
0.56
0.56
0.56
0.56
0.56
0.56
0.56
0.56
0.56
0.56
427.00
422.40
416.40
410.00
403.90
396.20
389.00
380.70
371.80
363.40
354.70
344.40
335.10
325.30
314.40
304.20
294.40
283.40
273.20
263.20
253.20
243.40
233.60
224.90
215.80
207.60
199.90
192.40
185.90
179.30
173.40
168.00
163.10
158.50
154.10
150.40
146.60
143.50
140.40
137.50
134.60
131.90
129.10
126.40
123.80
121.20
118.50
115.60
113.00
110.10
107.40
104.30
101.50
98.56
95.39
92.55
89.38
86.29
83.14
80.16
76.89
74.00
70.90
67.85
64.96
61.96
59.09
56.21
53.34
50.50
47.72
44.93
42.17
39.44
36.78
34.09
31.47
28.90
26.42
23.94
21.48
19.11
16.88
14.70
12.64
10.69
8.96
7.31
5.64
4.01
2.63
1.46
0.68
0.17
0.10
0.09
0.09
0.09
0.10
0.10
0.11
0.11
0.12
0.12
0.13
0.14
0.15
0.15
0.16
0.17
0.18
0.18
0.19
0.20
0.21
0.22
0.22
0.23
0.24
0.25
0.26
0.27
0.28
0.28
0.30
0.31
0.31
0.33
0.33
0.34
0.35
0.36
0.37
0.38
0.39
0.39
0.40
0.41
0.42
0.43
0.44
0.44
0.45
0.46
0.47
0.47
0.48
0.49
0.49
0.50
0.50
0.51
0.51
0.52
0.52
0.52
0.53
0.54
0.54
0.54
0.54
0.54
0.55
0.55
0.55
0.55
0.55
0.56
0.55
0.55
0.55
0.55
0.56
0.56
0.56
0.56
0.56
0.56
0.56
0.56
0.56
428.20
423.00
418.50
413.60
408.00
401.60
394.80
387.20
379.60
371.60
363.20
354.60
344.80
335.30
326.30
316.30
306.00
296.10
286.40
275.50
265.90
255.70
246.20
237.00
228.20
218.90
210.80
203.00
195.20
188.40
181.80
175.50
169.80
164.60
159.90
155.30
150.80
147.20
143.60
140.00
136.90
133.70
130.80
127.90
125.00
122.20
119.70
116.70
113.60
110.50
107.70
104.80
101.90
98.86
95.84
92.70
89.62
86.47
83.32
80.20
77.06
74.00
70.93
67.80
64.82
61.75
58.78
55.89
52.98
50.05
47.22
44.42
41.64
38.92
36.19
33.51
30.90
28.40
25.88
23.42
21.01
18.70
16.47
14.32
12.32
10.40
8.69
7.11
5.48
3.96
2.64
1.50
0.71
0.20
0.09
0.09
0.10
0.10
0.11
0.11
0.12
0.12
0.13
0.13
0.14
0.15
0.15
0.16
0.17
0.17
0.18
0.19
0.19
0.20
0.21
0.22
0.23
0.24
0.24
0.25
0.26
0.27
0.28
0.29
0.30
0.30
0.31
0.32
0.33
0.34
0.35
0.36
0.37
0.38
0.39
0.39
0.40
0.41
0.42
0.43
0.44
0.44
0.45
0.46
0.47
0.48
0.48
0.49
0.49
0.50
0.51
0.51
0.52
0.52
0.53
0.53
0.54
0.54
0.54
0.54
0.55
0.55
0.56
0.56
0.56
0.56
0.56
0.56
0.56
0.56
0.56
0.56
0.56
0.56
0.56
0.56
0.56
0.56
0.56
0.56
0.56
427.40
423.90
419.30
415.10
410.30
404.50
398.70
392.40
385.20
377.90
370.30
362.30
353.40
344.30
335.30
326.50
316.30
307.00
296.70
287.10
277.30
267.50
258.10
248.20
239.20
230.30
221.20
213.20
205.10
197.70
190.40
183.60
177.20
171.30
165.80
160.50
155.60
151.10
146.90
143.10
139.10
135.80
132.40
129.30
126.00
122.90
119.80
116.70
113.70
110.80
107.80
104.60
101.70
98.62
95.48
92.37
89.11
85.88
82.85
79.78
76.41
73.44
70.17
67.11
63.90
60.91
57.88
54.85
51.90
49.01
46.19
43.36
40.56
37.76
35.12
32.44
29.82
27.29
24.84
22.43
20.07
17.82
15.61
13.50
11.57
9.72
8.05
6.52
4.98
3.58
2.37
1.32
0.59
0.15
0.08
0.08
0.08
0.08
0.08
0.08
0.09
0.10
0.10
0.11
0.11
0.12
0.12
0.13
0.14
0.14
0.15
0.16
0.16
0.17
0.18
0.18
0.19
0.21
0.21
0.22
0.23
0.23
0.24
0.25
0.26
0.27
0.28
0.28
0.29
0.30
0.31
0.32
0.33
0.33
0.35
0.35
0.36
0.37
0.38
0.39
0.40
0.40
0.41
0.42
0.43
0.43
0.44
0.45
0.46
0.46
0.47
0.48
0.48
0.49
0.49
0.50
0.50
0.51
0.51
0.51
0.52
0.52
0.52
0.53
0.53
0.53
0.54
0.54
0.54
0.54
0.54
0.54
0.55
0.55
0.55
0.55
0.55
0.55
0.55
0.55
0.55
426.90
425.10
421.60
418.80
413.90
409.70
404.40
399.20
392.70
386.50
379.40
371.80
364.00
356.10
347.70
338.90
329.50
320.70
311.10
301.90
291.90
282.40
273.40
263.50
254.00
244.80
236.10
226.90
218.70
210.30
202.50
195.50
188.20
181.60
175.20
169.20
163.30
158.10
153.20
148.60
144.00
140.10
135.90
132.00
128.50
125.10
121.60
118.20
114.80
111.50
108.20
105.10
101.80
98.63
95.47
92.21
89.04
85.75
82.61
79.42
76.09
73.02
69.87
66.70
63.58
60.54
57.44
54.51
51.60
48.73
45.76
42.99
40.17
37.44
34.74
32.06
29.51
26.97
24.50
22.11
19.81
17.56
15.39
13.29
11.37
9.56
7.90
6.41
4.91
3.56
2.41
1.37
0.63
0.17
0.08
0.08
0.08
0.09
0.09
0.10
0.10
0.11
0.11
0.12
0.13
0.13
0.13
0.14
0.15
0.15
0.16
0.17
0.17
0.18
0.19
0.19
0.20
0.21
0.21
0.22
0.23
0.24
0.24
0.25
0.26
0.27
0.28
0.29
0.29
0.30
0.31
0.32
0.33
0.34
0.35
0.35
0.36
0.37
0.38
0.39
0.40
0.41
0.41
0.42
0.43
0.43
0.44
0.45
0.46
0.46
0.47
0.48
0.48
0.49
0.50
0.50
0.51
0.51
0.52
0.52
0.53
0.53
0.53
0.54
0.54
0.54
0.55
0.55
0.55
0.55
0.56
0.56
0.56
0.56
0.56
0.56
0.56
0.56
0.56
0.56
0.55
427.00
426.00
423.20
421.10
417.30
413.70
409.40
404.70
399.20
394.30
387.70
380.60
373.70
366.50
358.90
351.00
342.50
333.60
324.50
315.20
306.50
297.00
287.70
277.90
268.80
259.70
250.80
241.70
232.70
224.20
216.10
208.00
200.00
192.90
185.80
178.80
172.80
166.60
160.80
155.20
150.10
145.40
140.50
136.20
132.10
127.80
123.90
120.10
116.40
112.70
109.20
105.70
102.20
98.70
95.52
92.07
88.74
85.37
82.00
78.70
75.57
72.27
69.14
65.83
62.82
59.78
56.74
53.69
50.71
47.83
44.99
42.20
39.39
36.62
34.01
31.36
28.82
26.31
23.85
21.48
19.21
16.98
14.82
12.81
10.91
9.14
7.50
6.04
4.61
3.35
2.23
1.22
0.53
0.14
0.08
0.08
0.08
0.08
0.08
0.08
0.08
0.08
0.09
0.09
0.10
0.10
0.11
0.11
0.12
0.12
0.13
0.14
0.14
0.15
0.16
0.16
0.17
0.18
0.18
0.19
0.20
0.20
0.21
0.22
0.23
0.24
0.24
0.25
0.26
0.27
0.28
0.28
0.29
0.30
0.31
0.32
0.33
0.33
0.34
0.35
0.36
0.37
0.38
0.39
0.39
0.40
0.41
0.42
0.42
0.43
0.44
0.45
0.45
0.46
0.46
0.47
0.47
0.48
0.49
0.49
0.49
0.50
0.51
0.51
0.51
0.52
0.52
0.52
0.53
0.53
0.53
0.54
0.54
0.54
0.54
0.55
0.55
0.55
0.55
0.55
0.55
427.50
426.30
425.30
423.60
421.20
418.50
415.90
411.60
407.10
402.10
397.60
392.20
385.40
379.20
372.70
364.60
357.80
349.00
341.20
332.20
323.70
315.20
305.70
296.70
287.60
278.40
269.10
259.90
251.20
242.20
233.50
224.80
216.60
208.40
200.90
193.50
186.50
179.40
173.00
166.40
160.60
154.60
149.20
144.10
138.90
134.00
129.40
125.00
121.00
116.70
112.50
108.20
104.50
100.70
97.05
93.37
89.79
86.27
82.88
79.42
76.00
72.80
69.45
66.29
63.13
60.01
56.92
53.98
51.01
48.12
45.26
42.47
39.64
36.90
34.23
31.58
29.01
26.54
24.07
21.71
19.40
17.17
15.03
13.00
11.06
9.26
7.65
6.18
4.75
3.46
2.35
1.33
0.59
0.16
0.07
0.08
0.08
0.08
0.08
0.09
0.09
0.10
0.10
0.10
0.11
0.12
0.12
0.12
0.13
0.13
0.14
0.15
0.15
0.16
0.17
0.17
0.18
0.18
0.19
0.20
0.20
0.21
0.22
0.23
0.23
0.24
0.25
0.26
0.27
0.27
0.28
0.29
0.29
0.30
0.31
0.32
0.33
0.34
0.34
0.35
0.36
0.37
0.38
0.39
0.39
0.40
0.41
0.42
0.43
0.43
0.44
0.45
0.46
0.46
0.47
0.47
0.48
0.49
0.49
0.50
0.51
0.51
0.52
0.52
0.52
0.53
0.54
0.54
0.54
0.54
0.55
0.55
0.55
0.55
0.55
0.55
0.55
0.55
0.55
0.55
0.55
427.20
427.00
427.30
426.50
424.90
422.90
421.20
418.10
414.00
411.00
406.20
401.50
396.10
390.90
384.40
377.90
370.60
363.80
356.20
348.50
339.50
331.60
322.70
314.70
305.40
296.30
287.30
278.60
269.50
260.20
251.00
242.50
234.20
225.60
217.50
209.50
201.40
193.90
186.70
179.50
172.70
165.90
159.90
154.00
148.00
142.60
137.00
132.00
127.00
122.20
117.40
113.10
108.90
104.50
100.30
96.24
92.46
88.71
84.76
81.23
77.66
74.14
70.63
67.32
64.06
60.88
57.78
54.67
51.57
48.57
45.61
42.75
39.93
37.15
34.40
31.76
29.11
26.58
24.10
21.72
19.37
17.13
14.97
12.91
10.98
9.16
7.53
6.04
4.63
3.33
2.21
1.23
0.52
0.13
0.07
0.07
0.07
0.07
0.07
0.07
0.07
0.08
0.08
0.08
0.09
0.09
0.10
0.10
0.11
0.11
0.11
0.12
0.13
0.13
0.14
0.14
0.15
0.15
0.16
0.17
0.17
0.18
0.18
0.19
0.20
0.21
0.21
0.23
0.23
0.24
0.24
0.25
0.26
0.27
0.28
0.29
0.29
0.30
0.31
0.32
0.33
0.33
0.34
0.35
0.36
0.37
0.38
0.39
0.39
0.40
0.41
0.42
0.42
0.43
0.43
0.45
0.45
0.46
0.46
0.47
0.48
0.48
0.49
0.49
0.50
0.50
0.51
0.51
0.52
0.52
0.52
0.53
0.54
0.54
0.54
0.55
0.55
0.55
0.55
0.55
0.55
427.20
428.80
429.00
429.20
429.30
428.20
426.70
424.90
423.00
419.70
416.20
412.60
408.50
403.90
398.70
392.30
386.60
380.20
373.80
366.20
358.90
351.70
342.80
335.30
326.40
317.70
309.70
300.60
291.70
282.50
273.90
264.70
256.10
247.60
238.50
230.10
222.20
213.90
206.40
198.20
190.90
183.40
176.30
169.70
163.10
156.50
150.30
144.40
138.70
133.10
128.00
122.80
117.80
112.90
107.90
103.40
98.93
94.62
90.46
86.48
82.55
78.79
74.95
71.31
67.80
64.28
60.90
57.66
54.41
51.24
48.17
45.10
42.06
39.15
36.30
33.43
30.69
28.10
25.50
22.95
20.50
18.15
15.89
13.71
11.67
9.77
8.05
6.51
4.98
3.62
2.47
1.40
0.62
0.16
0.07
0.07
0.08
0.08
0.08
0.08
0.09
0.09
0.10
0.10
0.10
0.11
0.11
0.11
0.12
0.12
0.13
0.13
0.14
0.14
0.15
0.15
0.16
0.16
0.17
0.18
0.18
0.19
0.20
0.20
0.21
0.22
0.22
0.23
0.24
0.25
0.25
0.26
0.27
0.28
0.29
0.29
0.30
0.31
0.32
0.32
0.33
0.34
0.35
0.36
0.36
0.37
0.38
0.39
0.40
0.41
0.41
0.42
0.43
0.44
0.44
0.45
0.46
0.46
0.47
0.48
0.49
0.49
0.50
0.50
0.51
0.51
0.52
0.52
0.53
0.53
0.54
0.54
0.55
0.56
0.56
0.56
0.56
0.56
0.56
0.56
0.56
426.90
429.20
430.70
432.40
432.60
432.90
432.50
431.50
430.20
428.50
425.90
423.60
420.00
415.40
411.30
406.50
401.10
395.50
390.20
383.50
376.70
370.00
362.10
354.10
346.60
338.30
329.90
321.70
312.70
304.40
295.90
286.70
277.80
269.20
260.50
251.70
243.50
235.20
226.80
218.60
210.60
203.00
195.40
188.00
180.80
173.40
166.80
160.00
153.80
147.60
141.40
135.60
129.90
124.40
119.10
114.10
109.10
104.10
99.53
94.75
90.37
86.08
81.81
77.74
73.85
69.93
66.06
62.51
58.99
55.46
51.93
48.53
45.28
42.09
38.93
35.84
32.84
29.97
27.18
24.43
21.75
19.24
16.80
14.47
12.32
10.27
8.42
6.75
5.17
3.71
2.46
1.34
0.58
0.13
0.07
0.07
0.07
0.07
0.07
0.07
0.07
0.07
0.07
0.08
0.08
0.08
0.09
0.09
0.10
0.10
0.11
0.11
0.11
0.12
0.12
0.13
0.14
0.14
0.14
0.15
0.16
0.16
0.17
0.17
0.18
0.19
0.19
0.20
0.21
0.22
0.23
0.23
0.24
0.24
0.25
0.26
0.27
0.28
0.28
0.29
0.30
0.31
0.32
0.33
0.33
0.34
0.35
0.36
0.37
0.38
0.38
0.39
0.39
0.41
0.41
0.42
0.43
0.43
0.44
0.45
0.46
0.46
0.47
0.48
0.48
0.49
0.49
0.50
0.51
0.51
0.51
0.52
0.53
0.53
0.54
0.54
0.55
0.55
0.56
0.56
0.56
426.90
430.10
432.80
435.30
436.70
437.60
438.40
438.50
437.90
437.00
436.10
433.50
432.10
429.00
425.20
421.70
417.60
413.50
407.90
402.30
396.60
390.40
383.00
376.30
369.50
361.40
353.70
345.70
338.00
329.50
321.10
312.40
303.60
295.50
286.60
278.00
269.60
261.10
252.80
244.10
236.10
228.00
220.20
212.10
205.00
196.70
189.50
182.50
175.20
168.60
161.80
155.40
149.10
142.70
136.80
130.90
125.50
119.90
114.30
108.80
103.60
98.61
93.83
89.06
84.52
79.97
75.57
71.42
67.22
63.22
59.20
55.32
51.56
47.86
44.23
40.71
37.31
34.02
30.82
27.72
24.69
21.84
19.07
16.43
14.00
11.69
9.63
7.78
5.94
4.34
2.92
1.63
0.73
0.20
0.07
0.07
0.07
0.07
0.08
0.08
0.08
0.09
0.09
0.09
0.10
0.10
0.11
0.11
0.11
0.12
0.12
0.13
0.13
0.13
0.14
0.15
0.15
0.15
0.16
0.16
0.17
0.18
0.18
0.19
0.19
0.20
0.20
0.21
0.22
0.23
0.23
0.24
0.24
0.25
0.26
0.27
0.27
0.28
0.29
0.30
0.31
0.31
0.32
0.33
0.34
0.35
0.36
0.36
0.37
0.38
0.39
0.40
0.40
0.41
0.42
0.43
0.44
0.44
0.45
0.46
0.46
0.47
0.48
0.49
0.49
0.50
0.51
0.51
0.52
0.52
0.53
0.54
0.54
0.55
0.55
0.56
0.57
0.57
0.57
0.57
0.57
427.80
431.20
434.70
437.80
440.30
442.10
443.80
444.80
445.30
445.10
445.10
444.90
443.00
441.00
438.60
436.60
432.50
429.00
425.00
420.20
414.60
409.30
403.50
396.80
390.50
383.30
375.70
368.40
361.30
353.10
345.10
336.90
328.90
320.60
312.00
303.50
295.60
287.10
278.60
270.10
262.40
254.20
246.20
238.10
230.10
222.40
214.90
207.20
199.70
192.70
185.40
178.40
171.30
164.90
158.30
151.70
145.20
139.00
132.80
126.80
121.00
115.10
109.40
103.80
98.43
93.20
87.99
82.83
77.93
73.21
68.54
63.89
59.53
55.18
50.82
46.69
42.61
38.81
35.13
31.54
28.00
24.67
21.51
18.51
15.71
13.03
10.70
8.58
6.56
4.71
3.10
1.66
0.73
0.16
0.07
0.07
0.07
0.07
0.07
0.07
0.07
0.07
0.07
0.07
0.08
0.08
0.08
0.09
0.09
0.09
0.10
0.10
0.11
0.11
0.11
0.12
0.12
0.13
0.14
0.14
0.15
0.15
0.15
0.16
0.17
0.17
0.18
0.18
0.19
0.20
0.21
0.21
0.22
0.23
0.23
0.24
0.25
0.26
0.27
0.27
0.28
0.29
0.29
0.30
0.31
0.32
0.33
0.33
0.34
0.35
0.36
0.37
0.38
0.38
0.39
0.40
0.41
0.42
0.42
0.43
0.44
0.45
0.46
0.46
0.47
0.48
0.48
0.49
0.50
0.50
0.51
0.52
0.52
0.53
0.54
0.54
0.55
0.55
0.56
0.56
0.58
426.90
431.90
436.20
439.90
443.40
446.40
448.80
451.10
452.70
453.50
454.40
454.80
454.60
453.90
452.40
450.90
448.50
445.60
442.30
438.50
434.00
429.40
424.50
419.00
413.00
407.00
400.40
393.70
386.50
379.30
371.80
364.30
356.90
348.90
341.00
333.00
325.30
316.90
309.00
301.20
293.20
285.00
277.30
269.20
261.20
253.50
245.50
238.20
230.60
222.80
215.40
208.00
200.70
193.50
186.20
179.10
172.10
165.00
158.30
151.40
144.40
137.70
130.80
124.60
118.10
111.70
105.30
99.31
93.48
87.71
82.10
76.59
71.19
65.87
60.72
55.85
50.98
46.38
41.90
37.54
33.45
29.48
25.68
22.05
18.71
15.64
12.86
10.32
7.93
5.79
3.90
2.14
0.94
0.25
0.07
0.07
0.07
0.07
0.08
0.08
0.08
0.09
0.09
0.09
0.09
0.10
0.10
0.10
0.11
0.11
0.11
0.12
0.12
0.13
0.13
0.14
0.14
0.15
0.15
0.15
0.16
0.17
0.17
0.17
0.18
0.19
0.19
0.20
0.20
0.21
0.22
0.22
0.23
0.24
0.24
0.25
0.26
0.26
0.27
0.28
0.29
0.29
0.30
0.31
0.32
0.33
0.34
0.34
0.35
0.36
0.37
0.38
0.39
0.39
0.40
0.41
0.42
0.43
0.44
0.44
0.45
0.46
0.47
0.48
0.48
0.49
0.50
0.50
0.51
0.52
0.53
0.53
0.54
0.55
0.56
0.56
0.57
0.58
0.58
0.58
0.58
427.30
433.60
438.70
443.20
447.40
451.30
455.10
457.80
461.00
462.10
463.70
465.00
466.50
465.80
465.70
464.90
463.50
461.70
459.50
456.70
453.20
449.40
445.30
440.10
435.50
429.20
423.50
417.40
411.30
404.80
397.60
390.60
383.20
376.10
368.80
361.50
354.30
346.00
339.10
331.30
323.70
316.40
308.50
301.10
293.60
286.20
278.40
270.60
262.90
255.60
248.00
240.60
232.90
225.10
217.50
209.70
202.00
194.30
186.60
178.60
171.10
163.20
155.50
148.10
140.40
133.20
125.90
118.50
111.80
104.50
97.68
91.09
84.60
78.09
71.90
66.00
60.11
54.70
49.28
44.08
39.16
34.40
29.89
25.64
21.73
18.09
14.76
11.81
9.06
6.59
4.35
2.27
0.98
0.21
0.07
0.07
0.07
0.07
0.07
0.07
0.07
0.07
0.07
0.07
0.07
0.08
0.08
0.08
0.09
0.09
0.09
0.10
0.10
0.11
0.11
0.12
0.12
0.12
0.13
0.13
0.14
0.14
0.14
0.15
0.16
0.16
0.17
0.18
0.18
0.18
0.19
0.20
0.21
0.21
0.22
0.22
0.23
0.24
0.25
0.25
0.26
0.27
0.28
0.28
0.29
0.30
0.31
0.32
0.33
0.33
0.34
0.35
0.36
0.37
0.38
0.39
0.39
0.40
0.41
0.42
0.43
0.43
0.44
0.45
0.46
0.47
0.48
0.48
0.49
0.50
0.50
0.51
0.52
0.53
0.54
0.55
0.55
0.56
0.57
0.58
0.58
426.40
433.50
439.30
445.00
449.50
455.00
459.20
463.20
467.00
469.70
472.60
474.80
477.30
478.30
478.80
479.50
478.10
477.30
476.30
474.40
472.40
469.30
466.10
462.50
457.60
452.40
448.10
442.80
437.00
431.20
425.60
419.10
413.10
406.30
399.50
392.50
386.00
378.50
371.70
364.80
357.80
350.80
344.20
336.80
329.80
322.60
315.50
308.50
301.50
293.70
285.90
278.40
270.50
263.00
255.10
247.10
238.80
230.20
221.90
213.20
204.20
195.70
186.90
178.30
169.30
160.50
151.90
143.60
135.20
126.60
118.50
110.50
102.40
94.73
87.27
80.03
73.05
66.36
59.76
53.50
47.53
41.83
36.44
31.22
26.48
22.04
18.11
14.56
11.25
8.27
5.60
2.98
1.29
0.34
0.07
0.07
0.07
0.07
0.08
0.08
0.08
0.08
0.09
0.09
0.09
0.09
0.10
0.10
0.10
0.11
0.11
0.12
0.12
0.12
0.13
0.13
0.14
0.14
0.14
0.15
0.15
0.16
0.16
0.17
0.17
0.18
0.18
0.19
0.19
0.20
0.20
0.21
0.22
0.22
0.23
0.24
0.24
0.25
0.26
0.26
0.27
0.28
0.29
0.29
0.30
0.31
0.32
0.33
0.34
0.34
0.35
0.36
0.37
0.38
0.39
0.39
0.40
0.41
0.42
0.43
0.44
0.45
0.45
0.46
0.47
0.48
0.49
0.50
0.51
0.51
0.52
0.53
0.54
0.55
0.56
0.56
0.57
0.58
0.58
0.58
0.58
427.00
434.50
440.20
446.70
453.10
459.20
463.60
468.60
473.00
477.70
481.10
484.30
487.00
488.70
490.50
492.10
493.20
493.10
491.70
491.10
489.60
487.00
485.20
482.00
478.50
474.70
471.00
466.40
461.30
456.00
450.50
444.80
440.20
433.80
427.80
421.60
415.30
409.70
403.00
396.90
391.30
384.60
378.60
372.10
365.50
358.60
352.00
345.70
338.60
331.60
324.00
317.00
309.20
301.30
293.00
285.00
276.30
267.20
257.90
248.90
239.10
229.40
219.50
209.60
199.60
189.80
179.60
169.40
159.90
149.80
140.10
130.60
121.30
112.20
103.50
94.77
86.24
78.20
70.50
63.11
56.26
49.42
42.58
36.50
30.86
25.61
20.97
16.83
12.99
9.48
6.29
3.20
1.36
0.29
0.07
0.07
0.07
0.07
0.07
0.07
0.07
0.07
0.07
0.07
0.07
0.08
0.08
0.08
0.08
0.08
0.09
0.09
0.10
0.10
0.11
0.11
0.11
0.12
0.12
0.13
0.13
0.13
0.14
0.14
0.15
0.15
0.16
0.16
0.17
0.17
0.18
0.18
0.19
0.20
0.21
0.21
0.22
0.22
0.23
0.24
0.25
0.25
0.26
0.27
0.28
0.28
0.29
0.30
0.31
0.32
0.33
0.33
0.34
0.36
0.36
0.37
0.38
0.39
0.40
0.40
0.41
0.42
0.43
0.44
0.45
0.46
0.46
0.48
0.48
0.49
0.50
0.51
0.52
0.53
0.54
0.55
0.55
0.56
0.57
0.58
0.58
425.60
433.70
441.00
448.20
455.30
461.50
467.60
474.00
479.50
484.00
488.80
492.50
496.40
499.20
502.20
504.60
506.40
507.20
507.90
507.60
507.50
506.60
504.40
502.60
499.70
497.40
493.20
489.70
485.50
481.80
477.50
472.40
467.80
462.70
458.10
452.70
447.30
441.60
436.40
431.20
425.30
419.70
413.60
408.30
402.70
396.80
390.80
384.40
378.50
371.60
364.80
358.10
350.40
343.00
334.60
326.00
317.20
307.30
297.90
287.70
277.70
267.00
256.00
245.00
233.30
222.70
211.30
199.70
188.40
176.90
165.80
155.00
144.00
133.40
123.20
112.90
102.70
93.08
83.89
75.02
66.62
58.60
50.94
43.76
37.08
30.90
25.34
20.40
15.83
11.75
8.04
4.20
1.75
0.54
0.07
0.07
0.07
0.07
0.07
0.08
0.08
0.08
0.08
0.09
0.09
0.09
0.10
0.10
0.10
0.11
0.11
0.11
0.12
0.12
0.12
0.13
0.13
0.13
0.14
0.14
0.15
0.15
0.16
0.16
0.17
0.17
0.18
0.18
0.18
0.19
0.19
0.20
0.21
0.21
0.22
0.23
0.23
0.24
0.25
0.25
0.26
0.27
0.28
0.28
0.29
0.30
0.30
0.31
0.32
0.33
0.34
0.35
0.36
0.37
0.38
0.39
0.39
0.40
0.41
0.42
0.43
0.44
0.45
0.46
0.46
0.47
0.48
0.49
0.50
0.51
0.52
0.53
0.54
0.55
0.56
0.57
0.58
0.58
0.59
0.59
0.59
427.30
435.80
443.80
451.40
458.00
465.70
472.60
478.40
485.30
491.30
496.30
501.90
505.30
509.10
512.70
516.10
518.90
520.90
522.80
523.50
523.60
523.30
522.40
522.20
519.90
517.90
515.20
512.50
509.40
505.60
502.10
497.90
493.90
488.70
484.20
480.00
475.30
470.70
465.90
461.30
456.20
451.00
445.90
440.40
435.30
429.60
424.60
419.00
413.10
406.20
399.30
393.40
385.80
378.00
370.00
360.90
351.70
342.00
331.80
321.90
310.00
299.20
287.30
274.80
262.80
250.20
237.40
225.40
212.60
199.90
187.40
174.90
162.40
150.50
138.80
127.20
116.10
105.20
94.62
84.75
75.06
65.90
57.73
49.59
41.44
34.48
28.21
22.60
17.52
13.00
8.72
4.32
1.81
0.44
0.08
0.07
0.07
0.07
0.07
0.07
0.07
0.07
0.07
0.08
0.08
0.08
0.08
0.08
0.08
0.09
0.09
0.09
0.10
0.10
0.10
0.11
0.11
0.11
0.12
0.12
0.13
0.13
0.14
0.14
0.14
0.15
0.15
0.16
0.17
0.17
0.17
0.18
0.18
0.19
0.20
0.20
0.21
0.22
0.22
0.23
0.24
0.24
0.25
0.26
0.27
0.28
0.28
0.29
0.30
0.31
0.32
0.33
0.33
0.34
0.35
0.36
0.37
0.38
0.39
0.40
0.40
0.42
0.42
0.43
0.44
0.45
0.46
0.47
0.48
0.49
0.50
0.51
0.52
0.53
0.54
0.55
0.56
0.57
0.58
0.58
0.59
426.50
434.70
444.20
451.50
460.30
467.70
475.20
482.70
488.70
496.00
501.90
507.80
513.50
517.90
522.20
526.50
529.70
532.50
535.10
536.60
538.00
539.60
539.40
539.20
538.20
536.60
535.50
533.60
531.00
528.60
524.90
521.70
517.90
514.90
510.30
506.30
501.70
497.20
493.20
488.20
483.60
479.50
474.40
470.40
464.80
459.20
454.50
448.70
443.20
436.60
430.50
422.80
416.20
408.10
400.00
390.80
381.30
371.60
361.00
349.90
338.30
326.70
314.10
301.30
288.20
274.90
261.40
247.80
234.00
220.50
206.80
193.30
179.80
166.70
153.70
141.00
129.00
117.00
105.00
94.18
83.56
73.51
63.95
54.80
46.53
38.76
31.90
25.63
19.98
15.00
10.32
5.43
2.20
0.77
0.07
0.07
0.07
0.08
0.08
0.08
0.08
0.08
0.09
0.09
0.09
0.09
0.10
0.10
0.10
0.10
0.11
0.11
0.12
0.12
0.12
0.13
0.13
0.13
0.13
0.14
0.14
0.15
0.15
0.16
0.16
0.17
0.17
0.18
0.18
0.18
0.19
0.20
0.20
0.21
0.21
0.22
0.23
0.23
0.24
0.24
0.25
0.26
0.27
0.27
0.28
0.29
0.30
0.30
0.31
0.32
0.33
0.34
0.35
0.36
0.37
0.38
0.38
0.39
0.40
0.41
0.42
0.43
0.44
0.45
0.46
0.47
0.48
0.49
0.50
0.51
0.52
0.53
0.54
0.55
0.56
0.57
0.58
0.59
0.59
0.59
0.59
427.20
437.00
446.10
454.60
462.90
470.80
479.60
487.90
494.70
501.50
508.60
514.90
520.50
526.60
531.30
536.30
540.70
544.00
547.40
549.50
552.30
552.70
553.80
554.60
555.10
553.90
553.50
551.70
549.80
547.90
545.30
541.40
538.50
534.80
531.70
527.10
523.30
519.50
515.30
510.70
506.10
501.60
496.50
491.90
486.70
480.70
474.90
469.50
463.40
456.00
449.70
442.10
435.10
426.20
417.80
408.60
398.40
388.00
377.50
365.70
353.50
341.20
328.10
315.00
301.10
287.10
272.90
258.60
244.50
230.00
216.00
201.60
187.50
173.60
160.30
147.20
134.30
121.50
109.60
97.91
86.82
76.37
66.04
57.31
48.65
39.99
32.69
26.18
20.42
15.23
10.32
5.17
2.15
0.62
0.09
0.08
0.08
0.08
0.08
0.08
0.08
0.08
0.08
0.08
0.08
0.08
0.08
0.08
0.08
0.09
0.09
0.09
0.10
0.10
0.11
0.11
0.11
0.11
0.12
0.12
0.12
0.13
0.13
0.14
0.14
0.15
0.15
0.15
0.16
0.17
0.17
0.18
0.18
0.19
0.19
0.20
0.21
0.21
0.22
0.22
0.23
0.24
0.24
0.25
0.26
0.26
0.27
0.28
0.29
0.30
0.31
0.32
0.33
0.34
0.34
0.36
0.36
0.37
0.38
0.39
0.40
0.41
0.42
0.43
0.44
0.45
0.46
0.47
0.48
0.49
0.50
0.51
0.52
0.53
0.54
0.55
0.56
0.57
0.58
0.59
0.60
426.40
435.90
445.30
454.80
463.80
472.60
480.60
488.60
496.80
504.90
512.80
518.80
526.20
532.00
538.00
543.40
548.40
552.70
556.20
559.90
562.20
564.00
566.70
567.60
568.40
567.80
567.60
566.70
566.20
564.10
562.00
559.40
557.00
553.50
550.30
546.30
542.40
537.90
533.70
529.00
523.50
518.50
512.70
507.70
501.80
496.30
490.20
483.20
476.40
469.10
461.60
452.90
444.30
436.00
426.60
417.00
406.40
395.90
383.80
371.80
359.40
347.10
333.80
320.10
305.90
292.00
277.40
263.20
248.80
234.30
219.50
205.30
191.40
177.20
163.20
150.00
137.10
124.70
112.40
100.00
88.81
78.02
67.96
58.28
49.40
41.21
33.96
27.35
21.33
16.02
11.14
6.01
2.50
0.85
0.07
0.08
0.08
0.08
0.08
0.08
0.08
0.09
0.09
0.09
0.09
0.10
0.10
0.10
0.11
0.11
0.11
0.11
0.11
0.12
0.12
0.13
0.13
0.13
0.14
0.14
0.14
0.15
0.15
0.15
0.16
0.16
0.17
0.17
0.18
0.18
0.19
0.19
0.20
0.20
0.21
0.22
0.22
0.23
0.23
0.24
0.25
0.25
0.26
0.27
0.28
0.28
0.29
0.30
0.31
0.32
0.33
0.33
0.34
0.35
0.36
0.37
0.38
0.39
0.40
0.41
0.42
0.43
0.44
0.44
0.45
0.46
0.48
0.49
0.49
0.51
0.51
0.53
0.54
0.55
0.56
0.57
0.58
0.59
0.60
0.61
0.61
427.00
436.90
446.90
456.50
465.60
475.40
484.20
493.00
500.80
509.10
516.50
524.40
531.80
538.50
544.60
550.30
555.40
560.40
564.60
568.30
571.60
574.40
576.50
578.00
579.30
579.50
580.00
579.70
578.80
577.30
575.40
572.40
569.80
566.70
563.00
559.00
554.60
549.90
545.10
539.70
534.20
528.60
522.60
515.90
508.90
502.70
495.10
486.90
479.40
471.10
462.30
453.60
444.10
434.70
423.90
413.20
402.20
390.70
379.00
366.20
353.10
339.30
325.60
311.90
297.70
284.00
269.60
255.00
241.00
226.40
212.10
197.90
184.40
170.30
157.10
143.90
131.20
119.00
107.00
95.65
84.67
74.42
64.55
55.99
47.48
38.97
31.85
25.64
19.94
14.87
10.25
5.26
2.22
0.65
0.10
0.08
0.08
0.08
0.08
0.08
0.08
0.08
0.08
0.08
0.08
0.08
0.08
0.08
0.08
0.09
0.09
0.09
0.10
0.10
0.10
0.11
0.11
0.11
0.12
0.12
0.12
0.13
0.13
0.14
0.14
0.14
0.15
0.15
0.16
0.17
0.17
0.17
0.18
0.18
0.19
0.20
0.20
0.21
0.21
0.22
0.23
0.23
0.24
0.25
0.26
0.27
0.27
0.28
0.29
0.29
0.30
0.31
0.32
0.33
0.34
0.35
0.36
0.37
0.38
0.39
0.39
0.40
0.42
0.43
0.44
0.45
0.45
0.47
0.48
0.49
0.49
0.51
0.52
0.53
0.54
0.55
0.57
0.58
0.59
0.60
0.61
426.20
435.80
446.50
456.50
465.80
475.20
484.30
493.40
502.10
511.00
518.50
526.00
533.30
540.80
547.60
554.00
559.60
565.10
569.50
573.70
577.70
580.50
583.10
585.40
586.70
587.50
587.30
587.60
587.60
586.30
584.80
581.80
579.20
575.80
571.70
568.10
562.60
558.90
552.70
547.00
540.60
534.20
526.70
519.60
512.00
504.40
496.00
487.10
478.40
468.90
460.10
449.70
438.80
428.10
416.50
405.10
393.00
380.90
367.80
355.20
341.50
327.90
314.20
299.70
285.90
272.00
257.40
243.30
229.40
215.60
201.50
188.10
174.70
161.60
149.00
136.40
124.60
112.90
101.10
90.31
80.11
70.27
61.00
52.35
44.33
37.02
30.35
24.53
19.08
14.30
10.05
5.56
2.37
0.85
0.07
0.08
0.07
0.08
0.08
0.08
0.08
0.09
0.09
0.09
0.09
0.10
0.10
0.10
0.10
0.11
0.11
0.11
0.11
0.12
0.12
0.13
0.13
0.13
0.14
0.14
0.14
0.15
0.15
0.16
0.16
0.16
0.17
0.17
0.18
0.18
0.19
0.19
0.20
0.20
0.20
0.21
0.22
0.22
0.23
0.24
0.24
0.25
0.26
0.26
0.27
0.28
0.29
0.30
0.30
0.31
0.32
0.33
0.34
0.35
0.36
0.37
0.38
0.39
0.39
0.40
0.41
0.42
0.43
0.44
0.45
0.46
0.47
0.48
0.49
0.50
0.51
0.53
0.54
0.55
0.57
0.58
0.59
0.60
0.61
0.61
0.61
426.90
437.40
447.80
457.40
467.30
476.60
486.30
495.90
505.00
512.80
521.40
529.40
536.70
544.40
550.10
556.50
562.50
568.60
573.50
576.90
580.90
584.20
586.90
589.30
591.00
591.20
592.20
591.90
591.50
590.20
588.20
585.30
582.70
579.50
575.90
570.20
565.70
559.80
553.80
547.40
540.50
533.00
525.30
517.70
508.90
500.10
490.60
480.80
470.90
460.00
449.50
438.20
426.80
414.80
403.10
390.10
377.20
363.90
350.40
337.00
322.70
309.00
295.40
280.50
266.60
252.50
238.80
225.10
211.60
198.10
184.90
172.00
159.20
147.00
135.10
123.50
112.30
101.60
91.26
81.28
71.75
62.86
55.02
47.19
39.36
32.70
26.70
21.46
16.67
12.41
8.60
4.63
2.00
0.66
0.10
0.08
0.08
0.08
0.08
0.08
0.08
0.08
0.08
0.08
0.08
0.08
0.08
0.09
0.09
0.09
0.09
0.09
0.10
0.11
0.11
0.11
0.11
0.11
0.12
0.12
0.13
0.13
0.13
0.14
0.14
0.15
0.15
0.15
0.16
0.16
0.17
0.18
0.18
0.18
0.19
0.19
0.20
0.21
0.21
0.22
0.22
0.23
0.24
0.24
0.25
0.26
0.27
0.28
0.29
0.29
0.30
0.31
0.32
0.33
0.34
0.34
0.36
0.36
0.38
0.39
0.39
0.40
0.41
0.43
0.43
0.45
0.45
0.46
0.48
0.48
0.50
0.51
0.52
0.54
0.55
0.56
0.57
0.58
0.59
0.61
0.61
426.40
436.70
447.00
457.10
465.90
476.40
485.70
495.10
503.70
511.80
521.00
528.50
536.40
544.00
550.80
556.90
562.30
568.50
573.10
577.30
581.30
585.00
587.70
589.30
591.90
592.80
593.10
592.90
592.20
590.90
588.40
586.40
582.90
579.60
575.30
569.90
565.10
559.10
552.10
545.80
538.20
530.00
522.20
513.00
504.10
494.30
483.80
473.10
463.40
451.70
439.80
427.70
415.50
403.20
390.20
376.50
362.40
349.50
335.40
321.30
306.80
293.00
278.80
265.10
250.70
236.70
223.30
210.00
196.90
184.00
171.70
159.10
147.10
135.70
124.80
113.80
102.90
92.95
83.51
74.35
65.76
57.58
49.86
42.63
36.07
30.00
24.57
19.78
15.41
11.54
8.08
4.76
2.07
0.74
0.08
0.08
0.08
0.08
0.08
0.08
0.09
0.09
0.09
0.09
0.09
0.10
0.10
0.10
0.11
0.11
0.11
0.11
0.12
0.12
0.13
0.13
0.13
0.13
0.14
0.14
0.14
0.15
0.15
0.16
0.16
0.17
0.17
0.17
0.18
0.18
0.19
0.19
0.20
0.20
0.21
0.22
0.22
0.23
0.23
0.24
0.25
0.25
0.26
0.27
0.27
0.28
0.29
0.29
0.30
0.31
0.32
0.33
0.34
0.35
0.36
0.37
0.38
0.39
0.40
0.41
0.42
0.43
0.43
0.44
0.45
0.46
0.47
0.49
0.50
0.51
0.52
0.53
0.54
0.55
0.57
0.58
0.60
0.61
0.62
0.62
0.62
427.80
438.10
447.30
457.90
467.80
477.30
486.10
496.20
504.50
513.20
521.20
528.90
536.70
543.40
550.30
556.70
561.80
567.80
571.50
575.90
580.20
583.50
585.60
587.80
589.70
590.20
590.40
590.50
588.60
586.30
585.10
581.10
578.30
574.50
570.30
564.50
557.90
552.50
545.70
537.60
530.10
521.60
513.50
504.20
493.70
484.00
473.30
461.60
450.70
438.00
426.20
413.40
400.60
387.80
373.80
360.30
346.10
332.20
318.30
303.70
289.30
275.70
261.40
247.20
233.70
220.00
206.70
194.10
181.40
168.90
157.10
145.30
134.10
123.50
112.90
102.80
93.20
83.97
75.22
66.87
58.88
51.64
44.42
37.93
31.90
26.47
21.62
17.39
13.49
9.95
6.94
4.03
1.73
0.57
0.08
0.08
0.08
0.08
0.08
0.08
0.08
0.08
0.08
0.08
0.08
0.08
0.08
0.09
0.09
0.09
0.10
0.10
0.10
0.11
0.11
0.11
0.11
0.12
0.12
0.12
0.13
0.13
0.14
0.14
0.14
0.14
0.15
0.15
0.16
0.16
0.17
0.18
0.18
0.19
0.19
0.20
0.20
0.21
0.21
0.22
0.23
0.23
0.24
0.25
0.25
0.26
0.27
0.28
0.29
0.30
0.30
0.31
0.32
0.33
0.34
0.35
0.36
0.37
0.38
0.39
0.40
0.41
0.42
0.43
0.44
0.45
0.46
0.47
0.48
0.49
0.50
0.51
0.53
0.54
0.55
0.56
0.58
0.59
0.61
0.62
0.62
425.90
436.60
446.50
456.50
465.50
475.60
485.20
494.10
502.40
510.60
519.00
526.40
534.20
540.90
547.60
552.80
558.50
563.50
567.90
571.30
574.80
578.00
580.30
582.40
583.90
584.50
584.50
583.20
581.50
579.40
577.10
574.40
571.00
566.40
561.30
555.50
550.50
544.20
536.90
529.10
521.00
512.40
503.60
493.70
483.80
473.60
462.80
451.40
439.70
426.80
415.00
402.10
388.90
375.40
362.00
348.30
333.40
320.00
305.00
291.40
277.50
263.20
249.20
235.50
222.40
209.10
196.10
183.60
171.30
159.50
148.10
137.00
126.70
116.30
106.00
96.37
87.26
78.84
70.59
62.64
55.35
48.33
41.76
35.65
30.04
24.96
20.41
16.43
12.81
9.56
6.77
4.17
1.86
0.66
0.09
0.08
0.08
0.08
0.08
0.09
0.09
0.09
0.09
0.09
0.10
0.10
0.10
0.11
0.11
0.11
0.11
0.12
0.12
0.13
0.13
0.13
0.13
0.14
0.14
0.14
0.15
0.15
0.16
0.16
0.16
0.17
0.17
0.18
0.18
0.18
0.19
0.19
0.20
0.20
0.21
0.22
0.22
0.23
0.23
0.24
0.25
0.26
0.26
0.27
0.28
0.28
0.29
0.30
0.31
0.32
0.32
0.33
0.34
0.35
0.36
0.37
0.38
0.39
0.40
0.41
0.42
0.43
0.44
0.45
0.46
0.47
0.48
0.49
0.50
0.51
0.52
0.53
0.55
0.56
0.57
0.59
0.60
0.61
0.63
0.63
0.63
427.30
438.00
447.30
457.20
466.40
476.00
484.80
494.00
501.50
509.00
517.20
524.10
531.30
537.60
543.50
549.00
554.10
558.20
562.60
566.10
568.80
571.00
573.30
574.10
574.60
574.30
575.20
573.00
571.40
569.30
565.80
563.40
558.50
554.40
549.30
543.60
537.10
530.40
523.30
515.60
508.00
498.30
489.50
480.10
470.10
459.00
448.20
436.90
424.40
412.40
399.60
387.30
373.40
360.10
346.40
332.80
318.90
304.80
290.70
276.80
263.20
249.50
235.90
222.60
209.40
196.70
184.40
172.40
160.70
149.20
138.40
128.20
118.00
108.00
98.63
89.86
81.23
73.23
65.35
58.37
51.41
44.45
38.33
32.60
27.49
22.79
18.52
14.91
11.56
8.61
6.06
3.62
1.58
0.56
0.09
0.08
0.08
0.08
0.08
0.08
0.08
0.08
0.08
0.08
0.08
0.09
0.09
0.09
0.09
0.10
0.10
0.10
0.11
0.11
0.11
0.12
0.12
0.12
0.13
0.13
0.13
0.13
0.14
0.14
0.15
0.15
0.16
0.16
0.17
0.17
0.17
0.18
0.18
0.19
0.20
0.20
0.21
0.21
0.22
0.23
0.23
0.24
0.24
0.25
0.26
0.27
0.28
0.28
0.30
0.30
0.31
0.32
0.33
0.34
0.34
0.35
0.36
0.37
0.38
0.39
0.40
0.41
0.42
0.43
0.44
0.45
0.46
0.47
0.48
0.49
0.50
0.52
0.53
0.54
0.56
0.57
0.59
0.60
0.61
0.62
0.63
426.10
436.10
445.40
455.10
463.90
472.50
481.50
489.90
498.20
504.90
512.40
519.70
525.60
531.80
537.70
542.60
547.30
550.80
553.90
557.20
560.20
561.90
562.70
563.80
564.00
563.80
563.10
561.10
558.40
556.50
553.50
549.80
545.90
540.60
535.10
529.70
524.20
516.80
509.60
501.90
494.00
485.40
474.90
465.30
455.70
445.30
433.90
422.60
411.00
399.00
386.70
373.70
360.80
347.40
334.30
320.80
306.90
293.70
280.00
266.40
252.30
239.40
226.50
213.60
201.40
188.90
177.00
165.50
154.20
143.30
132.80
122.90
113.10
103.30
94.43
85.93
77.65
70.01
62.59
55.62
49.00
42.78
36.88
31.50
26.51
22.00
18.00
14.47
11.29
8.49
6.01
3.77
1.72
0.65
0.10
0.08
0.08
0.09
0.09
0.09
0.09
0.09
0.10
0.10
0.10
0.11
0.11
0.11
0.12
0.12
0.12
0.12
0.13
0.13
0.13
0.13
0.14
0.14
0.14
0.15
0.15
0.16
0.16
0.16
0.17
0.17
0.18
0.18
0.19
0.19
0.20
0.20
0.21
0.21
0.22
0.22
0.23
0.23
0.24
0.25
0.25
0.26
0.27
0.28
0.28
0.29
0.30
0.31
0.32
0.32
0.33
0.34
0.35
0.36
0.37
0.38
0.39
0.40
0.41
0.41
0.42
0.44
0.44
0.45
0.46
0.47
0.49
0.50
0.50
0.51
0.52
0.54
0.55
0.57
0.58
0.59
0.61
0.62
0.64
0.64
0.64
427.30
437.10
445.60
454.50
463.30
472.00
480.20
487.80
495.60
502.20
509.00
515.30
521.20
526.90
531.90
535.50
539.10
542.90
545.70
547.70
550.40
550.90
551.90
551.90
550.60
549.80
548.70
546.80
543.70
540.70
537.80
534.00
528.40
523.40
518.10
512.50
505.60
498.90
491.10
483.60
475.30
466.20
457.00
447.60
437.20
426.80
415.30
404.30
392.90
380.70
368.90
356.20
343.30
330.90
317.80
304.30
291.30
278.20
265.10
252.40
239.40
226.70
214.10
201.70
189.60
177.90
166.60
155.80
145.20
134.90
124.90
115.40
106.20
97.34
88.91
80.70
73.00
65.57
58.95
52.34
45.73
39.79
34.30
29.19
24.56
20.30
16.53
13.23
10.35
7.73
5.45
3.31
1.48
0.54
0.09
0.09
0.09
0.09
0.09
0.09
0.09
0.09
0.09
0.09
0.09
0.09
0.10
0.10
0.10
0.10
0.10
0.11
0.11
0.11
0.12
0.12
0.12
0.13
0.13
0.13
0.14
0.14
0.14
0.15
0.15
0.16
0.16
0.17
0.17
0.18
0.18
0.19
0.19
0.20
0.20
0.21
0.22
0.22
0.23
0.23
0.24
0.25
0.26
0.26
0.27
0.28
0.28
0.29
0.30
0.31
0.32
0.33
0.34
0.35
0.36
0.36
0.38
0.39
0.39
0.40
0.41
0.42
0.43
0.44
0.45
0.46
0.47
0.48
0.49
0.50
0.51
0.52
0.54
0.55
0.56
0.58
0.59
0.61
0.62
0.62
0.64
425.90
435.10
443.80
452.50
460.90
468.90
476.40
484.00
490.30
496.90
502.90
508.90
513.50
517.80
522.80
526.10
529.80
532.50
534.00
535.80
537.10
537.90
538.50
537.60
536.40
535.00
532.40
529.80
527.10
523.70
519.60
515.50
510.80
505.30
499.70
493.70
486.70
480.60
472.40
465.00
456.80
447.30
438.40
428.80
418.20
408.60
397.80
386.50
375.40
363.80
352.00
339.70
327.50
315.00
302.80
290.40
277.60
265.10
252.40
240.00
227.60
215.70
203.90
192.10
180.90
169.90
159.00
148.60
138.40
128.70
119.50
110.30
101.20
92.87
84.76
77.09
69.79
62.86
56.13
49.90
43.97
38.34
33.07
28.19
23.72
19.68
16.08
12.89
10.10
7.61
5.41
3.42
1.61
0.62
0.11
0.09
0.09
0.09
0.10
0.10
0.10
0.10
0.11
0.11
0.11
0.11
0.11
0.12
0.12
0.12
0.13
0.13
0.13
0.13
0.14
0.14
0.15
0.15
0.16
0.16
0.16
0.17
0.17
0.17
0.18
0.18
0.18
0.19
0.20
0.20
0.21
0.21
0.21
0.22
0.23
0.23
0.24
0.25
0.25
0.26
0.26
0.27
0.28
0.29
0.29
0.30
0.31
0.32
0.33
0.34
0.34
0.35
0.36
0.37
0.38
0.39
0.40
0.41
0.42
0.43
0.44
0.44
0.45
0.46
0.47
0.48
0.49
0.50
0.51
0.52
0.53
0.54
0.56
0.58
0.59
0.60
0.62
0.63
0.64
0.64
0.64
426.50
436.00
444.40
452.20
459.70
467.50
474.80
481.40
487.50
493.70
498.20
503.70
508.30
512.20
515.20
519.00
521.00
522.90
525.20
524.80
525.30
526.50
524.90
523.60
521.90
519.60
517.30
515.20
511.50
507.70
504.10
498.10
493.10
487.40
481.60
474.70
468.50
460.80
452.90
444.80
436.90
427.70
418.60
408.80
399.20
388.90
378.20
367.70
356.30
345.30
334.00
322.10
309.90
298.50
286.40
274.00
262.70
250.50
238.70
226.70
214.90
203.60
192.50
181.40
170.50
160.00
150.10
140.10
130.60
121.70
112.70
103.80
95.53
87.67
80.08
72.81
65.88
59.37
53.12
47.13
41.52
36.22
31.29
26.66
22.44
18.62
15.20
12.20
9.57
7.20
5.11
3.25
1.55
0.59
0.09
0.06
0.07
0.07
0.07
0.07
0.08
0.08
0.08
0.08
0.08
0.09
0.09
0.09
0.10
0.10
0.10
0.11
0.11
0.11
0.11
0.12
0.12
0.12
0.13
0.13
0.13
0.13
0.14
0.14
0.15
0.15
0.15
0.16
0.17
0.17
0.17
0.18
0.18
0.19
0.20
0.20
0.21
0.21
0.22
0.23
0.23
0.24
0.25
0.25
0.26
0.27
0.27
0.28
0.29
0.30
0.30
0.31
0.32
0.33
0.33
0.34
0.35
0.36
0.37
0.38
0.38
0.39
0.40
0.41
0.42
0.43
0.43
0.44
0.45
0.46
0.47
0.48
0.49
0.49
0.51
0.52
0.53
0.54
0.55
0.55
0.55
428.50
436.10
444.50
451.10
458.80
465.80
471.50
478.50
483.10
488.10
493.00
496.60
500.70
504.30
506.20
508.60
510.10
511.00
512.00
511.10
511.40
510.80
508.40
507.70
504.70
501.40
498.90
494.60
490.80
486.50
480.50
476.30
470.20
464.10
457.90
450.50
443.70
436.30
427.70
420.20
410.70
402.00
393.20
383.80
373.80
363.40
353.80
342.80
332.30
320.90
310.10
299.40
287.80
276.40
265.30
253.50
242.30
231.30
220.00
209.00
198.30
187.70
177.00
167.20
157.00
147.50
137.90
128.80
120.20
111.70
103.60
95.46
88.07
80.69
73.68
67.00
60.67
54.70
48.74
43.33
38.06
33.15
28.62
24.37
20.44
16.91
13.78
11.00
8.60
6.43
4.51
2.79
1.30
0.49
0.08
0.07
0.07
0.07
0.07
0.07
0.07
0.07
0.07
0.07
0.07
0.07
0.07
0.08
0.08
0.08
0.08
0.08
0.09
0.09
0.09
0.10
0.10
0.10
0.11
0.11
0.11
0.12
0.12
0.13
0.13
0.13
0.14
0.14
0.14
0.15
0.16
0.16
0.17
0.17
0.18
0.19
0.19
0.20
0.20
0.21
0.21
0.22
0.23
0.23
0.24
0.25
0.26
0.27
0.27
0.28
0.29
0.30
0.30
0.31
0.32
0.33
0.33
0.34
0.35
0.36
0.37
0.38
0.38
0.39
0.40
0.41
0.42
0.43
0.43
0.44
0.45
0.46
0.47
0.48
0.49
0.50
0.51
0.52
0.53
0.54
0.55
426.80
435.00
441.40
449.20
455.50
461.40
467.10
472.90
477.10
481.00
484.60
488.40
491.10
493.60
494.60
497.00
497.20
497.50
497.60
496.00
495.80
493.70
492.00
488.60
486.40
482.30
478.70
473.90
469.30
464.80
458.70
453.40
447.10
440.30
433.30
427.00
419.10
410.90
403.10
394.60
386.00
376.90
368.30
358.20
349.30
339.00
328.90
318.90
308.30
297.90
287.70
277.30
266.30
255.20
245.10
234.20
224.10
213.40
202.90
193.10
182.70
173.10
163.60
154.10
144.90
136.40
127.70
119.50
111.30
103.20
95.76
88.58
81.49
74.93
68.49
62.37
56.50
50.86
45.60
40.55
35.76
31.23
26.92
23.00
19.32
16.07
13.08
10.48
8.25
6.20
4.41
2.83
1.38
0.54
0.09
0.07
0.07
0.07
0.07
0.07
0.07
0.08
0.08
0.08
0.08
0.09
0.09
0.09
0.09
0.10
0.10
0.10
0.11
0.11
0.11
0.12
0.12
0.12
0.13
0.13
0.13
0.14
0.14
0.14
0.15
0.15
0.16
0.16
0.17
0.17
0.18
0.18
0.19
0.19
0.20
0.20
0.21
0.22
0.22
0.23
0.24
0.24
0.25
0.26
0.27
0.27
0.28
0.29
0.30
0.30
0.31
0.32
0.33
0.33
0.34
0.35
0.36
0.37
0.38
0.38
0.39
0.40
0.41
0.42
0.42
0.43
0.44
0.45
0.45
0.47
0.47
0.48
0.49
0.50
0.50
0.52
0.53
0.54
0.55
0.55
0.55
428.00
435.00
440.70
447.50
452.80
458.40
463.60
467.60
471.00
474.30
477.50
480.10
481.70
483.00
483.70
484.40
483.70
483.40
482.50
480.10
478.50
476.40
473.30
469.40
465.10
461.20
456.90
451.10
445.70
440.20
434.30
427.30
420.80
413.70
406.60
398.90
390.80
382.50
374.70
366.10
357.40
347.70
338.70
329.90
319.80
310.10
300.80
291.20
280.80
271.00
261.30
250.90
241.10
231.40
221.60
211.70
202.10
192.20
182.90
173.90
164.50
155.70
147.10
138.60
130.50
122.60
114.90
107.30
100.10
93.17
86.51
79.84
73.64
67.62
61.91
56.41
50.91
45.93
41.26
36.67
32.26
28.16
24.29
20.71
17.39
14.41
11.75
9.39
7.37
5.50
3.89
2.43
1.16
0.42
0.08
0.06
0.06
0.06
0.06
0.06
0.06
0.06
0.06
0.06
0.06
0.07
0.07
0.07
0.08
0.08
0.08
0.08
0.08
0.09
0.09
0.10
0.10
0.10
0.10
0.11
0.11
0.12
0.12
0.12
0.13
0.13
0.14
0.14
0.15
0.15
0.16
0.16
0.17
0.17
0.18
0.19
0.20
0.20
0.21
0.21
0.22
0.23
0.24
0.24
0.25
0.25
0.27
0.27
0.28
0.29
0.30
0.30
0.31
0.32
0.33
0.33
0.34
0.35
0.36
0.37
0.37
0.38
0.39
0.40
0.41
0.42
0.42
0.43
0.44
0.45
0.45
0.46
0.47
0.48
0.49
0.50
0.51
0.52
0.53
0.54
0.55
426.80
433.60
439.70
444.50
449.20
454.20
457.90
461.50
465.00
466.90
469.10
470.90
471.50
471.60
471.80
471.60
470.20
468.70
467.00
464.80
461.60
458.20
454.20
449.80
445.40
440.20
434.60
429.30
423.10
416.30
410.20
402.90
395.00
388.10
379.90
372.70
364.10
355.50
346.90
338.60
329.70
321.10
311.80
303.00
293.40
283.90
274.90
265.10
256.10
246.40
237.60
227.90
218.90
209.50
200.80
191.50
182.90
174.20
165.50
157.30
148.90
140.90
133.40
125.80
118.50
111.30
104.00
97.31
90.95
84.63
78.71
72.99
67.38
61.96
56.81
51.84
47.03
42.45
38.13
33.97
30.00
26.21
22.66
19.38
16.34
13.59
11.09
8.88
7.03
5.29
3.79
2.44
1.21
0.47
0.10
0.06
0.06
0.07
0.07
0.07
0.07
0.08
0.08
0.08
0.08
0.08
0.09
0.09
0.09
0.10
0.10
0.10
0.10
0.11
0.11
0.11
0.12
0.12
0.12
0.13
0.13
0.14
0.14
0.15
0.15
0.16
0.16
0.16
0.17
0.18
0.18
0.19
0.19
0.20
0.20
0.21
0.22
0.23
0.23
0.24
0.24
0.25
0.26
0.27
0.27
0.28
0.29
0.29
0.30
0.31
0.32
0.33
0.34
0.34
0.35
0.36
0.37
0.38
0.39
0.39
0.40
0.41
0.42
0.42
0.43
0.44
0.45
0.45
0.46
0.47
0.48
0.48
0.49
0.50
0.51
0.52
0.53
0.54
0.55
0.55
0.55
428.10
433.70
438.30
443.10
446.50
450.60
453.70
455.70
458.30
460.30
460.30
461.20
460.70
460.80
460.00
457.70
456.50
453.20
450.40
447.50
443.00
439.50
434.00
428.60
423.30
417.40
411.80
405.00
397.90
391.20
383.10
376.00
368.10
360.20
351.90
344.10
335.50
327.00
318.80
309.50
301.10
292.50
283.00
274.60
265.30
256.70
248.00
239.10
230.30
221.20
212.70
204.40
195.50
187.20
179.30
171.10
163.10
155.20
147.50
140.20
132.90
125.60
118.70
112.10
105.50
99.17
93.09
87.13
81.58
75.99
70.72
65.60
60.58
55.84
51.10
46.67
42.37
38.25
34.40
30.66
27.04
23.65
20.49
17.50
14.75
12.22
9.98
8.00
6.30
4.73
3.37
2.11
1.01
0.38
0.07
0.06
0.06
0.06
0.06
0.06
0.06
0.06
0.06
0.06
0.06
0.06
0.07
0.07
0.08
0.08
0.08
0.08
0.08
0.09
0.09
0.10
0.10
0.10
0.11
0.11
0.12
0.12
0.12
0.13
0.13
0.14
0.14
0.15
0.15
0.16
0.16
0.17
0.18
0.18
0.19
0.20
0.21
0.21
0.22
0.22
0.23
0.24
0.24
0.25
0.26
0.27
0.28
0.28
0.29
0.30
0.31
0.32
0.33
0.33
0.34
0.35
0.36
0.36
0.37
0.38
0.39
0.39
0.40
0.41
0.42
0.42
0.43
0.44
0.45
0.46
0.46
0.47
0.48
0.48
0.49
0.50
0.51
0.52
0.53
0.54
0.54
427.00
432.40
435.80
439.90
442.60
446.20
448.60
449.50
450.90
452.10
451.80
451.30
450.50
448.70
447.30
444.50
441.30
437.80
434.30
430.10
426.00
420.40
414.50
408.60
402.90
396.50
389.30
382.40
375.40
367.40
359.40
351.80
343.40
335.20
327.20
318.60
310.20
301.80
293.40
284.50
275.80
267.60
259.10
250.10
241.90
233.40
225.30
216.80
208.50
200.40
192.50
184.60
176.80
169.60
161.90
154.60
147.30
140.50
133.60
127.00
120.60
114.10
107.60
101.70
95.90
90.30
84.85
79.70
74.57
69.65
64.91
60.33
55.95
51.50
47.36
43.37
39.47
35.68
32.13
28.69
25.42
22.28
19.34
16.59
14.04
11.65
9.55
7.72
6.09
4.62
3.34
2.16
1.08
0.43
0.09
0.06
0.06
0.07
0.07
0.07
0.07
0.07
0.08
0.08
0.08
0.08
0.09
0.09
0.09
0.10
0.10
0.10
0.11
0.11
0.11
0.12
0.12
0.12
0.13
0.13
0.14
0.14
0.14
0.15
0.15
0.16
0.17
0.17
0.18
0.18
0.19
0.19
0.20
0.21
0.21
0.22
0.23
0.23
0.24
0.25
0.25
0.26
0.27
0.28
0.29
0.29
0.30
0.31
0.32
0.33
0.34
0.34
0.35
0.36
0.36
0.37
0.38
0.39
0.39
0.41
0.41
0.42
0.43
0.44
0.44
0.45
0.46
0.46
0.47
0.48
0.49
0.49
0.50
0.51
0.52
0.52
0.53
0.54
0.55
0.55
0.55
428.20
431.80
434.80
437.70
440.30
442.10
443.30
443.90
444.00
443.10
442.40
441.90
439.40
437.50
434.10
430.90
426.40
422.80
417.60
412.40
406.60
400.70
394.30
387.70
381.30
373.70
366.20
358.20
351.40
343.00
335.20
326.90
318.00
310.00
302.10
293.40
284.80
276.30
268.00
259.90
251.70
243.20
235.10
227.00
218.80
211.00
203.30
195.60
187.90
180.70
173.40
166.40
159.20
152.30
145.70
139.10
132.80
126.50
120.30
114.60
108.70
103.20
97.65
92.39
87.26
82.14
77.33
72.74
68.14
63.78
59.60
55.43
51.25
47.37
43.61
39.90
36.33
32.89
29.68
26.51
23.46
20.58
17.88
15.32
12.94
10.75
8.83
7.10
5.61
4.25
3.04
1.92
0.96
0.35
0.07
0.06
0.06
0.06
0.06
0.06
0.06
0.06
0.06
0.06
0.06
0.07
0.07
0.07
0.08
0.08
0.08
0.08
0.09
0.09
0.09
0.10
0.10
0.11
0.11
0.11
0.12
0.13
0.13
0.13
0.14
0.14
0.15
0.16
0.16
0.17
0.18
0.18
0.18
0.19
0.20
0.21
0.22
0.22
0.23
0.23
0.24
0.25
0.26
0.27
0.27
0.28
0.29
0.30
0.30
0.32
0.33
0.33
0.34
0.34
0.35
0.36
0.37
0.38
0.38
0.39
0.40
0.41
0.41
0.42
0.43
0.44
0.44
0.45
0.46
0.46
0.47
0.48
0.48
0.49
0.50
0.51
0.52
0.52
0.53
0.54
0.54
427.40
430.30
432.70
434.70
436.60
436.70
437.20
437.40
436.50
435.10
433.50
431.90
428.60
424.90
421.50
417.00
412.00
407.10
401.60
395.90
389.10
382.40
375.90
368.80
361.30
353.80
345.40
338.00
330.00
321.90
313.60
305.20
297.00
288.60
280.40
272.10
263.70
255.80
247.30
239.40
231.70
223.70
216.30
208.30
201.30
193.50
186.50
179.50
172.50
165.70
159.10
152.60
146.40
140.20
134.20
128.30
122.80
117.20
111.50
105.90
100.90
95.83
90.86
86.11
81.45
77.02
72.67
68.33
64.19
60.25
56.29
52.45
48.83
45.20
41.70
38.21
34.90
31.69
28.62
25.59
22.74
20.07
17.48
15.00
12.73
10.64
8.77
7.05
5.61
4.30
3.13
2.04
1.04
0.41
0.09
0.06
0.06
0.07
0.07
0.07
0.07
0.08
0.08
0.08
0.08
0.08
0.09
0.09
0.10
0.10
0.10
0.11
0.11
0.11
0.12
0.12
0.13
0.13
0.13
0.14
0.14
0.15
0.15
0.16
0.16
0.17
0.17
0.18
0.19
0.19
0.20
0.21
0.21
0.22
0.23
0.24
0.24
0.25
0.26
0.27
0.27
0.28
0.29
0.30
0.30
0.31
0.32
0.33
0.34
0.34
0.35
0.36
0.37
0.38
0.38
0.39
0.40
0.41
0.41
0.42
0.43
0.44
0.44
0.45
0.45
0.46
0.47
0.48
0.48
0.49
0.50
0.50
0.51
0.52
0.53
0.54
0.54
0.54
0.55
0.55
0.55
426.90
429.30
430.60
431.90
432.10
432.70
431.10
430.40
428.90
426.40
423.60
420.50
416.90
412.30
408.10
402.80
396.80
391.00
384.50
378.20
370.70
363.70
355.80
348.50
341.50
332.70
324.70
316.40
308.60
300.00
292.20
283.60
275.50
267.40
259.20
251.10
243.10
235.70
227.80
220.10
212.60
205.50
198.20
191.10
184.50
177.60
171.10
164.70
158.50
152.60
146.40
140.50
135.00
129.70
124.00
118.80
113.80
108.80
103.70
99.06
94.34
89.85
85.30
80.88
76.67
72.56
68.51
64.66
60.81
57.12
53.43
49.81
46.47
43.11
39.72
36.54
33.39
30.32
27.42
24.60
21.89
19.28
16.81
14.47
12.27
10.25
8.47
6.83
5.43
4.13
2.99
1.88
0.96
0.37
0.07
0.06
0.06
0.06
0.06
0.06
0.06
0.06
0.06
0.06
0.06
0.07
0.07
0.08
0.08
0.08
0.09
0.09
0.09
0.10
0.11
0.11
0.11
0.12
0.12
0.12
0.13
0.14
0.14
0.15
0.15
0.16
0.16
0.17
0.18
0.18
0.19
0.20
0.21
0.21
0.22
0.23
0.24
0.24
0.25
0.26
0.27
0.27
0.28
0.29
0.30
0.30
0.31
0.32
0.33
0.34
0.35
0.36
0.36
0.37
0.38
0.38
0.39
0.40
0.40
0.41
0.42
0.42
0.43
0.44
0.45
0.45
0.46
0.47
0.47
0.48
0.48
0.49
0.49
0.50
0.51
0.51
0.52
0.53
0.54
0.54
0.55
427.00
428.50
429.00
429.40
428.50
428.30
426.30
424.30
421.10
418.60
414.80
411.10
406.00
401.40
395.60
390.10
383.40
376.90
370.00
362.10
355.30
347.00
339.60
331.40
323.50
315.00
307.50
298.80
290.50
282.20
274.70
266.20
258.10
250.90
242.70
234.80
227.40
220.00
213.00
205.50
198.60
191.80
185.20
179.00
172.60
166.20
160.40
154.80
149.00
143.40
138.30
133.00
128.00
122.70
117.80
112.90
108.00
103.40
98.96
94.64
90.29
86.11
81.92
77.92
74.05
70.20
66.42
62.77
59.17
55.69
52.31
48.99
45.66
42.44
39.32
36.25
33.19
30.27
27.43
24.66
22.03
19.50
17.04
14.76
12.63
10.60
8.76
7.11
5.70
4.44
3.21
2.08
1.07
0.43
0.09
0.06
0.07
0.07
0.07
0.07
0.08
0.08
0.08
0.08
0.09
0.09
0.10
0.10
0.10
0.11
0.11
0.12
0.12
0.13
0.13
0.13
0.13
0.14
0.15
0.15
0.16
0.16
0.17
0.17
0.18
0.19
0.19
0.20
0.21
0.21
0.22
0.23
0.23
0.24
0.25
0.26
0.27
0.27
0.28
0.29
0.30
0.30
0.31
0.32
0.33
0.34
0.34
0.35
0.36
0.37
0.38
0.39
0.39
0.40
0.41
0.41
0.42
0.43
0.44
0.44
0.45
0.46
0.46
0.47
0.48
0.48
0.49
0.50
0.50
0.50
0.51
0.52
0.52
0.53
0.53
0.54
0.55
0.55
0.55
0.55
0.55
427.50
427.40
426.80
426.40
424.50
423.50
420.50
417.90
414.00
409.60
405.90
400.20
394.30
389.10
382.60
376.30
368.50
362.00
354.10
346.00
338.90
330.20
321.70
314.00
305.70
297.30
289.00
280.70
272.50
265.00
257.20
249.10
241.50
234.00
226.60
219.20
212.40
205.50
198.60
192.10
185.60
179.20
173.60
167.60
162.00
156.30
150.90
145.60
140.40
135.50
130.50
125.60
120.90
116.50
112.00
107.50
103.20
98.87
94.81
90.59
86.61
82.79
78.84
75.10
71.47
67.77
64.29
60.83
57.49
54.15
50.91
47.73
44.67
41.60
38.56
35.63
32.70
29.86
27.14
24.41
21.83
19.37
17.01
14.73
12.59
10.61
8.79
7.19
5.77
4.44
3.20
1.98
1.00
0.38
0.08
0.06
0.06
0.06
0.06
0.06
0.06
0.06
0.07
0.07
0.07
0.08
0.08
0.08
0.09
0.09
0.10
0.10
0.11
0.11
0.12
0.12
0.12
0.13
0.14
0.14
0.15
0.15
0.16
0.17
0.17
0.18
0.18
0.19
0.20
0.21
0.22
0.22
0.23
0.24
0.25
0.25
0.26
0.27
0.28
0.28
0.29
0.30
0.31
0.32
0.33
0.33
0.34
0.35
0.36
0.37
0.37
0.38
0.39
0.39
0.40
0.41
0.42
0.42
0.43
0.44
0.45
0.45
0.46
0.46
0.47
0.48
0.48
0.49
0.49
0.50
0.50
0.51
0.51
0.52
0.52
0.53
0.53
0.54
0.54
0.55
0.55
427.20
426.90
425.40
423.20
421.60
418.40
415.40
411.30
407.20
402.00
397.60
391.10
385.10
378.20
371.50
363.80
356.80
348.80
341.00
331.90
324.20
315.70
307.20
299.50
290.60
282.70
274.70
266.70
258.60
250.80
243.40
235.60
228.40
221.30
214.40
207.50
201.00
194.70
188.10
182.40
176.30
170.70
165.20
159.90
154.70
149.70
144.50
139.70
134.90
130.40
125.70
121.50
117.00
112.40
107.90
103.80
99.76
95.80
91.93
88.02
84.35
80.63
77.12
73.58
70.13
66.73
63.46
60.15
56.91
53.80
50.73
47.71
44.67
41.77
38.86
36.00
33.13
30.35
27.62
24.99
22.42
19.99
17.57
15.31
13.17
11.18
9.28
7.65
6.17
4.86
3.54
2.24
1.13
0.47
0.10
0.07
0.07
0.08
0.08
0.08
0.08
0.08
0.09
0.09
0.10
0.10
0.11
0.11
0.11
0.12
0.13
0.13
0.14
0.14
0.14
0.15
0.16
0.16
0.17
0.17
0.18
0.19
0.19
0.20
0.21
0.21
0.22
0.23
0.23
0.24
0.25
0.26
0.27
0.27
0.28
0.29
0.30
0.30
0.32
0.32
0.33
0.34
0.35
0.36
0.36
0.37
0.38
0.39
0.39
0.40
0.41
0.42
0.42
0.43
0.44
0.44
0.45
0.46
0.46
0.47
0.48
0.48
0.49
0.50
0.50
0.50
0.51
0.52
0.52
0.53
0.53
0.53
0.54
0.54
0.54
0.55
0.55
0.55
0.55
0.55
0.55
427.20
425.40
423.20
420.50
417.80
414.30
409.30
404.70
399.50
394.10
387.70
381.20
374.40
366.60
359.20
350.60
342.70
334.70
326.00
318.20
309.00
300.50
292.40
284.00
275.30
267.20
259.70
251.50
243.80
236.80
229.30
222.20
215.30
208.90
202.10
195.80
190.10
184.20
178.40
172.80
167.70
162.20
157.20
152.20
147.60
142.80
138.30
133.80
129.20
124.80
120.40
116.20
112.20
108.00
104.20
100.20
96.22
92.64
88.90
85.29
81.84
78.36
74.92
71.69
68.44
65.17
62.01
58.97
55.94
52.90
49.88
46.96
44.12
41.32
38.45
35.68
32.93
30.17
27.50
24.86
22.32
19.86
17.54
15.26
13.11
11.11
9.27
7.62
6.16
4.83
3.53
2.14
1.04
0.41
0.08
0.08
0.07
0.07
0.07
0.07
0.07
0.08
0.08
0.08
0.09
0.09
0.09
0.10
0.11
0.11
0.12
0.12
0.13
0.13
0.14
0.14
0.15
0.16
0.16
0.17
0.17
0.18
0.19
0.20
0.20
0.21
0.22
0.23
0.23
0.24
0.25
0.26
0.27
0.27
0.28
0.29
0.30
0.31
0.32
0.33
0.33
0.34
0.35
0.36
0.36
0.37
0.38
0.39
0.39
0.40
0.41
0.42
0.42
0.43
0.43
0.44
0.45
0.46
0.46
0.47
0.47
0.48
0.48
0.49
0.49
0.50
0.51
0.51
0.51
0.52
0.52
0.53
0.53
0.53
0.54
0.54
0.54
0.54
0.55
0.55
0.56
426.90
425.40
421.80
418.10
414.40
409.70
404.90
399.40
393.20
387.40
379.80
372.70
365.30
357.80
349.00
340.70
332.20
323.60
314.50
306.00
297.10
288.60
280.10
271.90
263.60
255.60
248.00
240.30
232.60
225.60
218.90
212.40
205.90
199.40
193.50
187.70
182.30
176.80
171.50
166.30
161.20
156.50
152.00
147.10
142.80
138.20
133.90
129.70
125.40
121.40
117.10
112.90
108.70
104.80
101.10
97.47
93.76
90.18
86.74
83.42
80.10
76.80
73.73
70.55
67.46
64.37
61.41
58.54
55.62
52.69
49.86
47.02
44.27
41.50
38.73
35.98
33.28
30.55
27.89
25.28
22.69
20.29
17.93
15.64
13.45
11.45
9.58
7.89
6.36
5.07
3.80
2.41
1.12
0.47
0.11
0.08
0.08
0.08
0.09
0.09
0.10
0.10
0.11
0.11
0.12
0.12
0.13
0.13
0.13
0.14
0.15
0.15
0.16
0.16
0.17
0.18
0.18
0.19
0.20
0.20
0.21
0.22
0.23
0.23
0.24
0.25
0.26
0.27
0.27
0.28
0.29
0.30
0.30
0.31
0.32
0.33
0.34
0.35
0.36
0.36
0.37
0.38
0.39
0.39
0.40
0.41
0.42
0.43
0.43
0.44
0.45
0.45
0.46
0.47
0.47
0.48
0.49
0.49
0.49
0.50
0.50
0.51
0.51
0.52
0.53
0.53
0.54
0.54
0.54
0.54
0.55
0.55
0.55
0.56
0.56
0.56
0.56
0.56
0.56
0.56
0.56
426.90
423.80
419.50
414.80
410.40
404.60
398.80
393.10
386.10
378.00
370.80
363.00
355.00
346.30
337.20
329.00
319.50
310.50
301.40
292.40
284.00
275.00
266.50
258.40
250.60
242.60
235.30
227.90
221.10
214.30
207.90
201.60
195.40
190.10
184.20
179.10
173.90
168.90
164.10
159.30
154.70
150.60
146.20
141.70
137.50
133.00
128.90
124.70
120.80
116.70
112.80
108.80
105.20
101.40
97.81
94.23
90.92
87.47
84.24
81.06
77.93
74.78
71.89
69.01
66.00
63.11
60.28
57.43
54.57
51.84
49.09
46.36
43.63
40.92
38.20
35.53
32.80
30.15
27.51
24.90
22.36
19.93
17.60
15.32
13.16
11.17
9.30
7.64
6.14
4.88
3.62
2.22
1.02
0.41
0.09
0.09
0.08
0.08
0.08
0.09
0.09
0.09
0.10
0.10
0.11
0.11
0.12
0.13
0.13
0.14
0.14
0.15
0.15
0.16
0.17
0.18
0.18
0.19
0.20
0.20
0.21
0.22
0.23
0.23
0.24
0.25
0.26
0.27
0.28
0.28
0.30
0.30
0.31
0.32
0.33
0.33
0.35
0.35
0.36
0.37
0.38
0.39
0.39
0.40
0.41
0.42
0.42
0.43
0.44
0.44
0.45
0.45
0.46
0.47
0.47
0.48
0.48
0.49
0.49
0.50
0.50
0.51
0.51
0.52
0.52
0.53
0.53
0.53
0.54
0.54
0.54
0.54
0.54
0.54
0.55
0.55
0.55
0.55
0.56
0.56
0.56
427.80
423.00
418.10
412.90
407.60
402.00
394.50
387.60
380.80
372.70
364.10
355.60
347.00
338.00
328.90
319.20
309.70
301.10
291.20
282.50
273.20
264.90
256.40
248.00
240.50
232.70
225.60
218.70
211.70
205.50
199.40
194.10
188.30
183.00
177.80
173.00
168.40
163.60
159.20
154.80
150.20
146.00
141.70
137.70
133.60
129.70
125.60
121.60
117.60
113.60
109.60
105.90
102.30
98.85
95.46
92.03
88.82
85.56
82.53
79.56
76.54
73.67
70.80
68.02
65.20
62.49
59.77
57.00
54.26
51.60
48.90
46.22
43.58
40.87
38.24
35.65
32.94
30.29
27.64
25.05
22.52
20.11
17.74
15.46
13.30
11.30
9.41
7.74
6.25
4.92
3.73
2.42
1.09
0.47
0.12
0.09
0.10
0.10
0.11
0.12
0.12
0.12
0.13
0.13
0.14
0.15
0.15
0.16
0.17
0.17
0.18
0.19
0.19
0.20
0.21
0.21
0.22
0.23
0.24
0.24
0.25
0.26
0.27
0.28
0.29
0.29
0.30
0.31
0.32
0.32
0.34
0.34
0.35
0.36
0.37
0.38
0.39
0.39
0.40
0.41
0.42
0.43
0.44
0.44
0.45
0.45
0.46
0.47
0.48
0.49
0.49
0.50
0.50
0.51
0.51
0.52
0.52
0.53
0.53
0.54
0.54
0.54
0.55
0.55
0.56
0.56
0.56
0.56
0.56
0.57
0.57
0.57
0.57
0.57
0.57
0.58
0.58
0.58
0.58
0.58
0.58
426.90
422.00
416.40
410.70
403.70
397.00
389.60
381.70
373.70
365.00
356.40
347.10
337.70
328.20
318.30
308.60
298.70
289.30
280.20
270.80
262.10
253.60
245.00
237.00
229.60
222.40
215.20
208.70
202.50
196.70
191.00
185.50
180.50
175.70
170.90
166.50
162.00
157.80
153.50
149.30
145.10
141.20
137.30
133.20
129.10
125.30
121.40
117.60
113.90
109.90
106.30
102.90
99.39
96.03
92.69
89.59
86.41
83.44
80.35
77.59
74.74
71.94
69.38
66.53
63.89
61.26
58.61
55.96
53.31
50.69
48.03
45.42
42.82
40.19
37.56
34.93
32.30
29.68
27.06
24.46
21.92
19.53
17.21
14.99
12.81
10.83
9.00
7.37
5.91
4.67
3.49
2.21
0.97
0.40
0.11
0.11
0.11
0.11
0.11
0.11
0.11
0.12
0.13
0.13
0.14
0.14
0.15
0.16
0.16
0.17
0.18
0.18
0.19
0.20
0.21
0.22
0.22
0.23
0.24
0.25
0.26
0.26
0.27
0.28
0.29
0.30
0.30
0.31
0.32
0.33
0.34
0.35
0.36
0.37
0.38
0.39
0.39
0.40
0.41
0.42
0.42
0.43
0.44
0.45
0.46
0.46
0.47
0.47
0.48
0.49
0.49
0.50
0.50
0.51
0.51
0.52
0.52
0.52
0.53
0.53
0.54
0.54
0.54
0.55
0.55
0.55
0.55
0.55
0.56
0.56
0.56
0.56
0.56
0.56
0.57
0.57
0.57
0.57
0.58
0.58
0.58
427.30
421.30
415.20
408.30
401.50
393.40
385.80
377.30
368.70
359.60
350.20
340.60
330.60
320.70
310.80
300.60
290.80
280.80
271.50
262.30
253.10
244.50
236.40
228.70
221.10
214.20
207.50
201.20
195.30
189.60
184.40
179.50
174.80
170.10
165.70
161.40
157.40
153.30
149.30
145.40
141.60
137.80
133.90
130.00
126.20
122.40
118.50
114.70
110.90
107.40
103.80
100.40
97.12
93.90
90.74
87.73
84.79
81.97
79.12
76.43
73.71
71.07
68.48
65.86
63.27
60.74
58.16
55.56
53.05
50.35
47.83
45.23
42.66
40.03
37.46
34.85
32.20
29.61
27.05
24.43
21.93
19.53
17.22
14.99
12.83
10.86
9.04
7.38
5.93
4.68
3.54
2.34
1.05
0.44
0.14
0.12
0.12
0.13
0.13
0.14
0.15
0.15
0.16
0.17
0.18
0.18
0.19
0.20
0.20
0.21
0.22
0.23
0.23
0.24
0.25
0.26
0.26
0.27
0.28
0.29
0.30
0.31
0.31
0.32
0.33
0.34
0.35
0.36
0.37
0.38
0.38
0.39
0.40
0.41
0.42
0.43
0.44
0.44
0.46
0.46
0.47
0.48
0.49
0.49
0.50
0.50
0.51
0.52
0.53
0.53
0.53
0.54
0.55
0.55
0.55
0.56
0.56
0.57
0.57
0.57
0.57
0.58
0.58
0.58
0.58
0.58
0.58
0.58
0.58
0.58
0.58
0.58
0.58
0.58
0.58
0.58
0.58
0.58
0.58
0.58
0.58
426.40
420.20
412.80
405.20
397.40
389.40
380.30
371.80
361.80
352.50
342.40
332.70
322.30
311.70
301.60
291.10
280.90
271.10
261.50
252.30
243.20
234.80
226.70
218.90
212.00
205.00
198.60
192.80
187.40
182.10
177.10
172.50
168.20
164.00
160.10
156.00
152.10
148.30
144.70
140.80
137.10
133.50
129.70
126.00
122.20
118.70
115.10
111.50
107.90
104.50
101.30
97.96
94.67
91.68
88.82
85.82
83.04
80.32
77.50
74.99
72.32
69.79
67.28
64.73
62.23
59.70
57.17
54.64
52.07
49.55
46.92
44.38
41.87
39.30
36.74
34.13
31.53
28.91
26.35
23.81
21.32
18.95
16.68
14.49
12.33
10.41
8.62
7.05
5.64
4.44
3.29
2.09
0.92
0.39
0.13
0.13
0.13
0.13
0.13
0.14
0.14
0.15
0.16
0.16
0.17
0.18
0.18
0.19
0.20
0.21
0.22
0.23
0.23
0.24
0.25
0.26
0.27
0.28
0.28
0.29
0.30
0.31
0.32
0.33
0.34
0.35
0.36
0.36
0.37
0.38
0.39
0.40
0.41
0.42
0.43
0.44
0.45
0.45
0.46
0.47
0.48
0.48
0.49
0.50
0.50
0.51
0.52
0.52
0.53
0.54
0.54
0.54
0.55
0.55
0.56
0.56
0.56
0.57
0.57
0.57
0.58
0.57
0.58
0.58
0.58
0.58
0.58
0.58
0.58
0.58
0.58
0.58
0.58
0.58
0.58
0.58
0.58
0.58
0.58
0.58
0.58
427.00
420.40
411.80
404.20
395.30
387.30
377.20
368.30
358.30
347.70
337.60
327.00
316.50
305.70
295.10
284.30
273.90
264.40
254.20
244.90
235.90
227.40
219.50
212.30
204.90
198.40
192.20
186.60
181.40
176.70
172.20
167.80
163.80
160.00
156.00
152.20
148.70
145.00
141.60
137.90
134.50
130.70
127.10
123.60
120.10
116.50
112.90
109.30
105.90
102.70
99.44
96.28
93.26
90.33
87.47
84.74
81.98
79.36
76.84
74.32
71.71
69.28
66.87
64.39
61.96
59.48
56.99
54.48
52.02
49.46
46.91
44.38
41.81
39.29
36.70
34.10
31.50
28.92
26.36
23.86
21.35
19.02
16.76
14.54
12.44
10.48
8.72
7.10
5.69
4.48
3.37
2.20
0.99
0.43
0.15
0.14
0.15
0.15
0.16
0.17
0.18
0.19
0.19
0.20
0.21
0.22
0.23
0.23
0.24
0.25
0.26
0.27
0.27
0.28
0.29
0.30
0.31
0.32
0.33
0.33
0.34
0.35
0.36
0.37
0.38
0.39
0.39
0.41
0.42
0.42
0.43
0.44
0.45
0.46
0.47
0.48
0.49
0.49
0.50
0.51
0.52
0.53
0.53
0.54
0.54
0.55
0.56
0.56
0.57
0.58
0.58
0.58
0.59
0.59
0.59
0.59
0.59
0.59
0.59
0.59
0.59
0.59
0.59
0.59
0.59
0.59
0.59
0.59
0.59
0.59
0.59
0.59
0.59
0.59
0.59
0.59
0.58
0.58
0.58
0.58
0.58
425.60
418.40
410.40
400.70
392.10
382.60
372.90
362.10
352.10
341.50
330.60
319.80
308.60
297.80
287.10
276.30
265.70
255.70
245.80
236.50
227.70
219.30
211.10
204.00
197.40
191.20
185.40
180.30
175.20
170.90
166.50
162.60
158.80
154.90
151.60
148.10
144.80
141.30
137.80
134.40
130.90
127.30
123.90
120.50
117.20
113.70
110.40
107.20
104.00
100.70
97.67
94.66
91.87
89.03
86.33
83.59
81.02
78.53
76.05
73.57
71.20
68.61
66.20
63.90
61.51
58.95
56.38
53.98
51.50
49.01
46.50
43.92
41.36
38.83
36.24
33.66
31.08
28.48
25.92
23.40
20.96
18.60
16.36
14.15
12.08
10.16
8.41
6.85
5.49
4.28
3.14
1.95
0.89
0.39
0.16
0.15
0.15
0.15
0.16
0.17
0.17
0.18
0.19
0.20
0.21
0.21
0.22
0.23
0.24
0.25
0.26
0.27
0.27
0.28
0.29
0.30
0.31
0.32
0.32
0.33
0.34
0.35
0.36
0.37
0.38
0.39
0.40
0.40
0.42
0.43
0.43
0.44
0.45
0.46
0.47
0.48
0.49
0.50
0.51
0.51
0.52
0.53
0.53
0.54
0.54
0.55
0.56
0.56
0.57
0.58
0.58
0.58
0.59
0.59
0.59
0.59
0.59
0.60
0.60
0.60
0.60
0.60
0.61
0.61
0.61
0.61
0.61
0.61
0.61
0.61
0.61
0.61
0.61
0.61
0.61
0.61
0.61
0.61
0.61
0.61
0.60
427.30
418.40
409.80
400.20
391.30
381.10
371.00
360.40
349.60
338.80
327.30
315.70
304.70
293.20
282.20
271.20
260.30
250.40
240.40
230.70
221.80
213.50
205.60
198.60
192.00
186.00
180.60
175.40
170.60
166.30
162.30
158.60
154.90
151.60
148.40
145.00
141.80
138.60
135.30
132.10
128.90
125.50
122.20
118.90
115.50
112.20
108.80
105.80
102.60
99.67
96.77
93.90
91.22
88.48
85.82
83.28
80.80
78.40
75.90
73.61
71.26
68.89
66.55
64.15
61.72
59.35
56.88
54.41
51.94
49.46
46.90
44.41
41.84
39.25
36.69
34.06
31.42
28.83
26.27
23.75
21.29
18.92
16.62
14.44
12.33
10.38
8.62
7.04
5.66
4.41
3.27
2.09
0.98
0.43
0.16
0.17
0.17
0.18
0.19
0.20
0.20
0.21
0.22
0.23
0.24
0.25
0.25
0.26
0.27
0.28
0.29
0.30
0.31
0.31
0.32
0.34
0.34
0.35
0.36
0.37
0.38
0.39
0.40
0.41
0.41
0.42
0.43
0.44
0.45
0.46
0.47
0.48
0.49
0.50
0.50
0.52
0.53
0.53
0.54
0.55
0.56
0.56
0.57
0.58
0.58
0.59
0.59
0.60
0.61
0.61
0.62
0.62
0.62
0.62
0.62
0.62
0.62
0.62
0.62
0.62
0.62
0.62
0.62
0.62
0.62
0.62
0.62
0.61
0.61
0.61
0.61
0.61
0.61
0.60
0.60
0.60
0.61
0.60
0.60
0.60
0.60
426.50
417.40
407.50
397.60
387.70
377.30
366.80
355.70
344.40
333.10
321.60
309.90
298.50
286.60
275.40
264.20
253.20
243.10
233.20
223.70
214.70
207.00
199.10
191.80
185.60
179.80
174.80
169.70
165.30
161.40
157.60
154.30
151.10
148.10
144.90
141.70
138.60
135.50
132.30
129.20
126.20
123.10
119.90
117.00
113.80
110.60
107.60
104.60
101.70
98.82
96.05
93.32
90.69
88.15
85.52
83.27
80.80
78.44
76.15
73.73
71.38
69.13
66.85
64.39
62.09
59.60
57.11
54.61
52.12
49.66
47.10
44.51
41.91
39.36
36.72
34.06
31.44
28.80
26.20
23.70
21.19
18.81
16.50
14.28
12.18
10.21
8.49
6.90
5.54
4.28
3.11
1.88
0.89
0.39
0.17
0.17
0.17
0.17
0.18
0.19
0.20
0.20
0.21
0.22
0.23
0.24
0.25
0.26
0.27
0.28
0.28
0.29
0.30
0.31
0.32
0.33
0.34
0.35
0.36
0.36
0.37
0.39
0.39
0.40
0.41
0.42
0.43
0.43
0.45
0.46
0.47
0.47
0.48
0.49
0.50
0.52
0.52
0.53
0.54
0.54
0.55
0.56
0.57
0.57
0.58
0.59
0.59
0.60
0.60
0.61
0.61
0.62
0.62
0.62
0.62
0.62
0.62
0.62
0.62
0.63
0.63
0.63
0.63
0.63
0.63
0.63
0.63
0.63
0.63
0.63
0.63
0.63
0.63
0.63
0.63
0.62
0.62
0.62
0.62
0.61
0.61
427.20
417.60
407.80
397.90
387.20
376.20
365.20
354.50
342.70
330.80
319.10
307.60
295.50
283.60
272.20
260.50
249.50
239.30
228.80
219.70
210.90
202.40
194.80
187.90
181.80
175.90
170.80
166.20
162.00
158.00
154.70
151.50
148.40
145.50
142.50
139.60
136.70
133.90
131.00
128.00
125.20
122.10
119.20
116.20
113.10
110.00
107.10
104.20
101.60
98.85
96.24
93.56
91.17
88.70
86.28
83.98
81.61
79.38
77.06
74.84
72.56
70.24
68.00
65.67
63.30
60.86
58.39
55.86
53.39
50.87
48.28
45.71
43.11
40.45
37.78
35.05
32.35
29.66
27.05
24.47
21.92
19.52
17.14
14.86
12.69
10.70
8.92
7.28
5.84
4.52
3.31
2.07
0.97
0.43
0.17
0.18
0.19
0.19
0.20
0.21
0.22
0.23
0.24
0.25
0.26
0.27
0.28
0.29
0.29
0.30
0.31
0.32
0.33
0.34
0.35
0.36
0.37
0.38
0.39
0.39
0.40
0.41
0.42
0.43
0.44
0.45
0.46
0.47
0.48
0.49
0.49
0.50
0.51
0.52
0.53
0.54
0.55
0.56
0.57
0.58
0.58
0.59
0.60
0.60
0.61
0.61
0.62
0.63
0.63
0.64
0.64
0.64
0.64
0.64
0.64
0.64
0.64
0.64
0.64
0.64
0.64
0.64
0.64
0.64
0.64
0.63
0.63
0.63
0.62
0.62
0.62
0.62
0.62
0.61
0.61
0.61
0.61
0.61
0.61
0.61
0.61
426.40
416.40
406.20
395.90
384.40
374.00
362.00
350.50
338.60
326.50
314.30
302.70
290.00
278.10
266.70
255.10
244.20
233.40
223.40
213.90
205.30
197.40
189.60
182.90
176.90
171.40
166.60
162.00
158.10
154.70
151.50
148.20
145.30
142.50
139.90
137.10
134.50
131.80
129.00
126.50
123.70
120.90
118.00
115.30
112.50
109.70
107.00
104.40
101.80
99.21
96.72
94.32
91.92
89.57
87.18
84.90
82.84
80.54
78.25
76.08
73.86
71.53
69.27
66.87
64.45
61.98
59.45
56.92
54.38
51.86
49.24
46.60
43.88
41.18
38.42
35.63
32.87
30.13
27.48
24.82
22.25
19.73
17.32
14.97
12.80
10.78
8.92
7.30
5.84
4.47
3.22
1.91
0.91
0.39
0.18
0.18
0.18
0.18
0.19
0.20
0.21
0.22
0.23
0.24
0.25
0.26
0.27
0.28
0.28
0.29
0.30
0.31
0.32
0.33
0.34
0.35
0.36
0.37
0.38
0.39
0.39
0.40
0.41
0.42
0.43
0.44
0.45
0.46
0.46
0.48
0.48
0.49
0.50
0.51
0.52
0.54
0.54
0.55
0.56
0.57
0.58
0.58
0.59
0.60
0.60
0.61
0.61
0.62
0.63
0.62
0.63
0.63
0.63
0.64
0.64
0.64
0.64
0.64
0.64
0.64
0.64
0.64
0.64
0.64
0.64
0.64
0.64
0.64
0.64
0.64
0.64
0.64
0.64
0.64
0.64
0.64
0.64
0.63
0.63
0.62
0.62
427.00
417.60
406.60
395.90
384.50
373.30
361.40
349.80
337.90
325.60
313.10
300.80
288.50
276.40
264.80
253.00
242.00
231.20
221.20
211.40
202.80
194.50
187.00
180.30
174.20
168.90
164.10
159.40
155.70
152.30
149.10
146.20
143.50
141.10
138.70
136.20
133.60
131.00
128.60
126.00
123.50
121.00
118.20
115.50
112.70
110.20
107.60
105.10
102.70
100.30
97.88
95.56
93.27
90.97
88.79
86.60
84.47
82.26
80.11
77.92
75.71
73.51
71.15
68.80
66.45
63.92
61.39
58.91
56.34
53.67
51.04
48.34
45.59
42.75
39.91
37.07
34.21
31.38
28.65
25.93
23.28
20.71
18.17
15.78
13.49
11.37
9.45
7.75
6.22
4.79
3.48
2.13
1.03
0.44
0.18
0.19
0.19
0.20
0.21
0.22
0.23
0.24
0.25
0.26
0.27
0.28
0.29
0.30
0.31
0.32
0.33
0.34
0.35
0.36
0.37
0.38
0.39
0.39
0.40
0.41
0.42
0.43
0.44
0.45
0.46
0.47
0.48
0.48
0.49
0.50
0.51
0.52
0.53
0.54
0.55
0.56
0.57
0.58
0.59
0.59
0.60
0.61
0.61
0.62
0.63
0.63
0.64
0.64
0.65
0.65
0.65
0.65
0.65
0.65
0.65
0.65
0.65
0.65
0.65
0.65
0.65
0.65
0.65
0.65
0.65
0.64
0.64
0.64
0.64
0.64
0.63
0.63
0.63
0.62
0.62
0.62
0.62
0.62
0.62
0.62
0.62
426.20
415.80
404.60
393.60
382.20
370.90
359.00
346.90
334.10
322.30
309.40
297.30
285.00
272.50
260.80
249.20
237.90
227.20
217.10
207.80
198.90
191.00
183.60
176.80
171.00
165.80
160.80
156.70
153.10
149.80
147.10
144.20
141.70
139.40
137.10
134.70
132.60
130.20
127.80
125.50
122.90
120.60
118.10
115.60
113.20
110.80
108.30
105.90
103.70
101.40
99.23
96.92
94.88
92.65
90.48
88.40
86.17
84.07
82.01
79.78
77.49
75.27
72.96
70.60
68.16
65.51
62.97
60.37
57.69
55.00
52.29
49.42
46.63
43.76
40.77
37.83
34.89
32.02
29.19
26.43
23.65
20.98
18.43
15.97
13.60
11.48
9.54
7.82
6.23
4.72
3.38
1.97
0.95
0.38
0.18
0.18
0.18
0.18
0.19
0.20
0.21
0.22
0.23
0.24
0.25
0.26
0.27
0.28
0.29
0.30
0.31
0.32
0.33
0.34
0.35
0.36
0.37
0.38
0.39
0.39
0.40
0.41
0.42
0.43
0.44
0.45
0.46
0.47
0.48
0.48
0.49
0.50
0.51
0.52
0.53
0.54
0.55
0.56
0.57
0.58
0.58
0.59
0.60
0.60
0.61
0.61
0.62
0.62
0.63
0.64
0.64
0.64
0.64
0.65
0.65
0.65
0.65
0.65
0.66
0.65
0.65
0.65
0.65
0.65
0.65
0.65
0.65
0.65
0.65
0.65
0.65
0.65
0.65
0.64
0.64
0.64
0.64
0.64
0.63
0.63
0.63
426.90
416.40
405.80
394.20
383.40
371.30
359.10
347.80
334.90
322.30
309.60
297.00
284.30
272.40
260.00
248.40
237.00
226.60
216.20
206.40
197.60
189.60
182.20
175.50
169.60
164.30
159.90
155.70
152.10
148.70
146.10
143.60
141.00
138.80
136.60
134.40
132.30
130.30
128.00
125.90
123.60
121.40
119.20
116.70
114.20
111.70
109.50
107.20
105.00
102.90
100.70
98.51
96.42
94.31
92.26
90.23
88.06
85.97
83.82
81.66
79.44
77.16
74.82
72.40
69.93
67.45
64.84
62.15
59.50
56.73
53.93
51.07
48.12
45.14
42.17
39.11
36.09
33.10
30.24
27.37
24.57
21.83
19.17
16.62
14.22
12.00
9.98
8.19
6.57
5.02
3.60
2.16
1.04
0.42
0.18
0.18
0.19
0.20
0.21
0.22
0.23
0.24
0.25
0.26
0.27
0.28
0.29
0.30
0.31
0.32
0.33
0.34
0.35
0.36
0.37
0.38
0.39
0.40
0.41
0.41
0.42
0.43
0.44
0.45
0.46
0.47
0.48
0.49
0.50
0.51
0.52
0.52
0.53
0.54
0.55
0.56
0.57
0.58
0.59
0.59
0.60
0.61
0.62
0.62
0.63
0.63
0.64
0.64
0.65
0.65
0.65
0.65
0.65
0.65
0.65
0.65
0.65
0.65
0.65
0.65
0.65
0.65
0.65
0.65
0.65
0.65
0.65
0.64
0.64
0.64
0.64
0.64
0.63
0.63
0.63
0.63
0.63
0.63
0.63
0.63
0.63
426.40
415.10
403.90
392.70
381.00
369.30
357.50
345.00
333.00
320.10
307.20
294.90
282.40
269.60
257.80
245.90
234.70
224.00
213.80
204.30
195.70
187.30
180.00
173.80
168.00
162.40
158.00
154.10
150.60
147.60
144.90
142.60
140.20
138.20
136.00
134.00
131.80
129.90
128.00
125.70
123.60
121.50
119.40
117.20
115.00
112.70
110.50
108.50
106.20
104.10
101.90
99.80
97.65
95.51
93.57
91.41
89.28
87.18
84.98
82.89
80.52
78.15
75.82
73.33
70.84
68.14
65.58
62.79
59.98
57.18
54.37
51.37
48.39
45.37
42.31
39.27
36.17
33.18
30.22
27.36
24.49
21.70
19.05
16.49
14.08
11.86
9.86
8.07
6.40
4.85
3.43
1.97
0.93
0.36
0.18
0.17
0.17
0.18
0.19
0.20
0.21
0.22
0.22
0.23
0.24
0.26
0.27
0.28
0.29
0.29
0.31
0.32
0.33
0.33
0.34
0.36
0.37
0.37
0.38
0.39
0.40
0.41
0.42
0.43
0.44
0.44
0.45
0.47
0.47
0.48
0.49
0.50
0.51
0.52
0.53
0.54
0.54
0.55
0.56
0.57
0.58
0.59
0.59
0.60
0.61
0.61
0.61
0.62
0.63
0.63
0.63
0.64
0.64
0.64
0.65
0.65
0.65
0.65
0.65
0.65
0.65
0.65
0.65
0.65
0.65
0.65
0.65
0.65
0.65
0.65
0.65
0.65
0.65
0.65
0.65
0.65
0.65
0.64
0.64
0.64
0.64
427.80
416.20
405.60
394.40
382.40
371.20
358.50
346.80
333.90
321.40
308.80
296.00
283.10
271.50
259.10
247.10
235.50
224.90
214.50
205.20
195.90
187.90
180.60
173.90
167.90
162.70
158.30
154.20
150.70
147.60
144.90
142.60
140.30
138.20
136.30
134.20
132.20
130.30
128.50
126.50
124.50
122.60
120.50
118.30
116.00
113.80
111.50
109.30
107.20
105.00
103.00
100.70
98.70
96.55
94.33
92.30
90.15
87.98
85.72
83.55
81.15
78.85
76.43
73.91
71.40
68.75
66.08
63.37
60.61
57.76
54.84
51.89
48.91
45.86
42.73
39.66
36.64
33.61
30.65
27.72
24.85
22.05
19.43
16.82
14.37
12.14
10.11
8.30
6.60
5.03
3.58
2.11
1.00
0.39
0.17
0.17
0.18
0.19
0.20
0.21
0.22
0.23
0.24
0.25
0.26
0.27
0.28
0.29
0.30
0.31
0.32
0.33
0.34
0.35
0.36
0.37
0.38
0.39
0.39
0.40
0.41
0.42
0.43
0.44
0.45
0.46
0.47
0.48
0.49
0.50
0.50
0.51
0.52
0.53
0.54
0.55
0.56
0.57
0.57
0.58
0.59
0.59
0.60
0.61
0.62
0.62
0.63
0.63
0.64
0.64
0.65
0.65
0.65
0.65
0.65
0.65
0.65
0.65
0.65
0.65
0.65
0.65
0.65
0.65
0.65
0.64
0.64
0.64
0.64
0.64
0.64
0.64
0.64
0.64
0.64
0.64
0.64
0.64
0.64
0.64
0.64
425.90
415.60
404.50
392.80
381.80
369.80
357.70
345.30
333.00
320.20
307.60
295.20
282.20
270.40
257.80
245.90
234.90
224.00
213.70
204.00
195.30
187.40
179.70
173.30
167.50
162.10
157.70
153.80
150.30
147.20
144.60
142.20
140.20
138.10
136.10
134.20
132.40
130.50
128.70
126.80
124.80
122.90
120.60
118.50
116.70
114.40
112.10
109.90
107.80
105.60
103.40
101.20
98.84
96.72
94.63
92.37
90.17
87.87
85.58
83.31
80.91
78.50
76.02
73.58
70.86
68.26
65.55
62.79
59.92
57.05
54.18
51.23
48.23
45.24
42.12
39.07
36.08
33.07
30.15
27.25
24.35
21.63
19.00
16.44
14.05
11.83
9.86
8.05
6.37
4.78
3.36
1.92
0.88
0.32
0.17
0.16
0.16
0.17
0.17
0.18
0.19
0.20
0.21
0.22
0.23
0.24
0.25
0.27
0.27
0.28
0.29
0.30
0.31
0.32
0.33
0.34
0.35
0.36
0.37
0.38
0.39
0.40
0.41
0.42
0.42
0.44
0.44
0.45
0.46
0.47
0.48
0.48
0.49
0.50
0.51
0.52
0.53
0.54
0.54
0.55
0.56
0.57
0.57
0.58
0.59
0.59
0.60
0.61
0.61
0.62
0.62
0.62
0.63
0.63
0.64
0.64
0.64
0.64
0.64
0.64
0.64
0.64
0.64
0.64
0.64
0.64
0.64
0.64
0.64
0.64
0.64
0.64
0.64
0.64
0.64
0.64
0.64
0.64
0.64
0.64
0.64
427.30
416.80
405.90
394.90
383.50
371.40
359.30
347.50
335.40
322.80
310.30
297.70
284.90
272.90
260.80
248.50
237.10
226.40
215.90
206.30
197.50
189.10
181.50
174.80
168.70
163.60
158.90
154.70
151.20
148.10
145.30
142.90
140.70
138.70
136.80
134.90
133.20
131.30
129.60
127.70
125.70
123.60
121.60
119.60
117.20
114.90
112.60
110.40
108.20
105.90
103.70
101.40
99.14
96.79
94.52
92.22
89.94
87.72
85.40
82.97
80.54
78.10
75.60
73.12
70.58
67.90
65.27
62.57
59.77
56.96
54.11
51.23
48.23
45.19
42.20
39.22
36.22
33.28
30.37
27.53
24.64
21.89
19.28
16.72
14.33
12.13
10.10
8.29
6.59
5.01
3.54
2.08
0.95
0.36
0.15
0.16
0.17
0.18
0.19
0.19
0.20
0.21
0.22
0.23
0.24
0.25
0.26
0.27
0.28
0.29
0.30
0.31
0.32
0.33
0.34
0.35
0.36
0.37
0.38
0.39
0.40
0.40
0.41
0.43
0.43
0.44
0.45
0.46
0.47
0.48
0.49
0.49
0.50
0.51
0.52
0.53
0.54
0.55
0.55
0.56
0.57
0.58
0.58
0.59
0.59
0.60
0.61
0.61
0.62
0.62
0.63
0.64
0.64
0.64
0.64
0.64
0.64
0.64
0.64
0.64
0.64
0.64
0.64
0.64
0.64
0.64
0.64
0.64
0.64
0.64
0.64
0.64
0.64
0.65
0.64
0.64
0.64
0.64
0.64
0.64
0.64
426.10
415.80
405.00
393.90
382.80
371.80
359.70
347.40
335.60
322.70
310.30
297.70
285.20
273.00
261.10
249.40
238.10
227.20
216.90
207.30
198.40
189.80
182.60
175.50
169.40
164.10
159.60
155.30
151.70
148.60
145.80
143.40
140.90
139.20
137.20
135.30
133.50
131.50
129.90
128.00
125.90
123.90
121.80
119.70
117.50
115.30
113.00
110.80
108.50
106.00
103.70
101.20
98.85
96.53
94.22
91.86
89.48
87.06
84.57
82.25
79.85
77.33
74.77
72.31
69.75
67.14
64.41
61.62
58.83
56.04
53.26
50.35
47.48
44.50
41.49
38.57
35.65
32.70
29.90
27.04
24.17
21.54
18.94
16.42
14.05
11.87
9.89
8.11
6.41
4.81
3.34
1.88
0.85
0.29
0.15
0.15
0.15
0.15
0.16
0.17
0.18
0.18
0.19
0.20
0.21
0.22
0.23
0.24
0.25
0.26
0.27
0.28
0.29
0.30
0.31
0.32
0.33
0.34
0.35
0.36
0.36
0.38
0.38
0.39
0.40
0.41
0.42
0.43
0.44
0.45
0.45
0.46
0.47
0.48
0.49
0.50
0.51
0.52
0.52
0.53
0.54
0.54
0.55
0.56
0.56
0.57
0.57
0.58
0.59
0.59
0.60
0.60
0.61
0.61
0.62
0.62
0.62
0.62
0.62
0.63
0.63
0.63
0.63
0.63
0.64
0.64
0.64
0.64
0.64
0.64
0.64
0.64
0.64
0.64
0.64
0.64
0.64
0.64
0.64
0.64
0.64
427.30
417.50
406.80
396.70
385.40
374.30
362.40
350.80
339.10
326.60
314.20
302.00
289.60
277.40
265.20
253.30
241.70
231.10
220.80
211.00
201.80
193.50
185.40
178.80
172.20
166.70
161.90
157.40
153.50
150.40
147.40
144.80
142.30
140.20
138.10
136.30
134.50
132.40
130.80
128.90
126.90
124.90
122.90
120.70
118.50
116.10
113.60
111.20
108.80
106.30
103.90
101.50
99.01
96.58
94.14
91.69
89.25
86.80
84.35
81.91
79.41
76.88
74.42
71.87
69.29
66.68
64.04
61.41
58.70
55.97
53.13
50.39
47.43
44.56
41.68
38.71
35.84
32.92
30.15
27.32
24.53
21.83
19.23
16.72
14.38
12.16
10.17
8.37
6.64
5.02
3.52
2.02
0.93
0.33
0.14
0.15
0.16
0.16
0.17
0.18
0.18
0.20
0.21
0.21
0.22
0.23
0.24
0.25
0.26
0.27
0.28
0.29
0.30
0.31
0.32
0.32
0.33
0.34
0.35
0.36
0.37
0.38
0.39
0.40
0.41
0.42
0.42
0.44
0.44
0.45
0.46
0.47
0.48
0.48
0.49
0.50
0.51
0.52
0.53
0.53
0.54
0.55
0.55
0.56
0.57
0.58
0.58
0.59
0.59
0.60
0.61
0.61
0.62
0.62
0.62
0.63
0.63
0.63
0.64
0.64
0.64
0.64
0.64
0.64
0.64
0.64
0.64
0.64
0.64
0.64
0.64
0.64
0.64
0.64
0.64
0.64
0.64
0.64
0.64
0.64
0.64
425.90
416.60
406.20
396.10
385.40
374.70
362.90
351.70
340.00
328.10
315.70
303.50
291.80
279.00
267.70
255.50
244.40
233.70
223.00
213.20
204.00
195.80
188.00
180.90
174.40
168.80
163.70
159.10
155.20
151.60
148.60
145.70
143.40
141.20
139.00
137.10
135.20
133.10
131.30
129.30
127.30
125.40
123.20
121.00
118.70
116.30
114.00
111.70
109.10
106.50
104.00
101.60
98.91
96.33
93.91
91.34
88.90
86.35
83.84
81.33
78.80
76.14
73.70
71.19
68.60
65.95
63.27
60.58
57.88
55.18
52.34
49.56
46.69
43.84
40.92
38.06
35.22
32.35
29.59
26.83
24.06
21.38
18.86
16.38
14.08
11.87
9.94
8.15
6.42
4.80
3.28
1.80
0.81
0.26
0.14
0.14
0.14
0.14
0.15
0.16
0.17
0.17
0.18
0.19
0.20
0.20
0.21
0.22
0.23
0.24
0.25
0.26
0.27
0.28
0.28
0.30
0.30
0.31
0.32
0.33
0.34
0.35
0.36
0.37
0.37
0.38
0.39
0.40
0.41
0.42
0.43
0.43
0.44
0.45
0.46
0.47
0.48
0.49
0.49
0.50
0.51
0.51
0.52
0.53
0.54
0.54
0.55
0.55
0.56
0.57
0.57
0.58
0.58
0.58
0.59
0.59
0.60
0.60
0.60
0.60
0.61
0.61
0.61
0.61
0.62
0.62
0.62
0.62
0.62
0.62
0.62
0.62
0.62
0.62
0.62
0.63
0.63
0.63
0.64
0.64
0.64
