SALVI
1
0
72
5.0
181
1.0
250109_5 SNAP 350 3000K SP5L 085_2 PMMA L
250109_5 SNAP SP5L 085_2 PMMA L

250109_5 SNAP 350 3000K SP5L 085_2 PMMA L.ldt
7 Agost 2025/TB
240
0
90
160
10
0
0
0
0
99.77
99.99
1.00
0.00
1
1
16 LED 5050
5062.80

70
38.70
0.35
0.44
0.52
0.59
0.64
0.72
0.76
0.79
0.84
0.87
0.00
5.00
10.00
15.00
20.00
25.00
30.00
35.00
40.00
45.00
50.00
55.00
60.00
65.00
70.00
75.00
80.00
85.00
90.00
95.00
100.00
105.00
110.00
115.00
120.00
125.00
130.00
135.00
140.00
145.00
150.00
155.00
160.00
165.00
170.00
175.00
180.00
185.00
190.00
195.00
200.00
205.00
210.00
215.00
220.00
225.00
230.00
235.00
240.00
245.00
250.00
255.00
260.00
265.00
270.00
275.00
280.00
285.00
290.00
295.00
300.00
305.00
310.00
315.00
320.00
325.00
330.00
335.00
340.00
345.00
350.00
355.00
0.00
1.00
2.00
3.00
4.00
5.00
6.00
7.00
8.00
9.00
10.00
11.00
12.00
13.00
14.00
15.00
16.00
17.00
18.00
19.00
20.00
21.00
22.00
23.00
24.00
25.00
26.00
27.00
28.00
29.00
30.00
31.00
32.00
33.00
34.00
35.00
36.00
37.00
38.00
39.00
40.00
41.00
42.00
43.00
44.00
45.00
46.00
47.00
48.00
49.00
50.00
51.00
52.00
53.00
54.00
55.00
56.00
57.00
58.00
59.00
60.00
61.00
62.00
63.00
64.00
65.00
66.00
67.00
68.00
69.00
70.00
71.00
72.00
73.00
74.00
75.00
76.00
77.00
78.00
79.00
80.00
81.00
82.00
83.00
84.00
85.00
86.00
87.00
88.00
89.00
90.00
91.00
92.00
93.00
94.00
95.00
96.00
97.00
98.00
99.00
100.00
101.00
102.00
103.00
104.00
105.00
106.00
107.00
108.00
109.00
110.00
111.00
112.00
113.00
114.00
115.00
116.00
117.00
118.00
119.00
120.00
121.00
122.00
123.00
124.00
125.00
126.00
127.00
128.00
129.00
130.00
131.00
132.00
133.00
134.00
135.00
136.00
137.00
138.00
139.00
140.00
141.00
142.00
143.00
144.00
145.00
146.00
147.00
148.00
149.00
150.00
151.00
152.00
153.00
154.00
155.00
156.00
157.00
158.00
159.00
160.00
161.00
162.00
163.00
164.00
165.00
166.00
167.00
168.00
169.00
170.00
171.00
172.00
173.00
174.00
175.00
176.00
177.00
178.00
179.00
180.00
427.50
436.50
445.00
453.00
460.30
467.80
475.00
481.40
486.80
492.90
498.70
502.80
507.60
511.10
515.10
517.80
520.70
522.70
523.50
524.30
524.40
525.50
524.80
523.50
522.20
520.00
517.90
514.50
511.10
506.20
502.50
497.40
491.70
486.50
480.40
474.10
467.20
459.50
451.20
443.40
434.00
425.00
415.80
406.50
396.20
386.00
374.90
364.10
352.70
341.80
329.60
317.90
306.10
294.20
282.70
270.20
258.00
246.10
234.80
222.80
211.00
199.60
188.70
177.60
166.80
156.40
146.30
136.70
127.30
118.10
109.40
100.80
92.67
84.75
77.21
70.05
63.18
56.95
50.72
44.50
38.98
33.72
28.82
24.31
20.27
16.60
13.32
10.55
8.00
5.74
3.81
1.91
0.77
0.17
0.08
0.08
0.08
0.08
0.08
0.08
0.08
0.08
0.08
0.08
0.08
0.08
0.09
0.09
0.09
0.09
0.10
0.10
0.10
0.11
0.11
0.11
0.12
0.12
0.12
0.13
0.13
0.13
0.14
0.15
0.15
0.15
0.16
0.16
0.17
0.17
0.17
0.18
0.18
0.19
0.20
0.20
0.21
0.22
0.22
0.23
0.24
0.24
0.25
0.26
0.27
0.27
0.28
0.29
0.30
0.30
0.31
0.32
0.33
0.34
0.35
0.36
0.37
0.38
0.39
0.40
0.41
0.41
0.42
0.43
0.44
0.45
0.46
0.47
0.48
0.49
0.50
0.51
0.52
0.53
0.54
0.55
0.56
0.57
0.58
0.60
0.61
426.50
435.90
444.50
453.00
461.80
469.30
476.80
484.30
490.90
497.50
503.50
508.80
513.60
518.90
523.20
527.20
530.50
533.40
535.20
536.90
538.90
539.50
539.60
539.00
538.20
536.60
535.40
532.60
529.60
527.00
521.90
518.30
513.60
508.30
502.10
495.70
488.80
481.40
474.40
465.40
456.30
448.20
438.80
428.60
418.40
408.20
397.20
386.20
374.20
362.30
350.50
338.30
326.10
313.30
301.10
288.50
276.00
263.40
251.10
238.50
226.00
214.00
201.90
190.40
179.10
168.10
157.60
146.80
137.10
127.50
117.90
108.30
99.46
91.07
83.03
75.30
68.00
61.05
54.30
48.08
42.16
36.53
31.37
26.43
22.02
18.09
14.60
11.59
8.85
6.42
4.32
2.32
0.91
0.26
0.08
0.08
0.08
0.08
0.08
0.09
0.09
0.09
0.10
0.10
0.10
0.10
0.11
0.11
0.11
0.12
0.12
0.12
0.12
0.13
0.13
0.14
0.14
0.14
0.14
0.15
0.15
0.16
0.16
0.16
0.17
0.17
0.18
0.18
0.18
0.19
0.19
0.20
0.20
0.21
0.22
0.22
0.23
0.23
0.24
0.24
0.25
0.26
0.26
0.28
0.28
0.29
0.30
0.31
0.31
0.32
0.33
0.34
0.35
0.36
0.37
0.37
0.38
0.39
0.40
0.41
0.42
0.43
0.44
0.45
0.46
0.47
0.48
0.49
0.50
0.51
0.52
0.53
0.54
0.55
0.57
0.57
0.58
0.59
0.61
0.61
0.62
426.80
436.50
446.10
454.90
463.30
471.70
480.20
488.00
494.70
501.90
508.20
514.60
520.20
525.70
531.00
535.30
539.00
542.90
545.60
548.40
550.70
551.70
552.20
552.60
552.70
552.30
550.70
548.60
545.60
542.20
539.20
535.10
529.90
525.10
519.90
513.60
506.50
499.10
491.90
484.20
475.00
465.80
456.00
446.60
435.90
425.30
413.80
402.20
390.40
378.80
366.70
353.50
340.70
328.20
314.90
302.20
288.70
275.60
262.90
249.80
236.80
224.00
211.90
199.60
187.50
176.00
164.90
153.70
143.10
132.80
122.90
113.40
104.10
95.24
86.81
78.77
70.96
63.57
56.97
50.37
43.76
37.81
32.42
27.31
22.75
18.62
14.89
11.82
9.00
6.52
4.36
2.19
0.85
0.20
0.08
0.08
0.08
0.08
0.08
0.08
0.08
0.08
0.09
0.08
0.08
0.09
0.09
0.09
0.10
0.10
0.10
0.10
0.11
0.11
0.11
0.12
0.12
0.12
0.13
0.13
0.13
0.14
0.15
0.15
0.15
0.15
0.16
0.16
0.17
0.17
0.17
0.18
0.18
0.19
0.20
0.20
0.21
0.21
0.22
0.23
0.23
0.24
0.25
0.25
0.26
0.27
0.28
0.29
0.29
0.30
0.31
0.32
0.33
0.34
0.35
0.36
0.36
0.37
0.38
0.39
0.40
0.41
0.42
0.43
0.44
0.45
0.46
0.47
0.48
0.49
0.50
0.51
0.52
0.53
0.55
0.56
0.57
0.58
0.59
0.60
0.62
425.30
436.00
445.70
454.80
464.00
473.30
481.00
489.00
497.90
504.40
512.10
519.20
525.70
530.70
536.70
542.20
546.60
550.90
554.40
557.40
560.60
562.30
563.80
565.80
565.50
565.20
565.00
563.20
560.70
558.80
555.00
551.20
546.60
542.00
537.40
530.80
523.60
517.30
510.00
501.10
493.10
483.60
474.30
463.70
454.00
443.10
431.90
420.00
408.20
396.30
383.20
370.30
357.80
343.90
331.20
317.90
304.00
289.90
276.90
263.40
249.80
236.60
223.60
211.10
198.50
186.30
174.70
163.00
152.00
141.00
130.70
120.90
111.00
101.20
92.34
83.72
75.58
67.91
60.55
53.47
46.89
40.65
34.90
29.50
24.54
20.18
16.29
12.91
9.86
7.18
4.88
2.64
1.02
0.30
0.08
0.08
0.08
0.08
0.09
0.09
0.09
0.09
0.10
0.10
0.10
0.10
0.11
0.11
0.11
0.12
0.12
0.12
0.12
0.13
0.13
0.13
0.14
0.14
0.14
0.14
0.15
0.16
0.16
0.16
0.17
0.17
0.17
0.18
0.18
0.19
0.19
0.20
0.20
0.21
0.22
0.22
0.22
0.23
0.24
0.24
0.25
0.26
0.26
0.27
0.28
0.29
0.29
0.30
0.31
0.32
0.33
0.33
0.34
0.35
0.36
0.37
0.38
0.39
0.40
0.41
0.42
0.43
0.44
0.45
0.46
0.47
0.48
0.49
0.50
0.51
0.52
0.53
0.54
0.55
0.57
0.58
0.59
0.60
0.61
0.62
0.63
427.10
436.80
446.70
456.90
466.20
475.20
483.40
492.80
500.20
508.70
515.70
523.10
529.90
536.40
543.00
548.40
553.30
558.10
561.80
566.30
569.70
572.20
574.00
574.90
575.80
575.90
576.10
574.90
573.10
571.00
568.30
564.80
561.00
554.90
550.30
544.30
538.00
530.70
523.40
514.50
506.40
496.40
487.60
477.90
467.10
455.90
444.50
433.30
420.70
408.80
396.10
383.00
370.00
356.20
342.80
328.90
314.90
301.10
287.30
273.50
259.90
246.50
233.30
219.70
206.80
194.10
182.10
170.00
158.60
147.10
136.10
125.80
115.80
106.10
96.61
87.68
79.11
70.96
62.99
55.74
49.19
42.64
36.09
30.52
25.45
20.86
16.73
13.27
10.09
7.30
4.92
2.47
0.94
0.24
0.08
0.08
0.08
0.08
0.08
0.08
0.08
0.08
0.08
0.09
0.08
0.09
0.09
0.09
0.10
0.10
0.10
0.10
0.10
0.11
0.11
0.12
0.12
0.12
0.12
0.13
0.13
0.14
0.14
0.14
0.15
0.15
0.15
0.16
0.16
0.17
0.17
0.17
0.18
0.19
0.19
0.20
0.21
0.21
0.22
0.22
0.23
0.24
0.24
0.25
0.26
0.27
0.27
0.28
0.29
0.30
0.30
0.31
0.33
0.33
0.34
0.35
0.36
0.37
0.38
0.39
0.40
0.41
0.42
0.42
0.44
0.45
0.46
0.47
0.48
0.49
0.50
0.51
0.52
0.53
0.55
0.56
0.57
0.58
0.60
0.61
0.62
425.30
436.00
445.80
455.10
465.50
474.90
483.60
492.80
500.90
509.40
517.70
525.00
531.40
538.60
546.00
551.60
557.10
562.30
567.10
571.90
575.10
578.10
581.10
582.90
584.50
585.20
585.50
584.50
583.60
581.10
579.40
576.40
571.80
567.70
562.00
556.90
550.00
543.50
535.80
528.10
519.40
510.90
501.80
491.30
480.60
470.10
459.30
447.70
435.10
423.70
410.70
397.70
384.40
371.10
357.70
344.10
330.20
315.70
301.70
287.70
274.20
260.10
246.10
232.50
219.80
206.70
193.90
181.70
169.40
157.40
146.20
135.30
124.80
114.30
103.80
94.36
85.29
76.72
68.34
60.57
53.10
46.06
39.62
33.48
27.91
22.96
18.58
14.71
11.24
8.22
5.61
3.03
1.14
0.34
0.08
0.08
0.08
0.08
0.09
0.09
0.09
0.09
0.10
0.10
0.10
0.10
0.11
0.11
0.11
0.12
0.12
0.12
0.12
0.13
0.13
0.13
0.14
0.14
0.14
0.15
0.15
0.15
0.16
0.16
0.17
0.17
0.17
0.18
0.18
0.19
0.19
0.20
0.20
0.21
0.22
0.22
0.22
0.23
0.24
0.24
0.25
0.26
0.26
0.27
0.28
0.29
0.29
0.30
0.31
0.32
0.32
0.33
0.34
0.35
0.36
0.37
0.38
0.39
0.40
0.41
0.42
0.43
0.44
0.44
0.46
0.46
0.48
0.48
0.49
0.51
0.51
0.53
0.54
0.56
0.57
0.58
0.59
0.61
0.62
0.62
0.62
426.70
436.80
447.00
456.80
466.50
476.30
485.20
494.40
503.30
511.10
519.20
527.10
534.50
541.20
549.00
554.70
560.60
566.10
571.40
576.10
579.90
582.80
585.90
588.10
590.00
590.50
591.10
590.90
589.80
588.20
585.50
583.00
578.60
575.10
570.10
564.10
557.70
552.20
544.50
536.60
528.60
519.30
510.00
500.90
490.70
480.00
469.00
458.00
446.60
434.80
421.50
409.20
396.40
383.20
370.00
356.20
342.60
329.00
315.10
300.60
286.80
272.60
258.60
244.90
231.30
218.20
204.90
192.20
179.40
167.00
155.20
143.60
132.60
121.50
111.00
100.80
91.15
81.89
73.13
64.64
57.15
49.67
42.19
35.68
29.76
24.45
19.70
15.62
11.92
8.66
5.82
2.87
1.10
0.28
0.09
0.08
0.08
0.08
0.08
0.08
0.08
0.08
0.08
0.08
0.09
0.09
0.09
0.09
0.09
0.10
0.10
0.10
0.11
0.11
0.11
0.11
0.12
0.12
0.13
0.13
0.13
0.14
0.14
0.15
0.15
0.15
0.16
0.16
0.16
0.17
0.17
0.18
0.19
0.19
0.20
0.20
0.21
0.21
0.22
0.22
0.23
0.24
0.24
0.25
0.26
0.27
0.27
0.28
0.29
0.30
0.31
0.31
0.32
0.33
0.34
0.35
0.36
0.37
0.38
0.39
0.40
0.41
0.42
0.43
0.44
0.45
0.46
0.47
0.48
0.49
0.50
0.51
0.52
0.54
0.55
0.56
0.58
0.59
0.60
0.62
0.62
425.70
435.50
445.80
455.60
465.90
475.00
484.00
492.40
501.60
510.50
518.40
526.40
534.00
541.70
549.00
555.70
560.90
566.90
572.90
577.00
581.00
584.60
588.30
591.00
591.50
592.90
593.30
594.10
593.80
592.40
589.30
586.70
583.20
579.90
575.80
569.90
564.50
558.20
550.70
543.80
535.90
528.20
519.10
509.80
500.40
489.90
479.80
469.70
458.50
446.80
435.50
423.80
411.10
398.70
385.10
372.60
358.60
345.00
331.60
317.90
304.30
290.20
276.30
262.20
249.20
235.00
221.50
208.30
195.40
182.30
169.50
157.60
145.40
134.00
123.00
112.00
101.10
91.01
81.40
72.32
63.53
55.39
47.64
40.34
33.78
27.86
22.64
18.02
13.80
10.16
6.89
3.57
1.38
0.42
0.08
0.08
0.08
0.09
0.09
0.09
0.09
0.09
0.10
0.10
0.10
0.10
0.11
0.11
0.11
0.12
0.12
0.12
0.12
0.13
0.13
0.13
0.14
0.14
0.15
0.15
0.15
0.16
0.16
0.16
0.17
0.17
0.18
0.18
0.19
0.19
0.19
0.20
0.20
0.21
0.21
0.22
0.23
0.24
0.24
0.24
0.25
0.26
0.27
0.27
0.28
0.29
0.30
0.30
0.31
0.31
0.33
0.33
0.34
0.35
0.36
0.37
0.38
0.38
0.40
0.40
0.42
0.42
0.43
0.44
0.45
0.47
0.48
0.49
0.50
0.51
0.52
0.53
0.54
0.56
0.57
0.58
0.60
0.61
0.62
0.62
0.62
426.60
436.60
446.80
456.50
466.10
475.60
484.40
493.80
502.30
510.80
519.00
527.30
534.40
541.70
548.60
555.50
561.20
566.40
572.00
575.80
580.00
584.30
587.90
589.40
591.30
592.30
592.90
592.60
592.70
591.50
588.70
586.30
583.20
579.80
574.50
569.60
564.50
558.80
552.50
545.20
537.80
530.50
522.50
514.50
505.00
496.10
486.70
476.20
465.60
456.00
444.70
433.50
421.90
409.90
398.70
385.50
372.90
360.10
346.70
332.90
319.70
305.90
292.10
277.70
264.50
250.70
236.60
223.00
209.60
196.30
182.90
170.10
157.40
145.10
133.20
121.50
110.20
99.24
88.86
78.98
69.51
60.41
52.23
44.05
37.01
30.39
24.67
19.68
15.14
11.01
7.30
3.50
1.42
0.34
0.10
0.09
0.09
0.09
0.09
0.09
0.09
0.09
0.09
0.09
0.09
0.09
0.09
0.09
0.10
0.10
0.10
0.10
0.11
0.11
0.12
0.12
0.12
0.13
0.13
0.13
0.14
0.14
0.14
0.15
0.15
0.15
0.16
0.17
0.17
0.17
0.18
0.18
0.19
0.19
0.20
0.21
0.21
0.22
0.22
0.23
0.24
0.24
0.25
0.26
0.27
0.27
0.28
0.29
0.30
0.30
0.31
0.32
0.33
0.34
0.34
0.36
0.37
0.37
0.38
0.39
0.40
0.41
0.42
0.43
0.44
0.45
0.46
0.47
0.48
0.49
0.50
0.52
0.53
0.55
0.56
0.57
0.58
0.60
0.61
0.62
0.63
424.60
435.50
445.40
454.30
464.40
473.20
482.40
491.20
499.80
508.20
515.90
524.20
531.00
538.10
544.70
550.70
557.70
562.70
567.50
572.50
576.70
579.90
582.60
585.40
586.30
587.60
588.40
588.60
587.70
586.40
583.80
581.90
578.80
576.00
571.70
566.10
561.20
556.10
550.90
544.00
537.90
530.10
523.90
515.50
507.80
499.90
491.70
482.30
473.00
463.50
453.90
443.30
433.40
422.50
410.90
399.70
387.40
375.90
363.50
350.20
337.20
323.60
310.30
296.20
282.40
268.50
254.50
240.40
226.60
212.70
199.20
185.60
172.20
159.40
146.40
133.90
122.10
110.30
98.46
87.63
77.37
67.51
58.33
49.65
41.71
34.58
28.15
22.50
17.43
12.95
8.83
4.33
1.73
0.56
0.08
0.08
0.08
0.09
0.09
0.09
0.09
0.10
0.10
0.10
0.10
0.11
0.11
0.11
0.11
0.12
0.12
0.12
0.13
0.13
0.13
0.14
0.14
0.14
0.15
0.15
0.15
0.16
0.16
0.17
0.17
0.18
0.18
0.18
0.19
0.19
0.20
0.20
0.21
0.22
0.22
0.23
0.23
0.24
0.24
0.25
0.26
0.26
0.27
0.28
0.28
0.29
0.30
0.31
0.31
0.32
0.33
0.34
0.35
0.36
0.37
0.38
0.38
0.39
0.40
0.41
0.42
0.43
0.44
0.45
0.46
0.47
0.48
0.49
0.50
0.51
0.52
0.54
0.55
0.57
0.58
0.59
0.61
0.62
0.63
0.63
0.63
426.50
435.90
445.40
454.60
463.40
472.90
481.70
489.70
498.40
506.50
514.40
521.30
528.40
535.50
541.50
547.30
553.50
558.40
563.10
567.10
569.80
572.80
575.60
578.10
578.80
579.20
580.00
579.40
578.80
576.80
574.00
571.40
568.80
565.50
561.70
557.00
552.20
547.30
542.50
536.00
530.80
524.70
518.20
511.20
503.90
496.50
488.90
481.40
473.40
465.60
455.60
446.40
437.50
427.00
417.40
406.70
395.20
383.70
371.90
360.00
346.50
334.00
320.40
306.50
292.80
278.90
265.20
250.80
236.60
222.20
208.50
194.40
180.60
167.10
153.90
140.60
127.80
115.50
103.90
92.53
81.46
71.08
61.29
52.59
43.90
36.14
29.44
23.60
18.31
13.45
8.95
4.15
1.72
0.38
0.09
0.09
0.09
0.09
0.09
0.09
0.09
0.09
0.09
0.09
0.09
0.09
0.09
0.09
0.10
0.10
0.10
0.11
0.11
0.11
0.11
0.12
0.12
0.13
0.13
0.13
0.14
0.14
0.14
0.15
0.16
0.16
0.16
0.17
0.17
0.18
0.18
0.19
0.20
0.20
0.20
0.21
0.22
0.22
0.23
0.24
0.24
0.25
0.25
0.26
0.27
0.28
0.28
0.29
0.30
0.31
0.31
0.32
0.33
0.34
0.35
0.36
0.37
0.38
0.39
0.39
0.40
0.41
0.42
0.43
0.44
0.45
0.46
0.47
0.49
0.50
0.50
0.52
0.53
0.55
0.56
0.58
0.59
0.60
0.62
0.63
0.63
424.60
434.60
443.70
452.70
461.30
469.80
478.20
486.20
494.10
502.10
509.10
516.00
523.30
529.30
535.20
540.60
546.10
550.90
554.80
557.60
560.80
564.60
565.30
567.30
567.80
567.50
567.30
567.00
565.50
563.40
561.20
558.60
556.20
552.30
548.20
544.20
539.10
535.20
529.70
524.50
519.30
513.70
507.80
501.90
495.60
489.30
482.40
475.30
468.70
461.20
453.60
445.60
436.70
427.80
418.20
408.40
397.60
387.50
376.10
364.30
352.30
339.90
326.70
312.80
299.80
285.70
271.50
257.20
243.60
228.50
214.40
200.70
186.70
172.70
159.20
145.90
133.40
121.00
108.50
96.10
85.09
74.36
64.27
54.88
46.18
38.29
31.31
25.13
19.51
14.63
10.04
4.92
1.96
0.65
0.08
0.09
0.09
0.09
0.09
0.09
0.09
0.10
0.10
0.10
0.10
0.11
0.11
0.11
0.12
0.12
0.12
0.13
0.13
0.13
0.13
0.14
0.14
0.15
0.15
0.16
0.16
0.16
0.17
0.17
0.18
0.18
0.18
0.19
0.20
0.20
0.21
0.21
0.22
0.22
0.23
0.23
0.24
0.24
0.25
0.25
0.26
0.27
0.28
0.28
0.29
0.30
0.31
0.31
0.32
0.33
0.34
0.35
0.35
0.36
0.37
0.38
0.39
0.40
0.41
0.42
0.43
0.44
0.45
0.45
0.47
0.48
0.49
0.49
0.51
0.51
0.53
0.54
0.55
0.57
0.58
0.59
0.61
0.62
0.64
0.64
0.64
426.40
435.30
443.50
452.10
461.10
469.00
476.10
484.50
491.60
499.10
505.30
511.80
517.80
523.70
528.30
533.20
537.10
541.90
544.80
547.10
550.30
551.50
552.70
553.70
552.90
553.20
552.30
550.40
549.10
546.20
544.30
540.40
536.90
533.00
528.70
524.90
521.10
516.10
511.00
505.80
500.90
496.30
490.20
484.60
478.30
473.20
466.60
460.50
454.40
447.70
440.70
432.40
424.40
416.40
407.70
398.40
388.30
378.00
367.20
355.60
343.90
331.50
319.10
306.50
292.70
279.10
265.00
251.80
237.60
223.80
209.00
195.30
181.70
168.20
154.80
141.80
129.00
116.60
104.70
93.39
82.41
72.16
62.18
53.33
44.52
36.85
30.00
24.02
18.65
13.86
9.25
4.26
1.81
0.43
0.09
0.09
0.09
0.09
0.09
0.09
0.09
0.09
0.09
0.09
0.09
0.09
0.09
0.10
0.10
0.10
0.10
0.11
0.11
0.11
0.12
0.12
0.13
0.13
0.13
0.14
0.15
0.15
0.15
0.16
0.16
0.17
0.17
0.17
0.18
0.19
0.19
0.19
0.20
0.21
0.21
0.22
0.22
0.23
0.23
0.24
0.25
0.26
0.26
0.27
0.28
0.29
0.29
0.30
0.31
0.31
0.32
0.33
0.34
0.35
0.36
0.37
0.37
0.38
0.39
0.41
0.41
0.42
0.43
0.44
0.45
0.46
0.47
0.48
0.49
0.50
0.51
0.53
0.54
0.55
0.57
0.58
0.59
0.61
0.63
0.63
0.64
424.80
433.20
442.00
450.00
457.90
465.70
472.40
479.50
486.10
492.40
498.80
505.10
509.70
514.80
519.70
523.30
527.50
530.50
533.70
535.00
535.80
537.40
538.00
537.70
536.90
535.40
534.30
531.70
529.40
527.10
523.70
520.20
515.90
511.80
507.40
502.70
498.70
494.00
488.20
483.10
478.00
473.00
467.50
461.70
457.30
451.30
445.30
439.20
432.90
426.30
419.50
412.30
404.90
397.10
388.40
379.20
370.00
359.80
349.40
339.30
327.80
316.20
303.80
291.30
278.70
265.50
252.30
239.40
226.20
212.40
199.20
186.00
173.00
160.60
147.70
135.30
123.50
111.80
100.10
89.27
78.87
69.08
59.65
50.99
42.99
35.55
29.09
23.35
18.17
13.61
9.29
4.60
1.87
0.65
0.09
0.09
0.09
0.09
0.09
0.10
0.10
0.10
0.10
0.10
0.11
0.11
0.11
0.12
0.12
0.12
0.13
0.13
0.13
0.14
0.14
0.14
0.15
0.15
0.16
0.16
0.16
0.17
0.17
0.18
0.18
0.19
0.19
0.20
0.21
0.21
0.21
0.22
0.23
0.23
0.24
0.24
0.25
0.25
0.26
0.27
0.27
0.28
0.29
0.30
0.30
0.31
0.32
0.32
0.33
0.34
0.35
0.36
0.37
0.37
0.38
0.39
0.40
0.41
0.42
0.43
0.44
0.44
0.45
0.46
0.47
0.48
0.49
0.50
0.51
0.52
0.53
0.55
0.56
0.58
0.59
0.60
0.62
0.63
0.64
0.65
0.65
425.70
434.20
441.00
449.30
456.30
463.20
469.70
475.80
481.50
487.30
492.50
497.70
502.40
506.60
510.20
513.40
516.10
517.80
519.40
520.90
521.10
521.10
520.70
519.50
517.80
516.10
513.30
510.20
507.60
503.40
499.70
495.30
490.80
486.50
481.00
476.10
471.30
465.80
460.80
455.70
449.40
444.30
438.70
433.20
426.90
421.30
415.00
408.70
402.50
395.60
388.70
381.90
374.10
366.20
357.80
349.00
339.80
330.10
320.30
309.50
299.00
287.70
276.00
264.40
252.40
240.30
227.90
215.90
203.90
191.40
179.10
167.30
155.30
143.70
132.40
120.90
109.90
99.54
89.34
79.69
70.31
61.42
53.28
45.14
38.03
31.44
25.56
20.46
15.86
11.80
7.82
3.70
1.58
0.39
0.10
0.09
0.09
0.09
0.09
0.09
0.09
0.09
0.09
0.09
0.09
0.09
0.10
0.10
0.10
0.11
0.11
0.11
0.11
0.12
0.12
0.13
0.13
0.13
0.14
0.14
0.15
0.15
0.16
0.16
0.17
0.17
0.18
0.18
0.19
0.19
0.20
0.20
0.21
0.22
0.22
0.23
0.23
0.24
0.24
0.25
0.26
0.27
0.27
0.28
0.29
0.30
0.30
0.31
0.32
0.33
0.33
0.34
0.35
0.36
0.37
0.38
0.39
0.39
0.40
0.41
0.42
0.43
0.44
0.45
0.46
0.47
0.48
0.49
0.50
0.51
0.52
0.53
0.55
0.56
0.57
0.58
0.60
0.61
0.63
0.64
0.64
424.70
432.10
439.60
446.00
452.30
459.40
465.00
470.60
475.40
479.90
484.80
488.80
493.50
496.50
499.30
501.40
502.40
504.30
504.70
504.60
504.50
503.90
502.20
500.40
498.60
495.00
491.60
488.30
484.50
479.90
474.90
469.80
464.90
459.80
454.60
448.40
442.70
436.60
430.50
424.60
419.00
412.70
406.50
400.10
393.80
387.20
380.80
374.20
367.70
360.70
353.80
346.00
338.60
330.40
321.90
313.30
304.60
295.40
285.60
275.80
265.40
255.50
244.80
234.30
223.40
212.00
201.20
190.40
179.40
168.40
157.70
147.20
136.70
126.50
116.30
106.20
96.65
87.56
78.67
70.05
62.01
54.29
46.94
40.15
33.72
27.95
22.85
18.35
14.23
10.58
7.29
3.68
1.53
0.49
0.09
0.09
0.09
0.09
0.10
0.10
0.10
0.10
0.10
0.11
0.11
0.11
0.11
0.12
0.12
0.13
0.13
0.13
0.14
0.14
0.14
0.15
0.15
0.16
0.16
0.17
0.17
0.17
0.18
0.18
0.19
0.19
0.20
0.20
0.21
0.22
0.22
0.23
0.24
0.24
0.25
0.25
0.26
0.27
0.27
0.28
0.29
0.29
0.30
0.31
0.32
0.32
0.33
0.34
0.35
0.35
0.36
0.37
0.38
0.39
0.40
0.40
0.41
0.42
0.43
0.44
0.45
0.45
0.46
0.47
0.48
0.49
0.50
0.51
0.52
0.53
0.54
0.55
0.57
0.58
0.60
0.61
0.62
0.64
0.65
0.65
0.65
425.90
433.00
439.20
444.90
450.80
456.30
461.70
465.20
470.40
473.90
477.40
480.60
483.60
485.40
487.20
488.40
490.00
489.40
488.70
488.20
487.10
484.30
482.60
479.40
476.50
471.90
467.80
463.70
458.90
453.80
447.50
442.20
436.90
430.20
424.50
418.20
411.60
405.20
397.70
391.80
384.70
377.90
370.60
364.30
357.10
350.60
343.30
335.90
328.80
321.40
314.20
306.10
298.00
290.10
281.80
273.40
265.10
256.10
246.90
237.70
228.10
218.60
208.80
199.30
189.60
179.80
170.30
160.80
151.10
141.80
132.70
123.50
114.40
105.80
97.19
88.92
80.77
73.01
65.65
58.78
51.91
45.05
38.96
33.24
27.97
23.06
18.83
15.09
11.64
8.49
5.73
2.86
1.23
0.31
0.10
0.09
0.09
0.09
0.09
0.09
0.09
0.09
0.09
0.09
0.09
0.10
0.10
0.10
0.11
0.11
0.11
0.12
0.12
0.12
0.13
0.13
0.14
0.14
0.15
0.15
0.16
0.16
0.17
0.17
0.18
0.18
0.19
0.19
0.20
0.20
0.21
0.22
0.22
0.23
0.23
0.24
0.24
0.25
0.26
0.27
0.27
0.28
0.29
0.30
0.30
0.31
0.32
0.33
0.33
0.34
0.35
0.36
0.37
0.37
0.38
0.39
0.40
0.41
0.42
0.43
0.43
0.44
0.45
0.46
0.47
0.48
0.49
0.50
0.50
0.51
0.52
0.54
0.55
0.57
0.58
0.59
0.61
0.62
0.63
0.64
0.64
424.40
430.50
436.10
441.40
445.90
451.00
455.40
458.80
462.70
465.20
468.90
470.10
472.50
473.60
474.70
474.20
475.10
474.00
472.60
470.60
468.40
465.50
462.50
458.50
453.90
449.40
444.20
438.60
433.40
427.90
421.40
415.10
408.20
401.50
394.60
387.80
380.30
373.10
365.90
358.70
351.00
344.20
336.60
328.70
321.30
313.80
306.60
298.80
291.30
283.50
275.90
268.10
259.60
252.20
243.90
235.50
227.70
219.50
210.90
202.70
194.10
185.80
176.80
168.30
159.80
151.40
143.20
135.30
127.30
119.30
111.40
103.40
95.91
88.58
81.45
74.57
67.95
61.53
55.35
49.44
43.76
38.34
33.17
28.37
23.93
19.86
16.23
13.03
10.05
7.46
5.11
2.75
1.18
0.36
0.09
0.09
0.09
0.09
0.10
0.10
0.10
0.10
0.11
0.11
0.11
0.12
0.12
0.12
0.13
0.13
0.14
0.14
0.14
0.15
0.15
0.16
0.16
0.17
0.17
0.17
0.18
0.18
0.19
0.19
0.20
0.20
0.21
0.22
0.22
0.23
0.23
0.24
0.24
0.25
0.26
0.27
0.27
0.28
0.29
0.29
0.30
0.31
0.31
0.32
0.33
0.33
0.34
0.35
0.36
0.37
0.38
0.38
0.39
0.40
0.41
0.42
0.42
0.43
0.44
0.45
0.46
0.46
0.48
0.48
0.49
0.50
0.51
0.52
0.52
0.53
0.54
0.56
0.57
0.58
0.60
0.61
0.63
0.64
0.65
0.65
0.65
425.40
430.00
435.50
439.30
443.40
447.90
451.00
453.70
456.30
457.90
459.50
461.20
461.20
461.30
460.80
460.60
459.20
457.20
454.50
452.50
448.50
444.70
440.50
436.20
431.00
425.60
419.60
413.90
407.50
400.70
393.80
387.00
379.20
371.80
364.30
356.50
348.70
341.00
333.00
325.00
317.40
309.30
301.50
293.30
285.80
277.80
269.80
261.80
254.40
246.80
239.00
230.80
223.20
215.50
207.90
200.10
192.40
184.60
177.10
169.50
161.80
154.50
147.10
139.60
132.50
125.50
118.40
111.40
104.70
98.09
91.76
85.49
79.08
73.11
67.35
61.63
56.33
51.02
45.72
40.77
36.03
31.65
27.44
23.43
19.73
16.36
13.37
10.72
8.24
6.04
4.05
2.17
0.96
0.25
0.10
0.10
0.10
0.10
0.10
0.10
0.10
0.10
0.10
0.10
0.10
0.10
0.11
0.11
0.11
0.12
0.12
0.12
0.13
0.13
0.14
0.14
0.15
0.15
0.16
0.16
0.16
0.17
0.17
0.18
0.18
0.19
0.20
0.21
0.21
0.22
0.22
0.23
0.23
0.24
0.25
0.25
0.26
0.27
0.28
0.28
0.29
0.30
0.30
0.31
0.32
0.33
0.34
0.34
0.35
0.36
0.36
0.37
0.38
0.39
0.40
0.40
0.41
0.42
0.43
0.44
0.44
0.45
0.46
0.47
0.48
0.48
0.50
0.50
0.51
0.52
0.53
0.55
0.55
0.57
0.58
0.59
0.61
0.62
0.63
0.64
0.64
424.80
429.30
433.50
436.20
439.40
442.20
445.10
446.80
448.60
449.40
450.20
450.40
450.40
449.50
448.30
446.20
443.80
441.10
437.70
434.30
429.60
424.90
419.90
414.80
408.50
402.60
395.70
388.80
382.00
374.80
367.20
359.90
352.00
344.40
335.90
327.80
319.50
311.30
303.30
294.90
287.00
278.60
270.20
262.00
253.90
246.00
238.20
230.10
222.40
214.80
207.30
199.90
192.50
185.40
178.10
170.70
163.90
156.90
150.10
143.40
136.80
130.40
124.10
117.80
111.50
105.20
99.33
93.66
88.06
82.56
77.16
71.91
66.81
61.89
57.02
52.23
47.70
43.34
39.07
34.98
31.05
27.30
23.74
20.36
17.25
14.39
11.81
9.52
7.35
5.43
3.74
2.11
0.96
0.29
0.09
0.10
0.10
0.10
0.10
0.10
0.11
0.11
0.11
0.12
0.12
0.13
0.13
0.13
0.14
0.14
0.14
0.15
0.15
0.16
0.16
0.17
0.17
0.17
0.18
0.18
0.19
0.20
0.20
0.21
0.21
0.22
0.23
0.23
0.24
0.24
0.25
0.26
0.26
0.27
0.28
0.28
0.29
0.30
0.31
0.31
0.32
0.33
0.33
0.34
0.35
0.36
0.37
0.37
0.38
0.39
0.40
0.40
0.41
0.42
0.43
0.44
0.44
0.45
0.45
0.46
0.47
0.48
0.49
0.50
0.50
0.51
0.52
0.53
0.53
0.54
0.55
0.57
0.58
0.59
0.60
0.62
0.63
0.64
0.65
0.65
0.65
425.50
428.50
431.60
434.20
436.60
438.30
439.60
440.80
441.20
440.80
441.10
439.20
438.00
436.30
433.60
431.50
428.00
424.20
419.50
414.90
409.70
404.60
398.20
392.30
385.90
378.30
370.70
364.10
355.90
348.00
340.40
332.00
323.70
315.40
307.20
298.10
290.30
282.00
273.00
264.40
256.60
248.20
239.70
231.70
223.80
215.80
208.10
200.70
193.00
186.00
178.80
171.80
164.80
158.20
151.60
145.20
139.10
132.80
126.90
120.90
115.10
109.70
104.00
98.85
93.64
88.56
83.65
78.73
74.11
69.57
65.10
60.63
56.39
52.16
48.12
44.16
40.39
36.69
33.11
29.68
26.38
23.25
20.19
17.34
14.71
12.25
10.02
8.07
6.23
4.58
3.12
1.72
0.78
0.22
0.10
0.10
0.10
0.10
0.10
0.10
0.10
0.10
0.10
0.10
0.11
0.11
0.11
0.11
0.12
0.12
0.13
0.13
0.14
0.14
0.15
0.15
0.16
0.16
0.17
0.17
0.18
0.18
0.19
0.19
0.20
0.21
0.21
0.22
0.23
0.23
0.24
0.24
0.25
0.26
0.27
0.28
0.28
0.29
0.30
0.30
0.31
0.32
0.32
0.33
0.34
0.35
0.36
0.36
0.37
0.38
0.39
0.39
0.40
0.41
0.42
0.43
0.43
0.44
0.44
0.45
0.46
0.47
0.47
0.48
0.49
0.50
0.50
0.51
0.52
0.53
0.53
0.55
0.56
0.58
0.59
0.60
0.61
0.62
0.64
0.64
0.64
424.40
427.30
429.80
431.40
432.70
433.70
434.00
434.10
433.70
432.30
430.70
428.90
426.80
423.50
420.70
416.50
412.70
407.60
402.50
397.10
391.10
384.50
377.80
371.00
363.70
356.10
348.50
340.40
332.40
324.00
315.70
307.10
298.60
290.20
281.80
272.70
263.90
255.60
247.40
238.70
230.30
222.60
214.40
206.70
199.00
191.40
183.90
176.80
170.20
163.40
156.40
150.00
143.80
137.80
131.80
126.40
120.80
115.20
109.60
104.50
99.65
94.77
90.18
85.58
81.17
76.83
72.61
68.54
64.66
60.69
56.89
53.20
49.49
45.99
42.50
39.10
35.81
32.64
29.56
26.58
23.68
20.93
18.27
15.73
13.39
11.20
9.25
7.48
5.81
4.30
2.99
1.75
0.82
0.27
0.10
0.10
0.10
0.11
0.11
0.11
0.11
0.12
0.12
0.12
0.13
0.13
0.14
0.14
0.14
0.15
0.15
0.16
0.16
0.16
0.17
0.17
0.18
0.18
0.19
0.20
0.20
0.21
0.21
0.22
0.23
0.24
0.24
0.25
0.25
0.26
0.27
0.27
0.28
0.29
0.30
0.30
0.31
0.32
0.32
0.33
0.34
0.35
0.36
0.36
0.37
0.38
0.39
0.39
0.40
0.41
0.42
0.42
0.43
0.44
0.44
0.45
0.46
0.46
0.47
0.48
0.49
0.49
0.50
0.51
0.51
0.52
0.53
0.54
0.54
0.55
0.56
0.57
0.58
0.60
0.61
0.62
0.64
0.64
0.65
0.65
0.65
425.30
426.80
427.70
428.60
429.20
428.30
428.60
427.20
426.10
423.10
421.20
418.00
414.30
410.80
406.20
401.10
396.40
390.20
384.80
378.30
371.00
363.70
356.80
348.70
341.20
333.20
324.50
316.10
308.00
299.30
290.30
281.70
273.10
264.80
255.70
246.90
238.70
230.40
222.10
214.10
206.20
198.30
190.70
183.40
176.30
169.40
162.70
156.00
149.90
143.70
137.70
132.10
126.60
121.20
116.00
111.00
106.10
101.50
96.75
92.56
88.14
83.99
79.91
75.90
72.06
68.33
64.67
61.01
57.55
54.10
50.83
47.60
44.35
41.19
38.08
35.13
32.23
29.37
26.60
23.93
21.34
18.87
16.42
14.16
12.07
10.09
8.31
6.72
5.19
3.82
2.62
1.50
0.69
0.21
0.11
0.10
0.10
0.10
0.10
0.10
0.10
0.11
0.11
0.11
0.12
0.12
0.12
0.13
0.13
0.14
0.14
0.15
0.15
0.16
0.16
0.16
0.17
0.17
0.18
0.19
0.19
0.20
0.20
0.21
0.22
0.23
0.23
0.24
0.25
0.25
0.26
0.27
0.27
0.28
0.29
0.30
0.30
0.31
0.32
0.33
0.34
0.34
0.35
0.36
0.36
0.37
0.38
0.39
0.39
0.40
0.41
0.42
0.43
0.43
0.44
0.44
0.45
0.46
0.46
0.47
0.48
0.48
0.49
0.50
0.50
0.51
0.51
0.52
0.53
0.54
0.54
0.56
0.57
0.58
0.60
0.60
0.62
0.63
0.64
0.64
0.64
424.60
425.70
425.90
426.10
425.00
424.50
422.80
420.40
418.20
415.30
411.80
407.30
403.60
398.90
393.40
387.80
381.30
374.80
368.50
361.00
353.40
346.00
337.70
329.50
321.50
312.70
303.60
295.30
287.10
278.00
268.70
260.20
251.30
243.10
234.40
226.00
217.80
209.80
202.10
194.50
187.00
180.10
172.90
166.40
159.80
153.80
147.60
141.70
136.30
130.70
125.70
120.70
115.60
110.60
106.30
101.90
97.55
93.31
89.30
85.43
81.59
77.83
74.25
70.69
67.29
63.88
60.46
57.31
54.20
51.05
47.90
44.94
42.01
39.07
36.26
33.37
30.66
28.02
25.44
22.93
20.48
18.15
15.90
13.74
11.73
9.83
8.15
6.61
5.14
3.81
2.65
1.58
0.76
0.26
0.10
0.11
0.11
0.12
0.12
0.12
0.12
0.13
0.13
0.14
0.14
0.14
0.15
0.15
0.16
0.16
0.17
0.17
0.17
0.18
0.18
0.19
0.20
0.20
0.21
0.22
0.22
0.23
0.23
0.24
0.25
0.25
0.26
0.27
0.28
0.28
0.29
0.30
0.31
0.31
0.32
0.33
0.34
0.34
0.35
0.36
0.37
0.37
0.38
0.39
0.39
0.40
0.41
0.42
0.42
0.43
0.44
0.44
0.45
0.46
0.47
0.47
0.48
0.49
0.49
0.50
0.50
0.51
0.51
0.52
0.53
0.53
0.54
0.55
0.55
0.56
0.57
0.58
0.59
0.61
0.62
0.62
0.64
0.64
0.65
0.65
0.65
424.90
424.80
424.50
422.60
421.40
419.30
417.10
413.90
410.50
406.00
401.70
396.70
391.80
385.70
379.70
372.50
365.60
358.10
350.90
342.20
334.50
326.50
318.20
309.30
300.40
291.20
282.30
273.80
264.50
255.90
247.40
238.50
230.30
222.20
213.90
206.00
198.60
191.00
184.00
176.90
170.60
164.10
158.00
152.00
146.50
141.00
135.70
130.70
125.90
121.10
116.60
112.30
108.00
103.80
99.84
96.16
92.22
88.47
84.85
81.31
77.88
74.42
70.99
67.62
64.43
61.30
58.16
55.02
51.99
49.07
46.13
43.28
40.41
37.58
34.85
32.15
29.55
26.98
24.47
22.08
19.71
17.44
15.24
13.17
11.24
9.42
7.76
6.28
4.87
3.61
2.49
1.45
0.68
0.22
0.11
0.11
0.11
0.11
0.11
0.11
0.11
0.11
0.12
0.12
0.13
0.13
0.14
0.14
0.14
0.15
0.16
0.16
0.17
0.17
0.18
0.18
0.19
0.19
0.20
0.21
0.22
0.22
0.23
0.23
0.24
0.25
0.26
0.26
0.27
0.28
0.29
0.30
0.30
0.31
0.32
0.33
0.33
0.34
0.35
0.36
0.37
0.37
0.38
0.39
0.39
0.40
0.41
0.41
0.42
0.43
0.43
0.44
0.45
0.45
0.46
0.47
0.47
0.48
0.49
0.49
0.50
0.50
0.51
0.51
0.52
0.52
0.53
0.54
0.54
0.55
0.55
0.57
0.58
0.59
0.60
0.61
0.62
0.63
0.64
0.64
0.64
425.50
423.90
422.00
420.50
418.00
415.50
411.80
407.60
403.10
398.00
393.20
387.10
381.30
374.10
367.00
360.00
352.20
344.20
335.60
327.30
319.00
309.70
300.40
291.70
282.60
273.90
264.70
255.80
247.20
238.30
230.00
221.60
213.90
205.80
198.10
191.20
183.90
177.40
171.20
165.10
159.40
153.60
148.40
143.20
138.40
133.70
129.10
124.90
120.70
116.50
112.40
108.50
104.70
101.00
97.46
93.97
90.45
86.98
83.56
80.25
76.95
73.67
70.39
67.27
64.13
61.05
57.98
55.06
52.01
49.12
46.20
43.39
40.56
37.80
35.07
32.34
29.77
27.21
24.74
22.29
19.97
17.69
15.50
13.40
11.47
9.63
7.99
6.49
5.06
3.77
2.63
1.59
0.77
0.28
0.12
0.12
0.12
0.13
0.13
0.13
0.14
0.14
0.14
0.15
0.15
0.16
0.16
0.17
0.17
0.18
0.18
0.19
0.19
0.20
0.21
0.21
0.22
0.23
0.23
0.24
0.24
0.25
0.26
0.26
0.28
0.28
0.29
0.30
0.31
0.31
0.32
0.33
0.34
0.34
0.35
0.36
0.37
0.38
0.38
0.39
0.40
0.40
0.41
0.42
0.43
0.43
0.44
0.45
0.45
0.46
0.47
0.48
0.48
0.49
0.49
0.50
0.50
0.51
0.51
0.52
0.52
0.53
0.54
0.54
0.54
0.55
0.56
0.56
0.57
0.57
0.58
0.59
0.60
0.61
0.62
0.63
0.64
0.65
0.65
0.65
0.65
424.30
422.70
420.50
417.00
414.20
410.40
405.70
401.20
395.40
389.30
383.30
376.30
369.60
361.60
353.80
346.10
337.50
328.90
320.30
310.90
301.70
292.50
282.90
273.80
265.20
255.50
246.80
238.30
230.00
221.30
213.40
205.70
198.30
191.40
184.10
177.90
171.90
165.90
160.20
155.10
150.20
145.30
140.80
136.70
132.60
128.50
124.60
120.70
117.30
113.70
110.00
106.70
103.40
99.88
96.57
93.22
89.89
86.75
83.34
80.07
76.88
73.70
70.56
67.39
64.24
61.00
58.05
55.11
52.15
49.25
46.33
43.45
40.60
37.81
35.13
32.45
29.73
27.22
24.77
22.30
19.91
17.67
15.48
13.33
11.39
9.58
7.94
6.46
4.99
3.69
2.53
1.50
0.72
0.25
0.13
0.12
0.12
0.12
0.12
0.12
0.12
0.12
0.13
0.14
0.14
0.15
0.15
0.16
0.16
0.17
0.17
0.18
0.18
0.19
0.20
0.20
0.21
0.22
0.23
0.23
0.24
0.25
0.25
0.26
0.27
0.28
0.29
0.29
0.30
0.31
0.31
0.32
0.33
0.34
0.35
0.36
0.36
0.37
0.38
0.39
0.39
0.40
0.41
0.42
0.42
0.43
0.43
0.44
0.45
0.46
0.46
0.47
0.47
0.48
0.49
0.49
0.49
0.50
0.50
0.51
0.52
0.52
0.52
0.53
0.53
0.54
0.54
0.55
0.55
0.56
0.56
0.57
0.58
0.59
0.60
0.61
0.62
0.63
0.63
0.63
0.63
425.40
421.90
418.80
415.10
410.60
406.40
400.70
394.80
388.50
382.10
374.90
367.90
359.80
351.60
343.00
334.20
325.20
316.10
306.70
297.20
287.80
278.40
269.10
259.80
250.80
241.50
233.00
224.70
216.40
208.70
201.30
193.80
187.40
180.80
174.80
169.10
163.70
158.50
153.60
149.30
144.80
140.80
137.10
133.40
129.80
126.40
123.10
119.70
116.30
112.80
109.70
106.60
103.50
100.20
97.00
93.86
90.77
87.53
84.41
81.18
78.00
74.82
71.74
68.57
65.46
62.40
59.31
56.36
53.39
50.39
47.52
44.61
41.75
38.93
36.19
33.40
30.72
28.15
25.61
23.14
20.73
18.39
16.16
14.02
12.02
10.11
8.42
6.89
5.37
4.00
2.77
1.68
0.83
0.32
0.13
0.13
0.13
0.14
0.14
0.14
0.15
0.16
0.16
0.16
0.17
0.17
0.18
0.18
0.19
0.20
0.20
0.21
0.21
0.22
0.23
0.24
0.24
0.25
0.26
0.27
0.27
0.28
0.29
0.30
0.30
0.31
0.32
0.33
0.34
0.34
0.35
0.36
0.37
0.38
0.38
0.39
0.40
0.41
0.41
0.42
0.43
0.44
0.44
0.45
0.46
0.46
0.47
0.48
0.48
0.49
0.49
0.50
0.51
0.51
0.52
0.52
0.53
0.53
0.54
0.54
0.54
0.55
0.55
0.56
0.56
0.57
0.57
0.57
0.58
0.58
0.58
0.60
0.61
0.62
0.62
0.63
0.63
0.63
0.63
0.63
0.63
424.70
421.60
416.70
411.90
407.00
401.10
395.00
388.50
380.90
374.20
366.10
357.70
348.90
340.60
331.00
321.30
312.30
302.80
293.00
283.00
273.50
264.20
254.30
245.60
236.40
228.00
219.20
211.50
203.70
196.50
189.70
183.20
177.00
171.40
166.00
161.30
156.50
152.20
148.00
144.10
140.70
137.30
134.00
130.80
127.70
124.60
121.60
118.70
115.60
112.70
109.80
106.80
103.70
100.60
97.52
94.50
91.27
88.08
85.07
81.97
78.71
75.48
72.47
69.21
66.08
63.03
60.00
56.97
53.94
51.02
48.10
45.19
42.29
39.42
36.66
33.92
31.25
28.61
26.05
23.52
21.13
18.76
16.47
14.25
12.27
10.33
8.60
7.04
5.48
4.02
2.74
1.62
0.79
0.29
0.13
0.13
0.13
0.13
0.13
0.13
0.14
0.14
0.15
0.15
0.16
0.16
0.17
0.17
0.18
0.19
0.19
0.20
0.21
0.22
0.22
0.23
0.24
0.24
0.25
0.26
0.27
0.28
0.28
0.29
0.30
0.31
0.32
0.33
0.33
0.34
0.35
0.36
0.37
0.37
0.38
0.39
0.40
0.40
0.41
0.42
0.42
0.43
0.44
0.45
0.45
0.46
0.46
0.47
0.48
0.49
0.49
0.50
0.50
0.50
0.51
0.52
0.52
0.52
0.53
0.53
0.54
0.54
0.54
0.55
0.55
0.55
0.56
0.56
0.56
0.57
0.57
0.58
0.59
0.60
0.61
0.61
0.62
0.62
0.63
0.63
0.63
425.00
420.40
415.30
409.90
403.70
398.10
390.80
383.50
375.80
367.90
359.40
349.90
341.00
331.40
322.00
312.10
302.00
292.10
281.90
272.40
262.80
252.90
244.00
235.00
226.00
217.40
209.70
202.10
195.00
188.40
181.80
176.00
170.60
165.60
161.00
156.60
152.60
148.70
145.40
142.10
138.90
135.70
132.90
130.00
127.20
124.40
121.60
118.70
115.90
113.00
110.00
107.20
104.30
101.20
98.26
95.20
92.16
89.00
85.95
82.87
79.76
76.64
73.53
70.45
67.40
64.31
61.31
58.33
55.37
52.49
49.54
46.64
43.76
40.93
38.06
35.32
32.58
29.95
27.32
24.76
22.30
19.85
17.56
15.27
13.17
11.16
9.36
7.70
6.05
4.50
3.09
1.86
0.94
0.36
0.13
0.14
0.14
0.15
0.15
0.15
0.16
0.17
0.17
0.18
0.18
0.19
0.20
0.20
0.21
0.22
0.22
0.23
0.24
0.25
0.25
0.26
0.27
0.28
0.29
0.29
0.30
0.31
0.32
0.33
0.33
0.34
0.35
0.36
0.37
0.38
0.38
0.39
0.40
0.41
0.41
0.42
0.43
0.44
0.44
0.45
0.46
0.47
0.47
0.48
0.49
0.49
0.50
0.50
0.51
0.52
0.52
0.53
0.53
0.54
0.54
0.55
0.55
0.55
0.56
0.56
0.57
0.57
0.57
0.57
0.58
0.58
0.58
0.59
0.59
0.59
0.60
0.61
0.61
0.62
0.63
0.63
0.63
0.63
0.63
0.63
0.63
424.40
418.80
413.30
407.00
400.30
393.20
385.50
377.50
368.60
359.90
351.10
340.80
331.00
321.40
311.20
301.30
290.80
280.70
270.70
260.30
250.70
241.20
232.40
223.30
215.20
207.60
199.70
192.70
186.10
180.00
174.70
169.10
164.50
160.00
155.80
152.30
148.70
145.60
142.60
139.70
136.90
134.40
131.50
129.10
126.40
123.80
121.20
118.40
115.80
113.10
110.40
107.40
104.30
101.50
98.58
95.45
92.54
89.45
86.34
83.25
80.16
77.22
74.07
71.04
68.05
64.94
62.03
59.05
56.07
53.18
50.36
47.51
44.61
41.72
38.95
36.17
33.46
30.70
28.08
25.50
22.95
20.47
18.11
15.78
13.63
11.56
9.70
7.98
6.28
4.65
3.14
1.82
0.92
0.31
0.14
0.14
0.14
0.14
0.14
0.14
0.15
0.15
0.16
0.16
0.17
0.18
0.19
0.19
0.20
0.21
0.21
0.22
0.23
0.24
0.25
0.25
0.26
0.27
0.28
0.29
0.30
0.30
0.31
0.32
0.33
0.34
0.35
0.36
0.36
0.37
0.38
0.39
0.40
0.40
0.41
0.42
0.43
0.43
0.44
0.45
0.46
0.46
0.47
0.48
0.48
0.49
0.49
0.50
0.50
0.51
0.51
0.52
0.52
0.53
0.53
0.54
0.54
0.54
0.55
0.55
0.55
0.55
0.56
0.56
0.56
0.57
0.57
0.57
0.58
0.58
0.58
0.59
0.59
0.60
0.61
0.61
0.62
0.62
0.62
0.62
0.62
425.50
419.30
412.70
405.40
397.70
390.30
381.70
372.90
364.40
354.70
344.90
335.00
324.00
314.10
303.70
293.10
282.40
272.30
262.00
252.30
242.30
233.00
224.10
215.60
207.80
200.00
192.80
186.20
180.30
174.70
169.60
165.10
160.70
156.60
153.20
150.00
146.60
144.10
141.20
138.70
136.10
133.60
131.30
129.00
126.50
123.80
121.30
118.60
115.90
113.10
110.30
107.60
104.70
101.80
98.88
96.01
92.99
89.98
86.98
84.09
81.05
78.08
75.07
72.18
69.22
66.31
63.41
60.49
57.64
54.76
51.92
49.06
46.19
43.37
40.51
37.67
34.94
32.18
29.47
26.83
24.19
21.65
19.19
16.79
14.55
12.38
10.41
8.63
6.87
5.16
3.55
2.08
1.05
0.41
0.14
0.14
0.15
0.15
0.16
0.16
0.17
0.18
0.18
0.19
0.20
0.21
0.21
0.22
0.23
0.24
0.24
0.25
0.26
0.27
0.28
0.29
0.30
0.30
0.31
0.32
0.33
0.34
0.35
0.36
0.36
0.37
0.38
0.39
0.40
0.41
0.41
0.42
0.43
0.44
0.44
0.45
0.46
0.47
0.47
0.48
0.49
0.50
0.50
0.51
0.51
0.52
0.52
0.53
0.53
0.54
0.55
0.55
0.55
0.56
0.56
0.56
0.57
0.57
0.57
0.58
0.58
0.58
0.58
0.59
0.59
0.59
0.59
0.60
0.60
0.60
0.60
0.61
0.61
0.62
0.62
0.62
0.62
0.62
0.62
0.62
0.62
424.50
417.80
410.40
402.60
394.70
385.70
376.80
367.30
358.10
347.60
337.60
326.70
316.10
305.50
294.50
284.00
273.20
262.60
252.40
242.60
233.00
224.00
215.40
207.10
199.50
192.40
186.00
179.90
174.30
169.00
164.60
160.50
156.70
153.60
150.20
147.50
144.60
142.20
139.70
137.50
135.10
132.90
130.30
128.00
125.60
123.10
120.80
118.00
115.50
112.90
110.10
107.40
104.40
101.70
98.76
95.83
93.03
90.11
87.16
84.31
81.27
78.45
75.64
72.67
69.88
66.93
64.14
61.25
58.38
55.50
52.72
49.91
46.96
44.18
41.29
38.45
35.61
32.81
30.09
27.39
24.65
22.04
19.55
17.07
14.76
12.52
10.53
8.72
6.92
5.17
3.51
1.97
1.00
0.34
0.14
0.14
0.14
0.15
0.14
0.15
0.16
0.17
0.17
0.18
0.19
0.19
0.20
0.21
0.22
0.23
0.24
0.24
0.25
0.26
0.27
0.28
0.29
0.30
0.30
0.31
0.32
0.33
0.34
0.35
0.36
0.37
0.38
0.38
0.39
0.40
0.41
0.42
0.43
0.44
0.44
0.45
0.46
0.47
0.47
0.48
0.49
0.49
0.50
0.50
0.51
0.51
0.52
0.52
0.53
0.53
0.54
0.54
0.55
0.55
0.55
0.55
0.56
0.56
0.56
0.57
0.57
0.57
0.58
0.58
0.58
0.58
0.58
0.58
0.58
0.58
0.59
0.59
0.60
0.60
0.61
0.61
0.61
0.61
0.62
0.62
0.62
425.40
418.00
410.00
401.70
393.20
383.90
374.20
364.50
354.10
344.00
332.80
321.70
311.10
300.10
288.90
277.40
267.10
256.70
245.90
236.70
226.80
217.80
209.90
201.80
194.00
187.40
181.30
175.50
170.50
165.80
161.80
157.90
154.50
151.40
148.70
146.20
143.50
141.30
138.90
136.90
134.50
132.40
130.20
127.90
125.70
123.30
120.70
118.00
115.30
112.50
110.00
107.30
104.60
101.70
98.98
96.06
93.30
90.49
87.68
84.88
82.07
79.25
76.50
73.66
70.89
68.08
65.30
62.51
59.72
56.89
54.07
51.21
48.34
45.43
42.57
39.65
36.77
33.93
31.08
28.30
25.55
22.86
20.26
17.73
15.32
13.06
10.98
9.09
7.27
5.53
3.86
2.23
1.10
0.45
0.15
0.15
0.15
0.16
0.17
0.18
0.18
0.19
0.20
0.20
0.22
0.22
0.23
0.24
0.25
0.26
0.27
0.27
0.28
0.29
0.30
0.31
0.32
0.33
0.34
0.35
0.36
0.37
0.38
0.38
0.39
0.40
0.41
0.42
0.43
0.44
0.44
0.45
0.46
0.47
0.48
0.48
0.49
0.50
0.50
0.51
0.52
0.52
0.53
0.53
0.54
0.55
0.55
0.55
0.56
0.57
0.57
0.57
0.58
0.58
0.58
0.59
0.59
0.59
0.59
0.59
0.60
0.60
0.60
0.60
0.60
0.60
0.61
0.61
0.61
0.61
0.61
0.62
0.62
0.62
0.62
0.62
0.62
0.62
0.62
0.62
0.62
424.40
416.20
407.80
399.00
389.80
379.70
370.10
359.10
348.30
337.20
326.10
315.20
303.80
292.70
281.10
270.10
259.90
248.50
238.60
229.00
219.90
211.00
202.80
195.00
188.10
182.00
176.20
171.10
166.20
162.10
158.30
155.00
152.10
149.20
146.70
144.20
142.10
139.90
137.60
135.70
133.70
131.50
129.20
127.10
124.70
122.20
119.90
117.40
114.80
112.20
109.50
106.80
104.20
101.20
98.69
95.97
93.17
90.42
87.67
85.01
82.18
79.52
76.76
74.00
71.31
68.58
65.68
62.93
60.12
57.31
54.49
51.63
48.70
45.75
42.83
39.89
36.96
34.02
31.20
28.38
25.56
22.78
20.18
17.58
15.18
12.86
10.78
8.91
7.07
5.36
3.70
2.05
1.01
0.38
0.16
0.15
0.15
0.15
0.16
0.16
0.17
0.18
0.19
0.20
0.20
0.21
0.22
0.23
0.24
0.25
0.26
0.27
0.28
0.29
0.29
0.30
0.31
0.32
0.33
0.34
0.35
0.36
0.37
0.38
0.39
0.40
0.41
0.41
0.42
0.43
0.44
0.45
0.45
0.46
0.47
0.48
0.49
0.49
0.50
0.50
0.51
0.52
0.52
0.53
0.53
0.54
0.54
0.55
0.55
0.56
0.56
0.56
0.57
0.57
0.58
0.58
0.58
0.58
0.58
0.58
0.58
0.58
0.59
0.59
0.59
0.59
0.59
0.59
0.59
0.59
0.59
0.60
0.60
0.61
0.61
0.61
0.61
0.61
0.62
0.62
0.61
425.60
416.60
407.60
398.40
388.30
378.60
367.50
357.40
346.20
334.80
323.40
311.60
300.00
288.40
277.30
266.10
254.70
244.20
234.50
224.70
215.40
206.80
198.70
191.30
184.60
178.80
173.40
168.20
163.80
159.90
156.50
153.30
150.20
148.10
145.60
143.50
141.20
139.00
137.10
135.10
133.10
130.90
128.90
126.70
124.30
122.10
119.80
116.90
114.10
111.70
109.20
106.60
103.90
101.20
98.59
96.08
93.36
90.63
88.03
85.35
82.73
80.01
77.39
74.73
71.98
69.24
66.59
63.86
61.05
58.22
55.36
52.47
49.53
46.56
43.62
40.61
37.66
34.72
31.82
28.96
26.10
23.29
20.62
18.01
15.50
13.22
11.06
9.13
7.31
5.55
3.96
2.30
1.10
0.46
0.15
0.15
0.16
0.17
0.18
0.19
0.20
0.20
0.21
0.22
0.23
0.24
0.25
0.26
0.27
0.28
0.29
0.30
0.31
0.32
0.33
0.34
0.35
0.36
0.37
0.38
0.39
0.40
0.41
0.41
0.42
0.43
0.44
0.45
0.46
0.47
0.48
0.48
0.49
0.50
0.51
0.51
0.52
0.53
0.53
0.54
0.55
0.55
0.56
0.56
0.57
0.57
0.58
0.58
0.58
0.59
0.59
0.60
0.60
0.60
0.60
0.61
0.61
0.61
0.61
0.61
0.61
0.61
0.61
0.61
0.61
0.61
0.61
0.61
0.61
0.61
0.61
0.61
0.61
0.61
0.61
0.61
0.61
0.61
0.61
0.61
0.61
427.50
418.70
408.70
398.60
388.20
377.60
366.80
355.80
344.30
332.20
320.40
308.40
296.80
284.70
273.20
262.00
250.50
240.10
229.90
220.40
211.00
202.60
194.90
187.50
180.90
175.00
170.10
165.20
161.00
157.30
153.90
150.90
148.30
146.10
143.70
141.80
139.60
137.60
135.90
133.70
131.70
129.40
127.40
125.50
123.10
120.90
118.30
115.80
113.20
110.70
108.20
105.60
103.00
100.50
97.94
95.38
92.84
90.24
87.68
85.07
82.46
79.92
77.32
74.68
72.02
69.36
66.70
63.89
61.24
58.38
55.55
52.65
49.71
46.71
43.77
40.78
37.76
34.82
31.96
29.07
26.17
23.34
20.66
18.05
15.56
13.23
11.05
9.14
7.29
5.55
3.94
2.32
1.08
0.44
0.12
0.12
0.13
0.14
0.14
0.15
0.16
0.17
0.18
0.18
0.19
0.20
0.20
0.21
0.23
0.23
0.24
0.25
0.26
0.27
0.28
0.29
0.30
0.31
0.32
0.32
0.34
0.34
0.35
0.37
0.38
0.38
0.39
0.40
0.41
0.42
0.43
0.44
0.45
0.46
0.47
0.48
0.49
0.50
0.51
0.51
0.52
0.53
0.53
0.54
0.55
0.56
0.56
0.57
0.58
0.58
0.59
0.60
0.60
0.61
0.61
0.61
0.62
0.62
0.62
0.62
0.62
0.62
0.62
0.62
0.62
0.62
0.62
0.62
0.62
0.62
0.62
0.62
0.62
0.62
0.62
0.62
0.62
0.61
0.61
0.61
0.61
426.50
416.50
406.50
396.40
385.30
374.30
363.40
351.50
339.40
327.70
315.70
303.60
291.30
279.20
267.80
256.80
245.30
234.70
224.70
215.20
206.50
198.20
190.60
183.50
177.50
171.90
166.90
162.50
158.90
155.20
152.00
149.40
147.00
144.90
142.90
140.60
138.70
136.90
135.00
132.80
130.90
129.00
126.90
124.60
122.30
120.00
117.60
115.30
112.90
110.50
107.90
105.30
103.00
100.40
97.90
95.46
93.06
90.44
87.81
85.31
82.80
80.21
77.65
75.07
72.34
69.81
67.07
64.25
61.51
58.63
55.74
52.78
49.84
46.85
43.82
40.78
37.81
34.77
31.84
28.95
26.01
23.19
20.50
17.83
15.33
12.96
10.83
8.89
7.06
5.34
3.76
2.12
0.98
0.36
0.13
0.13
0.13
0.13
0.13
0.14
0.15
0.16
0.17
0.17
0.18
0.19
0.20
0.21
0.22
0.23
0.24
0.24
0.26
0.27
0.27
0.29
0.30
0.30
0.31
0.32
0.33
0.34
0.35
0.36
0.37
0.38
0.39
0.40
0.41
0.42
0.43
0.44
0.45
0.46
0.47
0.48
0.49
0.49
0.50
0.51
0.52
0.53
0.53
0.54
0.55
0.55
0.56
0.57
0.58
0.58
0.58
0.59
0.59
0.60
0.61
0.61
0.61
0.62
0.62
0.62
0.62
0.62
0.62
0.62
0.62
0.62
0.62
0.62
0.62
0.62
0.62
0.62
0.62
0.62
0.62
0.62
0.62
0.62
0.62
0.62
0.62
426.80
417.00
407.40
396.50
384.90
374.20
362.30
350.50
338.40
326.10
313.90
301.40
289.60
278.10
266.30
254.60
243.60
232.70
222.90
213.30
204.50
196.40
188.80
182.00
176.00
170.50
165.70
161.50
157.80
154.30
151.60
148.80
146.50
144.50
142.20
140.40
138.50
136.50
134.70
132.80
130.80
128.90
126.70
124.60
122.30
120.20
117.70
115.30
112.80
110.30
108.00
105.50
103.00
100.60
98.19
95.82
93.35
90.99
88.48
86.01
83.48
81.01
78.50
75.87
73.25
70.62
67.94
65.15
62.38
59.64
56.70
53.75
50.77
47.72
44.62
41.59
38.48
35.44
32.52
29.52
26.60
23.73
20.96
18.26
15.73
13.35
11.14
9.17
7.33
5.55
3.95
2.37
1.09
0.45
0.13
0.14
0.15
0.15
0.16
0.17
0.18
0.18
0.19
0.20
0.21
0.22
0.23
0.24
0.25
0.26
0.27
0.28
0.29
0.30
0.31
0.32
0.33
0.34
0.35
0.36
0.37
0.38
0.39
0.40
0.41
0.42
0.43
0.44
0.45
0.45
0.46
0.47
0.48
0.49
0.50
0.51
0.52
0.53
0.53
0.54
0.55
0.56
0.57
0.57
0.58
0.59
0.59
0.60
0.61
0.61
0.62
0.62
0.63
0.63
0.63
0.63
0.63
0.63
0.63
0.63
0.63
0.63
0.63
0.63
0.63
0.63
0.63
0.63
0.63
0.63
0.63
0.62
0.62
0.62
0.62
0.62
0.62
0.62
0.62
0.62
0.62
425.30
415.70
405.00
393.80
382.60
371.20
359.50
347.30
335.30
323.10
310.60
298.00
285.70
273.90
262.00
250.50
239.60
229.20
219.40
209.80
201.10
193.30
185.90
179.60
173.40
168.40
163.90
159.90
156.10
153.20
150.50
147.90
145.90
143.70
141.70
139.80
138.10
136.40
134.30
132.30
130.20
128.30
126.20
124.00
121.80
119.50
117.10
114.90
112.60
110.20
107.80
105.30
103.10
100.80
98.35
95.94
93.71
91.24
88.86
86.43
83.94
81.49
79.00
76.37
73.76
71.10
68.40
65.53
62.85
59.86
56.87
53.89
50.87
47.80
44.70
41.61
38.47
35.41
32.40
29.42
26.42
23.51
20.73
18.04
15.47
13.07
10.87
8.93
7.06
5.33
3.75
2.16
1.00
0.37
0.15
0.14
0.14
0.15
0.15
0.16
0.17
0.18
0.19
0.20
0.20
0.21
0.23
0.24
0.24
0.25
0.26
0.27
0.28
0.30
0.31
0.32
0.33
0.33
0.35
0.36
0.37
0.38
0.39
0.40
0.40
0.42
0.43
0.43
0.44
0.45
0.46
0.47
0.48
0.49
0.50
0.51
0.52
0.52
0.53
0.54
0.55
0.56
0.56
0.57
0.58
0.58
0.59
0.59
0.60
0.61
0.61
0.62
0.62
0.62
0.62
0.63
0.63
0.63
0.63
0.63
0.63
0.63
0.64
0.64
0.64
0.64
0.64
0.64
0.64
0.64
0.64
0.64
0.64
0.64
0.64
0.64
0.64
0.63
0.63
0.63
0.63
427.10
417.00
405.40
394.50
383.00
371.90
359.70
347.30
335.20
322.20
310.60
298.00
285.90
273.50
261.80
250.00
239.10
228.60
218.70
209.30
200.80
192.70
185.70
179.00
173.30
167.80
163.50
159.60
156.00
153.10
150.50
148.20
145.90
143.90
142.00
140.00
138.20
136.10
134.20
132.30
130.20
128.20
126.10
123.90
121.80
119.50
117.10
114.60
112.20
110.00
107.60
105.40
103.20
100.80
98.53
96.25
93.99
91.78
89.41
87.04
84.62
82.19
79.68
77.12
74.51
71.89
69.16
66.39
63.58
60.74
57.75
54.75
51.65
48.55
45.40
42.28
39.11
35.99
32.93
29.90
26.88
23.96
21.10
18.38
15.77
13.37
11.12
9.15
7.28
5.51
3.91
2.36
1.11
0.45
0.15
0.15
0.16
0.17
0.18
0.18
0.19
0.20
0.21
0.23
0.23
0.24
0.25
0.26
0.27
0.28
0.30
0.30
0.31
0.32
0.34
0.35
0.36
0.37
0.38
0.39
0.40
0.41
0.42
0.43
0.44
0.45
0.46
0.47
0.48
0.49
0.49
0.51
0.51
0.52
0.53
0.54
0.55
0.56
0.57
0.57
0.58
0.59
0.59
0.60
0.61
0.61
0.62
0.62
0.63
0.64
0.64
0.64
0.64
0.64
0.64
0.64
0.64
0.64
0.64
0.64
0.64
0.64
0.64
0.64
0.64
0.64
0.64
0.64
0.64
0.64
0.63
0.63
0.63
0.63
0.63
0.63
0.63
0.63
0.63
0.63
0.63
425.30
414.90
404.20
392.40
380.90
369.60
357.70
345.10
333.10
320.40
307.70
296.10
283.20
271.10
259.10
247.70
236.60
226.10
216.50
207.30
199.20
191.20
184.10
177.70
172.00
167.20
162.80
158.90
155.80
152.70
150.00
147.70
145.50
143.60
141.60
139.60
137.70
135.70
133.60
131.80
129.60
127.50
125.30
123.00
120.90
118.60
116.40
114.10
111.70
109.60
107.20
105.10
102.80
100.70
98.39
96.05
93.92
91.75
89.37
87.10
84.71
82.36
79.84
77.30
74.61
72.04
69.32
66.52
63.69
60.66
57.64
54.61
51.52
48.38
45.23
41.97
38.86
35.75
32.66
29.61
26.52
23.54
20.78
18.00
15.43
13.02
10.76
8.85
6.96
5.23
3.69
2.12
1.00
0.37
0.16
0.16
0.16
0.16
0.17
0.18
0.19
0.20
0.21
0.22
0.23
0.24
0.25
0.26
0.27
0.28
0.29
0.30
0.31
0.32
0.33
0.34
0.35
0.36
0.37
0.38
0.39
0.40
0.41
0.42
0.43
0.44
0.45
0.46
0.47
0.48
0.49
0.50
0.51
0.51
0.52
0.53
0.54
0.55
0.56
0.56
0.57
0.58
0.58
0.59
0.59
0.60
0.61
0.61
0.62
0.62
0.63
0.63
0.63
0.63
0.64
0.64
0.64
0.64
0.64
0.64
0.64
0.65
0.65
0.65
0.65
0.65
0.65
0.65
0.65
0.65
0.65
0.65
0.65
0.65
0.64
0.64
0.65
0.64
0.64
0.64
0.63
426.70
416.20
405.20
394.00
382.70
370.80
358.60
346.70
333.80
321.40
309.20
296.40
284.50
271.80
260.10
248.70
237.60
227.60
217.60
208.30
199.90
192.00
185.20
178.50
173.00
167.80
163.50
159.60
156.30
153.30
150.70
148.40
146.10
144.20
142.00
140.20
138.00
136.00
134.00
131.80
129.70
127.60
125.10
122.90
120.70
118.30
115.80
113.40
111.10
108.80
106.60
104.40
102.20
100.10
97.87
95.71
93.62
91.46
89.21
86.89
84.68
82.30
79.89
77.37
74.83
72.26
69.47
66.72
63.91
61.09
58.03
54.97
51.86
48.72
45.59
42.29
39.15
36.07
32.95
29.87
26.84
23.90
21.04
18.25
15.63
13.25
10.99
8.98
7.12
5.39
3.83
2.31
1.08
0.42
0.16
0.17
0.18
0.18
0.19
0.20
0.21
0.22
0.24
0.24
0.25
0.26
0.28
0.29
0.29
0.31
0.31
0.32
0.34
0.35
0.36
0.37
0.38
0.39
0.40
0.41
0.42
0.43
0.44
0.45
0.46
0.47
0.48
0.49
0.50
0.51
0.52
0.52
0.53
0.54
0.55
0.56
0.57
0.58
0.58
0.59
0.60
0.60
0.61
0.62
0.62
0.63
0.63
0.64
0.64
0.65
0.65
0.65
0.65
0.65
0.65
0.65
0.65
0.65
0.65
0.65
0.65
0.65
0.65
0.65
0.65
0.65
0.64
0.64
0.64
0.64
0.64
0.63
0.63
0.63
0.63
0.63
0.63
0.63
0.63
0.63
0.63
425.70
414.60
403.80
392.70
381.00
369.20
357.20
345.20
332.80
320.30
308.00
295.80
283.20
271.10
259.30
248.00
237.20
226.70
216.90
207.90
199.40
191.70
185.10
178.60
173.20
168.10
163.80
159.90
156.90
153.90
151.30
148.80
146.50
144.40
142.20
140.10
138.00
135.80
133.50
131.00
128.90
126.60
124.30
122.00
119.40
117.00
114.70
112.40
110.00
107.80
105.40
103.40
101.10
98.98
96.74
94.71
92.43
90.42
88.21
85.94
83.62
81.27
78.89
76.34
73.93
71.39
68.63
65.85
63.08
60.09
57.10
54.11
50.96
47.94
44.75
41.58
38.47
35.33
32.26
29.26
26.21
23.26
20.46
17.75
15.19
12.80
10.59
8.65
6.79
5.08
3.57
2.06
0.97
0.36
0.17
0.17
0.17
0.17
0.18
0.19
0.20
0.21
0.22
0.23
0.24
0.25
0.26
0.27
0.28
0.29
0.30
0.31
0.32
0.33
0.35
0.36
0.37
0.38
0.39
0.40
0.41
0.42
0.43
0.44
0.44
0.46
0.47
0.47
0.48
0.49
0.50
0.51
0.52
0.53
0.53
0.55
0.55
0.56
0.57
0.58
0.58
0.59
0.59
0.60
0.61
0.61
0.62
0.62
0.63
0.63
0.63
0.64
0.64
0.64
0.64
0.64
0.65
0.65
0.65
0.65
0.65
0.65
0.65
0.65
0.65
0.65
0.65
0.65
0.65
0.65
0.65
0.65
0.65
0.65
0.65
0.65
0.65
0.64
0.64
0.64
0.64
426.60
416.20
405.10
393.90
382.80
371.80
359.40
347.10
334.80
322.80
310.50
297.70
285.80
273.80
262.20
250.50
239.50
229.20
219.60
210.10
201.90
193.90
187.00
180.80
175.10
169.90
165.80
162.00
158.60
155.50
152.60
150.20
147.60
145.40
143.20
140.90
138.50
136.10
134.00
131.50
129.20
126.80
124.00
121.70
119.00
116.30
113.70
111.20
108.80
106.40
104.10
101.80
99.63
97.46
95.30
93.18
91.04
88.93
86.69
84.51
82.28
80.01
77.68
75.23
72.80
70.19
67.61
64.95
62.20
59.44
56.51
53.54
50.52
47.49
44.39
41.29
38.19
35.15
32.18
29.16
26.16
23.28
20.54
17.84
15.25
12.90
10.73
8.78
6.93
5.22
3.70
2.24
1.05
0.41
0.17
0.18
0.19
0.20
0.20
0.21
0.23
0.23
0.24
0.26
0.26
0.27
0.29
0.30
0.31
0.32
0.33
0.34
0.35
0.36
0.37
0.38
0.39
0.40
0.41
0.42
0.43
0.44
0.45
0.45
0.46
0.47
0.49
0.49
0.50
0.51
0.52
0.53
0.54
0.55
0.56
0.57
0.57
0.58
0.59
0.60
0.60
0.61
0.61
0.62
0.63
0.63
0.64
0.64
0.65
0.65
0.65
0.65
0.65
0.65
0.65
0.65
0.65
0.65
0.65
0.65
0.65
0.65
0.65
0.65
0.65
0.65
0.64
0.64
0.64
0.64
0.64
0.64
0.64
0.64
0.64
0.64
0.64
0.64
0.64
0.64
0.64
424.60
414.30
404.20
393.10
382.50
370.50
358.50
346.80
334.70
322.80
310.80
297.90
286.30
273.90
262.80
251.60
240.60
230.10
220.70
211.60
203.20
195.20
188.30
182.30
176.70
171.70
167.40
163.50
159.80
156.80
153.90
151.30
148.80
146.30
143.80
141.40
139.10
136.40
133.90
131.30
128.80
126.00
123.40
120.60
117.90
115.20
112.70
109.90
107.50
104.80
102.40
100.20
97.68
95.67
93.42
91.24
88.99
86.86
84.70
82.53
80.34
77.86
75.58
73.27
70.80
68.33
65.66
63.09
60.33
57.57
54.80
51.88
49.00
46.03
42.94
40.01
37.05
34.05
31.08
28.18
25.25
22.44
19.80
17.14
14.67
12.36
10.25
8.38
6.57
4.90
3.45
1.96
0.93
0.35
0.18
0.18
0.18
0.18
0.19
0.20
0.21
0.22
0.23
0.24
0.25
0.26
0.27
0.28
0.29
0.30
0.31
0.32
0.33
0.34
0.35
0.36
0.37
0.38
0.39
0.40
0.41
0.42
0.43
0.43
0.45
0.46
0.46
0.47
0.48
0.49
0.50
0.51
0.52
0.52
0.54
0.55
0.55
0.56
0.57
0.57
0.58
0.58
0.59
0.59
0.60
0.61
0.61
0.62
0.62
0.63
0.63
0.63
0.63
0.64
0.64
0.64
0.64
0.64
0.64
0.64
0.65
0.65
0.65
0.65
0.65
0.65
0.65
0.65
0.65
0.65
0.65
0.65
0.65
0.65
0.65
0.65
0.65
0.65
0.65
0.65
0.65
426.50
416.50
405.80
395.20
384.30
373.30
361.50
349.90
338.20
326.20
313.70
301.90
289.90
278.20
266.80
255.50
244.50
234.20
224.70
215.30
207.20
199.40
192.30
185.90
180.10
175.00
170.50
166.50
162.70
159.30
156.30
153.70
150.80
148.40
145.90
143.00
140.30
137.80
135.00
132.40
129.30
126.60
123.60
120.80
117.80
114.80
111.90
109.00
106.30
103.70
101.20
98.68
96.35
93.96
91.64
89.43
87.15
84.95
82.81
80.63
78.28
76.11
73.78
71.42
69.02
66.59
64.15
61.57
59.00
56.35
53.60
50.82
47.98
45.11
42.15
39.25
36.33
33.47
30.61
27.79
24.92
22.24
19.61
17.05
14.58
12.34
10.26
8.39
6.63
5.00
3.55
2.11
0.98
0.40
0.18
0.18
0.19
0.20
0.21
0.22
0.23
0.24
0.25
0.26
0.27
0.28
0.29
0.30
0.31
0.32
0.32
0.34
0.34
0.36
0.36
0.38
0.38
0.39
0.40
0.41
0.42
0.43
0.44
0.45
0.46
0.47
0.47
0.48
0.49
0.50
0.51
0.52
0.53
0.53
0.54
0.56
0.56
0.57
0.58
0.59
0.59
0.60
0.60
0.61
0.62
0.62
0.63
0.63
0.64
0.64
0.65
0.65
0.65
0.65
0.65
0.65
0.65
0.65
0.65
0.65
0.65
0.65
0.64
0.64
0.64
0.64
0.64
0.64
0.64
0.64
0.64
0.64
0.64
0.64
0.64
0.64
0.64
0.64
0.64
0.64
0.64
424.60
415.60
405.60
394.70
384.40
372.80
362.00
350.40
338.90
327.50
315.80
303.60
291.30
280.00
268.50
257.70
247.20
236.80
227.10
218.20
210.00
202.10
195.10
188.80
183.20
177.60
173.30
169.20
165.40
161.80
158.90
155.90
152.90
150.10
147.20
144.50
141.50
138.60
135.90
132.80
129.60
126.50
123.40
120.30
117.30
114.20
111.30
108.30
105.50
102.70
99.90
97.26
94.91
92.37
90.02
87.67
85.29
83.08
80.79
78.53
76.28
73.93
71.73
69.36
66.86
64.60
62.11
59.54
56.98
54.42
51.72
49.01
46.25
43.44
40.63
37.81
34.96
32.15
29.40
26.68
23.94
21.25
18.74
16.24
13.93
11.74
9.73
7.95
6.26
4.67
3.28
1.85
0.88
0.34
0.18
0.18
0.18
0.18
0.19
0.20
0.21
0.22
0.23
0.23
0.25
0.25
0.27
0.27
0.28
0.29
0.30
0.31
0.32
0.33
0.34
0.35
0.36
0.36
0.37
0.38
0.39
0.40
0.41
0.42
0.43
0.43
0.44
0.46
0.46
0.47
0.48
0.49
0.50
0.50
0.52
0.52
0.53
0.54
0.55
0.55
0.56
0.57
0.57
0.58
0.58
0.59
0.59
0.60
0.61
0.61
0.62
0.62
0.62
0.63
0.63
0.63
0.63
0.63
0.63
0.63
0.63
0.63
0.63
0.63
0.63
0.63
0.63
0.63
0.63
0.63
0.63
0.63
0.63
0.63
0.63
0.64
0.64
0.64
0.64
0.64
0.64
426.40
416.40
407.10
397.50
387.00
376.40
365.50
354.20
343.30
332.00
319.70
308.50
297.10
285.70
274.30
263.20
252.50
242.40
233.00
224.10
215.20
207.60
200.30
193.70
187.90
182.40
177.80
173.60
169.40
165.70
162.30
159.10
156.00
153.10
150.00
147.10
144.30
140.90
137.80
134.50
131.40
128.00
124.70
121.60
118.20
114.90
111.50
108.30
105.30
102.40
99.57
96.75
94.13
91.48
89.00
86.51
84.11
81.78
79.40
77.18
74.82
72.55
70.27
67.91
65.56
63.17
60.76
58.31
55.84
53.27
50.65
48.02
45.38
42.61
39.89
37.09
34.36
31.66
28.94
26.28
23.60
21.07
18.58
16.15
13.83
11.71
9.73
7.96
6.30
4.76
3.38
1.97
0.92
0.37
0.18
0.18
0.19
0.20
0.21
0.22
0.22
0.23
0.24
0.25
0.26
0.27
0.28
0.29
0.30
0.31
0.31
0.32
0.33
0.34
0.35
0.36
0.37
0.37
0.38
0.39
0.40
0.41
0.42
0.42
0.43
0.44
0.45
0.46
0.47
0.48
0.49
0.49
0.50
0.51
0.52
0.53
0.54
0.55
0.55
0.56
0.57
0.57
0.58
0.58
0.59
0.60
0.60
0.61
0.62
0.62
0.62
0.63
0.63
0.63
0.64
0.64
0.64
0.64
0.64
0.64
0.64
0.64
0.64
0.64
0.64
0.64
0.64
0.64
0.64
0.64
0.64
0.64
0.64
0.64
0.64
0.65
0.65
0.65
0.65
0.65
0.65
424.80
416.30
407.00
397.10
387.30
377.30
366.90
355.50
345.30
333.70
322.20
311.20
300.00
288.30
277.80
266.80
256.20
246.50
237.00
228.00
219.90
211.80
204.70
198.00
192.00
186.70
181.60
177.30
173.20
169.30
165.80
162.40
159.10
155.90
152.50
149.30
146.10
142.80
139.60
136.20
132.80
129.30
125.80
122.20
118.80
115.40
112.00
108.70
105.60
102.60
99.41
96.46
93.78
90.90
88.26
85.63
83.21
80.73
78.30
75.90
73.55
71.16
68.82
66.46
64.09
61.68
59.20
56.72
54.32
51.84
49.23
46.65
44.01
41.39
38.67
35.97
33.28
30.59
28.00
25.35
22.78
20.29
17.87
15.50
13.26
11.20
9.29
7.60
5.99
4.47
3.15
1.74
0.82
0.32
0.17
0.17
0.17
0.17
0.18
0.19
0.20
0.21
0.21
0.22
0.23
0.24
0.25
0.26
0.27
0.27
0.28
0.29
0.30
0.31
0.32
0.33
0.33
0.34
0.35
0.36
0.37
0.37
0.38
0.39
0.40
0.41
0.42
0.42
0.43
0.44
0.45
0.46
0.47
0.47
0.49
0.50
0.50
0.51
0.52
0.52
0.53
0.54
0.55
0.55
0.56
0.56
0.57
0.57
0.58
0.58
0.59
0.59
0.60
0.60
0.60
0.61
0.61
0.61
0.61
0.61
0.62
0.62
0.62
0.62
0.62
0.62
0.62
0.62
0.62
0.62
0.62
0.62
0.62
0.62
0.62
0.63
0.63
0.63
0.63
0.64
0.64
425.70
417.90
408.90
399.30
390.60
380.80
370.90
360.50
350.10
339.30
328.50
317.20
306.20
295.30
284.60
273.80
263.30
253.70
243.90
234.90
226.30
218.40
211.60
204.40
198.40
192.70
187.50
182.80
178.50
174.10
170.40
166.80
163.00
159.80
156.40
152.90
149.30
146.10
142.40
139.00
135.50
131.90
128.20
124.50
120.80
117.20
113.60
110.00
106.70
103.40
100.20
97.15
94.07
91.27
88.45
85.77
83.17
80.56
78.09
75.70
73.21
70.81
68.46
66.05
63.58
61.20
58.76
56.33
53.91
51.40
48.84
46.34
43.73
41.07
38.41
35.75
33.10
30.44
27.91
25.35
22.75
20.29
17.93
15.58
13.36
11.32
9.40
7.69
6.10
4.61
3.27
1.90
0.87
0.35
0.16
0.17
0.18
0.18
0.19
0.20
0.21
0.22
0.23
0.23
0.24
0.25
0.26
0.26
0.27
0.28
0.29
0.30
0.31
0.31
0.32
0.33
0.34
0.34
0.35
0.36
0.37
0.38
0.38
0.39
0.40
0.41
0.42
0.42
0.43
0.44
0.45
0.46
0.46
0.47
0.48
0.49
0.50
0.51
0.52
0.52
0.53
0.54
0.54
0.55
0.56
0.56
0.57
0.58
0.58
0.59
0.59
0.59
0.60
0.60
0.60
0.61
0.61
0.61
0.62
0.62
0.62
0.62
0.62
0.62
0.62
0.62
0.62
0.62
0.62
0.62
0.62
0.62
0.62
0.63
0.64
0.64
0.64
0.65
0.65
0.65
0.65
424.70
417.30
409.30
400.90
391.20
382.40
372.70
363.30
352.90
342.60
331.80
321.30
310.70
300.00
289.10
278.60
268.80
258.90
249.50
240.90
232.40
224.30
217.20
210.30
203.90
198.10
192.70
187.60
183.00
178.80
174.40
170.70
166.70
163.10
159.60
155.80
152.30
148.60
145.00
141.30
137.60
133.70
129.90
126.30
122.50
118.80
115.10
111.50
108.00
104.50
101.10
97.84
94.73
91.68
88.87
86.02
83.39
80.61
77.93
75.46
72.89
70.45
67.96
65.53
63.00
60.54
58.08
55.62
53.16
50.74
48.23
45.64
43.06
40.44
37.81
35.19
32.54
29.93
27.38
24.86
22.31
19.86
17.49
15.23
13.02
11.02
9.14
7.47
5.90
4.42
3.10
1.67
0.78
0.29
0.16
0.16
0.16
0.16
0.17
0.17
0.18
0.19
0.20
0.21
0.21
0.22
0.23
0.23
0.24
0.25
0.26
0.26
0.27
0.28
0.29
0.30
0.30
0.31
0.32
0.33
0.33
0.34
0.35
0.36
0.36
0.37
0.38
0.39
0.40
0.40
0.41
0.42
0.43
0.44
0.44
0.46
0.47
0.47
0.48
0.49
0.49
0.50
0.50
0.51
0.52
0.52
0.53
0.54
0.54
0.55
0.55
0.56
0.56
0.57
0.57
0.57
0.58
0.58
0.58
0.59
0.59
0.59
0.59
0.59
0.60
0.60
0.60
0.60
0.60
0.60
0.60
0.60
0.60
0.60
0.62
0.62
0.62
0.62
0.63
0.64
0.64
425.90
418.70
411.30
403.50
395.50
386.60
377.40
368.30
358.70
348.90
338.70
328.90
318.30
307.50
297.10
287.30
277.10
267.00
257.90
248.90
240.40
232.50
225.10
218.00
211.40
205.40
199.80
194.40
189.50
184.50
180.10
176.00
171.80
168.10
164.10
160.30
156.60
152.50
148.60
144.90
141.00
137.40
133.20
129.40
125.40
121.50
117.70
113.80
109.90
106.40
102.90
99.49
96.19
93.06
90.03
87.10
84.21
81.48
78.79
76.07
73.41
70.99
68.36
65.90
63.36
60.92
58.40
55.99
53.49
50.97
48.47
45.96
43.34
40.74
38.10
35.46
32.81
30.22
27.69
25.13
22.64
20.20
17.83
15.54
13.34
11.29
9.37
7.71
6.14
4.63
3.27
1.86
0.84
0.32
0.14
0.15
0.16
0.17
0.17
0.18
0.19
0.19
0.20
0.21
0.21
0.22
0.23
0.24
0.24
0.25
0.26
0.27
0.27
0.28
0.29
0.30
0.31
0.31
0.32
0.32
0.33
0.34
0.35
0.35
0.36
0.37
0.38
0.39
0.39
0.40
0.41
0.42
0.42
0.43
0.44
0.45
0.46
0.47
0.48
0.48
0.49
0.50
0.51
0.51
0.51
0.52
0.53
0.54
0.54
0.55
0.56
0.56
0.56
0.57
0.57
0.58
0.58
0.58
0.59
0.59
0.59
0.59
0.60
0.60
0.60
0.60
0.61
0.61
0.61
0.61
0.61
0.61
0.61
0.61
0.63
0.64
0.64
0.64
0.64
0.64
0.64
424.40
418.20
411.30
403.80
396.30
389.00
379.90
371.20
362.10
352.80
342.90
333.40
323.40
313.20
303.10
293.30
283.40
274.20
264.70
255.70
247.50
239.40
231.80
224.10
217.90
211.50
205.70
199.70
194.70
189.70
185.20
180.30
176.10
171.90
167.90
164.00
159.70
155.80
151.80
147.90
143.80
139.70
135.60
131.50
127.60
123.50
119.50
115.70
111.90
108.20
104.60
101.10
97.56
94.40
91.06
87.96
85.06
82.17
79.29
76.48
73.85
71.29
68.55
66.08
63.51
60.95
58.39
55.82
53.33
50.89
48.26
45.72
43.09
40.52
37.90
35.21
32.61
29.99
27.45
24.95
22.41
19.92
17.62
15.30
13.13
11.11
9.24
7.55
5.99
4.48
3.14
1.66
0.75
0.25
0.14
0.14
0.14
0.14
0.14
0.15
0.15
0.16
0.17
0.17
0.18
0.19
0.19
0.20
0.21
0.22
0.22
0.23
0.24
0.24
0.25
0.26
0.27
0.27
0.28
0.29
0.30
0.30
0.31
0.31
0.33
0.33
0.34
0.35
0.36
0.36
0.37
0.38
0.38
0.39
0.40
0.41
0.42
0.43
0.44
0.44
0.45
0.46
0.46
0.47
0.48
0.49
0.49
0.50
0.51
0.51
0.52
0.52
0.53
0.53
0.53
0.54
0.54
0.55
0.55
0.56
0.56
0.56
0.56
0.57
0.57
0.57
0.58
0.58
0.58
0.58
0.58
0.58
0.58
0.59
0.60
0.61
0.62
0.62
0.63
0.64
0.64
425.40
418.80
413.50
406.90
399.80
392.90
384.80
377.20
368.90
360.00
351.00
341.30
331.90
322.00
312.10
302.60
293.00
283.60
274.20
265.60
257.30
249.10
241.00
233.90
226.60
220.10
213.80
207.90
202.40
196.80
191.80
187.00
182.30
177.80
173.40
169.00
164.90
160.60
156.60
152.00
148.00
143.70
139.40
135.30
131.10
127.10
123.10
119.00
114.90
110.90
107.10
103.30
99.86
96.34
93.17
89.86
86.71
83.68
80.69
77.99
74.99
72.33
69.60
67.03
64.33
61.74
59.16
56.58
54.04
51.51
48.91
46.36
43.73
41.11
38.42
35.77
33.13
30.50
27.97
25.41
22.89
20.42
18.07
15.76
13.50
11.50
9.58
7.87
6.29
4.74
3.34
1.85
0.82
0.29
0.13
0.13
0.14
0.14
0.15
0.15
0.16
0.17
0.17
0.18
0.18
0.19
0.20
0.20
0.21
0.22
0.23
0.23
0.24
0.25
0.25
0.26
0.27
0.27
0.28
0.29
0.30
0.30
0.31
0.32
0.32
0.33
0.34
0.35
0.35
0.36
0.37
0.38
0.38
0.39
0.40
0.41
0.42
0.43
0.44
0.44
0.45
0.45
0.46
0.47
0.47
0.48
0.49
0.49
0.50
0.51
0.51
0.52
0.53
0.53
0.54
0.54
0.54
0.55
0.55
0.56
0.56
0.56
0.57
0.57
0.58
0.58
0.58
0.58
0.59
0.59
0.59
0.59
0.59
0.60
0.62
0.63
0.63
0.63
0.65
0.65
0.65
424.80
419.70
414.60
408.70
402.00
395.60
388.60
381.10
373.00
364.70
356.20
347.30
338.60
329.30
319.70
310.40
301.20
291.80
282.40
273.90
265.70
257.60
249.50
241.80
234.80
227.70
221.30
215.00
209.20
203.60
197.80
192.70
187.70
183.10
178.30
173.50
169.20
164.70
160.20
155.90
151.50
147.20
142.70
138.30
133.90
129.70
125.70
121.50
117.40
113.40
109.60
105.80
102.10
98.33
94.74
91.52
88.12
85.05
81.98
78.89
76.04
73.14
70.29
67.61
64.80
62.18
59.53
56.87
54.20
51.59
48.96
46.33
43.72
41.03
38.36
35.69
33.03
30.41
27.87
25.31
22.79
20.27
17.93
15.62
13.43
11.38
9.46
7.76
6.16
4.60
3.17
1.64
0.74
0.22
0.12
0.12
0.12
0.12
0.12
0.12
0.13
0.14
0.14
0.15
0.15
0.16
0.17
0.17
0.17
0.18
0.19
0.19
0.20
0.21
0.22
0.22
0.23
0.23
0.24
0.25
0.25
0.26
0.27
0.28
0.29
0.29
0.30
0.31
0.31
0.32
0.33
0.34
0.35
0.35
0.36
0.37
0.38
0.39
0.39
0.40
0.41
0.41
0.42
0.43
0.44
0.44
0.45
0.45
0.46
0.47
0.48
0.48
0.49
0.49
0.50
0.50
0.51
0.51
0.52
0.52
0.53
0.53
0.53
0.54
0.54
0.55
0.55
0.55
0.55
0.56
0.56
0.56
0.56
0.57
0.58
0.60
0.61
0.61
0.62
0.63
0.64
425.50
421.00
416.80
411.60
406.70
400.30
394.20
387.50
380.50
372.60
364.20
356.20
347.90
339.20
330.50
321.00
312.20
302.80
293.90
285.40
277.00
268.80
260.60
252.90
245.10
237.70
231.70
224.60
218.40
212.30
206.40
201.00
195.30
190.40
185.10
180.00
175.10
170.40
165.80
161.00
156.50
152.00
147.60
142.90
138.60
134.10
129.70
125.40
121.10
116.90
112.60
108.60
104.80
101.00
97.40
93.81
90.43
87.12
83.90
80.68
77.58
74.61
71.67
68.76
65.97
63.20
60.45
57.70
54.98
52.30
49.67
47.01
44.31
41.60
38.92
36.24
33.54
30.90
28.32
25.74
23.21
20.74
18.32
16.04
13.78
11.76
9.79
8.06
6.45
4.86
3.36
1.81
0.82
0.26
0.11
0.11
0.12
0.12
0.13
0.13
0.14
0.14
0.15
0.15
0.16
0.16
0.17
0.17
0.18
0.19
0.19
0.20
0.20
0.21
0.22
0.23
0.23
0.24
0.24
0.25
0.26
0.26
0.27
0.28
0.29
0.29
0.30
0.31
0.32
0.32
0.33
0.34
0.34
0.35
0.36
0.37
0.38
0.38
0.39
0.40
0.41
0.42
0.42
0.43
0.44
0.44
0.45
0.45
0.46
0.47
0.48
0.48
0.49
0.50
0.50
0.51
0.51
0.52
0.52
0.53
0.53
0.53
0.54
0.54
0.55
0.55
0.56
0.56
0.57
0.57
0.57
0.57
0.58
0.58
0.60
0.61
0.62
0.63
0.64
0.65
0.65
424.40
421.20
417.70
413.20
409.00
403.90
398.20
392.70
385.80
378.70
371.50
364.00
355.30
347.30
338.60
330.40
321.30
312.60
304.20
295.00
286.80
278.20
270.20
262.70
254.70
247.60
240.40
233.90
227.20
220.70
214.30
208.40
202.80
196.90
191.60
186.20
180.80
175.70
170.90
165.80
161.00
156.40
151.50
146.80
142.30
137.50
133.20
128.70
124.30
120.00
115.70
111.70
107.50
103.70
99.85
96.00
92.44
88.90
85.54
82.16
78.97
75.67
72.61
69.56
66.53
63.64
60.80
57.97
55.14
52.34
49.64
46.87
44.16
41.40
38.73
35.93
33.26
30.61
28.05
25.45
22.92
20.46
18.09
15.78
13.57
11.51
9.60
7.89
6.26
4.65
3.15
1.62
0.73
0.20
0.10
0.10
0.10
0.10
0.10
0.11
0.11
0.11
0.12
0.12
0.13
0.13
0.14
0.15
0.15
0.15
0.16
0.16
0.17
0.17
0.18
0.19
0.19
0.20
0.21
0.21
0.22
0.23
0.24
0.24
0.25
0.26
0.26
0.27
0.28
0.29
0.29
0.30
0.31
0.32
0.32
0.33
0.34
0.35
0.35
0.36
0.37
0.38
0.38
0.39
0.39
0.41
0.41
0.42
0.43
0.43
0.44
0.45
0.45
0.46
0.46
0.47
0.47
0.48
0.49
0.49
0.50
0.50
0.50
0.51
0.51
0.52
0.52
0.53
0.53
0.54
0.54
0.55
0.55
0.56
0.57
0.59
0.60
0.60
0.62
0.63
0.64
425.30
422.50
419.50
416.30
412.80
408.70
403.90
398.90
393.00
386.70
380.30
373.10
365.70
358.00
349.80
341.80
333.30
324.60
316.60
307.80
299.90
291.70
283.10
275.10
267.30
259.80
252.50
245.10
238.50
231.60
224.80
218.50
212.00
206.10
200.10
194.40
188.80
183.40
177.80
172.70
167.80
162.30
157.60
152.50
147.70
142.90
138.20
133.60
129.10
124.60
120.10
115.60
111.10
107.00
103.00
98.99
95.26
91.50
87.88
84.33
80.89
77.46
74.27
71.05
67.85
64.78
61.77
58.80
55.92
53.06
50.22
47.40
44.57
41.80
38.99
36.24
33.48
30.81
28.21
25.62
23.07
20.60
18.21
15.91
13.70
11.67
9.73
8.03
6.41
4.78
3.23
1.74
0.79
0.23
0.10
0.10
0.10
0.11
0.11
0.12
0.12
0.12
0.13
0.13
0.14
0.14
0.15
0.15
0.16
0.16
0.17
0.17
0.18
0.18
0.19
0.19
0.20
0.21
0.21
0.22
0.22
0.23
0.24
0.24
0.25
0.26
0.27
0.27
0.28
0.29
0.30
0.30
0.31
0.32
0.32
0.33
0.34
0.35
0.36
0.36
0.37
0.38
0.38
0.39
0.40
0.41
0.41
0.42
0.43
0.44
0.44
0.45
0.45
0.46
0.47
0.47
0.48
0.48
0.49
0.49
0.50
0.51
0.51
0.52
0.52
0.53
0.53
0.54
0.54
0.55
0.55
0.56
0.56
0.57
0.59
0.60
0.61
0.62
0.64
0.65
0.65
424.60
423.20
421.10
418.90
416.00
412.70
408.40
404.30
399.10
393.20
387.60
381.40
374.80
367.70
360.20
352.20
344.30
336.00
327.80
319.50
311.40
303.40
294.60
286.80
279.30
271.50
263.40
256.20
249.20
242.10
234.70
227.90
221.50
215.20
208.80
202.20
196.60
190.50
184.80
179.00
173.50
168.40
162.80
157.60
152.60
147.60
142.60
137.70
133.00
128.10
123.50
119.10
114.60
110.50
106.00
101.80
97.82
93.85
89.96
86.20
82.65
78.86
75.43
72.09
68.69
65.38
62.26
59.17
56.09
53.01
50.04
47.12
44.23
41.35
38.53
35.71
32.90
30.23
27.60
25.02
22.43
19.98
17.63
15.33
13.17
11.16
9.29
7.62
5.99
4.37
2.90
1.55
0.69
0.17
0.10
0.10
0.10
0.10
0.10
0.10
0.10
0.10
0.10
0.11
0.11
0.12
0.12
0.12
0.13
0.13
0.14
0.14
0.15
0.15
0.16
0.16
0.17
0.17
0.18
0.19
0.19
0.20
0.21
0.21
0.22
0.23
0.23
0.24
0.25
0.25
0.26
0.27
0.28
0.28
0.29
0.30
0.31
0.31
0.32
0.33
0.34
0.34
0.35
0.36
0.37
0.37
0.38
0.39
0.39
0.40
0.41
0.42
0.42
0.43
0.43
0.44
0.44
0.45
0.45
0.46
0.47
0.47
0.48
0.49
0.49
0.50
0.50
0.51
0.51
0.52
0.52
0.53
0.53
0.54
0.56
0.58
0.59
0.59
0.61
0.63
0.64
424.90
424.20
423.00
421.80
419.70
417.70
414.30
410.80
406.60
402.60
397.20
391.60
384.90
378.70
372.00
364.70
357.60
349.80
341.90
334.10
325.70
318.00
309.60
301.80
293.20
286.00
278.20
270.40
262.70
255.60
248.20
240.70
234.00
227.20
220.50
213.60
207.00
200.90
194.70
188.30
182.50
176.50
170.80
165.20
159.80
154.30
149.10
144.10
138.80
134.00
129.10
124.30
119.50
114.80
110.00
105.70
101.40
97.14
93.08
89.06
85.15
81.39
77.63
73.94
70.41
66.93
63.59
60.27
57.04
53.88
50.79
47.75
44.63
41.68
38.78
35.86
32.99
30.23
27.56
24.93
22.37
19.88
17.50
15.21
13.04
11.07
9.18
7.53
5.93
4.34
2.92
1.63
0.73
0.21
0.09
0.10
0.10
0.10
0.11
0.11
0.11
0.11
0.12
0.12
0.12
0.13
0.13
0.13
0.14
0.15
0.15
0.15
0.16
0.16
0.17
0.17
0.18
0.18
0.19
0.19
0.20
0.21
0.21
0.22
0.23
0.23
0.24
0.25
0.25
0.26
0.27
0.28
0.28
0.29
0.30
0.30
0.31
0.32
0.33
0.33
0.34
0.35
0.36
0.36
0.37
0.38
0.38
0.39
0.40
0.40
0.41
0.42
0.43
0.43
0.44
0.45
0.45
0.45
0.46
0.47
0.47
0.48
0.49
0.49
0.50
0.51
0.51
0.51
0.52
0.53
0.54
0.54
0.54
0.55
0.57
0.59
0.60
0.61
0.63
0.64
0.64
425.50
424.90
425.10
423.80
423.30
421.60
419.30
416.70
413.00
409.70
404.50
400.10
395.10
388.90
382.80
376.30
369.50
362.20
355.00
347.00
339.60
331.50
323.70
315.30
307.70
300.00
291.80
284.20
276.40
268.30
261.10
253.80
246.40
239.30
232.00
225.00
218.20
211.10
204.60
197.70
191.60
185.10
179.10
172.90
167.10
161.20
155.70
150.10
144.70
139.40
134.10
129.10
124.10
119.20
114.40
109.50
105.10
100.50
96.16
91.84
87.73
83.60
79.60
75.70
71.80
68.21
64.65
61.06
57.67
54.28
51.01
47.78
44.64
41.51
38.49
35.42
32.54
29.69
26.99
24.33
21.71
19.20
16.86
14.54
12.38
10.41
8.60
7.00
5.42
3.90
2.59
1.43
0.62
0.16
0.10
0.10
0.10
0.10
0.10
0.10
0.10
0.10
0.10
0.10
0.10
0.11
0.11
0.11
0.12
0.12
0.12
0.13
0.13
0.14
0.14
0.15
0.15
0.16
0.16
0.17
0.17
0.18
0.19
0.19
0.20
0.20
0.21
0.22
0.22
0.23
0.24
0.24
0.25
0.26
0.27
0.28
0.28
0.29
0.30
0.30
0.31
0.32
0.33
0.33
0.34
0.35
0.36
0.36
0.37
0.38
0.38
0.39
0.39
0.40
0.41
0.41
0.42
0.43
0.43
0.44
0.44
0.45
0.46
0.47
0.47
0.48
0.48
0.49
0.50
0.50
0.51
0.51
0.52
0.53
0.55
0.57
0.58
0.58
0.60
0.62
0.63
424.30
426.30
427.00
427.90
426.70
426.30
425.00
423.50
420.50
417.80
414.00
410.70
405.40
401.20
395.90
389.60
383.40
377.20
370.40
363.10
356.00
348.30
340.40
332.40
325.00
316.90
308.90
301.30
293.40
285.20
277.70
270.10
262.30
254.90
247.00
239.90
232.60
225.40
218.10
211.10
204.10
197.40
190.60
184.10
177.80
171.50
165.30
159.40
153.40
147.70
142.00
136.30
131.20
125.90
120.70
115.50
110.20
105.50
100.80
96.30
91.64
87.29
83.08
78.77
74.78
70.82
66.97
63.21
59.57
56.01
52.48
49.14
45.82
42.50
39.30
36.14
33.07
30.15
27.36
24.52
21.85
19.30
16.88
14.54
12.31
10.37
8.52
6.91
5.36
3.90
2.65
1.51
0.66
0.19
0.09
0.10
0.10
0.10
0.10
0.11
0.11
0.11
0.11
0.12
0.12
0.12
0.13
0.13
0.13
0.14
0.14
0.15
0.15
0.15
0.16
0.16
0.17
0.17
0.18
0.18
0.18
0.19
0.20
0.20
0.21
0.22
0.22
0.23
0.23
0.24
0.25
0.25
0.26
0.27
0.28
0.28
0.29
0.30
0.31
0.31
0.32
0.33
0.33
0.34
0.35
0.36
0.36
0.37
0.38
0.38
0.39
0.40
0.41
0.41
0.42
0.42
0.43
0.44
0.44
0.45
0.46
0.46
0.47
0.48
0.48
0.49
0.50
0.50
0.51
0.51
0.52
0.53
0.53
0.54
0.56
0.58
0.59
0.60
0.62
0.64
0.64
425.40
426.90
428.60
430.00
430.50
431.10
430.20
428.90
427.30
425.50
422.80
419.30
416.20
411.70
407.40
402.50
396.80
391.00
384.50
378.20
371.50
364.00
356.70
349.40
341.70
333.90
326.10
318.30
310.20
302.40
294.50
286.70
278.80
270.70
262.80
255.20
247.60
240.10
232.50
224.90
217.60
210.50
203.20
196.40
189.30
182.40
175.80
169.40
162.80
156.70
150.60
144.30
138.70
132.90
127.20
121.80
116.40
111.20
106.00
101.00
96.03
91.27
86.78
82.16
77.82
73.64
69.43
65.32
61.42
57.60
53.79
50.23
46.64
43.20
39.79
36.52
33.33
30.25
27.37
24.48
21.70
19.07
16.56
14.23
11.99
9.98
8.15
6.57
5.05
3.64
2.44
1.35
0.57
0.16
0.10
0.10
0.10
0.10
0.10
0.10
0.10
0.10
0.10
0.10
0.10
0.10
0.11
0.11
0.11
0.12
0.12
0.12
0.13
0.13
0.14
0.14
0.14
0.15
0.15
0.16
0.16
0.17
0.17
0.18
0.18
0.19
0.19
0.20
0.21
0.22
0.22
0.23
0.23
0.24
0.25
0.26
0.26
0.27
0.28
0.28
0.29
0.30
0.31
0.32
0.32
0.33
0.34
0.34
0.35
0.36
0.37
0.37
0.38
0.39
0.39
0.40
0.40
0.41
0.42
0.42
0.43
0.44
0.44
0.45
0.45
0.46
0.47
0.47
0.48
0.49
0.49
0.50
0.51
0.52
0.54
0.55
0.57
0.57
0.59
0.62
0.63
424.70
427.40
430.10
432.80
434.00
435.10
435.50
435.80
434.70
434.20
432.00
430.00
427.30
423.70
420.80
416.40
411.70
406.50
400.80
396.00
389.00
382.10
375.70
368.50
361.40
354.50
346.50
338.80
331.00
322.40
315.00
306.80
298.70
291.10
282.70
274.90
266.80
258.90
250.80
243.30
235.50
227.80
220.00
212.60
205.30
197.80
190.60
183.70
176.50
169.60
162.90
156.40
150.10
143.60
137.50
131.50
125.40
119.70
114.00
108.30
102.80
97.68
92.58
87.63
82.88
78.19
73.61
69.30
65.10
60.92
56.87
52.97
49.17
45.43
41.84
38.39
34.95
31.66
28.52
25.53
22.66
19.84
17.23
14.76
12.44
10.35
8.42
6.79
5.23
3.82
2.58
1.47
0.64
0.19
0.09
0.10
0.10
0.10
0.10
0.10
0.10
0.11
0.11
0.12
0.12
0.12
0.12
0.13
0.13
0.13
0.14
0.14
0.15
0.15
0.15
0.16
0.16
0.16
0.17
0.17
0.18
0.18
0.19
0.19
0.20
0.20
0.21
0.21
0.22
0.23
0.23
0.24
0.25
0.25
0.26
0.27
0.27
0.28
0.29
0.30
0.31
0.31
0.32
0.33
0.33
0.34
0.35
0.35
0.36
0.37
0.38
0.38
0.39
0.40
0.40
0.41
0.42
0.42
0.43
0.44
0.44
0.45
0.46
0.46
0.47
0.48
0.48
0.49
0.49
0.50
0.51
0.52
0.52
0.53
0.55
0.57
0.58
0.59
0.61
0.63
0.63
425.00
429.10
432.50
435.40
437.50
439.80
440.70
441.90
442.20
441.90
440.70
439.30
438.00
435.90
432.40
429.10
425.30
421.10
416.50
411.70
405.60
399.80
393.70
387.20
380.40
373.30
366.10
358.40
351.20
343.40
335.60
327.60
319.60
311.40
303.30
295.10
286.70
278.70
270.10
262.20
254.00
245.90
237.90
229.90
222.00
214.30
206.30
198.90
191.20
183.60
176.30
169.30
162.10
155.20
148.50
141.60
135.40
128.90
122.50
116.50
110.70
104.90
99.27
93.80
88.55
83.38
78.47
73.52
68.92
64.50
60.18
55.87
51.55
47.62
43.72
39.92
36.23
32.82
29.47
26.33
23.21
20.29
17.57
14.98
12.57
10.39
8.40
6.73
5.14
3.72
2.50
1.36
0.57
0.15
0.10
0.10
0.10
0.10
0.10
0.10
0.10
0.10
0.10
0.10
0.10
0.10
0.11
0.11
0.11
0.11
0.12
0.12
0.12
0.13
0.13
0.13
0.14
0.14
0.15
0.15
0.15
0.16
0.17
0.17
0.18
0.18
0.18
0.19
0.20
0.20
0.21
0.22
0.22
0.23
0.23
0.24
0.25
0.26
0.27
0.27
0.28
0.28
0.29
0.30
0.31
0.31
0.32
0.33
0.34
0.34
0.35
0.36
0.37
0.37
0.38
0.38
0.39
0.40
0.41
0.41
0.42
0.42
0.43
0.44
0.45
0.45
0.45
0.46
0.47
0.48
0.48
0.49
0.50
0.51
0.53
0.54
0.56
0.57
0.59
0.61
0.62
424.40
429.70
434.10
437.20
440.90
443.30
445.70
448.30
448.40
449.20
449.70
449.90
447.80
447.20
445.30
442.50
440.20
436.60
432.90
428.80
424.10
418.90
413.60
407.80
401.80
395.30
389.10
381.40
374.90
367.30
359.30
351.80
343.90
335.80
328.00
319.20
311.30
302.70
294.20
285.90
277.50
268.80
260.30
252.20
243.80
235.40
227.20
218.60
210.80
202.50
194.40
186.50
178.90
171.30
163.90
156.20
149.00
142.00
135.20
128.40
121.80
115.30
108.70
102.60
96.82
91.05
85.43
80.21
75.09
70.14
65.18
60.53
55.99
51.65
47.38
43.23
39.25
35.46
31.88
28.33
25.00
21.89
18.91
16.10
13.48
11.21
9.09
7.26
5.56
4.07
2.76
1.55
0.66
0.19
0.09
0.10
0.10
0.10
0.10
0.10
0.11
0.11
0.11
0.12
0.12
0.12
0.12
0.13
0.13
0.13
0.13
0.14
0.14
0.14
0.15
0.15
0.15
0.16
0.16
0.17
0.17
0.17
0.18
0.18
0.19
0.19
0.20
0.20
0.21
0.22
0.22
0.23
0.23
0.24
0.25
0.25
0.26
0.27
0.28
0.28
0.29
0.30
0.31
0.31
0.32
0.33
0.33
0.34
0.35
0.36
0.37
0.37
0.38
0.38
0.39
0.40
0.41
0.41
0.42
0.43
0.43
0.44
0.44
0.45
0.46
0.46
0.47
0.48
0.49
0.49
0.50
0.51
0.51
0.52
0.54
0.56
0.57
0.58
0.60
0.62
0.62
425.50
430.50
436.20
440.40
444.60
448.00
451.10
454.00
456.10
457.30
458.80
458.90
458.90
458.20
457.20
456.00
453.60
451.70
448.50
445.30
441.70
437.40
432.50
427.70
421.60
416.30
410.80
403.80
397.20
390.50
383.50
376.10
368.10
360.10
352.30
343.80
335.50
327.30
318.90
310.10
301.40
292.90
283.70
275.30
266.10
257.00
248.40
239.50
230.40
222.00
213.30
204.80
196.20
187.90
179.60
171.50
163.40
155.80
147.90
140.60
133.10
126.00
119.10
112.30
105.70
99.39
93.26
87.26
81.53
76.08
70.52
65.36
60.33
55.56
50.80
46.19
41.92
37.76
33.89
30.06
26.44
23.02
19.83
16.84
14.10
11.63
9.37
7.44
5.68
4.08
2.72
1.46
0.61
0.16
0.10
0.10
0.10
0.10
0.10
0.10
0.10
0.10
0.10
0.10
0.10
0.10
0.10
0.10
0.11
0.11
0.11
0.12
0.12
0.12
0.12
0.13
0.13
0.14
0.14
0.14
0.15
0.15
0.16
0.16
0.17
0.17
0.17
0.18
0.19
0.19
0.20
0.20
0.21
0.22
0.22
0.23
0.24
0.24
0.25
0.26
0.26
0.27
0.28
0.28
0.29
0.30
0.31
0.31
0.33
0.33
0.34
0.35
0.36
0.36
0.37
0.37
0.38
0.39
0.39
0.40
0.41
0.41
0.42
0.43
0.44
0.44
0.45
0.46
0.46
0.47
0.48
0.48
0.49
0.50
0.52
0.53
0.55
0.56
0.58
0.60
0.62
424.50
430.90
436.70
441.60
447.40
451.10
455.20
459.00
462.30
464.00
466.90
467.90
468.80
469.40
469.30
468.70
468.30
466.40
464.60
462.20
459.70
456.50
452.70
448.20
443.40
438.40
433.00
427.80
422.00
415.10
409.20
401.90
394.70
387.40
379.70
371.30
363.40
355.30
346.80
338.10
329.40
320.30
311.10
302.30
292.90
283.30
274.10
264.60
255.90
246.20
236.90
227.00
218.40
209.10
199.70
191.00
182.20
173.50
164.90
156.70
148.40
140.40
132.70
125.20
117.60
110.00
103.30
96.59
90.22
84.08
78.08
72.28
66.63
61.32
56.09
51.00
46.22
41.65
37.30
33.08
29.12
25.38
21.87
18.52
15.51
12.81
10.36
8.23
6.30
4.57
3.12
1.73
0.72
0.20
0.09
0.10
0.10
0.10
0.10
0.10
0.10
0.11
0.11
0.11
0.11
0.12
0.12
0.12
0.12
0.13
0.13
0.13
0.14
0.14
0.14
0.15
0.15
0.15
0.16
0.16
0.17
0.17
0.17
0.18
0.18
0.19
0.19
0.19
0.20
0.21
0.21
0.22
0.22
0.23
0.24
0.24
0.25
0.25
0.26
0.27
0.28
0.28
0.29
0.30
0.30
0.31
0.32
0.32
0.33
0.34
0.35
0.36
0.37
0.37
0.38
0.39
0.40
0.40
0.41
0.41
0.42
0.43
0.44
0.44
0.45
0.45
0.46
0.47
0.48
0.49
0.49
0.50
0.51
0.52
0.53
0.55
0.56
0.57
0.59
0.61
0.62
425.40
432.00
438.80
444.80
450.40
455.60
460.80
464.70
468.90
472.20
474.30
476.90
479.20
480.00
481.10
481.30
481.30
481.10
480.00
478.40
475.50
473.60
470.90
467.80
463.80
459.40
455.20
450.20
444.10
438.60
433.20
426.90
419.80
412.60
405.50
398.20
389.90
382.20
373.50
364.90
356.30
347.40
337.70
328.40
318.80
309.10
299.60
289.60
279.80
269.50
259.80
249.70
239.80
230.20
219.80
210.10
200.80
191.00
181.70
172.30
163.30
154.50
145.70
137.30
129.10
121.10
113.50
106.20
98.93
92.08
85.13
78.81
72.62
66.47
60.64
55.24
49.84
44.79
40.08
35.50
31.07
27.00
23.21
19.64
16.34
13.42
10.86
8.59
6.50
4.66
3.12
1.65
0.68
0.17
0.09
0.09
0.09
0.09
0.09
0.09
0.09
0.09
0.09
0.09
0.09
0.10
0.10
0.10
0.10
0.11
0.11
0.11
0.11
0.12
0.12
0.12
0.13
0.13
0.13
0.14
0.14
0.15
0.15
0.15
0.16
0.16
0.17
0.17
0.18
0.18
0.19
0.19
0.20
0.21
0.21
0.22
0.23
0.23
0.24
0.24
0.25
0.26
0.27
0.27
0.28
0.29
0.29
0.30
0.31
0.32
0.33
0.33
0.34
0.35
0.36
0.36
0.37
0.38
0.38
0.39
0.40
0.41
0.41
0.42
0.43
0.43
0.44
0.45
0.45
0.46
0.47
0.48
0.49
0.50
0.51
0.53
0.54
0.55
0.57
0.58
0.60
424.40
432.30
439.50
445.90
452.50
458.00
464.20
469.60
474.30
478.30
482.00
485.40
487.50
490.00
492.00
493.40
494.30
494.90
494.60
493.80
491.90
491.60
489.60
486.70
483.50
480.40
476.70
472.30
468.00
462.70
457.60
451.20
445.20
439.10
431.90
424.80
417.50
409.50
401.80
393.00
384.60
375.80
365.70
357.00
347.30
336.80
326.60
316.60
306.60
295.90
285.30
274.60
264.00
253.60
243.10
232.20
221.60
211.30
201.10
191.30
180.90
170.80
161.40
152.50
143.20
134.40
125.90
117.50
109.10
101.50
94.09
86.94
80.10
73.38
66.98
60.85
55.00
49.44
44.13
39.06
34.25
29.83
25.61
21.70
18.06
14.88
12.04
9.51
7.25
5.28
3.57
1.96
0.78
0.23
0.09
0.09
0.09
0.10
0.10
0.10
0.10
0.10
0.11
0.11
0.11
0.11
0.11
0.11
0.12
0.12
0.13
0.13
0.13
0.13
0.14
0.14
0.14
0.15
0.15
0.15
0.16
0.16
0.17
0.17
0.17
0.18
0.18
0.19
0.19
0.20
0.20
0.21
0.21
0.22
0.22
0.23
0.24
0.24
0.25
0.26
0.26
0.27
0.28
0.28
0.29
0.30
0.30
0.31
0.32
0.33
0.34
0.35
0.35
0.36
0.37
0.38
0.38
0.39
0.40
0.40
0.41
0.42
0.43
0.43
0.44
0.45
0.46
0.46
0.47
0.48
0.49
0.50
0.50
0.51
0.53
0.54
0.56
0.57
0.58
0.60
0.60
425.60
433.90
440.90
448.90
456.00
462.80
468.40
474.50
480.00
484.40
489.40
493.00
497.40
499.80
501.90
505.20
507.00
507.60
508.50
508.10
507.90
507.30
506.10
504.00
502.10
499.80
497.00
492.40
488.60
484.70
478.90
474.30
469.10
462.00
456.00
449.30
442.30
434.50
426.30
417.60
409.60
400.30
390.80
381.30
371.60
361.50
351.30
340.70
329.80
318.70
307.90
296.60
284.90
273.90
262.30
251.30
240.10
228.70
217.70
206.70
195.90
185.50
175.10
164.90
155.00
145.30
135.90
126.90
118.20
110.00
101.70
93.90
86.32
78.99
71.94
65.27
59.24
53.21
47.18
41.74
36.41
31.56
27.08
22.88
19.05
15.60
12.56
9.93
7.54
5.39
3.61
1.86
0.75
0.18
0.09
0.09
0.09
0.09
0.09
0.09
0.09
0.09
0.09
0.09
0.09
0.09
0.09
0.09
0.10
0.10
0.10
0.10
0.11
0.11
0.11
0.12
0.12
0.12
0.13
0.13
0.13
0.14
0.15
0.14
0.15
0.15
0.16
0.16
0.17
0.17
0.18
0.18
0.19
0.19
0.20
0.21
0.21
0.22
0.23
0.23
0.24
0.24
0.25
0.26
0.27
0.27
0.28
0.29
0.30
0.30
0.31
0.32
0.33
0.33
0.34
0.35
0.36
0.37
0.37
0.38
0.39
0.39
0.40
0.41
0.42
0.42
0.43
0.44
0.45
0.45
0.46
0.47
0.48
0.49
0.50
0.52
0.53
0.54
0.56
0.58
0.59
