SALVI
1
0
72
5.0
181
1.0
250109_4 SNAP 350 3000K CPR085 VDR
250109_4 SNAP CPR085 VDR

250109-4-SNAP-CPR085-VDR.ldt
12 Juny 2025/TB
310
0
90
210
0
0
0
0
0
99.84
99.99
1.00
0.00
1
1
18 LED 5050
5467.00
3000
70
39.00
0.34
0.44
0.53
0.61
0.67
0.74
0.78
0.82
0.86
0.88
0.00
5.00
10.00
15.00
20.00
25.00
30.00
35.00
40.00
45.00
50.00
55.00
60.00
65.00
70.00
75.00
80.00
85.00
90.00
95.00
100.00
105.00
110.00
115.00
120.00
125.00
130.00
135.00
140.00
145.00
150.00
155.00
160.00
165.00
170.00
175.00
180.00
185.00
190.00
195.00
200.00
205.00
210.00
215.00
220.00
225.00
230.00
235.00
240.00
245.00
250.00
255.00
260.00
265.00
270.00
275.00
280.00
285.00
290.00
295.00
300.00
305.00
310.00
315.00
320.00
325.00
330.00
335.00
340.00
345.00
350.00
355.00
0.00
1.00
2.00
3.00
4.00
5.00
6.00
7.00
8.00
9.00
10.00
11.00
12.00
13.00
14.00
15.00
16.00
17.00
18.00
19.00
20.00
21.00
22.00
23.00
24.00
25.00
26.00
27.00
28.00
29.00
30.00
31.00
32.00
33.00
34.00
35.00
36.00
37.00
38.00
39.00
40.00
41.00
42.00
43.00
44.00
45.00
46.00
47.00
48.00
49.00
50.00
51.00
52.00
53.00
54.00
55.00
56.00
57.00
58.00
59.00
60.00
61.00
62.00
63.00
64.00
65.00
66.00
67.00
68.00
69.00
70.00
71.00
72.00
73.00
74.00
75.00
76.00
77.00
78.00
79.00
80.00
81.00
82.00
83.00
84.00
85.00
86.00
87.00
88.00
89.00
90.00
91.00
92.00
93.00
94.00
95.00
96.00
97.00
98.00
99.00
100.00
101.00
102.00
103.00
104.00
105.00
106.00
107.00
108.00
109.00
110.00
111.00
112.00
113.00
114.00
115.00
116.00
117.00
118.00
119.00
120.00
121.00
122.00
123.00
124.00
125.00
126.00
127.00
128.00
129.00
130.00
131.00
132.00
133.00
134.00
135.00
136.00
137.00
138.00
139.00
140.00
141.00
142.00
143.00
144.00
145.00
146.00
147.00
148.00
149.00
150.00
151.00
152.00
153.00
154.00
155.00
156.00
157.00
158.00
159.00
160.00
161.00
162.00
163.00
164.00
165.00
166.00
167.00
168.00
169.00
170.00
171.00
172.00
173.00
174.00
175.00
176.00
177.00
178.00
179.00
180.00
437.20
429.50
422.60
414.90
407.10
398.20
386.30
373.30
357.50
342.40
326.30
310.10
293.30
275.00
257.10
238.60
221.40
204.30
187.30
171.10
156.40
142.30
129.40
117.50
106.90
100.50
99.52
102.50
106.10
109.00
111.20
113.20
115.00
116.70
118.10
119.60
120.70
121.90
122.90
123.00
123.20
122.60
121.80
120.20
117.60
113.40
107.90
101.00
93.51
86.87
80.50
75.21
69.68
64.24
58.83
58.32
57.82
70.65
82.59
95.08
105.10
115.00
121.50
126.00
127.00
123.90
110.80
92.25
74.78
61.11
52.30
43.55
37.30
33.25
30.03
27.08
24.22
21.36
18.01
15.07
12.83
10.71
8.54
6.47
4.47
2.88
1.64
0.81
0.29
0.11
0.07
0.07
0.07
0.08
0.08
0.09
0.10
0.11
0.12
0.13
0.14
0.15
0.17
0.18
0.19
0.21
0.22
0.23
0.25
0.26
0.28
0.29
0.30
0.31
0.33
0.34
0.35
0.37
0.38
0.39
0.40
0.42
0.43
0.44
0.45
0.46
0.47
0.48
0.49
0.49
0.50
0.51
0.52
0.53
0.53
0.54
0.55
0.55
0.56
0.57
0.58
0.58
0.59
0.59
0.60
0.60
0.61
0.62
0.62
0.63
0.63
0.64
0.64
0.65
0.65
0.65
0.65
0.65
0.65
0.65
0.65
0.65
0.65
0.65
0.65
0.65
0.65
0.64
0.64
0.63
0.63
0.62
0.62
0.61
0.61
0.60
0.59
0.59
0.58
0.58
0.56
437.30
430.10
423.60
416.20
409.30
400.10
389.10
377.10
362.30
346.90
331.90
315.80
299.40
282.20
264.40
246.10
228.40
211.50
194.40
178.80
164.60
150.60
137.40
124.80
113.30
105.00
101.00
102.90
106.40
109.40
112.10
114.60
116.60
118.70
120.50
121.70
122.90
124.40
124.90
125.10
125.30
124.90
124.30
123.20
121.10
118.00
113.70
106.80
99.92
92.63
85.62
79.16
72.77
66.32
60.00
54.44
58.64
62.91
74.57
86.53
98.34
108.50
117.10
124.00
128.40
128.90
122.60
104.30
85.96
70.14
57.43
47.91
40.16
34.29
30.34
26.87
23.40
19.65
16.20
13.38
10.91
8.69
6.75
5.09
3.56
2.28
1.30
0.66
0.26
0.09
0.07
0.07
0.08
0.08
0.09
0.10
0.11
0.12
0.13
0.14
0.15
0.16
0.17
0.18
0.19
0.21
0.22
0.23
0.24
0.26
0.27
0.28
0.30
0.31
0.32
0.33
0.35
0.36
0.37
0.39
0.40
0.41
0.42
0.43
0.44
0.45
0.46
0.47
0.48
0.49
0.50
0.51
0.51
0.52
0.53
0.54
0.54
0.55
0.56
0.57
0.57
0.58
0.59
0.60
0.60
0.61
0.61
0.62
0.62
0.63
0.64
0.64
0.64
0.64
0.64
0.64
0.64
0.64
0.64
0.64
0.64
0.63
0.63
0.63
0.63
0.62
0.62
0.62
0.61
0.61
0.60
0.60
0.59
0.59
0.58
0.58
0.57
0.57
0.56
0.55
0.55
436.90
430.30
424.90
417.50
409.50
401.70
390.70
379.20
365.30
350.50
336.20
319.90
304.10
287.30
270.00
252.60
234.90
217.70
200.80
185.30
171.30
158.10
144.50
132.30
120.30
110.20
104.10
103.10
106.20
109.80
113.00
115.50
117.90
120.40
121.90
123.40
124.50
125.30
125.60
125.90
126.00
125.80
125.50
124.60
123.30
120.90
117.20
111.20
104.10
96.92
89.71
82.97
76.03
69.36
62.12
56.47
50.82
50.94
63.61
75.31
87.07
97.93
106.60
115.30
121.80
125.90
126.20
118.50
97.08
78.91
63.88
54.12
44.43
36.91
31.16
26.85
22.81
19.09
15.83
13.13
10.74
8.49
6.36
4.69
3.38
2.14
1.24
0.61
0.23
0.09
0.07
0.06
0.06
0.06
0.07
0.08
0.08
0.09
0.10
0.11
0.12
0.13
0.14
0.15
0.16
0.17
0.19
0.20
0.21
0.22
0.23
0.25
0.26
0.27
0.28
0.29
0.31
0.32
0.34
0.34
0.35
0.37
0.37
0.39
0.40
0.41
0.42
0.43
0.44
0.45
0.45
0.47
0.47
0.48
0.49
0.50
0.51
0.51
0.52
0.53
0.54
0.54
0.55
0.56
0.57
0.57
0.58
0.58
0.59
0.59
0.60
0.60
0.61
0.61
0.62
0.62
0.62
0.62
0.63
0.62
0.62
0.62
0.62
0.63
0.63
0.63
0.63
0.62
0.62
0.61
0.61
0.61
0.61
0.60
0.60
0.59
0.59
0.58
0.58
0.57
0.56
437.30
431.00
424.80
419.00
411.60
404.10
394.60
383.40
370.60
356.80
342.40
327.50
312.30
296.00
279.70
262.60
245.50
227.90
210.70
195.10
181.10
168.00
154.80
142.30
130.40
118.70
109.70
104.30
105.30
109.00
112.60
115.60
118.00
120.10
122.00
123.10
123.90
124.60
125.00
125.20
125.80
125.90
125.80
125.40
124.70
123.20
120.00
115.20
108.40
101.70
94.70
88.21
81.37
74.13
67.02
59.41
52.50
49.23
47.83
55.53
68.87
80.45
91.15
101.10
109.10
116.00
121.20
122.80
120.10
99.43
78.78
63.61
52.12
43.35
35.39
29.10
24.02
20.10
16.77
13.78
11.23
8.80
6.65
4.90
3.48
2.27
1.27
0.62
0.25
0.08
0.06
0.07
0.07
0.07
0.08
0.09
0.09
0.10
0.11
0.12
0.13
0.13
0.15
0.15
0.16
0.17
0.19
0.20
0.21
0.22
0.23
0.24
0.26
0.27
0.28
0.29
0.30
0.31
0.32
0.34
0.35
0.36
0.37
0.38
0.39
0.40
0.41
0.42
0.43
0.44
0.45
0.46
0.47
0.48
0.49
0.49
0.50
0.51
0.52
0.53
0.53
0.54
0.55
0.56
0.56
0.57
0.58
0.58
0.59
0.60
0.60
0.61
0.61
0.61
0.61
0.61
0.61
0.61
0.61
0.61
0.61
0.60
0.60
0.60
0.60
0.60
0.60
0.60
0.60
0.59
0.58
0.58
0.58
0.58
0.57
0.57
0.57
0.56
0.55
0.55
0.55
437.20
432.00
425.50
419.60
412.80
405.70
397.80
386.70
374.50
362.10
347.50
333.50
318.80
303.50
287.30
270.80
254.10
237.60
221.00
204.50
189.70
176.60
164.10
151.60
139.30
127.40
116.50
108.20
104.20
106.50
110.50
113.70
116.50
118.20
119.80
121.10
122.00
122.80
123.20
124.00
124.40
124.70
124.60
124.80
124.50
124.10
122.30
118.90
113.50
106.40
99.42
92.97
86.38
79.49
72.20
64.82
57.07
50.14
47.43
45.95
45.28
54.02
67.56
78.90
89.04
97.89
103.60
109.20
114.90
114.60
109.00
87.69
64.93
53.48
42.18
34.21
27.34
21.92
17.62
14.03
11.21
8.83
6.72
4.97
3.52
2.26
1.27
0.61
0.21
0.08
0.06
0.06
0.06
0.06
0.06
0.06
0.07
0.08
0.08
0.09
0.10
0.11
0.12
0.12
0.14
0.14
0.16
0.16
0.17
0.19
0.20
0.21
0.22
0.23
0.24
0.25
0.26
0.28
0.28
0.30
0.30
0.32
0.33
0.34
0.35
0.36
0.37
0.38
0.39
0.40
0.41
0.42
0.42
0.44
0.44
0.45
0.46
0.47
0.48
0.49
0.49
0.51
0.51
0.52
0.52
0.53
0.54
0.55
0.55
0.56
0.56
0.57
0.58
0.58
0.58
0.58
0.59
0.59
0.59
0.59
0.60
0.60
0.60
0.60
0.60
0.60
0.60
0.60
0.60
0.60
0.60
0.60
0.59
0.59
0.58
0.58
0.58
0.57
0.57
0.56
0.56
438.00
432.50
427.00
421.70
415.30
409.00
401.20
392.30
380.90
369.10
356.60
342.60
328.30
314.50
298.90
283.20
267.00
250.50
233.70
217.50
201.50
187.30
175.10
162.90
150.60
138.40
126.80
115.80
107.60
103.80
106.10
109.90
112.90
115.10
116.70
117.90
119.20
119.90
120.50
121.30
122.20
123.40
123.90
124.20
124.70
124.60
124.10
122.70
119.20
114.00
106.60
99.33
93.08
86.62
79.75
72.24
64.58
56.49
48.96
45.37
43.70
42.24
40.72
41.52
53.37
66.08
75.95
84.56
91.58
96.80
100.20
101.30
98.51
84.51
58.93
45.17
36.04
28.58
22.28
17.16
12.97
9.60
7.20
5.33
3.82
2.52
1.44
0.69
0.24
0.06
0.06
0.06
0.06
0.06
0.07
0.07
0.08
0.08
0.09
0.10
0.11
0.11
0.12
0.13
0.14
0.15
0.16
0.17
0.18
0.19
0.20
0.21
0.22
0.23
0.24
0.25
0.26
0.27
0.28
0.29
0.30
0.31
0.32
0.33
0.34
0.35
0.37
0.37
0.38
0.39
0.40
0.41
0.42
0.43
0.44
0.45
0.46
0.46
0.48
0.48
0.49
0.50
0.51
0.52
0.52
0.53
0.54
0.54
0.55
0.56
0.56
0.57
0.57
0.58
0.58
0.58
0.58
0.58
0.58
0.58
0.58
0.58
0.58
0.58
0.58
0.58
0.58
0.58
0.58
0.58
0.57
0.57
0.57
0.57
0.56
0.56
0.56
0.55
0.55
0.55
0.55
437.50
432.40
427.30
422.70
416.80
411.30
404.60
396.40
386.40
375.10
363.40
350.80
337.90
323.60
309.20
293.80
278.50
262.20
246.50
230.70
214.60
199.10
185.70
174.30
161.90
149.50
138.10
126.00
115.40
107.00
102.60
104.80
107.80
110.70
112.80
114.10
115.20
116.10
117.10
118.10
119.10
120.00
121.60
122.50
123.90
125.10
125.90
126.00
125.10
121.30
115.30
107.10
99.09
92.00
85.46
78.55
71.38
63.96
55.83
47.69
42.72
40.70
39.19
37.58
35.84
34.13
33.34
40.23
52.42
61.85
69.13
74.03
76.46
77.10
75.21
69.84
54.10
36.64
27.12
20.76
15.49
11.50
8.57
5.96
4.08
2.54
1.37
0.65
0.19
0.07
0.05
0.05
0.05
0.05
0.05
0.05
0.06
0.06
0.07
0.08
0.08
0.09
0.10
0.10
0.11
0.12
0.13
0.14
0.15
0.16
0.16
0.17
0.18
0.19
0.20
0.21
0.22
0.23
0.24
0.25
0.26
0.27
0.28
0.29
0.30
0.31
0.32
0.33
0.34
0.35
0.36
0.37
0.38
0.39
0.40
0.40
0.41
0.42
0.43
0.44
0.45
0.46
0.47
0.47
0.48
0.49
0.50
0.51
0.51
0.52
0.53
0.53
0.54
0.55
0.55
0.55
0.56
0.56
0.56
0.56
0.57
0.57
0.57
0.57
0.57
0.57
0.57
0.57
0.57
0.57
0.57
0.57
0.57
0.57
0.57
0.57
0.57
0.57
0.56
0.56
0.56
436.90
433.80
429.30
425.00
419.40
414.30
409.30
401.60
393.60
384.10
373.00
361.00
348.40
335.50
321.60
307.50
293.50
278.00
262.70
247.30
231.60
216.40
201.50
187.70
175.80
164.20
152.20
140.30
128.40
117.60
108.10
101.90
101.70
104.50
107.00
108.90
110.40
111.90
113.80
115.40
116.80
118.20
119.40
120.90
121.80
122.90
123.40
123.80
124.10
123.10
119.80
114.00
106.70
99.50
92.62
86.35
79.58
71.88
63.61
55.22
46.98
40.17
36.93
35.17
33.62
32.08
30.49
28.72
26.91
25.08
23.61
24.76
31.09
37.93
42.58
44.65
43.98
41.71
38.05
30.98
20.99
13.52
9.41
6.74
4.51
2.75
1.45
0.68
0.22
0.05
0.05
0.05
0.05
0.06
0.06
0.06
0.07
0.08
0.08
0.09
0.09
0.10
0.11
0.11
0.12
0.13
0.14
0.14
0.15
0.16
0.17
0.18
0.19
0.19
0.20
0.21
0.22
0.23
0.24
0.25
0.26
0.27
0.28
0.29
0.30
0.31
0.32
0.33
0.33
0.34
0.35
0.36
0.37
0.38
0.39
0.40
0.41
0.42
0.42
0.44
0.44
0.45
0.46
0.47
0.48
0.48
0.49
0.50
0.51
0.52
0.52
0.53
0.54
0.54
0.55
0.55
0.56
0.56
0.56
0.56
0.56
0.56
0.56
0.56
0.56
0.56
0.56
0.56
0.56
0.56
0.56
0.56
0.56
0.55
0.55
0.55
0.55
0.55
0.55
0.55
0.55
437.40
433.70
430.00
425.90
422.00
416.90
412.00
406.70
399.30
391.10
381.60
370.60
359.20
346.90
334.20
321.30
307.30
293.10
278.90
264.20
249.30
234.10
219.60
204.20
190.30
178.00
166.90
155.10
143.20
131.80
120.50
110.30
102.80
98.80
100.40
102.80
105.70
108.20
110.00
111.00
112.20
113.40
115.10
117.10
119.20
120.40
121.30
121.50
120.60
118.80
116.60
113.80
109.40
102.80
95.38
87.53
80.43
73.72
66.85
59.35
52.20
45.05
38.30
33.53
31.35
29.94
28.53
26.87
25.20
23.49
21.78
20.14
18.52
16.91
15.43
13.99
13.15
14.06
15.44
15.91
15.49
14.04
11.98
9.08
5.73
3.02
1.46
0.59
0.17
0.06
0.05
0.05
0.05
0.05
0.05
0.05
0.05
0.05
0.06
0.06
0.07
0.07
0.08
0.08
0.09
0.10
0.11
0.11
0.12
0.13
0.14
0.14
0.15
0.16
0.17
0.18
0.19
0.19
0.20
0.21
0.22
0.23
0.24
0.25
0.26
0.27
0.28
0.29
0.29
0.30
0.31
0.32
0.33
0.34
0.35
0.36
0.37
0.37
0.38
0.39
0.40
0.41
0.42
0.43
0.44
0.44
0.45
0.46
0.47
0.47
0.48
0.49
0.49
0.51
0.51
0.51
0.52
0.52
0.53
0.53
0.54
0.54
0.54
0.54
0.55
0.55
0.55
0.55
0.55
0.55
0.55
0.55
0.55
0.55
0.55
0.55
0.55
0.55
0.55
0.55
0.55
437.40
434.30
431.70
428.60
424.60
420.50
416.90
412.30
406.30
400.30
391.40
382.30
372.00
361.10
349.90
337.00
325.10
311.50
298.30
284.70
270.40
256.50
241.60
227.30
212.60
198.00
184.60
172.60
161.60
149.60
138.50
127.40
116.80
106.70
99.19
96.35
98.04
100.60
102.70
104.90
107.20
110.00
112.00
113.60
114.90
115.00
114.90
113.80
111.70
110.30
108.60
106.80
104.70
100.50
94.18
86.56
78.73
71.46
65.13
59.05
53.05
47.32
41.99
37.03
32.53
29.02
27.04
25.54
24.06
22.42
21.00
19.65
18.55
17.24
15.70
14.37
12.58
11.18
9.87
8.54
7.37
5.96
4.63
3.48
2.69
1.99
1.32
0.65
0.17
0.05
0.05
0.05
0.05
0.05
0.06
0.06
0.07
0.07
0.08
0.08
0.08
0.09
0.09
0.10
0.10
0.11
0.12
0.12
0.13
0.14
0.14
0.15
0.16
0.17
0.17
0.18
0.19
0.19
0.21
0.21
0.22
0.23
0.24
0.25
0.26
0.27
0.28
0.28
0.29
0.30
0.31
0.32
0.33
0.34
0.35
0.35
0.36
0.37
0.38
0.39
0.40
0.41
0.41
0.42
0.43
0.44
0.45
0.46
0.46
0.47
0.48
0.49
0.49
0.50
0.51
0.51
0.52
0.52
0.53
0.53
0.53
0.54
0.54
0.55
0.55
0.55
0.55
0.55
0.55
0.55
0.55
0.55
0.55
0.55
0.55
0.55
0.55
0.55
0.55
0.55
0.55
437.80
434.70
432.70
430.20
427.60
424.20
421.60
417.30
412.70
407.50
400.70
393.10
384.00
374.20
364.00
353.00
341.40
329.00
317.40
304.80
291.40
277.90
264.50
251.10
236.70
222.70
207.40
193.30
179.70
168.50
157.70
146.10
135.10
123.60
113.30
104.20
97.08
93.39
94.62
98.03
101.10
104.00
105.70
106.20
106.60
105.80
104.60
102.90
101.60
100.60
99.56
97.88
95.09
90.80
85.31
79.18
72.70
65.99
59.86
54.62
49.39
44.91
40.89
36.94
33.35
30.19
27.14
24.80
23.10
21.47
20.00
18.63
17.40
16.29
15.11
13.81
12.14
10.76
9.55
8.39
7.32
5.94
4.49
3.26
2.25
1.38
0.72
0.32
0.12
0.06
0.05
0.05
0.05
0.05
0.05
0.05
0.05
0.05
0.05
0.06
0.06
0.07
0.07
0.08
0.08
0.09
0.09
0.10
0.10
0.11
0.12
0.12
0.13
0.13
0.14
0.15
0.15
0.16
0.17
0.18
0.19
0.19
0.20
0.21
0.22
0.23
0.24
0.25
0.26
0.26
0.27
0.28
0.29
0.30
0.31
0.32
0.32
0.33
0.34
0.35
0.36
0.37
0.37
0.38
0.39
0.40
0.41
0.42
0.42
0.43
0.44
0.45
0.46
0.46
0.47
0.47
0.48
0.49
0.49
0.50
0.51
0.51
0.51
0.51
0.52
0.52
0.52
0.53
0.53
0.53
0.54
0.54
0.54
0.54
0.54
0.54
0.54
0.55
0.55
0.55
0.55
437.80
435.70
434.40
432.80
430.80
428.80
425.70
423.10
419.40
415.10
410.20
404.20
397.60
389.00
380.90
370.50
360.20
350.10
338.90
327.80
316.10
303.80
291.50
278.60
265.30
251.90
237.90
223.70
209.00
194.80
180.90
168.50
157.90
146.50
135.10
125.40
115.90
107.30
98.69
93.12
92.28
93.44
95.59
96.82
96.98
95.86
94.07
92.68
91.89
91.63
90.68
88.47
85.04
80.70
75.94
71.69
67.44
62.33
56.91
51.58
46.47
41.96
37.78
34.12
31.16
28.75
26.78
24.97
23.23
21.50
19.90
18.52
17.15
15.71
14.60
13.36
12.19
10.83
9.35
7.71
6.18
4.86
3.75
2.76
1.93
1.22
0.69
0.32
0.12
0.05
0.06
0.05
0.06
0.06
0.06
0.06
0.06
0.07
0.07
0.08
0.08
0.08
0.09
0.09
0.09
0.10
0.10
0.11
0.12
0.12
0.13
0.13
0.14
0.14
0.15
0.15
0.16
0.17
0.18
0.18
0.19
0.19
0.21
0.21
0.22
0.23
0.24
0.24
0.25
0.26
0.27
0.28
0.29
0.30
0.31
0.31
0.32
0.33
0.34
0.35
0.36
0.37
0.37
0.38
0.39
0.40
0.41
0.42
0.42
0.43
0.44
0.45
0.46
0.46
0.47
0.48
0.48
0.49
0.50
0.50
0.51
0.51
0.52
0.52
0.53
0.53
0.53
0.54
0.54
0.54
0.55
0.55
0.55
0.55
0.55
0.55
0.55
0.55
0.55
0.55
0.55
437.20
436.70
435.40
434.00
433.70
431.60
430.40
428.50
425.40
422.80
418.80
414.80
408.90
402.50
394.90
387.50
378.90
369.20
360.10
349.60
339.70
328.30
317.20
305.30
293.60
280.40
267.60
254.50
240.90
227.40
212.90
198.90
184.70
171.30
158.90
147.80
137.80
128.30
119.30
111.00
102.70
96.54
91.98
90.01
88.45
87.10
85.45
84.60
84.00
82.68
80.38
77.69
74.55
70.23
66.33
63.08
59.36
54.55
49.73
45.61
41.17
37.34
34.06
31.21
28.89
26.81
25.03
23.46
22.06
20.59
19.10
17.70
16.29
14.98
13.97
12.84
11.56
10.06
8.38
6.92
5.71
4.54
3.50
2.54
1.78
1.14
0.65
0.29
0.12
0.06
0.06
0.06
0.06
0.06
0.06
0.06
0.06
0.06
0.06
0.06
0.06
0.06
0.07
0.07
0.08
0.08
0.08
0.09
0.09
0.10
0.10
0.11
0.11
0.12
0.12
0.13
0.13
0.14
0.14
0.15
0.16
0.17
0.17
0.18
0.19
0.20
0.20
0.21
0.22
0.23
0.24
0.25
0.26
0.26
0.27
0.28
0.29
0.30
0.31
0.31
0.32
0.33
0.34
0.35
0.36
0.37
0.37
0.38
0.39
0.40
0.40
0.41
0.42
0.43
0.43
0.44
0.45
0.46
0.46
0.47
0.48
0.48
0.49
0.49
0.50
0.50
0.51
0.51
0.51
0.52
0.52
0.53
0.53
0.54
0.54
0.54
0.54
0.54
0.55
0.55
0.55
437.30
437.80
437.60
437.20
436.70
436.50
435.80
434.70
432.40
430.20
427.70
424.20
420.10
415.60
410.70
404.70
398.40
390.60
382.60
373.80
364.50
354.70
345.10
334.80
323.90
312.60
301.50
289.30
276.70
264.10
250.60
237.00
223.30
209.70
195.50
181.80
168.50
154.80
143.00
133.70
125.70
118.10
109.80
101.40
93.94
88.04
84.19
81.84
79.43
76.92
74.45
71.89
68.96
64.97
60.99
57.74
54.27
49.17
44.54
40.87
37.51
34.61
32.32
30.22
28.25
26.39
24.70
23.11
21.59
20.10
18.61
17.36
16.14
14.96
13.88
12.53
11.17
9.72
8.28
6.97
5.72
4.63
3.58
2.60
1.83
1.17
0.67
0.32
0.12
0.06
0.06
0.06
0.06
0.06
0.06
0.07
0.07
0.07
0.07
0.08
0.08
0.08
0.09
0.09
0.09
0.10
0.10
0.10
0.11
0.11
0.12
0.12
0.12
0.13
0.13
0.14
0.15
0.15
0.16
0.16
0.17
0.17
0.18
0.19
0.19
0.20
0.21
0.22
0.22
0.23
0.24
0.25
0.26
0.27
0.27
0.28
0.29
0.30
0.31
0.31
0.32
0.33
0.34
0.35
0.35
0.37
0.37
0.38
0.39
0.39
0.40
0.41
0.42
0.43
0.44
0.45
0.45
0.46
0.47
0.47
0.48
0.49
0.49
0.50
0.51
0.51
0.52
0.52
0.53
0.53
0.53
0.54
0.55
0.55
0.55
0.55
0.55
0.55
0.55
0.55
0.55
437.70
437.90
438.50
439.10
440.20
439.70
440.70
440.20
439.50
438.10
436.10
434.80
431.30
427.80
424.20
419.30
414.80
408.70
402.40
395.60
388.10
380.10
371.30
362.10
352.80
342.90
332.30
321.80
310.50
298.90
287.60
275.10
262.20
248.90
235.70
222.50
209.40
196.00
182.80
169.90
157.10
145.00
133.50
123.40
115.60
108.40
101.00
94.07
88.04
83.07
79.04
75.00
70.95
66.61
62.46
58.78
53.73
48.66
43.62
40.30
37.70
35.17
33.20
31.54
29.61
27.52
25.53
24.06
22.52
21.36
20.15
19.14
17.58
16.03
14.41
12.75
11.04
9.65
8.36
7.11
5.84
4.71
3.64
2.68
1.87
1.20
0.67
0.31
0.12
0.06
0.06
0.06
0.06
0.06
0.06
0.06
0.06
0.06
0.06
0.06
0.06
0.06
0.07
0.07
0.08
0.08
0.08
0.08
0.09
0.09
0.09
0.10
0.10
0.11
0.11
0.12
0.12
0.12
0.13
0.13
0.14
0.15
0.15
0.16
0.16
0.17
0.18
0.19
0.19
0.20
0.21
0.22
0.23
0.23
0.24
0.25
0.26
0.27
0.28
0.28
0.29
0.30
0.31
0.31
0.32
0.33
0.34
0.35
0.35
0.36
0.37
0.38
0.39
0.40
0.40
0.41
0.42
0.43
0.43
0.45
0.45
0.46
0.46
0.47
0.48
0.48
0.49
0.49
0.51
0.51
0.51
0.52
0.52
0.53
0.54
0.54
0.54
0.55
0.55
0.55
0.55
437.90
438.70
440.60
441.60
442.70
444.40
445.50
446.30
447.00
447.20
445.70
444.90
443.10
441.20
437.70
435.10
430.70
426.80
421.90
416.40
409.90
403.60
396.70
389.20
381.60
373.00
364.10
354.50
345.00
334.80
324.00
313.20
301.00
289.30
276.90
265.00
253.10
240.70
228.30
216.00
203.50
191.00
179.00
166.90
154.40
142.70
131.50
121.20
112.10
103.10
96.70
92.10
87.54
82.32
77.26
71.83
66.77
61.86
56.63
51.52
47.79
44.52
40.71
37.64
35.56
33.91
32.20
28.89
25.58
23.37
21.15
19.12
17.25
15.76
14.34
12.81
11.46
10.08
8.99
7.76
6.51
5.35
4.17
3.14
2.16
1.36
0.74
0.36
0.12
0.06
0.06
0.06
0.06
0.06
0.06
0.06
0.07
0.07
0.07
0.08
0.08
0.08
0.09
0.09
0.09
0.09
0.10
0.10
0.10
0.11
0.11
0.12
0.12
0.12
0.13
0.13
0.13
0.14
0.14
0.15
0.15
0.16
0.16
0.17
0.17
0.18
0.19
0.19
0.20
0.21
0.22
0.22
0.23
0.24
0.25
0.26
0.26
0.27
0.28
0.29
0.30
0.30
0.31
0.32
0.33
0.33
0.34
0.35
0.36
0.37
0.37
0.39
0.39
0.40
0.41
0.42
0.42
0.43
0.44
0.45
0.46
0.47
0.47
0.48
0.49
0.49
0.50
0.51
0.51
0.52
0.53
0.53
0.54
0.55
0.55
0.56
0.56
0.56
0.56
0.56
0.56
437.50
439.80
441.60
443.80
446.10
448.60
450.70
452.40
453.50
454.90
456.30
455.10
454.20
452.90
451.50
448.80
446.20
442.70
438.80
434.90
429.50
423.70
417.60
411.80
404.70
397.70
389.70
382.30
373.90
365.70
355.70
346.00
335.90
325.50
314.90
303.40
292.50
281.00
269.60
257.90
246.50
235.00
223.40
211.70
199.40
188.00
176.90
166.10
156.10
146.50
137.70
130.10
123.40
116.20
109.00
102.50
95.85
89.63
83.41
76.46
69.28
61.93
55.93
49.94
45.43
41.64
37.65
32.78
27.94
24.09
21.28
19.13
17.44
16.10
14.73
13.45
12.03
10.57
9.24
8.00
6.77
5.52
4.30
3.19
2.19
1.38
0.73
0.35
0.13
0.06
0.06
0.06
0.06
0.06
0.06
0.06
0.06
0.06
0.06
0.06
0.06
0.06
0.06
0.07
0.08
0.08
0.08
0.08
0.08
0.09
0.09
0.09
0.10
0.10
0.11
0.11
0.11
0.12
0.12
0.12
0.13
0.13
0.14
0.14
0.15
0.16
0.16
0.17
0.18
0.18
0.19
0.20
0.21
0.22
0.22
0.23
0.24
0.24
0.25
0.26
0.26
0.28
0.28
0.29
0.29
0.30
0.31
0.32
0.33
0.34
0.35
0.35
0.36
0.37
0.38
0.39
0.40
0.41
0.41
0.42
0.43
0.44
0.45
0.46
0.46
0.47
0.48
0.48
0.49
0.50
0.51
0.51
0.52
0.53
0.53
0.54
0.54
0.55
0.55
0.56
0.56
437.60
440.30
442.60
446.00
448.90
452.70
456.00
458.40
460.30
462.80
464.80
465.80
466.20
466.00
465.20
464.00
461.90
459.20
456.60
453.20
449.20
444.50
439.40
434.70
427.70
420.80
413.30
405.90
399.30
390.80
382.80
373.70
364.60
355.10
346.00
337.00
327.00
316.50
306.60
296.50
285.90
275.40
264.10
253.00
242.30
232.50
223.10
214.10
207.60
202.10
196.60
190.60
184.10
176.50
168.20
159.00
149.40
137.20
125.50
113.60
101.60
90.89
80.36
71.17
62.20
54.72
47.14
41.18
35.22
30.49
26.24
22.77
19.90
17.54
15.43
13.65
11.98
10.45
9.05
7.72
6.42
5.34
4.24
3.28
2.30
1.47
0.80
0.39
0.14
0.06
0.06
0.06
0.06
0.06
0.06
0.07
0.07
0.07
0.07
0.08
0.08
0.08
0.08
0.09
0.09
0.10
0.10
0.10
0.10
0.10
0.11
0.11
0.11
0.12
0.12
0.12
0.13
0.13
0.14
0.14
0.14
0.15
0.15
0.16
0.16
0.17
0.17
0.18
0.19
0.19
0.20
0.21
0.21
0.22
0.23
0.24
0.24
0.25
0.26
0.27
0.27
0.28
0.29
0.30
0.30
0.31
0.32
0.33
0.34
0.34
0.35
0.36
0.37
0.38
0.39
0.39
0.40
0.41
0.42
0.43
0.44
0.45
0.46
0.47
0.47
0.48
0.49
0.50
0.51
0.51
0.52
0.53
0.53
0.54
0.55
0.55
0.56
0.57
0.57
0.57
0.57
438.00
440.50
445.10
448.50
452.90
457.10
461.40
464.90
468.40
470.80
473.50
476.40
478.00
478.90
479.10
479.10
477.90
475.70
474.00
470.10
467.50
463.60
460.60
455.20
449.50
442.80
435.80
429.60
423.10
415.30
407.80
399.60
392.00
383.50
375.60
367.20
357.90
348.50
339.20
329.50
319.70
310.40
301.00
291.80
282.90
275.60
270.90
267.40
265.40
263.60
261.30
257.70
252.70
244.40
232.70
217.80
202.90
187.70
171.50
155.60
139.70
124.00
109.50
96.34
84.03
72.02
60.69
52.06
43.44
36.79
31.83
26.89
23.01
19.98
17.16
14.99
12.94
11.08
9.28
7.67
6.38
5.22
4.15
3.14
2.29
1.50
0.82
0.38
0.14
0.07
0.06
0.06
0.06
0.06
0.06
0.06
0.06
0.06
0.06
0.06
0.06
0.06
0.07
0.07
0.07
0.08
0.08
0.08
0.08
0.08
0.09
0.09
0.10
0.10
0.10
0.10
0.11
0.11
0.11
0.12
0.12
0.13
0.13
0.13
0.14
0.14
0.15
0.15
0.16
0.17
0.18
0.18
0.19
0.20
0.20
0.21
0.22
0.22
0.23
0.24
0.25
0.25
0.26
0.27
0.28
0.28
0.29
0.30
0.31
0.32
0.32
0.33
0.34
0.35
0.36
0.37
0.38
0.39
0.40
0.40
0.41
0.42
0.43
0.44
0.45
0.46
0.47
0.47
0.48
0.49
0.50
0.51
0.52
0.53
0.53
0.54
0.55
0.55
0.56
0.57
0.57
437.50
441.30
445.70
450.00
455.40
460.70
466.10
470.40
475.00
479.50
483.80
487.30
489.20
491.90
493.00
494.10
494.90
494.30
492.10
489.80
487.20
484.60
482.30
478.10
472.40
466.90
461.00
456.60
450.40
443.00
437.00
430.40
423.20
416.20
409.50
402.00
393.60
385.40
376.90
368.00
360.80
352.50
345.10
338.30
333.80
332.40
333.60
336.20
340.30
345.60
349.50
349.70
342.80
329.70
314.20
295.80
273.50
251.20
228.20
205.70
183.20
162.30
142.60
123.60
106.70
89.92
75.64
63.58
53.00
43.89
36.62
30.71
25.96
22.23
19.06
16.19
13.97
11.85
9.74
7.93
6.63
5.35
4.17
3.18
2.29
1.52
0.88
0.43
0.15
0.06
0.06
0.06
0.06
0.06
0.06
0.07
0.07
0.07
0.07
0.08
0.08
0.08
0.08
0.08
0.09
0.09
0.10
0.10
0.10
0.10
0.11
0.11
0.11
0.12
0.12
0.12
0.12
0.13
0.13
0.13
0.14
0.14
0.15
0.15
0.15
0.16
0.16
0.17
0.17
0.18
0.19
0.19
0.20
0.21
0.21
0.22
0.23
0.23
0.24
0.25
0.26
0.26
0.27
0.28
0.28
0.29
0.30
0.31
0.31
0.33
0.33
0.34
0.35
0.36
0.37
0.38
0.39
0.40
0.40
0.41
0.42
0.43
0.44
0.45
0.46
0.47
0.48
0.49
0.50
0.51
0.51
0.52
0.53
0.54
0.55
0.56
0.56
0.57
0.58
0.58
0.58
437.30
442.70
447.40
452.60
458.40
464.60
470.40
476.00
481.80
487.80
492.60
497.60
501.50
505.10
508.00
509.90
511.90
512.30
511.00
508.80
507.80
505.40
503.40
500.80
495.70
491.30
486.90
482.20
477.30
471.70
466.70
460.80
455.50
448.90
442.90
435.20
428.50
421.80
413.80
406.30
400.00
393.70
388.20
385.40
386.60
391.80
399.50
411.60
425.90
441.30
454.20
456.90
447.70
436.80
421.40
397.60
368.00
339.70
313.60
286.70
258.60
230.80
203.50
176.10
149.50
125.00
102.50
83.25
67.59
55.60
43.67
35.03
28.57
24.45
20.63
17.34
14.96
12.59
10.64
8.63
7.06
5.41
4.26
3.21
2.31
1.57
0.90
0.44
0.15
0.07
0.06
0.06
0.06
0.06
0.06
0.06
0.06
0.06
0.06
0.06
0.06
0.06
0.06
0.07
0.07
0.08
0.08
0.08
0.08
0.08
0.09
0.09
0.09
0.10
0.10
0.10
0.11
0.11
0.11
0.12
0.12
0.12
0.12
0.13
0.13
0.14
0.14
0.15
0.15
0.16
0.16
0.17
0.18
0.18
0.19
0.20
0.20
0.21
0.22
0.22
0.23
0.24
0.25
0.25
0.26
0.27
0.28
0.29
0.29
0.30
0.31
0.31
0.32
0.34
0.34
0.35
0.36
0.37
0.39
0.40
0.40
0.41
0.42
0.43
0.44
0.45
0.46
0.47
0.48
0.48
0.49
0.51
0.51
0.52
0.53
0.54
0.55
0.56
0.57
0.57
0.58
437.10
442.80
447.80
453.70
460.70
467.60
475.00
482.10
488.60
494.30
500.90
507.10
512.60
516.80
521.30
524.40
527.50
528.70
529.70
529.20
528.00
527.00
526.00
523.60
520.30
516.80
512.80
508.40
504.60
500.80
495.50
490.40
485.20
479.70
474.40
469.00
463.10
457.60
451.50
446.60
441.40
438.10
436.60
437.20
443.50
453.60
469.90
490.50
517.50
546.80
571.00
584.90
581.70
566.70
567.20
555.30
525.70
500.90
477.60
454.60
426.00
396.30
361.10
323.10
278.10
233.10
192.30
157.50
130.00
102.40
74.99
58.39
45.64
35.95
28.14
22.05
17.63
14.60
12.06
10.20
8.50
6.53
4.86
3.69
2.63
1.77
1.02
0.49
0.17
0.06
0.06
0.06
0.06
0.06
0.06
0.07
0.07
0.07
0.07
0.08
0.08
0.08
0.08
0.09
0.09
0.09
0.09
0.10
0.10
0.10
0.11
0.11
0.11
0.11
0.12
0.12
0.12
0.12
0.13
0.13
0.13
0.14
0.14
0.15
0.15
0.15
0.16
0.16
0.17
0.17
0.18
0.18
0.19
0.20
0.20
0.21
0.22
0.22
0.23
0.24
0.24
0.25
0.26
0.26
0.27
0.28
0.29
0.29
0.30
0.31
0.32
0.33
0.34
0.35
0.36
0.36
0.37
0.38
0.39
0.40
0.42
0.42
0.43
0.44
0.45
0.46
0.47
0.48
0.49
0.50
0.51
0.52
0.53
0.54
0.55
0.56
0.57
0.58
0.58
0.58
0.58
437.90
443.70
450.00
456.60
464.50
471.80
479.10
486.50
494.20
502.00
508.80
516.30
522.10
528.20
533.50
538.60
542.80
545.70
547.30
547.90
548.10
547.10
547.50
545.60
543.60
539.70
538.20
533.50
531.00
528.30
524.00
520.70
515.70
511.40
507.50
502.60
499.10
495.80
491.70
488.00
485.40
483.70
484.90
488.90
497.10
511.40
531.80
555.80
590.00
629.50
670.50
704.60
720.10
707.30
691.30
697.90
680.40
643.90
610.90
580.90
544.10
501.80
450.40
393.70
330.90
273.00
222.70
181.20
138.60
109.70
88.42
70.83
56.70
45.98
35.70
27.98
22.46
17.80
14.10
11.60
10.02
8.21
6.35
4.36
3.06
1.99
1.08
0.49
0.17
0.08
0.06
0.06
0.06
0.06
0.06
0.06
0.06
0.06
0.06
0.06
0.06
0.06
0.06
0.07
0.07
0.07
0.08
0.08
0.08
0.08
0.09
0.09
0.09
0.09
0.10
0.10
0.10
0.10
0.11
0.11
0.12
0.12
0.12
0.12
0.13
0.13
0.14
0.14
0.14
0.15
0.15
0.16
0.17
0.17
0.18
0.18
0.19
0.20
0.20
0.21
0.22
0.22
0.23
0.24
0.25
0.25
0.26
0.27
0.28
0.28
0.29
0.30
0.31
0.32
0.33
0.34
0.35
0.36
0.37
0.38
0.39
0.40
0.41
0.42
0.43
0.44
0.45
0.46
0.47
0.48
0.49
0.50
0.51
0.52
0.53
0.54
0.55
0.56
0.57
0.58
0.58
437.90
443.20
450.00
457.70
465.30
474.30
482.30
490.80
499.60
507.70
516.00
523.80
531.00
537.60
545.10
550.20
555.30
560.50
563.90
563.90
565.70
567.40
566.70
566.40
565.50
563.90
561.60
561.30
559.80
558.00
555.40
551.90
548.70
545.10
541.40
537.60
535.80
534.90
531.70
527.50
525.60
526.10
525.90
530.20
536.30
549.10
566.80
592.20
622.40
666.10
715.70
766.00
809.50
832.30
819.90
799.60
793.70
766.60
719.20
675.50
632.70
585.20
526.20
456.00
380.10
308.90
249.40
194.90
153.40
124.30
104.30
84.22
69.41
56.45
43.78
35.27
28.28
22.42
17.42
13.96
11.18
9.15
7.25
5.53
3.75
2.18
1.31
0.61
0.20
0.07
0.06
0.06
0.06
0.06
0.06
0.06
0.07
0.07
0.07
0.08
0.08
0.08
0.08
0.08
0.09
0.09
0.09
0.09
0.10
0.10
0.11
0.11
0.11
0.11
0.12
0.12
0.12
0.12
0.13
0.13
0.13
0.14
0.14
0.14
0.15
0.15
0.15
0.15
0.16
0.16
0.17
0.17
0.18
0.19
0.19
0.20
0.21
0.21
0.22
0.23
0.23
0.24
0.24
0.25
0.26
0.27
0.27
0.28
0.29
0.30
0.31
0.32
0.33
0.33
0.35
0.35
0.36
0.37
0.38
0.39
0.40
0.42
0.42
0.44
0.44
0.46
0.47
0.48
0.49
0.49
0.51
0.52
0.53
0.54
0.55
0.56
0.57
0.58
0.59
0.60
0.60
437.80
444.50
451.50
459.00
469.00
477.10
486.20
495.80
504.20
513.40
522.60
530.30
539.00
546.40
554.60
560.70
567.20
572.90
578.20
581.00
582.50
584.40
584.00
586.10
587.30
587.50
588.80
588.60
589.10
588.30
587.10
584.50
580.00
576.80
573.60
569.50
568.60
567.60
565.20
561.00
558.30
557.30
558.00
561.00
565.90
575.00
589.40
610.80
636.80
669.10
711.80
767.60
825.50
878.80
909.40
899.30
878.20
865.10
818.60
753.40
696.10
640.20
579.50
505.30
422.50
338.30
266.50
204.60
165.80
138.20
117.60
99.61
83.90
68.64
56.47
44.36
35.14
27.22
20.72
16.06
12.66
10.04
7.56
5.96
4.41
2.61
1.35
0.65
0.20
0.09
0.07
0.06
0.06
0.06
0.06
0.06
0.06
0.06
0.06
0.06
0.06
0.06
0.07
0.07
0.07
0.08
0.08
0.08
0.08
0.08
0.09
0.09
0.09
0.10
0.10
0.10
0.11
0.11
0.11
0.11
0.11
0.12
0.12
0.12
0.13
0.13
0.13
0.14
0.14
0.15
0.15
0.16
0.16
0.17
0.17
0.18
0.19
0.19
0.20
0.21
0.21
0.22
0.22
0.23
0.24
0.25
0.26
0.26
0.27
0.28
0.29
0.29
0.31
0.31
0.32
0.33
0.34
0.35
0.36
0.37
0.38
0.39
0.40
0.41
0.43
0.44
0.45
0.46
0.47
0.47
0.49
0.50
0.51
0.52
0.53
0.54
0.55
0.56
0.58
0.58
0.60
436.80
444.60
451.90
459.70
468.90
478.80
487.70
497.60
508.10
517.00
527.60
535.80
544.10
552.80
561.70
569.70
575.60
582.50
588.40
594.30
597.80
601.00
603.50
605.80
606.90
608.80
611.30
612.70
613.80
615.40
614.80
613.50
609.00
606.70
603.00
599.20
596.80
594.90
592.70
587.30
584.40
581.90
580.90
581.20
582.20
586.60
594.50
604.00
621.00
647.80
678.70
713.50
765.10
834.80
893.80
930.50
935.30
908.40
883.70
819.90
741.20
680.50
626.70
555.70
466.50
364.10
272.80
214.30
176.20
148.00
126.40
109.10
91.72
75.36
61.50
51.26
41.49
32.38
25.03
19.48
15.41
11.51
8.58
6.43
4.83
3.46
1.85
0.77
0.24
0.08
0.06
0.06
0.06
0.06
0.06
0.07
0.07
0.07
0.08
0.08
0.08
0.08
0.09
0.09
0.09
0.10
0.10
0.10
0.10
0.10
0.11
0.11
0.11
0.11
0.12
0.12
0.12
0.12
0.13
0.13
0.13
0.13
0.14
0.14
0.14
0.15
0.15
0.15
0.16
0.16
0.17
0.17
0.18
0.18
0.19
0.19
0.20
0.21
0.21
0.22
0.23
0.23
0.24
0.25
0.26
0.26
0.27
0.28
0.29
0.29
0.30
0.31
0.32
0.33
0.34
0.35
0.36
0.37
0.38
0.39
0.40
0.41
0.42
0.43
0.44
0.45
0.46
0.47
0.48
0.50
0.51
0.52
0.53
0.54
0.55
0.56
0.57
0.58
0.60
0.60
0.60
437.20
444.80
452.60
461.00
470.70
480.20
490.40
500.90
511.30
521.50
531.30
540.40
548.50
557.90
566.60
575.20
584.30
591.20
597.10
604.30
609.40
615.20
619.40
623.10
625.90
628.20
629.90
632.00
633.90
636.70
636.40
635.00
633.10
629.30
626.10
622.00
618.30
616.50
611.60
608.50
602.20
598.20
595.30
593.90
594.90
594.90
597.90
602.30
608.50
618.60
638.00
667.00
700.40
745.70
803.10
857.30
900.20
907.80
879.20
830.40
756.10
677.00
603.00
517.10
401.60
295.60
229.30
185.10
151.70
127.70
107.80
95.98
80.29
66.48
56.80
47.16
38.81
31.77
26.11
20.78
15.87
11.75
8.84
6.53
4.71
3.24
1.84
0.79
0.24
0.09
0.07
0.07
0.06
0.06
0.06
0.06
0.06
0.06
0.06
0.06
0.07
0.07
0.08
0.08
0.08
0.08
0.08
0.08
0.08
0.09
0.09
0.09
0.10
0.10
0.10
0.11
0.11
0.11
0.11
0.11
0.11
0.12
0.12
0.12
0.13
0.13
0.13
0.13
0.14
0.14
0.15
0.15
0.16
0.17
0.17
0.17
0.18
0.19
0.19
0.20
0.21
0.22
0.22
0.23
0.23
0.24
0.25
0.26
0.26
0.28
0.28
0.29
0.30
0.31
0.32
0.33
0.34
0.35
0.36
0.37
0.38
0.39
0.40
0.41
0.42
0.44
0.45
0.45
0.46
0.47
0.49
0.50
0.51
0.53
0.54
0.55
0.56
0.57
0.58
0.59
0.60
436.70
444.60
452.60
461.90
471.30
480.90
491.80
502.50
513.20
523.40
533.80
543.50
552.20
560.30
568.50
577.90
586.90
596.30
604.00
611.40
618.60
625.10
631.40
636.70
640.80
644.70
645.80
648.10
649.90
651.00
651.70
651.40
650.20
647.50
643.90
638.60
634.60
630.00
625.30
621.30
616.80
611.50
609.10
606.30
604.70
602.10
601.00
603.30
603.20
606.50
612.20
622.60
637.50
668.90
700.60
725.00
757.50
790.70
799.20
773.40
719.20
634.50
526.80
392.30
295.30
230.70
186.10
151.10
123.80
105.40
86.91
74.43
62.88
53.25
44.79
37.78
31.80
26.87
22.21
17.96
13.89
10.66
8.26
6.40
4.70
3.30
2.05
0.90
0.29
0.08
0.06
0.06
0.06
0.06
0.06
0.07
0.07
0.08
0.08
0.08
0.08
0.09
0.09
0.09
0.10
0.10
0.10
0.10
0.10
0.10
0.11
0.11
0.12
0.12
0.12
0.12
0.12
0.13
0.13
0.13
0.13
0.14
0.14
0.14
0.15
0.15
0.15
0.15
0.16
0.16
0.17
0.17
0.17
0.18
0.19
0.19
0.20
0.20
0.21
0.21
0.22
0.23
0.24
0.24
0.25
0.26
0.27
0.27
0.28
0.29
0.30
0.31
0.32
0.33
0.33
0.34
0.36
0.36
0.37
0.39
0.40
0.41
0.42
0.43
0.44
0.45
0.46
0.47
0.48
0.49
0.51
0.52
0.53
0.54
0.55
0.57
0.58
0.59
0.60
0.61
0.62
437.50
445.90
453.50
463.00
472.60
482.50
493.70
504.20
515.10
526.20
536.20
546.20
553.90
563.00
572.00
579.20
588.60
597.50
606.50
615.40
623.80
630.80
638.60
644.50
650.00
654.90
657.90
661.70
664.00
664.90
663.50
663.10
658.60
655.70
651.10
646.70
642.80
638.10
635.00
628.90
625.40
619.30
614.90
610.20
607.30
603.80
601.70
601.10
600.90
601.40
603.20
605.40
609.50
614.10
620.80
624.70
635.00
639.90
636.20
606.30
544.50
437.10
327.10
249.00
196.90
161.40
132.10
108.70
90.12
74.91
64.13
55.25
46.39
40.09
34.16
29.28
25.09
21.23
17.88
14.79
11.72
9.73
7.67
6.10
4.76
3.61
1.95
0.89
0.28
0.09
0.06
0.06
0.06
0.06
0.06
0.06
0.06
0.06
0.06
0.06
0.07
0.07
0.07
0.08
0.08
0.08
0.08
0.08
0.08
0.09
0.09
0.09
0.10
0.10
0.10
0.10
0.10
0.11
0.11
0.11
0.12
0.12
0.12
0.12
0.12
0.13
0.13
0.13
0.13
0.14
0.15
0.15
0.16
0.16
0.17
0.17
0.18
0.19
0.19
0.20
0.21
0.21
0.22
0.22
0.23
0.24
0.25
0.25
0.26
0.27
0.28
0.29
0.30
0.31
0.32
0.33
0.34
0.35
0.36
0.37
0.38
0.39
0.40
0.41
0.42
0.43
0.44
0.45
0.46
0.47
0.49
0.50
0.51
0.53
0.54
0.55
0.57
0.58
0.59
0.60
0.62
436.70
445.30
453.60
462.60
472.40
482.90
493.20
503.80
514.30
526.10
536.80
545.50
555.50
562.50
571.40
578.50
586.60
596.50
605.50
615.50
622.00
630.40
638.20
644.40
652.00
657.40
662.10
666.70
667.90
669.30
668.00
667.00
662.80
658.00
652.80
648.40
643.40
639.20
636.30
633.70
629.10
623.00
618.30
612.70
606.10
601.30
598.60
594.80
591.40
589.90
588.30
586.10
581.80
576.70
570.80
561.60
548.80
526.10
488.20
431.20
346.00
275.40
213.90
168.40
140.30
118.90
97.59
82.15
68.25
57.73
49.49
42.73
36.79
32.21
28.05
24.68
21.61
18.95
16.00
13.24
10.50
8.93
7.12
6.05
5.43
3.78
2.24
1.07
0.34
0.09
0.06
0.06
0.06
0.06
0.06
0.07
0.07
0.07
0.08
0.08
0.09
0.09
0.09
0.09
0.10
0.10
0.10
0.10
0.11
0.11
0.11
0.11
0.12
0.12
0.12
0.12
0.12
0.13
0.13
0.13
0.13
0.13
0.14
0.14
0.14
0.15
0.15
0.15
0.15
0.16
0.16
0.17
0.17
0.18
0.18
0.19
0.20
0.20
0.21
0.22
0.22
0.23
0.24
0.24
0.25
0.26
0.26
0.27
0.28
0.29
0.30
0.31
0.32
0.33
0.33
0.34
0.36
0.36
0.37
0.38
0.39
0.41
0.42
0.43
0.44
0.45
0.46
0.47
0.48
0.49
0.51
0.52
0.53
0.55
0.56
0.57
0.59
0.60
0.61
0.62
0.63
438.10
445.60
454.40
462.90
473.50
483.00
493.00
504.10
515.30
525.80
535.40
545.40
554.50
563.50
571.10
578.70
586.40
594.60
602.10
612.10
618.90
626.00
634.60
640.80
646.00
651.10
654.50
657.10
659.90
661.40
660.40
658.70
655.60
653.00
647.10
643.60
639.70
634.90
632.30
630.20
626.20
620.30
614.40
607.20
602.00
596.60
592.20
586.40
580.70
575.00
569.60
563.50
554.80
547.00
537.60
519.80
493.30
453.20
395.60
328.10
265.90
213.40
166.80
134.00
112.40
94.74
79.08
66.14
56.20
48.58
42.86
38.45
33.30
29.26
25.90
22.85
20.08
17.88
15.44
12.93
10.37
8.87
7.27
6.73
5.37
3.93
2.25
1.03
0.34
0.10
0.07
0.06
0.06
0.06
0.06
0.06
0.06
0.06
0.06
0.06
0.07
0.07
0.08
0.08
0.08
0.08
0.08
0.08
0.09
0.09
0.09
0.10
0.10
0.11
0.11
0.11
0.11
0.11
0.11
0.11
0.12
0.12
0.12
0.12
0.13
0.13
0.13
0.13
0.14
0.15
0.16
0.16
0.16
0.17
0.17
0.18
0.18
0.19
0.19
0.20
0.20
0.21
0.22
0.22
0.23
0.24
0.25
0.26
0.26
0.28
0.28
0.29
0.30
0.31
0.32
0.33
0.33
0.35
0.36
0.37
0.38
0.40
0.40
0.41
0.42
0.43
0.45
0.46
0.47
0.48
0.49
0.51
0.52
0.53
0.54
0.56
0.58
0.58
0.60
0.61
0.63
435.80
444.20
452.90
461.00
472.20
480.70
489.90
501.50
511.60
522.00
530.90
540.60
550.10
558.10
567.30
575.40
583.00
589.10
596.50
603.30
608.90
616.00
623.20
627.80
633.50
636.20
639.20
642.10
643.00
643.20
641.90
642.10
640.60
639.00
635.30
633.30
629.70
627.50
625.00
621.70
619.30
612.60
607.20
601.30
594.70
589.70
583.90
577.20
571.20
566.80
559.10
547.20
536.10
523.90
507.70
481.20
442.60
393.40
339.10
284.50
231.90
188.40
148.60
122.60
96.66
81.19
68.24
57.29
48.78
41.77
36.64
32.97
30.20
27.56
24.81
22.62
20.46
17.66
15.46
13.31
10.56
9.05
7.77
6.80
5.64
4.09
2.04
1.04
0.39
0.09
0.06
0.06
0.06
0.06
0.06
0.07
0.07
0.08
0.08
0.08
0.09
0.09
0.09
0.09
0.10
0.10
0.10
0.10
0.11
0.11
0.11
0.12
0.12
0.12
0.12
0.12
0.13
0.13
0.13
0.13
0.13
0.14
0.14
0.14
0.15
0.15
0.15
0.15
0.16
0.16
0.17
0.17
0.18
0.18
0.19
0.20
0.20
0.21
0.21
0.22
0.22
0.23
0.24
0.25
0.25
0.26
0.27
0.27
0.28
0.29
0.30
0.31
0.32
0.33
0.34
0.35
0.36
0.37
0.38
0.39
0.40
0.41
0.42
0.43
0.44
0.46
0.47
0.48
0.49
0.50
0.51
0.52
0.54
0.55
0.57
0.58
0.60
0.61
0.62
0.63
0.63
436.80
444.70
453.10
462.00
471.50
480.50
490.70
500.30
510.00
519.40
528.30
536.40
545.40
552.60
562.10
570.40
577.80
585.50
591.90
597.40
602.10
606.10
610.70
613.80
617.80
620.10
622.10
623.60
625.30
625.60
625.70
625.60
625.70
622.60
621.20
620.30
617.20
615.90
612.60
610.30
608.60
603.80
598.40
592.10
588.10
582.10
576.20
568.20
560.70
554.60
548.50
536.00
522.90
506.50
480.70
444.50
398.90
351.70
304.30
257.00
213.40
174.20
140.10
110.80
90.35
74.99
62.73
53.84
44.96
39.13
35.17
32.64
30.25
27.39
24.94
22.55
19.71
17.45
15.43
13.24
10.65
8.80
7.40
6.30
4.99
3.49
1.87
0.99
0.36
0.11
0.07
0.06
0.06
0.06
0.06
0.06
0.06
0.06
0.06
0.07
0.08
0.08
0.08
0.08
0.08
0.08
0.08
0.08
0.09
0.09
0.10
0.10
0.10
0.10
0.11
0.11
0.11
0.11
0.11
0.12
0.12
0.12
0.12
0.13
0.13
0.14
0.14
0.14
0.14
0.15
0.16
0.17
0.17
0.17
0.18
0.18
0.19
0.19
0.20
0.20
0.21
0.22
0.22
0.23
0.24
0.24
0.25
0.26
0.27
0.28
0.29
0.29
0.30
0.31
0.32
0.33
0.34
0.35
0.36
0.37
0.39
0.39
0.40
0.42
0.43
0.44
0.45
0.46
0.47
0.48
0.49
0.51
0.52
0.54
0.55
0.56
0.58
0.60
0.61
0.62
0.64
436.10
444.20
453.30
460.20
470.40
479.30
488.50
498.00
507.10
515.50
523.90
530.70
538.00
545.70
553.70
561.30
568.00
575.40
580.60
587.00
591.80
596.30
600.60
605.00
606.30
606.60
607.20
606.70
606.90
609.20
607.90
608.10
607.70
606.60
605.30
604.10
603.20
601.80
598.80
597.30
595.50
592.00
588.50
583.60
577.50
571.50
563.40
555.30
548.00
538.00
530.40
520.20
505.00
485.40
456.30
418.10
375.70
334.10
290.60
248.20
209.10
170.80
140.10
114.90
89.77
73.23
60.55
50.51
43.04
37.85
34.20
32.38
28.83
26.69
25.24
23.20
19.50
17.13
15.14
13.32
10.99
8.87
7.12
6.14
4.99
3.63
2.21
1.14
0.42
0.10
0.06
0.06
0.06
0.07
0.07
0.07
0.07
0.08
0.08
0.08
0.09
0.09
0.09
0.10
0.10
0.10
0.10
0.10
0.11
0.11
0.11
0.12
0.12
0.12
0.12
0.13
0.13
0.13
0.13
0.13
0.14
0.14
0.14
0.14
0.15
0.15
0.16
0.16
0.16
0.17
0.17
0.18
0.18
0.19
0.19
0.20
0.21
0.21
0.21
0.22
0.23
0.23
0.24
0.25
0.26
0.26
0.27
0.28
0.29
0.30
0.30
0.31
0.32
0.33
0.34
0.35
0.36
0.37
0.38
0.39
0.40
0.42
0.43
0.44
0.45
0.46
0.47
0.48
0.49
0.50
0.51
0.53
0.54
0.56
0.57
0.58
0.60
0.61
0.63
0.64
0.64
437.20
444.70
453.20
461.00
469.30
478.10
486.40
495.50
503.80
512.00
519.40
526.00
533.00
538.70
545.00
552.10
557.70
562.80
567.20
572.80
576.90
581.10
584.20
588.30
590.70
593.60
595.40
596.80
597.20
597.10
596.00
595.20
592.60
590.30
589.00
587.50
586.20
582.70
581.20
578.90
576.60
574.90
569.50
564.60
557.90
552.30
544.80
537.30
528.40
518.70
508.70
498.40
480.90
458.40
429.20
393.60
354.10
316.50
278.80
240.50
202.90
167.80
137.00
112.40
90.81
72.61
58.87
49.94
41.03
36.16
33.01
31.90
27.67
25.52
23.87
21.53
19.27
17.19
14.94
12.78
10.62
8.65
6.93
5.88
4.99
3.86
2.58
1.34
0.44
0.11
0.07
0.07
0.07
0.07
0.07
0.07
0.07
0.07
0.07
0.07
0.07
0.08
0.08
0.08
0.08
0.08
0.09
0.09
0.09
0.10
0.10
0.10
0.10
0.11
0.11
0.11
0.11
0.12
0.12
0.12
0.12
0.13
0.13
0.13
0.13
0.13
0.14
0.14
0.15
0.15
0.16
0.16
0.17
0.17
0.18
0.19
0.19
0.20
0.20
0.21
0.22
0.22
0.22
0.23
0.24
0.25
0.26
0.26
0.28
0.28
0.29
0.30
0.31
0.32
0.33
0.34
0.35
0.36
0.37
0.38
0.39
0.40
0.41
0.42
0.43
0.44
0.45
0.46
0.47
0.48
0.49
0.51
0.53
0.54
0.56
0.57
0.58
0.60
0.62
0.63
0.64
436.20
443.60
451.60
458.80
467.30
475.50
483.70
491.70
499.60
508.00
514.70
521.30
525.90
531.90
537.40
542.10
547.10
551.50
555.50
559.50
562.30
565.90
567.20
570.70
573.00
574.40
576.80
576.60
577.30
576.70
576.60
575.50
572.80
571.00
569.70
567.30
566.00
563.30
560.60
558.10
555.00
552.10
546.20
542.10
535.40
529.10
521.50
513.80
506.20
496.80
485.80
475.30
458.80
438.00
410.50
377.40
341.50
306.80
273.60
239.40
204.90
173.40
143.60
119.00
94.52
76.60
59.73
47.06
39.19
34.20
31.33
30.98
26.16
23.09
21.09
18.67
16.59
14.80
12.74
11.11
9.57
8.06
6.37
5.20
4.14
3.43
2.54
1.31
0.42
0.11
0.07
0.07
0.07
0.07
0.08
0.08
0.08
0.08
0.09
0.09
0.09
0.09
0.10
0.10
0.10
0.10
0.11
0.11
0.11
0.12
0.12
0.12
0.12
0.13
0.13
0.13
0.13
0.13
0.14
0.14
0.14
0.14
0.15
0.15
0.15
0.16
0.16
0.17
0.17
0.18
0.18
0.19
0.19
0.19
0.20
0.21
0.21
0.22
0.22
0.23
0.24
0.24
0.25
0.26
0.26
0.27
0.28
0.29
0.30
0.31
0.31
0.32
0.33
0.34
0.35
0.36
0.37
0.38
0.39
0.40
0.41
0.42
0.44
0.44
0.45
0.46
0.47
0.49
0.49
0.50
0.52
0.53
0.55
0.56
0.57
0.59
0.61
0.62
0.64
0.65
0.65
437.20
443.90
451.50
459.20
466.30
474.40
482.90
489.80
496.50
503.60
509.80
516.90
521.20
526.30
531.30
535.80
539.90
543.40
546.50
550.20
552.00
555.00
557.70
558.70
560.10
561.60
562.10
561.80
561.90
559.40
558.60
556.10
555.00
552.70
550.40
547.60
546.00
542.80
540.30
537.40
535.00
530.40
525.80
520.30
513.70
506.00
497.60
489.80
480.90
470.50
460.10
448.70
432.40
412.20
387.70
358.20
326.20
293.40
261.60
230.40
199.30
169.90
143.60
119.10
94.73
76.46
60.99
48.12
38.91
33.24
30.08
28.83
24.86
21.72
19.75
17.36
15.21
13.44
11.55
10.10
8.85
7.49
6.21
4.92
3.51
2.64
1.85
0.93
0.36
0.11
0.06
0.06
0.06
0.06
0.06
0.06
0.06
0.07
0.07
0.07
0.08
0.08
0.08
0.08
0.08
0.09
0.09
0.09
0.10
0.10
0.10
0.10
0.10
0.11
0.11
0.11
0.11
0.12
0.12
0.12
0.12
0.12
0.12
0.13
0.13
0.13
0.13
0.14
0.14
0.15
0.15
0.16
0.16
0.17
0.18
0.19
0.19
0.20
0.20
0.21
0.21
0.22
0.23
0.23
0.24
0.24
0.25
0.26
0.27
0.27
0.28
0.29
0.30
0.31
0.31
0.32
0.33
0.34
0.34
0.35
0.36
0.37
0.38
0.39
0.40
0.40
0.41
0.42
0.43
0.44
0.45
0.46
0.47
0.48
0.49
0.50
0.51
0.53
0.54
0.55
0.55
437.30
443.80
451.40
458.60
465.70
472.30
479.70
486.20
492.60
499.50
504.30
510.30
515.40
518.90
524.10
527.00
530.90
532.50
536.40
537.90
540.70
541.20
543.20
543.80
544.80
545.00
544.60
543.30
541.80
538.80
537.60
533.10
531.00
528.30
525.10
522.10
519.50
516.00
513.90
509.80
506.40
502.80
498.30
493.30
485.90
478.40
469.90
459.90
451.00
439.90
428.10
415.20
397.20
377.80
354.40
328.20
298.40
267.10
236.30
206.40
178.20
152.00
128.30
105.70
86.19
70.46
56.87
45.61
37.04
31.67
28.83
27.22
23.33
20.76
18.78
16.91
14.48
12.50
10.94
9.53
8.19
6.91
5.60
4.49
3.20
2.22
1.39
0.71
0.31
0.11
0.06
0.06
0.06
0.05
0.05
0.05
0.05
0.05
0.05
0.05
0.05
0.06
0.06
0.06
0.06
0.07
0.07
0.08
0.08
0.08
0.08
0.08
0.08
0.08
0.09
0.09
0.09
0.09
0.10
0.10
0.10
0.11
0.11
0.11
0.11
0.11
0.12
0.12
0.12
0.13
0.13
0.14
0.15
0.15
0.16
0.17
0.18
0.18
0.19
0.19
0.20
0.20
0.21
0.21
0.22
0.23
0.23
0.24
0.25
0.26
0.27
0.28
0.28
0.29
0.30
0.31
0.31
0.32
0.33
0.34
0.35
0.36
0.36
0.37
0.38
0.39
0.40
0.41
0.42
0.42
0.43
0.44
0.45
0.46
0.47
0.48
0.50
0.51
0.52
0.54
0.55
436.90
443.30
450.30
456.60
463.00
470.10
476.10
482.10
487.90
493.80
498.80
503.70
507.30
511.10
514.10
517.00
519.80
522.00
524.20
524.40
525.50
526.00
527.30
527.50
526.10
524.90
523.90
520.40
518.70
515.70
511.90
509.40
505.70
502.80
499.20
495.80
491.20
487.00
483.50
479.50
475.90
469.70
463.60
458.20
450.90
442.60
434.20
423.60
411.70
398.20
384.30
368.60
352.20
331.30
308.80
284.70
257.40
229.80
201.50
175.20
150.60
129.10
110.00
90.98
77.11
65.61
55.22
45.16
36.99
31.36
27.95
26.24
23.12
20.50
18.62
16.76
14.23
12.45
10.91
9.54
8.35
7.05
5.76
4.58
3.42
2.34
1.38
0.75
0.34
0.11
0.05
0.05
0.05
0.05
0.05
0.06
0.06
0.06
0.06
0.07
0.07
0.07
0.07
0.08
0.08
0.08
0.08
0.09
0.09
0.09
0.09
0.10
0.10
0.10
0.10
0.10
0.11
0.11
0.11
0.11
0.11
0.12
0.12
0.12
0.13
0.13
0.13
0.13
0.14
0.14
0.15
0.16
0.16
0.17
0.18
0.18
0.19
0.20
0.20
0.21
0.21
0.22
0.23
0.23
0.24
0.24
0.25
0.26
0.27
0.28
0.29
0.29
0.30
0.31
0.31
0.33
0.33
0.34
0.35
0.36
0.37
0.37
0.39
0.39
0.40
0.41
0.42
0.43
0.44
0.44
0.45
0.46
0.47
0.48
0.49
0.50
0.51
0.52
0.53
0.55
0.55
437.30
443.40
449.30
455.20
461.50
468.00
472.50
477.90
482.90
488.20
491.90
497.10
499.50
502.80
505.10
506.90
508.30
509.40
510.30
510.90
510.50
511.40
510.60
508.50
506.90
505.30
501.90
498.10
494.90
491.30
486.80
482.80
478.40
474.30
468.90
464.00
458.50
452.40
446.50
439.20
431.00
422.40
412.80
403.20
392.60
381.60
369.20
356.50
343.30
329.70
315.20
300.70
285.60
270.40
253.30
234.80
214.90
193.50
172.50
151.60
132.40
115.50
100.50
86.59
73.54
61.90
52.30
42.71
35.38
30.12
26.48
24.42
21.84
19.42
17.68
16.00
14.38
12.88
11.22
9.76
8.47
7.04
5.67
4.52
3.35
2.25
1.38
0.73
0.33
0.11
0.06
0.05
0.05
0.05
0.05
0.05
0.05
0.05
0.05
0.06
0.05
0.05
0.06
0.06
0.06
0.06
0.07
0.07
0.07
0.08
0.08
0.08
0.08
0.08
0.08
0.08
0.09
0.09
0.09
0.09
0.09
0.10
0.11
0.10
0.11
0.11
0.11
0.12
0.12
0.13
0.14
0.14
0.14
0.15
0.16
0.17
0.17
0.18
0.19
0.19
0.20
0.21
0.21
0.22
0.22
0.23
0.24
0.25
0.25
0.26
0.27
0.28
0.29
0.29
0.30
0.31
0.32
0.33
0.34
0.34
0.35
0.36
0.37
0.38
0.39
0.40
0.40
0.42
0.42
0.43
0.44
0.45
0.45
0.46
0.47
0.49
0.50
0.51
0.52
0.53
0.54
437.20
442.90
448.40
454.20
459.40
464.90
468.30
473.80
477.80
481.70
485.00
488.20
491.20
493.00
494.90
495.60
496.40
496.80
496.90
497.50
495.60
495.00
493.00
491.40
487.60
482.90
479.20
474.50
470.40
463.70
459.00
453.50
447.70
439.40
431.60
422.50
413.10
403.00
392.90
381.50
369.90
358.00
345.90
335.00
323.70
313.70
304.60
297.10
289.70
280.50
269.10
256.80
242.50
228.30
214.40
199.80
184.80
168.60
151.70
134.10
116.90
99.74
86.52
75.13
64.65
55.37
46.98
38.85
32.49
28.22
25.09
23.00
21.10
19.24
17.59
16.14
14.51
13.07
11.66
10.12
8.79
7.32
5.96
4.67
3.51
2.48
1.55
0.82
0.37
0.11
0.05
0.05
0.05
0.05
0.05
0.05
0.06
0.06
0.06
0.06
0.07
0.07
0.07
0.07
0.07
0.08
0.08
0.08
0.08
0.09
0.09
0.09
0.09
0.10
0.10
0.10
0.10
0.10
0.10
0.11
0.11
0.11
0.12
0.12
0.12
0.12
0.13
0.14
0.14
0.15
0.15
0.15
0.16
0.17
0.18
0.19
0.19
0.20
0.21
0.21
0.22
0.22
0.23
0.24
0.24
0.25
0.26
0.27
0.28
0.28
0.30
0.30
0.31
0.32
0.33
0.33
0.34
0.35
0.36
0.37
0.38
0.39
0.39
0.40
0.41
0.42
0.43
0.44
0.44
0.45
0.46
0.47
0.47
0.48
0.49
0.51
0.52
0.52
0.53
0.54
0.54
438.00
442.50
447.40
452.10
457.40
460.80
465.00
469.30
472.40
475.70
478.80
480.70
482.80
483.70
484.20
485.40
485.40
484.60
484.10
482.10
479.60
476.10
472.00
469.20
463.70
458.80
454.10
446.70
439.20
431.70
422.60
412.90
402.40
391.00
380.00
367.20
354.90
342.30
330.20
318.30
309.40
302.20
296.90
291.70
286.30
279.90
272.60
265.10
254.80
245.60
234.50
221.60
207.80
193.50
177.30
160.10
144.50
129.60
115.60
104.30
93.48
82.85
72.55
63.20
55.79
48.40
41.77
35.63
31.25
27.83
25.14
22.77
20.91
19.07
17.46
16.00
14.36
12.86
11.39
9.84
8.40
7.05
5.70
4.49
3.49
2.54
1.63
0.81
0.36
0.12
0.06
0.05
0.05
0.05
0.05
0.05
0.05
0.05
0.05
0.05
0.05
0.05
0.06
0.06
0.06
0.06
0.06
0.06
0.06
0.07
0.07
0.07
0.07
0.08
0.08
0.08
0.08
0.08
0.08
0.09
0.09
0.10
0.10
0.10
0.11
0.11
0.11
0.12
0.12
0.13
0.13
0.14
0.15
0.16
0.17
0.17
0.18
0.18
0.19
0.20
0.20
0.21
0.22
0.22
0.23
0.24
0.25
0.26
0.26
0.27
0.28
0.29
0.29
0.31
0.31
0.32
0.33
0.34
0.35
0.36
0.36
0.37
0.38
0.39
0.40
0.41
0.42
0.42
0.43
0.44
0.45
0.45
0.46
0.47
0.48
0.49
0.50
0.51
0.52
0.53
0.54
437.50
441.50
446.00
449.90
453.70
458.40
461.00
463.90
466.70
468.90
470.90
473.10
473.00
473.60
473.00
472.40
472.50
469.80
466.70
464.20
459.60
455.40
450.60
444.80
438.80
431.10
422.50
412.90
401.30
390.30
377.50
364.80
352.00
339.00
326.30
315.60
306.50
300.90
295.50
291.00
285.90
280.20
274.40
268.70
262.60
254.50
243.90
229.90
216.70
203.00
189.50
175.50
162.60
150.80
140.80
131.90
124.30
116.00
103.90
91.78
79.76
70.80
63.03
56.38
49.76
43.69
38.81
34.61
31.34
28.82
26.67
25.01
23.21
20.34
17.71
15.79
14.15
12.68
11.14
9.52
8.15
6.78
5.53
4.33
3.35
2.51
1.66
0.92
0.40
0.11
0.05
0.04
0.05
0.05
0.05
0.05
0.05
0.05
0.06
0.06
0.06
0.06
0.07
0.07
0.07
0.07
0.07
0.08
0.08
0.08
0.08
0.08
0.09
0.09
0.09
0.09
0.10
0.10
0.10
0.11
0.11
0.11
0.12
0.12
0.12
0.13
0.13
0.14
0.15
0.15
0.15
0.16
0.17
0.18
0.19
0.19
0.20
0.21
0.21
0.22
0.23
0.23
0.24
0.25
0.25
0.26
0.27
0.28
0.29
0.30
0.30
0.31
0.32
0.33
0.34
0.35
0.35
0.36
0.37
0.38
0.39
0.40
0.41
0.42
0.42
0.43
0.44
0.45
0.45
0.46
0.47
0.48
0.48
0.49
0.50
0.51
0.52
0.53
0.54
0.54
0.54
436.90
441.10
445.50
447.90
452.00
454.30
457.40
459.70
461.80
462.40
463.20
463.40
464.30
463.10
462.60
459.80
456.90
453.10
449.30
445.50
439.70
433.00
426.00
418.00
407.40
396.50
384.00
371.20
357.80
344.50
330.60
317.80
307.90
302.30
297.70
292.70
287.80
282.20
276.70
272.20
265.60
257.40
244.90
231.70
218.60
207.30
196.80
185.50
173.80
164.60
156.40
149.40
143.80
138.90
134.30
126.80
115.30
101.60
89.07
79.58
71.40
64.40
58.09
52.34
46.60
41.74
37.76
34.44
31.71
29.10
26.10
23.36
21.08
18.87
17.23
15.60
14.28
12.81
11.16
9.45
7.91
6.58
5.41
4.31
3.37
2.48
1.72
0.97
0.39
0.11
0.06
0.05
0.04
0.04
0.04
0.04
0.04
0.04
0.04
0.04
0.05
0.05
0.05
0.05
0.05
0.05
0.05
0.06
0.06
0.06
0.06
0.06
0.07
0.07
0.08
0.08
0.08
0.08
0.08
0.09
0.09
0.09
0.10
0.10
0.11
0.11
0.12
0.12
0.13
0.14
0.14
0.15
0.16
0.17
0.17
0.18
0.19
0.19
0.20
0.20
0.21
0.22
0.23
0.24
0.24
0.25
0.26
0.27
0.28
0.28
0.29
0.30
0.31
0.32
0.33
0.34
0.34
0.35
0.36
0.37
0.38
0.38
0.39
0.40
0.41
0.42
0.43
0.44
0.44
0.45
0.46
0.46
0.47
0.48
0.49
0.50
0.51
0.51
0.52
0.53
0.54
437.40
440.90
443.70
446.60
448.70
451.50
452.80
454.70
455.50
455.70
456.30
455.20
454.20
453.10
450.20
446.00
442.70
436.90
431.90
425.30
418.10
409.50
398.30
386.10
372.90
359.90
346.20
332.20
318.90
307.60
301.40
296.80
291.70
287.10
281.80
276.30
270.60
263.30
253.10
240.30
227.50
214.90
202.60
191.90
181.00
170.40
162.60
157.30
153.50
151.00
149.80
148.00
144.80
137.70
126.10
114.30
102.50
93.70
86.08
79.53
73.12
64.85
57.65
51.48
46.24
41.49
37.28
32.69
28.41
24.81
22.76
21.41
20.29
18.98
17.47
16.05
14.58
12.85
11.29
9.68
8.15
6.72
5.46
4.38
3.42
2.62
1.73
1.01
0.39
0.11
0.04
0.04
0.04
0.04
0.04
0.05
0.05
0.05
0.05
0.05
0.06
0.06
0.06
0.06
0.07
0.07
0.07
0.07
0.08
0.08
0.08
0.08
0.09
0.09
0.09
0.09
0.10
0.10
0.10
0.11
0.11
0.12
0.12
0.13
0.13
0.13
0.14
0.15
0.15
0.16
0.17
0.17
0.18
0.19
0.19
0.20
0.21
0.21
0.22
0.23
0.24
0.24
0.25
0.26
0.27
0.28
0.28
0.29
0.30
0.31
0.32
0.33
0.34
0.35
0.35
0.36
0.37
0.38
0.39
0.40
0.40
0.41
0.42
0.43
0.44
0.44
0.45
0.46
0.46
0.47
0.48
0.49
0.49
0.50
0.51
0.52
0.53
0.53
0.54
0.54
0.54
437.40
440.40
442.30
444.30
446.90
447.40
449.50
449.60
450.20
448.70
449.10
447.00
444.50
441.00
437.40
432.40
426.70
420.50
413.20
404.00
392.60
380.50
366.60
352.90
338.20
324.20
310.90
301.70
296.80
292.10
286.90
281.90
276.40
270.70
263.20
252.00
237.80
224.10
211.00
200.30
192.80
183.90
173.80
166.40
160.70
156.70
154.80
154.70
154.70
154.50
151.80
145.20
135.10
124.80
116.00
109.40
103.50
97.76
92.41
86.77
77.14
67.95
60.08
52.07
44.06
37.36
31.34
27.66
25.71
24.20
22.86
21.41
20.06
18.74
17.33
15.94
14.28
12.65
11.08
9.52
8.23
6.93
5.67
4.47
3.33
2.44
1.60
0.94
0.47
0.12
0.06
0.05
0.04
0.04
0.04
0.04
0.04
0.04
0.04
0.04
0.05
0.05
0.05
0.05
0.05
0.05
0.05
0.05
0.06
0.06
0.06
0.06
0.07
0.08
0.08
0.08
0.08
0.09
0.09
0.09
0.10
0.10
0.11
0.11
0.12
0.12
0.13
0.14
0.15
0.15
0.16
0.17
0.17
0.18
0.18
0.19
0.20
0.21
0.22
0.22
0.23
0.24
0.24
0.25
0.26
0.28
0.28
0.29
0.30
0.31
0.31
0.32
0.33
0.34
0.35
0.36
0.37
0.37
0.38
0.39
0.40
0.40
0.41
0.42
0.43
0.44
0.44
0.45
0.46
0.46
0.47
0.48
0.48
0.49
0.50
0.50
0.51
0.52
0.52
0.54
0.54
437.80
438.90
441.40
442.70
443.10
444.00
444.10
444.60
444.00
442.80
441.30
438.70
435.00
430.50
425.70
418.80
411.90
403.70
393.20
380.80
367.20
353.00
337.90
322.90
308.90
298.00
293.20
288.80
283.40
278.70
273.00
266.00
258.10
245.70
232.30
219.00
206.00
195.20
185.40
176.40
167.10
161.30
159.60
160.80
162.20
164.20
166.20
166.00
163.50
155.30
143.40
131.60
123.10
117.80
113.00
108.60
104.20
100.20
96.12
89.89
79.57
68.83
57.86
48.02
38.17
33.21
30.33
28.13
26.41
24.84
23.32
21.82
20.17
18.69
17.24
15.88
14.39
12.64
11.12
9.76
8.94
9.46
10.98
11.55
10.37
8.20
6.21
4.54
2.25
0.22
0.04
0.04
0.04
0.04
0.04
0.04
0.05
0.05
0.05
0.05
0.05
0.06
0.06
0.06
0.06
0.06
0.07
0.07
0.08
0.08
0.08
0.08
0.09
0.09
0.10
0.10
0.10
0.11
0.12
0.12
0.13
0.13
0.13
0.14
0.15
0.15
0.16
0.17
0.17
0.18
0.19
0.19
0.20
0.21
0.21
0.22
0.23
0.24
0.24
0.25
0.26
0.27
0.28
0.28
0.30
0.30
0.31
0.32
0.33
0.34
0.35
0.36
0.37
0.37
0.38
0.39
0.40
0.40
0.41
0.42
0.43
0.44
0.44
0.45
0.46
0.46
0.47
0.48
0.48
0.49
0.49
0.50
0.51
0.51
0.52
0.53
0.53
0.54
0.54
0.54
0.54
437.80
438.50
439.70
440.20
441.00
440.40
441.20
439.80
437.80
436.90
434.10
430.30
425.30
418.60
412.40
404.90
394.70
383.30
370.30
355.50
340.20
324.90
309.20
295.80
288.90
286.20
281.00
275.10
269.20
262.30
253.30
241.80
228.30
214.70
202.70
192.70
184.50
176.00
167.10
161.30
157.70
158.10
160.50
164.30
168.00
170.10
168.60
162.00
150.80
138.40
130.40
125.70
121.30
116.00
112.00
108.10
103.80
99.02
94.17
87.53
75.15
61.49
51.34
41.21
37.20
34.25
31.73
29.36
27.27
25.28
23.70
22.36
21.17
19.80
19.56
21.97
27.38
33.03
35.82
34.12
30.63
28.82
28.22
26.25
22.02
15.21
9.22
4.85
1.98
0.26
0.06
0.04
0.04
0.04
0.04
0.04
0.04
0.04
0.04
0.04
0.04
0.04
0.05
0.05
0.05
0.05
0.05
0.06
0.06
0.06
0.07
0.07
0.07
0.08
0.08
0.09
0.09
0.10
0.11
0.11
0.11
0.12
0.13
0.13
0.14
0.15
0.15
0.16
0.17
0.17
0.18
0.19
0.19
0.20
0.21
0.22
0.22
0.23
0.24
0.25
0.26
0.27
0.28
0.28
0.29
0.31
0.31
0.32
0.33
0.34
0.35
0.36
0.36
0.37
0.38
0.39
0.40
0.40
0.41
0.42
0.43
0.43
0.44
0.45
0.45
0.46
0.46
0.47
0.47
0.48
0.49
0.49
0.49
0.51
0.51
0.52
0.52
0.53
0.54
0.54
0.54
437.20
437.90
438.30
438.30
439.00
437.60
436.70
434.60
433.40
430.90
427.00
421.30
415.00
407.70
399.60
389.50
377.30
363.40
348.30
332.00
315.90
300.20
287.70
282.50
279.80
273.40
267.10
261.00
252.40
241.80
229.40
215.80
203.10
192.70
185.10
177.80
169.90
164.10
161.10
159.90
161.60
164.80
169.20
172.50
171.00
164.50
153.50
142.80
135.60
131.40
127.30
121.70
116.30
111.90
107.10
102.30
97.61
92.78
87.11
80.60
68.73
57.61
48.90
41.83
37.77
35.02
32.51
30.46
28.41
27.04
27.92
33.77
43.58
53.17
59.00
59.38
57.57
58.78
62.25
62.35
56.75
46.15
35.27
24.67
16.63
11.20
6.88
4.00
1.73
0.30
0.05
0.04
0.04
0.04
0.04
0.04
0.05
0.05
0.05
0.05
0.06
0.06
0.06
0.06
0.07
0.07
0.08
0.08
0.08
0.09
0.09
0.10
0.10
0.10
0.11
0.12
0.12
0.13
0.13
0.14
0.15
0.15
0.16
0.17
0.17
0.18
0.19
0.19
0.20
0.21
0.21
0.22
0.23
0.24
0.25
0.25
0.26
0.27
0.28
0.29
0.30
0.31
0.31
0.32
0.33
0.34
0.35
0.36
0.37
0.38
0.39
0.39
0.40
0.41
0.42
0.42
0.43
0.44
0.45
0.46
0.46
0.47
0.47
0.48
0.48
0.49
0.49
0.50
0.51
0.51
0.51
0.52
0.52
0.53
0.53
0.54
0.54
0.55
0.55
0.55
0.55
437.30
437.40
436.80
436.70
435.20
434.20
432.30
430.20
427.00
423.40
418.30
411.70
404.30
395.30
385.20
372.10
358.20
342.00
325.80
308.90
293.00
280.40
276.60
272.90
265.30
258.50
250.40
241.10
230.00
217.30
204.00
193.30
185.20
179.20
173.00
167.60
164.60
162.30
162.00
164.10
167.60
171.80
174.10
169.00
160.10
147.80
138.70
134.10
130.10
125.00
119.20
113.40
108.70
103.40
98.47
94.06
88.43
82.87
76.29
70.48
65.64
57.96
50.06
42.17
37.51
34.73
34.50
38.35
47.82
59.70
69.61
74.11
73.31
73.64
79.48
86.00
87.65
80.91
68.98
55.94
42.78
32.26
23.91
17.89
12.62
8.49
5.34
3.08
1.26
0.26
0.07
0.04
0.04
0.04
0.04
0.04
0.04
0.04
0.04
0.04
0.05
0.05
0.05
0.05
0.06
0.06
0.06
0.08
0.08
0.08
0.08
0.09
0.10
0.10
0.10
0.11
0.12
0.12
0.13
0.14
0.14
0.15
0.16
0.16
0.17
0.18
0.19
0.19
0.20
0.21
0.22
0.22
0.24
0.24
0.25
0.26
0.27
0.28
0.29
0.30
0.30
0.31
0.32
0.33
0.34
0.35
0.36
0.37
0.37
0.38
0.39
0.40
0.41
0.42
0.42
0.43
0.44
0.45
0.45
0.45
0.46
0.47
0.47
0.48
0.48
0.49
0.49
0.50
0.50
0.50
0.51
0.51
0.51
0.52
0.52
0.53
0.54
0.54
0.54
0.54
0.55
437.70
436.80
435.80
434.90
432.80
431.00
428.80
425.50
421.90
416.40
410.90
402.70
393.80
384.30
371.80
357.60
341.70
324.30
307.00
290.00
276.70
270.80
267.80
259.50
251.70
242.40
232.20
220.50
208.10
195.70
186.20
180.00
175.50
170.60
167.90
166.10
164.20
163.60
165.40
168.70
172.40
173.70
168.60
158.40
146.10
137.20
132.50
127.60
120.90
114.50
109.00
103.40
98.17
93.19
88.50
82.67
77.32
70.42
65.82
63.70
62.15
58.00
49.82
43.81
43.00
49.09
60.18
71.71
79.54
81.42
81.32
86.04
94.40
99.72
97.13
86.16
73.42
57.64
46.01
36.61
28.91
22.34
16.89
12.52
8.93
6.15
3.88
2.28
0.98
0.28
0.05
0.04
0.04
0.05
0.05
0.05
0.05
0.05
0.06
0.06
0.07
0.07
0.07
0.08
0.08
0.09
0.09
0.10
0.10
0.11
0.12
0.12
0.13
0.13
0.14
0.15
0.15
0.16
0.17
0.18
0.18
0.19
0.20
0.21
0.21
0.22
0.23
0.24
0.25
0.25
0.26
0.27
0.28
0.29
0.30
0.31
0.31
0.33
0.33
0.34
0.35
0.36
0.37
0.38
0.39
0.39
0.40
0.41
0.42
0.43
0.44
0.44
0.45
0.46
0.47
0.47
0.48
0.48
0.49
0.49
0.50
0.50
0.51
0.51
0.52
0.52
0.52
0.53
0.53
0.54
0.54
0.54
0.54
0.55
0.55
0.55
0.55
0.55
0.55
0.55
0.55
437.90
435.60
434.20
432.70
429.70
428.10
424.30
420.70
416.10
409.60
402.00
393.90
383.00
371.10
356.90
340.50
323.10
305.50
288.20
273.60
264.80
261.10
253.30
244.50
234.40
223.20
210.90
199.20
187.80
179.60
174.20
170.80
168.60
167.90
167.10
164.90
163.90
164.60
167.30
171.60
173.00
168.40
158.10
146.10
137.70
132.20
126.30
118.10
110.60
104.40
98.64
93.38
87.98
83.02
77.37
72.00
65.37
60.76
58.36
56.50
54.64
54.40
55.09
58.71
67.61
78.05
84.99
85.49
85.04
91.04
99.19
103.00
97.07
85.55
70.94
58.87
48.75
40.23
31.95
25.28
19.89
15.41
11.88
8.83
6.39
4.51
2.92
1.77
0.80
0.23
0.07
0.05
0.05
0.05
0.05
0.05
0.05
0.05
0.05
0.05
0.06
0.06
0.07
0.08
0.08
0.09
0.09
0.10
0.11
0.11
0.12
0.12
0.13
0.14
0.14
0.15
0.16
0.17
0.17
0.18
0.19
0.20
0.21
0.22
0.22
0.23
0.24
0.25
0.26
0.27
0.28
0.29
0.29
0.30
0.31
0.32
0.33
0.34
0.35
0.36
0.37
0.38
0.39
0.40
0.40
0.41
0.42
0.43
0.44
0.44
0.45
0.46
0.46
0.47
0.47
0.48
0.48
0.49
0.49
0.50
0.50
0.51
0.51
0.51
0.52
0.52
0.52
0.53
0.53
0.53
0.54
0.54
0.54
0.54
0.54
0.55
0.55
0.55
0.55
0.55
0.55
437.50
435.90
433.80
431.20
427.70
424.50
421.00
416.60
410.70
403.10
394.60
384.70
373.00
359.80
344.60
327.30
308.60
291.00
274.60
262.50
255.70
248.80
239.10
229.00
217.10
204.40
193.30
182.50
174.20
169.10
166.90
166.30
167.70
167.20
165.30
163.20
162.40
163.70
167.70
170.60
168.50
159.70
148.20
138.50
132.50
126.10
117.30
109.40
101.50
95.19
89.87
84.18
79.31
74.17
69.07
63.08
58.13
55.11
52.99
51.49
52.76
58.02
68.32
79.57
87.16
89.37
87.86
90.00
97.31
103.10
101.00
90.57
78.06
66.01
55.43
46.66
38.28
31.07
25.28
20.67
16.41
12.91
10.02
7.66
5.64
3.94
2.52
1.45
0.71
0.23
0.06
0.06
0.06
0.06
0.06
0.07
0.07
0.08
0.08
0.09
0.10
0.10
0.11
0.11
0.12
0.13
0.13
0.14
0.14
0.15
0.16
0.17
0.18
0.18
0.19
0.19
0.21
0.21
0.22
0.23
0.24
0.25
0.26
0.26
0.27
0.28
0.29
0.30
0.31
0.32
0.33
0.34
0.35
0.36
0.37
0.38
0.39
0.40
0.40
0.41
0.42
0.43
0.44
0.45
0.46
0.46
0.47
0.48
0.49
0.49
0.50
0.51
0.51
0.52
0.52
0.53
0.53
0.53
0.54
0.54
0.55
0.55
0.55
0.55
0.55
0.55
0.56
0.56
0.56
0.56
0.56
0.56
0.56
0.57
0.56
0.56
0.56
0.56
0.56
0.56
0.56
437.60
434.70
431.50
429.00
425.50
421.80
417.10
411.80
404.60
395.50
385.90
374.60
362.70
347.30
330.70
312.20
293.60
276.30
261.60
251.50
242.80
234.20
222.80
210.50
197.50
186.30
176.60
168.80
163.90
162.40
163.10
165.50
166.40
165.10
162.50
160.10
160.00
162.70
166.40
166.90
160.80
149.80
139.60
131.80
125.40
116.60
107.20
99.20
92.51
86.91
81.42
76.36
71.19
66.28
60.98
56.56
52.16
49.61
48.03
49.50
55.65
66.96
79.86
89.66
92.99
91.52
92.94
98.77
102.40
97.25
87.39
75.88
64.89
54.48
46.10
38.89
33.19
28.44
23.99
19.69
16.00
12.85
10.02
7.74
5.56
3.81
2.24
1.19
0.59
0.20
0.08
0.07
0.06
0.06
0.06
0.06
0.07
0.08
0.08
0.09
0.09
0.10
0.11
0.12
0.12
0.13
0.14
0.14
0.15
0.16
0.17
0.18
0.18
0.19
0.20
0.21
0.22
0.23
0.24
0.25
0.25
0.26
0.27
0.28
0.29
0.30
0.31
0.32
0.33
0.34
0.35
0.36
0.37
0.38
0.38
0.39
0.41
0.42
0.42
0.43
0.44
0.45
0.46
0.47
0.47
0.48
0.49
0.50
0.51
0.51
0.52
0.52
0.53
0.53
0.54
0.54
0.54
0.55
0.55
0.55
0.55
0.56
0.56
0.56
0.56
0.56
0.56
0.56
0.56
0.56
0.56
0.56
0.56
0.56
0.56
0.56
0.57
0.56
0.57
0.57
0.57
438.00
434.10
430.90
427.20
423.60
419.30
413.60
407.00
399.00
389.20
378.50
366.80
352.80
338.50
320.20
301.40
282.40
265.40
251.30
239.50
229.40
220.00
207.70
194.50
182.00
172.10
164.40
159.10
157.40
158.30
161.60
164.20
164.60
162.40
159.50
156.70
156.70
160.00
162.60
161.90
154.00
143.00
134.20
126.80
118.90
109.30
99.64
91.82
85.49
79.97
74.79
68.89
64.32
59.55
54.85
50.57
47.33
45.02
45.31
49.00
59.26
72.97
85.59
92.73
92.42
91.84
96.86
101.50
100.10
91.95
81.24
69.55
58.83
49.84
42.73
37.17
32.74
27.85
23.36
19.60
16.05
12.95
10.16
7.90
5.71
3.91
2.38
1.21
0.59
0.21
0.08
0.08
0.08
0.08
0.09
0.10
0.10
0.11
0.12
0.13
0.13
0.14
0.15
0.16
0.17
0.17
0.18
0.19
0.20
0.21
0.22
0.22
0.23
0.24
0.25
0.26
0.27
0.28
0.29
0.30
0.31
0.31
0.33
0.33
0.34
0.35
0.36
0.37
0.38
0.39
0.40
0.41
0.42
0.43
0.44
0.45
0.46
0.47
0.48
0.49
0.50
0.51
0.51
0.52
0.53
0.54
0.55
0.55
0.56
0.56
0.57
0.57
0.58
0.58
0.58
0.58
0.58
0.58
0.58
0.58
0.58
0.58
0.58
0.58
0.58
0.58
0.58
0.58
0.57
0.57
0.57
0.57
0.57
0.57
0.57
0.57
0.57
0.57
0.57
0.57
0.57
437.50
433.70
429.70
425.60
421.90
416.10
409.50
401.90
393.00
382.60
370.90
356.90
342.50
325.80
307.70
288.40
270.10
254.10
239.80
224.90
215.40
204.80
191.70
178.80
166.70
158.80
153.70
151.40
152.50
155.80
160.40
162.50
162.00
158.90
155.70
153.40
154.00
157.00
159.00
156.10
146.90
136.60
128.40
120.30
111.30
101.10
92.23
85.36
79.26
73.84
68.05
63.52
59.41
55.69
51.98
48.06
45.38
43.43
45.33
51.84
65.46
80.54
91.76
94.76
91.35
93.43
100.40
102.80
95.84
83.63
70.43
58.88
51.03
44.75
40.23
35.95
31.29
26.99
22.82
19.25
15.94
12.97
10.30
7.79
5.72
3.93
2.34
1.14
0.56
0.19
0.10
0.09
0.09
0.09
0.09
0.10
0.11
0.11
0.12
0.13
0.14
0.15
0.16
0.16
0.17
0.18
0.19
0.20
0.21
0.22
0.23
0.24
0.25
0.26
0.26
0.28
0.29
0.30
0.31
0.31
0.33
0.34
0.35
0.36
0.37
0.37
0.38
0.39
0.40
0.41
0.42
0.43
0.44
0.45
0.46
0.47
0.48
0.49
0.50
0.51
0.52
0.53
0.54
0.54
0.55
0.56
0.57
0.57
0.58
0.58
0.58
0.59
0.59
0.59
0.60
0.60
0.60
0.60
0.60
0.60
0.60
0.60
0.60
0.60
0.60
0.60
0.60
0.60
0.60
0.60
0.60
0.60
0.60
0.60
0.60
0.60
0.60
0.59
0.59
0.59
0.59
437.30
432.80
428.80
424.60
419.20
413.60
406.50
398.00
387.90
376.80
364.00
350.30
335.10
317.60
298.70
279.00
260.60
245.30
228.40
213.10
202.40
191.80
179.30
166.20
155.10
148.20
145.30
145.50
148.70
153.10
157.60
160.00
159.40
156.40
153.10
150.70
150.40
152.90
154.40
150.90
142.00
132.00
123.60
115.50
105.50
95.41
87.20
80.91
75.26
69.93
64.66
60.70
57.46
54.76
51.87
48.75
45.90
43.78
46.72
55.33
70.74
86.02
95.06
92.64
87.45
94.05
103.60
102.40
89.95
75.97
63.07
53.92
48.25
43.31
38.65
34.08
30.00
26.23
22.54
19.07
15.77
12.79
9.94
7.49
5.51
3.69
2.10
1.05
0.53
0.22
0.10
0.10
0.11
0.12
0.13
0.14
0.14
0.15
0.16
0.17
0.18
0.19
0.20
0.21
0.22
0.23
0.23
0.24
0.25
0.27
0.27
0.28
0.29
0.31
0.31
0.33
0.34
0.35
0.36
0.37
0.38
0.39
0.40
0.41
0.42
0.42
0.43
0.44
0.45
0.46
0.47
0.48
0.49
0.50
0.51
0.52
0.53
0.54
0.55
0.56
0.57
0.58
0.59
0.60
0.61
0.61
0.62
0.62
0.63
0.64
0.64
0.64
0.64
0.64
0.64
0.64
0.64
0.63
0.63
0.63
0.63
0.63
0.63
0.63
0.62
0.62
0.61
0.61
0.61
0.60
0.60
0.59
0.59
0.59
0.59
0.59
0.59
0.59
0.59
0.59
0.59
437.10
432.40
427.20
422.80
416.80
410.20
402.00
393.30
382.30
369.40
356.30
341.20
325.60
307.20
287.90
268.00
250.50
233.30
215.20
200.00
188.30
178.10
165.40
153.80
144.10
138.90
138.20
140.80
145.30
150.20
154.50
156.90
156.80
154.10
150.70
147.60
147.30
148.40
148.10
144.00
135.10
125.70
117.20
108.60
98.34
89.01
82.18
76.64
71.02
66.20
61.45
58.05
56.14
54.24
52.01
49.50
46.34
45.31
49.52
61.21
78.27
92.31
96.32
89.42
90.78
103.40
99.58
95.70
79.62
65.76
57.28
48.82
44.39
39.76
35.43
31.38
27.62
23.98
20.27
17.10
14.20
11.39
8.76
6.77
4.94
3.31
1.98
1.04
0.52
0.22
0.13
0.12
0.12
0.12
0.13
0.13
0.14
0.16
0.16
0.17
0.18
0.19
0.20
0.21
0.22
0.23
0.24
0.25
0.26
0.28
0.28
0.29
0.31
0.32
0.33
0.34
0.35
0.36
0.37
0.38
0.39
0.40
0.41
0.42
0.43
0.43
0.44
0.45
0.46
0.47
0.48
0.49
0.49
0.51
0.52
0.53
0.54
0.55
0.56
0.57
0.58
0.59
0.60
0.61
0.62
0.62
0.63
0.64
0.65
0.65
0.65
0.66
0.66
0.66
0.66
0.66
0.66
0.66
0.66
0.66
0.66
0.66
0.66
0.66
0.65
0.65
0.65
0.64
0.64
0.64
0.63
0.62
0.62
0.62
0.62
0.61
0.61
0.61
0.60
0.60
0.60
437.90
432.10
427.00
421.60
415.20
408.10
399.50
389.20
378.30
365.40
351.10
335.90
319.10
300.70
280.20
260.40
243.30
224.40
206.00
190.10
176.80
166.60
155.50
144.30
135.10
130.40
131.20
135.00
140.90
145.90
150.10
153.50
154.30
152.40
148.60
145.00
142.90
142.20
141.10
137.50
129.90
120.50
111.50
102.60
92.97
84.71
78.15
73.04
67.93
63.56
59.81
57.47
55.81
54.67
53.56
51.20
47.92
47.82
57.76
67.75
83.54
95.26
95.38
91.58
99.09
109.80
97.78
85.75
69.49
56.83
49.60
45.18
40.12
35.39
31.48
28.02
24.50
20.97
17.67
14.78
12.55
10.50
8.63
7.05
5.38
3.61
2.12
1.14
0.54
0.23
0.13
0.13
0.14
0.15
0.16
0.17
0.18
0.19
0.20
0.21
0.22
0.22
0.24
0.24
0.26
0.27
0.28
0.29
0.30
0.31
0.33
0.34
0.35
0.36
0.37
0.38
0.39
0.40
0.41
0.42
0.43
0.44
0.45
0.46
0.46
0.47
0.48
0.49
0.49
0.50
0.51
0.52
0.53
0.54
0.55
0.57
0.58
0.59
0.60
0.61
0.62
0.63
0.64
0.65
0.66
0.67
0.67
0.68
0.69
0.69
0.69
0.69
0.69
0.69
0.69
0.69
0.69
0.69
0.68
0.68
0.68
0.67
0.67
0.66
0.66
0.65
0.64
0.64
0.63
0.63
0.62
0.62
0.61
0.61
0.61
0.60
0.60
0.60
0.60
0.60
0.60
437.90
430.70
425.20
419.60
413.50
405.10
395.70
385.10
372.60
358.90
344.10
328.70
310.60
291.20
270.70
251.50
234.20
214.00
195.50
179.10
164.90
154.20
144.20
134.10
126.60
123.00
124.70
129.50
135.90
141.30
145.70
148.40
149.90
148.90
145.70
141.30
137.50
135.30
133.70
130.30
123.40
114.50
105.60
97.00
88.21
80.90
74.94
70.64
66.70
63.00
60.17
58.67
57.53
56.66
55.78
54.08
51.13
52.72
62.19
76.08
89.93
96.42
97.71
101.10
106.90
112.60
94.46
76.04
59.64
52.46
45.43
40.42
35.59
31.55
27.93
24.63
21.72
18.92
16.46
14.53
12.56
10.55
8.75
7.05
5.16
3.39
2.04
1.15
0.52
0.22
0.15
0.14
0.14
0.14
0.15
0.16
0.17
0.18
0.19
0.20
0.21
0.22
0.23
0.25
0.25
0.27
0.28
0.29
0.30
0.31
0.33
0.34
0.35
0.37
0.37
0.39
0.40
0.41
0.42
0.43
0.44
0.44
0.45
0.46
0.46
0.47
0.47
0.48
0.49
0.50
0.51
0.51
0.53
0.54
0.55
0.56
0.58
0.59
0.60
0.61
0.62
0.63
0.65
0.65
0.66
0.67
0.68
0.69
0.70
0.70
0.71
0.71
0.71
0.71
0.72
0.72
0.72
0.72
0.72
0.72
0.71
0.71
0.70
0.69
0.69
0.68
0.67
0.67
0.66
0.66
0.65
0.65
0.64
0.64
0.63
0.63
0.62
0.62
0.61
0.61
0.60
437.80
431.40
425.30
419.70
411.80
403.40
393.20
381.70
369.60
355.60
340.40
323.60
305.20
285.70
265.10
246.00
228.00
208.00
188.80
171.20
156.60
144.40
134.60
125.80
119.20
116.60
117.90
122.80
129.10
134.20
139.00
142.40
144.60
145.10
142.60
138.10
133.20
129.90
127.80
124.70
119.30
110.90
102.60
94.42
86.44
79.84
74.89
71.26
68.73
65.80
63.61
62.59
61.75
60.63
59.48
58.73
59.27
59.80
69.48
82.38
92.54
99.54
106.20
111.80
116.80
102.90
88.97
68.57
56.23
50.41
45.05
39.89
35.49
31.68
28.44
25.21
22.36
19.28
16.97
14.80
13.05
11.44
9.73
7.97
6.02
4.25
2.72
1.52
0.63
0.24
0.14
0.15
0.15
0.16
0.17
0.18
0.19
0.21
0.21
0.23
0.24
0.25
0.26
0.27
0.28
0.30
0.31
0.32
0.33
0.35
0.36
0.37
0.39
0.40
0.41
0.42
0.43
0.44
0.45
0.46
0.47
0.47
0.48
0.48
0.49
0.50
0.50
0.51
0.52
0.53
0.53
0.54
0.55
0.56
0.57
0.59
0.60
0.61
0.62
0.64
0.65
0.67
0.68
0.69
0.70
0.71
0.72
0.72
0.73
0.74
0.74
0.74
0.74
0.74
0.74
0.74
0.73
0.73
0.73
0.72
0.71
0.71
0.70
0.69
0.69
0.68
0.67
0.66
0.66
0.65
0.64
0.64
0.63
0.63
0.62
0.62
0.61
0.60
0.60
0.60
0.60
436.80
430.80
423.70
417.50
410.50
400.80
389.90
378.60
364.70
350.00
334.20
317.00
298.00
277.90
257.90
239.40
220.70
199.80
180.60
162.90
147.90
135.80
125.10
117.30
111.90
110.10
111.90
116.90
122.90
127.90
132.90
136.80
139.20
140.10
138.70
135.00
130.00
125.80
123.20
120.60
116.10
108.70
101.50
93.55
86.52
81.33
76.98
73.70
71.80
69.79
67.93
66.53
65.19
63.83
62.20
61.49
62.53
67.81
77.64
88.20
97.18
107.10
117.90
123.60
121.60
106.80
85.57
66.69
57.51
51.21
45.51
40.51
36.33
32.41
28.84
25.93
22.96
20.07
17.79
15.72
13.79
12.16
10.42
9.02
7.23
5.45
3.68
1.85
0.74
0.25
0.15
0.15
0.15
0.15
0.16
0.17
0.18
0.19
0.20
0.22
0.23
0.24
0.25
0.27
0.28
0.29
0.30
0.31
0.33
0.34
0.35
0.37
0.39
0.40
0.41
0.42
0.43
0.44
0.45
0.46
0.46
0.47
0.47
0.48
0.48
0.49
0.50
0.51
0.51
0.51
0.52
0.53
0.54
0.55
0.56
0.58
0.59
0.60
0.62
0.63
0.65
0.66
0.67
0.69
0.70
0.71
0.71
0.72
0.73
0.74
0.74
0.74
0.75
0.75
0.75
0.75
0.75
0.75
0.75
0.75
0.75
0.74
0.74
0.73
0.72
0.71
0.70
0.70
0.69
0.68
0.67
0.67
0.66
0.65
0.65
0.64
0.64
0.63
0.62
0.62
0.61
437.20
430.30
423.80
416.80
409.10
398.90
387.70
376.30
362.30
347.40
330.60
312.90
294.10
273.90
254.30
236.20
217.00
196.10
176.40
158.30
143.00
130.20
119.10
110.50
105.80
104.50
106.60
111.10
116.40
121.90
127.00
131.00
134.20
135.80
135.70
132.90
129.10
124.50
121.30
118.10
114.90
109.90
102.70
95.75
89.08
84.11
80.61
77.36
74.86
72.72
70.26
68.96
67.96
65.99
64.59
65.21
71.11
78.38
87.42
97.09
107.10
118.20
128.90
132.40
125.00
104.10
83.13
67.67
59.40
52.35
46.35
41.27
36.93
33.47
30.38
27.62
24.82
22.13
19.85
17.82
15.97
15.23
14.12
11.98
9.11
6.80
4.29
2.10
0.87
0.27
0.14
0.15
0.16
0.17
0.18
0.19
0.20
0.21
0.22
0.23
0.25
0.26
0.27
0.28
0.30
0.31
0.33
0.34
0.35
0.36
0.38
0.39
0.41
0.42
0.43
0.44
0.45
0.46
0.47
0.48
0.49
0.49
0.50
0.50
0.51
0.52
0.52
0.53
0.53
0.54
0.55
0.55
0.56
0.57
0.58
0.60
0.61
0.62
0.64
0.65
0.67
0.69
0.70
0.71
0.72
0.73
0.74
0.75
0.76
0.76
0.76
0.76
0.76
0.76
0.76
0.76
0.76
0.76
0.75
0.75
0.74
0.74
0.72
0.72
0.71
0.70
0.69
0.69
0.68
0.67
0.66
0.65
0.65
0.64
0.64
0.63
0.62
0.62
0.61
0.61
0.61
436.70
429.80
422.50
415.70
407.10
397.10
385.60
372.60
358.30
342.60
325.90
307.50
288.50
268.40
249.20
231.30
211.30
190.70
171.20
153.50
137.50
124.20
113.10
104.70
99.85
99.75
103.00
107.40
112.20
117.10
122.30
126.60
130.00
131.90
132.30
131.10
128.00
124.30
120.10
117.30
114.30
110.40
104.50
97.75
91.43
86.18
82.27
79.39
77.93
75.19
71.78
71.48
72.06
72.77
73.07
74.17
80.24
87.22
94.90
104.70
116.10
128.00
136.70
136.10
125.60
103.30
80.09
66.90
59.22
52.41
45.61
40.73
37.28
34.15
31.11
28.23
25.98
24.28
23.32
24.76
24.58
23.27
20.88
17.34
12.57
8.31
4.91
2.15
0.79
0.24
0.15
0.14
0.14
0.14
0.15
0.17
0.18
0.19
0.20
0.22
0.23
0.24
0.25
0.27
0.28
0.29
0.31
0.32
0.33
0.35
0.36
0.38
0.39
0.40
0.42
0.43
0.44
0.45
0.46
0.47
0.48
0.48
0.49
0.49
0.50
0.51
0.51
0.51
0.52
0.52
0.53
0.53
0.54
0.55
0.56
0.58
0.59
0.61
0.63
0.64
0.66
0.67
0.69
0.70
0.71
0.72
0.73
0.74
0.75
0.75
0.76
0.76
0.77
0.77
0.77
0.77
0.77
0.77
0.77
0.77
0.77
0.76
0.75
0.74
0.73
0.73
0.72
0.71
0.70
0.69
0.69
0.68
0.67
0.66
0.66
0.65
0.65
0.64
0.64
0.63
0.62
437.50
430.40
423.00
416.00
406.70
396.20
385.20
371.50
357.20
340.80
323.70
305.70
286.40
266.50
247.40
229.30
210.00
189.90
169.60
151.50
135.50
121.60
110.10
101.80
96.63
96.39
99.80
104.50
109.30
113.50
118.10
122.40
125.70
127.80
129.30
128.90
127.70
124.80
121.30
118.10
115.00
111.60
107.10
100.40
93.92
88.36
84.81
82.26
80.45
79.11
78.31
77.58
77.71
78.80
80.93
85.19
94.29
102.90
112.10
124.20
137.10
148.50
154.30
153.30
141.10
117.30
93.71
80.28
70.78
61.61
52.95
45.93
40.37
36.19
32.65
29.95
28.53
29.66
30.82
31.54
30.67
27.53
22.29
16.03
10.41
6.32
3.65
1.97
0.67
0.22
0.13
0.13
0.14
0.15
0.17
0.18
0.19
0.20
0.21
0.23
0.24
0.25
0.26
0.28
0.29
0.30
0.32
0.33
0.35
0.36
0.37
0.39
0.40
0.42
0.43
0.44
0.46
0.47
0.47
0.49
0.49
0.50
0.51
0.52
0.52
0.53
0.53
0.54
0.54
0.55
0.55
0.56
0.56
0.57
0.58
0.60
0.61
0.62
0.64
0.66
0.67
0.69
0.70
0.71
0.73
0.73
0.74
0.75
0.76
0.77
0.77
0.77
0.77
0.77
0.77
0.77
0.77
0.77
0.76
0.76
0.75
0.74
0.74
0.73
0.72
0.71
0.71
0.69
0.69
0.68
0.67
0.66
0.65
0.65
0.65
0.64
0.64
0.63
0.62
0.62
0.62
436.70
429.70
422.00
413.80
405.50
395.70
383.00
369.30
354.60
337.60
320.60
302.00
282.80
263.20
244.70
226.30
207.10
186.80
166.90
148.80
132.50
118.90
107.90
100.00
95.17
94.66
98.51
103.30
107.80
111.90
115.80
119.20
122.30
124.60
126.30
126.80
126.20
124.50
122.40
119.40
116.00
112.30
108.00
102.90
97.56
93.76
92.55
93.87
96.18
95.71
95.07
95.39
95.78
97.03
97.90
101.20
107.20
114.20
123.20
134.50
145.80
154.10
158.40
157.30
143.70
117.10
90.69
75.97
66.60
60.28
53.37
46.46
39.72
35.37
32.45
31.72
32.46
33.33
32.91
30.16
26.79
24.03
20.25
15.26
10.04
6.07
3.52
2.00
0.65
0.19
0.12
0.12
0.12
0.12
0.14
0.15
0.16
0.17
0.19
0.20
0.21
0.22
0.24
0.25
0.26
0.28
0.29
0.31
0.32
0.33
0.35
0.36
0.38
0.39
0.41
0.42
0.43
0.45
0.46
0.46
0.48
0.48
0.49
0.50
0.51
0.51
0.51
0.52
0.52
0.53
0.53
0.54
0.54
0.55
0.56
0.57
0.58
0.60
0.61
0.63
0.65
0.66
0.68
0.69
0.70
0.71
0.72
0.73
0.74
0.74
0.75
0.75
0.76
0.76
0.76
0.76
0.77
0.76
0.76
0.76
0.76
0.76
0.75
0.74
0.74
0.73
0.72
0.71
0.71
0.70
0.69
0.68
0.67
0.67
0.67
0.66
0.66
0.65
0.65
0.64
0.63
438.10
429.50
422.50
414.50
405.60
395.70
382.80
369.30
353.90
337.30
320.50
302.10
283.40
263.50
244.50
226.60
207.50
188.10
167.90
150.00
133.50
119.50
108.80
100.40
95.37
94.25
97.78
101.90
106.50
110.20
113.90
116.70
119.40
121.30
123.20
124.20
124.40
123.70
122.40
120.10
117.10
114.60
111.40
108.00
103.90
99.29
95.43
92.09
89.60
89.02
89.35
90.86
92.37
93.10
93.23
94.91
101.00
109.20
120.60
133.70
145.00
153.20
157.10
154.00
138.90
110.50
82.21
69.65
63.14
54.85
47.97
42.89
38.65
35.24
32.47
31.00
29.13
27.14
25.40
23.35
21.00
18.24
15.26
12.15
8.92
5.60
3.18
1.70
0.66
0.18
0.11
0.12
0.12
0.13
0.14
0.15
0.17
0.18
0.19
0.20
0.22
0.23
0.24
0.26
0.27
0.28
0.30
0.31
0.32
0.34
0.35
0.37
0.38
0.40
0.41
0.42
0.44
0.45
0.46
0.48
0.49
0.49
0.50
0.51
0.51
0.52
0.53
0.53
0.54
0.54
0.55
0.55
0.56
0.56
0.57
0.58
0.60
0.61
0.62
0.64
0.65
0.67
0.68
0.69
0.70
0.71
0.72
0.73
0.74
0.74
0.75
0.76
0.75
0.75
0.75
0.75
0.75
0.75
0.75
0.75
0.75
0.74
0.74
0.73
0.72
0.71
0.70
0.70
0.69
0.68
0.67
0.67
0.66
0.65
0.65
0.65
0.65
0.64
0.64
0.63
0.63
435.80
428.40
421.10
412.90
404.30
393.90
381.00
367.20
351.90
335.10
317.60
300.00
281.40
261.50
242.70
225.20
206.00
187.20
167.50
149.50
133.20
120.10
109.40
100.60
95.82
94.67
97.76
101.70
105.40
109.20
112.50
115.40
117.70
119.10
120.60
121.90
122.50
122.80
122.00
120.50
118.40
115.10
111.50
108.50
105.40
102.10
98.25
94.37
91.10
88.37
86.80
86.88
87.31
87.62
87.39
87.54
92.66
99.67
110.00
121.20
129.90
135.60
138.20
136.50
129.90
111.00
87.35
74.23
65.30
56.54
50.17
44.76
40.27
36.51
33.25
29.97
26.83
23.85
21.04
18.35
15.76
13.47
11.31
9.14
6.76
4.30
2.40
1.22
0.43
0.15
0.10
0.10
0.10
0.10
0.11
0.12
0.13
0.14
0.16
0.17
0.18
0.20
0.21
0.22
0.23
0.25
0.26
0.27
0.29
0.30
0.32
0.33
0.35
0.36
0.37
0.38
0.40
0.41
0.43
0.44
0.45
0.46
0.47
0.48
0.48
0.49
0.50
0.51
0.51
0.51
0.51
0.52
0.53
0.53
0.54
0.55
0.56
0.57
0.58
0.60
0.61
0.63
0.64
0.65
0.66
0.67
0.68
0.69
0.70
0.71
0.71
0.72
0.73
0.73
0.74
0.74
0.74
0.74
0.74
0.74
0.74
0.74
0.74
0.73
0.73
0.72
0.71
0.71
0.70
0.69
0.69
0.68
0.67
0.67
0.67
0.67
0.66
0.66
0.65
0.65
0.64
436.80
429.20
421.40
413.20
404.90
394.50
382.00
368.30
352.50
336.30
319.50
301.60
283.10
263.90
244.50
226.60
208.60
190.20
171.00
152.60
136.80
123.30
111.90
102.90
96.71
94.85
97.58
101.40
105.00
108.10
111.10
113.90
116.10
117.70
119.30
120.80
121.50
122.30
121.80
121.10
120.20
118.60
116.20
113.00
109.40
105.30
100.40
94.72
89.44
85.23
82.52
80.10
78.36
76.79
74.04
72.00
77.67
87.26
100.10
112.10
122.90
130.00
134.10
135.20
132.00
113.70
95.46
80.36
71.17
63.14
56.88
52.58
48.61
43.75
38.52
33.51
29.22
25.79
22.53
19.37
16.18
13.21
10.58
8.13
5.74
3.63
2.05
0.99
0.37
0.13
0.08
0.09
0.10
0.11
0.12
0.13
0.14
0.15
0.16
0.17
0.18
0.20
0.21
0.22
0.23
0.25
0.26
0.27
0.29
0.30
0.31
0.33
0.34
0.35
0.37
0.38
0.40
0.41
0.42
0.44
0.45
0.46
0.47
0.48
0.49
0.49
0.50
0.51
0.51
0.51
0.52
0.53
0.53
0.54
0.54
0.55
0.56
0.57
0.58
0.60
0.61
0.62
0.63
0.64
0.65
0.66
0.67
0.68
0.69
0.70
0.71
0.71
0.72
0.72
0.72
0.72
0.72
0.72
0.72
0.72
0.71
0.71
0.71
0.71
0.70
0.69
0.69
0.68
0.68
0.67
0.66
0.66
0.65
0.65
0.65
0.65
0.64
0.64
0.64
0.64
0.64
436.10
428.20
421.30
413.20
404.60
394.00
381.40
367.60
352.60
335.60
319.00
301.90
283.60
264.50
245.30
227.70
209.90
191.70
173.00
155.00
139.60
126.10
114.40
104.80
97.86
95.55
97.82
101.70
105.00
107.70
110.60
112.90
115.30
116.90
118.70
119.80
121.10
121.70
122.30
122.30
121.80
120.90
119.10
115.90
111.90
106.80
101.50
94.49
87.71
82.23
77.90
74.40
71.84
69.55
66.60
64.10
70.12
81.87
96.67
109.60
120.10
127.00
131.80
133.70
131.60
123.00
100.10
83.30
72.99
65.86
59.73
55.36
51.02
47.22
43.28
39.28
34.33
29.54
24.85
20.61
16.93
13.73
10.74
7.95
5.63
3.52
1.94
0.88
0.33
0.13
0.08
0.08
0.08
0.08
0.09
0.10
0.11
0.12
0.13
0.14
0.15
0.16
0.18
0.19
0.20
0.21
0.22
0.24
0.25
0.26
0.28
0.29
0.31
0.31
0.33
0.34
0.36
0.37
0.38
0.40
0.40
0.42
0.43
0.44
0.45
0.45
0.46
0.47
0.48
0.48
0.49
0.49
0.49
0.50
0.51
0.52
0.53
0.54
0.54
0.55
0.57
0.58
0.59
0.60
0.61
0.62
0.63
0.64
0.65
0.66
0.67
0.68
0.68
0.69
0.69
0.70
0.70
0.70
0.70
0.71
0.71
0.71
0.71
0.71
0.71
0.70
0.70
0.69
0.69
0.69
0.68
0.67
0.67
0.66
0.66
0.66
0.66
0.66
0.66
0.66
0.65
437.20
429.50
422.00
413.80
405.80
395.80
383.60
369.70
354.80
338.20
322.10
304.90
287.30
268.20
249.60
231.20
214.10
196.60
178.50
160.80
145.60
131.50
118.90
108.40
100.20
96.33
97.71
101.00
104.50
107.20
109.80
111.80
113.90
115.50
117.00
118.30
119.50
120.50
121.00
121.50
121.90
121.30
120.10
117.90
114.20
109.50
103.40
96.48
89.39
83.33
78.32
74.04
70.30
66.69
62.96
59.63
63.84
77.74
90.74
102.60
112.60
120.20
125.60
128.30
127.10
122.60
104.30
86.08
73.51
66.15
59.83
54.76
50.83
47.05
43.07
39.07
34.87
30.56
26.49
22.66
18.92
15.30
11.78
8.51
5.99
3.81
2.03
0.97
0.38
0.13
0.07
0.08
0.08
0.09
0.10
0.11
0.12
0.13
0.13
0.15
0.16
0.17
0.18
0.19
0.20
0.21
0.23
0.24
0.25
0.26
0.28
0.29
0.30
0.31
0.33
0.34
0.35
0.36
0.38
0.39
0.40
0.41
0.42
0.43
0.44
0.45
0.46
0.46
0.47
0.48
0.49
0.49
0.49
0.50
0.51
0.51
0.52
0.53
0.54
0.55
0.56
0.57
0.58
0.60
0.61
0.61
0.62
0.63
0.65
0.65
0.66
0.67
0.68
0.68
0.69
0.69
0.69
0.68
0.68
0.68
0.68
0.68
0.68
0.68
0.69
0.68
0.68
0.67
0.66
0.66
0.65
0.65
0.65
0.65
0.65
0.65
0.65
0.65
0.65
0.65
0.65
436.20
428.60
421.40
414.10
405.70
395.80
384.40
370.10
355.30
339.50
322.90
306.90
289.00
271.00
252.30
233.80
216.50
199.80
182.40
165.50
150.30
136.20
123.50
112.10
102.80
97.63
98.32
101.40
104.80
107.70
110.10
112.00
113.60
115.10
116.70
117.90
119.00
120.10
120.90
121.50
121.70
121.40
120.40
118.40
115.30
110.70
104.70
97.57
90.22
83.82
78.45
73.68
69.27
64.68
59.99
60.39
60.81
74.77
86.96
98.57
107.60
116.50
122.20
125.20
124.90
120.20
105.40
85.25
69.19
58.64
51.80
45.01
40.95
38.47
36.45
34.36
31.92
28.84
24.98
21.33
18.09
14.75
11.31
8.21
5.58
3.52
2.00
0.96
0.36
0.12
0.07
0.07
0.07
0.07
0.08
0.08
0.09
0.10
0.11
0.12
0.13
0.14
0.15
0.16
0.17
0.18
0.20
0.21
0.22
0.23
0.24
0.25
0.26
0.28
0.29
0.30
0.31
0.33
0.34
0.35
0.36
0.37
0.38
0.39
0.40
0.41
0.42
0.43
0.44
0.44
0.45
0.45
0.46
0.46
0.47
0.48
0.49
0.49
0.51
0.51
0.52
0.53
0.54
0.55
0.56
0.57
0.58
0.59
0.60
0.61
0.62
0.63
0.63
0.64
0.65
0.65
0.66
0.66
0.67
0.67
0.67
0.67
0.67
0.67
0.67
0.67
0.67
0.67
0.67
0.67
0.67
0.66
0.66
0.65
0.65
0.65
0.65
0.65
0.65
0.65
0.65
