SALVI
1
0
72
5.0
181
1.0
250109_4 SNAP 350 3000K CPR085 PMMA S
250109_4 SNAP CPR085 PMMA S

250109-4-SNAP-CPR085-PMMA-S.ldt
12 Juny 2025/TB
310
0
90
210
0
0
0
0
0
99.83
99.99
1.00
0.00
1
1
18 LED 5050
5441.80
3000
70
39.00
0.33
0.43
0.53
0.61
0.66
0.74
0.77
0.81
0.85
0.88
0.00
5.00
10.00
15.00
20.00
25.00
30.00
35.00
40.00
45.00
50.00
55.00
60.00
65.00
70.00
75.00
80.00
85.00
90.00
95.00
100.00
105.00
110.00
115.00
120.00
125.00
130.00
135.00
140.00
145.00
150.00
155.00
160.00
165.00
170.00
175.00
180.00
185.00
190.00
195.00
200.00
205.00
210.00
215.00
220.00
225.00
230.00
235.00
240.00
245.00
250.00
255.00
260.00
265.00
270.00
275.00
280.00
285.00
290.00
295.00
300.00
305.00
310.00
315.00
320.00
325.00
330.00
335.00
340.00
345.00
350.00
355.00
0.00
1.00
2.00
3.00
4.00
5.00
6.00
7.00
8.00
9.00
10.00
11.00
12.00
13.00
14.00
15.00
16.00
17.00
18.00
19.00
20.00
21.00
22.00
23.00
24.00
25.00
26.00
27.00
28.00
29.00
30.00
31.00
32.00
33.00
34.00
35.00
36.00
37.00
38.00
39.00
40.00
41.00
42.00
43.00
44.00
45.00
46.00
47.00
48.00
49.00
50.00
51.00
52.00
53.00
54.00
55.00
56.00
57.00
58.00
59.00
60.00
61.00
62.00
63.00
64.00
65.00
66.00
67.00
68.00
69.00
70.00
71.00
72.00
73.00
74.00
75.00
76.00
77.00
78.00
79.00
80.00
81.00
82.00
83.00
84.00
85.00
86.00
87.00
88.00
89.00
90.00
91.00
92.00
93.00
94.00
95.00
96.00
97.00
98.00
99.00
100.00
101.00
102.00
103.00
104.00
105.00
106.00
107.00
108.00
109.00
110.00
111.00
112.00
113.00
114.00
115.00
116.00
117.00
118.00
119.00
120.00
121.00
122.00
123.00
124.00
125.00
126.00
127.00
128.00
129.00
130.00
131.00
132.00
133.00
134.00
135.00
136.00
137.00
138.00
139.00
140.00
141.00
142.00
143.00
144.00
145.00
146.00
147.00
148.00
149.00
150.00
151.00
152.00
153.00
154.00
155.00
156.00
157.00
158.00
159.00
160.00
161.00
162.00
163.00
164.00
165.00
166.00
167.00
168.00
169.00
170.00
171.00
172.00
173.00
174.00
175.00
176.00
177.00
178.00
179.00
180.00
431.20
423.90
417.40
409.90
401.90
392.30
381.80
368.50
354.00
339.20
323.50
307.70
291.30
274.10
255.90
238.20
221.30
204.50
187.90
172.60
158.10
144.40
131.80
120.10
110.00
103.90
103.10
106.00
109.30
111.80
114.10
115.80
117.40
118.70
120.20
121.50
122.70
123.70
124.60
124.90
124.80
124.20
123.10
121.60
118.70
114.80
108.80
102.00
94.48
88.26
82.21
76.78
71.37
65.98
60.82
57.29
64.04
76.04
88.46
100.10
110.50
118.50
124.90
128.10
128.30
122.70
107.20
90.00
73.32
62.07
54.37
46.67
41.30
37.21
34.31
31.34
28.78
25.88
22.74
20.44
18.03
15.70
13.28
10.78
7.87
5.10
2.81
1.48
1.03
0.75
0.54
0.36
0.22
0.12
0.10
0.10
0.10
0.11
0.12
0.13
0.14
0.15
0.17
0.18
0.19
0.20
0.22
0.23
0.24
0.26
0.27
0.29
0.30
0.31
0.33
0.34
0.35
0.36
0.37
0.39
0.40
0.41
0.42
0.43
0.44
0.45
0.46
0.47
0.48
0.49
0.50
0.51
0.51
0.52
0.53
0.54
0.54
0.55
0.55
0.56
0.57
0.57
0.58
0.58
0.59
0.60
0.60
0.61
0.61
0.63
0.63
0.63
0.63
0.64
0.64
0.64
0.64
0.64
0.64
0.64
0.64
0.64
0.64
0.64
0.64
0.64
0.64
0.64
0.63
0.63
0.62
0.62
0.61
0.61
0.60
0.60
0.59
0.58
0.58
0.57
0.56
431.10
424.40
418.00
410.90
402.90
394.40
384.10
371.70
357.70
343.30
328.00
312.70
296.30
279.90
262.70
245.30
227.90
211.20
195.00
179.50
166.00
152.40
139.50
127.80
116.30
108.40
104.80
106.60
109.90
112.70
115.10
117.20
119.00
120.80
122.40
123.80
125.00
126.10
126.70
127.00
127.10
126.40
125.40
124.50
122.40
119.20
114.40
107.50
100.60
93.48
86.84
80.62
74.32
67.93
61.89
56.95
57.13
68.95
80.20
92.41
103.90
113.90
122.00
128.10
131.30
130.20
115.20
100.10
83.68
69.43
59.49
50.21
43.22
38.10
34.54
31.06
27.32
23.34
20.61
18.41
15.16
12.63
11.10
8.80
6.58
4.52
2.57
1.44
1.03
0.74
0.54
0.36
0.21
0.10
0.10
0.10
0.11
0.12
0.13
0.14
0.15
0.16
0.17
0.18
0.19
0.21
0.22
0.23
0.24
0.26
0.27
0.28
0.29
0.31
0.32
0.33
0.35
0.36
0.37
0.38
0.39
0.40
0.42
0.43
0.44
0.44
0.46
0.46
0.47
0.48
0.49
0.50
0.51
0.52
0.52
0.53
0.54
0.55
0.55
0.56
0.57
0.57
0.58
0.59
0.59
0.60
0.61
0.61
0.61
0.62
0.63
0.63
0.63
0.63
0.63
0.63
0.63
0.63
0.63
0.63
0.63
0.63
0.62
0.62
0.62
0.61
0.61
0.61
0.60
0.60
0.59
0.59
0.59
0.58
0.58
0.57
0.57
0.56
0.55
0.55
0.55
430.60
424.10
418.00
411.30
403.70
395.20
385.50
373.70
360.10
346.10
331.90
316.20
300.70
285.20
268.70
251.40
234.40
217.40
201.30
186.10
172.80
159.50
146.70
134.80
123.20
113.60
107.70
106.90
109.70
113.40
116.00
118.30
120.50
122.50
124.20
125.40
126.40
127.50
127.60
127.70
127.90
127.40
126.90
125.90
124.50
122.10
117.90
111.90
104.70
97.68
91.08
84.21
77.72
70.80
63.87
57.43
53.99
57.37
70.08
81.59
93.43
102.70
111.90
121.20
127.00
130.00
128.40
114.30
93.10
77.14
65.25
55.78
46.32
40.09
35.74
31.25
26.42
22.66
20.15
17.91
14.91
12.54
10.60
8.91
6.67
4.53
2.50
1.43
0.99
0.72
0.53
0.35
0.20
0.10
0.09
0.09
0.09
0.09
0.10
0.11
0.12
0.14
0.14
0.15
0.16
0.17
0.18
0.20
0.21
0.22
0.23
0.25
0.26
0.27
0.28
0.29
0.31
0.32
0.33
0.34
0.35
0.36
0.37
0.38
0.39
0.40
0.41
0.42
0.43
0.44
0.45
0.46
0.47
0.48
0.49
0.49
0.50
0.51
0.51
0.52
0.53
0.54
0.54
0.55
0.55
0.56
0.57
0.57
0.58
0.59
0.59
0.59
0.60
0.60
0.61
0.61
0.61
0.61
0.61
0.61
0.61
0.61
0.61
0.61
0.61
0.61
0.61
0.61
0.61
0.61
0.61
0.60
0.60
0.60
0.59
0.59
0.58
0.57
0.57
0.56
0.55
430.80
425.00
418.50
412.20
404.80
398.20
389.30
377.50
365.50
351.80
338.50
323.40
308.60
293.30
277.00
260.60
244.00
227.40
211.10
195.70
181.70
169.20
156.70
144.60
133.10
121.90
113.10
108.00
109.00
112.70
115.90
118.60
120.80
122.60
124.30
125.30
126.20
126.50
127.00
127.60
127.60
127.50
127.30
126.40
125.80
124.20
120.70
116.10
109.30
102.50
95.89
89.57
82.70
75.54
68.43
61.09
55.17
52.76
58.08
63.50
76.20
88.04
98.63
107.70
115.50
122.40
126.50
127.10
111.10
95.21
77.32
63.81
53.17
45.52
38.44
32.61
27.74
23.74
20.71
18.23
15.35
12.75
10.72
9.22
6.66
4.75
2.60
1.43
1.01
0.75
0.54
0.35
0.20
0.08
0.08
0.09
0.10
0.10
0.11
0.12
0.13
0.14
0.14
0.15
0.17
0.18
0.19
0.20
0.21
0.22
0.23
0.24
0.25
0.27
0.28
0.29
0.30
0.31
0.32
0.33
0.34
0.35
0.37
0.37
0.39
0.40
0.41
0.42
0.42
0.44
0.44
0.45
0.46
0.47
0.48
0.49
0.50
0.50
0.51
0.52
0.53
0.53
0.54
0.55
0.56
0.56
0.57
0.58
0.58
0.59
0.59
0.60
0.60
0.60
0.60
0.60
0.60
0.60
0.60
0.60
0.60
0.60
0.60
0.60
0.60
0.60
0.59
0.59
0.59
0.58
0.58
0.58
0.57
0.57
0.57
0.56
0.56
0.55
0.55
0.55
0.55
430.00
424.90
419.10
412.70
406.70
399.20
391.30
380.70
369.30
356.90
343.40
330.40
315.30
300.70
285.00
268.80
253.00
236.70
220.20
204.70
190.10
178.00
165.60
153.80
141.80
130.10
119.30
111.70
107.90
110.00
113.70
117.00
119.30
120.70
122.30
123.50
124.10
124.90
125.30
126.00
126.40
126.40
126.30
126.40
125.60
125.10
123.20
119.70
113.90
107.30
100.80
94.24
87.58
80.58
73.62
66.17
58.69
54.84
51.02
49.75
50.85
63.17
75.70
86.19
96.20
104.70
113.20
118.70
121.20
119.80
106.40
79.25
64.17
54.47
44.85
36.53
30.03
25.64
21.37
18.22
15.82
13.37
11.00
9.05
6.82
4.73
2.53
1.45
1.02
0.76
0.55
0.35
0.19
0.09
0.07
0.07
0.08
0.08
0.08
0.09
0.10
0.11
0.12
0.13
0.14
0.14
0.16
0.16
0.17
0.18
0.20
0.21
0.22
0.23
0.24
0.25
0.26
0.27
0.28
0.29
0.30
0.31
0.32
0.33
0.35
0.36
0.36
0.37
0.38
0.39
0.40
0.41
0.42
0.43
0.44
0.45
0.45
0.46
0.47
0.48
0.49
0.50
0.50
0.51
0.52
0.52
0.53
0.54
0.55
0.55
0.55
0.56
0.57
0.57
0.58
0.58
0.58
0.58
0.58
0.58
0.59
0.59
0.59
0.59
0.59
0.59
0.59
0.59
0.59
0.59
0.59
0.59
0.58
0.58
0.58
0.57
0.57
0.57
0.56
0.56
0.55
430.70
425.70
419.60
414.60
409.00
402.10
394.70
386.40
375.70
363.50
351.60
338.40
324.50
310.60
295.70
280.90
265.00
248.80
233.50
217.40
201.90
187.80
176.80
164.70
152.70
140.80
129.70
118.90
111.20
107.60
109.90
113.30
115.90
118.30
119.50
120.60
121.60
122.30
122.80
123.60
124.40
125.20
125.50
126.00
125.90
126.00
125.10
123.20
119.90
114.50
107.40
100.20
94.13
87.68
80.87
73.58
65.85
57.95
51.41
48.91
47.34
45.96
44.76
54.06
63.36
75.15
85.45
93.84
100.70
106.40
109.90
105.40
100.50
74.91
57.80
48.59
39.46
31.48
25.43
20.76
17.39
13.95
11.60
10.35
7.56
5.26
2.87
1.51
1.08
0.79
0.58
0.36
0.19
0.07
0.07
0.08
0.08
0.09
0.09
0.10
0.11
0.12
0.12
0.13
0.14
0.15
0.16
0.17
0.18
0.19
0.20
0.21
0.22
0.23
0.24
0.25
0.26
0.27
0.28
0.29
0.30
0.31
0.32
0.33
0.34
0.35
0.36
0.37
0.38
0.39
0.40
0.41
0.41
0.42
0.43
0.44
0.45
0.46
0.47
0.48
0.48
0.49
0.50
0.51
0.52
0.52
0.53
0.54
0.54
0.55
0.55
0.56
0.57
0.57
0.57
0.57
0.57
0.57
0.57
0.57
0.57
0.57
0.57
0.57
0.57
0.57
0.57
0.57
0.57
0.57
0.57
0.56
0.56
0.56
0.56
0.55
0.55
0.55
0.55
0.54
0.54
430.50
425.30
421.50
416.00
410.10
404.70
398.00
390.30
380.70
370.10
358.00
346.20
333.40
319.70
305.80
290.80
275.90
260.60
245.00
229.90
214.40
199.80
186.60
175.60
163.60
151.60
140.40
128.80
118.60
110.60
106.30
108.40
111.50
114.20
115.80
117.00
118.10
119.10
119.60
120.60
121.40
122.40
123.60
124.60
125.70
126.70
127.10
127.20
125.70
121.40
115.20
107.20
99.50
92.96
86.72
79.98
73.00
65.23
57.04
49.72
46.19
44.38
42.87
41.15
39.74
38.48
40.75
51.89
63.19
72.22
79.83
85.30
88.07
88.58
84.64
70.13
50.11
37.70
31.84
25.22
21.21
17.52
13.05
10.40
7.82
5.32
2.47
1.56
1.09
0.80
0.58
0.35
0.19
0.08
0.07
0.07
0.07
0.07
0.08
0.08
0.09
0.09
0.10
0.11
0.11
0.12
0.13
0.14
0.15
0.16
0.16
0.17
0.18
0.20
0.20
0.21
0.22
0.23
0.24
0.25
0.26
0.27
0.28
0.29
0.30
0.32
0.32
0.33
0.34
0.35
0.35
0.37
0.37
0.38
0.39
0.40
0.41
0.42
0.43
0.44
0.44
0.45
0.46
0.47
0.48
0.49
0.49
0.50
0.51
0.51
0.52
0.52
0.53
0.54
0.54
0.54
0.55
0.55
0.55
0.55
0.56
0.56
0.56
0.56
0.56
0.56
0.56
0.56
0.56
0.56
0.56
0.56
0.56
0.56
0.56
0.56
0.56
0.56
0.56
0.56
0.55
430.30
426.50
422.00
417.40
412.80
407.90
402.20
395.40
387.70
378.50
367.60
356.10
344.20
331.70
317.90
304.40
290.40
275.70
261.10
245.90
231.00
216.60
201.70
188.50
177.20
166.00
154.30
142.60
131.30
120.60
111.60
105.50
105.50
108.00
110.40
112.10
113.50
114.80
116.60
117.90
119.40
120.50
121.70
122.60
123.50
124.50
125.10
125.50
125.30
124.10
120.10
114.30
107.00
99.79
93.39
87.43
80.74
72.72
64.83
56.69
48.84
43.13
40.63
39.02
37.65
36.13
34.53
32.88
31.10
29.50
29.38
34.92
43.41
50.56
53.18
55.61
56.73
52.50
45.86
35.09
24.94
18.80
14.46
11.87
7.88
5.46
2.58
1.59
1.12
0.82
0.59
0.37
0.18
0.07
0.07
0.07
0.08
0.08
0.09
0.09
0.09
0.10
0.11
0.12
0.12
0.13
0.14
0.14
0.15
0.16
0.17
0.18
0.19
0.19
0.20
0.21
0.22
0.23
0.24
0.25
0.26
0.27
0.28
0.29
0.30
0.31
0.32
0.33
0.33
0.34
0.35
0.36
0.37
0.38
0.39
0.40
0.40
0.41
0.42
0.43
0.44
0.45
0.45
0.46
0.47
0.48
0.49
0.49
0.50
0.51
0.52
0.52
0.53
0.53
0.54
0.54
0.55
0.55
0.55
0.55
0.55
0.55
0.55
0.55
0.55
0.55
0.55
0.55
0.55
0.55
0.55
0.55
0.55
0.55
0.55
0.55
0.55
0.55
0.55
0.55
0.55
430.50
427.10
423.20
418.90
414.50
411.00
405.60
399.80
393.00
385.40
375.60
365.20
353.90
342.70
330.50
317.40
304.30
290.40
276.50
262.50
248.10
233.70
219.00
205.30
190.90
179.10
168.30
156.70
145.20
134.20
123.50
113.60
106.30
102.80
104.20
106.20
109.00
111.50
113.00
113.70
114.70
116.00
117.60
119.40
121.20
122.30
122.90
122.90
122.20
119.90
117.50
114.80
109.80
102.90
95.59
87.92
81.15
74.75
67.94
61.13
54.00
46.87
40.63
37.14
35.47
34.19
32.76
31.12
29.34
27.59
25.88
24.21
22.48
20.77
19.52
18.94
21.19
24.89
26.72
27.95
25.72
24.27
18.21
12.86
8.56
5.38
2.28
1.52
1.09
0.79
0.57
0.35
0.17
0.07
0.06
0.06
0.06
0.06
0.06
0.07
0.08
0.08
0.09
0.09
0.10
0.10
0.11
0.12
0.12
0.14
0.14
0.14
0.15
0.16
0.17
0.18
0.19
0.20
0.20
0.21
0.22
0.23
0.24
0.25
0.26
0.27
0.28
0.29
0.29
0.31
0.31
0.32
0.33
0.34
0.35
0.35
0.37
0.37
0.38
0.39
0.40
0.40
0.42
0.42
0.43
0.44
0.45
0.46
0.46
0.47
0.48
0.48
0.49
0.50
0.50
0.51
0.51
0.52
0.52
0.52
0.53
0.53
0.53
0.54
0.54
0.54
0.54
0.54
0.54
0.54
0.54
0.55
0.54
0.54
0.55
0.55
0.55
0.55
0.55
0.55
0.55
430.50
427.30
424.20
420.90
417.90
414.20
409.50
405.00
400.10
393.60
385.80
376.20
366.90
355.60
345.30
332.50
321.00
308.30
295.10
282.20
268.90
254.80
241.10
226.90
212.30
198.30
184.80
173.40
162.30
151.10
140.10
129.70
119.40
109.70
102.70
100.30
101.90
104.30
106.20
108.30
110.50
112.90
114.50
115.70
116.60
116.80
116.40
114.90
113.00
111.20
109.90
107.80
105.60
101.10
94.50
86.76
79.17
72.64
66.59
60.86
54.92
49.62
44.58
39.75
35.69
33.03
31.50
30.02
28.29
26.68
25.28
24.06
22.89
21.07
19.63
17.99
16.60
15.30
13.92
12.69
11.00
9.98
8.73
8.44
7.72
5.33
1.97
1.39
1.06
0.78
0.57
0.35
0.17
0.06
0.06
0.07
0.07
0.07
0.08
0.08
0.09
0.09
0.10
0.10
0.11
0.12
0.12
0.13
0.13
0.14
0.15
0.15
0.16
0.17
0.17
0.18
0.19
0.20
0.20
0.21
0.22
0.23
0.24
0.25
0.26
0.27
0.27
0.28
0.29
0.30
0.31
0.32
0.33
0.34
0.35
0.35
0.36
0.37
0.38
0.39
0.39
0.40
0.41
0.42
0.42
0.43
0.44
0.45
0.46
0.47
0.47
0.48
0.49
0.49
0.50
0.51
0.51
0.52
0.52
0.52
0.53
0.53
0.53
0.54
0.54
0.54
0.55
0.55
0.55
0.55
0.55
0.55
0.55
0.55
0.55
0.55
0.55
0.55
0.55
0.55
0.55
430.10
427.90
425.40
422.70
420.50
417.30
414.30
410.40
406.30
400.80
393.70
386.70
378.20
369.00
359.10
348.40
337.10
325.40
313.40
301.80
289.00
276.30
263.10
249.50
235.90
221.50
207.00
193.10
180.10
169.10
158.50
147.60
136.60
126.00
116.30
107.60
100.80
97.60
98.99
102.00
104.80
107.20
108.40
108.90
108.80
107.70
106.60
104.90
103.40
102.40
101.30
99.35
96.13
91.61
86.24
80.44
74.09
67.74
61.81
56.99
52.17
48.04
44.17
40.33
36.96
33.98
31.27
29.21
27.29
25.65
24.13
22.95
21.71
20.49
19.11
17.62
16.12
14.73
13.83
12.57
11.18
9.47
7.96
6.36
4.66
2.88
1.68
1.30
1.01
0.76
0.55
0.34
0.16
0.07
0.06
0.06
0.06
0.06
0.06
0.06
0.07
0.08
0.08
0.08
0.08
0.09
0.10
0.10
0.11
0.11
0.12
0.12
0.13
0.14
0.14
0.15
0.16
0.16
0.17
0.18
0.19
0.19
0.20
0.21
0.22
0.23
0.24
0.25
0.26
0.27
0.27
0.28
0.29
0.30
0.31
0.31
0.32
0.33
0.34
0.35
0.36
0.36
0.37
0.38
0.39
0.40
0.41
0.41
0.42
0.43
0.44
0.44
0.45
0.46
0.46
0.47
0.48
0.48
0.49
0.49
0.50
0.50
0.51
0.51
0.51
0.52
0.52
0.52
0.52
0.53
0.53
0.53
0.54
0.54
0.54
0.54
0.54
0.54
0.54
0.54
0.54
430.40
428.80
426.90
425.20
423.80
421.40
418.80
415.90
412.10
408.80
403.70
397.00
390.50
382.90
374.80
365.70
355.30
345.40
334.70
324.20
312.50
300.90
288.70
276.50
263.60
250.20
236.40
222.60
208.20
194.60
180.70
168.70
158.10
147.20
136.50
127.40
118.10
110.00
102.00
96.90
96.29
97.49
99.13
100.00
99.81
98.34
96.57
95.22
94.56
94.15
92.77
90.24
86.86
82.47
77.97
73.95
69.60
64.51
59.01
53.89
49.18
44.88
41.15
37.99
35.45
33.42
31.45
29.49
27.50
25.73
24.26
22.75
21.34
20.14
18.85
17.74
16.29
14.63
12.74
10.86
9.44
8.15
6.88
5.65
4.33
2.95
1.77
1.36
1.07
0.80
0.58
0.36
0.17
0.06
0.07
0.07
0.07
0.07
0.08
0.08
0.08
0.09
0.09
0.10
0.10
0.10
0.11
0.11
0.12
0.12
0.13
0.13
0.14
0.14
0.15
0.16
0.16
0.17
0.18
0.18
0.19
0.20
0.21
0.21
0.22
0.23
0.24
0.25
0.26
0.27
0.27
0.28
0.29
0.30
0.30
0.31
0.32
0.33
0.34
0.35
0.36
0.36
0.37
0.38
0.39
0.40
0.40
0.41
0.42
0.42
0.43
0.44
0.45
0.46
0.46
0.47
0.48
0.49
0.49
0.50
0.50
0.51
0.51
0.52
0.52
0.53
0.53
0.53
0.53
0.54
0.54
0.55
0.54
0.54
0.54
0.54
0.54
0.54
0.54
0.54
0.54
430.10
428.90
428.50
427.20
426.10
425.40
422.90
421.80
418.40
415.90
412.30
407.50
402.50
396.00
389.00
381.70
373.10
364.80
354.70
345.30
335.50
324.50
314.00
302.30
290.40
278.10
265.40
252.80
239.10
225.90
212.30
197.90
184.30
171.30
159.70
149.30
139.20
130.20
121.70
113.30
105.60
99.45
95.39
93.44
91.77
90.14
88.56
87.90
86.88
85.50
83.11
80.15
76.78
72.65
68.83
66.06
62.06
57.19
52.87
48.58
44.43
41.14
38.22
35.74
33.67
31.69
29.95
28.32
26.69
25.07
23.56
22.02
20.55
19.32
18.35
17.01
15.50
13.56
11.70
10.34
9.12
7.98
6.59
5.36
4.00
2.88
1.72
1.36
1.07
0.80
0.58
0.35
0.16
0.07
0.07
0.06
0.06
0.06
0.06
0.07
0.07
0.07
0.08
0.08
0.08
0.08
0.09
0.09
0.10
0.10
0.10
0.11
0.11
0.12
0.13
0.14
0.14
0.14
0.15
0.16
0.16
0.17
0.18
0.18
0.19
0.20
0.21
0.21
0.22
0.23
0.24
0.25
0.25
0.26
0.27
0.28
0.29
0.30
0.31
0.31
0.32
0.33
0.34
0.35
0.35
0.36
0.37
0.38
0.38
0.39
0.40
0.41
0.42
0.42
0.43
0.44
0.44
0.45
0.46
0.46
0.47
0.47
0.48
0.48
0.49
0.50
0.50
0.50
0.51
0.51
0.52
0.52
0.53
0.53
0.53
0.53
0.54
0.54
0.54
0.54
0.54
430.10
430.00
430.10
429.60
429.40
429.20
429.00
427.70
425.10
423.20
420.90
417.50
413.10
409.70
404.30
397.50
391.90
384.10
376.60
368.20
359.50
350.30
340.80
330.50
319.90
308.90
297.60
286.00
273.90
261.50
249.00
235.00
222.00
208.50
194.90
181.80
168.70
155.60
144.10
135.20
127.50
119.80
111.80
103.70
96.36
90.84
87.30
84.95
82.38
79.83
77.56
74.99
71.89
67.92
64.29
61.25
57.38
52.35
48.28
44.83
41.69
39.17
37.13
35.06
33.10
31.29
29.58
28.02
26.36
24.70
23.20
21.91
20.61
19.49
18.16
16.67
15.23
13.55
12.11
10.67
9.40
8.21
6.78
5.51
4.20
2.97
1.79
1.41
1.11
0.84
0.61
0.37
0.17
0.07
0.07
0.07
0.07
0.08
0.08
0.08
0.08
0.09
0.09
0.10
0.10
0.10
0.10
0.10
0.11
0.12
0.12
0.12
0.13
0.13
0.14
0.14
0.15
0.15
0.16
0.16
0.17
0.18
0.18
0.19
0.20
0.20
0.21
0.22
0.23
0.24
0.25
0.25
0.26
0.27
0.28
0.28
0.29
0.30
0.31
0.31
0.32
0.33
0.34
0.35
0.36
0.36
0.37
0.38
0.39
0.39
0.40
0.41
0.42
0.42
0.43
0.44
0.45
0.46
0.46
0.47
0.48
0.48
0.49
0.50
0.50
0.51
0.51
0.52
0.52
0.53
0.53
0.54
0.54
0.54
0.55
0.55
0.55
0.55
0.55
0.55
0.55
430.10
430.50
431.70
431.90
432.30
432.50
432.80
432.20
431.80
430.50
429.60
427.00
423.80
420.40
417.10
412.60
407.90
402.30
396.50
389.20
381.60
374.10
365.90
357.00
347.60
338.00
328.10
317.40
307.20
295.70
284.00
271.60
259.20
246.20
233.30
220.80
207.90
194.90
182.20
169.40
157.80
146.00
134.90
125.00
117.40
110.30
103.00
96.37
90.59
86.00
82.07
78.32
74.32
70.24
66.25
62.58
57.90
52.90
47.90
44.83
42.34
40.03
38.25
36.44
34.36
32.28
30.44
28.81
27.47
26.21
25.01
23.72
22.02
20.33
18.70
16.95
15.34
13.92
12.35
11.01
9.60
8.49
7.02
5.77
4.34
3.05
1.78
1.42
1.12
0.85
0.62
0.37
0.17
0.07
0.07
0.07
0.07
0.07
0.07
0.07
0.07
0.07
0.07
0.08
0.08
0.08
0.08
0.09
0.09
0.09
0.10
0.10
0.10
0.11
0.12
0.12
0.12
0.13
0.13
0.14
0.14
0.15
0.16
0.16
0.17
0.18
0.18
0.19
0.20
0.21
0.21
0.22
0.23
0.24
0.25
0.25
0.26
0.27
0.28
0.28
0.29
0.30
0.31
0.31
0.32
0.33
0.34
0.35
0.35
0.36
0.37
0.38
0.38
0.39
0.40
0.41
0.42
0.42
0.43
0.44
0.45
0.45
0.46
0.47
0.48
0.48
0.48
0.49
0.50
0.50
0.51
0.51
0.52
0.52
0.53
0.53
0.54
0.54
0.54
0.54
0.55
430.20
431.80
432.40
433.20
435.40
437.10
437.60
438.80
439.60
439.30
438.30
437.40
435.30
433.10
430.20
426.90
423.90
419.20
414.60
409.40
403.20
397.40
390.70
384.30
375.70
367.70
358.60
349.10
339.70
329.90
319.00
307.80
296.40
285.00
273.40
261.70
249.80
237.70
225.90
214.20
202.70
190.40
178.60
166.90
154.90
143.60
132.70
122.60
114.90
107.10
99.44
95.10
90.61
85.62
80.52
75.26
70.20
65.06
59.99
55.39
52.14
48.48
44.86
42.18
40.14
38.10
35.65
32.78
30.30
27.65
25.47
23.43
21.78
20.35
18.78
17.52
16.29
14.82
13.40
12.11
10.80
9.55
7.92
6.32
4.90
3.32
1.89
1.49
1.20
0.91
0.67
0.41
0.19
0.07
0.07
0.07
0.07
0.08
0.08
0.08
0.08
0.09
0.09
0.09
0.10
0.10
0.10
0.10
0.11
0.11
0.11
0.12
0.12
0.12
0.13
0.13
0.14
0.14
0.15
0.15
0.16
0.16
0.17
0.17
0.18
0.18
0.19
0.20
0.21
0.21
0.22
0.23
0.24
0.24
0.25
0.26
0.27
0.27
0.28
0.29
0.29
0.30
0.31
0.32
0.33
0.33
0.34
0.35
0.36
0.37
0.37
0.38
0.39
0.40
0.40
0.41
0.42
0.43
0.44
0.44
0.45
0.46
0.47
0.47
0.48
0.49
0.49
0.50
0.51
0.51
0.52
0.53
0.53
0.54
0.54
0.55
0.55
0.55
0.55
0.55
0.55
430.10
431.60
434.30
435.90
438.90
440.30
443.60
445.00
445.90
446.60
447.40
447.90
446.90
445.20
443.20
441.50
438.50
435.10
431.00
427.30
422.50
416.80
410.60
405.00
398.20
390.80
383.00
376.10
368.10
359.40
350.20
340.20
330.30
320.30
309.70
298.80
287.90
277.20
266.20
255.20
244.00
232.80
221.70
210.00
198.50
187.50
176.80
166.40
156.10
147.10
139.10
131.70
125.20
117.80
111.10
104.60
98.06
92.22
85.83
78.90
71.82
65.02
58.47
54.05
49.66
46.10
41.80
37.17
32.58
28.95
25.94
23.88
22.40
21.05
20.06
18.67
17.14
15.42
14.46
12.63
11.24
9.69
8.12
6.43
4.78
3.48
1.94
1.53
1.21
0.94
0.68
0.41
0.18
0.07
0.07
0.07
0.07
0.07
0.07
0.07
0.07
0.07
0.07
0.08
0.08
0.08
0.08
0.09
0.09
0.09
0.10
0.10
0.10
0.11
0.11
0.11
0.12
0.12
0.13
0.13
0.13
0.14
0.15
0.15
0.16
0.16
0.16
0.17
0.18
0.19
0.19
0.20
0.21
0.22
0.22
0.23
0.24
0.25
0.25
0.26
0.27
0.27
0.28
0.29
0.30
0.30
0.31
0.32
0.33
0.34
0.34
0.35
0.36
0.37
0.37
0.38
0.39
0.40
0.41
0.42
0.42
0.43
0.44
0.45
0.46
0.46
0.47
0.48
0.48
0.49
0.50
0.51
0.51
0.52
0.53
0.53
0.54
0.54
0.55
0.55
0.55
430.30
432.30
435.50
438.00
441.70
444.90
447.90
450.20
452.70
455.50
456.50
457.40
457.40
457.80
456.50
455.80
453.60
451.30
448.20
444.60
441.60
437.50
432.40
426.30
419.60
413.10
405.60
398.70
391.80
384.50
375.50
367.00
358.00
349.20
340.80
331.00
321.40
312.10
301.90
292.10
282.10
271.70
261.10
250.60
240.40
230.50
221.80
213.30
206.80
201.60
196.10
190.40
184.00
176.30
167.90
159.00
148.90
137.00
125.50
114.40
103.30
92.71
82.71
73.94
65.68
58.46
51.60
45.60
40.44
35.73
31.26
27.22
24.74
22.32
20.37
18.62
17.01
15.37
13.96
12.24
11.08
9.86
8.12
6.92
5.09
3.74
2.02
1.62
1.31
1.01
0.75
0.45
0.20
0.07
0.07
0.07
0.07
0.08
0.08
0.08
0.08
0.09
0.09
0.09
0.10
0.10
0.10
0.10
0.10
0.11
0.11
0.11
0.12
0.12
0.12
0.13
0.13
0.13
0.14
0.14
0.15
0.15
0.16
0.16
0.17
0.17
0.18
0.18
0.19
0.20
0.20
0.21
0.22
0.23
0.23
0.24
0.25
0.25
0.26
0.27
0.27
0.28
0.29
0.30
0.30
0.31
0.32
0.33
0.34
0.34
0.35
0.36
0.37
0.37
0.38
0.39
0.40
0.41
0.42
0.43
0.44
0.45
0.45
0.46
0.47
0.48
0.49
0.49
0.50
0.51
0.51
0.52
0.53
0.54
0.54
0.55
0.56
0.56
0.56
0.56
0.56
430.30
433.60
436.50
440.50
444.60
449.20
452.80
456.40
459.50
463.00
465.50
467.90
469.10
470.40
470.20
470.30
469.50
466.70
464.10
461.60
459.20
455.90
451.70
447.80
441.40
435.10
428.40
422.50
415.20
408.30
400.90
392.90
385.80
377.80
369.80
360.80
352.50
343.30
334.00
325.50
315.60
306.10
297.20
288.30
280.20
273.30
268.80
266.40
264.00
262.00
259.10
256.00
249.80
241.50
229.00
214.60
200.40
185.50
169.60
154.30
138.90
124.00
111.00
98.26
86.45
74.50
64.18
56.25
48.36
42.76
36.89
31.76
27.93
24.59
21.89
19.82
17.94
16.00
14.07
12.38
11.13
9.78
8.45
7.09
5.23
3.64
2.08
1.69
1.36
1.05
0.76
0.45
0.19
0.07
0.07
0.07
0.07
0.07
0.07
0.07
0.07
0.07
0.07
0.07
0.08
0.08
0.08
0.08
0.09
0.09
0.09
0.09
0.10
0.10
0.10
0.11
0.11
0.11
0.12
0.12
0.13
0.13
0.14
0.14
0.14
0.15
0.15
0.16
0.17
0.17
0.18
0.18
0.19
0.20
0.20
0.21
0.22
0.23
0.23
0.24
0.25
0.25
0.26
0.27
0.28
0.28
0.29
0.30
0.31
0.31
0.32
0.33
0.34
0.35
0.36
0.37
0.37
0.38
0.39
0.40
0.41
0.42
0.42
0.44
0.45
0.45
0.46
0.47
0.48
0.48
0.49
0.50
0.51
0.52
0.52
0.53
0.54
0.55
0.55
0.56
0.56
430.20
433.60
437.80
442.50
447.40
452.00
457.70
461.80
466.00
470.40
474.20
477.70
480.30
482.60
483.90
484.70
484.80
484.50
482.70
480.70
478.30
475.70
473.10
469.30
463.70
458.40
452.90
447.30
441.90
435.70
429.10
422.80
415.60
409.00
402.20
395.00
387.50
379.60
371.40
363.30
355.30
347.50
340.00
334.40
329.80
329.20
329.90
332.90
337.20
342.00
344.80
342.90
334.40
321.30
306.00
287.30
266.20
244.70
222.80
200.80
179.80
160.30
141.70
123.50
107.70
91.85
78.34
66.73
57.16
49.06
41.91
35.60
31.02
27.04
23.31
20.89
18.84
16.29
14.36
12.78
11.21
9.80
8.21
6.90
5.43
3.83
2.16
1.76
1.45
1.13
0.85
0.51
0.22
0.06
0.07
0.07
0.07
0.08
0.08
0.08
0.08
0.08
0.09
0.09
0.09
0.09
0.10
0.10
0.10
0.11
0.11
0.11
0.11
0.12
0.12
0.12
0.13
0.13
0.13
0.14
0.14
0.15
0.15
0.16
0.16
0.16
0.17
0.17
0.18
0.18
0.19
0.20
0.20
0.21
0.22
0.22
0.23
0.24
0.24
0.25
0.26
0.26
0.27
0.28
0.29
0.29
0.30
0.31
0.32
0.32
0.33
0.34
0.35
0.36
0.37
0.37
0.38
0.39
0.40
0.41
0.42
0.43
0.44
0.45
0.46
0.47
0.47
0.48
0.49
0.50
0.51
0.52
0.52
0.54
0.54
0.55
0.56
0.57
0.57
0.57
0.57
430.30
434.70
439.50
445.10
450.20
455.90
462.40
467.80
473.20
478.10
484.10
487.80
492.30
496.00
497.60
499.50
501.90
501.90
500.50
499.80
497.90
496.10
494.70
491.10
486.50
482.40
478.30
473.80
469.10
462.90
458.20
453.10
446.70
440.50
434.80
427.60
421.00
413.90
406.50
399.10
392.90
387.60
382.30
379.90
381.70
387.10
395.70
407.80
421.80
436.20
446.10
445.30
435.40
424.60
408.40
382.20
354.90
327.80
303.00
276.50
249.80
223.20
196.70
170.10
145.30
122.20
100.70
83.70
69.29
57.26
46.91
39.04
33.69
28.90
25.14
22.36
19.98
17.54
15.16
13.03
11.25
9.95
8.32
6.98
5.57
3.82
2.22
1.81
1.49
1.17
0.87
0.52
0.21
0.07
0.07
0.07
0.07
0.07
0.07
0.07
0.07
0.07
0.07
0.07
0.08
0.08
0.08
0.08
0.08
0.09
0.09
0.09
0.10
0.10
0.10
0.10
0.11
0.11
0.11
0.12
0.12
0.12
0.13
0.13
0.14
0.14
0.15
0.15
0.16
0.16
0.17
0.17
0.18
0.18
0.19
0.20
0.20
0.21
0.22
0.22
0.23
0.24
0.25
0.25
0.26
0.27
0.27
0.28
0.29
0.30
0.31
0.31
0.32
0.33
0.34
0.35
0.36
0.37
0.37
0.38
0.40
0.40
0.42
0.42
0.44
0.44
0.45
0.46
0.47
0.48
0.49
0.50
0.50
0.52
0.52
0.53
0.54
0.55
0.56
0.57
0.57
429.80
435.10
440.40
446.50
452.40
459.50
466.50
472.50
479.40
485.70
490.90
496.70
502.10
506.40
510.50
513.50
517.20
518.60
519.10
518.30
517.20
516.10
515.80
513.40
509.60
505.80
503.50
499.00
495.00
491.60
486.70
481.10
476.10
470.80
465.30
459.80
454.60
449.60
443.70
438.10
433.50
430.50
428.60
430.30
436.70
448.30
464.90
487.00
513.80
541.60
562.70
573.60
564.80
554.90
555.10
536.10
509.30
485.80
465.20
440.70
413.50
381.90
347.00
306.50
261.80
219.30
181.80
150.30
121.60
92.94
74.04
59.35
48.39
38.59
31.24
26.17
22.69
19.70
17.22
15.04
12.76
11.10
9.31
7.78
5.95
4.23
2.36
1.92
1.60
1.27
0.95
0.57
0.24
0.06
0.07
0.07
0.07
0.07
0.08
0.08
0.08
0.08
0.09
0.09
0.09
0.09
0.10
0.10
0.10
0.10
0.11
0.11
0.11
0.12
0.12
0.12
0.12
0.13
0.13
0.13
0.14
0.14
0.15
0.15
0.15
0.16
0.16
0.17
0.17
0.18
0.18
0.19
0.19
0.20
0.20
0.21
0.22
0.23
0.23
0.24
0.24
0.25
0.25
0.26
0.27
0.28
0.29
0.29
0.30
0.31
0.32
0.33
0.34
0.34
0.35
0.36
0.37
0.38
0.39
0.40
0.41
0.42
0.43
0.44
0.45
0.46
0.47
0.48
0.49
0.49
0.50
0.52
0.53
0.53
0.54
0.55
0.56
0.57
0.58
0.58
0.58
429.90
435.60
442.00
448.40
455.00
462.40
470.40
477.60
485.30
492.40
499.30
505.80
511.80
517.30
522.70
526.90
530.90
534.20
536.40
536.90
536.90
535.70
536.00
535.40
532.70
530.20
526.50
524.50
521.50
518.30
514.50
509.70
505.50
501.00
496.60
492.70
489.50
485.30
481.20
477.40
475.00
474.70
475.60
479.90
489.10
504.70
524.60
551.10
586.80
626.20
665.00
693.90
703.70
687.30
678.50
683.20
658.60
621.70
593.30
563.00
523.90
478.50
426.60
368.20
307.60
254.60
209.50
167.10
132.30
107.60
87.94
71.93
60.03
49.72
39.42
32.32
26.78
22.28
19.40
17.81
15.78
13.38
11.07
8.71
6.32
4.27
2.45
1.99
1.66
1.31
0.98
0.58
0.23
0.07
0.07
0.07
0.07
0.07
0.07
0.07
0.07
0.07
0.07
0.08
0.08
0.08
0.08
0.08
0.08
0.08
0.09
0.09
0.10
0.10
0.10
0.10
0.11
0.11
0.11
0.12
0.12
0.12
0.12
0.13
0.14
0.14
0.14
0.14
0.15
0.16
0.16
0.17
0.17
0.18
0.18
0.19
0.19
0.20
0.21
0.22
0.22
0.23
0.23
0.24
0.25
0.25
0.26
0.27
0.28
0.29
0.29
0.30
0.31
0.32
0.33
0.34
0.35
0.36
0.36
0.38
0.39
0.40
0.40
0.42
0.43
0.44
0.45
0.46
0.46
0.47
0.48
0.50
0.51
0.51
0.53
0.54
0.55
0.55
0.57
0.57
0.58
429.70
435.80
442.50
448.80
457.10
464.90
473.20
481.50
490.30
498.00
505.70
512.70
520.10
526.70
532.70
537.90
543.70
547.70
551.60
553.20
554.50
554.60
554.40
554.70
553.30
551.90
551.50
550.10
548.30
546.60
543.70
540.70
537.40
533.40
529.60
525.50
524.40
522.90
519.50
516.00
514.50
514.30
515.50
519.20
526.60
540.20
560.40
586.00
617.90
662.60
712.60
759.90
799.60
814.30
795.80
782.30
773.30
737.70
692.50
651.50
608.80
558.60
494.40
423.00
349.40
284.40
230.50
181.30
147.70
123.40
104.90
86.33
72.20
58.47
47.68
38.86
32.02
26.29
22.54
19.72
17.83
15.73
13.17
9.69
7.66
4.94
2.62
2.12
1.77
1.41
1.05
0.62
0.27
0.07
0.07
0.07
0.07
0.08
0.08
0.08
0.08
0.08
0.09
0.09
0.09
0.10
0.10
0.10
0.10
0.10
0.11
0.11
0.11
0.11
0.12
0.12
0.12
0.13
0.13
0.13
0.13
0.14
0.14
0.14
0.15
0.15
0.16
0.16
0.16
0.17
0.17
0.18
0.18
0.19
0.20
0.20
0.21
0.22
0.22
0.23
0.23
0.24
0.25
0.25
0.26
0.27
0.28
0.28
0.29
0.30
0.31
0.31
0.33
0.33
0.34
0.35
0.36
0.37
0.38
0.39
0.40
0.41
0.42
0.43
0.44
0.45
0.46
0.47
0.48
0.49
0.50
0.51
0.52
0.53
0.54
0.55
0.56
0.57
0.58
0.58
0.58
430.00
436.60
443.40
451.30
459.80
468.10
476.90
485.70
494.50
503.20
512.40
520.60
528.00
535.10
542.70
548.80
554.40
560.30
565.50
568.20
570.00
571.90
572.20
573.70
574.20
575.00
575.20
576.20
576.50
575.90
574.00
571.00
567.90
564.70
560.60
556.40
555.30
554.10
550.90
547.00
545.50
545.20
545.60
548.90
554.50
564.50
580.90
603.10
630.20
664.80
709.90
763.20
822.20
870.40
889.30
873.40
856.50
835.10
784.70
722.70
669.20
612.50
547.80
470.80
386.70
309.30
242.60
195.20
162.00
138.20
118.70
103.00
85.37
70.01
57.64
46.23
37.14
30.15
25.57
21.65
19.18
17.45
15.27
10.87
8.03
5.22
2.77
2.18
1.82
1.45
1.08
0.64
0.25
0.07
0.07
0.07
0.07
0.07
0.07
0.07
0.07
0.07
0.07
0.07
0.08
0.08
0.08
0.08
0.08
0.09
0.09
0.09
0.10
0.10
0.10
0.10
0.10
0.11
0.11
0.11
0.12
0.12
0.12
0.13
0.13
0.13
0.14
0.14
0.14
0.15
0.15
0.16
0.17
0.17
0.17
0.18
0.19
0.19
0.20
0.21
0.21
0.22
0.23
0.23
0.24
0.25
0.25
0.26
0.27
0.28
0.29
0.30
0.30
0.31
0.32
0.33
0.34
0.35
0.36
0.37
0.38
0.39
0.40
0.41
0.42
0.43
0.44
0.45
0.46
0.47
0.48
0.49
0.51
0.51
0.53
0.54
0.55
0.55
0.57
0.58
0.58
430.00
436.90
444.20
451.30
460.50
469.60
478.80
487.80
497.50
507.70
516.00
524.50
533.20
541.20
549.40
557.20
563.90
569.80
576.70
581.30
584.20
587.70
589.50
591.50
594.00
596.20
598.50
600.50
600.30
600.30
600.80
599.10
595.90
592.20
588.70
584.10
581.10
579.50
576.70
572.40
569.60
567.70
566.20
567.20
568.90
574.80
584.10
594.20
614.30
641.50
673.70
711.80
768.20
835.60
888.80
919.10
909.00
884.20
850.70
781.60
709.50
654.40
594.00
515.50
421.70
326.30
252.50
204.00
171.40
148.70
128.50
110.30
92.26
75.29
64.92
54.84
43.94
35.65
29.61
25.44
21.31
19.26
16.07
13.71
9.63
6.15
2.99
2.25
1.89
1.49
1.11
0.67
0.29
0.07
0.07
0.07
0.07
0.08
0.08
0.08
0.09
0.09
0.09
0.09
0.10
0.10
0.10
0.10
0.10
0.11
0.11
0.11
0.12
0.12
0.12
0.12
0.12
0.12
0.13
0.13
0.13
0.14
0.14
0.14
0.15
0.15
0.15
0.16
0.16
0.17
0.17
0.18
0.18
0.18
0.19
0.19
0.20
0.21
0.21
0.22
0.23
0.24
0.24
0.25
0.25
0.26
0.27
0.28
0.29
0.29
0.30
0.31
0.32
0.33
0.34
0.35
0.36
0.37
0.37
0.39
0.40
0.41
0.42
0.43
0.44
0.45
0.46
0.47
0.48
0.49
0.50
0.51
0.52
0.53
0.55
0.55
0.57
0.58
0.59
0.59
0.59
429.90
437.70
444.70
453.00
462.30
471.70
481.30
490.90
501.40
511.10
520.40
529.40
537.40
546.10
555.30
563.20
571.90
578.20
584.90
591.90
596.30
600.80
605.90
609.10
611.00
614.70
616.50
618.80
619.50
622.00
620.80
620.10
618.30
614.70
610.60
605.80
603.20
601.50
597.20
592.00
587.00
582.40
581.00
579.80
580.40
581.40
585.40
590.60
597.80
610.80
633.10
664.00
698.80
749.10
807.60
858.30
892.40
883.70
851.50
792.70
716.20
639.20
564.00
466.60
351.10
270.80
215.50
177.60
149.30
127.60
115.30
96.83
78.88
67.04
59.10
51.15
43.20
36.78
30.99
26.04
22.05
18.88
16.21
13.18
9.93
6.54
2.97
2.24
1.87
1.49
1.10
0.65
0.26
0.07
0.07
0.07
0.07
0.07
0.07
0.07
0.07
0.08
0.08
0.08
0.08
0.08
0.08
0.08
0.09
0.09
0.09
0.10
0.10
0.10
0.10
0.10
0.10
0.11
0.11
0.12
0.12
0.12
0.12
0.12
0.13
0.13
0.14
0.14
0.14
0.15
0.15
0.16
0.16
0.16
0.17
0.18
0.18
0.19
0.20
0.20
0.21
0.22
0.22
0.23
0.23
0.24
0.25
0.26
0.26
0.28
0.28
0.29
0.30
0.31
0.32
0.33
0.34
0.35
0.36
0.37
0.38
0.39
0.40
0.41
0.42
0.43
0.44
0.45
0.46
0.47
0.48
0.49
0.51
0.52
0.53
0.54
0.55
0.56
0.57
0.59
0.60
429.70
436.80
445.30
453.80
462.70
471.90
482.10
492.40
502.90
513.20
523.20
532.00
539.90
548.10
557.30
566.00
574.20
582.90
590.90
598.00
604.80
611.80
617.50
622.40
627.60
629.30
632.20
633.80
635.30
636.80
636.60
636.80
634.60
631.50
627.60
623.00
618.90
615.20
608.70
604.40
600.30
596.00
593.20
590.20
588.50
586.90
588.00
589.50
592.00
595.90
604.10
615.00
633.80
668.50
700.10
725.70
760.70
784.80
782.90
745.90
681.10
586.20
474.10
348.50
272.00
218.50
179.00
146.00
121.90
106.10
90.42
75.56
63.04
54.81
47.90
42.41
37.26
31.66
28.28
22.88
20.03
17.45
15.80
13.25
11.20
6.91
3.17
2.24
1.86
1.48
1.11
0.67
0.30
0.07
0.07
0.07
0.07
0.08
0.08
0.08
0.09
0.09
0.09
0.09
0.10
0.10
0.10
0.10
0.11
0.11
0.11
0.11
0.12
0.12
0.12
0.12
0.12
0.12
0.13
0.13
0.13
0.14
0.14
0.14
0.14
0.15
0.15
0.16
0.16
0.16
0.17
0.17
0.18
0.18
0.19
0.20
0.20
0.21
0.21
0.22
0.23
0.23
0.24
0.24
0.25
0.26
0.26
0.27
0.28
0.29
0.30
0.31
0.31
0.32
0.33
0.34
0.35
0.36
0.37
0.38
0.39
0.40
0.41
0.42
0.43
0.44
0.45
0.47
0.48
0.49
0.50
0.51
0.52
0.54
0.54
0.56
0.57
0.58
0.60
0.61
0.61
430.10
438.00
446.20
454.20
464.30
474.00
483.80
493.80
505.10
515.90
525.80
534.80
542.60
551.60
558.60
567.40
575.60
584.30
594.40
601.80
609.30
616.80
623.70
630.60
636.20
640.30
644.80
646.60
648.00
649.50
648.10
645.80
643.50
639.50
635.30
630.60
625.30
621.70
619.40
614.10
609.20
603.60
598.90
594.90
591.90
588.70
587.70
586.80
587.90
588.00
591.50
594.50
601.10
606.30
613.80
622.30
630.50
631.40
620.90
577.70
504.90
390.50
296.10
232.60
189.70
157.60
129.90
108.90
92.41
79.17
68.54
58.86
51.57
44.29
39.48
35.02
32.13
26.71
25.36
22.35
19.28
17.13
15.95
13.46
10.75
6.53
3.08
2.18
1.80
1.43
1.07
0.64
0.26
0.08
0.07
0.07
0.07
0.07
0.07
0.07
0.07
0.08
0.08
0.08
0.08
0.08
0.08
0.08
0.09
0.09
0.09
0.10
0.10
0.11
0.10
0.10
0.11
0.11
0.11
0.12
0.12
0.12
0.12
0.13
0.13
0.13
0.13
0.14
0.14
0.15
0.15
0.16
0.16
0.16
0.17
0.18
0.18
0.19
0.19
0.20
0.21
0.21
0.22
0.22
0.23
0.24
0.25
0.25
0.26
0.27
0.28
0.29
0.30
0.31
0.31
0.33
0.33
0.34
0.35
0.37
0.37
0.39
0.40
0.41
0.42
0.43
0.44
0.45
0.46
0.47
0.48
0.50
0.51
0.52
0.53
0.55
0.56
0.57
0.59
0.59
0.60
428.70
437.50
446.00
454.10
464.10
473.40
483.30
493.30
503.90
515.40
525.10
534.00
543.40
550.70
559.10
566.20
574.50
583.50
591.80
601.00
608.90
616.10
623.70
630.60
637.30
642.50
647.30
651.30
652.30
653.50
652.30
649.90
646.00
641.00
635.90
631.80
626.80
623.00
620.70
616.90
612.50
607.00
602.30
595.50
590.90
587.50
583.60
581.10
578.30
577.20
574.80
573.40
571.30
567.20
561.10
551.50
536.90
510.00
467.90
400.80
320.60
257.00
200.80
164.90
139.90
120.40
101.00
86.17
73.82
64.14
55.97
49.63
43.02
38.22
34.35
31.11
28.59
25.75
24.31
19.24
17.77
16.66
17.54
13.96
12.09
7.65
3.65
2.15
1.78
1.42
1.06
0.65
0.30
0.07
0.07
0.07
0.07
0.08
0.08
0.09
0.09
0.09
0.10
0.10
0.10
0.10
0.10
0.11
0.11
0.11
0.11
0.11
0.12
0.12
0.12
0.12
0.13
0.13
0.13
0.13
0.13
0.14
0.14
0.14
0.14
0.15
0.15
0.16
0.16
0.16
0.17
0.17
0.18
0.18
0.18
0.19
0.20
0.21
0.21
0.22
0.23
0.23
0.24
0.24
0.25
0.26
0.27
0.27
0.28
0.29
0.30
0.31
0.32
0.33
0.34
0.34
0.35
0.36
0.37
0.38
0.39
0.40
0.41
0.42
0.44
0.45
0.46
0.47
0.48
0.49
0.50
0.52
0.53
0.54
0.55
0.57
0.58
0.59
0.61
0.61
0.61
429.80
438.30
446.50
454.50
464.70
474.00
483.30
493.70
505.00
514.30
523.20
533.50
541.90
551.00
558.60
565.70
574.00
581.20
589.40
598.10
606.20
613.40
621.00
625.70
631.30
636.00
639.20
641.30
642.80
645.00
645.20
643.30
638.50
635.50
631.30
627.00
621.80
619.10
615.30
612.90
608.80
604.30
598.20
592.20
587.20
580.80
577.20
571.70
566.60
562.20
556.60
550.40
543.00
535.70
524.40
506.80
476.00
433.00
374.20
308.10
251.60
201.40
161.10
133.50
113.80
98.01
83.82
72.36
63.32
56.54
49.79
44.83
39.98
35.84
32.58
29.48
26.33
25.22
23.63
19.31
17.59
16.66
16.67
14.01
11.89
7.34
3.52
2.09
1.71
1.35
1.01
0.63
0.26
0.08
0.07
0.07
0.07
0.07
0.07
0.07
0.08
0.08
0.08
0.08
0.08
0.09
0.09
0.09
0.09
0.10
0.10
0.10
0.11
0.11
0.11
0.11
0.11
0.11
0.12
0.12
0.12
0.12
0.12
0.13
0.14
0.14
0.14
0.14
0.15
0.15
0.15
0.16
0.16
0.17
0.17
0.18
0.18
0.20
0.20
0.20
0.21
0.21
0.22
0.22
0.23
0.24
0.25
0.26
0.26
0.27
0.28
0.29
0.30
0.31
0.32
0.33
0.33
0.34
0.36
0.37
0.38
0.39
0.39
0.41
0.42
0.43
0.44
0.45
0.46
0.47
0.49
0.50
0.51
0.52
0.54
0.55
0.57
0.58
0.60
0.61
0.62
429.20
437.90
446.20
453.80
463.60
472.40
482.60
492.50
502.50
511.80
521.70
530.40
538.70
548.10
556.10
564.10
570.60
577.40
584.50
590.60
597.30
603.30
609.00
614.80
619.10
622.00
625.00
626.00
627.90
628.80
627.80
626.30
625.10
624.20
621.40
618.50
615.40
611.10
609.00
607.30
603.50
597.20
591.50
585.70
580.10
573.90
568.00
562.00
557.50
553.00
546.30
534.40
524.10
512.40
494.50
465.90
426.50
376.90
323.80
269.40
220.90
180.20
143.90
121.20
98.62
84.66
73.08
64.30
56.09
49.18
43.85
40.18
37.19
34.78
31.95
29.78
26.55
24.26
22.87
19.95
17.89
17.34
16.79
14.49
10.71
6.90
4.01
2.05
1.67
1.33
1.01
0.64
0.29
0.07
0.07
0.07
0.08
0.08
0.09
0.09
0.09
0.09
0.10
0.10
0.10
0.10
0.10
0.10
0.11
0.11
0.11
0.12
0.12
0.12
0.12
0.13
0.13
0.13
0.13
0.14
0.14
0.14
0.14
0.15
0.15
0.15
0.16
0.16
0.16
0.17
0.17
0.18
0.18
0.19
0.19
0.20
0.20
0.21
0.22
0.22
0.23
0.23
0.24
0.25
0.25
0.26
0.27
0.27
0.28
0.29
0.30
0.31
0.32
0.33
0.34
0.35
0.36
0.36
0.38
0.39
0.39
0.41
0.42
0.43
0.44
0.45
0.46
0.47
0.48
0.49
0.50
0.52
0.53
0.54
0.56
0.57
0.59
0.60
0.61
0.63
0.63
430.10
437.90
446.50
454.30
464.00
472.40
481.40
490.80
500.70
509.60
519.10
526.60
534.90
542.90
551.20
559.50
566.90
573.50
580.70
585.80
589.90
593.60
598.70
601.30
604.70
606.70
608.50
610.40
611.70
612.20
611.30
610.20
608.90
607.30
606.80
604.50
602.00
600.10
598.10
594.80
593.50
588.00
582.70
577.50
573.70
567.90
561.10
553.90
547.30
541.30
533.90
521.50
509.40
492.30
466.10
428.40
384.10
337.60
290.50
245.00
204.00
167.00
135.40
110.20
92.08
78.55
67.39
59.32
52.71
46.11
42.37
39.78
36.74
33.98
31.94
28.86
26.15
23.48
22.03
18.67
16.93
16.21
14.83
12.92
9.65
6.88
3.45
1.96
1.58
1.26
0.94
0.59
0.26
0.08
0.07
0.07
0.07
0.07
0.07
0.07
0.08
0.08
0.08
0.08
0.08
0.08
0.08
0.09
0.09
0.09
0.10
0.10
0.10
0.11
0.11
0.11
0.11
0.12
0.12
0.12
0.12
0.12
0.13
0.13
0.13
0.13
0.14
0.14
0.15
0.15
0.16
0.16
0.16
0.17
0.18
0.18
0.19
0.20
0.20
0.20
0.21
0.22
0.22
0.23
0.23
0.24
0.25
0.26
0.27
0.27
0.28
0.29
0.31
0.31
0.32
0.33
0.34
0.35
0.36
0.37
0.38
0.39
0.40
0.41
0.42
0.43
0.45
0.45
0.46
0.48
0.49
0.50
0.52
0.53
0.55
0.55
0.58
0.59
0.60
0.61
0.63
429.20
437.00
444.40
453.10
462.10
470.40
478.70
488.20
497.40
506.00
514.20
521.40
528.60
535.70
542.90
550.30
556.80
563.60
569.70
575.00
580.40
584.70
587.90
591.10
592.30
593.90
592.40
593.10
592.90
593.90
593.80
593.40
592.70
590.90
590.50
590.40
588.80
586.70
583.80
583.00
580.90
578.80
573.60
569.60
562.90
556.30
549.30
541.40
534.00
525.20
518.50
507.50
491.50
471.40
441.60
404.90
362.50
321.80
278.60
237.30
200.50
164.10
135.80
112.80
89.92
75.48
65.08
56.93
50.14
44.45
41.06
38.04
35.02
33.59
32.63
28.43
25.59
23.51
21.86
19.72
17.04
15.79
14.77
13.72
10.61
7.42
3.69
1.96
1.57
1.26
0.96
0.61
0.30
0.08
0.07
0.07
0.08
0.08
0.09
0.09
0.09
0.10
0.10
0.10
0.10
0.11
0.11
0.11
0.11
0.12
0.12
0.12
0.12
0.12
0.13
0.13
0.13
0.13
0.14
0.14
0.14
0.14
0.15
0.15
0.15
0.16
0.16
0.16
0.17
0.17
0.17
0.18
0.19
0.19
0.20
0.20
0.21
0.22
0.22
0.22
0.23
0.24
0.24
0.25
0.25
0.26
0.27
0.28
0.29
0.30
0.31
0.31
0.32
0.33
0.34
0.35
0.36
0.37
0.38
0.39
0.40
0.41
0.42
0.43
0.44
0.45
0.46
0.48
0.48
0.50
0.50
0.52
0.54
0.55
0.56
0.57
0.59
0.61
0.62
0.63
0.63
430.00
437.70
445.40
453.20
461.60
469.80
478.30
486.70
494.90
503.00
510.10
516.50
523.70
529.50
536.00
541.10
547.30
552.40
557.80
562.50
566.60
569.90
572.50
575.80
578.10
580.30
582.60
582.50
582.60
581.60
581.20
579.80
577.70
575.40
574.20
572.60
571.10
569.50
566.40
565.70
562.90
560.10
555.70
550.90
544.40
538.20
531.70
523.60
516.00
506.80
498.30
485.00
467.60
444.80
415.80
380.70
343.30
305.60
268.50
230.10
193.70
160.80
132.40
110.70
89.43
74.07
63.21
55.47
47.73
42.28
39.83
36.65
33.34
31.92
30.30
27.50
25.65
22.62
20.22
18.63
15.79
15.50
14.53
14.69
12.83
8.60
4.05
1.94
1.51
1.19
0.90
0.58
0.27
0.09
0.07
0.07
0.07
0.07
0.07
0.08
0.08
0.08
0.08
0.09
0.09
0.09
0.09
0.09
0.09
0.10
0.10
0.10
0.10
0.11
0.11
0.11
0.12
0.12
0.12
0.12
0.13
0.14
0.14
0.14
0.14
0.14
0.14
0.15
0.15
0.17
0.16
0.17
0.17
0.18
0.18
0.19
0.20
0.20
0.21
0.21
0.22
0.22
0.23
0.23
0.24
0.26
0.26
0.27
0.27
0.28
0.29
0.31
0.31
0.32
0.33
0.34
0.35
0.36
0.37
0.38
0.39
0.40
0.41
0.42
0.43
0.44
0.45
0.46
0.47
0.48
0.49
0.51
0.52
0.54
0.55
0.56
0.58
0.59
0.61
0.63
0.63
429.30
436.90
444.70
451.80
458.90
467.00
474.90
483.10
490.20
498.00
505.40
511.30
517.40
522.70
527.80
532.30
536.80
541.10
545.00
549.30
551.80
555.10
557.10
558.90
559.90
561.40
563.20
563.60
563.20
562.80
562.20
561.00
559.90
557.10
555.20
553.50
552.00
550.90
547.80
544.80
542.40
538.30
534.10
528.80
522.80
517.00
509.50
502.50
494.00
485.00
475.20
463.90
447.70
425.50
398.80
365.80
330.40
295.90
262.90
229.30
196.70
166.60
138.20
116.40
94.60
76.88
63.05
52.93
45.44
40.33
38.26
37.38
31.41
28.96
27.16
24.38
22.56
19.88
18.32
16.66
15.14
14.02
13.15
12.28
12.46
7.15
3.29
1.88
1.48
1.18
0.90
0.59
0.30
0.09
0.08
0.08
0.08
0.08
0.09
0.09
0.10
0.10
0.10
0.10
0.11
0.11
0.11
0.11
0.12
0.12
0.12
0.12
0.13
0.13
0.13
0.14
0.14
0.14
0.14
0.14
0.15
0.15
0.15
0.15
0.16
0.16
0.16
0.17
0.17
0.18
0.18
0.19
0.19
0.20
0.20
0.21
0.22
0.22
0.23
0.23
0.24
0.24
0.25
0.26
0.27
0.27
0.28
0.29
0.30
0.30
0.32
0.33
0.33
0.34
0.35
0.36
0.37
0.38
0.39
0.40
0.41
0.42
0.43
0.44
0.45
0.46
0.47
0.48
0.49
0.50
0.51
0.53
0.54
0.56
0.57
0.58
0.60
0.61
0.63
0.63
0.63
431.20
437.90
446.30
452.50
460.10
467.40
475.30
482.40
488.40
496.50
502.60
508.60
513.20
518.20
522.90
527.20
531.00
534.60
537.90
541.50
543.30
545.90
548.10
549.70
551.40
551.90
552.80
551.30
551.10
550.20
548.50
546.40
543.70
542.10
539.40
538.10
535.60
533.60
530.20
528.00
525.10
521.00
516.90
510.80
504.20
497.40
489.10
480.40
471.60
462.60
452.40
440.20
423.90
403.40
378.50
348.60
316.70
284.90
253.10
223.50
193.20
164.80
139.00
116.50
94.05
77.26
63.11
52.16
43.86
38.20
36.00
34.22
29.46
26.93
24.41
21.88
20.06
17.78
16.40
15.17
13.85
12.69
11.52
9.12
8.55
5.38
3.18
1.61
1.28
1.02
0.78
0.53
0.27
0.08
0.06
0.07
0.07
0.07
0.07
0.07
0.07
0.08
0.08
0.08
0.09
0.09
0.09
0.10
0.10
0.10
0.11
0.11
0.11
0.11
0.11
0.12
0.12
0.12
0.12
0.12
0.12
0.12
0.13
0.13
0.14
0.14
0.14
0.14
0.15
0.15
0.16
0.16
0.17
0.17
0.18
0.19
0.20
0.20
0.21
0.22
0.22
0.22
0.23
0.24
0.24
0.25
0.25
0.26
0.27
0.28
0.28
0.29
0.30
0.31
0.31
0.32
0.33
0.34
0.34
0.35
0.36
0.37
0.38
0.39
0.40
0.40
0.41
0.42
0.43
0.44
0.45
0.46
0.47
0.48
0.49
0.50
0.51
0.52
0.54
0.55
0.55
431.10
438.20
444.60
451.10
458.10
465.20
471.50
478.30
484.90
490.40
496.70
501.80
506.90
510.80
514.60
518.60
521.30
524.20
526.60
529.00
531.30
532.50
533.70
534.30
534.80
534.50
534.70
533.80
531.60
529.40
527.30
523.90
521.40
518.50
515.60
512.70
509.90
507.60
503.70
500.20
497.90
494.30
488.90
483.90
478.10
469.60
460.70
452.00
443.00
431.90
420.50
406.80
389.10
369.50
346.00
319.70
289.50
259.50
229.80
201.00
173.60
148.30
125.50
104.30
85.95
71.87
59.41
50.88
42.36
37.46
35.12
31.93
28.13
25.95
23.92
21.11
18.60
16.75
15.48
14.02
12.96
11.29
10.20
7.98
6.40
4.29
2.63
1.55
1.24
1.00
0.76
0.52
0.26
0.09
0.06
0.06
0.06
0.06
0.06
0.06
0.06
0.06
0.06
0.07
0.07
0.08
0.08
0.08
0.08
0.08
0.08
0.08
0.09
0.09
0.09
0.09
0.10
0.10
0.10
0.10
0.10
0.11
0.11
0.11
0.11
0.12
0.12
0.12
0.13
0.13
0.14
0.14
0.15
0.16
0.16
0.17
0.18
0.18
0.19
0.20
0.20
0.20
0.21
0.22
0.23
0.23
0.24
0.25
0.25
0.26
0.27
0.28
0.28
0.29
0.30
0.31
0.31
0.32
0.33
0.34
0.35
0.35
0.36
0.37
0.38
0.39
0.40
0.40
0.42
0.42
0.43
0.44
0.45
0.46
0.47
0.48
0.49
0.50
0.52
0.53
0.54
430.60
436.50
443.50
449.80
455.40
461.90
467.70
473.80
479.10
485.50
490.20
495.50
499.20
502.20
506.00
508.30
511.00
513.40
515.20
515.50
517.00
517.70
518.40
518.00
517.30
516.20
514.00
511.60
508.80
506.10
502.70
499.70
496.50
492.60
489.90
486.50
482.80
479.00
475.00
471.60
466.70
462.00
456.60
449.80
442.70
435.20
426.10
415.90
405.00
392.50
378.00
362.50
345.00
325.10
302.70
277.80
251.40
223.90
197.20
171.60
148.20
127.10
109.40
91.84
78.66
68.38
57.68
49.02
41.60
36.89
33.30
30.82
27.39
25.21
23.50
20.82
18.81
16.74
15.17
14.35
12.85
11.15
10.12
8.20
6.16
4.27
2.83
1.54
1.23
1.00
0.76
0.53
0.28
0.08
0.06
0.06
0.06
0.06
0.07
0.07
0.07
0.08
0.08
0.08
0.08
0.09
0.09
0.09
0.10
0.10
0.10
0.10
0.10
0.10
0.11
0.11
0.11
0.11
0.12
0.12
0.12
0.12
0.12
0.13
0.13
0.14
0.14
0.14
0.14
0.15
0.16
0.16
0.17
0.17
0.18
0.19
0.20
0.20
0.21
0.21
0.22
0.23
0.23
0.24
0.24
0.25
0.26
0.26
0.27
0.28
0.29
0.30
0.30
0.31
0.32
0.33
0.33
0.34
0.35
0.36
0.37
0.38
0.38
0.39
0.40
0.41
0.42
0.43
0.44
0.44
0.45
0.46
0.47
0.48
0.49
0.50
0.51
0.52
0.53
0.54
0.54
430.80
436.60
442.50
448.40
454.20
459.40
465.40
469.80
474.80
480.30
483.70
488.00
491.00
494.40
496.80
498.50
500.50
501.20
502.40
501.60
501.50
501.90
501.00
499.70
498.10
495.40
492.50
490.00
485.70
481.90
477.90
474.10
469.60
464.60
460.40
455.70
450.30
444.20
438.60
431.80
424.70
415.90
407.00
397.00
386.50
375.40
363.90
351.20
338.70
325.30
310.90
295.90
281.20
266.10
249.50
231.70
211.30
190.30
169.70
150.10
131.60
115.30
100.90
87.86
75.12
64.44
55.35
46.27
39.86
35.16
31.69
28.90
26.08
24.08
22.53
20.72
19.26
17.17
15.41
14.37
12.66
11.14
10.30
7.78
6.38
4.24
2.78
1.52
1.21
0.97
0.74
0.52
0.27
0.09
0.06
0.06
0.06
0.06
0.06
0.06
0.06
0.06
0.06
0.06
0.07
0.07
0.07
0.08
0.08
0.08
0.08
0.08
0.09
0.08
0.09
0.09
0.09
0.09
0.09
0.10
0.10
0.10
0.10
0.11
0.11
0.12
0.12
0.12
0.13
0.14
0.14
0.14
0.15
0.16
0.16
0.17
0.18
0.18
0.19
0.20
0.20
0.21
0.22
0.22
0.23
0.23
0.24
0.25
0.26
0.27
0.27
0.28
0.29
0.30
0.30
0.31
0.32
0.33
0.33
0.34
0.35
0.36
0.37
0.38
0.39
0.39
0.40
0.41
0.42
0.43
0.43
0.44
0.45
0.46
0.47
0.48
0.49
0.50
0.51
0.52
0.54
430.00
436.00
441.00
446.40
451.70
456.50
461.20
465.70
469.20
473.10
476.90
480.40
483.20
484.90
486.50
487.60
488.20
488.80
489.10
488.20
488.00
486.20
484.30
481.70
479.20
474.60
470.60
465.90
460.50
455.10
451.00
445.10
438.30
431.30
424.30
415.60
406.10
396.50
386.30
376.00
364.90
353.90
342.30
330.50
319.40
310.10
301.30
293.90
286.50
277.40
266.10
253.20
239.60
225.50
211.30
197.60
183.10
167.10
149.90
133.50
117.20
101.10
88.88
77.42
67.15
58.35
50.16
42.94
36.80
32.96
30.13
27.75
25.72
24.06
22.31
20.69
19.41
18.03
16.19
15.06
13.15
11.74
10.08
8.10
6.71
4.56
3.07
1.52
1.21
0.98
0.75
0.53
0.29
0.09
0.05
0.06
0.06
0.06
0.06
0.07
0.07
0.07
0.08
0.08
0.08
0.08
0.09
0.09
0.09
0.09
0.09
0.09
0.10
0.10
0.10
0.10
0.10
0.11
0.11
0.11
0.12
0.12
0.12
0.12
0.13
0.13
0.14
0.14
0.14
0.15
0.16
0.16
0.17
0.18
0.18
0.19
0.20
0.21
0.21
0.22
0.22
0.23
0.23
0.24
0.25
0.25
0.26
0.27
0.28
0.29
0.29
0.30
0.31
0.32
0.33
0.33
0.34
0.35
0.36
0.37
0.38
0.38
0.39
0.40
0.41
0.42
0.42
0.43
0.44
0.45
0.46
0.46
0.47
0.48
0.49
0.50
0.51
0.52
0.53
0.54
0.55
430.70
435.50
439.80
444.40
448.90
453.90
457.40
461.40
464.10
467.20
470.00
472.90
474.00
475.40
476.60
477.10
476.80
476.80
475.40
474.00
471.00
468.20
465.20
460.80
455.20
450.50
444.50
438.80
431.30
423.90
415.00
405.80
395.20
384.90
373.80
362.30
350.20
337.50
326.20
315.10
306.10
299.30
294.00
289.30
283.90
277.50
270.30
262.00
252.20
243.30
232.10
219.10
205.70
191.40
175.40
159.60
144.00
130.20
116.70
105.60
95.38
85.37
75.82
66.63
58.72
52.11
45.51
40.06
35.82
32.39
29.84
27.80
25.87
23.83
22.27
20.50
18.96
17.80
16.06
14.44
13.32
10.79
10.32
8.69
7.10
4.59
2.95
1.51
1.20
0.95
0.73
0.51
0.27
0.09
0.05
0.05
0.05
0.05
0.05
0.05
0.05
0.05
0.05
0.06
0.06
0.06
0.06
0.07
0.07
0.07
0.08
0.08
0.08
0.08
0.08
0.08
0.09
0.09
0.09
0.09
0.09
0.10
0.10
0.10
0.11
0.11
0.12
0.12
0.12
0.13
0.14
0.14
0.15
0.16
0.17
0.18
0.18
0.19
0.19
0.20
0.21
0.21
0.22
0.22
0.23
0.24
0.25
0.25
0.27
0.27
0.28
0.29
0.30
0.30
0.31
0.32
0.33
0.33
0.35
0.35
0.36
0.37
0.38
0.38
0.40
0.40
0.41
0.42
0.42
0.43
0.44
0.45
0.46
0.47
0.48
0.48
0.49
0.50
0.51
0.52
0.54
430.50
434.20
438.90
442.30
446.70
449.30
452.70
456.20
459.10
460.80
462.70
463.90
464.70
465.90
465.30
465.10
463.50
462.30
459.90
456.30
452.90
448.50
443.10
437.10
431.40
424.00
415.30
405.50
395.60
383.90
372.20
359.10
347.20
334.20
322.20
311.40
303.30
296.90
292.70
287.50
282.60
277.30
271.30
265.80
260.10
252.40
241.20
227.80
214.60
201.50
188.40
174.80
162.20
151.40
141.70
133.50
125.90
117.90
105.70
93.47
82.12
73.74
66.35
59.89
53.53
47.85
43.17
39.23
35.96
33.58
31.53
30.11
27.56
24.40
22.16
20.45
18.48
17.02
15.52
13.76
12.39
10.51
9.46
8.35
6.82
4.87
3.30
1.55
1.19
0.96
0.73
0.52
0.29
0.09
0.05
0.05
0.06
0.06
0.06
0.06
0.07
0.07
0.07
0.07
0.07
0.07
0.08
0.08
0.08
0.08
0.08
0.09
0.09
0.09
0.10
0.10
0.10
0.10
0.11
0.11
0.11
0.12
0.12
0.12
0.13
0.13
0.13
0.14
0.15
0.15
0.16
0.17
0.17
0.18
0.19
0.20
0.20
0.21
0.22
0.22
0.23
0.24
0.24
0.25
0.25
0.26
0.27
0.28
0.29
0.30
0.31
0.31
0.32
0.33
0.34
0.34
0.35
0.36
0.37
0.38
0.39
0.39
0.40
0.41
0.42
0.43
0.43
0.44
0.45
0.46
0.47
0.47
0.48
0.49
0.50
0.51
0.51
0.52
0.53
0.54
0.55
430.30
434.20
437.20
440.80
443.60
446.80
449.80
451.00
452.40
453.70
455.50
455.90
455.70
454.70
454.10
452.00
449.00
445.60
442.70
437.80
432.20
425.80
418.60
410.60
400.70
390.20
378.10
366.00
352.70
339.60
326.70
314.70
304.60
298.70
294.10
289.60
284.50
279.30
274.50
269.00
262.80
253.70
242.20
229.30
217.00
206.00
195.80
185.10
173.60
164.70
157.10
150.40
145.20
140.80
136.10
128.10
116.10
103.20
91.13
81.92
74.28
67.60
61.58
55.99
50.41
45.94
42.07
38.90
36.38
33.37
30.37
27.62
25.20
23.32
21.70
20.18
18.57
17.01
15.21
13.70
12.00
10.60
9.13
8.29
7.00
5.25
2.99
1.50
1.16
0.92
0.70
0.50
0.27
0.10
0.05
0.05
0.05
0.05
0.05
0.05
0.05
0.05
0.05
0.05
0.05
0.06
0.06
0.06
0.06
0.07
0.07
0.08
0.07
0.08
0.08
0.08
0.08
0.09
0.09
0.09
0.10
0.10
0.10
0.11
0.11
0.12
0.12
0.13
0.13
0.14
0.15
0.15
0.16
0.17
0.17
0.18
0.19
0.20
0.20
0.21
0.22
0.22
0.23
0.24
0.25
0.25
0.26
0.27
0.28
0.28
0.29
0.30
0.31
0.32
0.33
0.33
0.34
0.35
0.36
0.37
0.37
0.38
0.39
0.40
0.41
0.41
0.42
0.43
0.44
0.44
0.45
0.46
0.46
0.47
0.48
0.49
0.50
0.50
0.52
0.52
0.54
430.50
433.40
435.90
438.90
440.90
443.10
445.40
446.50
447.60
448.50
447.40
447.30
446.10
444.60
442.00
438.70
434.60
429.80
424.80
419.50
411.80
403.00
392.50
380.40
368.40
354.80
342.30
328.30
315.30
304.60
298.80
293.90
288.80
284.20
278.90
273.50
267.80
260.50
250.40
237.80
225.60
212.90
201.80
191.20
180.90
170.50
163.20
158.10
154.50
152.20
150.90
149.60
146.40
138.60
127.00
116.70
106.40
96.21
88.40
82.12
75.43
67.40
60.79
54.95
50.04
45.47
40.95
36.54
31.95
28.97
27.24
25.91
24.79
23.18
21.80
20.48
18.84
17.21
15.43
13.65
12.03
10.73
9.27
8.27
7.00
5.30
2.97
1.51
1.16
0.93
0.71
0.51
0.29
0.10
0.05
0.05
0.05
0.05
0.06
0.06
0.06
0.06
0.07
0.07
0.07
0.07
0.07
0.08
0.08
0.08
0.08
0.09
0.09
0.09
0.09
0.10
0.10
0.10
0.11
0.11
0.12
0.12
0.13
0.13
0.14
0.14
0.15
0.15
0.16
0.17
0.17
0.18
0.18
0.19
0.20
0.21
0.22
0.22
0.23
0.23
0.24
0.25
0.25
0.26
0.27
0.28
0.29
0.30
0.31
0.31
0.32
0.33
0.34
0.35
0.36
0.37
0.37
0.38
0.39
0.40
0.40
0.41
0.42
0.43
0.43
0.44
0.45
0.46
0.46
0.47
0.48
0.48
0.49
0.50
0.50
0.52
0.52
0.53
0.54
0.54
0.54
430.50
432.60
435.20
437.20
438.40
440.30
441.40
441.50
442.30
441.50
440.90
439.80
436.60
433.50
430.30
425.10
420.60
414.50
406.70
397.80
386.90
375.20
362.50
348.30
334.90
320.80
308.40
299.00
294.20
289.40
284.20
278.80
273.20
267.80
260.30
250.00
236.10
223.00
210.20
199.90
192.40
184.00
174.60
167.30
161.40
158.20
156.10
155.90
156.00
155.50
152.40
145.80
135.60
125.50
117.50
111.60
106.00
99.96
94.83
88.50
78.84
70.51
62.89
55.04
47.19
40.62
35.22
32.25
30.49
28.98
27.44
25.92
24.46
22.97
21.65
20.12
18.35
16.89
15.48
13.96
12.31
10.80
9.36
8.14
6.69
5.82
3.69
1.58
1.16
0.91
0.70
0.49
0.28
0.10
0.05
0.05
0.05
0.05
0.05
0.05
0.05
0.05
0.05
0.05
0.05
0.05
0.06
0.06
0.06
0.06
0.07
0.07
0.08
0.08
0.08
0.08
0.08
0.09
0.09
0.10
0.11
0.11
0.11
0.12
0.12
0.13
0.14
0.14
0.15
0.16
0.16
0.17
0.18
0.18
0.19
0.20
0.20
0.21
0.22
0.23
0.23
0.24
0.25
0.25
0.26
0.27
0.28
0.29
0.30
0.31
0.31
0.32
0.33
0.34
0.35
0.36
0.37
0.37
0.38
0.39
0.40
0.40
0.41
0.42
0.42
0.43
0.44
0.45
0.45
0.46
0.46
0.47
0.48
0.48
0.49
0.50
0.51
0.51
0.52
0.53
0.54
430.10
432.10
433.90
435.50
436.40
436.80
437.20
437.30
436.70
435.50
434.30
431.00
427.80
423.20
418.40
411.80
405.50
397.60
387.00
375.80
362.80
348.80
334.50
319.80
306.40
296.00
291.00
286.40
280.90
275.70
270.00
263.20
255.50
243.70
230.70
217.90
205.60
195.00
185.80
176.60
167.90
162.90
160.90
162.10
163.50
165.20
166.80
166.70
163.40
155.10
143.30
132.10
124.50
119.70
114.90
110.60
106.30
102.00
97.71
90.73
80.46
69.62
59.90
49.75
41.69
37.76
35.07
32.97
31.22
29.56
28.02
26.44
24.71
23.06
21.72
20.33
18.58
16.88
16.10
16.73
19.10
22.47
23.90
25.58
25.80
21.19
17.09
3.34
1.58
1.11
0.81
0.57
0.32
0.11
0.04
0.05
0.05
0.05
0.05
0.06
0.06
0.06
0.06
0.06
0.07
0.07
0.07
0.07
0.08
0.08
0.09
0.09
0.09
0.10
0.10
0.10
0.11
0.11
0.12
0.12
0.13
0.13
0.14
0.14
0.15
0.16
0.16
0.17
0.18
0.18
0.19
0.20
0.20
0.21
0.22
0.22
0.23
0.24
0.25
0.25
0.26
0.27
0.28
0.29
0.29
0.30
0.31
0.32
0.33
0.34
0.35
0.35
0.36
0.37
0.38
0.39
0.40
0.40
0.41
0.42
0.42
0.43
0.44
0.44
0.45
0.46
0.47
0.47
0.48
0.48
0.49
0.50
0.50
0.51
0.52
0.52
0.53
0.53
0.54
0.55
0.55
430.40
431.10
432.60
432.90
433.70
434.00
432.90
432.20
431.10
428.70
427.00
422.80
417.60
411.50
405.00
397.70
388.30
377.40
364.90
350.80
335.90
320.90
306.30
293.80
286.80
284.10
278.30
272.90
266.80
260.00
251.20
239.50
227.00
213.80
202.20
192.80
184.80
176.60
168.20
162.30
159.00
159.20
161.80
165.50
169.10
170.80
169.10
162.40
150.20
139.10
131.60
127.30
122.90
118.10
114.10
110.30
105.60
101.00
96.51
88.60
76.13
62.30
53.62
44.94
41.42
38.75
36.18
33.97
31.74
29.77
28.24
27.05
25.81
25.16
27.06
33.69
39.23
44.62
48.22
50.74
52.70
54.92
48.53
47.38
37.88
23.38
14.19
3.31
1.75
1.23
0.89
0.60
0.33
0.12
0.05
0.05
0.05
0.05
0.05
0.05
0.05
0.05
0.05
0.05
0.05
0.05
0.06
0.06
0.06
0.07
0.07
0.07
0.08
0.08
0.09
0.09
0.10
0.10
0.11
0.11
0.12
0.12
0.13
0.14
0.14
0.15
0.16
0.16
0.17
0.18
0.18
0.19
0.20
0.20
0.21
0.22
0.23
0.23
0.25
0.25
0.26
0.27
0.28
0.28
0.29
0.31
0.31
0.32
0.33
0.34
0.35
0.35
0.36
0.37
0.38
0.39
0.39
0.40
0.41
0.42
0.43
0.43
0.44
0.44
0.45
0.46
0.46
0.47
0.48
0.48
0.48
0.49
0.49
0.50
0.51
0.51
0.51
0.52
0.53
0.54
0.55
430.10
430.20
430.60
430.90
430.80
430.20
429.20
428.00
426.20
423.80
419.50
413.80
408.30
400.60
393.40
384.20
371.70
358.40
343.70
328.30
312.90
298.00
285.20
280.70
277.20
271.20
265.40
258.40
250.40
240.20
227.90
214.90
202.60
192.90
185.50
178.30
170.60
165.40
162.00
161.40
162.80
165.70
169.70
172.80
170.90
164.70
153.80
143.50
136.70
132.90
128.90
123.30
118.30
113.70
108.90
104.20
99.62
94.69
89.33
81.97
69.96
59.64
51.26
45.12
41.78
39.16
37.03
34.97
33.12
32.29
35.55
44.03
54.39
64.44
68.06
69.78
69.93
76.01
84.84
82.49
76.00
61.60
41.81
36.36
25.07
21.05
12.94
3.63
1.80
1.27
0.93
0.64
0.36
0.13
0.05
0.05
0.05
0.05
0.06
0.06
0.06
0.06
0.07
0.07
0.07
0.08
0.08
0.08
0.09
0.09
0.09
0.10
0.10
0.11
0.12
0.12
0.13
0.13
0.14
0.14
0.15
0.15
0.16
0.17
0.18
0.18
0.19
0.19
0.20
0.21
0.22
0.22
0.23
0.24
0.25
0.26
0.27
0.27
0.28
0.29
0.30
0.31
0.31
0.32
0.33
0.34
0.35
0.36
0.37
0.38
0.38
0.39
0.40
0.41
0.42
0.42
0.43
0.44
0.44
0.45
0.46
0.46
0.47
0.47
0.48
0.48
0.49
0.49
0.50
0.50
0.51
0.52
0.52
0.52
0.53
0.54
0.54
0.54
0.54
0.55
0.55
430.10
429.50
429.30
428.80
428.30
427.00
424.80
423.10
420.40
416.40
410.90
404.50
397.80
389.70
379.40
367.30
353.60
338.50
322.30
305.70
290.40
278.60
274.30
270.70
264.00
256.90
249.10
239.80
228.80
216.50
204.00
193.00
185.50
179.70
173.60
168.20
165.50
163.50
163.30
165.10
168.20
172.30
173.90
168.90
160.40
148.30
139.60
135.30
131.50
126.30
120.70
115.30
110.70
105.40
100.50
96.14
90.58
85.48
78.77
73.71
68.13
59.78
52.47
45.16
41.20
39.28
40.14
46.41
57.30
69.31
78.21
80.32
79.67
85.30
94.63
101.70
98.12
87.97
76.36
61.90
51.61
42.95
32.34
27.91
20.26
16.85
10.13
3.13
1.67
1.21
0.88
0.59
0.33
0.13
0.05
0.05
0.05
0.05
0.05
0.05
0.05
0.05
0.05
0.06
0.06
0.06
0.07
0.08
0.08
0.08
0.09
0.09
0.10
0.10
0.11
0.12
0.12
0.13
0.14
0.14
0.15
0.16
0.16
0.17
0.17
0.18
0.20
0.20
0.21
0.21
0.22
0.23
0.24
0.25
0.25
0.26
0.27
0.28
0.29
0.30
0.31
0.31
0.32
0.33
0.34
0.35
0.35
0.36
0.37
0.38
0.39
0.40
0.40
0.41
0.42
0.43
0.43
0.44
0.44
0.45
0.46
0.46
0.47
0.47
0.48
0.48
0.49
0.49
0.50
0.50
0.50
0.51
0.51
0.51
0.52
0.52
0.53
0.53
0.54
0.54
0.54
430.10
429.40
428.60
427.10
426.00
423.60
421.60
418.60
415.20
409.80
404.00
396.40
388.20
378.00
366.60
352.20
337.20
320.40
303.60
287.70
274.40
268.80
265.20
258.30
250.00
241.00
231.10
220.00
208.00
195.70
186.60
180.60
175.90
171.50
168.90
166.90
165.00
164.30
165.90
168.90
172.60
173.70
168.50
158.70
146.70
138.30
133.80
129.10
122.30
116.00
110.70
105.30
100.30
95.47
90.80
84.98
79.63
72.96
69.38
67.38
65.37
60.20
51.97
47.34
48.40
56.28
68.14
78.86
84.80
85.23
88.28
97.05
105.40
107.20
99.88
88.34
73.01
60.22
51.16
42.72
34.51
29.37
24.88
18.95
15.10
12.00
7.30
2.55
1.49
1.10
0.83
0.57
0.32
0.13
0.05
0.05
0.05
0.06
0.06
0.07
0.07
0.07
0.08
0.08
0.09
0.09
0.10
0.10
0.11
0.11
0.12
0.12
0.13
0.14
0.14
0.15
0.16
0.16
0.17
0.18
0.18
0.19
0.20
0.21
0.22
0.22
0.23
0.24
0.25
0.26
0.26
0.27
0.28
0.29
0.30
0.31
0.32
0.32
0.33
0.34
0.35
0.36
0.37
0.37
0.39
0.39
0.40
0.41
0.42
0.43
0.43
0.44
0.45
0.45
0.46
0.47
0.47
0.48
0.48
0.49
0.49
0.50
0.50
0.51
0.51
0.52
0.52
0.52
0.53
0.53
0.53
0.53
0.54
0.54
0.55
0.55
0.55
0.55
0.55
0.55
0.55
430.20
428.30
427.30
425.60
423.50
420.70
417.60
414.20
409.10
403.60
395.30
387.20
377.50
365.50
352.70
336.90
319.80
302.50
285.70
271.50
263.10
259.20
251.60
242.80
233.30
222.10
210.60
199.60
188.40
179.80
175.10
172.00
169.50
169.10
167.70
165.60
164.40
165.20
167.70
171.30
172.80
167.60
157.90
146.50
138.50
133.40
127.60
119.50
112.40
106.20
100.90
95.77
90.41
85.51
80.05
74.77
68.39
64.21
62.10
60.26
58.43
58.67
59.31
64.26
73.71
83.55
88.94
88.35
90.68
98.98
106.30
106.90
98.16
85.27
71.58
59.98
51.27
42.56
36.13
30.15
24.45
20.80
17.78
14.30
11.80
9.02
6.34
2.42
1.35
1.00
0.74
0.51
0.29
0.12
0.06
0.06
0.06
0.06
0.06
0.06
0.07
0.07
0.08
0.08
0.08
0.09
0.10
0.10
0.11
0.11
0.12
0.13
0.14
0.14
0.15
0.15
0.16
0.17
0.17
0.18
0.20
0.20
0.21
0.22
0.22
0.23
0.24
0.25
0.26
0.26
0.28
0.29
0.29
0.30
0.31
0.32
0.33
0.34
0.35
0.35
0.37
0.37
0.38
0.39
0.40
0.40
0.41
0.42
0.43
0.44
0.44
0.45
0.46
0.46
0.47
0.48
0.48
0.49
0.49
0.49
0.50
0.50
0.51
0.51
0.51
0.52
0.52
0.52
0.52
0.52
0.53
0.53
0.53
0.53
0.54
0.54
0.54
0.54
0.54
0.55
0.55
430.10
428.20
425.80
423.90
420.80
418.00
414.20
409.60
403.90
396.80
388.70
378.80
368.20
355.30
340.60
323.50
305.90
288.60
272.70
260.80
253.90
247.50
238.00
227.80
216.40
204.40
193.80
183.40
175.40
170.20
168.30
167.50
168.70
168.10
166.00
163.80
162.90
164.20
167.60
170.20
168.10
159.40
148.50
139.50
133.70
127.10
118.80
111.10
103.50
97.34
92.12
86.78
81.98
77.12
71.97
66.05
61.57
58.90
56.78
55.75
57.56
63.81
74.20
84.73
90.36
91.26
90.84
95.75
103.80
107.50
101.20
90.67
78.04
66.46
57.02
48.35
39.98
34.64
29.60
25.32
20.61
17.62
14.36
12.75
9.95
7.57
5.16
2.26
1.31
0.98
0.73
0.51
0.30
0.13
0.07
0.07
0.07
0.08
0.09
0.09
0.10
0.10
0.11
0.11
0.12
0.13
0.13
0.14
0.15
0.15
0.16
0.17
0.17
0.18
0.19
0.20
0.21
0.21
0.22
0.23
0.24
0.25
0.26
0.27
0.27
0.28
0.29
0.30
0.31
0.32
0.33
0.33
0.34
0.35
0.36
0.37
0.38
0.39
0.40
0.41
0.42
0.43
0.43
0.44
0.45
0.46
0.47
0.47
0.48
0.49
0.50
0.50
0.51
0.51
0.52
0.52
0.52
0.53
0.53
0.54
0.54
0.54
0.55
0.54
0.55
0.55
0.55
0.55
0.55
0.56
0.55
0.55
0.55
0.55
0.55
0.55
0.55
0.55
0.55
0.55
0.55
430.30
427.50
424.50
421.80
418.50
414.90
410.70
404.70
397.50
389.30
379.80
369.00
357.10
342.90
327.30
309.70
291.40
274.10
260.00
249.80
241.40
233.10
222.30
210.40
197.90
187.00
177.50
170.10
165.60
163.70
164.40
166.30
167.20
165.90
163.20
160.80
160.40
163.10
166.60
166.60
160.50
149.80
140.20
132.90
126.60
118.00
109.00
101.10
94.57
89.39
84.18
79.35
74.07
69.28
64.11
59.06
56.29
53.52
52.34
54.36
61.54
73.01
84.75
92.79
94.27
93.51
97.49
104.20
104.80
97.89
87.57
76.69
66.04
56.76
48.36
41.91
37.68
32.58
27.71
24.29
20.46
17.05
14.84
13.16
9.09
6.42
4.17
1.83
1.26
0.94
0.69
0.49
0.29
0.14
0.08
0.08
0.08
0.08
0.09
0.09
0.10
0.10
0.11
0.12
0.12
0.14
0.14
0.15
0.16
0.16
0.17
0.17
0.19
0.20
0.20
0.21
0.22
0.22
0.23
0.25
0.26
0.26
0.27
0.28
0.29
0.30
0.31
0.32
0.32
0.33
0.34
0.35
0.37
0.37
0.38
0.39
0.40
0.41
0.42
0.43
0.44
0.45
0.45
0.46
0.47
0.48
0.49
0.49
0.50
0.51
0.51
0.51
0.52
0.52
0.53
0.53
0.54
0.54
0.54
0.54
0.54
0.55
0.55
0.55
0.55
0.55
0.55
0.55
0.55
0.55
0.55
0.55
0.55
0.55
0.55
0.55
0.55
0.55
0.55
0.56
0.56
430.30
426.80
423.80
419.90
416.30
412.40
406.70
400.90
392.80
383.70
372.70
361.90
348.50
333.50
316.80
298.80
280.30
264.30
250.70
238.30
228.90
219.60
207.70
194.70
183.00
173.00
165.80
160.70
158.70
159.80
162.80
165.30
165.50
163.30
160.00
157.50
157.50
160.40
163.00
161.70
154.10
143.90
135.00
128.00
119.90
110.60
101.30
93.99
87.98
82.70
77.39
72.01
67.33
62.86
58.25
54.24
51.16
49.13
49.99
54.61
65.40
78.90
90.14
94.82
93.84
95.45
101.40
104.90
101.30
92.31
81.40
70.39
60.09
51.85
45.90
41.01
36.20
31.64
27.16
23.71
20.60
17.58
15.40
12.61
9.59
6.11
4.01
1.93
1.27
0.96
0.71
0.51
0.31
0.15
0.09
0.10
0.11
0.11
0.12
0.13
0.14
0.14
0.15
0.16
0.17
0.17
0.18
0.19
0.20
0.20
0.22
0.22
0.23
0.24
0.25
0.26
0.27
0.28
0.29
0.30
0.31
0.31
0.32
0.33
0.34
0.35
0.36
0.37
0.38
0.39
0.40
0.41
0.42
0.43
0.44
0.45
0.45
0.46
0.47
0.48
0.49
0.50
0.51
0.52
0.53
0.53
0.54
0.55
0.55
0.56
0.56
0.57
0.57
0.57
0.57
0.57
0.57
0.57
0.57
0.57
0.57
0.57
0.57
0.57
0.57
0.57
0.57
0.57
0.57
0.57
0.57
0.57
0.57
0.57
0.57
0.57
0.57
0.57
0.57
0.57
0.57
430.20
426.50
422.40
418.20
414.10
409.50
403.40
395.80
387.00
376.20
364.90
352.70
339.10
323.00
305.20
286.40
268.30
253.20
239.20
224.80
215.10
204.90
192.10
179.60
168.10
160.30
155.50
153.40
154.20
157.20
161.40
163.50
162.70
159.80
156.30
154.00
154.70
157.40
159.10
156.10
147.30
137.60
129.30
121.50
112.30
102.90
94.28
87.82
81.94
76.70
71.15
66.77
62.88
59.26
55.53
51.81
49.26
47.65
50.29
57.78
71.51
85.71
95.42
96.10
93.78
98.13
104.70
104.40
95.47
83.16
70.24
60.91
53.77
48.47
44.43
39.53
35.19
31.45
27.08
23.89
20.70
18.77
16.13
12.30
9.94
6.03
3.66
1.83
1.25
0.93
0.69
0.50
0.31
0.17
0.11
0.11
0.11
0.12
0.12
0.14
0.14
0.15
0.16
0.16
0.17
0.18
0.19
0.20
0.21
0.22
0.22
0.23
0.25
0.26
0.26
0.28
0.28
0.29
0.30
0.31
0.32
0.33
0.34
0.35
0.36
0.37
0.38
0.39
0.39
0.40
0.41
0.43
0.43
0.44
0.45
0.46
0.47
0.49
0.49
0.50
0.51
0.52
0.53
0.54
0.54
0.55
0.56
0.56
0.57
0.58
0.58
0.58
0.58
0.59
0.59
0.59
0.60
0.60
0.60
0.60
0.60
0.60
0.60
0.60
0.60
0.60
0.60
0.60
0.60
0.60
0.60
0.59
0.59
0.59
0.59
0.59
0.59
0.59
0.58
0.58
0.58
430.30
425.60
421.80
417.10
412.40
406.40
400.60
391.70
382.40
371.40
359.20
345.50
331.10
314.60
296.40
277.20
259.60
244.60
228.50
213.00
202.80
192.40
179.70
167.20
156.60
150.30
147.60
148.00
150.40
154.60
158.60
161.00
160.40
157.20
153.70
151.30
151.30
153.70
154.90
151.30
142.30
132.90
124.50
116.60
106.90
97.22
89.49
83.37
78.11
72.98
67.99
64.10
60.97
58.43
55.24
52.40
49.70
48.21
51.82
61.71
77.16
91.02
97.41
92.67
90.71
99.90
106.80
101.60
88.76
74.69
63.56
56.49
51.97
46.97
42.00
38.17
34.70
30.93
26.90
23.84
20.90
18.25
15.42
11.87
8.06
5.39
3.58
1.73
1.23
0.93
0.69
0.51
0.33
0.18
0.12
0.13
0.15
0.15
0.16
0.17
0.18
0.19
0.20
0.21
0.21
0.22
0.23
0.24
0.25
0.26
0.27
0.28
0.29
0.30
0.31
0.32
0.33
0.34
0.35
0.36
0.37
0.38
0.39
0.40
0.41
0.42
0.43
0.44
0.45
0.45
0.46
0.47
0.48
0.49
0.50
0.51
0.52
0.53
0.54
0.55
0.56
0.57
0.58
0.59
0.59
0.60
0.61
0.61
0.62
0.62
0.63
0.63
0.63
0.63
0.63
0.63
0.63
0.63
0.62
0.62
0.62
0.62
0.61
0.61
0.61
0.60
0.60
0.60
0.60
0.59
0.59
0.59
0.58
0.58
0.58
0.58
0.58
0.58
0.58
0.58
0.58
429.80
424.80
419.70
415.40
409.80
403.60
396.10
387.20
376.40
365.10
352.20
337.50
322.30
305.20
286.10
266.50
249.70
233.20
215.80
200.80
189.10
179.20
167.30
155.60
145.90
141.10
140.40
142.80
147.10
151.50
155.40
157.80
157.60
154.90
151.40
148.60
148.00
149.10
148.70
144.50
136.10
126.80
118.40
110.10
100.10
91.38
84.74
79.55
73.93
69.25
64.88
61.66
59.63
57.77
55.36
52.94
49.90
49.93
55.08
68.40
84.78
96.57
96.91
90.99
97.34
102.80
108.20
92.83
78.04
65.56
57.18
52.27
47.86
43.59
39.54
35.63
32.21
28.43
24.85
22.59
18.88
15.93
14.13
11.31
7.99
5.47
3.47
1.64
1.19
0.90
0.68
0.50
0.33
0.20
0.15
0.14
0.14
0.16
0.16
0.17
0.18
0.19
0.20
0.21
0.22
0.23
0.24
0.25
0.26
0.27
0.28
0.29
0.30
0.31
0.32
0.33
0.34
0.35
0.37
0.37
0.38
0.39
0.40
0.41
0.41
0.43
0.43
0.44
0.45
0.46
0.47
0.48
0.48
0.50
0.51
0.52
0.53
0.54
0.55
0.56
0.57
0.58
0.59
0.60
0.61
0.61
0.62
0.62
0.63
0.64
0.64
0.65
0.65
0.65
0.65
0.65
0.65
0.65
0.65
0.65
0.65
0.65
0.65
0.65
0.64
0.64
0.63
0.63
0.63
0.62
0.62
0.61
0.61
0.61
0.61
0.60
0.60
0.60
0.60
0.59
0.59
429.90
424.80
419.30
414.80
408.60
401.70
392.90
383.60
372.80
360.00
346.50
332.00
316.00
298.50
278.50
259.30
242.40
224.80
206.30
191.10
177.90
167.60
157.00
146.40
137.80
133.00
133.80
137.30
142.90
147.80
151.20
154.20
154.70
153.00
149.50
145.70
143.30
142.90
141.60
138.20
130.80
121.50
112.80
104.10
95.02
87.09
80.93
76.02
71.01
66.79
63.32
61.16
59.46
58.29
57.18
54.29
51.30
55.66
60.10
74.25
89.62
98.05
96.24
95.27
105.20
97.90
90.63
83.36
68.48
58.39
52.96
48.48
43.40
39.32
35.86
32.25
28.43
24.69
21.70
20.41
17.70
15.95
14.34
12.38
8.59
5.89
3.56
1.75
1.21
0.92
0.69
0.51
0.34
0.20
0.16
0.17
0.18
0.19
0.19
0.20
0.21
0.22
0.23
0.24
0.25
0.27
0.27
0.29
0.29
0.31
0.32
0.33
0.34
0.35
0.36
0.38
0.39
0.40
0.40
0.42
0.42
0.43
0.44
0.45
0.46
0.46
0.47
0.48
0.49
0.49
0.50
0.51
0.52
0.53
0.54
0.56
0.57
0.58
0.59
0.60
0.61
0.62
0.63
0.64
0.65
0.66
0.66
0.67
0.68
0.68
0.68
0.68
0.68
0.68
0.68
0.68
0.68
0.67
0.67
0.67
0.67
0.66
0.65
0.65
0.64
0.64
0.63
0.63
0.62
0.62
0.61
0.61
0.60
0.60
0.60
0.60
0.59
0.59
0.59
0.59
0.59
429.70
424.40
418.20
412.80
406.60
399.00
389.40
379.00
367.60
354.70
340.40
324.80
308.10
289.50
269.40
250.70
234.20
214.80
196.70
180.60
167.10
156.10
146.50
136.90
129.40
126.10
127.60
132.10
138.20
142.80
146.70
149.60
150.90
149.50
146.40
142.10
138.50
136.30
134.50
131.20
124.70
115.90
107.50
99.03
90.57
83.79
78.03
73.72
69.80
66.61
63.75
62.20
61.10
59.96
59.28
56.97
54.64
57.61
68.06
81.77
93.55
98.00
99.62
104.20
113.90
110.00
90.70
73.09
60.86
54.83
48.85
43.77
39.18
35.19
31.57
28.58
25.91
23.11
21.65
20.43
17.91
16.06
14.44
11.18
8.51
6.00
3.52
1.71
1.21
0.90
0.69
0.51
0.34
0.21
0.17
0.17
0.17
0.18
0.19
0.20
0.21
0.22
0.22
0.24
0.25
0.26
0.27
0.29
0.30
0.31
0.32
0.33
0.34
0.36
0.37
0.38
0.39
0.40
0.41
0.42
0.43
0.43
0.44
0.45
0.46
0.46
0.46
0.47
0.48
0.49
0.50
0.50
0.51
0.52
0.54
0.55
0.56
0.58
0.59
0.60
0.61
0.62
0.63
0.64
0.65
0.66
0.67
0.67
0.68
0.69
0.69
0.69
0.70
0.70
0.70
0.70
0.70
0.70
0.70
0.70
0.70
0.70
0.69
0.68
0.68
0.67
0.67
0.66
0.65
0.65
0.64
0.64
0.63
0.63
0.62
0.62
0.62
0.61
0.61
0.60
0.60
430.00
423.80
417.80
412.00
405.40
397.20
387.00
376.60
364.40
350.90
336.10
320.10
302.60
283.80
263.90
245.60
227.80
208.60
190.10
172.90
158.80
147.20
137.50
129.00
122.70
119.70
121.00
125.70
131.60
136.40
140.40
143.60
145.80
145.80
143.60
139.00
134.50
131.00
128.60
125.60
120.60
112.80
104.60
96.71
88.87
82.75
77.88
74.40
71.98
69.18
67.07
65.96
65.07
63.92
62.82
61.87
60.49
64.88
75.05
87.17
95.68
102.30
109.00
114.50
117.60
101.60
85.61
68.09
59.11
53.72
48.29
43.44
39.20
35.56
31.93
29.18
26.33
24.11
22.65
21.61
19.49
17.89
17.06
13.85
11.01
7.81
4.44
1.88
1.27
0.94
0.71
0.53
0.35
0.22
0.17
0.18
0.19
0.20
0.22
0.22
0.23
0.24
0.26
0.27
0.28
0.29
0.30
0.31
0.33
0.34
0.35
0.37
0.38
0.39
0.40
0.41
0.42
0.44
0.44
0.45
0.46
0.47
0.47
0.48
0.48
0.49
0.50
0.50
0.51
0.52
0.52
0.53
0.54
0.55
0.56
0.58
0.59
0.61
0.61
0.63
0.64
0.66
0.67
0.68
0.69
0.70
0.70
0.71
0.72
0.72
0.72
0.72
0.72
0.72
0.72
0.72
0.72
0.71
0.71
0.71
0.70
0.69
0.69
0.68
0.67
0.67
0.66
0.66
0.65
0.64
0.63
0.63
0.62
0.62
0.61
0.61
0.60
0.60
0.59
0.59
0.59
430.00
423.40
417.00
410.70
402.90
394.10
384.50
372.50
360.00
346.10
330.10
313.40
295.40
276.80
256.90
239.30
221.00
200.80
182.50
165.40
150.70
138.60
128.30
120.90
115.30
113.60
115.00
119.90
125.50
130.10
134.60
138.10
140.40
141.30
139.90
136.20
130.90
127.10
124.40
121.60
117.50
110.30
103.30
95.59
89.00
83.99
79.99
76.74
74.92
72.82
71.17
69.72
68.39
66.93
65.59
64.91
66.34
72.54
82.62
92.14
100.70
111.20
121.20
125.00
119.60
102.10
81.41
67.51
60.56
54.85
49.13
44.72
40.57
36.45
33.35
30.67
27.78
26.02
24.17
22.70
21.06
20.28
20.48
17.57
16.25
9.72
5.70
2.07
1.34
0.95
0.71
0.53
0.35
0.22
0.18
0.18
0.18
0.19
0.21
0.21
0.22
0.23
0.25
0.26
0.27
0.28
0.29
0.31
0.32
0.33
0.35
0.36
0.38
0.39
0.40
0.41
0.42
0.43
0.44
0.44
0.45
0.46
0.46
0.47
0.48
0.49
0.49
0.49
0.50
0.51
0.51
0.52
0.53
0.54
0.55
0.57
0.58
0.59
0.61
0.62
0.63
0.65
0.66
0.67
0.68
0.69
0.70
0.71
0.72
0.72
0.73
0.73
0.73
0.74
0.74
0.74
0.74
0.74
0.74
0.74
0.73
0.73
0.72
0.71
0.71
0.70
0.69
0.68
0.67
0.67
0.66
0.66
0.65
0.64
0.64
0.63
0.63
0.62
0.62
0.61
0.61
429.90
423.20
416.60
410.30
402.00
393.10
382.80
371.30
357.50
343.30
327.10
310.20
291.40
272.70
253.70
236.00
217.40
197.50
178.40
161.00
145.70
133.10
122.50
114.30
109.50
108.20
110.10
114.40
119.20
124.60
129.10
132.90
135.80
137.10
136.80
134.30
130.40
125.60
122.30
119.60
116.60
111.60
104.60
98.13
91.53
86.75
83.27
80.08
77.71
75.74
73.51
72.36
71.01
69.11
67.99
69.12
75.48
82.58
92.02
101.20
111.30
122.30
131.60
131.30
121.80
101.20
80.67
69.22
61.84
55.50
49.93
45.45
41.64
38.37
35.78
33.39
30.86
28.57
27.14
26.18
27.62
27.59
26.53
22.19
19.20
11.89
6.20
2.40
1.43
1.02
0.76
0.56
0.36
0.22
0.18
0.19
0.20
0.21
0.22
0.23
0.24
0.26
0.27
0.28
0.29
0.31
0.32
0.33
0.34
0.35
0.37
0.38
0.40
0.41
0.42
0.43
0.44
0.45
0.46
0.47
0.48
0.48
0.49
0.49
0.50
0.51
0.51
0.52
0.52
0.53
0.53
0.54
0.55
0.56
0.57
0.59
0.60
0.61
0.63
0.64
0.66
0.67
0.68
0.70
0.71
0.72
0.73
0.73
0.74
0.74
0.74
0.74
0.74
0.74
0.74
0.74
0.74
0.74
0.74
0.73
0.73
0.72
0.71
0.70
0.70
0.69
0.68
0.67
0.66
0.66
0.65
0.65
0.64
0.63
0.63
0.62
0.62
0.61
0.61
0.61
0.61
429.70
422.20
415.40
408.90
400.40
391.20
379.50
367.40
354.00
338.80
322.00
304.50
286.10
267.00
248.60
231.30
212.30
192.00
173.10
155.60
140.30
127.90
116.80
108.80
104.00
103.80
106.90
111.10
115.30
119.80
124.60
128.90
131.80
133.40
133.60
132.40
129.30
125.60
121.60
118.70
116.10
112.30
106.30
99.85
93.62
88.41
84.66
82.06
80.63
77.87
75.04
75.03
75.47
76.04
76.26
77.88
84.34
90.71
99.08
109.20
120.50
131.90
138.30
133.90
120.70
97.16
78.20
68.56
61.27
55.39
49.52
45.42
42.34
39.06
36.47
35.13
34.01
34.23
37.79
42.20
43.67
40.06
37.87
27.69
21.22
12.85
5.92
2.36
1.49
1.03
0.76
0.55
0.35
0.22
0.17
0.17
0.18
0.19
0.20
0.21
0.22
0.24
0.25
0.26
0.27
0.29
0.30
0.31
0.33
0.34
0.35
0.37
0.38
0.40
0.41
0.42
0.43
0.44
0.45
0.46
0.46
0.47
0.48
0.48
0.49
0.49
0.50
0.50
0.51
0.51
0.52
0.53
0.53
0.54
0.55
0.57
0.58
0.59
0.61
0.63
0.64
0.66
0.67
0.68
0.69
0.70
0.71
0.72
0.73
0.74
0.74
0.74
0.75
0.75
0.75
0.75
0.75
0.75
0.75
0.75
0.75
0.75
0.74
0.73
0.72
0.71
0.71
0.70
0.69
0.68
0.68
0.67
0.66
0.65
0.65
0.64
0.64
0.63
0.63
0.62
0.61
430.10
423.30
416.10
408.80
400.20
390.70
379.30
366.80
352.30
337.40
320.70
303.30
284.60
265.60
247.20
229.70
210.80
191.60
171.70
154.10
138.80
125.40
114.20
106.10
101.00
100.70
103.90
108.20
112.50
116.60
120.70
124.60
128.00
129.70
130.70
130.80
129.30
126.70
123.00
119.80
116.80
113.30
108.70
102.40
95.82
90.75
87.15
85.01
83.17
81.98
81.11
80.36
80.87
82.26
84.83
89.74
98.48
106.70
116.20
128.10
140.90
150.80
155.30
151.20
136.10
114.40
92.79
82.17
73.25
64.52
56.94
50.41
45.16
41.11
38.64
37.92
40.27
44.21
49.14
53.84
50.38
43.53
31.36
22.38
15.03
11.80
4.51
2.20
1.44
1.02
0.76
0.55
0.35
0.20
0.16
0.18
0.18
0.20
0.21
0.22
0.24
0.25
0.26
0.27
0.29
0.30
0.31
0.33
0.34
0.35
0.37
0.38
0.40
0.41
0.42
0.44
0.45
0.46
0.47
0.48
0.49
0.49
0.50
0.51
0.51
0.52
0.52
0.53
0.53
0.54
0.54
0.55
0.55
0.56
0.57
0.58
0.60
0.61
0.63
0.64
0.66
0.67
0.69
0.70
0.71
0.72
0.73
0.74
0.75
0.75
0.75
0.75
0.75
0.75
0.75
0.75
0.75
0.75
0.74
0.74
0.74
0.73
0.72
0.72
0.71
0.70
0.69
0.68
0.67
0.67
0.66
0.66
0.64
0.64
0.63
0.63
0.63
0.62
0.62
0.61
0.61
428.70
422.60
415.10
408.00
398.70
388.90
377.40
364.80
350.20
333.50
317.10
299.70
281.50
262.30
244.10
226.70
207.60
188.20
169.00
151.60
136.20
122.80
112.00
104.30
99.59
99.04
102.40
106.90
111.10
115.00
118.80
121.80
124.60
126.80
128.20
128.40
127.70
126.30
124.00
121.00
117.90
113.90
109.80
104.60
99.53
96.18
95.53
97.74
98.29
97.95
97.38
97.49
97.90
99.16
99.91
103.90
109.70
116.90
126.40
138.10
148.90
156.10
159.00
155.20
137.90
109.70
88.85
77.67
70.89
65.35
58.39
51.36
44.33
40.94
39.67
41.70
45.04
46.27
45.26
44.29
42.86
40.89
31.49
21.61
14.80
11.80
4.39
2.17
1.39
1.00
0.75
0.53
0.33
0.19
0.15
0.15
0.16
0.17
0.19
0.20
0.21
0.22
0.24
0.25
0.26
0.27
0.29
0.30
0.31
0.33
0.34
0.35
0.37
0.38
0.40
0.41
0.42
0.43
0.45
0.46
0.47
0.47
0.48
0.49
0.49
0.50
0.50
0.51
0.51
0.51
0.52
0.52
0.53
0.54
0.55
0.56
0.57
0.59
0.60
0.62
0.63
0.65
0.66
0.67
0.68
0.70
0.70
0.71
0.72
0.73
0.73
0.74
0.74
0.74
0.74
0.74
0.74
0.74
0.74
0.74
0.74
0.75
0.74
0.73
0.72
0.72
0.71
0.70
0.69
0.68
0.68
0.67
0.66
0.66
0.66
0.65
0.65
0.64
0.64
0.63
0.62
429.80
422.30
415.30
408.10
399.20
389.00
377.90
364.40
349.30
333.50
316.70
299.00
281.50
262.20
243.90
226.90
208.20
189.10
170.20
152.60
136.90
123.00
112.60
104.90
99.83
98.76
101.90
105.80
110.00
113.60
116.70
119.80
121.90
123.60
125.30
126.40
126.40
125.70
124.10
122.20
118.90
116.00
113.20
109.80
105.50
101.20
97.57
94.21
92.24
91.70
92.09
93.72
94.67
95.48
95.06
97.91
103.80
112.20
124.20
137.00
148.10
154.90
156.90
152.10
130.70
106.10
81.73
73.29
66.26
58.12
52.18
47.35
43.65
40.62
39.20
37.91
36.84
36.45
35.60
34.19
31.06
29.80
25.02
20.12
13.86
11.11
4.42
2.04
1.38
1.00
0.74
0.53
0.32
0.18
0.14
0.15
0.16
0.18
0.19
0.20
0.22
0.23
0.24
0.25
0.26
0.28
0.29
0.30
0.32
0.33
0.34
0.36
0.37
0.39
0.40
0.42
0.43
0.44
0.45
0.47
0.47
0.48
0.49
0.50
0.51
0.51
0.52
0.52
0.53
0.53
0.54
0.54
0.55
0.55
0.56
0.57
0.58
0.60
0.61
0.62
0.64
0.65
0.67
0.68
0.69
0.70
0.71
0.71
0.72
0.73
0.74
0.74
0.74
0.74
0.74
0.74
0.74
0.74
0.73
0.73
0.72
0.72
0.71
0.71
0.70
0.70
0.69
0.68
0.68
0.67
0.66
0.65
0.65
0.64
0.64
0.64
0.63
0.63
0.63
0.62
0.62
429.20
421.90
414.80
406.60
398.20
387.80
376.90
362.70
347.80
331.10
314.80
297.70
279.90
260.70
242.50
225.50
207.30
188.90
169.60
152.30
136.60
123.70
113.40
105.20
100.30
99.38
101.90
106.00
109.40
112.60
115.90
118.50
120.50
121.80
123.10
124.40
124.80
124.80
124.20
122.90
120.20
117.10
113.20
110.50
107.30
104.20
100.40
96.54
93.31
90.65
89.39
89.53
89.90
90.05
89.59
90.48
95.66
103.30
114.20
124.30
132.40
137.10
138.30
136.10
126.90
103.90
86.18
75.89
67.05
59.49
54.22
48.96
44.64
41.22
38.12
35.31
33.10
30.67
28.37
26.44
23.97
21.73
18.71
16.39
10.73
7.28
3.22
1.76
1.23
0.88
0.66
0.46
0.28
0.16
0.13
0.13
0.14
0.14
0.16
0.17
0.18
0.19
0.21
0.22
0.23
0.24
0.26
0.27
0.28
0.30
0.31
0.32
0.34
0.35
0.37
0.38
0.39
0.41
0.42
0.43
0.44
0.45
0.46
0.47
0.48
0.48
0.49
0.50
0.50
0.50
0.51
0.51
0.52
0.53
0.53
0.54
0.55
0.56
0.57
0.59
0.60
0.61
0.63
0.64
0.65
0.66
0.67
0.68
0.69
0.69
0.70
0.71
0.71
0.72
0.72
0.72
0.72
0.72
0.72
0.72
0.72
0.72
0.72
0.72
0.72
0.71
0.70
0.70
0.69
0.69
0.68
0.67
0.66
0.66
0.66
0.66
0.65
0.65
0.64
0.64
0.64
430.10
422.40
415.30
407.70
398.80
389.00
377.30
363.90
348.60
332.10
315.70
299.20
281.20
262.80
244.30
227.40
209.80
191.70
173.30
155.40
140.00
126.70
116.00
107.60
101.40
99.50
102.10
105.60
108.80
112.00
114.50
116.80
118.80
120.30
122.00
123.10
124.10
124.30
124.00
123.40
122.30
120.30
117.80
114.60
110.90
106.90
102.10
96.53
91.38
87.46
84.65
82.58
80.69
79.21
76.46
75.08
81.66
91.91
104.90
116.40
126.20
132.00
135.40
135.40
131.20
112.00
92.94
80.53
72.87
66.06
60.80
56.76
52.07
47.69
42.54
38.42
35.01
31.42
29.15
26.00
22.61
19.90
16.35
12.93
9.74
5.89
3.13
1.69
1.21
0.87
0.65
0.45
0.27
0.14
0.12
0.13
0.14
0.15
0.16
0.17
0.19
0.20
0.21
0.22
0.24
0.25
0.25
0.27
0.28
0.29
0.31
0.32
0.33
0.35
0.36
0.38
0.39
0.40
0.41
0.43
0.44
0.45
0.46
0.47
0.48
0.49
0.49
0.50
0.50
0.51
0.51
0.52
0.52
0.53
0.53
0.55
0.55
0.57
0.57
0.59
0.60
0.61
0.62
0.63
0.64
0.65
0.66
0.67
0.68
0.69
0.70
0.70
0.70
0.71
0.71
0.71
0.71
0.71
0.71
0.71
0.70
0.70
0.70
0.69
0.69
0.68
0.68
0.67
0.67
0.67
0.66
0.65
0.65
0.64
0.64
0.64
0.64
0.64
0.64
0.64
0.64
429.20
421.50
414.50
407.00
398.10
388.80
376.90
363.50
347.80
332.10
316.00
299.20
281.70
263.60
244.90
227.90
210.70
192.90
174.80
157.50
142.60
129.40
118.10
109.00
102.30
99.96
102.50
105.80
109.00
111.40
113.90
116.10
118.30
120.00
121.20
122.40
123.60
124.20
124.60
124.50
123.60
122.50
120.60
117.20
113.20
108.50
102.60
96.14
89.59
84.05
80.23
77.00
74.52
72.05
69.05
67.83
75.37
87.92
102.30
114.00
123.20
129.60
133.50
134.60
131.40
118.80
96.35
82.56
74.70
68.11
63.29
58.95
55.19
51.44
48.35
44.50
39.17
34.05
30.75
26.48
23.65
21.16
16.82
12.53
9.78
5.48
2.89
1.64
1.18
0.84
0.62
0.43
0.25
0.14
0.11
0.11
0.11
0.12
0.13
0.14
0.15
0.16
0.17
0.19
0.20
0.21
0.22
0.23
0.25
0.26
0.27
0.29
0.30
0.31
0.32
0.34
0.35
0.36
0.38
0.39
0.40
0.41
0.42
0.43
0.44
0.45
0.46
0.46
0.47
0.48
0.48
0.48
0.49
0.50
0.50
0.51
0.52
0.53
0.54
0.55
0.56
0.57
0.58
0.59
0.60
0.61
0.62
0.63
0.64
0.65
0.66
0.66
0.67
0.67
0.68
0.68
0.68
0.69
0.69
0.69
0.69
0.69
0.69
0.69
0.69
0.69
0.69
0.68
0.68
0.68
0.67
0.66
0.65
0.65
0.65
0.65
0.65
0.65
0.65
0.65
0.64
430.00
422.70
415.00
407.70
399.60
390.40
378.10
365.30
349.90
334.50
318.80
302.60
284.60
267.40
249.30
231.20
215.00
197.70
180.30
163.00
148.10
134.80
122.80
112.40
104.30
100.90
102.30
105.30
108.20
111.00
113.20
115.10
117.00
118.40
119.60
120.80
122.00
122.70
123.40
123.50
123.50
123.20
121.90
119.50
116.00
110.90
104.80
98.08
91.08
85.24
80.55
76.43
72.82
69.11
65.61
62.98
69.89
84.03
96.43
107.50
116.50
123.30
127.60
129.70
128.10
120.30
102.40
84.66
74.81
68.43
62.96
59.48
55.47
51.72
47.66
44.43
40.35
36.22
32.52
28.57
24.88
21.81
18.26
13.39
9.87
6.29
3.17
1.69
1.20
0.88
0.63
0.43
0.25
0.12
0.10
0.11
0.12
0.13
0.14
0.15
0.16
0.17
0.18
0.19
0.20
0.21
0.22
0.24
0.25
0.26
0.27
0.28
0.30
0.31
0.32
0.33
0.35
0.36
0.37
0.38
0.40
0.41
0.42
0.42
0.44
0.44
0.45
0.46
0.47
0.48
0.48
0.48
0.49
0.50
0.50
0.51
0.52
0.53
0.53
0.54
0.55
0.56
0.57
0.59
0.59
0.61
0.61
0.62
0.63
0.64
0.65
0.66
0.67
0.67
0.67
0.67
0.67
0.67
0.67
0.67
0.67
0.67
0.67
0.67
0.67
0.66
0.66
0.66
0.65
0.65
0.64
0.64
0.64
0.64
0.64
0.64
0.64
0.64
0.64
0.64
0.64
429.30
422.10
415.00
407.30
399.40
390.10
379.00
366.00
351.60
335.30
319.70
303.90
287.30
269.30
251.80
234.00
217.10
200.60
183.90
167.40
152.70
139.30
127.00
116.10
107.10
102.20
103.00
105.90
108.70
111.60
113.50
115.20
116.60
118.00
119.10
120.30
121.30
122.30
123.00
123.60
123.80
123.40
122.20
120.00
117.10
112.40
106.20
99.01
92.16
85.93
80.81
76.24
71.78
67.15
62.65
59.80
67.47
80.82
92.55
103.70
112.60
119.50
124.50
126.90
125.80
118.10
101.50
83.09
69.36
60.67
55.11
49.60
46.27
43.94
41.81
40.19
37.28
34.23
30.71
27.71
24.05
20.40
17.00
13.07
9.01
6.62
3.16
1.65
1.17
0.83
0.61
0.40
0.24
0.12
0.09
0.09
0.10
0.10
0.11
0.12
0.13
0.14
0.15
0.16
0.17
0.18
0.19
0.20
0.22
0.23
0.24
0.25
0.26
0.28
0.28
0.30
0.31
0.32
0.33
0.34
0.35
0.37
0.38
0.39
0.39
0.41
0.41
0.42
0.43
0.43
0.44
0.45
0.45
0.46
0.47
0.47
0.48
0.48
0.49
0.50
0.51
0.52
0.53
0.54
0.55
0.57
0.57
0.58
0.59
0.60
0.61
0.62
0.62
0.63
0.64
0.64
0.65
0.65
0.65
0.65
0.66
0.66
0.66
0.66
0.66
0.66
0.66
0.66
0.66
0.66
0.66
0.65
0.65
0.64
0.64
0.64
0.64
0.64
0.64
0.64
0.64
