SALVI
1
0
24
15.00
181
1.00
250114 AVENUE 5050 350mA 3000K F4M2 PMMA SC
250114 AVENUE 5050 F4M2 PMMA SC

250114 AVENUE 5050 350mA 3000K F4M2 PMMA SC.ldt
11-4-2025/TB
545
475
737
380
0
0
0
0
0
97.9
100.0
1.000
0.0
1
1
16 LED
5219.3
3000
70
39.8
0.124
0.200
0.286
0.367
0.428
0.532
0.595
0.653
0.725
0.772
0.0
15.0
30.0
45.0
60.0
75.0
90.0
105.0
120.0
135.0
150.0
165.0
180.0
195.0
210.0
225.0
240.0
255.0
270.0
285.0
300.0
315.0
330.0
345.0
0.0
1.0
2.0
3.0
4.0
5.0
6.0
7.0
8.0
9.0
10.0
11.0
12.0
13.0
14.0
15.0
16.0
17.0
18.0
19.0
20.0
21.0
22.0
23.0
24.0
25.0
26.0
27.0
28.0
29.0
30.0
31.0
32.0
33.0
34.0
35.0
36.0
37.0
38.0
39.0
40.0
41.0
42.0
43.0
44.0
45.0
46.0
47.0
48.0
49.0
50.0
51.0
52.0
53.0
54.0
55.0
56.0
57.0
58.0
59.0
60.0
61.0
62.0
63.0
64.0
65.0
66.0
67.0
68.0
69.0
70.0
71.0
72.0
73.0
74.0
75.0
76.0
77.0
78.0
79.0
80.0
81.0
82.0
83.0
84.0
85.0
86.0
87.0
88.0
89.0
90.0
91.0
92.0
93.0
94.0
95.0
96.0
97.0
98.0
99.0
100.0
101.0
102.0
103.0
104.0
105.0
106.0
107.0
108.0
109.0
110.0
111.0
112.0
113.0
114.0
115.0
116.0
117.0
118.0
119.0
120.0
121.0
122.0
123.0
124.0
125.0
126.0
127.0
128.0
129.0
130.0
131.0
132.0
133.0
134.0
135.0
136.0
137.0
138.0
139.0
140.0
141.0
142.0
143.0
144.0
145.0
146.0
147.0
148.0
149.0
150.0
151.0
152.0
153.0
154.0
155.0
156.0
157.0
158.0
159.0
160.0
161.0
162.0
163.0
164.0
165.0
166.0
167.0
168.0
169.0
170.0
171.0
172.0
173.0
174.0
175.0
176.0
177.0
178.0
179.0
180.0
77.46
80.72
76.84
73.33
72.68
70.35
59.17
54.76
57.88
64.56
51.52
50.52
57.75
64.50
77.94
85.33
101.2
88.75
99.38
105.4
106.4
109.0
106.7
98.93
106.6
116.6
112.7
118.3
122.4
137.9
153.6
168.9
179.9
188.4
198.9
206.6
223.1
226.8
229.1
240.7
242.9
253.0
263.2
278.7
281.8
280.4
285.7
289.2
297.7
296.4
296.7
300.5
307.2
310.3
306.6
310.8
311.0
314.0
312.7
311.0
306.6
301.9
296.0
291.5
282.0
273.1
259.7
247.2
233.7
216.9
199.8
180.8
162.6
143.4
126.6
110.1
96.90
85.35
74.83
68.93
59.77
50.33
43.87
37.36
33.31
31.18
29.10
27.77
26.79
25.63
24.00
23.46
23.11
21.21
18.30
15.42
11.48
8.753
6.335
4.761
3.821
3.837
3.974
4.047
4.202
3.907
3.936
3.553
3.096
2.513
2.239
1.988
1.930
2.351
2.270
2.398
2.234
2.372
2.352
2.424
2.746
2.725
2.970
3.218
3.341
3.085
2.642
2.581
2.222
2.247
2.113
1.825
1.658
1.766
1.521
1.211
1.202
1.109
0.9180
0.7190
0.5638
0.5171
0.5040
0.5002
0.5078
0.5218
0.5695
0.5579
0.5838
0.7388
1.139
1.535
1.386
1.473
1.488
1.315
1.415
0.7732
0.4106
0.3017
0.2516
0.2440
0.2402
0.2374
0.2355
0.2346
0.2336
0.2289
0.2270
0.2252
0.2261
0.2242
0.2242
0.2242
0.2242
0.2242
0.2242
0.2252
0.2252
0.2261
0.2280
75.65
77.82
72.59
68.70
69.81
74.79
63.42
61.20
62.45
64.00
69.78
80.38
76.61
79.22
87.07
84.47
104.4
105.7
108.3
116.8
118.6
118.2
122.6
130.1
134.3
139.7
136.2
137.0
142.7
149.2
158.7
168.3
184.6
180.4
186.0
197.8
199.6
203.6
211.8
218.8
229.0
232.5
241.1
244.0
251.4
259.3
265.4
272.1
273.7
276.5
277.5
279.3
282.5
288.1
292.1
292.5
298.1
302.5
300.1
297.9
302.9
309.4
306.5
306.8
302.9
297.4
292.4
288.5
283.5
270.8
254.4
237.8
215.0
191.1
169.1
145.0
119.8
99.04
83.15
67.89
54.56
43.44
36.37
31.13
29.32
27.85
26.27
24.72
23.46
23.36
24.00
23.29
22.73
21.45
19.75
16.41
12.86
10.03
8.218
5.213
3.930
3.701
3.907
3.520
3.226
2.879
2.565
2.339
2.047
1.750
1.422
1.241
1.319
1.370
1.380
1.586
1.483
1.660
1.789
1.810
1.572
1.831
1.759
1.792
1.942
2.101
1.907
1.845
1.737
1.940
1.865
1.622
1.527
1.313
1.258
1.226
0.9493
0.8852
0.7392
0.6741
0.5897
0.5256
0.5077
0.5012
0.5012
0.5031
0.5201
0.5297
0.6191
0.6652
0.9414
1.208
1.205
1.181
0.9797
0.7902
0.6220
0.4062
0.2662
0.2233
0.2204
0.2195
0.2195
0.2195
0.2195
0.2195
0.2195
0.2195
0.2204
0.2205
0.2214
0.2252
0.2271
0.2289
0.2327
0.2355
0.2384
0.2412
0.2412
0.2440
0.2431
76.14
79.51
71.89
66.46
70.20
69.20
56.54
65.71
60.05
62.38
69.06
66.46
69.82
86.52
101.0
99.75
109.3
120.8
118.3
122.1
125.1
129.9
128.4
137.1
137.4
147.7
166.7
162.0
155.3
160.7
169.8
190.4
205.0
208.3
220.3
225.8
224.9
232.7
242.5
244.9
250.8
251.3
257.8
262.3
267.1
274.1
276.8
282.1
292.8
295.8
301.3
302.5
309.3
316.8
319.3
325.4
334.0
343.0
347.7
356.3
360.1
366.7
369.7
375.7
377.1
377.2
372.9
363.0
351.4
341.0
323.4
308.3
282.6
256.8
220.5
186.3
149.9
115.8
88.06
67.63
52.58
43.16
34.81
28.92
26.95
25.65
24.72
24.34
25.51
24.55
23.51
22.08
22.11
20.87
17.62
13.93
9.896
7.676
5.328
3.722
2.677
2.386
2.345
2.405
2.084
1.838
1.543
1.374
1.172
1.089
1.031
0.9858
0.9452
0.9281
0.9261
0.9029
0.8904
0.8549
0.8116
0.7673
0.7387
0.7442
0.8493
0.9412
1.049
0.9409
1.010
1.135
1.379
1.284
1.284
1.222
1.114
1.051
1.016
0.9678
0.9980
0.8380
0.7257
0.6443
0.5697
0.5318
0.4985
0.4983
0.4834
0.4953
0.5465
0.5835
0.7210
0.8138
1.035
2.120
1.026
0.5457
0.5072
0.4216
0.2586
0.2178
0.2158
0.2111
0.2110
0.2110
0.2120
0.2101
0.2091
0.2091
0.2101
0.2082
0.2082
0.2082
0.2082
0.2082
0.2101
0.2120
0.2157
0.2167
0.2204
0.2233
0.2298
0.2317
0.2383
75.42
81.12
77.92
73.44
74.20
74.32
65.61
55.04
60.97
75.90
82.54
81.86
87.82
90.77
88.20
104.7
101.7
105.7
121.1
119.2
125.2
128.4
122.9
133.0
140.2
134.6
149.8
146.1
152.4
157.2
164.8
185.2
189.4
197.6
203.3
211.5
217.9
226.2
228.5
233.2
244.2
253.3
263.9
269.0
277.8
280.8
290.7
299.8
306.3
309.4
323.0
335.0
342.2
350.7
359.7
369.0
381.7
387.4
397.4
405.9
414.2
422.0
433.8
442.2
444.8
443.1
438.5
441.1
438.0
422.6
395.4
354.5
307.4
269.6
215.2
158.4
125.3
92.24
71.81
56.56
45.34
34.68
28.56
24.39
20.55
17.96
15.80
14.78
14.46
12.79
11.71
11.36
10.90
10.01
9.435
8.396
7.050
5.753
4.481
3.571
3.189
2.811
2.714
2.714
2.556
2.510
2.520
2.459
2.219
1.995
1.666
1.511
1.344
1.237
1.171
1.160
1.199
1.325
1.251
1.177
1.165
1.259
1.193
1.243
1.331
1.257
1.245
1.298
1.198
1.092
1.141
1.127
1.101
1.054
0.9891
0.9007
0.7985
0.7222
0.6656
0.6170
0.5510
0.5263
0.4923
0.4587
0.4333
0.4315
0.4387
0.4769
0.5192
0.7291
0.9543
1.088
1.463
1.301
0.8290
0.6345
0.5228
0.2891
0.2091
0.1950
0.1950
0.1950
0.1950
0.1950
0.1960
0.1997
0.2007
0.2026
0.2054
0.2073
0.2082
0.2148
0.2186
0.2242
0.2271
0.2308
0.2402
0.2431
0.2497
0.2525
0.2525
76.06
83.43
81.39
80.32
72.90
69.51
63.45
64.66
71.70
63.71
51.14
60.26
77.97
79.33
98.35
111.7
114.6
116.1
124.2
116.1
130.1
111.3
106.6
114.2
114.7
132.8
125.1
125.7
142.4
151.9
175.4
196.3
203.9
220.0
230.1
238.6
245.5
258.5
263.0
274.6
287.1
301.1
308.9
319.6
329.4
336.6
349.2
356.5
366.7
373.8
381.8
392.8
399.8
404.3
405.5
413.2
416.0
423.4
427.3
430.1
432.5
435.1
437.5
434.2
428.4
410.1
385.1
359.7
325.2
277.1
229.3
186.1
157.5
135.5
119.0
103.8
89.71
77.49
65.35
57.50
44.46
32.73
27.34
22.10
18.02
15.35
13.60
12.72
12.76
11.83
11.29
11.34
11.04
10.93
9.969
8.679
7.683
6.328
4.885
4.222
3.847
3.981
4.244
4.450
4.364
4.418
4.387
3.900
3.201
2.775
2.209
1.749
1.530
1.487
1.486
1.474
1.514
1.407
1.569
1.681
1.614
1.736
1.983
2.184
2.101
1.836
1.866
1.624
1.614
1.543
1.402
1.330
1.233
1.195
1.169
1.007
1.066
0.8913
0.7148
0.5883
0.5028
0.4891
0.4778
0.4609
0.4202
0.4155
0.4145
0.4238
0.4520
0.6882
1.163
1.429
1.721
1.575
1.637
1.419
0.8859
0.3717
0.2454
0.1917
0.1875
0.1837
0.1837
0.1837
0.1837
0.1837
0.1837
0.1837
0.1837
0.1837
0.1856
0.1921
0.1969
0.2044
0.2072
0.2138
0.2186
0.2223
0.2355
0.2383
0.2421
75.88
85.55
75.51
71.39
77.75
73.86
66.95
65.67
69.15
82.04
79.01
81.19
85.63
97.33
90.38
110.9
120.1
121.7
132.0
126.1
123.7
144.1
131.7
145.1
154.3
138.9
141.1
148.6
146.7
167.2
168.1
180.1
191.0
195.1
201.5
208.5
218.8
227.7
232.4
241.4
246.6
254.6
264.8
267.4
274.7
286.6
292.4
300.0
308.4
313.4
320.5
329.2
338.2
341.0
350.7
359.6
371.7
378.7
388.3
402.5
413.0
413.4
404.8
384.9
361.6
322.3
277.1
241.7
206.1
176.4
157.3
142.9
129.3
118.0
107.7
96.91
87.43
75.82
65.07
55.21
44.65
37.01
30.33
24.94
18.05
14.28
11.03
10.23
9.761
9.098
8.673
7.854
7.355
7.602
7.458
6.478
5.646
5.004
3.982
3.107
2.763
2.778
2.713
2.574
2.445
2.283
2.193
2.201
1.963
1.560
1.371
1.248
1.109
1.133
1.148
1.227
1.247
1.345
1.148
1.190
1.131
1.081
1.041
1.030
1.167
1.154
1.127
1.166
1.130
1.067
1.158
1.022
1.012
0.9047
0.8275
0.7479
0.7226
0.7314
0.5854
0.5461
0.4841
0.4587
0.4492
0.4286
0.4277
0.4287
0.4346
0.4540
0.5583
0.6968
0.8650
0.9624
1.118
1.181
0.9302
0.6466
0.3957
0.2638
0.1846
0.1799
0.1800
0.1818
0.1837
0.1847
0.1865
0.1875
0.1903
0.1931
0.1950
0.1960
0.2007
0.2083
0.2129
0.2186
0.2243
0.2289
0.2393
0.2431
0.2431
0.2431
0.2431
76.55
88.23
75.00
66.24
68.85
63.44
56.27
74.24
65.00
67.70
64.61
78.89
67.34
94.26
101.0
107.4
125.9
132.9
125.9
140.2
146.7
134.6
133.0
153.9
147.5
163.2
176.7
167.5
172.0
174.2
185.4
207.0
231.3
237.9
243.4
252.0
246.9
255.8
261.2
268.1
276.3
274.0
275.6
281.8
289.2
292.0
298.6
313.1
315.0
314.9
323.8
328.7
340.9
337.2
348.3
354.4
359.7
371.0
385.2
392.0
397.8
390.0
365.6
340.1
309.1
267.3
234.8
210.1
180.8
154.5
135.8
124.1
116.4
108.8
99.97
90.67
83.78
75.41
64.50
57.09
49.69
37.76
28.56
22.47
20.00
17.87
14.09
12.95
11.95
11.04
10.12
9.473
9.280
9.081
8.695
6.884
5.251
3.784
3.115
2.656
2.081
2.039
2.212
2.062
1.902
1.627
1.540
1.281
1.200
1.148
1.093
1.025
0.9780
0.9667
0.9796
1.002
0.9336
0.8750
0.8159
0.7541
0.6842
0.6689
0.8097
0.9010
0.9494
1.265
1.227
1.232
1.249
1.418
1.351
1.349
1.138
0.9320
0.9120
0.8915
0.8010
0.7297
0.6282
0.5171
0.4623
0.4261
0.4110
0.3996
0.3939
0.3863
0.3788
0.3731
0.4775
1.555
1.471
1.358
0.7165
0.4397
0.5374
0.2910
0.1917
0.1790
0.1771
0.1753
0.1752
0.1752
0.1752
0.1752
0.1752
0.1752
0.1752
0.1752
0.1752
0.1790
0.1809
0.1865
0.1959
0.1997
0.2054
0.2091
0.2167
0.2279
0.2317
0.2355
0.2393
75.88
85.55
75.51
71.39
77.75
73.86
66.95
65.67
69.15
82.04
79.01
81.19
85.63
97.33
90.38
110.9
120.1
121.7
132.0
126.1
123.7
144.1
131.7
145.1
154.3
138.9
141.1
148.6
146.7
167.2
168.1
180.1
191.0
195.1
201.5
208.5
218.8
227.7
232.4
241.4
246.6
254.6
264.8
267.4
274.7
286.6
292.4
300.0
308.4
313.4
320.5
329.2
338.2
341.0
350.7
359.6
371.7
378.7
388.3
402.5
413.0
413.4
404.8
384.9
361.6
322.3
277.1
241.7
206.1
176.4
157.3
142.9
129.3
118.0
107.7
96.91
87.43
75.82
65.07
55.21
44.65
37.01
30.33
24.94
18.05
14.28
11.03
10.23
9.761
9.098
8.673
7.854
7.355
7.602
7.458
6.478
5.646
5.004
3.982
3.107
2.763
2.778
2.713
2.574
2.445
2.283
2.193
2.201
1.963
1.560
1.371
1.248
1.109
1.133
1.148
1.227
1.247
1.345
1.148
1.190
1.131
1.081
1.041
1.030
1.167
1.154
1.127
1.166
1.130
1.067
1.158
1.022
1.012
0.9047
0.8275
0.7479
0.7226
0.7314
0.5854
0.5461
0.4841
0.4587
0.4492
0.4286
0.4277
0.4287
0.4346
0.4540
0.5583
0.6968
0.8650
0.9624
1.118
1.181
0.9302
0.6466
0.3957
0.2638
0.1846
0.1799
0.1800
0.1818
0.1837
0.1847
0.1865
0.1875
0.1903
0.1931
0.1950
0.1960
0.2007
0.2083
0.2129
0.2186
0.2243
0.2289
0.2393
0.2431
0.2431
0.2431
0.2431
76.06
83.43
81.39
80.32
72.90
69.51
63.45
64.66
71.70
63.71
51.14
60.26
77.97
79.33
98.35
111.7
114.6
116.1
124.2
116.1
130.1
111.3
106.6
114.2
114.7
132.8
125.1
125.7
142.4
151.9
175.4
196.3
203.9
220.0
230.1
238.6
245.5
258.5
263.0
274.6
287.1
301.1
308.9
319.6
329.4
336.6
349.2
356.5
366.7
373.8
381.8
392.8
399.8
404.3
405.5
413.2
416.0
423.4
427.3
430.1
432.5
435.1
437.5
434.2
428.4
410.1
385.1
359.7
325.2
277.1
229.3
186.1
157.5
135.5
119.0
103.8
89.71
77.49
65.35
57.50
44.46
32.73
27.34
22.10
18.02
15.35
13.60
12.72
12.76
11.83
11.29
11.34
11.04
10.93
9.969
8.679
7.683
6.328
4.885
4.222
3.847
3.981
4.244
4.450
4.364
4.418
4.387
3.900
3.201
2.775
2.209
1.749
1.530
1.487
1.486
1.474
1.514
1.407
1.569
1.681
1.614
1.736
1.983
2.184
2.101
1.836
1.866
1.624
1.614
1.543
1.402
1.330
1.233
1.195
1.169
1.007
1.066
0.8913
0.7148
0.5883
0.5028
0.4891
0.4778
0.4609
0.4202
0.4155
0.4145
0.4238
0.4520
0.6882
1.163
1.429
1.721
1.575
1.637
1.419
0.8859
0.3717
0.2454
0.1917
0.1875
0.1837
0.1837
0.1837
0.1837
0.1837
0.1837
0.1837
0.1837
0.1837
0.1856
0.1921
0.1969
0.2044
0.2072
0.2138
0.2186
0.2223
0.2355
0.2383
0.2421
75.42
81.12
77.92
73.44
74.20
74.32
65.61
55.04
60.97
75.90
82.54
81.86
87.82
90.77
88.20
104.7
101.7
105.7
121.1
119.2
125.2
128.4
122.9
133.0
140.2
134.6
149.8
146.1
152.4
157.2
164.8
185.2
189.4
197.6
203.3
211.5
217.9
226.2
228.5
233.2
244.2
253.3
263.9
269.0
277.8
280.8
290.7
299.8
306.3
309.4
323.0
335.0
342.2
350.7
359.7
369.0
381.7
387.4
397.4
405.9
414.2
422.0
433.8
442.2
444.8
443.1
438.5
441.1
438.0
422.6
395.4
354.5
307.4
269.6
215.2
158.4
125.3
92.24
71.81
56.56
45.34
34.68
28.56
24.39
20.55
17.96
15.80
14.78
14.46
12.79
11.71
11.36
10.90
10.01
9.435
8.396
7.050
5.753
4.481
3.571
3.189
2.811
2.714
2.714
2.556
2.510
2.520
2.459
2.219
1.995
1.666
1.511
1.344
1.237
1.171
1.160
1.199
1.325
1.251
1.177
1.165
1.259
1.193
1.243
1.331
1.257
1.245
1.298
1.198
1.092
1.141
1.127
1.101
1.054
0.9891
0.9007
0.7985
0.7222
0.6656
0.6170
0.5510
0.5263
0.4923
0.4587
0.4333
0.4315
0.4387
0.4769
0.5192
0.7291
0.9543
1.088
1.463
1.301
0.8290
0.6345
0.5228
0.2891
0.2091
0.1950
0.1950
0.1950
0.1950
0.1950
0.1960
0.1997
0.2007
0.2026
0.2054
0.2073
0.2082
0.2148
0.2186
0.2242
0.2271
0.2308
0.2402
0.2431
0.2497
0.2525
0.2525
76.14
79.51
71.89
66.46
70.20
69.20
56.54
65.71
60.05
62.38
69.06
66.46
69.82
86.52
101.0
99.75
109.3
120.8
118.3
122.1
125.1
129.9
128.4
137.1
137.4
147.7
166.7
162.0
155.3
160.7
169.8
190.4
205.0
208.3
220.3
225.8
224.9
232.7
242.5
244.9
250.8
251.3
257.8
262.3
267.1
274.1
276.8
282.1
292.8
295.8
301.3
302.5
309.3
316.8
319.3
325.4
334.0
343.0
347.7
356.3
360.1
366.7
369.7
375.7
377.1
377.2
372.9
363.0
351.4
341.0
323.4
308.3
282.6
256.8
220.5
186.3
149.9
115.8
88.06
67.63
52.58
43.16
34.81
28.92
26.95
25.65
24.72
24.34
25.51
24.55
23.51
22.08
22.11
20.87
17.62
13.93
9.896
7.676
5.328
3.722
2.677
2.386
2.345
2.405
2.084
1.838
1.543
1.374
1.172
1.089
1.031
0.9858
0.9452
0.9281
0.9261
0.9029
0.8904
0.8549
0.8116
0.7673
0.7387
0.7442
0.8493
0.9412
1.049
0.9409
1.010
1.135
1.379
1.284
1.284
1.222
1.114
1.051
1.016
0.9678
0.9980
0.8380
0.7257
0.6443
0.5697
0.5318
0.4985
0.4983
0.4834
0.4953
0.5465
0.5835
0.7210
0.8138
1.035
2.120
1.026
0.5457
0.5072
0.4216
0.2586
0.2178
0.2158
0.2111
0.2110
0.2110
0.2120
0.2101
0.2091
0.2091
0.2101
0.2082
0.2082
0.2082
0.2082
0.2082
0.2101
0.2120
0.2157
0.2167
0.2204
0.2233
0.2298
0.2317
0.2383
75.65
77.82
72.59
68.70
69.81
74.79
63.42
61.20
62.45
64.00
69.78
80.38
76.61
79.22
87.07
84.47
104.4
105.7
108.3
116.8
118.6
118.2
122.6
130.1
134.3
139.7
136.2
137.0
142.7
149.2
158.7
168.3
184.6
180.4
186.0
197.8
199.6
203.6
211.8
218.8
229.0
232.5
241.1
244.0
251.4
259.3
265.4
272.1
273.7
276.5
277.5
279.3
282.5
288.1
292.1
292.5
298.1
302.5
300.1
297.9
302.9
309.4
306.5
306.8
302.9
297.4
292.4
288.5
283.5
270.8
254.4
237.8
215.0
191.1
169.1
145.0
119.8
99.04
83.15
67.89
54.56
43.44
36.37
31.13
29.32
27.85
26.27
24.72
23.46
23.36
24.00
23.29
22.73
21.45
19.75
16.41
12.86
10.03
8.218
5.213
3.930
3.701
3.907
3.520
3.226
2.879
2.565
2.339
2.047
1.750
1.422
1.241
1.319
1.370
1.380
1.586
1.483
1.660
1.789
1.810
1.572
1.831
1.759
1.792
1.942
2.101
1.907
1.845
1.737
1.940
1.865
1.622
1.527
1.313
1.258
1.226
0.9493
0.8852
0.7392
0.6741
0.5897
0.5256
0.5077
0.5012
0.5012
0.5031
0.5201
0.5297
0.6191
0.6652
0.9414
1.208
1.205
1.181
0.9797
0.7902
0.6220
0.4062
0.2662
0.2233
0.2204
0.2195
0.2195
0.2195
0.2195
0.2195
0.2195
0.2195
0.2204
0.2205
0.2214
0.2252
0.2271
0.2289
0.2327
0.2355
0.2384
0.2412
0.2412
0.2440
0.2431
77.46
80.72
76.84
73.33
72.68
70.35
59.17
54.76
57.88
64.56
51.52
50.52
57.75
64.50
77.94
85.33
101.2
88.75
99.38
105.4
106.4
109.0
106.7
98.93
106.6
116.6
112.7
118.3
122.4
137.9
153.6
168.9
179.9
188.4
198.9
206.6
223.1
226.8
229.1
240.7
242.9
253.0
263.2
278.7
281.8
280.4
285.7
289.2
297.7
296.4
296.7
300.5
307.2
310.3
306.6
310.8
311.0
314.0
312.7
311.0
306.6
301.9
296.0
291.5
282.0
273.1
259.7
247.2
233.7
216.9
199.8
180.8
162.6
143.4
126.6
110.1
96.90
85.35
74.83
68.93
59.77
50.33
43.87
37.36
33.31
31.18
29.10
27.77
26.79
25.63
24.00
23.46
23.11
21.21
18.30
15.42
11.48
8.753
6.335
4.761
3.821
3.837
3.974
4.047
4.202
3.907
3.936
3.553
3.096
2.513
2.239
1.988
1.930
2.351
2.270
2.398
2.234
2.372
2.352
2.424
2.746
2.725
2.970
3.218
3.341
3.085
2.642
2.581
2.222
2.247
2.113
1.825
1.658
1.766
1.521
1.211
1.202
1.109
0.9180
0.7190
0.5638
0.5171
0.5040
0.5002
0.5078
0.5218
0.5695
0.5579
0.5838
0.7388
1.139
1.535
1.386
1.473
1.488
1.315
1.415
0.7732
0.4106
0.3017
0.2516
0.2440
0.2402
0.2374
0.2355
0.2346
0.2336
0.2289
0.2270
0.2252
0.2261
0.2242
0.2242
0.2242
0.2242
0.2242
0.2242
0.2252
0.2252
0.2261
0.2280
75.65
80.37
79.61
71.70
72.52
73.77
58.69
54.93
55.44
58.98
69.19
74.77
70.88
71.55
72.75
77.52
81.61
82.79
100.9
105.5
94.49
101.6
104.2
105.8
109.2
112.5
120.3
125.9
131.5
136.9
141.4
146.9
165.9
166.0
170.0
171.1
175.3
182.5
180.7
185.6
187.8
198.9
200.0
201.3
201.5
204.2
209.6
212.1
210.1
210.1
207.9
207.2
206.5
209.0
208.0
203.1
202.1
200.5
197.4
195.9
190.8
186.6
183.1
178.5
172.2
165.8
158.4
149.0
139.3
132.0
123.2
115.2
106.6
98.64
91.29
81.66
73.72
66.30
59.50
53.20
47.08
39.44
33.50
28.52
24.19
20.00
16.59
14.96
14.25
13.68
12.98
11.97
12.13
9.998
9.712
9.365
6.844
5.823
4.255
3.476
3.133
2.863
2.821
2.707
2.681
2.483
2.333
2.166
1.832
1.579
1.442
1.248
1.265
1.213
1.228
1.254
1.312
1.321
1.502
1.348
1.331
1.434
1.502
1.363
1.469
1.519
1.355
1.319
1.351
1.283
1.292
1.351
1.155
1.141
1.070
1.024
0.9166
0.8324
0.7919
0.7139
0.6645
0.6239
0.6078
0.5992
0.5898
0.5700
0.5653
0.6000
0.6233
0.8024
0.9530
0.9456
1.149
1.226
1.076
0.7989
0.5905
0.4623
0.3462
0.3048
0.2903
0.2892
0.2836
0.2779
0.2761
0.2723
0.2676
0.2619
0.2572
0.2553
0.2488
0.2468
0.2440
0.2431
0.2412
0.2412
0.2412
0.2393
0.2393
0.2393
0.2402
76.14
77.68
76.45
70.16
69.43
63.30
54.11
54.19
59.06
54.26
51.13
49.98
58.30
64.05
72.87
73.41
80.45
84.36
91.02
86.67
95.96
100.4
88.29
94.18
97.48
102.9
110.8
117.2
113.5
110.5
114.2
120.1
137.5
140.3
139.8
141.7
147.0
147.5
148.7
157.4
161.0
156.8
155.4
157.2
161.2
162.1
160.0
162.9
164.1
161.0
157.8
154.3
153.6
152.3
151.1
147.5
147.0
147.9
145.9
144.3
141.8
138.5
132.4
127.3
122.9
118.9
114.6
110.5
105.6
100.5
96.42
91.27
86.91
83.66
79.36
75.73
71.59
68.53
63.37
58.08
54.96
53.22
47.72
41.16
35.65
30.70
25.71
21.63
20.06
17.64
15.87
14.58
13.46
12.83
11.20
8.834
6.912
5.452
4.531
3.763
3.012
2.933
2.845
2.719
2.500
2.173
1.843
1.485
1.234
1.121
1.073
1.029
1.002
0.9844
0.9712
0.9597
0.9382
0.9191
0.8718
0.8299
0.8121
0.8217
0.9692
1.123
1.234
1.277
1.237
1.372
1.490
1.394
1.409
1.363
1.581
1.387
1.238
1.101
1.098
1.088
1.014
0.9160
0.7825
0.6503
0.6045
0.5746
0.5614
0.5568
0.5568
0.5607
0.5911
0.7265
1.049
1.238
1.118
0.7009
0.5901
0.5265
0.3723
0.3127
0.2996
0.2967
0.2929
0.2844
0.2760
0.2731
0.2675
0.2637
0.2609
0.2543
0.2505
0.2468
0.2440
0.2431
0.2431
0.2431
0.2431
0.2431
0.2431
0.2440
0.2459
0.2459
0.2487
75.42
76.32
73.15
71.17
70.03
68.32
60.99
46.41
49.06
55.01
63.12
64.82
69.80
66.47
65.37
67.16
77.51
77.78
81.48
81.27
77.45
80.51
80.31
79.19
84.85
86.13
82.29
82.66
81.86
86.71
90.96
93.87
102.2
105.4
104.2
107.1
114.0
121.0
121.2
123.8
127.3
122.8
120.9
122.4
123.7
126.5
125.9
127.3
125.4
124.4
124.6
125.5
125.3
125.7
127.6
126.9
126.3
129.4
125.6
121.8
118.9
117.9
116.9
116.2
115.6
116.7
113.7
112.2
108.7
106.7
105.7
100.7
97.03
93.58
88.63
83.81
80.05
76.24
71.71
67.26
63.53
56.36
51.00
44.36
38.49
34.68
31.63
30.08
28.64
27.08
23.79
21.09
18.88
17.04
14.58
11.11
9.446
7.650
6.116
4.516
3.750
3.540
3.345
3.209
2.865
2.557
2.428
2.198
1.792
1.454
1.227
1.138
1.168
1.350
1.346
1.484
1.744
1.708
1.799
1.787
1.648
1.568
1.678
1.657
1.841
1.930
1.938
1.838
1.778
1.839
1.748
1.644
1.675
1.476
1.344
1.322
1.150
1.100
0.9853
0.8587
0.7615
0.7050
0.6785
0.6540
0.6303
0.6190
0.6133
0.6114
0.7087
0.9359
0.9741
1.028
0.9963
0.9486
0.7286
0.6111
0.4804
0.4137
0.3488
0.3224
0.3128
0.3081
0.3034
0.2987
0.2949
0.2893
0.2836
0.2798
0.2742
0.2685
0.2638
0.2619
0.2563
0.2525
0.2515
0.2515
0.2506
0.2497
0.2497
0.2497
0.2506
76.06
74.91
77.66
74.25
67.06
65.85
60.13
49.73
49.92
61.07
50.87
41.69
51.68
57.63
64.55
74.63
70.92
72.52
67.08
69.61
74.76
77.68
65.92
60.84
66.21
66.55
71.91
64.93
67.38
76.86
82.52
91.72
96.85
99.78
105.1
105.5
105.8
107.1
109.5
113.6
117.1
121.8
124.5
125.8
121.8
122.1
125.7
126.3
126.4
125.8
126.6
124.1
122.4
124.1
124.1
125.7
125.2
124.3
126.8
127.7
125.6
123.3
121.8
119.8
117.4
115.8
115.3
115.8
113.5
110.7
107.0
106.1
104.9
101.9
99.81
97.90
96.21
92.75
86.26
81.22
71.01
60.93
56.16
52.35
49.70
43.94
39.80
37.85
39.01
37.85
37.15
35.83
34.90
32.83
28.70
21.98
15.51
10.17
6.249
3.828
3.411
3.411
3.385
3.374
3.192
3.115
3.029
2.753
2.265
1.908
1.794
1.963
2.077
2.494
2.513
2.276
2.291
2.435
2.491
2.384
2.601
2.804
3.248
3.801
3.576
3.543
3.184
3.134
2.764
2.867
3.047
2.227
2.116
2.058
2.055
1.705
1.438
1.453
1.228
0.9145
0.7387
0.6650
0.6499
0.6423
0.6225
0.5935
0.5945
0.6001
0.6374
0.7158
0.9867
1.018
0.9544
1.032
1.062
1.132
0.8307
0.4833
0.3755
0.3183
0.2967
0.2920
0.2863
0.2826
0.2741
0.2703
0.2647
0.2600
0.2562
0.2533
0.2478
0.2468
0.2468
0.2468
0.2468
0.2468
0.2468
0.2468
0.2468
0.2468
0.2468
75.88
76.35
73.23
67.90
70.81
68.94
68.27
56.78
46.90
57.30
56.72
61.59
60.90
61.32
63.53
65.40
73.80
70.48
79.14
75.00
68.62
75.98
75.77
70.69
77.54
73.52
70.73
71.94
71.82
76.47
79.49
77.30
81.65
84.88
85.91
87.60
88.86
91.65
91.20
96.49
98.27
98.37
98.71
100.3
100.7
99.96
103.5
102.5
103.4
102.2
104.2
105.0
106.0
107.2
107.2
110.3
110.7
110.2
110.8
109.8
107.8
110.9
114.0
112.7
111.8
109.7
113.9
115.2
114.5
110.8
107.7
106.7
104.9
100.5
97.15
93.32
90.15
85.37
81.54
78.89
74.08
65.03
57.90
50.28
43.30
37.06
32.72
31.54
31.15
31.26
31.54
31.40
31.28
30.92
26.23
21.83
18.12
13.48
10.13
6.144
4.411
3.757
3.633
3.497
3.169
2.942
2.689
2.629
2.208
1.781
1.498
1.413
1.459
1.471
1.416
1.598
1.509
1.693
2.223
2.012
2.084
1.866
1.938
2.041
2.148
2.028
1.935
1.804
1.869
1.741
1.662
1.777
1.415
1.472
1.349
1.258
1.110
1.037
0.8969
0.9081
0.7697
0.7502
0.7330
0.6911
0.6468
0.6285
0.6209
0.6255
0.6358
0.7332
0.9229
0.8524
0.8538
0.9093
0.6972
0.6448
0.5127
0.4090
0.3519
0.3242
0.3213
0.3147
0.3100
0.3025
0.2968
0.2921
0.2864
0.2817
0.2779
0.2714
0.2657
0.2610
0.2572
0.2544
0.2544
0.2544
0.2544
0.2544
0.2534
0.2534
0.2534
76.55
76.20
70.85
59.93
63.38
73.58
56.89
54.82
48.50
47.94
48.09
54.92
51.13
49.09
60.33
63.93
64.99
74.90
82.68
74.82
80.13
77.73
67.00
76.81
90.63
87.08
87.72
83.54
78.29
76.13
80.77
85.21
96.73
99.30
96.44
96.17
94.10
96.54
98.92
98.06
100.8
99.76
98.92
102.1
105.7
107.9
105.1
104.3
102.2
104.1
101.6
98.09
98.05
96.85
99.70
98.46
97.15
100.9
105.0
105.5
107.5
105.0
101.8
102.1
102.5
103.7
102.9
100.5
99.79
97.28
94.64
91.06
88.93
87.14
84.26
80.50
81.27
78.28
75.50
70.39
66.40
54.82
58.07
50.11
44.66
39.84
35.92
38.22
38.02
36.09
35.62
35.00
35.26
32.30
27.38
21.74
16.40
12.80
8.837
5.791
4.465
3.870
3.875
3.764
3.673
2.668
2.324
1.588
1.162
1.113
1.061
1.004
0.9665
0.9232
0.9214
0.9119
0.9138
0.9101
0.9154
0.8647
0.8500
0.9103
0.9606
1.275
1.446
1.150
1.212
1.555
1.869
1.536
1.527
1.654
1.499
1.430
1.390
1.181
1.150
1.423
1.107
1.014
0.8531
0.7417
0.7002
0.6575
0.6461
0.6292
0.6028
0.5842
0.5902
0.6388
0.9546
1.518
0.8710
0.5370
0.5385
0.4839
0.3538
0.3222
0.3203
0.3071
0.3033
0.2995
0.2958
0.2900
0.2807
0.2769
0.2694
0.2656
0.2600
0.2544
0.2506
0.2506
0.2506
0.2506
0.2506
0.2506
0.2506
0.2506
0.2506
0.2506
0.2506
75.88
76.35
73.23
67.90
70.81
68.94
68.27
56.78
46.90
57.30
56.72
61.59
60.90
61.32
63.53
65.40
73.80
70.48
79.14
75.00
68.62
75.98
75.77
70.69
77.54
73.52
70.73
71.94
71.82
76.47
79.49
77.30
81.65
84.88
85.91
87.60
88.86
91.65
91.20
96.49
98.27
98.37
98.71
100.3
100.7
99.96
103.5
102.5
103.4
102.2
104.2
105.0
106.0
107.2
107.2
110.3
110.7
110.2
110.8
109.8
107.8
110.9
114.0
112.7
111.8
109.7
113.9
115.2
114.5
110.8
107.7
106.7
104.9
100.5
97.15
93.32
90.15
85.37
81.54
78.89
74.08
65.03
57.90
50.28
43.30
37.06
32.72
31.54
31.15
31.26
31.54
31.40
31.28
30.92
26.23
21.83
18.12
13.48
10.13
6.144
4.411
3.757
3.633
3.497
3.169
2.942
2.689
2.629
2.208
1.781
1.498
1.413
1.459
1.471
1.416
1.598
1.509
1.693
2.223
2.012
2.084
1.866
1.938
2.041
2.148
2.028
1.935
1.804
1.869
1.741
1.662
1.777
1.415
1.472
1.349
1.258
1.110
1.037
0.8969
0.9081
0.7697
0.7502
0.7330
0.6911
0.6468
0.6285
0.6209
0.6255
0.6358
0.7332
0.9229
0.8524
0.8538
0.9093
0.6972
0.6448
0.5127
0.4090
0.3519
0.3242
0.3213
0.3147
0.3100
0.3025
0.2968
0.2921
0.2864
0.2817
0.2779
0.2714
0.2657
0.2610
0.2572
0.2544
0.2544
0.2544
0.2544
0.2544
0.2534
0.2534
0.2534
76.06
74.91
77.66
74.25
67.06
65.85
60.13
49.73
49.92
61.07
50.87
41.69
51.68
57.63
64.55
74.63
70.92
72.52
67.08
69.61
74.76
77.68
65.92
60.84
66.21
66.55
71.91
64.93
67.38
76.86
82.52
91.72
96.85
99.78
105.1
105.5
105.8
107.1
109.5
113.6
117.1
121.8
124.5
125.8
121.8
122.1
125.7
126.3
126.4
125.8
126.6
124.1
122.4
124.1
124.1
125.7
125.2
124.3
126.8
127.7
125.6
123.3
121.8
119.8
117.4
115.8
115.3
115.8
113.5
110.7
107.0
106.1
104.9
101.9
99.81
97.90
96.21
92.75
86.26
81.22
71.01
60.93
56.16
52.35
49.70
43.94
39.80
37.85
39.01
37.85
37.15
35.83
34.90
32.83
28.70
21.98
15.51
10.17
6.249
3.828
3.411
3.411
3.385
3.374
3.192
3.115
3.029
2.753
2.265
1.908
1.794
1.963
2.077
2.494
2.513
2.276
2.291
2.435
2.491
2.384
2.601
2.804
3.248
3.801
3.576
3.543
3.184
3.134
2.764
2.867
3.047
2.227
2.116
2.058
2.055
1.705
1.438
1.453
1.228
0.9145
0.7387
0.6650
0.6499
0.6423
0.6225
0.5935
0.5945
0.6001
0.6374
0.7158
0.9867
1.018
0.9544
1.032
1.062
1.132
0.8307
0.4833
0.3755
0.3183
0.2967
0.2920
0.2863
0.2826
0.2741
0.2703
0.2647
0.2600
0.2562
0.2533
0.2478
0.2468
0.2468
0.2468
0.2468
0.2468
0.2468
0.2468
0.2468
0.2468
0.2468
75.42
76.32
73.15
71.17
70.03
68.32
60.99
46.41
49.06
55.01
63.12
64.82
69.80
66.47
65.37
67.16
77.51
77.78
81.48
81.27
77.45
80.51
80.31
79.19
84.85
86.13
82.29
82.66
81.86
86.71
90.96
93.87
102.2
105.4
104.2
107.1
114.0
121.0
121.2
123.8
127.3
122.8
120.9
122.4
123.7
126.5
125.9
127.3
125.4
124.4
124.6
125.5
125.3
125.7
127.6
126.9
126.3
129.4
125.6
121.8
118.9
117.9
116.9
116.2
115.6
116.7
113.7
112.2
108.7
106.7
105.7
100.7
97.03
93.58
88.63
83.81
80.05
76.24
71.71
67.26
63.53
56.36
51.00
44.36
38.49
34.68
31.63
30.08
28.64
27.08
23.79
21.09
18.88
17.04
14.58
11.11
9.446
7.650
6.116
4.516
3.750
3.540
3.345
3.209
2.865
2.557
2.428
2.198
1.792
1.454
1.227
1.138
1.168
1.350
1.346
1.484
1.744
1.708
1.799
1.787
1.648
1.568
1.678
1.657
1.841
1.930
1.938
1.838
1.778
1.839
1.748
1.644
1.675
1.476
1.344
1.322
1.150
1.100
0.9853
0.8587
0.7615
0.7050
0.6785
0.6540
0.6303
0.6190
0.6133
0.6114
0.7087
0.9359
0.9741
1.028
0.9963
0.9486
0.7286
0.6111
0.4804
0.4137
0.3488
0.3224
0.3128
0.3081
0.3034
0.2987
0.2949
0.2893
0.2836
0.2798
0.2742
0.2685
0.2638
0.2619
0.2563
0.2525
0.2515
0.2515
0.2506
0.2497
0.2497
0.2497
0.2506
76.14
77.68
76.45
70.16
69.43
63.30
54.11
54.19
59.06
54.26
51.13
49.98
58.30
64.05
72.87
73.41
80.45
84.36
91.02
86.67
95.96
100.4
88.29
94.18
97.48
102.9
110.8
117.2
113.5
110.5
114.2
120.1
137.5
140.3
139.8
141.7
147.0
147.5
148.7
157.4
161.0
156.8
155.4
157.2
161.2
162.1
160.0
162.9
164.1
161.0
157.8
154.3
153.6
152.3
151.1
147.5
147.0
147.9
145.9
144.3
141.8
138.5
132.4
127.3
122.9
118.9
114.6
110.5
105.6
100.5
96.42
91.27
86.91
83.66
79.36
75.73
71.59
68.53
63.37
58.08
54.96
53.22
47.72
41.16
35.65
30.70
25.71
21.63
20.06
17.64
15.87
14.58
13.46
12.83
11.20
8.834
6.912
5.452
4.531
3.763
3.012
2.933
2.845
2.719
2.500
2.173
1.843
1.485
1.234
1.121
1.073
1.029
1.002
0.9844
0.9712
0.9597
0.9382
0.9191
0.8718
0.8299
0.8121
0.8217
0.9692
1.123
1.234
1.277
1.237
1.372
1.490
1.394
1.409
1.363
1.581
1.387
1.238
1.101
1.098
1.088
1.014
0.9160
0.7825
0.6503
0.6045
0.5746
0.5614
0.5568
0.5568
0.5607
0.5911
0.7265
1.049
1.238
1.118
0.7009
0.5901
0.5265
0.3723
0.3127
0.2996
0.2967
0.2929
0.2844
0.2760
0.2731
0.2675
0.2637
0.2609
0.2543
0.2505
0.2468
0.2440
0.2431
0.2431
0.2431
0.2431
0.2431
0.2431
0.2440
0.2459
0.2459
0.2487
75.65
80.37
79.61
71.70
72.52
73.77
58.69
54.93
55.44
58.98
69.19
74.77
70.88
71.55
72.75
77.52
81.61
82.79
100.9
105.5
94.49
101.6
104.2
105.8
109.2
112.5
120.3
125.9
131.5
136.9
141.4
146.9
165.9
166.0
170.0
171.1
175.3
182.5
180.7
185.6
187.8
198.9
200.0
201.3
201.5
204.2
209.6
212.1
210.1
210.1
207.9
207.2
206.5
209.0
208.0
203.1
202.1
200.5
197.4
195.9
190.8
186.6
183.1
178.5
172.2
165.8
158.4
149.0
139.3
132.0
123.2
115.2
106.6
98.64
91.29
81.66
73.72
66.30
59.50
53.20
47.08
39.44
33.50
28.52
24.19
20.00
16.59
14.96
14.25
13.68
12.98
11.97
12.13
9.998
9.712
9.365
6.844
5.823
4.255
3.476
3.133
2.863
2.821
2.707
2.681
2.483
2.333
2.166
1.832
1.579
1.442
1.248
1.265
1.213
1.228
1.254
1.312
1.321
1.502
1.348
1.331
1.434
1.502
1.363
1.469
1.519
1.355
1.319
1.351
1.283
1.292
1.351
1.155
1.141
1.070
1.024
0.9166
0.8324
0.7919
0.7139
0.6645
0.6239
0.6078
0.5992
0.5898
0.5700
0.5653
0.6000
0.6233
0.8024
0.9530
0.9456
1.149
1.226
1.076
0.7989
0.5905
0.4623
0.3462
0.3048
0.2903
0.2892
0.2836
0.2779
0.2761
0.2723
0.2676
0.2619
0.2572
0.2553
0.2488
0.2468
0.2440
0.2431
0.2412
0.2412
0.2412
0.2393
0.2393
0.2393
0.2402
