SALVI
1
0
72
5.0
181
1.0
250109_5 SNAP 350 3000K SP5L 085_2 VDR
250109_5 SNAP SP5L 085_2 VDR

250109_5 SNAP 350 3000K SP5L 085_2 VDR.ldt
7 Agost 2025/TB
240
0
90
160
10
0
0
0
0
99.83
99.99
1.00
0.00
1
1
16 LED 5050
5359.70

70
38.80
0.34
0.44
0.53
0.61
0.66
0.74
0.78
0.82
0.86
0.88
0.00
5.00
10.00
15.00
20.00
25.00
30.00
35.00
40.00
45.00
50.00
55.00
60.00
65.00
70.00
75.00
80.00
85.00
90.00
95.00
100.00
105.00
110.00
115.00
120.00
125.00
130.00
135.00
140.00
145.00
150.00
155.00
160.00
165.00
170.00
175.00
180.00
185.00
190.00
195.00
200.00
205.00
210.00
215.00
220.00
225.00
230.00
235.00
240.00
245.00
250.00
255.00
260.00
265.00
270.00
275.00
280.00
285.00
290.00
295.00
300.00
305.00
310.00
315.00
320.00
325.00
330.00
335.00
340.00
345.00
350.00
355.00
0.00
1.00
2.00
3.00
4.00
5.00
6.00
7.00
8.00
9.00
10.00
11.00
12.00
13.00
14.00
15.00
16.00
17.00
18.00
19.00
20.00
21.00
22.00
23.00
24.00
25.00
26.00
27.00
28.00
29.00
30.00
31.00
32.00
33.00
34.00
35.00
36.00
37.00
38.00
39.00
40.00
41.00
42.00
43.00
44.00
45.00
46.00
47.00
48.00
49.00
50.00
51.00
52.00
53.00
54.00
55.00
56.00
57.00
58.00
59.00
60.00
61.00
62.00
63.00
64.00
65.00
66.00
67.00
68.00
69.00
70.00
71.00
72.00
73.00
74.00
75.00
76.00
77.00
78.00
79.00
80.00
81.00
82.00
83.00
84.00
85.00
86.00
87.00
88.00
89.00
90.00
91.00
92.00
93.00
94.00
95.00
96.00
97.00
98.00
99.00
100.00
101.00
102.00
103.00
104.00
105.00
106.00
107.00
108.00
109.00
110.00
111.00
112.00
113.00
114.00
115.00
116.00
117.00
118.00
119.00
120.00
121.00
122.00
123.00
124.00
125.00
126.00
127.00
128.00
129.00
130.00
131.00
132.00
133.00
134.00
135.00
136.00
137.00
138.00
139.00
140.00
141.00
142.00
143.00
144.00
145.00
146.00
147.00
148.00
149.00
150.00
151.00
152.00
153.00
154.00
155.00
156.00
157.00
158.00
159.00
160.00
161.00
162.00
163.00
164.00
165.00
166.00
167.00
168.00
169.00
170.00
171.00
172.00
173.00
174.00
175.00
176.00
177.00
178.00
179.00
180.00
424.70
432.40
440.10
447.50
455.00
462.60
469.10
476.20
482.90
489.80
497.10
502.80
507.70
513.60
518.20
522.70
526.30
529.90
532.90
535.20
538.50
540.60
542.90
544.40
546.70
548.00
548.80
549.20
549.00
548.60
547.80
545.90
545.50
544.50
541.80
541.10
539.10
537.60
534.70
532.00
529.10
524.50
520.10
513.10
507.50
499.80
492.80
484.30
475.20
465.50
454.20
441.30
426.70
407.80
383.80
354.30
322.60
288.10
254.80
225.20
196.10
167.10
139.30
115.10
92.80
72.85
56.97
47.68
38.46
32.91
28.95
25.72
23.03
20.60
18.51
16.45
14.59
12.79
11.11
9.46
7.97
6.65
5.33
4.11
3.02
2.09
1.26
0.59
0.20
0.09
0.07
0.07
0.07
0.07
0.07
0.07
0.07
0.08
0.08
0.08
0.08
0.08
0.08
0.08
0.08
0.09
0.09
0.09
0.10
0.10
0.10
0.11
0.11
0.11
0.11
0.11
0.12
0.12
0.12
0.12
0.12
0.12
0.13
0.13
0.14
0.14
0.14
0.14
0.14
0.15
0.15
0.17
0.17
0.17
0.18
0.18
0.19
0.20
0.20
0.21
0.22
0.22
0.23
0.24
0.25
0.25
0.26
0.27
0.28
0.28
0.29
0.30
0.31
0.32
0.33
0.34
0.34
0.35
0.37
0.38
0.39
0.40
0.41
0.42
0.43
0.44
0.45
0.46
0.47
0.48
0.49
0.50
0.51
0.52
0.53
0.55
0.56
0.57
0.58
0.59
0.59
423.80
432.00
439.60
447.40
455.30
463.70
471.60
478.50
485.60
493.90
500.80
508.10
514.20
520.90
526.20
531.40
536.10
540.00
544.10
548.20
551.40
554.50
557.70
560.40
562.80
566.00
567.80
568.50
569.30
568.90
569.70
569.20
569.10
568.30
568.10
566.30
565.20
563.20
561.00
559.10
555.80
551.90
547.00
541.60
536.00
530.20
523.20
516.10
508.40
498.80
488.40
476.60
463.10
444.00
417.70
385.80
349.60
313.60
279.60
246.10
213.10
180.90
149.40
125.50
101.60
77.82
60.15
47.84
40.01
34.23
30.23
27.01
24.27
21.89
20.00
18.03
16.17
14.24
12.49
10.79
9.10
7.58
6.19
5.00
3.95
2.98
1.88
0.87
0.28
0.09
0.08
0.07
0.07
0.08
0.08
0.08
0.09
0.09
0.09
0.10
0.10
0.10
0.10
0.11
0.11
0.11
0.11
0.11
0.11
0.12
0.12
0.12
0.13
0.13
0.13
0.13
0.14
0.14
0.14
0.14
0.15
0.15
0.15
0.15
0.15
0.16
0.16
0.16
0.16
0.17
0.17
0.18
0.18
0.19
0.20
0.20
0.21
0.21
0.22
0.23
0.24
0.24
0.25
0.26
0.26
0.27
0.28
0.28
0.29
0.30
0.31
0.32
0.32
0.34
0.34
0.36
0.36
0.37
0.38
0.39
0.40
0.41
0.42
0.43
0.44
0.45
0.46
0.48
0.48
0.50
0.50
0.52
0.53
0.54
0.55
0.57
0.58
0.59
0.60
0.61
0.61
424.70
432.50
441.10
449.10
457.90
465.90
473.50
482.00
490.20
498.70
507.20
514.20
521.30
528.00
535.00
541.10
546.90
551.70
557.20
561.50
565.60
570.20
574.20
577.80
581.40
584.20
586.70
589.10
589.60
590.20
591.20
591.70
590.00
589.20
588.70
587.30
585.70
583.40
581.30
579.00
575.40
572.50
567.90
563.10
557.30
551.40
544.20
537.00
529.30
520.70
511.40
499.70
486.20
467.30
438.40
402.80
363.90
325.30
288.30
250.20
211.90
176.40
144.60
117.80
94.77
75.17
59.38
50.26
41.33
35.39
31.17
28.15
25.58
23.53
21.57
19.53
17.67
15.52
13.46
11.61
9.60
7.95
6.54
5.38
4.29
3.15
1.99
0.97
0.25
0.10
0.08
0.08
0.08
0.08
0.08
0.08
0.08
0.08
0.08
0.08
0.08
0.08
0.09
0.09
0.09
0.09
0.09
0.10
0.10
0.11
0.11
0.11
0.11
0.11
0.11
0.12
0.12
0.12
0.12
0.12
0.13
0.13
0.13
0.14
0.13
0.14
0.14
0.14
0.15
0.15
0.16
0.16
0.16
0.17
0.18
0.18
0.19
0.19
0.20
0.21
0.21
0.22
0.23
0.23
0.24
0.25
0.26
0.26
0.27
0.28
0.29
0.30
0.31
0.31
0.32
0.33
0.34
0.35
0.36
0.37
0.38
0.39
0.40
0.41
0.42
0.43
0.44
0.45
0.46
0.47
0.49
0.50
0.51
0.52
0.54
0.55
0.56
0.57
0.59
0.59
0.61
423.70
432.30
439.70
448.50
457.50
466.90
474.50
482.90
493.00
501.10
511.00
519.00
527.10
535.20
542.20
549.50
557.00
564.00
571.10
577.50
582.90
589.00
593.80
597.10
600.40
603.20
604.20
605.20
606.10
606.40
606.40
606.00
605.90
605.50
604.80
603.80
602.10
601.40
599.20
596.70
592.90
591.60
587.50
582.90
578.50
572.80
566.30
559.00
551.40
541.60
533.20
524.10
513.10
496.80
468.40
431.20
388.40
346.90
305.70
263.00
220.60
183.20
150.20
126.10
102.10
78.12
63.47
52.52
44.93
38.66
33.75
30.50
27.84
25.16
22.77
20.23
18.05
15.81
13.58
11.60
9.75
8.20
6.94
5.82
4.61
3.29
2.16
1.19
0.31
0.09
0.08
0.08
0.08
0.08
0.08
0.08
0.09
0.09
0.09
0.10
0.10
0.10
0.10
0.11
0.11
0.11
0.11
0.12
0.12
0.12
0.12
0.13
0.13
0.13
0.13
0.14
0.14
0.14
0.14
0.14
0.14
0.15
0.15
0.15
0.16
0.16
0.16
0.16
0.17
0.17
0.17
0.18
0.19
0.19
0.20
0.20
0.21
0.21
0.22
0.23
0.23
0.24
0.25
0.25
0.26
0.26
0.27
0.28
0.29
0.30
0.30
0.31
0.32
0.33
0.34
0.35
0.36
0.37
0.37
0.38
0.40
0.41
0.42
0.43
0.44
0.45
0.46
0.47
0.48
0.49
0.50
0.52
0.53
0.54
0.55
0.57
0.58
0.59
0.61
0.62
0.62
424.80
433.40
441.60
450.50
459.10
468.10
477.00
486.20
497.00
506.60
515.80
524.50
533.80
542.70
551.70
560.50
569.80
577.90
585.00
590.90
596.50
601.80
607.10
611.60
614.90
618.30
621.00
623.70
625.20
625.80
625.30
625.20
623.90
623.30
621.20
619.80
617.40
615.30
612.40
610.20
608.00
605.60
603.20
598.30
594.00
588.70
581.60
574.80
568.10
558.30
550.10
539.50
527.60
514.00
489.00
452.80
408.90
364.20
318.00
269.40
223.40
184.90
150.10
118.30
95.84
79.56
66.17
55.89
48.27
40.66
35.33
31.90
28.93
25.68
22.78
19.94
17.58
15.46
13.20
11.20
9.42
8.06
7.00
5.79
4.42
3.03
1.86
0.96
0.25
0.10
0.08
0.08
0.08
0.08
0.08
0.08
0.08
0.08
0.08
0.08
0.08
0.08
0.09
0.09
0.09
0.09
0.09
0.10
0.10
0.10
0.10
0.11
0.11
0.11
0.11
0.12
0.12
0.12
0.12
0.12
0.12
0.13
0.13
0.13
0.13
0.14
0.14
0.14
0.15
0.15
0.15
0.16
0.17
0.17
0.18
0.18
0.19
0.19
0.20
0.21
0.21
0.22
0.23
0.23
0.24
0.25
0.25
0.26
0.27
0.28
0.28
0.29
0.30
0.31
0.32
0.33
0.34
0.34
0.36
0.37
0.37
0.39
0.40
0.41
0.42
0.43
0.44
0.45
0.46
0.47
0.48
0.50
0.51
0.53
0.54
0.55
0.57
0.58
0.59
0.60
0.61
423.50
431.70
440.40
449.90
458.70
468.10
477.50
487.10
497.50
507.40
518.20
528.40
538.00
547.90
557.30
566.20
576.00
585.40
590.50
597.40
603.70
610.50
617.20
623.50
630.50
634.90
640.70
645.00
645.60
646.10
645.00
643.70
642.00
639.90
637.10
634.70
631.90
628.40
625.40
622.30
620.60
617.30
612.30
607.80
602.50
597.30
592.50
585.50
579.90
572.60
564.60
554.80
545.20
535.50
521.40
494.80
456.30
407.70
356.30
301.80
249.20
204.50
163.60
138.40
113.20
88.30
73.53
61.86
52.68
43.96
37.10
32.15
28.43
25.51
22.84
20.33
17.73
15.54
13.53
11.63
9.97
8.24
7.34
6.55
5.07
3.45
2.16
1.14
0.31
0.10
0.07
0.07
0.07
0.07
0.08
0.08
0.08
0.09
0.09
0.10
0.10
0.10
0.10
0.11
0.10
0.11
0.11
0.11
0.12
0.12
0.12
0.12
0.12
0.13
0.13
0.13
0.14
0.14
0.14
0.14
0.14
0.14
0.15
0.15
0.15
0.15
0.16
0.16
0.17
0.17
0.17
0.18
0.18
0.19
0.19
0.20
0.21
0.21
0.22
0.23
0.23
0.24
0.24
0.25
0.26
0.26
0.27
0.28
0.28
0.29
0.30
0.31
0.32
0.33
0.34
0.34
0.35
0.36
0.37
0.38
0.39
0.40
0.41
0.42
0.44
0.45
0.46
0.47
0.48
0.49
0.50
0.52
0.53
0.55
0.56
0.57
0.59
0.60
0.61
0.62
0.62
424.40
433.00
441.40
450.90
459.90
469.80
479.20
489.30
500.00
510.30
522.00
532.30
542.70
553.20
562.30
571.80
580.80
588.50
596.10
603.50
610.70
619.80
628.40
637.10
644.90
652.30
657.90
662.90
665.10
667.50
667.00
665.50
661.40
656.60
651.70
647.40
642.70
638.80
634.30
631.60
627.00
623.40
617.30
611.30
607.10
601.50
596.60
591.70
586.00
579.90
573.80
568.20
560.80
552.70
544.30
530.50
502.50
462.40
404.90
341.40
280.80
228.00
180.40
145.40
120.10
102.40
85.01
71.51
60.26
50.48
44.33
38.31
32.28
27.60
24.11
20.88
18.16
15.74
13.75
11.68
9.89
8.01
6.79
6.61
5.19
3.60
2.15
1.08
0.27
0.10
0.08
0.08
0.08
0.08
0.07
0.07
0.07
0.07
0.07
0.08
0.08
0.08
0.08
0.08
0.08
0.09
0.09
0.10
0.10
0.10
0.10
0.10
0.11
0.11
0.11
0.11
0.12
0.12
0.12
0.12
0.12
0.13
0.13
0.13
0.14
0.14
0.14
0.14
0.15
0.15
0.15
0.16
0.17
0.17
0.17
0.18
0.19
0.19
0.20
0.21
0.21
0.22
0.22
0.23
0.24
0.24
0.25
0.26
0.27
0.27
0.28
0.29
0.30
0.30
0.31
0.32
0.34
0.34
0.35
0.36
0.37
0.39
0.40
0.41
0.42
0.43
0.44
0.45
0.46
0.47
0.48
0.50
0.52
0.53
0.54
0.56
0.57
0.59
0.60
0.61
0.62
423.40
431.50
440.30
448.90
459.20
469.20
478.10
488.30
498.70
509.70
521.40
532.70
543.70
553.90
563.00
572.20
581.10
590.80
599.20
606.60
614.70
623.60
633.70
642.20
651.20
660.00
667.40
673.20
677.50
678.60
678.10
677.40
672.70
668.50
662.40
656.00
649.80
644.50
639.30
633.90
628.90
624.90
619.00
613.70
609.30
605.10
602.20
598.10
594.00
589.90
584.70
582.50
578.70
573.40
566.10
559.70
551.20
533.10
500.50
442.50
360.80
291.00
227.70
180.70
151.20
131.00
110.80
90.62
76.55
63.26
52.44
44.02
37.82
32.41
28.16
24.31
20.92
17.77
15.01
12.64
10.75
8.93
7.24
6.15
5.42
3.97
2.53
1.31
0.36
0.10
0.07
0.07
0.07
0.07
0.07
0.08
0.08
0.08
0.09
0.09
0.09
0.10
0.10
0.10
0.11
0.11
0.11
0.11
0.11
0.11
0.12
0.12
0.12
0.13
0.13
0.13
0.13
0.13
0.13
0.14
0.14
0.14
0.15
0.15
0.15
0.15
0.16
0.16
0.17
0.17
0.18
0.18
0.19
0.19
0.19
0.20
0.21
0.21
0.22
0.23
0.23
0.24
0.25
0.25
0.26
0.26
0.27
0.28
0.29
0.29
0.30
0.31
0.32
0.32
0.33
0.34
0.35
0.36
0.37
0.38
0.39
0.40
0.41
0.42
0.43
0.45
0.46
0.47
0.48
0.49
0.51
0.52
0.54
0.55
0.57
0.58
0.60
0.61
0.62
0.63
0.64
424.20
432.60
440.60
449.80
460.00
469.70
478.70
488.50
499.90
510.90
523.40
534.60
543.80
553.70
563.30
573.50
582.30
592.10
602.00
609.90
617.50
627.00
635.20
643.70
651.70
658.90
664.60
669.60
671.60
673.90
673.60
672.60
669.90
667.00
661.90
655.60
648.70
642.60
636.40
630.10
624.60
620.20
616.10
612.10
608.30
604.80
602.50
599.30
597.10
595.40
594.80
596.00
597.40
595.30
595.50
600.10
616.90
629.50
633.50
615.50
564.60
446.90
337.10
257.00
204.60
170.90
142.60
120.50
101.30
84.15
70.07
59.11
51.45
43.81
36.18
30.54
25.28
21.16
17.75
15.19
12.65
10.65
8.50
6.62
5.22
3.72
2.39
1.26
0.31
0.10
0.08
0.08
0.08
0.07
0.07
0.07
0.07
0.07
0.07
0.07
0.08
0.08
0.08
0.08
0.08
0.08
0.09
0.09
0.09
0.09
0.10
0.10
0.11
0.11
0.11
0.11
0.11
0.11
0.12
0.12
0.12
0.12
0.13
0.13
0.13
0.14
0.14
0.14
0.15
0.15
0.16
0.16
0.17
0.17
0.18
0.18
0.19
0.20
0.20
0.21
0.22
0.22
0.23
0.23
0.24
0.25
0.25
0.26
0.27
0.28
0.28
0.29
0.30
0.31
0.31
0.32
0.34
0.34
0.35
0.36
0.37
0.39
0.40
0.41
0.42
0.43
0.44
0.45
0.47
0.48
0.49
0.50
0.52
0.53
0.55
0.56
0.58
0.59
0.61
0.62
0.63
423.90
431.10
439.30
448.10
458.50
468.50
476.60
486.20
497.30
508.70
521.10
530.10
540.00
550.20
561.10
571.80
580.90
590.90
599.50
606.50
614.40
623.00
629.00
635.80
642.60
647.70
651.30
655.50
657.10
659.50
660.70
660.20
657.30
655.10
651.00
646.70
641.40
635.60
628.80
622.70
616.40
611.60
608.80
605.10
602.90
600.80
599.50
597.60
598.30
600.20
603.10
608.40
620.00
637.70
660.50
682.20
714.00
759.40
788.50
784.00
736.90
657.50
548.20
408.20
309.00
243.90
200.70
167.30
139.70
120.60
101.40
82.38
70.11
58.91
49.35
41.63
34.41
28.44
23.60
19.03
15.35
12.24
9.54
7.36
5.52
4.04
2.74
1.53
0.40
0.11
0.07
0.07
0.07
0.07
0.07
0.08
0.08
0.08
0.08
0.09
0.09
0.09
0.10
0.10
0.10
0.10
0.11
0.11
0.11
0.11
0.12
0.12
0.12
0.12
0.12
0.13
0.13
0.13
0.14
0.14
0.14
0.15
0.15
0.15
0.15
0.16
0.16
0.16
0.17
0.17
0.18
0.18
0.19
0.19
0.20
0.21
0.21
0.22
0.22
0.23
0.24
0.24
0.24
0.25
0.26
0.27
0.27
0.28
0.29
0.30
0.30
0.31
0.32
0.33
0.34
0.35
0.36
0.36
0.37
0.39
0.39
0.41
0.41
0.43
0.44
0.45
0.46
0.47
0.48
0.50
0.51
0.52
0.54
0.55
0.57
0.58
0.60
0.61
0.63
0.64
0.64
424.20
431.60
439.60
448.50
458.00
467.00
475.70
485.70
496.30
508.00
518.40
528.30
538.50
548.80
558.70
568.90
578.80
587.40
595.10
603.10
608.30
613.80
619.20
624.80
628.20
632.10
636.10
639.60
641.30
641.60
641.00
640.60
639.00
635.70
632.60
627.50
621.50
616.80
611.00
606.70
601.80
598.40
595.40
594.90
593.60
593.30
593.20
595.20
599.20
606.80
622.10
644.70
672.00
698.40
740.00
797.50
849.30
882.70
870.90
836.90
768.30
688.20
617.90
539.50
422.20
312.70
247.10
204.40
172.50
145.30
120.50
102.30
87.03
74.76
64.18
54.57
44.97
35.37
29.50
23.65
18.20
13.57
10.13
7.47
5.63
4.08
2.75
1.18
0.34
0.11
0.08
0.08
0.08
0.07
0.07
0.07
0.07
0.07
0.07
0.07
0.08
0.08
0.08
0.08
0.08
0.08
0.09
0.09
0.09
0.09
0.10
0.10
0.10
0.11
0.11
0.11
0.11
0.11
0.12
0.12
0.12
0.12
0.13
0.14
0.14
0.14
0.14
0.15
0.15
0.16
0.17
0.17
0.17
0.18
0.18
0.19
0.20
0.20
0.21
0.21
0.22
0.23
0.23
0.24
0.24
0.25
0.26
0.27
0.27
0.28
0.29
0.30
0.30
0.31
0.32
0.33
0.34
0.35
0.36
0.37
0.38
0.39
0.40
0.41
0.42
0.43
0.45
0.46
0.47
0.48
0.49
0.51
0.52
0.54
0.55
0.57
0.59
0.59
0.61
0.62
0.64
423.80
430.90
437.80
446.50
456.10
464.70
472.70
481.70
491.80
503.40
513.50
523.40
532.10
541.40
551.20
561.20
570.90
578.80
587.10
591.90
596.10
599.90
604.50
608.70
612.20
615.30
617.00
617.80
619.50
619.30
618.20
616.20
613.20
608.40
603.40
599.70
595.30
591.10
587.80
584.50
582.50
579.70
578.90
578.70
578.40
581.40
585.90
592.20
604.10
623.60
647.90
677.80
718.80
772.30
827.60
877.80
907.20
893.90
872.90
839.00
767.00
698.00
643.80
581.40
498.80
397.00
302.00
239.20
200.90
169.20
147.10
125.00
103.00
81.14
69.17
58.16
47.25
37.95
30.43
24.41
19.63
14.99
10.51
7.50
6.23
4.82
2.85
1.26
0.41
0.12
0.07
0.07
0.07
0.07
0.07
0.07
0.07
0.08
0.08
0.08
0.09
0.09
0.09
0.10
0.10
0.10
0.10
0.11
0.11
0.11
0.11
0.12
0.12
0.12
0.12
0.13
0.13
0.13
0.14
0.14
0.14
0.14
0.15
0.15
0.16
0.16
0.17
0.17
0.17
0.18
0.18
0.19
0.19
0.20
0.21
0.21
0.22
0.23
0.23
0.24
0.24
0.25
0.25
0.26
0.26
0.27
0.28
0.29
0.30
0.30
0.31
0.32
0.32
0.33
0.34
0.35
0.36
0.37
0.38
0.39
0.40
0.41
0.42
0.43
0.44
0.46
0.47
0.48
0.49
0.50
0.51
0.53
0.54
0.56
0.57
0.59
0.61
0.62
0.63
0.64
0.64
424.30
431.40
438.00
446.30
454.70
463.60
470.70
479.60
489.40
500.10
510.40
518.40
526.40
535.50
544.40
553.20
562.30
569.30
575.00
579.40
582.40
585.40
587.70
590.60
591.90
593.20
593.80
594.30
593.60
592.00
589.30
584.20
579.70
575.40
570.40
566.90
563.90
560.60
557.90
555.50
553.60
553.00
552.40
554.00
557.30
563.80
573.90
590.30
611.40
635.70
670.70
720.70
774.70
826.90
868.00
880.00
859.70
848.50
831.20
780.40
722.40
669.90
611.00
542.30
460.20
370.50
296.70
229.70
186.00
152.40
127.20
105.30
87.23
72.06
59.84
50.55
41.30
32.06
25.60
20.65
16.39
13.00
9.76
7.55
6.22
3.97
2.04
0.97
0.32
0.11
0.08
0.08
0.08
0.07
0.07
0.07
0.07
0.07
0.07
0.07
0.08
0.08
0.08
0.08
0.08
0.08
0.08
0.09
0.09
0.09
0.10
0.10
0.11
0.11
0.11
0.11
0.11
0.12
0.12
0.12
0.13
0.13
0.13
0.14
0.14
0.14
0.15
0.15
0.16
0.16
0.17
0.18
0.18
0.19
0.19
0.20
0.21
0.21
0.22
0.22
0.23
0.24
0.24
0.25
0.26
0.26
0.27
0.27
0.28
0.29
0.30
0.30
0.31
0.32
0.33
0.34
0.35
0.36
0.37
0.38
0.39
0.40
0.41
0.42
0.43
0.44
0.45
0.46
0.47
0.48
0.50
0.52
0.53
0.55
0.56
0.57
0.59
0.61
0.62
0.64
0.64
423.10
430.10
436.50
443.70
451.90
460.00
466.90
475.10
484.50
494.10
502.80
510.90
518.80
527.10
533.60
542.00
548.80
554.80
559.20
562.40
565.20
567.50
569.20
570.60
570.50
569.80
569.20
567.50
566.70
563.40
557.70
552.80
546.60
543.40
539.50
535.00
530.60
527.60
523.70
520.70
517.90
515.90
515.70
517.70
522.80
533.10
547.40
565.70
589.90
623.70
667.10
718.20
765.40
803.60
815.30
794.60
781.20
779.60
746.90
701.70
659.10
615.20
561.50
499.90
428.40
350.20
284.90
224.00
173.90
146.80
119.80
92.85
76.16
61.82
50.08
40.28
32.56
25.99
20.99
17.31
14.45
11.81
9.80
7.95
5.51
3.40
2.01
1.03
0.36
0.12
0.07
0.07
0.07
0.07
0.07
0.08
0.08
0.08
0.08
0.09
0.09
0.09
0.09
0.09
0.10
0.10
0.10
0.10
0.11
0.11
0.12
0.12
0.12
0.12
0.13
0.13
0.13
0.14
0.14
0.14
0.15
0.15
0.15
0.16
0.16
0.17
0.17
0.18
0.18
0.18
0.19
0.20
0.20
0.21
0.22
0.22
0.23
0.24
0.24
0.24
0.25
0.26
0.26
0.27
0.28
0.28
0.29
0.30
0.30
0.31
0.32
0.33
0.34
0.35
0.35
0.36
0.37
0.38
0.39
0.40
0.41
0.42
0.43
0.44
0.45
0.46
0.47
0.48
0.50
0.50
0.52
0.53
0.55
0.57
0.58
0.59
0.62
0.63
0.64
0.65
0.65
424.20
429.90
436.00
442.50
451.30
458.00
464.00
471.50
479.70
487.70
496.50
503.90
510.90
517.70
524.40
530.70
536.40
539.70
542.70
544.40
545.50
547.30
548.30
548.00
546.90
545.00
543.50
540.50
537.00
531.10
525.00
520.30
515.50
511.40
506.10
501.10
495.90
490.20
486.30
481.90
478.30
475.60
474.00
475.10
481.30
490.70
505.10
523.30
550.80
587.00
627.30
666.10
697.10
704.20
682.00
676.60
684.90
659.70
623.80
595.30
563.50
526.40
481.60
429.30
369.10
307.40
252.80
205.60
158.10
122.40
97.76
78.43
62.71
52.30
42.09
31.87
25.71
20.84
17.17
14.55
12.71
10.93
8.57
6.25
4.26
2.66
1.54
0.75
0.28
0.11
0.08
0.08
0.07
0.07
0.07
0.07
0.07
0.07
0.08
0.07
0.08
0.08
0.08
0.08
0.08
0.08
0.08
0.09
0.09
0.10
0.10
0.10
0.10
0.11
0.11
0.11
0.12
0.12
0.12
0.13
0.13
0.14
0.14
0.14
0.15
0.15
0.16
0.16
0.17
0.17
0.18
0.19
0.19
0.20
0.21
0.21
0.22
0.22
0.23
0.23
0.24
0.25
0.25
0.26
0.27
0.27
0.28
0.28
0.29
0.30
0.31
0.32
0.32
0.33
0.34
0.35
0.36
0.37
0.38
0.39
0.40
0.41
0.42
0.43
0.44
0.45
0.46
0.47
0.48
0.49
0.50
0.52
0.54
0.55
0.57
0.58
0.60
0.61
0.63
0.64
0.65
423.70
428.60
434.50
439.70
447.10
453.70
458.90
465.60
472.80
479.80
487.70
493.50
499.90
505.80
511.20
516.30
520.40
522.50
524.30
524.90
525.20
524.80
523.60
522.20
519.90
518.00
515.20
511.00
507.10
501.50
496.30
490.80
484.90
479.20
473.60
467.50
461.10
455.10
449.40
443.70
437.80
433.20
429.00
427.00
429.40
435.20
444.40
458.70
478.70
502.80
530.60
553.70
566.90
557.70
547.00
546.50
529.20
501.10
477.50
455.00
429.90
402.70
370.90
335.80
294.00
250.70
210.60
175.50
144.80
114.00
83.62
65.77
51.55
40.64
32.18
25.79
20.98
17.74
15.04
12.91
11.05
8.74
6.65
4.88
3.44
2.24
1.38
0.75
0.31
0.12
0.07
0.07
0.07
0.07
0.07
0.08
0.08
0.08
0.08
0.09
0.09
0.09
0.10
0.10
0.10
0.10
0.11
0.11
0.11
0.12
0.12
0.12
0.12
0.13
0.13
0.13
0.14
0.14
0.14
0.15
0.15
0.16
0.16
0.17
0.17
0.17
0.18
0.19
0.19
0.20
0.20
0.21
0.21
0.22
0.23
0.24
0.24
0.25
0.25
0.26
0.26
0.27
0.28
0.28
0.29
0.30
0.30
0.31
0.31
0.32
0.33
0.34
0.35
0.36
0.37
0.38
0.39
0.39
0.41
0.41
0.42
0.43
0.44
0.45
0.46
0.47
0.48
0.49
0.50
0.51
0.53
0.54
0.56
0.57
0.59
0.60
0.62
0.63
0.65
0.65
0.65
424.10
428.70
432.90
438.90
444.90
450.70
455.00
460.80
467.40
473.50
479.20
484.60
489.70
494.60
498.80
502.10
504.40
504.90
504.30
503.90
503.10
501.90
500.30
497.10
493.20
489.70
486.00
481.10
476.40
471.10
465.60
460.00
454.30
447.70
440.50
433.90
426.70
419.60
412.20
405.20
398.20
391.80
385.90
380.80
377.90
378.80
382.20
390.00
400.60
413.80
428.40
439.90
439.90
428.20
415.30
397.90
373.10
344.60
316.60
288.40
259.60
230.60
201.70
173.20
147.10
123.60
103.00
85.84
70.55
57.87
49.36
40.92
34.35
29.14
24.91
21.63
18.93
16.36
14.00
11.67
9.22
7.29
5.63
4.18
2.93
1.91
1.15
0.64
0.26
0.11
0.08
0.08
0.08
0.08
0.08
0.08
0.08
0.08
0.08
0.08
0.08
0.08
0.08
0.08
0.08
0.09
0.09
0.09
0.10
0.10
0.11
0.10
0.11
0.11
0.12
0.12
0.12
0.12
0.13
0.13
0.14
0.14
0.14
0.15
0.16
0.16
0.17
0.17
0.18
0.18
0.19
0.20
0.21
0.21
0.22
0.22
0.23
0.23
0.24
0.25
0.25
0.26
0.26
0.27
0.28
0.28
0.29
0.30
0.31
0.32
0.32
0.33
0.34
0.35
0.36
0.37
0.37
0.38
0.39
0.40
0.41
0.42
0.43
0.44
0.45
0.46
0.47
0.48
0.49
0.50
0.51
0.53
0.54
0.56
0.57
0.59
0.61
0.61
0.63
0.64
0.65
422.90
427.50
431.10
436.50
441.10
446.50
450.00
454.70
459.10
463.70
469.20
474.30
478.00
480.80
483.60
485.60
486.00
486.10
484.60
483.40
481.90
480.40
476.70
473.30
469.10
464.50
458.50
453.20
447.00
441.20
435.30
428.30
422.00
414.50
407.30
399.70
391.90
383.90
375.80
367.20
359.30
351.40
343.00
335.70
328.90
324.20
320.90
320.80
323.10
327.30
330.90
334.60
333.40
324.90
310.80
293.30
274.30
253.30
232.00
209.20
186.30
166.10
146.80
128.70
110.60
92.61
78.28
66.23
56.39
48.00
41.23
36.14
31.58
27.50
23.83
20.30
17.44
15.04
12.83
11.02
9.26
7.54
5.98
4.55
3.23
2.10
1.29
0.70
0.30
0.11
0.08
0.08
0.08
0.08
0.08
0.08
0.08
0.09
0.09
0.09
0.10
0.10
0.10
0.10
0.10
0.11
0.11
0.11
0.12
0.12
0.12
0.12
0.13
0.13
0.13
0.14
0.14
0.15
0.15
0.16
0.16
0.17
0.17
0.18
0.18
0.19
0.19
0.20
0.21
0.21
0.22
0.22
0.23
0.24
0.24
0.25
0.25
0.26
0.27
0.28
0.28
0.29
0.29
0.30
0.30
0.31
0.32
0.33
0.34
0.34
0.35
0.36
0.37
0.38
0.38
0.39
0.40
0.41
0.42
0.43
0.44
0.45
0.46
0.46
0.47
0.48
0.50
0.50
0.51
0.52
0.53
0.55
0.57
0.58
0.59
0.61
0.62
0.63
0.65
0.65
0.65
423.40
427.00
430.60
434.10
439.20
442.80
446.20
449.30
453.00
456.30
459.80
463.80
466.20
467.70
469.30
469.90
469.60
468.00
466.60
463.70
461.40
458.00
454.30
449.90
445.10
438.40
432.30
426.40
419.30
412.60
405.70
398.30
390.60
382.70
374.30
365.50
356.80
347.30
338.20
329.00
319.40
310.20
300.60
290.70
281.20
272.50
265.00
259.50
255.90
253.60
251.30
248.30
244.30
238.20
228.70
216.40
202.40
188.00
173.20
158.10
142.70
128.50
114.00
100.40
87.77
76.45
64.88
56.96
49.11
41.25
36.31
32.04
28.03
24.35
21.49
18.77
16.41
14.08
12.16
10.36
8.69
7.11
5.50
4.22
2.98
1.96
1.20
0.63
0.26
0.11
0.08
0.08
0.08
0.08
0.08
0.08
0.08
0.08
0.08
0.08
0.08
0.08
0.08
0.08
0.09
0.09
0.10
0.10
0.10
0.10
0.11
0.11
0.11
0.12
0.12
0.12
0.13
0.13
0.14
0.14
0.15
0.15
0.16
0.16
0.17
0.17
0.18
0.18
0.19
0.20
0.20
0.21
0.22
0.22
0.23
0.24
0.24
0.25
0.26
0.26
0.27
0.28
0.28
0.29
0.30
0.30
0.31
0.31
0.33
0.33
0.34
0.35
0.36
0.37
0.37
0.38
0.39
0.40
0.41
0.41
0.43
0.43
0.44
0.45
0.46
0.47
0.48
0.49
0.50
0.50
0.52
0.53
0.55
0.56
0.58
0.59
0.61
0.62
0.63
0.64
0.65
423.00
426.40
428.80
431.70
435.60
438.30
440.80
442.90
445.20
447.80
450.20
453.30
453.80
454.70
454.70
454.10
453.40
451.30
448.20
445.40
442.30
438.10
433.20
427.20
422.20
415.90
409.30
402.40
395.40
387.30
380.10
372.00
363.40
354.70
345.90
336.60
326.80
317.30
306.70
296.50
286.40
275.90
265.30
254.80
244.10
234.20
224.30
214.60
205.70
198.10
191.40
184.90
178.40
171.70
164.80
157.00
148.30
138.80
128.70
117.60
106.50
95.46
85.01
75.60
67.38
58.82
51.43
44.45
39.19
34.20
30.51
27.34
23.69
21.00
19.26
17.25
14.95
13.35
11.89
10.33
8.90
7.40
5.79
4.46
3.18
2.19
1.35
0.73
0.32
0.11
0.08
0.08
0.08
0.08
0.08
0.08
0.08
0.09
0.09
0.09
0.10
0.10
0.10
0.10
0.11
0.11
0.12
0.12
0.12
0.12
0.13
0.13
0.13
0.14
0.14
0.14
0.15
0.15
0.16
0.16
0.17
0.17
0.18
0.19
0.19
0.20
0.20
0.21
0.22
0.22
0.23
0.24
0.24
0.25
0.26
0.26
0.27
0.28
0.28
0.29
0.30
0.30
0.31
0.32
0.32
0.33
0.34
0.35
0.36
0.36
0.37
0.38
0.39
0.39
0.40
0.41
0.42
0.42
0.44
0.44
0.45
0.46
0.47
0.48
0.48
0.50
0.51
0.51
0.52
0.53
0.54
0.55
0.57
0.59
0.60
0.61
0.63
0.64
0.65
0.65
0.65
423.90
425.70
428.00
430.30
432.50
434.90
435.80
436.60
438.00
439.80
441.10
442.20
441.90
441.50
440.30
438.60
436.60
433.60
430.00
426.80
422.30
416.60
410.20
404.60
397.90
391.80
384.90
378.00
370.70
362.00
353.20
344.90
335.60
325.20
314.60
303.90
293.40
282.20
271.00
259.40
248.10
236.60
225.40
213.90
201.80
190.60
179.50
168.50
157.80
147.50
138.10
129.30
122.30
116.10
109.70
103.40
97.38
91.99
86.53
79.98
73.35
67.46
60.76
55.04
49.33
43.61
39.29
34.94
30.59
27.19
24.76
22.92
20.61
19.20
17.64
15.98
14.69
13.33
11.82
10.32
8.99
7.64
5.97
4.52
3.20
2.12
1.29
0.71
0.29
0.11
0.08
0.08
0.08
0.08
0.08
0.08
0.08
0.08
0.08
0.08
0.08
0.08
0.09
0.09
0.09
0.10
0.10
0.10
0.10
0.11
0.11
0.11
0.12
0.12
0.12
0.13
0.14
0.14
0.15
0.15
0.15
0.17
0.17
0.17
0.18
0.19
0.19
0.20
0.21
0.21
0.22
0.23
0.23
0.24
0.25
0.26
0.26
0.27
0.28
0.28
0.29
0.30
0.30
0.31
0.32
0.33
0.33
0.34
0.35
0.36
0.36
0.37
0.38
0.39
0.39
0.40
0.41
0.42
0.43
0.43
0.44
0.45
0.46
0.47
0.48
0.48
0.49
0.50
0.51
0.52
0.52
0.54
0.55
0.57
0.58
0.59
0.61
0.62
0.64
0.64
0.64
423.20
425.30
426.20
427.30
428.60
430.50
431.40
430.80
431.40
431.20
431.80
431.10
430.40
428.70
426.00
423.90
421.10
417.00
412.30
407.30
402.20
396.40
390.60
383.80
376.60
368.60
360.90
351.80
343.50
333.90
323.40
313.10
301.90
290.70
279.00
267.20
254.90
242.70
230.90
218.60
206.10
194.00
181.90
170.10
157.80
146.60
135.70
125.50
117.60
109.70
101.90
97.73
93.06
88.10
82.27
76.25
70.71
65.81
61.59
57.57
53.46
49.49
45.49
41.47
37.87
35.05
32.77
30.59
27.99
25.88
24.39
22.82
20.91
19.10
17.64
16.04
14.59
13.18
11.81
10.34
8.96
7.63
6.06
4.55
3.32
2.30
1.44
0.79
0.34
0.11
0.08
0.08
0.08
0.08
0.08
0.08
0.09
0.09
0.09
0.10
0.10
0.10
0.10
0.11
0.11
0.11
0.12
0.12
0.12
0.13
0.13
0.13
0.14
0.14
0.15
0.15
0.16
0.16
0.17
0.17
0.18
0.19
0.19
0.20
0.21
0.21
0.22
0.23
0.23
0.24
0.25
0.26
0.26
0.27
0.28
0.28
0.29
0.30
0.30
0.31
0.32
0.32
0.33
0.34
0.35
0.36
0.36
0.37
0.38
0.38
0.39
0.40
0.41
0.41
0.42
0.43
0.43
0.44
0.45
0.46
0.47
0.47
0.48
0.49
0.50
0.51
0.51
0.52
0.53
0.54
0.54
0.56
0.57
0.59
0.60
0.61
0.63
0.64
0.64
0.64
0.64
423.40
424.30
424.60
425.00
425.80
426.40
425.90
424.80
424.50
423.00
421.90
420.30
417.60
414.80
412.20
409.00
404.80
400.20
394.10
387.70
380.70
373.50
366.00
357.20
348.90
339.30
329.10
319.10
309.10
298.30
286.90
275.10
263.30
250.50
237.40
224.40
211.80
198.80
185.90
173.10
160.80
149.10
138.10
128.90
121.90
116.70
111.20
105.00
97.23
90.71
85.97
81.00
76.43
72.77
69.41
66.03
60.32
56.12
51.93
47.74
44.48
41.39
38.14
35.21
32.75
30.50
28.40
26.82
25.55
24.13
22.84
21.64
20.29
18.83
17.38
15.74
13.99
12.49
11.20
9.75
8.24
6.83
5.34
4.08
2.95
2.00
1.26
0.71
0.29
0.11
0.09
0.08
0.08
0.08
0.08
0.08
0.08
0.08
0.08
0.08
0.08
0.09
0.09
0.09
0.09
0.10
0.10
0.11
0.11
0.11
0.12
0.12
0.13
0.13
0.14
0.14
0.15
0.15
0.16
0.17
0.17
0.18
0.18
0.19
0.20
0.21
0.21
0.22
0.23
0.24
0.24
0.25
0.26
0.26
0.27
0.28
0.28
0.29
0.30
0.30
0.31
0.32
0.33
0.33
0.34
0.35
0.36
0.37
0.37
0.38
0.39
0.40
0.40
0.41
0.41
0.42
0.43
0.44
0.44
0.45
0.46
0.47
0.47
0.48
0.49
0.49
0.50
0.51
0.52
0.53
0.53
0.55
0.56
0.58
0.59
0.59
0.62
0.62
0.64
0.64
0.64
423.70
423.20
423.20
422.60
422.60
422.00
421.30
419.50
417.50
415.10
412.70
411.00
407.80
403.70
399.10
394.40
388.70
382.50
375.40
367.50
359.10
350.10
341.30
331.30
321.10
311.00
299.90
288.60
276.90
265.00
251.80
238.80
225.70
212.00
198.80
185.90
173.10
161.10
150.60
141.90
134.50
127.70
119.60
111.40
103.30
98.49
95.48
93.53
92.22
90.10
86.14
81.02
75.02
70.14
67.05
64.54
60.63
56.45
52.97
49.21
45.36
41.71
38.16
35.16
32.58
30.42
28.50
26.66
25.00
23.51
22.23
20.76
19.31
17.82
16.41
15.23
13.86
12.47
11.08
9.72
8.27
6.73
5.26
3.97
2.91
2.01
1.27
0.72
0.31
0.12
0.08
0.08
0.08
0.08
0.09
0.09
0.09
0.09
0.10
0.10
0.10
0.11
0.11
0.11
0.12
0.12
0.12
0.12
0.13
0.14
0.14
0.14
0.15
0.16
0.16
0.17
0.17
0.18
0.19
0.19
0.20
0.21
0.21
0.22
0.23
0.24
0.24
0.25
0.26
0.27
0.28
0.28
0.29
0.30
0.30
0.31
0.31
0.32
0.33
0.34
0.35
0.35
0.36
0.37
0.37
0.38
0.39
0.40
0.40
0.41
0.42
0.43
0.43
0.44
0.45
0.45
0.46
0.47
0.47
0.48
0.49
0.50
0.50
0.51
0.52
0.52
0.53
0.54
0.54
0.55
0.56
0.57
0.58
0.60
0.61
0.62
0.63
0.64
0.64
0.64
0.64
423.40
422.50
421.70
420.60
419.20
418.10
415.80
413.60
411.10
408.00
404.50
400.70
395.90
390.60
384.50
377.50
370.30
361.60
353.00
343.10
333.60
323.80
313.00
302.50
290.90
278.60
266.20
253.60
241.10
227.70
214.30
200.80
187.90
175.90
164.80
155.00
146.50
138.20
129.70
120.70
112.70
105.90
100.80
98.92
99.22
99.44
99.25
98.60
96.83
94.43
90.89
86.64
81.51
75.87
72.01
69.17
64.95
61.43
57.41
52.78
48.13
43.69
39.84
36.44
33.57
31.28
29.20
27.14
25.55
24.07
22.50
20.82
19.21
17.70
16.26
15.12
13.79
12.37
10.83
9.34
7.87
6.40
4.89
3.67
2.66
1.81
1.16
0.64
0.28
0.11
0.09
0.09
0.09
0.09
0.08
0.08
0.08
0.08
0.08
0.09
0.08
0.09
0.09
0.10
0.10
0.11
0.11
0.11
0.12
0.13
0.13
0.14
0.14
0.15
0.15
0.16
0.17
0.17
0.18
0.19
0.19
0.20
0.21
0.22
0.23
0.23
0.24
0.25
0.25
0.26
0.27
0.28
0.28
0.29
0.30
0.31
0.31
0.32
0.33
0.34
0.34
0.35
0.36
0.36
0.37
0.38
0.39
0.39
0.40
0.41
0.42
0.43
0.43
0.44
0.44
0.45
0.46
0.46
0.47
0.48
0.48
0.49
0.50
0.50
0.51
0.52
0.52
0.53
0.54
0.54
0.55
0.56
0.57
0.59
0.60
0.60
0.62
0.62
0.64
0.64
0.64
423.40
422.00
420.20
418.40
416.50
414.40
412.00
408.60
404.60
401.30
396.50
391.50
384.90
377.80
370.10
361.80
352.50
342.60
332.40
321.50
310.70
299.90
287.90
275.70
262.60
250.30
237.30
224.00
211.00
198.00
185.90
175.30
165.10
154.60
144.80
136.00
127.10
121.50
115.90
110.30
104.80
106.30
107.60
107.40
105.80
104.60
104.00
103.90
103.80
102.80
100.90
97.73
92.90
87.04
81.61
77.02
72.35
68.36
63.63
58.30
52.96
48.07
43.60
39.70
36.37
33.64
31.40
29.19
27.15
25.15
23.09
21.12
19.41
17.91
16.50
15.21
14.13
12.86
11.54
10.04
8.55
7.09
5.59
4.23
3.13
2.18
1.43
0.80
0.34
0.13
0.09
0.09
0.09
0.09
0.09
0.10
0.10
0.10
0.10
0.11
0.11
0.12
0.12
0.12
0.13
0.13
0.14
0.14
0.15
0.15
0.16
0.17
0.17
0.18
0.19
0.19
0.20
0.20
0.21
0.22
0.23
0.23
0.24
0.25
0.26
0.27
0.27
0.28
0.29
0.30
0.30
0.31
0.32
0.33
0.34
0.34
0.35
0.35
0.36
0.37
0.38
0.39
0.39
0.40
0.41
0.41
0.42
0.43
0.44
0.44
0.45
0.46
0.46
0.47
0.48
0.48
0.49
0.50
0.50
0.51
0.51
0.52
0.53
0.53
0.54
0.54
0.55
0.56
0.56
0.57
0.58
0.59
0.60
0.61
0.62
0.62
0.63
0.64
0.64
0.64
0.64
423.10
421.00
418.90
416.70
413.30
410.50
406.80
402.60
398.60
393.70
387.70
380.30
372.50
363.80
354.00
343.60
333.50
321.90
310.40
299.20
286.80
273.90
260.90
247.80
234.40
221.10
208.20
195.80
184.90
175.00
164.30
153.40
142.80
133.20
124.50
116.30
110.40
107.90
110.10
113.30
115.00
115.80
116.00
115.80
115.00
113.60
112.20
111.30
110.80
110.10
108.80
105.90
101.50
96.39
90.94
85.31
79.31
72.79
66.53
61.01
56.29
51.59
46.88
42.91
39.34
35.90
32.39
29.00
26.46
24.65
22.99
21.38
19.84
18.31
16.87
15.45
14.26
13.07
12.00
10.82
9.78
8.32
6.61
5.16
3.80
2.54
1.52
0.76
0.31
0.13
0.10
0.10
0.10
0.10
0.10
0.10
0.10
0.10
0.10
0.10
0.10
0.10
0.11
0.11
0.12
0.12
0.13
0.14
0.14
0.15
0.15
0.16
0.17
0.17
0.18
0.19
0.20
0.20
0.21
0.22
0.23
0.23
0.24
0.25
0.26
0.27
0.28
0.28
0.29
0.30
0.31
0.32
0.32
0.33
0.34
0.34
0.35
0.36
0.36
0.37
0.38
0.39
0.39
0.40
0.41
0.41
0.42
0.43
0.43
0.44
0.45
0.46
0.46
0.47
0.48
0.48
0.49
0.50
0.50
0.51
0.51
0.52
0.52
0.53
0.53
0.54
0.55
0.55
0.56
0.56
0.56
0.58
0.58
0.59
0.60
0.61
0.62
0.62
0.63
0.64
0.64
423.50
420.30
417.50
414.30
410.80
406.50
403.00
398.50
393.50
387.20
379.60
370.80
361.10
351.70
340.40
329.50
317.40
304.90
292.60
279.50
266.30
252.80
239.10
225.90
211.90
199.50
188.30
178.10
167.40
156.90
146.40
135.50
126.20
117.70
112.20
109.50
111.70
115.00
117.50
118.90
120.20
120.90
121.50
121.70
121.80
121.50
121.00
119.70
117.60
115.80
114.30
111.20
108.10
105.00
99.28
92.20
84.84
77.94
71.68
65.76
60.04
54.78
49.41
44.30
38.97
34.19
30.94
29.12
27.39
25.67
24.03
22.35
20.73
19.21
17.74
16.30
14.90
13.45
11.84
10.61
9.52
7.94
6.25
4.87
3.96
3.22
2.36
1.36
0.48
0.14
0.10
0.10
0.10
0.10
0.10
0.10
0.11
0.11
0.12
0.12
0.13
0.13
0.13
0.14
0.14
0.15
0.16
0.16
0.17
0.18
0.18
0.19
0.20
0.21
0.21
0.22
0.23
0.24
0.25
0.25
0.26
0.27
0.28
0.29
0.30
0.30
0.31
0.32
0.33
0.34
0.35
0.35
0.36
0.37
0.37
0.38
0.39
0.39
0.40
0.41
0.42
0.42
0.43
0.44
0.44
0.45
0.46
0.46
0.47
0.48
0.49
0.49
0.50
0.50
0.51
0.52
0.52
0.53
0.53
0.54
0.54
0.55
0.55
0.56
0.56
0.57
0.57
0.58
0.58
0.58
0.59
0.60
0.61
0.61
0.62
0.62
0.63
0.63
0.63
0.63
0.63
423.50
420.00
416.40
412.60
407.10
403.00
398.20
393.40
387.20
379.30
369.90
359.60
348.50
337.70
325.00
312.60
300.00
286.40
273.10
259.00
245.10
231.20
217.50
204.20
192.30
181.90
170.90
160.20
149.50
138.90
128.90
119.90
113.40
110.50
112.90
116.30
118.80
120.40
121.10
121.60
122.40
123.00
123.60
124.50
124.90
124.90
124.20
123.30
122.30
121.00
119.50
117.00
112.60
105.80
98.58
91.90
85.45
78.79
72.28
65.47
58.78
51.68
44.58
38.65
35.24
33.46
31.95
30.44
28.74
26.92
25.19
23.43
21.55
19.83
18.14
16.54
15.07
15.39
17.35
18.88
19.19
17.75
15.44
12.58
8.88
4.92
2.47
1.16
0.43
0.14
0.10
0.10
0.10
0.10
0.10
0.10
0.10
0.10
0.11
0.11
0.11
0.12
0.12
0.13
0.14
0.14
0.15
0.16
0.17
0.17
0.18
0.19
0.20
0.21
0.21
0.22
0.23
0.24
0.25
0.25
0.26
0.27
0.28
0.29
0.30
0.31
0.32
0.32
0.33
0.34
0.35
0.35
0.36
0.37
0.38
0.38
0.39
0.40
0.40
0.41
0.41
0.42
0.43
0.44
0.45
0.45
0.46
0.47
0.47
0.48
0.49
0.50
0.50
0.50
0.51
0.52
0.52
0.52
0.53
0.53
0.54
0.55
0.55
0.55
0.55
0.56
0.56
0.57
0.57
0.57
0.57
0.58
0.59
0.59
0.60
0.61
0.61
0.62
0.62
0.62
0.62
424.10
419.40
415.70
410.90
405.20
400.00
395.20
389.60
381.60
372.40
362.40
351.00
339.20
327.30
313.90
300.60
287.10
272.50
258.10
243.60
229.50
215.10
202.50
191.00
180.00
168.70
157.70
147.00
136.60
126.50
118.50
112.90
112.50
115.60
118.10
119.80
121.30
122.70
124.20
124.70
124.70
124.80
125.00
125.20
125.20
125.20
125.20
125.00
124.50
123.30
120.90
115.00
109.00
103.00
96.19
89.77
83.36
76.32
68.77
61.02
53.25
46.09
40.89
38.66
36.95
35.19
33.47
31.70
29.88
28.01
26.32
25.77
30.45
37.81
42.47
44.78
45.65
45.20
42.65
37.68
28.74
18.73
13.27
9.89
7.05
4.56
2.72
1.38
0.54
0.18
0.11
0.10
0.11
0.11
0.11
0.11
0.12
0.12
0.13
0.14
0.14
0.15
0.15
0.16
0.17
0.17
0.18
0.19
0.20
0.21
0.21
0.22
0.23
0.24
0.25
0.26
0.27
0.28
0.28
0.29
0.30
0.31
0.32
0.33
0.34
0.35
0.36
0.36
0.37
0.38
0.39
0.39
0.40
0.41
0.41
0.42
0.43
0.43
0.44
0.45
0.45
0.46
0.47
0.47
0.48
0.49
0.50
0.50
0.51
0.52
0.52
0.53
0.54
0.54
0.55
0.55
0.56
0.56
0.56
0.57
0.57
0.58
0.58
0.58
0.58
0.59
0.59
0.59
0.59
0.59
0.60
0.61
0.61
0.62
0.62
0.62
0.62
0.62
0.62
0.62
0.62
423.00
418.40
413.60
408.40
402.70
396.90
391.20
383.20
374.40
364.20
352.90
341.10
328.10
315.00
301.10
286.60
271.80
256.90
241.90
227.00
213.10
200.30
188.90
177.90
165.80
154.80
144.00
133.40
124.00
116.70
113.10
115.20
118.40
120.50
121.90
122.90
123.70
124.60
124.60
125.00
125.40
125.80
126.20
126.90
127.40
127.70
127.70
127.10
125.00
121.80
116.20
109.40
102.60
96.17
90.12
83.02
75.48
67.88
60.08
54.60
49.18
43.76
41.83
39.98
38.10
36.29
34.72
38.71
51.61
61.83
68.66
73.46
76.13
76.73
74.88
70.70
61.00
43.76
31.29
24.16
19.03
14.50
10.57
7.60
5.19
3.30
1.95
1.02
0.44
0.15
0.11
0.10
0.10
0.10
0.11
0.11
0.11
0.11
0.11
0.12
0.13
0.14
0.14
0.15
0.16
0.17
0.17
0.18
0.19
0.20
0.21
0.22
0.23
0.24
0.25
0.26
0.27
0.28
0.28
0.30
0.31
0.32
0.32
0.33
0.34
0.35
0.36
0.37
0.37
0.38
0.39
0.40
0.40
0.41
0.41
0.42
0.43
0.44
0.44
0.45
0.45
0.46
0.47
0.47
0.48
0.49
0.50
0.50
0.51
0.52
0.52
0.52
0.53
0.54
0.55
0.55
0.55
0.56
0.56
0.56
0.57
0.57
0.57
0.58
0.58
0.58
0.58
0.58
0.58
0.58
0.58
0.59
0.59
0.60
0.61
0.61
0.61
0.62
0.62
0.62
0.62
423.90
418.90
412.50
407.90
401.50
395.30
388.70
380.20
369.80
358.20
345.80
333.70
320.20
305.90
291.80
276.90
261.10
245.60
230.40
216.40
202.60
190.90
179.60
167.80
156.30
145.10
134.40
124.60
117.40
113.80
115.80
119.20
121.80
123.20
124.50
125.10
125.50
126.00
126.30
126.50
127.00
127.80
128.30
128.50
128.40
128.20
127.60
125.80
122.70
116.20
109.70
103.30
96.90
90.39
83.44
75.89
68.13
60.80
53.73
48.77
46.53
44.67
42.97
41.98
51.45
66.17
76.28
84.40
91.68
97.85
101.70
102.80
100.50
90.71
69.07
51.99
42.86
34.92
27.17
20.78
15.71
11.98
9.07
6.63
4.79
3.25
2.06
1.15
0.49
0.17
0.10
0.10
0.11
0.11
0.11
0.12
0.12
0.13
0.14
0.15
0.15
0.16
0.17
0.17
0.18
0.19
0.20
0.21
0.22
0.23
0.24
0.25
0.26
0.27
0.28
0.29
0.30
0.31
0.32
0.33
0.34
0.35
0.36
0.37
0.38
0.39
0.39
0.40
0.41
0.42
0.43
0.43
0.44
0.44
0.45
0.46
0.46
0.47
0.48
0.48
0.49
0.49
0.50
0.51
0.51
0.52
0.53
0.53
0.54
0.55
0.55
0.56
0.57
0.57
0.57
0.58
0.58
0.59
0.59
0.59
0.59
0.59
0.60
0.60
0.60
0.60
0.60
0.60
0.60
0.60
0.61
0.61
0.61
0.61
0.61
0.61
0.61
0.61
0.61
0.61
0.61
423.40
417.70
411.30
404.80
398.60
391.70
383.90
374.60
362.50
350.20
337.30
323.70
309.50
295.20
279.60
264.00
248.00
232.30
217.70
203.90
191.70
180.10
167.90
156.30
145.10
134.00
124.20
117.40
114.30
116.70
119.90
122.70
124.20
125.50
126.40
126.80
127.20
127.50
127.90
128.80
129.30
129.70
129.70
129.70
129.30
128.20
126.20
122.50
116.90
109.90
103.10
96.44
90.12
82.94
75.73
68.57
61.33
57.24
53.16
49.08
47.52
53.72
68.68
80.26
89.67
98.70
104.90
111.10
117.20
118.60
115.50
99.18
73.37
59.81
50.27
40.83
32.69
26.15
20.63
16.30
12.87
10.29
8.05
6.11
4.40
2.89
1.73
0.93
0.41
0.15
0.11
0.10
0.10
0.10
0.10
0.10
0.11
0.11
0.12
0.13
0.14
0.15
0.16
0.17
0.18
0.18
0.20
0.21
0.22
0.23
0.24
0.25
0.26
0.27
0.28
0.29
0.30
0.31
0.32
0.33
0.34
0.35
0.36
0.37
0.38
0.39
0.40
0.40
0.41
0.42
0.43
0.43
0.44
0.45
0.45
0.45
0.46
0.47
0.47
0.48
0.49
0.49
0.50
0.50
0.51
0.52
0.52
0.53
0.54
0.54
0.55
0.56
0.56
0.57
0.57
0.57
0.58
0.58
0.58
0.58
0.59
0.59
0.59
0.59
0.59
0.59
0.59
0.59
0.59
0.59
0.59
0.60
0.60
0.60
0.61
0.61
0.61
0.61
0.61
0.61
0.61
424.00
417.40
410.90
404.00
397.60
390.00
381.50
371.70
359.30
345.80
332.60
318.40
303.00
287.70
271.70
255.70
239.10
223.50
209.40
196.70
184.10
171.80
160.00
148.40
137.10
126.90
119.00
114.60
115.80
119.30
122.20
124.30
125.50
126.70
127.30
127.70
128.20
128.50
129.10
129.70
130.00
130.30
130.30
130.20
129.20
127.50
124.00
119.20
112.10
105.10
98.14
91.67
84.92
77.94
70.96
64.18
58.00
53.59
53.93
54.77
69.83
82.09
92.47
102.30
111.20
117.50
122.10
124.90
113.00
101.20
89.22
72.22
60.31
49.58
40.85
33.69
27.86
23.20
19.46
16.35
13.51
10.88
8.35
6.10
4.37
2.96
1.82
0.98
0.44
0.16
0.10
0.10
0.10
0.11
0.11
0.12
0.12
0.13
0.14
0.15
0.16
0.17
0.18
0.19
0.20
0.21
0.22
0.23
0.24
0.25
0.26
0.28
0.29
0.30
0.31
0.32
0.33
0.34
0.36
0.37
0.37
0.38
0.40
0.41
0.42
0.43
0.43
0.44
0.45
0.45
0.46
0.47
0.48
0.48
0.48
0.49
0.49
0.50
0.51
0.51
0.52
0.53
0.53
0.54
0.55
0.55
0.56
0.56
0.57
0.58
0.58
0.59
0.59
0.60
0.60
0.60
0.61
0.61
0.61
0.61
0.61
0.61
0.61
0.61
0.61
0.61
0.61
0.61
0.61
0.61
0.61
0.61
0.61
0.61
0.61
0.61
0.61
0.61
0.60
0.60
0.60
422.80
416.50
409.90
402.20
395.20
387.30
378.10
366.40
353.20
339.40
324.90
309.80
294.40
277.90
261.00
244.70
228.60
213.70
199.40
186.20
173.60
160.90
148.80
137.50
126.90
117.80
113.10
113.10
116.60
119.80
122.20
123.50
124.80
125.70
126.70
126.90
127.70
128.00
128.70
129.30
129.40
129.60
129.30
128.60
126.70
124.10
119.40
113.00
105.70
98.70
91.89
85.26
78.68
72.12
65.72
59.69
61.09
62.72
64.35
77.30
88.75
99.11
107.20
115.20
123.30
127.60
129.20
124.90
107.40
87.46
72.01
59.73
51.46
43.23
35.00
29.90
25.97
22.59
19.21
15.95
12.83
10.20
7.87
5.85
4.14
2.82
1.70
0.90
0.39
0.15
0.09
0.09
0.09
0.09
0.09
0.10
0.11
0.12
0.13
0.14
0.14
0.15
0.17
0.18
0.19
0.20
0.21
0.23
0.24
0.25
0.26
0.28
0.28
0.30
0.31
0.32
0.33
0.35
0.36
0.37
0.38
0.39
0.40
0.41
0.42
0.43
0.43
0.44
0.45
0.46
0.46
0.47
0.47
0.48
0.48
0.49
0.49
0.50
0.50
0.51
0.52
0.52
0.53
0.54
0.54
0.55
0.55
0.56
0.57
0.58
0.58
0.59
0.59
0.59
0.60
0.60
0.60
0.61
0.61
0.61
0.61
0.61
0.61
0.61
0.61
0.61
0.61
0.61
0.61
0.61
0.61
0.61
0.61
0.61
0.61
0.61
0.61
0.61
0.61
0.61
0.60
423.90
416.80
410.10
402.20
394.90
386.30
376.30
364.60
351.00
336.60
321.40
306.40
289.80
273.00
255.90
238.80
223.50
208.70
193.90
180.20
167.10
154.00
142.10
131.00
120.60
113.30
110.50
112.80
116.50
119.50
121.40
122.60
123.90
124.90
125.30
126.00
126.30
127.00
127.70
128.00
128.20
128.20
127.30
126.20
124.00
120.30
113.70
107.10
100.50
93.46
87.03
80.68
74.77
68.68
63.13
62.74
62.35
62.05
75.61
87.81
99.03
109.20
117.80
124.40
128.90
130.60
117.40
104.20
91.01
77.79
63.21
52.87
44.69
38.12
33.30
29.71
26.65
23.62
20.33
16.70
13.51
10.90
8.57
6.34
4.55
3.12
1.87
0.98
0.42
0.16
0.09
0.09
0.10
0.10
0.11
0.12
0.12
0.13
0.14
0.15
0.16
0.18
0.19
0.20
0.21
0.22
0.24
0.25
0.26
0.28
0.29
0.30
0.32
0.33
0.34
0.35
0.37
0.38
0.39
0.40
0.41
0.42
0.43
0.44
0.46
0.46
0.47
0.48
0.48
0.49
0.50
0.50
0.51
0.51
0.52
0.52
0.53
0.53
0.54
0.54
0.55
0.56
0.56
0.57
0.58
0.58
0.59
0.60
0.60
0.61
0.61
0.62
0.62
0.62
0.62
0.62
0.62
0.62
0.62
0.62
0.62
0.62
0.62
0.62
0.62
0.62
0.61
0.61
0.61
0.61
0.61
0.61
0.61
0.61
0.60
0.60
0.60
0.59
0.59
0.59
0.59
424.70
417.60
409.60
402.10
393.80
386.20
375.10
362.70
348.10
332.70
317.90
302.00
285.20
267.70
250.50
233.60
217.90
203.60
188.30
173.90
160.60
147.90
135.40
124.60
115.50
110.20
109.90
113.30
116.70
119.20
120.70
121.90
123.20
124.00
124.30
124.80
125.20
126.00
126.60
126.90
126.70
126.10
125.30
123.70
120.70
114.80
108.90
102.90
95.72
89.17
83.25
77.86
72.69
67.26
62.25
59.41
57.06
70.47
84.09
96.28
106.80
116.10
122.60
127.60
129.90
129.20
114.50
99.83
85.11
68.59
56.97
48.76
42.04
37.25
33.74
31.05
28.48
25.76
22.89
19.57
16.26
13.41
10.76
8.08
5.69
3.88
2.31
1.20
0.48
0.17
0.07
0.08
0.08
0.09
0.09
0.10
0.11
0.12
0.13
0.13
0.14
0.15
0.16
0.17
0.18
0.19
0.20
0.21
0.22
0.23
0.24
0.25
0.26
0.28
0.29
0.30
0.31
0.32
0.33
0.35
0.36
0.37
0.38
0.39
0.40
0.41
0.42
0.43
0.44
0.45
0.46
0.46
0.47
0.48
0.49
0.50
0.51
0.52
0.53
0.54
0.55
0.55
0.57
0.58
0.59
0.59
0.60
0.61
0.62
0.63
0.63
0.64
0.65
0.65
0.66
0.66
0.66
0.66
0.66
0.66
0.66
0.66
0.66
0.65
0.65
0.65
0.65
0.64
0.64
0.64
0.63
0.63
0.62
0.62
0.61
0.61
0.61
0.61
0.61
0.61
0.61
423.80
416.50
408.80
400.60
391.90
383.00
371.30
358.20
343.30
328.30
312.60
295.50
278.10
260.40
242.50
226.70
211.90
196.10
180.50
165.60
152.40
139.70
127.70
117.80
110.70
107.80
110.30
114.40
117.30
119.30
121.00
122.40
123.50
124.20
124.60
125.20
125.70
126.60
127.00
126.90
126.40
125.50
124.10
121.40
117.70
112.40
106.00
98.59
91.75
85.93
80.80
76.17
71.63
67.31
63.21
59.93
62.63
79.33
93.34
104.70
114.50
122.40
127.40
130.60
130.80
126.80
113.70
93.05
74.96
63.46
57.65
51.85
46.06
43.30
41.18
38.94
36.15
32.75
28.87
24.73
20.91
17.11
13.27
9.64
6.58
4.23
2.57
1.26
0.48
0.16
0.08
0.08
0.08
0.08
0.08
0.09
0.10
0.11
0.12
0.12
0.14
0.14
0.16
0.17
0.17
0.19
0.20
0.21
0.22
0.23
0.24
0.26
0.27
0.28
0.29
0.30
0.32
0.33
0.34
0.35
0.36
0.37
0.39
0.40
0.40
0.41
0.43
0.43
0.44
0.45
0.46
0.47
0.47
0.48
0.50
0.50
0.51
0.52
0.53
0.54
0.55
0.56
0.57
0.58
0.59
0.59
0.60
0.61
0.62
0.63
0.63
0.64
0.65
0.66
0.66
0.67
0.67
0.67
0.67
0.67
0.68
0.68
0.68
0.68
0.68
0.68
0.68
0.67
0.67
0.66
0.66
0.66
0.65
0.64
0.64
0.64
0.63
0.63
0.62
0.62
0.62
424.70
417.00
408.90
400.70
392.60
383.30
370.90
358.30
343.40
326.90
311.10
293.90
276.70
258.50
240.60
224.20
209.60
193.30
176.50
161.50
148.10
135.30
124.00
115.00
108.80
107.10
110.30
114.60
117.80
120.20
121.80
123.40
124.90
125.50
126.10
126.60
127.20
127.90
128.10
127.90
127.10
125.30
123.00
119.80
115.60
110.30
103.80
96.67
90.22
84.83
80.08
76.33
72.96
69.87
66.87
64.23
66.94
81.34
97.62
109.40
118.50
126.10
131.00
133.90
132.90
119.60
106.30
92.95
79.62
72.16
66.14
60.47
55.87
52.27
48.75
45.01
40.93
36.18
31.41
26.62
22.12
17.88
13.62
9.92
6.83
4.43
2.63
1.31
0.51
0.17
0.08
0.09
0.09
0.10
0.10
0.12
0.12
0.13
0.14
0.15
0.16
0.17
0.18
0.19
0.21
0.22
0.23
0.24
0.25
0.27
0.28
0.29
0.30
0.32
0.33
0.34
0.35
0.37
0.38
0.39
0.40
0.41
0.43
0.44
0.45
0.46
0.46
0.47
0.48
0.49
0.50
0.51
0.52
0.52
0.53
0.54
0.55
0.56
0.57
0.58
0.59
0.60
0.61
0.62
0.62
0.63
0.64
0.65
0.66
0.67
0.68
0.68
0.69
0.69
0.69
0.69
0.69
0.69
0.69
0.69
0.69
0.69
0.68
0.68
0.68
0.68
0.67
0.67
0.67
0.65
0.65
0.64
0.64
0.64
0.63
0.63
0.62
0.61
0.61
0.61
0.61
423.70
416.10
408.40
399.20
390.70
380.20
369.20
355.20
339.60
322.90
306.10
289.00
271.00
252.70
235.10
220.00
204.20
186.80
170.30
154.60
141.30
129.20
118.80
111.20
106.90
107.50
111.70
115.70
119.30
121.60
123.40
125.20
126.60
127.50
128.30
128.50
129.20
129.30
128.70
127.60
125.60
123.00
119.90
115.60
111.10
105.80
99.83
93.33
87.30
82.60
79.36
76.80
74.69
73.11
70.79
69.40
75.74
88.78
104.20
117.70
127.40
134.70
139.60
141.70
139.90
131.90
109.40
90.35
80.23
72.29
65.64
59.78
55.04
50.31
45.58
41.27
36.97
32.43
27.81
23.43
19.38
15.89
12.66
9.57
6.72
4.23
2.34
1.11
0.41
0.15
0.09
0.09
0.09
0.09
0.10
0.11
0.12
0.13
0.14
0.15
0.16
0.17
0.18
0.19
0.21
0.22
0.23
0.24
0.26
0.27
0.28
0.29
0.31
0.32
0.34
0.35
0.36
0.38
0.39
0.40
0.41
0.42
0.44
0.45
0.45
0.46
0.47
0.49
0.49
0.50
0.51
0.52
0.52
0.53
0.54
0.55
0.56
0.56
0.57
0.58
0.59
0.60
0.61
0.62
0.63
0.63
0.65
0.65
0.67
0.68
0.68
0.68
0.69
0.69
0.70
0.70
0.70
0.70
0.70
0.70
0.70
0.70
0.70
0.70
0.70
0.70
0.70
0.69
0.69
0.68
0.68
0.67
0.66
0.65
0.65
0.65
0.64
0.63
0.63
0.63
0.62
424.80
417.00
408.50
400.00
391.70
381.90
370.10
355.80
340.20
323.90
307.00
289.60
271.10
252.50
235.00
220.10
203.50
186.00
168.50
152.50
138.40
126.70
117.10
110.10
106.60
107.10
111.30
115.70
119.80
123.20
125.30
126.80
128.10
129.20
130.10
130.20
129.90
129.50
128.20
126.20
123.10
119.80
116.00
112.00
108.00
102.90
96.94
91.08
86.33
83.14
81.30
80.24
79.60
78.80
77.63
76.69
83.21
95.26
109.00
122.30
133.90
142.30
146.90
147.50
144.00
124.80
105.70
86.66
76.80
68.56
61.59
56.00
51.04
46.07
41.01
36.41
32.31
28.72
25.50
21.90
18.67
15.55
12.72
9.86
7.07
4.48
2.49
1.22
0.49
0.17
0.10
0.10
0.11
0.12
0.12
0.13
0.15
0.16
0.17
0.18
0.19
0.20
0.22
0.23
0.24
0.25
0.27
0.28
0.29
0.30
0.32
0.33
0.35
0.36
0.37
0.39
0.40
0.41
0.43
0.44
0.45
0.47
0.48
0.49
0.50
0.51
0.52
0.52
0.53
0.54
0.55
0.55
0.56
0.57
0.58
0.59
0.60
0.61
0.61
0.62
0.63
0.64
0.65
0.66
0.67
0.68
0.68
0.69
0.70
0.71
0.72
0.72
0.72
0.72
0.72
0.72
0.72
0.72
0.72
0.72
0.72
0.71
0.71
0.70
0.70
0.70
0.69
0.68
0.68
0.67
0.66
0.66
0.65
0.64
0.64
0.64
0.63
0.63
0.62
0.62
0.62
423.50
415.40
407.10
398.50
390.00
380.10
368.20
353.50
338.20
321.40
304.00
285.80
267.50
248.90
231.80
216.80
199.30
181.20
163.60
147.40
133.70
122.70
113.60
107.60
105.60
107.70
112.30
117.30
121.40
124.80
127.30
128.90
130.10
131.00
131.50
131.70
130.50
128.60
126.30
123.30
119.70
115.60
111.20
106.80
102.10
97.26
91.96
88.00
85.26
83.88
83.53
83.77
83.92
84.65
84.77
85.97
93.90
104.90
118.30
131.30
141.50
148.50
151.50
150.10
142.50
122.10
95.69
82.02
71.40
61.65
55.20
48.82
42.45
38.38
34.75
31.21
27.95
24.98
22.05
19.43
16.74
14.08
11.68
9.29
6.86
4.59
2.62
1.16
0.45
0.16
0.11
0.11
0.11
0.11
0.12
0.13
0.14
0.15
0.16
0.18
0.19
0.20
0.21
0.23
0.24
0.26
0.27
0.28
0.29
0.31
0.32
0.33
0.35
0.37
0.38
0.39
0.41
0.42
0.44
0.45
0.46
0.47
0.48
0.49
0.50
0.52
0.52
0.53
0.54
0.55
0.56
0.56
0.57
0.58
0.58
0.59
0.60
0.61
0.62
0.62
0.63
0.64
0.65
0.66
0.67
0.68
0.68
0.69
0.70
0.71
0.72
0.72
0.72
0.73
0.73
0.73
0.73
0.74
0.73
0.73
0.73
0.73
0.73
0.73
0.72
0.72
0.71
0.70
0.70
0.69
0.69
0.68
0.67
0.66
0.66
0.66
0.65
0.65
0.64
0.64
0.63
424.40
416.00
408.40
400.30
391.50
381.40
369.30
356.00
340.50
324.00
306.40
287.90
269.30
250.70
233.70
218.30
200.60
182.20
164.20
147.80
133.70
121.80
113.20
107.40
105.40
107.50
112.00
117.30
122.10
126.30
129.00
130.90
132.10
132.90
133.40
132.80
130.70
127.80
124.60
121.00
116.90
113.00
109.20
104.90
99.48
94.09
89.19
85.49
83.69
83.56
83.93
84.95
86.19
87.75
88.79
90.74
97.92
107.80
120.20
134.70
147.60
155.50
158.60
156.40
145.30
122.70
100.00
77.69
67.24
57.81
50.16
44.23
39.59
35.97
32.71
29.92
27.09
24.31
21.92
19.58
17.29
14.97
12.46
9.98
7.34
5.05
3.08
1.39
0.60
0.20
0.12
0.12
0.13
0.14
0.15
0.16
0.17
0.18
0.19
0.21
0.22
0.23
0.25
0.26
0.27
0.29
0.30
0.31
0.33
0.34
0.36
0.37
0.39
0.40
0.42
0.43
0.44
0.46
0.47
0.49
0.50
0.51
0.52
0.53
0.54
0.55
0.56
0.57
0.58
0.59
0.59
0.60
0.61
0.61
0.62
0.63
0.63
0.64
0.65
0.66
0.67
0.68
0.69
0.70
0.70
0.71
0.72
0.73
0.74
0.75
0.75
0.75
0.75
0.75
0.75
0.75
0.74
0.75
0.74
0.74
0.73
0.73
0.72
0.72
0.71
0.70
0.70
0.69
0.68
0.68
0.67
0.66
0.65
0.65
0.65
0.65
0.64
0.64
0.63
0.63
0.63
423.40
415.60
407.70
399.30
391.00
380.20
368.90
354.80
339.10
322.20
304.90
286.10
267.30
248.60
232.50
217.30
198.20
179.30
161.70
145.80
131.40
120.10
111.60
106.80
106.00
108.90
114.10
119.50
124.20
128.50
131.80
133.80
135.00
135.50
135.10
133.30
130.30
126.40
122.30
118.70
115.10
110.80
105.80
99.78
93.73
88.43
84.61
82.90
83.20
85.15
86.04
86.56
86.88
87.89
89.01
92.37
100.60
109.30
120.50
134.00
147.50
157.10
160.70
157.00
142.00
115.10
91.80
78.79
68.98
59.66
53.04
46.44
39.85
36.00
32.31
29.33
27.49
25.33
22.66
20.16
17.62
15.07
12.52
9.82
7.16
4.70
2.73
1.27
0.49
0.18
0.13
0.13
0.12
0.14
0.14
0.15
0.17
0.18
0.19
0.21
0.22
0.23
0.24
0.26
0.27
0.28
0.30
0.31
0.33
0.34
0.36
0.37
0.39
0.40
0.41
0.43
0.45
0.45
0.47
0.48
0.49
0.51
0.52
0.52
0.54
0.54
0.56
0.56
0.57
0.58
0.59
0.59
0.59
0.61
0.61
0.62
0.63
0.64
0.65
0.66
0.66
0.68
0.68
0.69
0.70
0.70
0.71
0.72
0.73
0.73
0.74
0.74
0.75
0.75
0.75
0.75
0.75
0.75
0.75
0.75
0.75
0.75
0.74
0.74
0.73
0.72
0.72
0.71
0.70
0.70
0.69
0.68
0.67
0.67
0.67
0.66
0.66
0.65
0.65
0.65
0.64
424.20
417.00
408.70
400.40
392.10
382.00
370.70
357.30
342.40
326.70
308.80
290.20
270.80
252.30
235.70
220.30
201.50
182.50
164.80
148.40
134.40
122.60
113.70
108.20
106.90
109.70
115.10
120.50
125.80
130.50
134.60
137.00
138.10
138.10
136.60
134.30
130.50
126.20
122.30
118.70
114.80
110.10
103.40
96.82
90.60
84.87
80.90
78.54
77.47
77.73
77.98
78.63
79.31
80.17
81.12
83.79
91.26
100.50
110.70
123.40
138.30
151.50
158.20
155.80
143.40
123.10
102.90
82.98
74.16
64.78
56.22
49.25
43.47
38.38
34.28
31.02
28.38
26.34
24.60
22.28
19.01
15.71
12.95
10.25
7.52
5.00
2.87
1.40
0.61
0.22
0.14
0.14
0.15
0.16
0.17
0.18
0.19
0.21
0.22
0.23
0.25
0.26
0.27
0.28
0.30
0.31
0.33
0.34
0.35
0.37
0.38
0.40
0.41
0.43
0.44
0.46
0.47
0.48
0.49
0.50
0.51
0.53
0.54
0.54
0.56
0.57
0.57
0.58
0.59
0.60
0.60
0.61
0.62
0.62
0.63
0.64
0.65
0.66
0.67
0.68
0.69
0.70
0.70
0.71
0.71
0.72
0.73
0.74
0.75
0.75
0.75
0.75
0.75
0.75
0.75
0.75
0.75
0.75
0.75
0.74
0.74
0.73
0.72
0.72
0.71
0.70
0.70
0.69
0.68
0.68
0.67
0.66
0.66
0.65
0.65
0.65
0.64
0.64
0.64
0.64
0.64
423.90
416.00
408.20
399.70
392.20
381.80
370.40
357.50
342.60
326.80
309.20
290.20
270.90
251.70
236.00
220.50
201.60
182.10
164.60
149.10
135.90
124.50
115.60
110.40
109.80
112.90
118.40
124.30
129.80
135.00
138.80
140.70
141.20
140.40
137.80
134.20
129.80
125.80
122.10
118.40
113.80
107.90
100.60
93.36
86.36
81.21
77.43
74.98
74.11
73.98
74.04
73.86
74.31
74.81
75.40
77.48
83.81
91.74
102.40
113.60
127.50
140.60
148.40
145.90
135.50
113.80
90.90
79.93
71.90
63.80
55.83
49.66
43.50
38.78
34.73
31.30
28.37
25.82
23.46
21.58
18.89
15.93
13.16
10.39
7.50
5.05
3.11
1.51
0.66
0.23
0.15
0.15
0.15
0.15
0.17
0.17
0.19
0.20
0.21
0.22
0.24
0.25
0.26
0.28
0.29
0.30
0.32
0.33
0.34
0.36
0.37
0.39
0.40
0.41
0.43
0.44
0.46
0.46
0.48
0.49
0.50
0.50
0.52
0.52
0.53
0.54
0.55
0.56
0.57
0.57
0.58
0.58
0.59
0.60
0.61
0.62
0.63
0.64
0.65
0.66
0.67
0.68
0.68
0.69
0.70
0.70
0.71
0.72
0.72
0.73
0.74
0.74
0.74
0.74
0.75
0.75
0.75
0.75
0.75
0.75
0.75
0.74
0.74
0.73
0.72
0.72
0.71
0.70
0.70
0.69
0.68
0.68
0.67
0.66
0.66
0.66
0.66
0.66
0.65
0.66
0.65
424.20
417.10
409.70
401.80
393.10
384.20
373.70
361.10
347.30
331.50
314.00
295.40
276.30
257.50
240.80
225.20
207.20
187.50
170.10
155.00
141.70
130.70
121.50
115.80
113.90
116.00
121.20
127.30
133.20
138.50
142.30
144.50
144.60
143.00
139.90
135.90
131.10
127.30
123.50
119.60
114.70
107.80
99.97
92.05
84.90
79.40
75.09
72.15
70.26
69.57
69.34
68.94
68.75
68.93
69.09
69.87
74.35
81.48
93.63
104.00
115.30
128.20
138.20
140.20
132.10
114.70
97.30
79.99
72.67
65.86
58.75
51.60
45.79
40.70
36.33
32.47
29.01
25.86
22.97
20.00
17.26
14.76
12.47
10.17
7.73
5.27
3.28
1.76
0.77
0.25
0.15
0.16
0.17
0.17
0.18
0.19
0.21
0.22
0.23
0.24
0.26
0.27
0.28
0.29
0.30
0.32
0.33
0.35
0.36
0.37
0.39
0.40
0.41
0.43
0.44
0.45
0.46
0.47
0.48
0.49
0.50
0.51
0.52
0.52
0.53
0.54
0.55
0.56
0.57
0.57
0.58
0.58
0.59
0.60
0.61
0.62
0.63
0.64
0.65
0.66
0.68
0.68
0.70
0.70
0.71
0.71
0.72
0.73
0.73
0.74
0.73
0.73
0.73
0.73
0.73
0.74
0.73
0.73
0.73
0.73
0.72
0.72
0.71
0.70
0.70
0.69
0.68
0.68
0.67
0.66
0.66
0.65
0.65
0.65
0.65
0.65
0.65
0.65
0.65
0.65
0.65
423.80
416.10
409.00
401.70
393.90
384.60
373.50
361.70
348.10
333.10
316.00
297.90
278.50
259.10
242.30
226.70
209.20
190.20
173.20
158.60
146.20
135.70
127.60
121.90
119.90
121.80
127.10
133.60
139.00
143.40
146.90
148.40
147.90
145.60
141.90
137.30
132.90
129.30
125.50
120.90
114.60
106.80
98.22
89.89
82.54
76.89
72.73
69.25
66.85
65.50
64.80
64.02
63.60
63.21
62.81
63.02
65.23
73.21
86.62
98.11
106.80
116.90
125.90
130.60
125.40
108.70
90.11
75.53
67.72
62.22
56.52
50.82
45.12
40.09
35.68
31.82
27.99
24.51
21.28
17.95
15.04
12.34
9.95
7.75
5.85
3.92
2.29
1.16
0.49
0.21
0.16
0.15
0.16
0.16
0.17
0.18
0.19
0.20
0.21
0.22
0.24
0.25
0.26
0.27
0.28
0.30
0.32
0.32
0.34
0.35
0.37
0.38
0.39
0.40
0.42
0.43
0.44
0.45
0.45
0.46
0.47
0.48
0.49
0.49
0.50
0.50
0.51
0.51
0.52
0.53
0.53
0.54
0.55
0.56
0.57
0.58
0.59
0.61
0.62
0.63
0.64
0.65
0.67
0.67
0.68
0.68
0.69
0.69
0.70
0.71
0.71
0.72
0.72
0.72
0.73
0.73
0.73
0.73
0.73
0.73
0.72
0.72
0.71
0.71
0.70
0.70
0.69
0.68
0.68
0.68
0.67
0.66
0.66
0.65
0.65
0.65
0.65
0.65
0.65
0.65
0.65
424.30
417.50
411.00
403.90
396.00
387.50
377.10
366.10
353.40
338.70
322.20
304.60
286.00
267.20
248.70
232.70
217.40
198.40
181.50
167.00
155.10
145.00
137.00
130.70
126.90
127.80
132.10
138.20
143.60
148.00
150.90
152.20
152.00
149.50
145.60
141.30
137.30
134.10
130.40
125.10
116.90
108.70
100.50
91.50
83.93
77.57
72.47
68.60
65.64
63.28
61.91
60.56
59.86
59.40
58.37
59.78
61.20
62.87
75.90
89.28
98.41
103.90
110.90
117.60
108.80
100.10
91.21
74.48
64.45
58.52
53.58
48.76
43.69
39.17
35.27
31.70
28.18
24.67
21.20
17.80
14.79
12.04
9.56
7.18
5.36
3.63
2.12
1.16
0.47
0.21
0.15
0.16
0.17
0.17
0.18
0.19
0.20
0.21
0.22
0.24
0.25
0.26
0.27
0.28
0.29
0.31
0.32
0.33
0.34
0.36
0.37
0.38
0.40
0.41
0.42
0.43
0.44
0.45
0.46
0.46
0.47
0.48
0.48
0.49
0.49
0.50
0.50
0.50
0.51
0.52
0.52
0.53
0.53
0.54
0.56
0.57
0.59
0.60
0.61
0.63
0.64
0.65
0.66
0.67
0.68
0.68
0.69
0.69
0.70
0.70
0.70
0.70
0.70
0.70
0.70
0.70
0.70
0.70
0.70
0.69
0.69
0.68
0.68
0.67
0.67
0.67
0.66
0.66
0.65
0.65
0.65
0.65
0.65
0.65
0.65
0.65
0.65
0.65
0.65
0.65
0.65
423.10
416.90
410.60
404.00
396.80
388.10
378.30
367.80
355.40
340.60
325.10
308.30
289.60
270.10
252.20
236.40
221.90
203.30
186.80
173.50
162.40
153.10
145.00
137.90
134.20
134.50
138.70
144.80
149.30
152.90
155.10
155.80
154.60
152.10
148.70
145.40
142.80
140.10
135.80
129.40
121.50
112.30
102.90
94.00
85.97
79.29
73.37
69.19
65.55
62.81
60.79
59.00
58.04
56.77
55.50
52.70
51.65
56.58
69.04
83.37
93.98
96.79
99.09
101.70
104.30
106.90
89.57
73.99
61.76
56.43
51.12
45.81
41.19
36.66
32.77
29.09
25.86
22.73
19.60
16.61
13.77
11.26
8.72
6.56
4.70
3.02
1.71
0.89
0.37
0.18
0.15
0.15
0.15
0.15
0.16
0.17
0.18
0.20
0.20
0.21
0.22
0.23
0.25
0.26
0.27
0.28
0.29
0.30
0.32
0.33
0.34
0.35
0.37
0.38
0.39
0.40
0.41
0.41
0.43
0.44
0.44
0.45
0.45
0.45
0.46
0.46
0.46
0.46
0.47
0.47
0.48
0.48
0.49
0.50
0.51
0.53
0.55
0.56
0.57
0.59
0.60
0.61
0.62
0.63
0.64
0.64
0.65
0.66
0.67
0.67
0.68
0.68
0.68
0.68
0.68
0.68
0.68
0.68
0.68
0.68
0.68
0.68
0.68
0.67
0.67
0.67
0.66
0.66
0.65
0.65
0.65
0.64
0.64
0.64
0.64
0.64
0.64
0.64
0.64
0.65
0.65
424.20
418.40
412.60
405.90
399.60
392.30
383.40
373.00
361.10
347.70
332.70
316.60
298.50
280.00
261.00
244.40
230.00
215.00
197.50
184.40
174.10
165.10
155.80
147.40
142.20
141.30
144.50
148.60
153.40
156.60
158.20
158.50
157.30
154.80
152.30
150.30
149.10
147.50
143.70
136.80
128.00
118.50
108.90
99.34
91.36
83.77
77.22
72.06
67.71
64.22
61.43
59.33
57.71
56.23
54.16
50.68
48.23
50.39
59.52
74.60
88.58
94.45
92.78
95.36
104.30
107.20
96.36
81.02
65.98
55.95
49.70
45.08
40.75
36.37
32.07
28.55
25.26
21.78
18.48
15.57
12.95
10.64
8.45
6.34
4.39
2.82
1.77
0.93
0.40
0.18
0.14
0.15
0.16
0.16
0.17
0.18
0.19
0.20
0.21
0.22
0.23
0.24
0.25
0.26
0.27
0.28
0.29
0.30
0.32
0.33
0.34
0.35
0.36
0.37
0.38
0.39
0.40
0.41
0.42
0.43
0.43
0.44
0.44
0.45
0.45
0.45
0.45
0.46
0.46
0.46
0.47
0.47
0.48
0.49
0.50
0.52
0.53
0.54
0.56
0.57
0.59
0.60
0.61
0.62
0.63
0.64
0.65
0.65
0.66
0.66
0.66
0.66
0.66
0.66
0.66
0.66
0.66
0.65
0.65
0.65
0.65
0.64
0.64
0.64
0.64
0.64
0.63
0.63
0.63
0.63
0.63
0.63
0.63
0.63
0.64
0.65
0.65
0.65
0.65
0.65
0.65
423.70
418.50
412.80
406.90
400.60
393.40
385.10
375.50
363.70
351.30
337.00
321.30
303.90
285.10
266.90
250.10
236.30
223.10
206.10
193.60
184.70
175.10
165.30
156.00
150.10
148.70
149.90
153.30
157.50
160.40
161.70
161.00
158.90
156.20
154.40
153.80
153.80
153.50
149.90
142.30
132.70
123.20
113.00
104.00
95.80
87.76
80.86
75.36
70.30
66.10
62.55
59.81
57.32
54.83
52.34
48.73
45.90
47.47
54.41
68.51
83.93
93.38
92.34
91.19
99.37
106.40
101.70
87.36
73.92
62.54
54.74
48.59
43.59
38.78
34.18
30.04
26.20
22.61
19.01
15.77
12.81
10.16
7.84
5.76
3.95
2.47
1.48
0.79
0.33
0.16
0.13
0.13
0.13
0.14
0.15
0.15
0.16
0.17
0.18
0.20
0.20
0.21
0.22
0.23
0.24
0.25
0.26
0.27
0.28
0.29
0.30
0.32
0.33
0.33
0.34
0.35
0.36
0.37
0.38
0.39
0.39
0.40
0.40
0.40
0.41
0.41
0.41
0.41
0.42
0.43
0.43
0.43
0.43
0.44
0.45
0.47
0.49
0.50
0.51
0.52
0.54
0.55
0.56
0.57
0.59
0.59
0.60
0.61
0.62
0.62
0.62
0.63
0.63
0.63
0.64
0.64
0.64
0.64
0.64
0.64
0.64
0.64
0.64
0.64
0.64
0.63
0.63
0.63
0.63
0.63
0.62
0.62
0.62
0.62
0.62
0.63
0.63
0.63
0.64
0.64
0.65
424.10
418.90
414.60
409.00
403.60
396.90
389.60
381.10
370.60
358.90
344.90
330.50
313.50
295.80
277.50
260.00
245.90
233.90
220.10
206.70
197.90
188.30
177.60
167.90
160.20
156.40
155.50
157.00
160.00
163.30
164.60
163.90
160.90
158.10
156.60
156.70
157.80
157.90
155.00
148.10
138.30
128.90
119.80
110.70
101.60
93.48
86.16
80.01
74.76
69.54
65.20
61.66
58.58
55.64
52.41
48.76
45.59
44.78
49.05
59.54
75.05
88.24
93.67
91.52
92.36
100.50
105.00
97.79
84.23
72.13
62.05
55.03
49.62
45.02
40.01
34.53
29.47
25.04
21.28
17.79
14.48
11.65
9.05
6.70
4.64
2.87
1.59
0.82
0.36
0.15
0.12
0.12
0.13
0.13
0.15
0.15
0.16
0.17
0.18
0.19
0.20
0.21
0.21
0.22
0.23
0.24
0.25
0.26
0.27
0.28
0.29
0.30
0.31
0.32
0.33
0.34
0.35
0.36
0.37
0.38
0.38
0.39
0.40
0.40
0.40
0.41
0.41
0.41
0.41
0.42
0.42
0.43
0.43
0.43
0.45
0.46
0.47
0.48
0.49
0.50
0.52
0.53
0.54
0.56
0.57
0.58
0.59
0.60
0.61
0.61
0.61
0.61
0.61
0.61
0.61
0.61
0.61
0.61
0.61
0.61
0.61
0.61
0.61
0.61
0.61
0.61
0.61
0.61
0.61
0.61
0.61
0.61
0.61
0.61
0.63
0.63
0.64
0.64
0.65
0.65
0.65
422.90
418.80
415.10
409.60
405.10
399.20
393.50
384.20
374.80
363.20
351.20
336.60
320.10
303.00
284.80
267.60
253.10
241.60
231.20
219.00
210.40
200.20
188.70
178.60
170.40
164.60
162.10
161.90
163.30
165.90
167.20
166.20
163.20
159.90
158.80
159.30
160.90
161.80
158.90
151.30
141.30
131.50
121.80
113.20
104.90
97.15
89.81
83.44
77.72
72.09
67.41
62.98
58.97
55.31
51.66
48.00
45.11
43.30
46.16
54.97
69.77
83.30
91.39
91.86
92.05
97.27
102.30
100.60
91.75
79.08
67.25
58.14
50.76
45.51
40.75
36.00
31.00
26.59
22.67
18.93
15.20
11.72
8.84
6.51
4.41
2.72
1.58
0.79
0.33
0.13
0.11
0.11
0.11
0.11
0.11
0.12
0.13
0.14
0.15
0.15
0.16
0.17
0.18
0.19
0.20
0.21
0.21
0.22
0.23
0.24
0.25
0.26
0.27
0.28
0.29
0.30
0.31
0.32
0.32
0.33
0.34
0.34
0.35
0.35
0.36
0.36
0.37
0.38
0.38
0.38
0.38
0.39
0.39
0.39
0.40
0.41
0.43
0.44
0.45
0.46
0.47
0.48
0.49
0.50
0.51
0.52
0.54
0.54
0.56
0.56
0.57
0.57
0.57
0.58
0.58
0.58
0.58
0.58
0.58
0.58
0.58
0.58
0.58
0.58
0.58
0.58
0.58
0.58
0.58
0.58
0.58
0.58
0.58
0.59
0.60
0.61
0.62
0.62
0.63
0.64
0.65
423.40
420.10
416.70
412.50
407.80
402.60
397.10
390.60
381.70
370.70
359.30
346.30
331.60
315.00
297.20
279.90
264.30
252.00
242.80
234.20
225.70
215.80
204.50
193.40
184.00
175.30
170.40
167.80
167.00
167.80
169.60
169.10
166.80
163.50
161.10
161.80
163.30
165.30
164.30
157.90
147.40
137.60
128.20
119.90
111.50
103.20
95.53
88.83
82.98
77.44
72.19
66.87
61.93
57.01
52.46
48.52
45.55
43.25
42.87
47.86
59.12
73.30
84.67
90.07
90.85
93.86
99.06
101.60
97.41
88.39
77.17
66.51
57.38
49.69
43.24
38.19
33.23
28.34
23.79
19.66
15.77
12.14
9.33
6.87
4.64
2.92
1.70
0.89
0.37
0.14
0.09
0.10
0.10
0.10
0.11
0.12
0.12
0.13
0.14
0.15
0.15
0.16
0.17
0.18
0.19
0.19
0.20
0.21
0.22
0.23
0.24
0.25
0.26
0.26
0.27
0.28
0.29
0.30
0.31
0.31
0.32
0.33
0.34
0.34
0.35
0.35
0.36
0.36
0.37
0.37
0.38
0.38
0.39
0.39
0.40
0.41
0.41
0.42
0.43
0.44
0.45
0.46
0.47
0.48
0.49
0.50
0.51
0.52
0.54
0.54
0.55
0.55
0.56
0.56
0.57
0.57
0.57
0.57
0.57
0.58
0.58
0.58
0.58
0.58
0.58
0.58
0.58
0.58
0.58
0.58
0.58
0.59
0.59
0.59
0.61
0.62
0.63
0.63
0.64
0.65
0.65
423.00
420.30
417.20
413.90
409.90
405.30
401.10
394.80
386.40
376.70
366.00
354.20
340.50
323.60
306.70
289.70
273.40
260.20
251.20
245.70
238.20
229.10
218.70
207.70
198.00
187.30
179.30
174.90
172.70
171.30
171.90
172.00
170.00
167.00
164.90
164.80
166.60
168.90
169.40
163.60
153.00
142.00
132.40
123.70
115.80
108.10
100.80
93.99
87.94
82.47
77.38
71.77
66.13
60.89
56.51
52.13
47.75
45.20
43.50
45.37
52.30
64.69
77.42
85.77
88.69
90.71
95.58
100.80
100.50
93.43
82.38
70.92
60.51
51.04
42.82
36.59
31.96
27.81
23.85
19.39
15.32
11.79
9.03
6.58
4.37
2.71
1.61
0.81
0.33
0.11
0.08
0.08
0.08
0.08
0.08
0.08
0.09
0.10
0.10
0.11
0.12
0.12
0.14
0.14
0.15
0.15
0.16
0.17
0.17
0.18
0.19
0.20
0.21
0.21
0.22
0.23
0.24
0.25
0.26
0.27
0.27
0.28
0.28
0.29
0.30
0.30
0.31
0.32
0.32
0.33
0.33
0.34
0.34
0.35
0.35
0.36
0.37
0.38
0.39
0.39
0.40
0.41
0.42
0.43
0.44
0.45
0.46
0.47
0.48
0.49
0.50
0.50
0.51
0.51
0.52
0.52
0.52
0.53
0.53
0.53
0.54
0.54
0.54
0.54
0.55
0.55
0.55
0.56
0.56
0.56
0.56
0.56
0.56
0.57
0.58
0.60
0.61
0.61
0.63
0.64
0.65
423.90
421.50
418.60
415.80
412.60
409.70
405.60
399.70
393.40
385.40
375.60
364.90
352.00
337.80
321.30
304.20
287.70
272.50
261.30
254.70
251.80
244.60
235.60
225.50
215.30
204.80
194.20
185.80
180.90
177.30
174.60
174.60
173.70
171.20
168.30
167.50
168.40
170.60
173.20
171.80
163.50
150.90
139.80
130.60
123.10
115.60
108.20
100.70
94.41
88.64
83.29
77.91
71.73
65.97
59.96
54.46
50.71
48.20
46.34
45.10
46.64
52.42
62.75
74.31
82.70
85.91
88.05
93.30
99.92
102.40
97.59
87.54
74.89
63.05
52.04
43.41
35.81
29.91
24.77
20.39
16.29
12.62
9.55
7.07
4.95
3.31
2.00
1.03
0.39
0.12
0.07
0.08
0.08
0.08
0.08
0.09
0.09
0.10
0.10
0.11
0.12
0.12
0.13
0.13
0.14
0.15
0.15
0.16
0.17
0.17
0.18
0.19
0.19
0.20
0.21
0.22
0.23
0.23
0.24
0.25
0.26
0.26
0.28
0.28
0.29
0.29
0.30
0.30
0.31
0.32
0.32
0.33
0.33
0.34
0.35
0.35
0.36
0.37
0.38
0.38
0.39
0.40
0.41
0.42
0.42
0.43
0.44
0.45
0.46
0.47
0.48
0.48
0.49
0.50
0.50
0.51
0.51
0.52
0.52
0.53
0.53
0.53
0.54
0.54
0.54
0.54
0.55
0.55
0.55
0.55
0.56
0.56
0.56
0.57
0.59
0.60
0.61
0.62
0.63
0.65
0.65
423.20
421.80
419.60
417.40
415.50
412.60
409.00
404.80
398.50
391.20
382.60
373.30
361.70
348.50
333.20
316.70
300.40
284.70
271.00
262.70
260.50
257.20
249.90
240.50
231.20
221.40
209.90
198.50
190.80
185.80
181.10
177.40
176.10
174.20
171.10
169.40
169.60
171.20
174.30
176.30
171.60
160.10
146.90
135.70
127.50
120.80
113.80
106.60
100.30
94.45
88.67
83.30
77.55
70.53
64.40
57.39
53.29
49.29
47.44
46.22
44.76
44.21
46.74
54.29
65.58
75.98
81.51
83.44
87.21
94.19
99.96
99.23
91.89
80.38
66.39
54.43
44.63
36.14
29.03
23.28
18.33
14.42
10.91
8.02
5.62
3.74
2.25
1.12
0.40
0.10
0.07
0.07
0.07
0.07
0.07
0.07
0.07
0.07
0.08
0.08
0.08
0.09
0.09
0.10
0.10
0.11
0.12
0.12
0.13
0.14
0.14
0.15
0.15
0.17
0.17
0.17
0.18
0.20
0.20
0.21
0.21
0.22
0.23
0.23
0.24
0.25
0.26
0.27
0.27
0.28
0.28
0.29
0.30
0.30
0.31
0.32
0.32
0.33
0.34
0.34
0.35
0.36
0.37
0.37
0.38
0.39
0.40
0.41
0.42
0.43
0.43
0.44
0.45
0.45
0.46
0.46
0.47
0.48
0.48
0.49
0.49
0.50
0.50
0.50
0.51
0.51
0.52
0.52
0.52
0.52
0.53
0.53
0.54
0.55
0.57
0.58
0.59
0.59
0.62
0.63
0.64
423.40
422.60
421.20
420.40
418.80
416.50
413.50
410.00
405.70
399.60
392.30
383.50
374.70
363.40
349.60
334.20
318.00
302.70
287.40
274.70
267.90
267.20
263.80
256.80
248.40
239.80
230.80
218.50
206.60
197.70
191.20
185.80
180.30
176.70
174.30
171.70
170.10
170.60
172.40
175.90
178.10
172.60
161.10
146.90
135.40
127.60
121.80
115.30
108.80
102.40
97.15
91.58
86.06
80.41
73.27
66.72
59.39
53.51
50.45
48.37
45.35
42.23
39.65
38.69
40.82
47.37
57.95
68.63
75.13
77.66
80.58
86.39
92.37
93.73
86.94
76.65
63.33
50.26
39.89
31.61
24.79
19.24
14.78
10.97
7.67
5.19
3.10
1.52
0.57
0.13
0.06
0.07
0.06
0.07
0.07
0.07
0.08
0.08
0.08
0.08
0.09
0.09
0.10
0.10
0.11
0.11
0.12
0.12
0.13
0.13
0.14
0.15
0.15
0.16
0.17
0.17
0.18
0.19
0.19
0.20
0.21
0.21
0.22
0.23
0.24
0.24
0.25
0.26
0.27
0.27
0.28
0.28
0.29
0.30
0.30
0.31
0.32
0.33
0.34
0.34
0.35
0.35
0.36
0.37
0.38
0.38
0.39
0.40
0.41
0.42
0.42
0.43
0.44
0.45
0.45
0.46
0.46
0.47
0.48
0.48
0.49
0.49
0.50
0.50
0.51
0.51
0.52
0.52
0.53
0.53
0.53
0.54
0.54
0.55
0.57
0.59
0.60
0.61
0.63
0.64
0.64
423.70
423.50
423.00
422.60
421.20
419.90
417.40
414.70
411.90
405.90
399.50
392.70
384.50
374.90
363.30
348.70
333.60
318.50
303.30
289.20
278.00
273.10
273.60
269.40
263.00
255.10
247.40
238.20
225.60
213.20
203.40
196.10
190.10
183.50
177.50
174.00
171.10
169.70
170.40
172.20
176.00
178.60
173.40
161.50
147.00
134.80
127.10
121.90
116.40
110.30
104.00
98.64
93.58
87.91
82.19
75.29
68.36
60.71
55.40
50.14
44.88
41.70
39.12
36.90
35.06
33.76
34.34
38.44
46.82
56.76
64.62
68.16
70.20
74.31
79.95
82.90
79.41
70.59
60.03
47.90
36.85
28.13
20.97
15.31
10.82
7.03
4.13
1.88
0.60
0.12
0.07
0.07
0.07
0.06
0.06
0.06
0.06
0.06
0.06
0.07
0.07
0.08
0.08
0.08
0.08
0.09
0.09
0.10
0.10
0.11
0.11
0.12
0.12
0.13
0.14
0.14
0.14
0.15
0.16
0.17
0.17
0.18
0.19
0.20
0.20
0.21
0.21
0.22
0.23
0.24
0.24
0.26
0.26
0.26
0.27
0.28
0.28
0.29
0.30
0.31
0.31
0.32
0.33
0.34
0.34
0.35
0.36
0.37
0.37
0.38
0.39
0.39
0.40
0.41
0.41
0.42
0.43
0.43
0.44
0.45
0.45
0.46
0.46
0.47
0.47
0.48
0.49
0.50
0.50
0.50
0.51
0.51
0.52
0.53
0.55
0.57
0.58
0.58
0.61
0.63
0.64
423.40
424.40
424.30
424.00
423.80
423.00
422.00
419.70
417.10
413.80
409.00
403.30
396.50
388.60
378.80
367.70
354.60
340.30
325.90
311.00
296.40
284.50
279.50
279.00
276.70
270.90
264.60
257.70
249.90
238.70
225.00
213.70
203.70
196.90
189.60
181.80
174.80
170.60
168.30
168.40
169.70
173.10
177.00
175.40
166.80
153.60
139.30
127.80
121.70
116.00
110.20
104.50
99.36
94.30
89.30
84.18
78.05
71.13
63.34
53.29
45.34
41.43
38.95
36.89
34.92
33.03
31.30
29.70
28.14
27.23
28.81
34.06
41.64
48.35
52.10
52.82
53.79
55.41
56.26
54.23
47.48
39.24
30.07
21.07
14.67
9.49
5.74
2.69
0.88
0.13
0.07
0.07
0.07
0.07
0.07
0.07
0.07
0.08
0.08
0.08
0.09
0.09
0.09
0.09
0.10
0.10
0.10
0.11
0.11
0.12
0.12
0.13
0.13
0.14
0.14
0.15
0.15
0.16
0.16
0.17
0.17
0.19
0.19
0.20
0.20
0.21
0.21
0.22
0.23
0.24
0.24
0.25
0.26
0.26
0.27
0.28
0.29
0.30
0.30
0.31
0.32
0.32
0.33
0.34
0.35
0.35
0.36
0.37
0.37
0.38
0.39
0.39
0.40
0.41
0.41
0.42
0.43
0.43
0.44
0.45
0.46
0.46
0.47
0.47
0.48
0.49
0.49
0.50
0.50
0.51
0.51
0.52
0.53
0.54
0.56
0.58
0.59
0.60
0.62
0.63
0.64
423.40
424.80
425.90
426.30
426.90
426.40
425.60
424.60
423.50
421.20
417.30
412.30
406.40
400.00
392.90
383.20
372.30
358.90
345.60
331.70
317.20
303.70
291.70
285.30
284.60
282.60
278.00
272.70
266.20
259.50
250.50
237.40
223.90
212.50
203.40
196.10
187.90
178.70
171.60
167.10
166.10
166.50
168.70
172.20
173.50
168.50
157.20
143.30
130.80
120.50
115.10
109.80
104.00
98.61
93.89
89.16
84.43
79.32
71.30
61.95
54.16
46.38
38.61
36.41
34.45
32.57
30.73
29.02
27.37
25.85
24.35
22.80
21.20
19.92
19.83
22.38
26.41
29.56
30.43
29.17
28.09
27.75
26.29
22.90
18.01
12.25
6.92
2.96
0.73
0.12
0.07
0.07
0.07
0.07
0.07
0.07
0.07
0.07
0.07
0.07
0.08
0.08
0.08
0.08
0.08
0.08
0.09
0.09
0.09
0.10
0.10
0.11
0.11
0.12
0.12
0.12
0.13
0.14
0.14
0.14
0.15
0.15
0.16
0.17
0.17
0.18
0.19
0.19
0.20
0.21
0.21
0.22
0.23
0.23
0.24
0.25
0.26
0.26
0.27
0.28
0.28
0.29
0.30
0.31
0.32
0.32
0.33
0.34
0.34
0.35
0.36
0.37
0.37
0.38
0.38
0.39
0.40
0.40
0.41
0.42
0.42
0.43
0.43
0.44
0.45
0.45
0.46
0.46
0.47
0.48
0.49
0.49
0.50
0.51
0.53
0.55
0.56
0.57
0.59
0.62
0.64
423.10
425.20
427.30
428.70
429.20
430.00
430.50
430.50
429.40
427.90
425.60
422.30
418.20
412.60
406.40
399.90
391.40
381.20
369.60
357.00
344.20
330.50
316.70
303.90
294.60
290.10
288.90
286.20
281.80
276.10
270.40
264.00
254.90
242.90
229.30
216.20
206.60
198.30
189.10
178.90
170.70
164.80
162.70
162.80
164.80
168.40
169.80
166.70
158.50
145.50
130.60
122.80
115.00
107.20
99.38
93.25
88.02
83.00
76.56
69.93
62.42
54.14
46.81
38.82
34.26
32.11
30.44
28.86
27.39
25.83
24.39
22.93
21.55
20.18
18.75
17.16
15.45
13.67
12.07
10.55
9.76
10.22
10.74
10.32
9.09
7.05
4.88
2.79
0.84
0.13
0.08
0.08
0.08
0.08
0.08
0.08
0.08
0.08
0.09
0.09
0.09
0.09
0.10
0.10
0.10
0.10
0.11
0.11
0.11
0.12
0.12
0.12
0.13
0.13
0.14
0.14
0.15
0.15
0.16
0.16
0.16
0.17
0.17
0.18
0.19
0.19
0.20
0.20
0.21
0.21
0.22
0.23
0.24
0.24
0.25
0.26
0.26
0.27
0.28
0.28
0.29
0.30
0.31
0.32
0.32
0.33
0.34
0.35
0.35
0.36
0.37
0.37
0.38
0.39
0.39
0.40
0.41
0.41
0.42
0.42
0.43
0.43
0.44
0.45
0.46
0.46
0.47
0.48
0.48
0.49
0.50
0.50
0.51
0.52
0.54
0.56
0.57
0.58
0.61
0.62
0.64
423.50
426.70
428.90
430.40
432.20
433.90
434.70
435.40
435.20
435.00
433.50
431.20
428.40
423.70
419.20
413.60
407.60
400.30
390.60
380.20
368.00
356.10
343.10
330.50
317.50
305.70
297.60
294.60
292.50
289.30
284.70
279.60
274.40
268.80
261.20
250.30
235.90
221.70
210.00
200.60
190.50
179.80
172.00
167.30
165.00
163.60
162.80
162.80
163.60
161.50
153.10
139.10
124.60
114.50
105.90
99.37
92.52
85.94
79.62
73.01
66.37
60.24
53.86
47.47
41.08
34.27
30.14
28.06
26.61
25.37
24.29
22.67
21.24
19.68
17.93
16.22
14.59
12.82
11.01
9.47
8.05
6.68
5.40
4.23
3.07
2.03
1.18
0.57
0.23
0.10
0.08
0.08
0.08
0.08
0.08
0.08
0.08
0.08
0.08
0.08
0.08
0.08
0.09
0.08
0.09
0.09
0.09
0.10
0.10
0.10
0.10
0.11
0.11
0.12
0.12
0.12
0.13
0.14
0.14
0.14
0.14
0.15
0.15
0.16
0.17
0.17
0.17
0.18
0.18
0.19
0.20
0.20
0.21
0.22
0.22
0.23
0.24
0.25
0.25
0.26
0.27
0.28
0.28
0.29
0.30
0.31
0.31
0.32
0.33
0.34
0.34
0.35
0.35
0.36
0.37
0.38
0.38
0.39
0.39
0.40
0.40
0.41
0.41
0.42
0.43
0.44
0.44
0.45
0.46
0.46
0.47
0.48
0.49
0.50
0.52
0.54
0.55
0.56
0.58
0.61
0.62
423.50
426.40
430.20
432.60
434.90
437.10
438.60
440.00
440.90
441.00
440.70
439.90
438.40
435.60
432.70
428.60
424.50
419.10
412.60
405.20
396.00
385.50
374.00
362.30
350.00
337.80
325.30
313.40
304.00
299.10
296.70
294.50
290.70
286.30
280.70
275.30
269.50
261.90
250.90
235.10
220.50
210.30
202.20
193.40
183.80
175.50
168.40
163.20
158.90
156.60
156.90
156.30
150.20
137.80
124.60
111.50
98.55
90.41
82.74
76.04
69.52
63.30
57.66
52.37
47.54
42.70
37.31
32.02
27.32
25.24
24.76
23.32
21.22
19.56
17.91
16.41
14.75
13.02
11.46
9.89
8.35
6.86
5.46
4.17
3.07
2.07
1.22
0.61
0.24
0.10
0.09
0.08
0.09
0.09
0.09
0.09
0.09
0.10
0.10
0.10
0.10
0.10
0.11
0.11
0.11
0.12
0.12
0.12
0.12
0.12
0.13
0.13
0.13
0.14
0.14
0.14
0.15
0.15
0.15
0.16
0.16
0.17
0.17
0.18
0.18
0.19
0.19
0.19
0.20
0.20
0.21
0.22
0.22
0.23
0.24
0.24
0.25
0.26
0.26
0.27
0.28
0.29
0.29
0.30
0.31
0.32
0.32
0.33
0.34
0.35
0.36
0.36
0.37
0.37
0.38
0.39
0.39
0.40
0.40
0.41
0.41
0.42
0.42
0.43
0.44
0.45
0.46
0.46
0.47
0.47
0.48
0.49
0.50
0.51
0.53
0.55
0.56
0.57
0.59
0.61
0.62
424.10
427.20
431.10
434.60
438.20
441.30
443.30
445.10
446.40
447.60
448.30
448.80
448.90
447.10
444.80
442.40
439.20
435.20
430.60
425.20
419.00
411.40
402.80
393.00
382.80
370.90
359.40
347.80
335.90
323.80
313.20
305.40
301.30
298.90
295.60
291.70
286.50
280.90
274.40
268.40
261.50
254.60
244.30
230.90
219.10
208.80
197.80
186.70
177.20
168.40
160.60
153.30
148.30
145.30
141.00
130.40
114.70
100.80
89.09
79.84
72.05
65.05
59.10
54.32
49.54
44.76
40.46
36.80
33.38
29.46
26.43
23.29
20.98
19.33
17.38
15.72
14.07
12.52
11.11
9.59
7.96
6.40
5.05
3.83
2.79
1.88
1.15
0.60
0.22
0.11
0.09
0.09
0.09
0.09
0.09
0.09
0.09
0.09
0.09
0.09
0.09
0.09
0.09
0.09
0.10
0.10
0.10
0.10
0.11
0.11
0.11
0.11
0.12
0.12
0.12
0.13
0.13
0.14
0.14
0.14
0.15
0.15
0.15
0.16
0.17
0.17
0.17
0.17
0.18
0.19
0.19
0.20
0.20
0.21
0.21
0.22
0.23
0.23
0.24
0.25
0.25
0.26
0.27
0.28
0.29
0.29
0.30
0.31
0.32
0.32
0.33
0.34
0.34
0.35
0.36
0.36
0.37
0.38
0.38
0.39
0.39
0.40
0.40
0.41
0.42
0.42
0.43
0.44
0.45
0.46
0.46
0.47
0.47
0.49
0.51
0.52
0.54
0.55
0.57
0.59
0.61
423.00
427.80
432.30
436.40
440.30
444.00
447.20
450.10
452.50
454.30
455.60
457.30
457.70
457.80
457.50
456.40
455.30
452.00
448.90
445.30
441.40
436.30
431.30
424.00
417.10
408.40
399.10
388.90
377.90
366.90
355.30
343.90
332.30
321.40
312.50
305.60
301.70
298.50
294.50
288.90
283.00
277.20
271.70
266.50
260.90
254.60
246.50
235.70
222.00
208.80
193.70
179.20
166.30
153.50
142.50
134.60
129.40
118.40
107.50
96.51
82.50
72.65
64.59
57.10
50.83
45.77
41.11
37.08
33.59
30.66
28.44
25.64
23.04
20.73
18.52
16.83
15.03
13.17
11.49
9.82
8.16
6.68
5.36
4.09
2.94
2.00
1.32
0.68
0.24
0.10
0.09
0.09
0.09
0.09
0.10
0.09
0.10
0.10
0.10
0.11
0.11
0.11
0.11
0.12
0.12
0.12
0.12
0.12
0.13
0.13
0.13
0.13
0.14
0.14
0.14
0.15
0.15
0.15
0.16
0.16
0.16
0.17
0.17
0.18
0.18
0.18
0.19
0.19
0.19
0.20
0.21
0.21
0.22
0.22
0.23
0.23
0.24
0.25
0.25
0.26
0.27
0.28
0.28
0.29
0.30
0.31
0.31
0.32
0.33
0.34
0.35
0.35
0.36
0.37
0.37
0.38
0.39
0.39
0.39
0.40
0.41
0.41
0.42
0.42
0.43
0.44
0.44
0.45
0.46
0.47
0.47
0.48
0.49
0.50
0.52
0.53
0.55
0.56
0.59
0.60
0.61
423.90
429.40
434.50
438.80
443.10
447.50
451.50
454.50
457.70
461.00
463.30
465.30
467.20
468.40
468.90
468.70
468.10
467.40
465.70
463.70
461.10
457.70
453.50
449.40
444.50
439.00
432.90
426.00
417.80
409.20
400.30
389.90
379.00
368.60
358.00
347.10
336.20
325.30
315.60
307.90
302.40
298.40
293.20
288.80
282.30
275.00
268.50
261.40
253.20
243.20
233.30
223.10
212.00
198.30
179.90
162.30
146.20
131.70
120.20
111.70
100.50
85.74
73.22
63.77
56.21
48.67
41.12
35.73
31.92
28.80
26.56
24.34
22.40
20.53
18.66
16.92
15.06
13.21
11.57
10.11
8.49
6.82
5.40
4.21
3.07
2.13
1.29
0.63
0.23
0.11
0.10
0.10
0.09
0.09
0.09
0.09
0.09
0.09
0.09
0.09
0.09
0.09
0.10
0.10
0.10
0.10
0.10
0.11
0.11
0.11
0.11
0.11
0.12
0.12
0.12
0.12
0.13
0.14
0.14
0.14
0.14
0.14
0.15
0.15
0.16
0.17
0.17
0.17
0.17
0.18
0.19
0.19
0.20
0.20
0.21
0.21
0.22
0.23
0.23
0.24
0.24
0.25
0.26
0.27
0.27
0.28
0.29
0.30
0.31
0.32
0.32
0.33
0.34
0.34
0.35
0.36
0.36
0.37
0.38
0.38
0.39
0.39
0.40
0.40
0.41
0.42
0.43
0.43
0.44
0.45
0.46
0.46
0.47
0.48
0.50
0.52
0.53
0.54
0.56
0.58
0.59
423.40
428.90
434.40
439.90
445.10
450.50
454.90
459.10
462.90
467.10
470.00
473.50
475.80
477.70
479.00
480.10
480.40
481.20
480.50
479.60
479.20
477.20
475.20
472.60
468.90
466.00
461.70
456.90
451.60
447.30
441.60
435.90
428.60
420.80
412.20
403.00
393.80
383.60
372.60
363.30
352.70
342.40
331.50
320.90
312.90
306.00
299.00
292.50
284.50
274.30
261.80
248.40
235.50
223.00
208.40
194.50
181.90
168.10
155.30
141.20
124.30
107.40
90.53
76.01
64.23
53.98
45.66
38.66
33.56
29.80
26.81
24.48
22.42
20.66
18.81
16.81
14.99
13.21
11.50
10.07
8.58
6.95
5.52
4.17
3.15
2.28
1.36
0.68
0.25
0.10
0.09
0.09
0.09
0.09
0.09
0.09
0.10
0.10
0.10
0.10
0.10
0.11
0.11
0.11
0.12
0.12
0.12
0.12
0.12
0.12
0.13
0.13
0.13
0.13
0.14
0.14
0.14
0.15
0.15
0.15
0.15
0.16
0.16
0.17
0.17
0.17
0.18
0.19
0.19
0.19
0.20
0.20
0.21
0.21
0.22
0.22
0.23
0.24
0.24
0.25
0.25
0.26
0.27
0.28
0.28
0.29
0.30
0.30
0.32
0.32
0.33
0.34
0.35
0.35
0.36
0.37
0.37
0.38
0.39
0.39
0.40
0.41
0.41
0.42
0.42
0.43
0.44
0.45
0.45
0.46
0.47
0.47
0.48
0.49
0.51
0.53
0.54
0.55
0.57
0.59
0.59
424.00
430.20
436.40
442.80
448.40
454.00
459.80
463.80
468.60
472.90
477.40
481.30
484.40
487.20
489.10
491.50
493.60
494.00
495.20
495.10
495.60
494.50
494.10
492.30
490.70
488.40
485.30
482.30
479.50
476.10
472.30
468.60
464.70
460.70
455.00
450.10
444.60
437.80
431.50
423.90
416.20
407.50
399.20
389.00
378.50
366.40
354.40
342.20
329.10
315.80
301.80
288.30
275.20
261.30
246.00
228.00
207.50
186.80
167.40
149.00
132.10
116.90
100.80
85.03
71.12
59.74
51.83
43.94
36.06
31.18
27.71
25.16
22.65
20.39
18.36
16.27
14.40
12.54
11.07
9.67
8.13
6.61
5.29
4.09
3.10
2.05
1.22
0.59
0.22
0.10
0.09
0.09
0.09
0.09
0.09
0.08
0.08
0.08
0.08
0.08
0.08
0.09
0.09
0.09
0.09
0.10
0.10
0.10
0.10
0.11
0.11
0.11
0.11
0.11
0.12
0.12
0.12
0.12
0.12
0.13
0.14
0.14
0.14
0.14
0.15
0.15
0.16
0.16
0.17
0.17
0.17
0.18
0.19
0.20
0.20
0.20
0.21
0.21
0.22
0.22
0.23
0.23
0.24
0.25
0.26
0.26
0.27
0.28
0.29
0.30
0.30
0.32
0.32
0.33
0.34
0.34
0.35
0.36
0.37
0.37
0.38
0.39
0.39
0.40
0.41
0.41
0.42
0.42
0.43
0.44
0.45
0.45
0.46
0.48
0.49
0.51
0.52
0.53
0.56
0.57
0.59
422.80
429.90
436.60
443.30
450.00
456.00
461.10
467.00
472.90
478.40
482.90
487.80
492.40
495.60
498.50
502.20
504.00
506.50
508.20
509.70
509.80
510.70
510.60
510.80
510.40
508.60
508.00
505.70
503.90
501.50
499.70
496.70
493.90
491.10
487.70
485.10
481.30
477.30
474.20
469.10
466.00
461.30
454.70
448.60
440.80
432.00
421.00
410.10
398.10
385.10
370.40
354.20
338.00
320.00
299.60
275.80
250.30
223.30
196.40
171.20
147.70
127.90
108.10
88.40
73.85
62.14
52.43
43.84
37.41
32.45
28.41
25.51
22.94
20.61
18.53
16.57
14.69
12.76
11.02
9.40
7.96
6.60
5.29
4.10
3.00
2.01
1.23
0.62
0.24
0.09
0.08
0.08
0.08
0.08
0.08
0.08
0.08
0.09
0.09
0.09
0.10
0.10
0.10
0.11
0.11
0.11
0.11
0.12
0.12
0.12
0.12
0.12
0.12
0.13
0.13
0.13
0.13
0.14
0.14
0.14
0.14
0.15
0.15
0.15
0.16
0.16
0.17
0.17
0.18
0.18
0.19
0.19
0.19
0.20
0.21
0.22
0.22
0.23
0.23
0.24
0.24
0.25
0.25
0.26
0.27
0.28
0.28
0.29
0.30
0.30
0.31
0.32
0.33
0.34
0.35
0.35
0.36
0.37
0.37
0.38
0.39
0.40
0.41
0.41
0.41
0.42
0.43
0.44
0.45
0.45
0.46
0.47
0.48
0.48
0.50
0.52
0.53
0.55
0.57
0.58
0.59
423.90
431.30
437.70
445.30
453.10
459.80
465.90
472.00
478.00
484.60
490.10
495.70
500.40
505.20
508.40
513.20
515.40
518.20
520.70
523.30
524.60
525.90
526.90
528.20
529.10
529.40
528.40
527.60
527.40
524.90
523.60
522.80
520.10
518.00
516.00
513.90
511.40
508.20
505.10
502.20
499.40
495.60
490.20
484.30
476.90
469.00
460.50
451.00
441.20
430.80
417.60
404.00
388.50
371.10
348.30
322.60
293.40
261.40
230.10
201.50
174.00
148.20
124.30
102.10
82.30
66.19
56.43
46.72
37.01
32.08
28.28
25.22
22.85
20.63
18.51
16.56
14.37
12.39
10.74
9.07
7.64
6.31
5.05
3.84
2.75
1.85
1.10
0.54
0.21
0.09
0.08
0.08
0.08
0.07
0.07
0.07
0.07
0.07
0.07
0.08
0.08
0.08
0.08
0.08
0.08
0.09
0.09
0.09
0.10
0.10
0.10
0.10
0.11
0.11
0.11
0.11
0.11
0.11
0.12
0.12
0.12
0.12
0.13
0.14
0.14
0.14
0.14
0.15
0.15
0.16
0.17
0.17
0.18
0.18
0.19
0.20
0.20
0.21
0.21
0.21
0.22
0.22
0.23
0.24
0.24
0.26
0.26
0.27
0.27
0.28
0.29
0.30
0.31
0.32
0.32
0.33
0.34
0.34
0.35
0.36
0.37
0.37
0.38
0.39
0.40
0.40
0.41
0.42
0.43
0.43
0.44
0.45
0.46
0.47
0.48
0.50
0.51
0.52
0.54
0.56
0.58
