SALVI
1
0
24
15.0
181
1.0
250310 OCH 5050 350 F151 PMMA LC
250310 OCH 5050 F151 PMMA LC

250310-OCH-5050-F151-PMMA-LC.ldt
03-04-2025/TB
440
440
720
280
280
0
0
0
0
94.92
100.00
1.00
0.00
1
1
5050x18LED
4599.10
3000
70
39.20
0.19
0.26
0.33
0.40
0.45
0.53
0.59
0.64
0.70
0.74
0.00
15.00
30.00
45.00
60.00
75.00
90.00
105.00
120.00
135.00
150.00
165.00
180.00
195.00
210.00
225.00
240.00
255.00
270.00
285.00
300.00
315.00
330.00
345.00
0.00
1.00
2.00
3.00
4.00
5.00
6.00
7.00
8.00
9.00
10.00
11.00
12.00
13.00
14.00
15.00
16.00
17.00
18.00
19.00
20.00
21.00
22.00
23.00
24.00
25.00
26.00
27.00
28.00
29.00
30.00
31.00
32.00
33.00
34.00
35.00
36.00
37.00
38.00
39.00
40.00
41.00
42.00
43.00
44.00
45.00
46.00
47.00
48.00
49.00
50.00
51.00
52.00
53.00
54.00
55.00
56.00
57.00
58.00
59.00
60.00
61.00
62.00
63.00
64.00
65.00
66.00
67.00
68.00
69.00
70.00
71.00
72.00
73.00
74.00
75.00
76.00
77.00
78.00
79.00
80.00
81.00
82.00
83.00
84.00
85.00
86.00
87.00
88.00
89.00
90.00
91.00
92.00
93.00
94.00
95.00
96.00
97.00
98.00
99.00
100.00
101.00
102.00
103.00
104.00
105.00
106.00
107.00
108.00
109.00
110.00
111.00
112.00
113.00
114.00
115.00
116.00
117.00
118.00
119.00
120.00
121.00
122.00
123.00
124.00
125.00
126.00
127.00
128.00
129.00
130.00
131.00
132.00
133.00
134.00
135.00
136.00
137.00
138.00
139.00
140.00
141.00
142.00
143.00
144.00
145.00
146.00
147.00
148.00
149.00
150.00
151.00
152.00
153.00
154.00
155.00
156.00
157.00
158.00
159.00
160.00
161.00
162.00
163.00
164.00
165.00
166.00
167.00
168.00
169.00
170.00
171.00
172.00
173.00
174.00
175.00
176.00
177.00
178.00
179.00
180.00
177.10
176.80
176.00
175.50
174.60
173.50
172.70
172.20
173.00
173.60
174.60
175.30
176.40
177.70
179.20
181.30
182.90
184.20
185.80
187.70
189.30
191.50
193.70
195.60
197.70
200.40
203.50
207.10
211.40
215.30
219.50
224.90
229.80
235.00
240.10
244.60
248.50
253.70
257.60
262.20
266.70
271.40
276.20
281.10
285.30
290.60
295.20
300.30
305.50
310.90
316.50
322.50
328.20
333.60
339.80
344.80
350.50
355.90
361.70
366.00
369.80
373.00
376.40
377.40
378.80
377.90
375.90
371.50
366.60
360.10
351.80
341.80
329.30
315.70
300.70
285.00
267.20
248.50
229.50
210.80
192.00
173.80
156.10
139.40
124.10
109.70
96.73
85.34
75.10
66.34
58.07
51.07
44.88
39.59
35.05
31.10
27.69
24.78
22.25
20.11
18.26
16.66
15.27
14.10
13.06
12.17
11.34
10.56
9.92
9.35
8.86
8.44
8.06
7.74
7.44
7.17
6.95
6.72
6.53
6.34
6.16
5.98
5.83
5.66
5.52
5.38
5.23
5.09
4.94
4.80
4.65
4.52
4.37
4.22
4.08
3.93
3.78
3.64
3.48
3.33
3.17
3.02
2.87
2.72
2.57
2.43
2.28
2.14
1.99
1.85
1.71
1.56
1.43
1.29
1.16
1.04
0.92
0.81
0.70
0.59
0.46
0.40
0.38
0.36
0.34
0.32
0.32
0.32
0.32
0.32
0.32
0.32
0.32
0.32
0.32
0.32
0.32
0.32
0.32
0.32
0.32
175.80
178.30
180.50
182.40
183.90
185.60
187.80
189.50
192.80
195.60
199.00
202.60
205.90
209.20
213.50
217.00
220.80
223.20
226.80
229.90
232.80
236.20
239.60
243.20
246.50
250.00
255.20
260.10
265.40
271.40
277.20
283.50
290.60
297.80
305.60
311.60
318.90
326.00
333.10
340.50
348.10
356.40
364.30
372.70
379.90
388.60
397.00
406.00
416.20
425.50
434.70
444.40
455.10
465.70
475.20
485.80
496.50
505.90
514.90
524.20
533.50
541.50
547.70
551.40
553.70
554.00
551.90
547.80
540.80
530.90
518.10
504.00
485.20
463.90
438.30
411.30
381.70
352.20
321.30
291.10
262.10
234.40
208.10
183.50
161.60
142.00
124.10
107.90
93.93
81.84
71.23
62.01
54.10
47.21
41.30
36.31
31.98
28.21
25.05
22.32
20.01
17.99
16.29
14.83
13.56
12.40
11.35
10.44
9.66
9.00
8.43
7.94
7.53
7.15
6.82
6.53
6.26
6.03
5.80
5.61
5.42
5.24
5.09
4.93
4.79
4.65
4.52
4.39
4.25
4.12
4.00
3.88
3.76
3.63
3.50
3.37
3.24
3.10
2.97
2.83
2.69
2.56
2.43
2.31
2.18
2.06
1.93
1.81
1.68
1.56
1.43
1.31
1.19
1.08
0.96
0.86
0.75
0.66
0.56
0.44
0.34
0.33
0.32
0.31
0.30
0.30
0.30
0.31
0.31
0.31
0.31
0.32
0.32
0.33
0.33
0.33
0.34
0.34
0.35
0.35
0.35
175.90
181.20
186.00
190.30
194.50
198.40
202.50
206.80
211.70
217.30
222.40
227.60
233.10
238.60
243.20
247.60
252.10
256.20
259.30
261.90
264.40
267.30
268.90
271.60
274.20
276.50
279.10
281.60
284.80
288.50
291.50
295.40
298.90
302.70
307.70
311.90
315.60
320.40
324.30
329.30
333.40
337.80
342.10
346.90
350.70
354.50
359.00
363.80
368.10
371.30
376.30
380.10
383.10
386.80
390.10
394.50
397.20
399.20
400.60
402.40
402.00
401.40
400.40
397.90
393.70
389.00
381.80
374.10
364.60
354.00
341.50
327.70
313.20
296.60
279.20
261.30
242.60
223.70
204.90
187.10
169.50
152.30
136.40
121.70
108.10
95.55
84.53
74.81
66.34
58.74
51.87
46.01
40.85
36.43
32.60
29.31
26.50
24.05
21.85
19.98
18.35
16.88
15.62
14.52
13.42
12.47
11.64
10.92
10.25
9.66
9.14
8.68
8.24
7.87
7.49
7.16
6.86
6.56
6.30
6.03
5.79
5.55
5.33
5.12
4.92
4.72
4.53
4.33
4.15
3.97
3.80
3.63
3.47
3.29
3.13
2.96
2.80
2.64
2.48
2.33
2.18
2.03
1.87
1.73
1.62
1.51
1.40
1.30
1.19
1.09
0.99
0.90
0.81
0.72
0.64
0.56
0.48
0.36
0.29
0.29
0.29
0.28
0.27
0.27
0.27
0.27
0.27
0.27
0.27
0.28
0.29
0.29
0.29
0.30
0.32
0.32
0.32
0.33
0.34
0.34
0.34
175.70
182.80
189.90
196.30
202.30
208.40
214.70
220.20
226.80
233.20
239.40
246.70
253.10
259.00
263.70
268.70
272.20
275.60
277.30
278.90
280.40
281.50
282.40
282.90
282.70
283.40
283.00
282.80
282.00
282.20
282.00
281.80
282.10
282.40
282.70
282.60
282.50
282.60
282.90
282.10
281.80
280.70
279.90
278.60
277.40
275.40
273.30
271.20
268.80
265.60
262.10
258.50
254.70
250.90
246.20
241.00
235.60
230.10
225.10
218.40
213.10
206.30
199.70
193.00
186.50
179.20
171.90
164.50
157.00
149.90
142.20
134.90
127.20
119.80
112.40
105.10
98.15
91.43
84.79
78.43
72.31
66.62
61.31
56.15
51.49
47.15
43.12
39.57
36.30
33.32
30.63
28.28
26.13
24.20
22.51
20.96
19.65
18.42
17.31
16.38
15.48
14.60
13.71
12.96
12.27
11.64
11.06
10.54
10.06
9.62
9.19
8.82
8.45
8.11
7.81
7.52
7.22
6.95
6.68
6.43
6.19
5.96
5.73
5.51
5.29
5.09
4.88
4.67
4.46
4.26
4.05
3.86
3.67
3.49
3.31
3.13
2.95
2.78
2.61
2.44
2.27
2.10
1.94
1.77
1.61
1.46
1.30
1.15
1.00
0.85
0.70
0.54
0.33
0.25
0.23
0.23
0.23
0.23
0.24
0.24
0.24
0.25
0.25
0.26
0.26
0.27
0.27
0.28
0.29
0.29
0.30
0.31
0.32
0.33
0.34
0.35
0.36
0.37
0.38
0.38
0.38
176.30
185.10
193.90
201.80
209.50
217.10
224.30
231.50
239.10
245.60
252.50
258.70
264.80
269.90
274.50
278.50
281.50
284.50
286.40
287.70
287.70
287.40
286.70
285.00
282.90
281.00
279.60
277.50
275.20
272.50
270.90
269.00
267.00
264.40
261.80
259.50
257.20
254.00
250.10
246.10
242.50
238.50
234.80
230.10
225.70
221.10
215.90
210.60
204.90
199.60
194.10
188.40
182.70
177.00
171.60
165.60
159.90
154.10
148.30
142.80
137.30
131.60
126.00
120.70
115.40
109.90
104.80
99.72
94.74
89.73
84.87
80.21
75.60
71.16
66.81
62.71
58.55
54.77
50.98
47.43
44.16
40.99
38.06
35.28
32.71
30.37
28.24
26.23
24.42
22.82
21.34
20.02
18.81
17.72
16.77
15.89
15.07
14.35
13.65
13.00
12.39
11.85
11.35
10.85
10.37
9.93
9.54
9.17
8.81
8.49
8.18
7.88
7.62
7.36
7.10
6.88
6.65
6.44
6.23
6.03
5.84
5.64
5.46
5.29
5.12
4.95
4.78
4.61
4.45
4.29
4.13
3.96
3.80
3.64
3.47
3.32
3.16
3.00
2.84
2.68
2.53
2.37
2.21
2.05
1.90
1.76
1.62
1.48
1.34
1.20
1.07
0.94
0.82
0.70
0.59
0.47
0.30
0.23
0.22
0.22
0.22
0.23
0.23
0.23
0.24
0.25
0.25
0.26
0.27
0.28
0.29
0.30
0.31
0.33
0.34
0.35
0.37
0.38
0.39
0.41
0.41
175.60
185.60
194.90
204.10
213.20
221.60
229.40
237.60
245.20
252.40
258.70
265.20
271.40
276.80
280.20
284.50
287.40
289.50
291.00
290.80
289.50
287.70
286.10
284.50
281.80
279.50
277.10
274.40
271.60
268.10
265.60
262.70
259.30
255.80
251.70
247.90
243.70
239.20
234.60
230.10
225.00
219.90
214.80
209.30
203.80
198.60
193.10
187.40
181.70
176.30
170.80
165.40
159.70
154.00
148.70
143.10
137.80
132.70
127.50
122.20
117.30
112.10
107.20
102.40
97.65
92.73
88.14
83.57
79.12
74.72
70.43
66.29
62.04
58.07
54.23
50.46
46.90
43.34
40.13
36.99
34.05
31.24
28.65
26.32
24.15
22.19
20.42
18.79
17.36
16.09
14.96
13.96
13.08
12.28
11.59
10.95
10.40
9.90
9.45
9.04
8.68
8.36
8.07
7.80
7.55
7.31
7.08
6.87
6.67
6.50
6.33
6.19
6.06
5.91
5.79
5.68
5.56
5.45
5.34
5.24
5.14
5.05
4.95
4.85
4.75
4.65
4.55
4.46
4.35
4.25
4.14
4.04
3.93
3.82
3.71
3.60
3.48
3.35
3.23
3.09
2.95
2.83
2.69
2.56
2.42
2.28
2.14
1.99
1.84
1.70
1.55
1.40
1.26
1.11
0.96
0.82
0.69
0.55
0.39
0.25
0.26
0.26
0.27
0.27
0.28
0.29
0.30
0.30
0.31
0.32
0.33
0.34
0.35
0.36
0.38
0.39
0.41
0.42
0.43
0.43
0.43
176.40
186.50
197.00
206.00
215.00
223.60
231.80
240.10
248.60
255.10
261.80
267.90
273.80
279.10
283.20
287.20
290.60
293.10
293.90
293.60
292.40
290.40
288.90
286.80
284.40
281.40
278.10
275.70
272.10
268.60
264.90
261.10
256.90
251.50
246.70
241.50
236.00
231.40
225.70
220.50
214.70
209.20
203.00
197.70
192.30
186.90
181.20
176.00
170.20
165.00
159.30
153.90
148.60
143.10
137.90
132.60
127.20
122.30
117.40
112.40
107.40
102.50
98.03
93.24
88.41
83.95
79.43
74.94
70.59
66.45
62.32
58.22
54.31
50.41
46.72
43.14
39.69
36.40
33.28
30.40
27.67
25.14
22.81
20.71
18.82
17.03
15.55
14.16
12.96
11.91
10.97
10.16
9.50
8.89
8.38
7.92
7.55
7.23
6.96
6.70
6.51
6.34
6.19
6.04
5.94
5.82
5.72
5.62
5.54
5.47
5.40
5.34
5.29
5.23
5.18
5.12
5.09
5.03
4.98
4.94
4.89
4.83
4.77
4.72
4.65
4.59
4.52
4.44
4.38
4.29
4.21
4.13
4.04
3.94
3.85
3.75
3.64
3.53
3.41
3.28
3.15
3.02
2.90
2.76
2.62
2.48
2.33
2.18
2.04
1.88
1.73
1.58
1.42
1.26
1.11
0.96
0.81
0.67
0.53
0.33
0.27
0.27
0.27
0.27
0.28
0.28
0.30
0.30
0.30
0.31
0.32
0.33
0.34
0.35
0.37
0.38
0.40
0.41
0.42
0.43
0.44
175.60
185.60
194.90
204.10
213.20
221.60
229.40
237.60
245.20
252.40
258.70
265.20
271.40
276.80
280.20
284.50
287.40
289.50
291.00
290.80
289.50
287.70
286.10
284.50
281.80
279.50
277.10
274.40
271.60
268.10
265.60
262.70
259.30
255.80
251.70
247.90
243.70
239.20
234.60
230.10
225.00
219.90
214.80
209.30
203.80
198.60
193.10
187.40
181.70
176.30
170.80
165.40
159.70
154.00
148.70
143.10
137.80
132.70
127.50
122.20
117.30
112.10
107.20
102.40
97.65
92.73
88.14
83.57
79.12
74.72
70.43
66.29
62.04
58.07
54.23
50.46
46.90
43.34
40.13
36.99
34.05
31.24
28.65
26.32
24.15
22.19
20.42
18.79
17.36
16.09
14.96
13.96
13.08
12.28
11.59
10.95
10.40
9.90
9.45
9.04
8.68
8.36
8.07
7.80
7.55
7.31
7.08
6.87
6.67
6.50
6.33
6.19
6.06
5.91
5.79
5.68
5.56
5.45
5.34
5.24
5.14
5.05
4.95
4.85
4.75
4.65
4.55
4.46
4.35
4.25
4.14
4.04
3.93
3.82
3.71
3.60
3.48
3.35
3.23
3.09
2.95
2.83
2.69
2.56
2.42
2.28
2.14
1.99
1.84
1.70
1.55
1.40
1.26
1.11
0.96
0.82
0.69
0.55
0.39
0.25
0.26
0.26
0.27
0.27
0.28
0.29
0.30
0.30
0.31
0.32
0.33
0.34
0.35
0.36
0.38
0.39
0.41
0.42
0.43
0.43
0.43
176.30
185.10
193.90
201.80
209.50
217.10
224.30
231.50
239.10
245.60
252.50
258.70
264.80
269.90
274.50
278.50
281.50
284.50
286.40
287.70
287.70
287.40
286.70
285.00
282.90
281.00
279.60
277.50
275.20
272.50
270.90
269.00
267.00
264.40
261.80
259.50
257.20
254.00
250.10
246.10
242.50
238.50
234.80
230.10
225.70
221.10
215.90
210.60
204.90
199.60
194.10
188.40
182.70
177.00
171.60
165.60
159.90
154.10
148.30
142.80
137.30
131.60
126.00
120.70
115.40
109.90
104.80
99.72
94.74
89.73
84.87
80.21
75.60
71.16
66.81
62.71
58.55
54.77
50.98
47.43
44.16
40.99
38.06
35.28
32.71
30.37
28.24
26.23
24.42
22.82
21.34
20.02
18.81
17.72
16.77
15.89
15.07
14.35
13.65
13.00
12.39
11.85
11.35
10.85
10.37
9.93
9.54
9.17
8.81
8.49
8.18
7.88
7.62
7.36
7.10
6.88
6.65
6.44
6.23
6.03
5.84
5.64
5.46
5.29
5.12
4.95
4.78
4.61
4.45
4.29
4.13
3.96
3.80
3.64
3.47
3.32
3.16
3.00
2.84
2.68
2.53
2.37
2.21
2.05
1.90
1.76
1.62
1.48
1.34
1.20
1.07
0.94
0.82
0.70
0.59
0.47
0.30
0.23
0.22
0.22
0.22
0.23
0.23
0.23
0.24
0.25
0.25
0.26
0.27
0.28
0.29
0.30
0.31
0.33
0.34
0.35
0.37
0.38
0.39
0.41
0.41
175.70
182.80
189.90
196.30
202.30
208.40
214.70
220.20
226.80
233.20
239.40
246.70
253.10
259.00
263.70
268.70
272.20
275.60
277.30
278.90
280.40
281.50
282.40
282.90
282.70
283.40
283.00
282.80
282.00
282.20
282.00
281.80
282.10
282.40
282.70
282.60
282.50
282.60
282.90
282.10
281.80
280.70
279.90
278.60
277.40
275.40
273.30
271.20
268.80
265.60
262.10
258.50
254.70
250.90
246.20
241.00
235.60
230.10
225.10
218.40
213.10
206.30
199.70
193.00
186.50
179.20
171.90
164.50
157.00
149.90
142.20
134.90
127.20
119.80
112.40
105.10
98.15
91.43
84.79
78.43
72.31
66.62
61.31
56.15
51.49
47.15
43.12
39.57
36.30
33.32
30.63
28.28
26.13
24.20
22.51
20.96
19.65
18.42
17.31
16.38
15.48
14.60
13.71
12.96
12.27
11.64
11.06
10.54
10.06
9.62
9.19
8.82
8.45
8.11
7.81
7.52
7.22
6.95
6.68
6.43
6.19
5.96
5.73
5.51
5.29
5.09
4.88
4.67
4.46
4.26
4.05
3.86
3.67
3.49
3.31
3.13
2.95
2.78
2.61
2.44
2.27
2.10
1.94
1.77
1.61
1.46
1.30
1.15
1.00
0.85
0.70
0.54
0.33
0.25
0.23
0.23
0.23
0.23
0.24
0.24
0.24
0.25
0.25
0.26
0.26
0.27
0.27
0.28
0.29
0.29
0.30
0.31
0.32
0.33
0.34
0.35
0.36
0.37
0.38
0.38
0.38
175.90
181.20
186.00
190.30
194.50
198.40
202.50
206.80
211.70
217.30
222.40
227.60
233.10
238.60
243.20
247.60
252.10
256.20
259.30
261.90
264.40
267.30
268.90
271.60
274.20
276.50
279.10
281.60
284.80
288.50
291.50
295.40
298.90
302.70
307.70
311.90
315.60
320.40
324.30
329.30
333.40
337.80
342.10
346.90
350.70
354.50
359.00
363.80
368.10
371.30
376.30
380.10
383.10
386.80
390.10
394.50
397.20
399.20
400.60
402.40
402.00
401.40
400.40
397.90
393.70
389.00
381.80
374.10
364.60
354.00
341.50
327.70
313.20
296.60
279.20
261.30
242.60
223.70
204.90
187.10
169.50
152.30
136.40
121.70
108.10
95.55
84.53
74.81
66.34
58.74
51.87
46.01
40.85
36.43
32.60
29.31
26.50
24.05
21.85
19.98
18.35
16.88
15.62
14.52
13.42
12.47
11.64
10.92
10.25
9.66
9.14
8.68
8.24
7.87
7.49
7.16
6.86
6.56
6.30
6.03
5.79
5.55
5.33
5.12
4.92
4.72
4.53
4.33
4.15
3.97
3.80
3.63
3.47
3.29
3.13
2.96
2.80
2.64
2.48
2.33
2.18
2.03
1.87
1.73
1.62
1.51
1.40
1.30
1.19
1.09
0.99
0.90
0.81
0.72
0.64
0.56
0.48
0.36
0.29
0.29
0.29
0.28
0.27
0.27
0.27
0.27
0.27
0.27
0.27
0.28
0.29
0.29
0.29
0.30
0.32
0.32
0.32
0.33
0.34
0.34
0.34
175.80
178.30
180.50
182.40
183.90
185.60
187.80
189.50
192.80
195.60
199.00
202.60
205.90
209.20
213.50
217.00
220.80
223.20
226.80
229.90
232.80
236.20
239.60
243.20
246.50
250.00
255.20
260.10
265.40
271.40
277.20
283.50
290.60
297.80
305.60
311.60
318.90
326.00
333.10
340.50
348.10
356.40
364.30
372.70
379.90
388.60
397.00
406.00
416.20
425.50
434.70
444.40
455.10
465.70
475.20
485.80
496.50
505.90
514.90
524.20
533.50
541.50
547.70
551.40
553.70
554.00
551.90
547.80
540.80
530.90
518.10
504.00
485.20
463.90
438.30
411.30
381.70
352.20
321.30
291.10
262.10
234.40
208.10
183.50
161.60
142.00
124.10
107.90
93.93
81.84
71.23
62.01
54.10
47.21
41.30
36.31
31.98
28.21
25.05
22.32
20.01
17.99
16.29
14.83
13.56
12.40
11.35
10.44
9.66
9.00
8.43
7.94
7.53
7.15
6.82
6.53
6.26
6.03
5.80
5.61
5.42
5.24
5.09
4.93
4.79
4.65
4.52
4.39
4.25
4.12
4.00
3.88
3.76
3.63
3.50
3.37
3.24
3.10
2.97
2.83
2.69
2.56
2.43
2.31
2.18
2.06
1.93
1.81
1.68
1.56
1.43
1.31
1.19
1.08
0.96
0.86
0.75
0.66
0.56
0.44
0.34
0.33
0.32
0.31
0.30
0.30
0.30
0.31
0.31
0.31
0.31
0.32
0.32
0.33
0.33
0.33
0.34
0.34
0.35
0.35
0.35
177.10
176.80
176.00
175.50
174.60
173.50
172.70
172.20
173.00
173.60
174.60
175.30
176.40
177.70
179.20
181.30
182.90
184.20
185.80
187.70
189.30
191.50
193.70
195.60
197.70
200.40
203.50
207.10
211.40
215.30
219.50
224.90
229.80
235.00
240.10
244.60
248.50
253.70
257.60
262.20
266.70
271.40
276.20
281.10
285.30
290.60
295.20
300.30
305.50
310.90
316.50
322.50
328.20
333.60
339.80
344.80
350.50
355.90
361.70
366.00
369.80
373.00
376.40
377.40
378.80
377.90
375.90
371.50
366.60
360.10
351.80
341.80
329.30
315.70
300.70
285.00
267.20
248.50
229.50
210.80
192.00
173.80
156.10
139.40
124.10
109.70
96.73
85.34
75.10
66.34
58.07
51.07
44.88
39.59
35.05
31.10
27.69
24.78
22.25
20.11
18.26
16.66
15.27
14.10
13.06
12.17
11.34
10.56
9.92
9.35
8.86
8.44
8.06
7.74
7.44
7.17
6.95
6.72
6.53
6.34
6.16
5.98
5.83
5.66
5.52
5.38
5.23
5.09
4.94
4.80
4.65
4.52
4.37
4.22
4.08
3.93
3.78
3.64
3.48
3.33
3.17
3.02
2.87
2.72
2.57
2.43
2.28
2.14
1.99
1.85
1.71
1.56
1.43
1.29
1.16
1.04
0.92
0.81
0.70
0.59
0.46
0.40
0.38
0.36
0.34
0.32
0.32
0.32
0.32
0.32
0.32
0.32
0.32
0.32
0.32
0.32
0.32
0.32
0.32
0.32
0.32
175.80
172.80
169.70
166.40
162.90
159.30
155.60
152.40
150.40
148.60
146.70
145.60
144.40
143.40
142.80
142.20
141.80
140.80
140.20
139.90
139.40
138.90
138.40
138.50
138.00
138.00
138.40
138.90
139.70
141.00
142.40
143.80
145.50
146.90
148.50
149.90
151.30
152.90
153.70
154.60
155.60
156.30
156.90
157.70
157.90
158.60
159.20
159.60
159.70
159.90
160.20
160.60
161.00
161.10
161.10
161.40
161.20
161.30
161.40
161.00
160.90
160.30
159.60
158.80
157.90
156.60
154.90
152.70
150.60
147.80
144.60
141.00
137.00
132.50
127.70
122.20
116.10
110.00
103.80
97.07
90.36
83.87
77.29
70.73
64.78
58.84
53.45
48.46
43.96
39.93
36.24
33.01
30.09
27.54
25.24
23.24
21.50
19.91
18.54
17.33
16.23
15.31
14.44
13.66
12.99
12.34
11.72
11.12
10.60
10.14
9.71
9.32
8.96
8.62
8.32
8.02
7.76
7.50
7.24
7.01
6.79
6.56
6.36
6.17
5.97
5.78
5.59
5.40
5.22
5.04
4.86
4.69
4.53
4.36
4.19
4.02
3.86
3.68
3.51
3.35
3.17
3.02
2.85
2.70
2.55
2.40
2.24
2.10
1.95
1.81
1.66
1.52
1.39
1.26
1.13
1.01
0.89
0.79
0.68
0.56
0.46
0.44
0.43
0.40
0.38
0.38
0.37
0.37
0.37
0.36
0.36
0.36
0.35
0.35
0.35
0.35
0.34
0.34
0.34
0.34
0.35
175.90
170.50
165.00
159.30
153.40
147.40
141.80
136.60
131.70
127.50
124.00
120.70
118.00
115.50
113.20
111.00
109.10
107.80
106.30
104.90
103.40
102.10
100.50
99.03
97.74
96.45
95.07
93.84
92.81
91.74
90.94
90.17
89.57
89.03
88.49
87.97
87.38
86.73
86.19
85.42
84.73
84.04
83.28
82.50
81.74
81.02
80.36
79.64
79.12
78.47
77.97
77.27
76.70
76.11
75.39
74.71
74.18
73.52
72.92
72.27
71.53
70.90
70.24
69.59
68.83
68.14
67.40
66.43
65.52
64.54
63.50
62.26
61.09
59.56
58.07
56.41
54.67
52.71
50.75
48.59
46.48
44.24
41.96
39.69
37.38
35.26
33.12
31.11
29.25
27.47
25.84
24.38
22.98
21.71
20.53
19.48
18.49
17.63
16.82
16.02
15.28
14.65
14.03
13.45
12.90
12.36
11.84
11.35
10.91
10.50
10.10
9.73
9.37
9.04
8.71
8.40
8.11
7.83
7.54
7.28
7.02
6.78
6.54
6.31
6.07
5.85
5.64
5.41
5.20
5.00
4.79
4.59
4.38
4.19
3.99
3.79
3.59
3.40
3.20
3.02
2.84
2.66
2.49
2.31
2.14
1.98
1.82
1.69
1.55
1.42
1.29
1.17
1.06
0.95
0.84
0.75
0.66
0.55
0.46
0.44
0.42
0.41
0.39
0.38
0.38
0.38
0.37
0.37
0.36
0.36
0.36
0.36
0.36
0.36
0.36
0.36
0.36
0.36
0.36
0.36
0.36
175.70
168.20
160.50
152.80
145.00
136.90
129.30
122.20
116.00
110.10
105.30
101.10
98.01
95.11
92.94
90.51
88.39
86.27
84.27
82.26
80.19
78.42
76.61
74.94
73.28
71.76
70.28
68.73
67.36
66.14
64.95
63.83
62.71
61.80
60.86
60.09
59.35
58.84
58.45
58.18
58.01
57.82
57.76
57.64
57.55
57.34
57.26
57.11
56.99
56.81
56.72
56.61
56.48
56.32
56.16
55.94
55.76
55.50
55.19
54.87
54.55
54.28
53.86
53.61
53.22
52.81
52.35
51.80
51.24
50.61
50.04
49.23
48.48
47.52
46.51
45.42
44.19
42.90
41.48
40.02
38.42
36.74
35.08
33.39
31.63
29.90
28.25
26.68
25.17
23.80
22.52
21.36
20.26
19.22
18.29
17.44
16.64
15.92
15.26
14.64
14.08
13.57
12.98
12.43
11.91
11.42
10.99
10.58
10.19
9.82
9.46
9.13
8.81
8.51
8.22
7.93
7.66
7.40
7.14
6.89
6.65
6.43
6.19
5.97
5.74
5.52
5.31
5.09
4.88
4.66
4.45
4.24
4.03
3.83
3.64
3.46
3.27
3.07
2.89
2.71
2.52
2.34
2.16
1.99
1.82
1.66
1.50
1.35
1.20
1.06
0.93
0.81
0.68
0.54
0.48
0.47
0.46
0.44
0.44
0.43
0.43
0.43
0.43
0.42
0.42
0.42
0.41
0.41
0.41
0.41
0.41
0.40
0.40
0.39
0.39
0.39
0.39
0.39
0.39
0.39
0.38
176.30
167.20
158.30
149.00
139.50
130.70
121.90
113.70
106.60
100.10
94.59
90.38
86.61
83.19
80.24
77.60
75.21
73.01
70.96
69.09
67.19
65.39
63.65
62.03
60.52
59.07
57.77
56.59
55.50
54.59
53.82
53.27
52.85
52.66
52.65
52.65
52.75
52.91
53.12
53.21
53.41
53.51
53.65
53.84
53.93
54.09
54.14
54.27
54.34
54.37
54.46
54.43
54.43
54.30
54.17
53.97
53.81
53.53
53.30
52.92
52.66
52.30
51.96
51.52
51.10
50.76
50.36
49.78
49.23
48.55
47.84
47.02
46.11
45.11
43.96
42.74
41.39
40.01
38.46
36.82
35.23
33.56
31.88
30.22
28.62
27.00
25.48
24.08
22.74
21.55
20.41
19.37
18.39
17.49
16.67
15.93
15.23
14.63
14.04
13.47
12.95
12.44
11.97
11.53
11.11
10.69
10.26
9.88
9.50
9.16
8.83
8.50
8.19
7.91
7.63
7.35
7.09
6.83
6.59
6.35
6.11
5.89
5.67
5.46
5.24
5.03
4.84
4.64
4.44
4.25
4.06
3.87
3.68
3.49
3.31
3.12
2.94
2.76
2.59
2.42
2.25
2.09
1.94
1.78
1.63
1.50
1.39
1.30
1.20
1.10
1.01
0.93
0.85
0.78
0.71
0.65
0.60
0.55
0.49
0.46
0.46
0.46
0.46
0.46
0.46
0.46
0.45
0.45
0.45
0.45
0.44
0.44
0.43
0.43
0.43
0.43
0.42
0.42
0.42
0.41
0.41
175.60
165.30
155.60
145.30
135.10
125.50
116.40
107.80
100.20
93.86
88.60
83.95
79.78
76.15
72.90
69.99
67.49
65.18
63.03
61.06
59.38
57.44
55.80
54.27
53.03
51.76
50.65
49.81
49.24
48.92
48.85
49.01
49.26
49.66
50.14
50.59
51.06
51.48
51.97
52.42
52.85
53.15
53.49
53.71
53.88
54.10
54.12
54.15
54.15
54.14
54.07
54.00
53.90
53.68
53.49
53.27
53.13
52.93
52.64
52.45
52.30
52.07
51.89
51.71
51.51
51.25
50.92
50.54
49.94
49.34
48.49
47.45
46.27
44.84
43.26
41.68
39.98
38.17
36.40
34.56
32.72
30.85
29.04
27.24
25.51
23.82
22.29
20.86
19.59
18.39
17.32
16.33
15.45
14.63
13.91
13.26
12.64
12.09
11.59
11.12
10.68
10.26
9.89
9.53
9.19
8.88
8.57
8.25
7.95
7.67
7.42
7.19
6.96
6.73
6.53
6.33
6.14
5.96
5.78
5.63
5.45
5.28
5.13
4.98
4.82
4.67
4.52
4.38
4.23
4.09
3.94
3.80
3.66
3.51
3.37
3.23
3.08
2.93
2.79
2.65
2.50
2.36
2.24
2.11
1.99
1.87
1.75
1.64
1.53
1.42
1.31
1.20
1.10
1.01
0.92
0.83
0.76
0.69
0.63
0.57
0.50
0.48
0.47
0.47
0.47
0.47
0.47
0.47
0.47
0.47
0.46
0.46
0.45
0.45
0.45
0.45
0.45
0.44
0.44
0.44
0.44
176.40
166.10
155.50
144.90
135.00
125.10
115.30
106.80
99.19
92.69
87.22
82.47
78.29
74.36
71.00
68.00
65.40
63.04
61.06
59.15
57.38
55.66
54.06
52.53
51.17
49.96
48.92
48.10
47.66
47.47
47.48
47.62
47.94
48.33
48.80
49.32
49.72
50.14
50.61
51.09
51.47
51.87
52.18
52.34
52.46
52.64
52.78
52.64
52.60
52.52
52.53
52.32
52.14
52.10
51.72
51.61
51.23
51.08
50.98
50.66
50.63
50.54
50.26
50.29
50.13
49.77
49.63
49.12
48.51
47.79
46.82
45.46
44.09
42.46
40.80
38.90
37.10
35.25
33.22
31.32
29.36
27.36
25.49
23.64
21.87
20.17
18.64
17.24
16.02
14.88
13.90
13.05
12.27
11.58
10.98
10.44
9.97
9.57
9.20
8.87
8.60
8.34
8.14
7.93
7.75
7.58
7.42
7.24
7.06
6.91
6.75
6.61
6.46
6.33
6.19
6.07
5.95
5.82
5.70
5.58
5.46
5.32
5.19
5.06
4.92
4.80
4.67
4.55
4.41
4.28
4.14
4.00
3.87
3.71
3.58
3.43
3.28
3.14
2.99
2.85
2.69
2.55
2.41
2.27
2.14
2.02
1.89
1.77
1.64
1.53
1.40
1.28
1.18
1.07
0.97
0.88
0.79
0.71
0.65
0.59
0.52
0.45
0.45
0.45
0.45
0.45
0.45
0.45
0.45
0.45
0.45
0.45
0.45
0.45
0.45
0.45
0.45
0.45
0.45
0.45
0.45
175.60
165.30
155.60
145.30
135.10
125.50
116.40
107.80
100.20
93.86
88.60
83.95
79.78
76.15
72.90
69.99
67.49
65.18
63.03
61.06
59.38
57.44
55.80
54.27
53.03
51.76
50.65
49.81
49.24
48.92
48.85
49.01
49.26
49.66
50.14
50.59
51.06
51.48
51.97
52.42
52.85
53.15
53.49
53.71
53.88
54.10
54.12
54.15
54.15
54.14
54.07
54.00
53.90
53.68
53.49
53.27
53.13
52.93
52.64
52.45
52.30
52.07
51.89
51.71
51.51
51.25
50.92
50.54
49.94
49.34
48.49
47.45
46.27
44.84
43.26
41.68
39.98
38.17
36.40
34.56
32.72
30.85
29.04
27.24
25.51
23.82
22.29
20.86
19.59
18.39
17.32
16.33
15.45
14.63
13.91
13.26
12.64
12.09
11.59
11.12
10.68
10.26
9.89
9.53
9.19
8.88
8.57
8.25
7.95
7.67
7.42
7.19
6.96
6.73
6.53
6.33
6.14
5.96
5.78
5.63
5.45
5.28
5.13
4.98
4.82
4.67
4.52
4.38
4.23
4.09
3.94
3.80
3.66
3.51
3.37
3.23
3.08
2.93
2.79
2.65
2.50
2.36
2.24
2.11
1.99
1.87
1.75
1.64
1.53
1.42
1.31
1.20
1.10
1.01
0.92
0.83
0.76
0.69
0.63
0.57
0.50
0.48
0.47
0.47
0.47
0.47
0.47
0.47
0.47
0.47
0.46
0.46
0.45
0.45
0.45
0.45
0.45
0.44
0.44
0.44
0.44
176.30
167.20
158.30
149.00
139.50
130.70
121.90
113.70
106.60
100.10
94.59
90.38
86.61
83.19
80.24
77.60
75.21
73.01
70.96
69.09
67.19
65.39
63.65
62.03
60.52
59.07
57.77
56.59
55.50
54.59
53.82
53.27
52.85
52.66
52.65
52.65
52.75
52.91
53.12
53.21
53.41
53.51
53.65
53.84
53.93
54.09
54.14
54.27
54.34
54.37
54.46
54.43
54.43
54.30
54.17
53.97
53.81
53.53
53.30
52.92
52.66
52.30
51.96
51.52
51.10
50.76
50.36
49.78
49.23
48.55
47.84
47.02
46.11
45.11
43.96
42.74
41.39
40.01
38.46
36.82
35.23
33.56
31.88
30.22
28.62
27.00
25.48
24.08
22.74
21.55
20.41
19.37
18.39
17.49
16.67
15.93
15.23
14.63
14.04
13.47
12.95
12.44
11.97
11.53
11.11
10.69
10.26
9.88
9.50
9.16
8.83
8.50
8.19
7.91
7.63
7.35
7.09
6.83
6.59
6.35
6.11
5.89
5.67
5.46
5.24
5.03
4.84
4.64
4.44
4.25
4.06
3.87
3.68
3.49
3.31
3.12
2.94
2.76
2.59
2.42
2.25
2.09
1.94
1.78
1.63
1.50
1.39
1.30
1.20
1.10
1.01
0.93
0.85
0.78
0.71
0.65
0.60
0.55
0.49
0.46
0.46
0.46
0.46
0.46
0.46
0.46
0.45
0.45
0.45
0.45
0.44
0.44
0.43
0.43
0.43
0.43
0.42
0.42
0.42
0.41
0.41
175.70
168.20
160.50
152.80
145.00
136.90
129.30
122.20
116.00
110.10
105.30
101.10
98.01
95.11
92.94
90.51
88.39
86.27
84.27
82.26
80.19
78.42
76.61
74.94
73.28
71.76
70.28
68.73
67.36
66.14
64.95
63.83
62.71
61.80
60.86
60.09
59.35
58.84
58.45
58.18
58.01
57.82
57.76
57.64
57.55
57.34
57.26
57.11
56.99
56.81
56.72
56.61
56.48
56.32
56.16
55.94
55.76
55.50
55.19
54.87
54.55
54.28
53.86
53.61
53.22
52.81
52.35
51.80
51.24
50.61
50.04
49.23
48.48
47.52
46.51
45.42
44.19
42.90
41.48
40.02
38.42
36.74
35.08
33.39
31.63
29.90
28.25
26.68
25.17
23.80
22.52
21.36
20.26
19.22
18.29
17.44
16.64
15.92
15.26
14.64
14.08
13.57
12.98
12.43
11.91
11.42
10.99
10.58
10.19
9.82
9.46
9.13
8.81
8.51
8.22
7.93
7.66
7.40
7.14
6.89
6.65
6.43
6.19
5.97
5.74
5.52
5.31
5.09
4.88
4.66
4.45
4.24
4.03
3.83
3.64
3.46
3.27
3.07
2.89
2.71
2.52
2.34
2.16
1.99
1.82
1.66
1.50
1.35
1.20
1.06
0.93
0.81
0.68
0.54
0.48
0.47
0.46
0.44
0.44
0.43
0.43
0.43
0.43
0.42
0.42
0.42
0.41
0.41
0.41
0.41
0.41
0.40
0.40
0.39
0.39
0.39
0.39
0.39
0.39
0.39
0.38
175.90
170.50
165.00
159.30
153.40
147.40
141.80
136.60
131.70
127.50
124.00
120.70
118.00
115.50
113.20
111.00
109.10
107.80
106.30
104.90
103.40
102.10
100.50
99.03
97.74
96.45
95.07
93.84
92.81
91.74
90.94
90.17
89.57
89.03
88.49
87.97
87.38
86.73
86.19
85.42
84.73
84.04
83.28
82.50
81.74
81.02
80.36
79.64
79.12
78.47
77.97
77.27
76.70
76.11
75.39
74.71
74.18
73.52
72.92
72.27
71.53
70.90
70.24
69.59
68.83
68.14
67.40
66.43
65.52
64.54
63.50
62.26
61.09
59.56
58.07
56.41
54.67
52.71
50.75
48.59
46.48
44.24
41.96
39.69
37.38
35.26
33.12
31.11
29.25
27.47
25.84
24.38
22.98
21.71
20.53
19.48
18.49
17.63
16.82
16.02
15.28
14.65
14.03
13.45
12.90
12.36
11.84
11.35
10.91
10.50
10.10
9.73
9.37
9.04
8.71
8.40
8.11
7.83
7.54
7.28
7.02
6.78
6.54
6.31
6.07
5.85
5.64
5.41
5.20
5.00
4.79
4.59
4.38
4.19
3.99
3.79
3.59
3.40
3.20
3.02
2.84
2.66
2.49
2.31
2.14
1.98
1.82
1.69
1.55
1.42
1.29
1.17
1.06
0.95
0.84
0.75
0.66
0.55
0.46
0.44
0.42
0.41
0.39
0.38
0.38
0.38
0.37
0.37
0.36
0.36
0.36
0.36
0.36
0.36
0.36
0.36
0.36
0.36
0.36
0.36
0.36
175.80
172.80
169.70
166.40
162.90
159.30
155.60
152.40
150.40
148.60
146.70
145.60
144.40
143.40
142.80
142.20
141.80
140.80
140.20
139.90
139.40
138.90
138.40
138.50
138.00
138.00
138.40
138.90
139.70
141.00
142.40
143.80
145.50
146.90
148.50
149.90
151.30
152.90
153.70
154.60
155.60
156.30
156.90
157.70
157.90
158.60
159.20
159.60
159.70
159.90
160.20
160.60
161.00
161.10
161.10
161.40
161.20
161.30
161.40
161.00
160.90
160.30
159.60
158.80
157.90
156.60
154.90
152.70
150.60
147.80
144.60
141.00
137.00
132.50
127.70
122.20
116.10
110.00
103.80
97.07
90.36
83.87
77.29
70.73
64.78
58.84
53.45
48.46
43.96
39.93
36.24
33.01
30.09
27.54
25.24
23.24
21.50
19.91
18.54
17.33
16.23
15.31
14.44
13.66
12.99
12.34
11.72
11.12
10.60
10.14
9.71
9.32
8.96
8.62
8.32
8.02
7.76
7.50
7.24
7.01
6.79
6.56
6.36
6.17
5.97
5.78
5.59
5.40
5.22
5.04
4.86
4.69
4.53
4.36
4.19
4.02
3.86
3.68
3.51
3.35
3.17
3.02
2.85
2.70
2.55
2.40
2.24
2.10
1.95
1.81
1.66
1.52
1.39
1.26
1.13
1.01
0.89
0.79
0.68
0.56
0.46
0.44
0.43
0.40
0.38
0.38
0.37
0.37
0.37
0.36
0.36
0.36
0.35
0.35
0.35
0.35
0.34
0.34
0.34
0.34
0.35
