SALVI
1
0
24
15.0
181
1.0
250310 OCH 5050 350 F151 PMMA SC
250310 OCH 5050 F151 PMMA SC

250310-OCH-5050-F151-PMMA-SC.ldt
03-04-2025/TB
440
440
720
280
280
0
0
0
0
98.28
100.00
1.00
0.00
1
1
5050x18LED
4848.90
3000
70
39.30
0.20
0.27
0.35
0.42
0.48
0.57
0.62
0.68
0.74
0.79
0.00
15.00
30.00
45.00
60.00
75.00
90.00
105.00
120.00
135.00
150.00
165.00
180.00
195.00
210.00
225.00
240.00
255.00
270.00
285.00
300.00
315.00
330.00
345.00
0.00
1.00
2.00
3.00
4.00
5.00
6.00
7.00
8.00
9.00
10.00
11.00
12.00
13.00
14.00
15.00
16.00
17.00
18.00
19.00
20.00
21.00
22.00
23.00
24.00
25.00
26.00
27.00
28.00
29.00
30.00
31.00
32.00
33.00
34.00
35.00
36.00
37.00
38.00
39.00
40.00
41.00
42.00
43.00
44.00
45.00
46.00
47.00
48.00
49.00
50.00
51.00
52.00
53.00
54.00
55.00
56.00
57.00
58.00
59.00
60.00
61.00
62.00
63.00
64.00
65.00
66.00
67.00
68.00
69.00
70.00
71.00
72.00
73.00
74.00
75.00
76.00
77.00
78.00
79.00
80.00
81.00
82.00
83.00
84.00
85.00
86.00
87.00
88.00
89.00
90.00
91.00
92.00
93.00
94.00
95.00
96.00
97.00
98.00
99.00
100.00
101.00
102.00
103.00
104.00
105.00
106.00
107.00
108.00
109.00
110.00
111.00
112.00
113.00
114.00
115.00
116.00
117.00
118.00
119.00
120.00
121.00
122.00
123.00
124.00
125.00
126.00
127.00
128.00
129.00
130.00
131.00
132.00
133.00
134.00
135.00
136.00
137.00
138.00
139.00
140.00
141.00
142.00
143.00
144.00
145.00
146.00
147.00
148.00
149.00
150.00
151.00
152.00
153.00
154.00
155.00
156.00
157.00
158.00
159.00
160.00
161.00
162.00
163.00
164.00
165.00
166.00
167.00
168.00
169.00
170.00
171.00
172.00
173.00
174.00
175.00
176.00
177.00
178.00
179.00
180.00
128.80
155.10
172.70
182.50
176.60
136.40
129.40
126.60
116.50
114.10
131.60
135.40
136.50
142.40
135.20
149.70
145.30
164.60
162.00
189.40
190.00
197.90
192.60
215.90
196.30
201.60
210.60
203.00
231.00
223.40
241.10
266.00
271.30
286.20
293.30
299.90
301.10
305.80
313.70
319.80
319.30
321.70
323.00
326.80
321.50
324.90
324.90
324.00
326.20
332.00
331.90
329.20
333.10
336.90
344.40
349.40
357.80
369.60
375.80
385.40
396.40
405.40
411.30
417.30
423.20
426.10
428.80
428.10
424.90
421.40
415.40
405.70
396.40
380.80
363.10
344.90
312.70
279.00
246.80
212.70
180.80
147.80
119.90
90.99
64.02
41.63
38.32
37.88
37.91
37.44
36.37
35.45
30.58
24.49
18.90
13.34
7.39
4.19
4.18
4.32
4.31
4.35
4.24
3.76
3.22
2.81
2.26
1.79
1.64
1.58
1.55
1.52
1.50
1.54
1.62
1.84
2.16
2.33
2.47
2.65
2.83
3.12
3.15
3.46
3.60
3.77
4.02
4.33
4.40
4.28
4.45
4.33
4.02
3.73
3.64
3.21
2.91
2.43
2.22
2.08
1.80
1.45
1.21
1.16
1.07
1.04
1.08
1.13
1.25
1.64
1.77
2.46
2.79
3.21
3.18
3.07
2.34
1.67
1.18
0.85
0.50
0.41
0.40
0.37
0.34
0.32
0.32
0.32
0.32
0.32
0.32
0.31
0.31
0.31
0.31
0.31
0.31
0.31
0.31
0.32
0.32
128.30
155.30
174.50
179.30
174.20
148.40
159.40
162.80
156.00
151.70
150.50
144.70
160.60
170.70
173.20
195.50
203.80
196.70
217.10
223.60
224.90
243.90
245.00
226.70
233.70
234.30
259.70
284.30
262.00
288.50
301.60
317.90
368.70
369.10
388.20
390.60
413.00
420.90
425.80
433.50
445.80
456.70
462.50
473.90
477.70
488.90
495.70
506.10
515.30
525.70
535.00
546.90
560.50
573.50
582.80
597.80
611.40
628.50
647.30
670.40
695.30
712.20
734.10
755.20
775.80
785.30
793.90
796.40
795.40
792.20
788.20
783.00
769.80
747.60
698.90
617.40
518.20
425.40
340.20
273.20
217.70
176.90
142.60
113.00
86.28
61.49
55.84
55.74
55.29
53.93
53.96
50.15
42.97
32.31
23.29
14.71
6.99
4.30
4.16
3.72
3.52
3.31
2.95
2.62
2.32
1.90
1.45
1.32
1.24
1.19
1.17
1.15
1.16
1.17
1.19
1.31
1.65
1.78
2.06
2.33
2.58
2.99
3.19
3.24
3.43
3.47
3.68
3.84
3.88
3.75
3.53
3.34
3.07
3.25
2.96
2.52
2.58
2.66
2.09
1.69
1.47
1.10
0.89
0.90
0.92
0.95
1.01
1.17
1.58
2.25
3.09
3.27
3.54
3.58
3.08
3.37
2.40
1.26
0.97
0.79
0.49
0.40
0.37
0.32
0.30
0.30
0.30
0.31
0.31
0.31
0.31
0.32
0.32
0.33
0.33
0.33
0.34
0.34
0.35
0.35
0.35
127.60
156.80
184.10
190.60
175.70
155.50
169.30
172.40
177.90
176.50
193.40
202.60
197.90
209.00
236.70
247.90
261.00
282.10
277.90
272.90
268.00
271.40
266.50
282.50
264.60
245.80
255.10
261.00
257.80
305.40
311.40
322.00
333.00
337.30
355.90
356.30
356.80
361.10
373.00
379.20
383.80
385.70
398.20
405.00
402.70
405.10
406.90
413.90
422.70
427.30
426.30
429.50
434.00
459.00
465.00
473.40
484.70
487.50
499.90
509.30
519.00
530.20
537.90
541.50
538.30
528.10
513.70
503.30
484.50
459.00
438.20
412.80
389.40
361.50
319.70
280.80
246.60
215.40
183.70
161.80
132.30
103.30
78.63
61.64
48.89
36.46
32.28
30.74
29.59
28.28
27.07
23.53
18.66
15.25
11.54
7.98
7.36
4.96
3.47
2.15
1.83
1.64
1.55
1.50
1.44
1.39
1.34
1.30
1.28
1.27
1.27
1.25
1.22
1.19
1.17
1.14
1.13
1.09
1.08
1.08
1.09
1.12
1.26
1.39
1.57
1.66
1.59
1.66
1.72
1.86
2.05
2.01
1.90
1.84
1.71
1.66
1.54
1.26
1.17
0.98
0.85
0.81
0.79
0.78
0.82
0.96
1.25
1.81
2.49
3.28
2.67
2.52
2.31
2.08
1.18
0.89
0.56
0.36
0.27
0.27
0.27
0.27
0.26
0.26
0.26
0.26
0.26
0.26
0.27
0.27
0.28
0.28
0.30
0.30
0.31
0.31
0.32
0.33
0.34
0.35
0.35
127.60
156.30
180.10
194.00
173.10
156.50
156.10
141.90
166.10
193.20
207.00
228.80
251.40
261.00
281.90
277.20
278.90
272.50
270.20
260.30
290.40
309.80
319.00
311.20
302.50
300.20
280.70
290.20
291.80
299.90
308.20
333.70
342.70
333.10
356.60
354.30
341.80
353.50
355.20
352.50
357.00
364.00
369.20
364.80
360.70
351.30
340.50
335.30
324.60
309.00
298.80
289.20
278.30
270.80
255.40
245.10
232.00
214.60
193.80
176.70
162.00
151.20
141.30
131.60
123.20
114.80
107.10
98.82
91.88
85.69
78.67
71.46
64.50
58.13
52.89
47.85
43.44
40.53
36.77
31.75
26.61
23.51
19.92
15.24
10.89
8.15
6.96
6.45
6.11
5.82
5.60
5.21
4.56
4.07
3.52
2.92
2.48
2.12
1.85
1.71
1.56
1.49
1.41
1.34
1.31
1.29
1.25
1.19
1.16
1.13
1.08
1.04
1.00
0.97
0.96
0.94
0.92
0.91
0.90
0.89
0.91
0.91
0.88
0.87
0.88
0.88
0.87
0.86
0.83
0.81
0.79
0.80
0.80
0.78
0.76
0.75
0.76
0.78
0.75
0.75
0.73
0.73
0.74
0.75
0.75
0.75
0.76
0.83
1.02
1.11
1.10
0.62
0.33
0.22
0.20
0.20
0.20
0.21
0.21
0.21
0.22
0.22
0.23
0.23
0.24
0.24
0.25
0.26
0.27
0.28
0.29
0.30
0.31
0.32
0.33
0.34
0.35
0.36
0.37
0.37
0.37
127.50
155.30
189.50
209.30
171.70
162.60
177.10
203.40
200.20
190.80
221.40
230.80
242.70
271.80
282.60
265.20
278.80
282.30
301.90
308.80
324.80
334.00
330.50
336.20
331.70
314.60
322.30
318.00
317.80
319.20
338.20
341.10
343.10
343.00
354.70
355.90
359.90
340.10
331.60
316.40
302.00
293.10
281.40
270.80
265.10
261.60
241.30
213.20
188.00
173.00
161.80
153.50
145.00
140.40
135.90
128.50
119.60
113.40
106.70
101.40
95.83
91.22
85.55
80.86
76.81
72.61
69.89
66.19
62.48
58.76
54.16
49.15
44.88
40.94
37.57
33.99
28.62
25.26
20.83
16.15
14.19
12.18
10.41
8.27
6.41
5.34
4.85
4.85
4.69
4.55
4.44
4.28
3.83
3.55
3.08
2.74
2.45
2.19
1.96
1.66
1.47
1.34
1.25
1.19
1.09
1.03
0.94
0.89
0.87
0.87
0.86
0.85
0.83
0.81
0.81
0.81
0.81
0.80
0.79
0.79
0.79
0.80
0.80
0.80
0.80
0.81
0.81
0.81
0.81
0.82
0.82
0.82
0.82
0.82
0.80
0.78
0.75
0.74
0.70
0.69
0.68
0.68
0.70
0.71
0.75
0.92
1.50
2.17
2.73
2.77
2.41
2.04
2.07
1.68
1.17
0.52
0.23
0.19
0.19
0.19
0.19
0.19
0.19
0.20
0.21
0.22
0.22
0.24
0.24
0.25
0.26
0.27
0.29
0.30
0.32
0.33
0.34
0.35
0.37
0.37
0.39
127.90
152.40
182.90
219.00
200.80
193.40
207.20
208.30
207.40
193.00
208.80
246.30
279.90
289.90
287.60
321.80
327.20
365.60
367.90
352.50
336.10
329.40
350.80
335.10
345.30
358.60
355.10
341.00
333.10
336.60
364.70
365.30
375.10
367.90
368.80
361.20
338.30
325.40
317.40
309.40
296.60
275.60
251.10
237.80
217.60
200.00
190.40
179.20
169.60
164.60
155.60
150.10
145.10
136.10
130.70
124.40
118.10
112.90
108.20
103.10
97.89
94.38
91.66
86.81
81.37
76.05
72.01
67.71
62.06
58.50
54.77
51.38
47.73
43.10
38.07
33.30
29.46
25.14
21.72
18.61
14.72
12.54
9.56
7.41
5.84
4.83
4.47
4.68
4.81
4.85
4.91
4.47
3.81
3.30
2.90
2.51
2.09
1.87
1.65
1.48
1.45
1.29
1.22
1.17
1.06
0.95
0.86
0.79
0.74
0.73
0.72
0.72
0.72
0.72
0.73
0.74
0.76
0.78
0.80
0.82
0.83
0.87
0.87
0.87
0.88
0.88
0.88
0.90
0.91
0.91
0.91
0.91
0.91
0.89
0.88
0.86
0.85
0.85
0.79
0.75
0.74
0.72
0.74
0.76
0.81
0.90
1.16
1.63
2.70
3.84
4.33
4.78
4.91
3.81
2.82
2.07
1.82
1.07
0.39
0.22
0.22
0.23
0.24
0.24
0.25
0.26
0.26
0.27
0.28
0.29
0.30
0.31
0.32
0.34
0.35
0.36
0.37
0.38
0.40
0.40
0.40
127.90
159.00
186.50
215.50
211.30
210.30
197.20
181.40
196.90
215.30
264.70
306.20
247.40
221.70
239.80
271.90
339.80
394.30
407.20
405.10
366.20
379.30
397.90
374.50
391.60
382.80
375.20
372.40
367.90
400.50
392.80
394.80
396.20
380.90
379.50
346.10
332.70
320.70
308.50
284.70
264.20
243.10
225.30
213.90
195.60
188.00
178.40
167.20
159.10
149.30
144.40
139.80
133.20
126.50
122.00
114.60
109.40
104.90
99.22
96.18
92.37
87.93
84.33
80.93
75.91
71.29
66.99
63.35
59.71
55.32
52.13
46.65
41.97
37.34
31.01
27.62
24.63
20.12
17.65
15.42
12.36
10.83
9.40
7.27
5.93
5.06
5.37
5.58
5.68
5.81
5.24
4.31
3.46
2.77
2.39
2.00
1.66
1.60
1.64
1.53
1.62
1.58
1.50
1.24
1.20
1.02
0.89
0.93
0.81
0.78
0.75
0.74
0.74
0.74
0.76
0.80
0.83
0.85
0.90
0.94
0.96
0.97
1.02
1.07
1.11
1.13
1.14
1.18
1.19
1.21
1.23
1.23
1.22
1.20
1.14
1.08
1.05
1.01
0.94
0.91
0.87
0.84
0.82
0.83
0.85
0.92
1.09
1.45
2.15
3.71
4.53
5.38
5.97
5.79
4.13
3.59
2.46
1.97
0.73
0.27
0.24
0.24
0.24
0.24
0.25
0.26
0.27
0.27
0.28
0.29
0.30
0.32
0.32
0.34
0.35
0.36
0.38
0.38
0.40
0.41
0.42
127.90
152.40
182.90
219.00
200.80
193.40
207.20
208.30
207.40
193.00
208.80
246.30
279.90
289.90
287.60
321.80
327.20
365.60
367.90
352.50
336.10
329.40
350.80
335.10
345.30
358.60
355.10
341.00
333.10
336.60
364.70
365.30
375.10
367.90
368.80
361.20
338.30
325.40
317.40
309.40
296.60
275.60
251.10
237.80
217.60
200.00
190.40
179.20
169.60
164.60
155.60
150.10
145.10
136.10
130.70
124.40
118.10
112.90
108.20
103.10
97.89
94.38
91.66
86.81
81.37
76.05
72.01
67.71
62.06
58.50
54.77
51.38
47.73
43.10
38.07
33.30
29.46
25.14
21.72
18.61
14.72
12.54
9.56
7.41
5.84
4.83
4.47
4.68
4.81
4.85
4.91
4.47
3.81
3.30
2.90
2.51
2.09
1.87
1.65
1.48
1.45
1.29
1.22
1.17
1.06
0.95
0.86
0.79
0.74
0.73
0.72
0.72
0.72
0.72
0.73
0.74
0.76
0.78
0.80
0.82
0.83
0.87
0.87
0.87
0.88
0.88
0.88
0.90
0.91
0.91
0.91
0.91
0.91
0.89
0.88
0.86
0.85
0.85
0.79
0.75
0.74
0.72
0.74
0.76
0.81
0.90
1.16
1.63
2.70
3.84
4.33
4.78
4.91
3.81
2.82
2.07
1.82
1.07
0.39
0.22
0.22
0.23
0.24
0.24
0.25
0.26
0.26
0.27
0.28
0.29
0.30
0.31
0.32
0.34
0.35
0.36
0.37
0.38
0.40
0.40
0.40
127.50
155.30
189.50
209.30
171.70
162.60
177.10
203.40
200.20
190.80
221.40
230.80
242.70
271.80
282.60
265.20
278.80
282.30
301.90
308.80
324.80
334.00
330.50
336.20
331.70
314.60
322.30
318.00
317.80
319.20
338.20
341.10
343.10
343.00
354.70
355.90
359.90
340.10
331.60
316.40
302.00
293.10
281.40
270.80
265.10
261.60
241.30
213.20
188.00
173.00
161.80
153.50
145.00
140.40
135.90
128.50
119.60
113.40
106.70
101.40
95.83
91.22
85.55
80.86
76.81
72.61
69.89
66.19
62.48
58.76
54.16
49.15
44.88
40.94
37.57
33.99
28.62
25.26
20.83
16.15
14.19
12.18
10.41
8.27
6.41
5.34
4.85
4.85
4.69
4.55
4.44
4.28
3.83
3.55
3.08
2.74
2.45
2.19
1.96
1.66
1.47
1.34
1.25
1.19
1.09
1.03
0.94
0.89
0.87
0.87
0.86
0.85
0.83
0.81
0.81
0.81
0.81
0.80
0.79
0.79
0.79
0.80
0.80
0.80
0.80
0.81
0.81
0.81
0.81
0.82
0.82
0.82
0.82
0.82
0.80
0.78
0.75
0.74
0.70
0.69
0.68
0.68
0.70
0.71
0.75
0.92
1.50
2.17
2.73
2.77
2.41
2.04
2.07
1.68
1.17
0.52
0.23
0.19
0.19
0.19
0.19
0.19
0.19
0.20
0.21
0.22
0.22
0.24
0.24
0.25
0.26
0.27
0.29
0.30
0.32
0.33
0.34
0.35
0.37
0.37
0.39
127.60
156.30
180.10
194.00
173.10
156.50
156.10
141.90
166.10
193.20
207.00
228.80
251.40
261.00
281.90
277.20
278.90
272.50
270.20
260.30
290.40
309.80
319.00
311.20
302.50
300.20
280.70
290.20
291.80
299.90
308.20
333.70
342.70
333.10
356.60
354.30
341.80
353.50
355.20
352.50
357.00
364.00
369.20
364.80
360.70
351.30
340.50
335.30
324.60
309.00
298.80
289.20
278.30
270.80
255.40
245.10
232.00
214.60
193.80
176.70
162.00
151.20
141.30
131.60
123.20
114.80
107.10
98.82
91.88
85.69
78.67
71.46
64.50
58.13
52.89
47.85
43.44
40.53
36.77
31.75
26.61
23.51
19.92
15.24
10.89
8.15
6.96
6.45
6.11
5.82
5.60
5.21
4.56
4.07
3.52
2.92
2.48
2.12
1.85
1.71
1.56
1.49
1.41
1.34
1.31
1.29
1.25
1.19
1.16
1.13
1.08
1.04
1.00
0.97
0.96
0.94
0.92
0.91
0.90
0.89
0.91
0.91
0.88
0.87
0.88
0.88
0.87
0.86
0.83
0.81
0.79
0.80
0.80
0.78
0.76
0.75
0.76
0.78
0.75
0.75
0.73
0.73
0.74
0.75
0.75
0.75
0.76
0.83
1.02
1.11
1.10
0.62
0.33
0.22
0.20
0.20
0.20
0.21
0.21
0.21
0.22
0.22
0.23
0.23
0.24
0.24
0.25
0.26
0.27
0.28
0.29
0.30
0.31
0.32
0.33
0.34
0.35
0.36
0.37
0.37
0.37
127.60
156.80
184.10
190.60
175.70
155.50
169.30
172.40
177.90
176.50
193.40
202.60
197.90
209.00
236.70
247.90
261.00
282.10
277.90
272.90
268.00
271.40
266.50
282.50
264.60
245.80
255.10
261.00
257.80
305.40
311.40
322.00
333.00
337.30
355.90
356.30
356.80
361.10
373.00
379.20
383.80
385.70
398.20
405.00
402.70
405.10
406.90
413.90
422.70
427.30
426.30
429.50
434.00
459.00
465.00
473.40
484.70
487.50
499.90
509.30
519.00
530.20
537.90
541.50
538.30
528.10
513.70
503.30
484.50
459.00
438.20
412.80
389.40
361.50
319.70
280.80
246.60
215.40
183.70
161.80
132.30
103.30
78.63
61.64
48.89
36.46
32.28
30.74
29.59
28.28
27.07
23.53
18.66
15.25
11.54
7.98
7.36
4.96
3.47
2.15
1.83
1.64
1.55
1.50
1.44
1.39
1.34
1.30
1.28
1.27
1.27
1.25
1.22
1.19
1.17
1.14
1.13
1.09
1.08
1.08
1.09
1.12
1.26
1.39
1.57
1.66
1.59
1.66
1.72
1.86
2.05
2.01
1.90
1.84
1.71
1.66
1.54
1.26
1.17
0.98
0.85
0.81
0.79
0.78
0.82
0.96
1.25
1.81
2.49
3.28
2.67
2.52
2.31
2.08
1.18
0.89
0.56
0.36
0.27
0.27
0.27
0.27
0.26
0.26
0.26
0.26
0.26
0.26
0.27
0.27
0.28
0.28
0.30
0.30
0.31
0.31
0.32
0.33
0.34
0.35
0.35
128.30
155.30
174.50
179.30
174.20
148.40
159.40
162.80
156.00
151.70
150.50
144.70
160.60
170.70
173.20
195.50
203.80
196.70
217.10
223.60
224.90
243.90
245.00
226.70
233.70
234.30
259.70
284.30
262.00
288.50
301.60
317.90
368.70
369.10
388.20
390.60
413.00
420.90
425.80
433.50
445.80
456.70
462.50
473.90
477.70
488.90
495.70
506.10
515.30
525.70
535.00
546.90
560.50
573.50
582.80
597.80
611.40
628.50
647.30
670.40
695.30
712.20
734.10
755.20
775.80
785.30
793.90
796.40
795.40
792.20
788.20
783.00
769.80
747.60
698.90
617.40
518.20
425.40
340.20
273.20
217.70
176.90
142.60
113.00
86.28
61.49
55.84
55.74
55.29
53.93
53.96
50.15
42.97
32.31
23.29
14.71
6.99
4.30
4.16
3.72
3.52
3.31
2.95
2.62
2.32
1.90
1.45
1.32
1.24
1.19
1.17
1.15
1.16
1.17
1.19
1.31
1.65
1.78
2.06
2.33
2.58
2.99
3.19
3.24
3.43
3.47
3.68
3.84
3.88
3.75
3.53
3.34
3.07
3.25
2.96
2.52
2.58
2.66
2.09
1.69
1.47
1.10
0.89
0.90
0.92
0.95
1.01
1.17
1.58
2.25
3.09
3.27
3.54
3.58
3.08
3.37
2.40
1.26
0.97
0.79
0.49
0.40
0.37
0.32
0.30
0.30
0.30
0.31
0.31
0.31
0.31
0.32
0.32
0.33
0.33
0.33
0.34
0.34
0.35
0.35
0.35
128.80
155.10
172.70
182.50
176.60
136.40
129.40
126.60
116.50
114.10
131.60
135.40
136.50
142.40
135.20
149.70
145.30
164.60
162.00
189.40
190.00
197.90
192.60
215.90
196.30
201.60
210.60
203.00
231.00
223.40
241.10
266.00
271.30
286.20
293.30
299.90
301.10
305.80
313.70
319.80
319.30
321.70
323.00
326.80
321.50
324.90
324.90
324.00
326.20
332.00
331.90
329.20
333.10
336.90
344.40
349.40
357.80
369.60
375.80
385.40
396.40
405.40
411.30
417.30
423.20
426.10
428.80
428.10
424.90
421.40
415.40
405.70
396.40
380.80
363.10
344.90
312.70
279.00
246.80
212.70
180.80
147.80
119.90
90.99
64.02
41.63
38.32
37.88
37.91
37.44
36.37
35.45
30.58
24.49
18.90
13.34
7.39
4.19
4.18
4.32
4.31
4.35
4.24
3.76
3.22
2.81
2.26
1.79
1.64
1.58
1.55
1.52
1.50
1.54
1.62
1.84
2.16
2.33
2.47
2.65
2.83
3.12
3.15
3.46
3.60
3.77
4.02
4.33
4.40
4.28
4.45
4.33
4.02
3.73
3.64
3.21
2.91
2.43
2.22
2.08
1.80
1.45
1.21
1.16
1.07
1.04
1.08
1.13
1.25
1.64
1.77
2.46
2.79
3.21
3.18
3.07
2.34
1.67
1.18
0.85
0.50
0.41
0.40
0.37
0.34
0.32
0.32
0.32
0.32
0.32
0.32
0.31
0.31
0.31
0.31
0.31
0.31
0.31
0.31
0.32
0.32
128.30
147.10
172.70
180.60
173.30
126.90
115.70
111.80
105.00
98.58
100.70
95.25
98.05
109.70
112.10
115.00
121.50
113.40
111.20
116.20
115.60
120.30
119.10
109.40
112.50
109.30
115.10
118.10
108.90
114.50
120.10
132.50
144.00
139.80
137.00
137.70
137.20
137.80
138.80
139.30
140.30
139.00
141.50
142.70
142.10
142.80
138.90
136.00
133.20
131.30
128.70
126.20
124.90
124.50
123.20
120.90
119.50
117.30
116.40
115.80
115.90
115.50
116.20
116.70
119.40
119.90
121.10
122.20
122.60
122.60
121.00
121.40
120.20
119.50
117.60
113.80
109.40
95.50
83.52
77.63
70.40
68.33
57.80
47.24
33.46
23.08
17.51
17.27
18.00
18.41
18.87
19.01
18.22
17.58
16.46
15.08
13.88
10.86
9.02
6.95
5.27
3.61
3.20
3.03
2.94
2.86
2.56
2.22
1.89
1.59
1.44
1.42
1.41
1.40
1.38
1.37
1.37
1.39
1.42
1.47
1.50
1.54
1.60
1.63
1.61
1.64
1.65
1.67
1.72
1.76
1.73
1.72
1.89
1.80
1.65
1.69
1.61
1.45
1.39
1.24
1.13
1.06
1.00
0.99
0.98
0.98
0.98
1.01
1.05
1.23
1.55
1.63
1.69
1.75
1.49
1.36
1.36
0.99
0.80
0.66
0.50
0.47
0.44
0.40
0.38
0.37
0.37
0.36
0.36
0.36
0.35
0.35
0.34
0.34
0.34
0.34
0.34
0.34
0.34
0.34
0.34
127.60
140.40
159.30
163.50
152.60
125.30
98.53
107.90
110.30
99.64
88.25
82.94
82.37
77.14
77.29
81.30
79.75
76.13
73.07
69.83
67.31
70.48
67.48
65.59
73.60
63.83
62.10
57.60
54.66
56.87
56.91
57.73
57.27
55.00
57.02
56.70
58.34
55.34
56.24
53.18
51.46
48.48
47.64
44.63
43.03
41.36
39.81
38.57
37.61
36.97
37.90
38.60
37.67
37.70
37.77
38.10
37.80
38.00
37.45
37.67
37.45
37.31
37.14
36.94
37.70
38.09
38.01
38.08
38.19
39.88
39.93
39.47
39.61
39.83
39.33
39.27
39.17
39.13
38.07
35.91
34.60
32.70
30.70
29.12
26.69
23.63
20.63
17.63
16.40
16.06
15.56
14.89
13.61
11.88
10.96
10.25
9.53
8.66
7.20
6.04
4.92
3.58
2.75
2.30
2.22
2.07
1.90
1.85
1.81
1.81
1.83
1.90
1.95
2.02
2.05
1.99
1.98
2.02
1.98
1.99
1.95
1.93
1.88
1.83
1.83
1.78
1.75
1.69
1.63
1.60
1.51
1.39
1.36
1.31
1.19
1.15
1.11
1.09
1.05
1.01
0.98
0.94
0.92
0.90
0.89
0.89
0.86
0.87
0.89
0.93
0.96
0.98
0.98
0.89
0.81
0.70
0.61
0.52
0.44
0.43
0.42
0.41
0.39
0.38
0.38
0.38
0.37
0.37
0.36
0.36
0.36
0.36
0.35
0.35
0.35
0.35
0.35
0.35
0.35
0.36
0.36
127.60
138.00
143.20
137.30
128.70
111.10
89.52
82.82
79.77
72.12
70.30
73.79
70.57
70.38
68.22
63.08
57.91
58.43
58.57
51.41
50.72
49.67
49.16
48.69
51.10
45.83
46.37
45.48
39.98
41.77
41.12
42.09
38.26
37.73
35.17
33.02
30.83
29.33
28.40
28.12
28.84
32.44
34.02
35.81
38.18
39.27
41.43
41.69
41.12
42.66
44.57
44.44
45.44
47.03
49.57
50.05
50.58
50.46
51.75
52.67
52.25
51.97
52.87
54.41
54.68
55.00
55.30
54.95
55.75
55.50
54.65
54.66
55.13
56.01
56.07
55.67
54.72
52.86
51.27
49.16
44.47
39.26
34.96
30.23
25.11
19.68
15.45
11.50
9.11
8.68
7.90
7.36
6.83
6.05
5.44
4.72
4.02
3.29
2.61
2.11
1.70
1.51
1.45
1.41
1.40
1.42
1.50
1.66
1.63
1.56
1.58
1.60
1.72
1.73
1.77
1.86
1.90
1.86
1.81
1.70
1.65
1.67
1.62
1.63
1.62
1.54
1.48
1.50
1.37
1.29
1.21
1.09
1.04
1.03
1.03
1.02
1.02
0.99
0.96
0.94
0.93
0.93
0.90
0.86
0.84
0.81
0.79
0.78
0.76
0.73
0.70
0.69
0.61
0.51
0.46
0.44
0.44
0.43
0.43
0.42
0.42
0.42
0.41
0.41
0.41
0.41
0.40
0.40
0.40
0.39
0.39
0.39
0.39
0.38
0.38
0.38
0.38
0.38
0.37
0.38
0.37
127.50
136.30
132.20
129.10
116.90
104.70
81.66
74.40
75.35
63.01
55.78
60.23
58.03
56.62
57.79
56.85
52.92
48.53
47.87
49.47
50.26
47.14
47.34
41.26
38.69
36.60
37.33
36.56
34.62
33.44
30.49
28.54
27.29
30.20
34.10
34.78
40.12
42.68
38.25
39.26
44.31
45.45
48.24
54.45
51.09
46.04
43.87
46.77
47.58
49.36
52.17
52.59
51.53
53.20
56.13
59.37
57.49
56.91
57.71
55.70
54.82
53.19
51.80
50.52
50.54
49.94
49.10
48.87
48.35
47.42
46.88
46.58
45.49
45.16
44.45
42.84
41.46
39.84
37.41
33.87
30.77
28.43
26.50
24.09
20.91
18.27
16.16
14.44
13.91
14.13
12.74
12.26
11.14
10.32
9.30
8.68
8.17
5.90
5.18
4.69
3.13
2.04
1.81
1.68
1.65
1.61
1.58
1.56
1.60
1.59
1.66
1.67
1.74
1.77
1.80
1.79
1.79
1.86
1.85
1.81
1.82
1.85
1.89
1.87
1.94
2.12
2.30
2.37
2.28
2.25
2.32
2.39
2.28
2.16
1.97
1.79
1.60
1.59
1.26
1.24
1.17
0.99
0.93
0.83
0.80
0.76
0.73
0.73
0.74
0.75
0.74
0.73
0.72
0.69
0.64
0.64
0.56
0.48
0.44
0.40
0.40
0.40
0.40
0.40
0.40
0.40
0.40
0.40
0.39
0.39
0.39
0.39
0.39
0.39
0.39
0.39
0.39
0.39
0.39
0.39
0.39
127.90
134.90
122.30
120.50
125.50
113.10
85.75
75.71
69.87
62.39
54.88
50.05
54.07
57.37
52.44
47.59
45.10
48.92
53.63
51.61
52.06
44.80
41.56
40.16
39.15
38.96
39.21
36.31
31.83
29.61
32.11
35.14
38.66
42.68
44.63
44.90
46.16
47.68
49.92
53.14
57.19
56.21
59.20
56.48
54.99
53.09
53.71
57.25
58.71
60.03
61.21
60.67
58.70
58.07
58.01
55.05
52.60
50.67
50.61
48.90
47.01
47.34
48.08
47.75
48.88
49.00
49.84
51.94
54.16
55.69
57.37
57.41
56.65
50.30
43.31
39.18
35.79
33.92
31.96
29.53
27.23
25.06
22.13
19.75
17.01
13.99
11.61
8.82
7.88
7.52
7.14
6.77
6.16
5.39
4.77
4.43
3.78
3.14
2.74
2.43
2.22
2.05
1.96
1.91
1.91
1.81
1.70
1.54
1.45
1.36
1.25
1.23
1.22
1.22
1.22
1.24
1.30
1.36
1.59
1.67
1.84
2.07
2.23
2.38
2.81
2.94
2.84
3.07
3.44
3.72
3.73
3.57
3.41
3.46
3.49
3.34
2.98
2.90
2.94
2.41
1.78
1.35
0.98
0.85
0.83
0.82
0.81
0.81
0.81
0.81
0.83
0.85
0.88
0.90
0.90
0.80
0.74
0.66
0.60
0.50
0.44
0.39
0.39
0.39
0.39
0.39
0.39
0.39
0.39
0.39
0.39
0.39
0.38
0.38
0.39
0.39
0.39
0.39
0.39
0.39
0.40
127.90
136.30
112.10
123.00
118.90
114.40
90.40
82.97
66.00
57.04
57.76
53.33
59.16
59.58
40.42
37.89
45.61
47.22
52.65
55.11
51.03
46.25
44.31
44.79
46.63
44.30
42.57
35.47
30.93
30.21
31.71
35.56
39.92
41.48
43.05
45.45
48.49
53.48
53.24
55.14
54.57
53.55
55.30
61.55
67.31
70.39
74.97
75.64
70.44
65.26
65.34
61.00
60.92
56.96
54.70
52.57
53.04
55.09
51.46
49.70
47.98
48.26
47.15
48.89
49.78
51.92
55.05
59.36
62.78
65.72
67.23
60.08
51.29
42.76
40.04
37.09
34.84
32.67
30.34
27.43
25.63
23.13
20.58
18.11
15.60
12.91
10.00
7.51
6.62
6.22
5.78
5.55
4.81
4.03
3.35
2.69
2.22
1.58
1.36
1.36
1.36
1.38
1.42
1.45
1.45
1.40
1.39
1.34
1.30
1.29
1.29
1.31
1.33
1.37
1.43
1.59
1.69
2.03
2.10
2.38
2.51
2.76
3.06
3.52
3.92
4.24
5.08
5.69
6.16
6.26
6.66
6.85
6.71
6.64
6.59
6.19
4.94
3.89
3.67
3.30
2.66
2.44
1.63
1.17
0.93
0.83
0.84
0.85
0.86
0.88
0.87
0.88
0.90
0.95
1.02
0.93
0.87
0.74
0.66
0.57
0.46
0.39
0.38
0.38
0.38
0.38
0.38
0.39
0.38
0.39
0.39
0.39
0.39
0.39
0.40
0.41
0.41
0.41
0.42
0.42
0.42
127.90
134.90
122.30
120.50
125.50
113.10
85.75
75.71
69.87
62.39
54.88
50.05
54.07
57.37
52.44
47.59
45.10
48.92
53.63
51.61
52.06
44.80
41.56
40.16
39.15
38.96
39.21
36.31
31.83
29.61
32.11
35.14
38.66
42.68
44.63
44.90
46.16
47.68
49.92
53.14
57.19
56.21
59.20
56.48
54.99
53.09
53.71
57.25
58.71
60.03
61.21
60.67
58.70
58.07
58.01
55.05
52.60
50.67
50.61
48.90
47.01
47.34
48.08
47.75
48.88
49.00
49.84
51.94
54.16
55.69
57.37
57.41
56.65
50.30
43.31
39.18
35.79
33.92
31.96
29.53
27.23
25.06
22.13
19.75
17.01
13.99
11.61
8.82
7.88
7.52
7.14
6.77
6.16
5.39
4.77
4.43
3.78
3.14
2.74
2.43
2.22
2.05
1.96
1.91
1.91
1.81
1.70
1.54
1.45
1.36
1.25
1.23
1.22
1.22
1.22
1.24
1.30
1.36
1.59
1.67
1.84
2.07
2.23
2.38
2.81
2.94
2.84
3.07
3.44
3.72
3.73
3.57
3.41
3.46
3.49
3.34
2.98
2.90
2.94
2.41
1.78
1.35
0.98
0.85
0.83
0.82
0.81
0.81
0.81
0.81
0.83
0.85
0.88
0.90
0.90
0.80
0.74
0.66
0.60
0.50
0.44
0.39
0.39
0.39
0.39
0.39
0.39
0.39
0.39
0.39
0.39
0.39
0.38
0.38
0.39
0.39
0.39
0.39
0.39
0.39
0.40
127.50
136.30
132.20
129.10
116.90
104.70
81.66
74.40
75.35
63.01
55.78
60.23
58.03
56.62
57.79
56.85
52.92
48.53
47.87
49.47
50.26
47.14
47.34
41.26
38.69
36.60
37.33
36.56
34.62
33.44
30.49
28.54
27.29
30.20
34.10
34.78
40.12
42.68
38.25
39.26
44.31
45.45
48.24
54.45
51.09
46.04
43.87
46.77
47.58
49.36
52.17
52.59
51.53
53.20
56.13
59.37
57.49
56.91
57.71
55.70
54.82
53.19
51.80
50.52
50.54
49.94
49.10
48.87
48.35
47.42
46.88
46.58
45.49
45.16
44.45
42.84
41.46
39.84
37.41
33.87
30.77
28.43
26.50
24.09
20.91
18.27
16.16
14.44
13.91
14.13
12.74
12.26
11.14
10.32
9.30
8.68
8.17
5.90
5.18
4.69
3.13
2.04
1.81
1.68
1.65
1.61
1.58
1.56
1.60
1.59
1.66
1.67
1.74
1.77
1.80
1.79
1.79
1.86
1.85
1.81
1.82
1.85
1.89
1.87
1.94
2.12
2.30
2.37
2.28
2.25
2.32
2.39
2.28
2.16
1.97
1.79
1.60
1.59
1.26
1.24
1.17
0.99
0.93
0.83
0.80
0.76
0.73
0.73
0.74
0.75
0.74
0.73
0.72
0.69
0.64
0.64
0.56
0.48
0.44
0.40
0.40
0.40
0.40
0.40
0.40
0.40
0.40
0.40
0.39
0.39
0.39
0.39
0.39
0.39
0.39
0.39
0.39
0.39
0.39
0.39
0.39
127.60
138.00
143.20
137.30
128.70
111.10
89.52
82.82
79.77
72.12
70.30
73.79
70.57
70.38
68.22
63.08
57.91
58.43
58.57
51.41
50.72
49.67
49.16
48.69
51.10
45.83
46.37
45.48
39.98
41.77
41.12
42.09
38.26
37.73
35.17
33.02
30.83
29.33
28.40
28.12
28.84
32.44
34.02
35.81
38.18
39.27
41.43
41.69
41.12
42.66
44.57
44.44
45.44
47.03
49.57
50.05
50.58
50.46
51.75
52.67
52.25
51.97
52.87
54.41
54.68
55.00
55.30
54.95
55.75
55.50
54.65
54.66
55.13
56.01
56.07
55.67
54.72
52.86
51.27
49.16
44.47
39.26
34.96
30.23
25.11
19.68
15.45
11.50
9.11
8.68
7.90
7.36
6.83
6.05
5.44
4.72
4.02
3.29
2.61
2.11
1.70
1.51
1.45
1.41
1.40
1.42
1.50
1.66
1.63
1.56
1.58
1.60
1.72
1.73
1.77
1.86
1.90
1.86
1.81
1.70
1.65
1.67
1.62
1.63
1.62
1.54
1.48
1.50
1.37
1.29
1.21
1.09
1.04
1.03
1.03
1.02
1.02
0.99
0.96
0.94
0.93
0.93
0.90
0.86
0.84
0.81
0.79
0.78
0.76
0.73
0.70
0.69
0.61
0.51
0.46
0.44
0.44
0.43
0.43
0.42
0.42
0.42
0.41
0.41
0.41
0.41
0.40
0.40
0.40
0.39
0.39
0.39
0.39
0.38
0.38
0.38
0.38
0.38
0.37
0.38
0.37
127.60
140.40
159.30
163.50
152.60
125.30
98.53
107.90
110.30
99.64
88.25
82.94
82.37
77.14
77.29
81.30
79.75
76.13
73.07
69.83
67.31
70.48
67.48
65.59
73.60
63.83
62.10
57.60
54.66
56.87
56.91
57.73
57.27
55.00
57.02
56.70
58.34
55.34
56.24
53.18
51.46
48.48
47.64
44.63
43.03
41.36
39.81
38.57
37.61
36.97
37.90
38.60
37.67
37.70
37.77
38.10
37.80
38.00
37.45
37.67
37.45
37.31
37.14
36.94
37.70
38.09
38.01
38.08
38.19
39.88
39.93
39.47
39.61
39.83
39.33
39.27
39.17
39.13
38.07
35.91
34.60
32.70
30.70
29.12
26.69
23.63
20.63
17.63
16.40
16.06
15.56
14.89
13.61
11.88
10.96
10.25
9.53
8.66
7.20
6.04
4.92
3.58
2.75
2.30
2.22
2.07
1.90
1.85
1.81
1.81
1.83
1.90
1.95
2.02
2.05
1.99
1.98
2.02
1.98
1.99
1.95
1.93
1.88
1.83
1.83
1.78
1.75
1.69
1.63
1.60
1.51
1.39
1.36
1.31
1.19
1.15
1.11
1.09
1.05
1.01
0.98
0.94
0.92
0.90
0.89
0.89
0.86
0.87
0.89
0.93
0.96
0.98
0.98
0.89
0.81
0.70
0.61
0.52
0.44
0.43
0.42
0.41
0.39
0.38
0.38
0.38
0.37
0.37
0.36
0.36
0.36
0.36
0.35
0.35
0.35
0.35
0.35
0.35
0.35
0.36
0.36
128.30
147.10
172.70
180.60
173.30
126.90
115.70
111.80
105.00
98.58
100.70
95.25
98.05
109.70
112.10
115.00
121.50
113.40
111.20
116.20
115.60
120.30
119.10
109.40
112.50
109.30
115.10
118.10
108.90
114.50
120.10
132.50
144.00
139.80
137.00
137.70
137.20
137.80
138.80
139.30
140.30
139.00
141.50
142.70
142.10
142.80
138.90
136.00
133.20
131.30
128.70
126.20
124.90
124.50
123.20
120.90
119.50
117.30
116.40
115.80
115.90
115.50
116.20
116.70
119.40
119.90
121.10
122.20
122.60
122.60
121.00
121.40
120.20
119.50
117.60
113.80
109.40
95.50
83.52
77.63
70.40
68.33
57.80
47.24
33.46
23.08
17.51
17.27
18.00
18.41
18.87
19.01
18.22
17.58
16.46
15.08
13.88
10.86
9.02
6.95
5.27
3.61
3.20
3.03
2.94
2.86
2.56
2.22
1.89
1.59
1.44
1.42
1.41
1.40
1.38
1.37
1.37
1.39
1.42
1.47
1.50
1.54
1.60
1.63
1.61
1.64
1.65
1.67
1.72
1.76
1.73
1.72
1.89
1.80
1.65
1.69
1.61
1.45
1.39
1.24
1.13
1.06
1.00
0.99
0.98
0.98
0.98
1.01
1.05
1.23
1.55
1.63
1.69
1.75
1.49
1.36
1.36
0.99
0.80
0.66
0.50
0.47
0.44
0.40
0.38
0.37
0.37
0.36
0.36
0.36
0.35
0.35
0.34
0.34
0.34
0.34
0.34
0.34
0.34
0.34
0.34
