SALVI
1
0
24
15.0
181
1.0
250310 OCH 5050 350 F151 PMMA S
250310 OCH 5050 F151 PMMA S

250310-OCH-5050-F151-PMMA-S.ldt
03-04-2025/TB
440
440
720
280
280
0
0
0
0
99.55
100.00
1.00
0.00
1
1
5050x18LED
4706.00
3000
70
39.20
0.24
0.32
0.41
0.48
0.54
0.63
0.68
0.73
0.79
0.83
0.00
15.00
30.00
45.00
60.00
75.00
90.00
105.00
120.00
135.00
150.00
165.00
180.00
195.00
210.00
225.00
240.00
255.00
270.00
285.00
300.00
315.00
330.00
345.00
0.00
1.00
2.00
3.00
4.00
5.00
6.00
7.00
8.00
9.00
10.00
11.00
12.00
13.00
14.00
15.00
16.00
17.00
18.00
19.00
20.00
21.00
22.00
23.00
24.00
25.00
26.00
27.00
28.00
29.00
30.00
31.00
32.00
33.00
34.00
35.00
36.00
37.00
38.00
39.00
40.00
41.00
42.00
43.00
44.00
45.00
46.00
47.00
48.00
49.00
50.00
51.00
52.00
53.00
54.00
55.00
56.00
57.00
58.00
59.00
60.00
61.00
62.00
63.00
64.00
65.00
66.00
67.00
68.00
69.00
70.00
71.00
72.00
73.00
74.00
75.00
76.00
77.00
78.00
79.00
80.00
81.00
82.00
83.00
84.00
85.00
86.00
87.00
88.00
89.00
90.00
91.00
92.00
93.00
94.00
95.00
96.00
97.00
98.00
99.00
100.00
101.00
102.00
103.00
104.00
105.00
106.00
107.00
108.00
109.00
110.00
111.00
112.00
113.00
114.00
115.00
116.00
117.00
118.00
119.00
120.00
121.00
122.00
123.00
124.00
125.00
126.00
127.00
128.00
129.00
130.00
131.00
132.00
133.00
134.00
135.00
136.00
137.00
138.00
139.00
140.00
141.00
142.00
143.00
144.00
145.00
146.00
147.00
148.00
149.00
150.00
151.00
152.00
153.00
154.00
155.00
156.00
157.00
158.00
159.00
160.00
161.00
162.00
163.00
164.00
165.00
166.00
167.00
168.00
169.00
170.00
171.00
172.00
173.00
174.00
175.00
176.00
177.00
178.00
179.00
180.00
169.80
182.80
204.50
227.00
214.40
163.40
151.80
151.60
151.80
158.40
178.50
186.50
193.40
178.70
161.30
190.50
195.10
201.10
225.30
237.20
237.90
252.50
245.40
243.80
259.80
241.50
255.90
260.40
260.30
279.50
286.80
305.60
324.00
331.20
336.40
341.30
345.20
348.50
350.00
351.80
352.60
353.00
353.20
352.40
351.20
350.00
349.00
348.40
347.90
348.30
348.50
349.10
349.80
352.00
356.00
360.40
366.00
372.80
380.10
387.30
393.80
400.60
404.40
406.20
406.20
405.20
402.50
398.30
389.70
377.80
361.80
341.10
314.70
286.60
259.50
231.30
202.30
175.50
148.30
124.90
99.87
77.61
61.49
44.03
23.97
7.86
3.41
2.33
1.62
1.02
0.58
0.49
0.53
0.58
0.65
0.68
0.71
0.73
0.75
0.77
0.79
0.82
0.82
0.83
0.84
0.84
0.84
0.84
0.83
0.83
0.83
0.83
0.83
0.83
0.83
0.83
0.83
0.83
0.83
0.83
0.83
0.83
0.84
0.84
0.84
0.85
0.86
0.87
0.88
0.90
0.91
0.92
0.93
0.91
0.91
0.83
0.79
0.78
0.78
0.78
0.78
0.80
0.82
0.86
0.90
0.94
0.99
1.04
1.09
1.13
1.16
1.19
1.16
1.14
1.13
1.08
0.99
0.95
0.90
0.78
0.55
0.47
0.47
0.46
0.40
0.38
0.38
0.37
0.37
0.37
0.37
0.37
0.37
0.37
0.37
0.37
0.37
0.37
0.37
0.37
0.37
168.30
186.20
205.10
217.00
221.80
172.00
174.20
185.30
191.30
186.00
179.10
170.90
206.80
228.10
231.30
266.80
275.90
262.40
265.40
267.90
266.50
289.10
300.00
264.40
278.50
297.40
293.50
334.60
324.90
327.30
344.50
355.20
396.90
416.20
426.90
437.00
447.40
456.70
466.60
476.60
484.70
492.90
500.30
506.60
512.10
518.60
525.70
531.90
539.80
548.50
557.50
566.80
576.80
588.00
599.90
611.00
626.00
641.30
657.50
675.30
692.60
708.80
725.50
737.60
747.60
753.00
752.00
746.50
737.80
721.90
696.30
664.90
621.60
568.90
488.80
404.60
326.30
254.00
195.10
150.80
116.40
88.47
64.41
46.70
27.27
11.06
5.51
4.15
3.22
2.39
1.74
1.55
1.51
1.48
1.44
1.40
1.35
1.29
1.23
1.16
1.09
1.02
0.96
0.90
0.85
0.80
0.77
0.74
0.72
0.70
0.69
0.68
0.68
0.67
0.67
0.67
0.67
0.67
0.67
0.67
0.67
0.67
0.67
0.68
0.68
0.69
0.70
0.71
0.72
0.73
0.73
0.73
0.71
0.70
0.63
0.62
0.62
0.62
0.62
0.63
0.64
0.65
0.68
0.72
0.76
0.82
0.87
0.92
0.95
0.99
1.02
1.00
0.95
0.91
0.89
0.87
0.86
0.85
0.82
0.60
0.41
0.41
0.41
0.38
0.35
0.35
0.36
0.36
0.36
0.36
0.37
0.37
0.38
0.39
0.39
0.39
0.40
0.41
0.41
0.41
0.41
167.80
191.10
209.80
218.90
209.50
183.10
200.40
220.80
214.70
222.40
230.30
245.90
237.10
262.60
296.20
315.30
326.20
331.60
332.90
319.10
342.70
351.30
340.10
334.50
330.60
315.70
313.80
329.30
312.80
328.30
365.30
365.10
389.30
395.40
399.20
408.00
414.40
419.00
422.60
426.10
429.10
431.10
433.00
434.50
436.00
437.00
438.60
440.60
443.40
447.60
452.00
457.00
462.70
468.60
474.40
479.80
484.80
489.00
494.10
500.10
506.70
513.10
515.10
510.80
500.00
484.60
467.00
446.40
423.70
398.50
368.10
333.80
297.80
251.30
208.60
176.80
156.10
129.90
110.00
83.76
65.25
47.23
31.97
24.31
16.27
7.50
3.92
2.97
2.33
1.72
1.29
1.22
1.18
1.14
1.10
1.06
1.02
0.98
0.94
0.90
0.87
0.83
0.79
0.76
0.73
0.70
0.68
0.66
0.65
0.63
0.62
0.61
0.61
0.60
0.60
0.59
0.59
0.59
0.58
0.58
0.58
0.58
0.58
0.58
0.58
0.59
0.60
0.61
0.62
0.63
0.63
0.62
0.62
0.62
0.62
0.62
0.62
0.63
0.64
0.66
0.69
0.70
0.73
0.76
0.80
0.83
0.85
0.88
0.89
0.84
0.76
0.75
0.72
0.71
0.71
0.72
0.68
0.44
0.32
0.32
0.32
0.32
0.30
0.30
0.30
0.30
0.30
0.31
0.32
0.32
0.33
0.34
0.35
0.36
0.37
0.37
0.39
0.39
0.40
0.40
0.41
167.70
187.40
208.90
227.60
213.70
202.90
194.00
173.00
191.50
205.50
241.60
287.30
323.40
324.40
331.20
314.60
341.90
351.10
341.80
324.70
343.40
348.90
370.80
369.90
391.30
394.50
367.40
334.40
351.70
351.90
363.80
383.60
401.60
403.50
403.50
403.40
403.60
404.60
405.00
404.60
404.40
403.80
402.00
398.00
392.40
384.70
372.70
359.30
344.80
331.00
317.50
305.20
292.60
281.00
270.60
258.70
240.90
218.40
196.30
178.60
164.00
151.20
140.30
130.40
120.80
111.50
103.50
96.00
89.03
81.24
72.36
63.24
54.64
47.76
40.60
33.74
30.15
27.00
24.32
21.61
18.41
15.50
12.04
8.68
5.61
3.14
1.66
1.12
0.74
0.41
0.24
0.25
0.26
0.27
0.27
0.28
0.28
0.28
0.29
0.29
0.29
0.29
0.30
0.30
0.30
0.30
0.31
0.31
0.31
0.31
0.32
0.33
0.33
0.34
0.34
0.35
0.36
0.37
0.37
0.38
0.39
0.40
0.41
0.42
0.43
0.44
0.45
0.46
0.46
0.46
0.47
0.47
0.48
0.50
0.52
0.55
0.58
0.61
0.64
0.67
0.70
0.73
0.77
0.80
0.83
0.85
0.87
0.87
0.87
0.91
0.91
0.76
0.44
0.27
0.24
0.24
0.24
0.24
0.25
0.25
0.26
0.26
0.27
0.27
0.28
0.29
0.30
0.31
0.31
0.33
0.33
0.35
0.36
0.38
0.38
0.40
0.41
0.42
0.43
0.43
0.44
166.50
185.20
210.40
239.70
221.70
194.00
200.80
229.10
232.10
220.80
247.80
268.50
294.00
309.00
335.10
353.70
344.90
343.80
367.10
391.60
391.10
399.30
397.40
397.30
387.90
381.60
387.10
379.60
384.10
386.20
379.60
392.60
396.60
395.10
406.90
403.50
394.50
383.40
370.90
357.30
342.70
328.80
315.70
303.60
291.50
279.10
258.90
232.30
211.50
196.40
184.70
174.90
165.90
157.50
149.90
142.10
135.00
128.20
121.10
114.50
108.10
102.20
96.40
90.20
84.81
80.67
76.22
71.78
65.80
58.51
51.71
46.84
40.74
36.06
31.90
28.17
25.01
21.34
17.25
14.41
12.44
10.47
8.39
6.50
4.62
2.90
1.65
1.20
0.84
0.58
0.47
0.46
0.46
0.45
0.44
0.43
0.42
0.42
0.41
0.40
0.40
0.39
0.38
0.37
0.37
0.36
0.36
0.36
0.35
0.35
0.35
0.36
0.35
0.35
0.35
0.35
0.35
0.35
0.35
0.35
0.36
0.36
0.37
0.38
0.39
0.40
0.41
0.43
0.44
0.45
0.46
0.47
0.48
0.49
0.50
0.52
0.54
0.56
0.59
0.63
0.68
0.73
0.78
0.81
0.84
0.87
0.90
0.92
0.89
0.86
0.85
0.82
0.80
0.80
0.80
0.75
0.38
0.22
0.22
0.22
0.22
0.23
0.23
0.24
0.25
0.26
0.27
0.27
0.29
0.30
0.31
0.32
0.34
0.35
0.36
0.38
0.40
0.41
0.42
0.43
0.44
167.50
172.70
213.60
253.80
244.20
223.00
223.50
236.20
246.80
240.20
240.50
290.20
322.10
355.80
355.90
369.10
389.90
419.30
431.50
445.50
397.50
387.50
380.70
385.10
411.30
396.30
408.70
401.00
385.90
392.70
386.80
408.30
417.70
416.50
408.50
395.20
379.20
364.10
349.00
336.90
325.10
308.60
285.10
262.60
244.70
231.10
218.80
208.00
197.40
188.00
179.00
171.50
164.00
156.00
148.80
141.60
134.50
128.40
122.20
116.20
111.20
106.40
100.90
94.56
88.93
82.91
77.63
71.95
66.51
60.72
53.66
48.02
44.51
39.21
34.60
30.81
26.40
22.96
19.60
16.81
13.91
10.84
8.99
6.75
4.60
2.72
1.58
1.18
0.83
0.57
0.44
0.44
0.43
0.43
0.43
0.42
0.41
0.40
0.39
0.38
0.37
0.37
0.36
0.35
0.35
0.35
0.35
0.35
0.35
0.35
0.35
0.35
0.35
0.36
0.36
0.36
0.37
0.37
0.37
0.38
0.38
0.38
0.39
0.40
0.40
0.41
0.43
0.44
0.45
0.46
0.47
0.47
0.48
0.46
0.46
0.47
0.49
0.50
0.51
0.52
0.54
0.57
0.61
0.66
0.72
0.79
0.85
0.91
0.96
1.01
1.05
1.03
1.03
1.03
1.00
0.99
0.97
0.96
0.58
0.24
0.25
0.26
0.26
0.27
0.28
0.29
0.30
0.31
0.32
0.33
0.34
0.35
0.37
0.38
0.40
0.41
0.43
0.44
0.45
0.46
0.46
165.80
174.10
217.90
243.40
243.80
249.80
234.20
221.20
222.90
246.70
288.70
355.20
349.10
291.80
291.30
311.60
371.80
438.00
509.00
470.50
458.70
424.20
425.40
470.60
429.50
446.50
431.10
418.60
442.40
431.00
451.50
457.00
448.80
432.90
414.90
397.20
380.00
363.70
346.80
327.50
302.90
278.70
258.30
242.00
228.30
217.10
206.70
196.50
187.30
178.60
171.00
163.30
155.80
149.00
141.70
134.80
128.00
122.10
116.90
111.70
106.30
101.20
96.32
90.53
85.04
79.98
75.26
70.37
63.82
57.25
52.55
45.90
40.86
34.20
29.67
25.95
24.26
21.39
17.90
14.92
12.62
10.94
8.77
6.98
4.50
2.34
1.27
0.86
0.52
0.31
0.23
0.23
0.23
0.24
0.26
0.26
0.27
0.27
0.28
0.29
0.29
0.30
0.31
0.31
0.32
0.32
0.33
0.33
0.33
0.33
0.34
0.34
0.34
0.34
0.34
0.35
0.36
0.36
0.36
0.36
0.37
0.37
0.37
0.38
0.38
0.39
0.41
0.42
0.43
0.44
0.46
0.47
0.48
0.49
0.49
0.47
0.47
0.49
0.50
0.52
0.55
0.58
0.61
0.67
0.73
0.81
0.89
0.96
1.02
1.08
1.13
1.17
1.17
1.17
1.15
1.10
1.08
1.05
0.97
0.44
0.26
0.26
0.26
0.27
0.28
0.29
0.29
0.31
0.32
0.32
0.33
0.35
0.36
0.38
0.39
0.41
0.43
0.44
0.46
0.46
0.47
167.50
172.70
213.60
253.80
244.20
223.00
223.50
236.20
246.80
240.20
240.50
290.20
322.10
355.80
355.90
369.10
389.90
419.30
431.50
445.50
397.50
387.50
380.70
385.10
411.30
396.30
408.70
401.00
385.90
392.70
386.80
408.30
417.70
416.50
408.50
395.20
379.20
364.10
349.00
336.90
325.10
308.60
285.10
262.60
244.70
231.10
218.80
208.00
197.40
188.00
179.00
171.50
164.00
156.00
148.80
141.60
134.50
128.40
122.20
116.20
111.20
106.40
100.90
94.56
88.93
82.91
77.63
71.95
66.51
60.72
53.66
48.02
44.51
39.21
34.60
30.81
26.40
22.96
19.60
16.81
13.91
10.84
8.99
6.75
4.60
2.72
1.58
1.18
0.83
0.57
0.44
0.44
0.43
0.43
0.43
0.42
0.41
0.40
0.39
0.38
0.37
0.37
0.36
0.35
0.35
0.35
0.35
0.35
0.35
0.35
0.35
0.35
0.35
0.36
0.36
0.36
0.37
0.37
0.37
0.38
0.38
0.38
0.39
0.40
0.40
0.41
0.43
0.44
0.45
0.46
0.47
0.47
0.48
0.46
0.46
0.47
0.49
0.50
0.51
0.52
0.54
0.57
0.61
0.66
0.72
0.79
0.85
0.91
0.96
1.01
1.05
1.03
1.03
1.03
1.00
0.99
0.97
0.96
0.58
0.24
0.25
0.26
0.26
0.27
0.28
0.29
0.30
0.31
0.32
0.33
0.34
0.35
0.37
0.38
0.40
0.41
0.43
0.44
0.45
0.46
0.46
166.50
185.20
210.40
239.70
221.70
194.00
200.80
229.10
232.10
220.80
247.80
268.50
294.00
309.00
335.10
353.70
344.90
343.80
367.10
391.60
391.10
399.30
397.40
397.30
387.90
381.60
387.10
379.60
384.10
386.20
379.60
392.60
396.60
395.10
406.90
403.50
394.50
383.40
370.90
357.30
342.70
328.80
315.70
303.60
291.50
279.10
258.90
232.30
211.50
196.40
184.70
174.90
165.90
157.50
149.90
142.10
135.00
128.20
121.10
114.50
108.10
102.20
96.40
90.20
84.81
80.67
76.22
71.78
65.80
58.51
51.71
46.84
40.74
36.06
31.90
28.17
25.01
21.34
17.25
14.41
12.44
10.47
8.39
6.50
4.62
2.90
1.65
1.20
0.84
0.58
0.47
0.46
0.46
0.45
0.44
0.43
0.42
0.42
0.41
0.40
0.40
0.39
0.38
0.37
0.37
0.36
0.36
0.36
0.35
0.35
0.35
0.36
0.35
0.35
0.35
0.35
0.35
0.35
0.35
0.35
0.36
0.36
0.37
0.38
0.39
0.40
0.41
0.43
0.44
0.45
0.46
0.47
0.48
0.49
0.50
0.52
0.54
0.56
0.59
0.63
0.68
0.73
0.78
0.81
0.84
0.87
0.90
0.92
0.89
0.86
0.85
0.82
0.80
0.80
0.80
0.75
0.38
0.22
0.22
0.22
0.22
0.23
0.23
0.24
0.25
0.26
0.27
0.27
0.29
0.30
0.31
0.32
0.34
0.35
0.36
0.38
0.40
0.41
0.42
0.43
0.44
167.70
187.40
208.90
227.60
213.70
202.90
194.00
173.00
191.50
205.50
241.60
287.30
323.40
324.40
331.20
314.60
341.90
351.10
341.80
324.70
343.40
348.90
370.80
369.90
391.30
394.50
367.40
334.40
351.70
351.90
363.80
383.60
401.60
403.50
403.50
403.40
403.60
404.60
405.00
404.60
404.40
403.80
402.00
398.00
392.40
384.70
372.70
359.30
344.80
331.00
317.50
305.20
292.60
281.00
270.60
258.70
240.90
218.40
196.30
178.60
164.00
151.20
140.30
130.40
120.80
111.50
103.50
96.00
89.03
81.24
72.36
63.24
54.64
47.76
40.60
33.74
30.15
27.00
24.32
21.61
18.41
15.50
12.04
8.68
5.61
3.14
1.66
1.12
0.74
0.41
0.24
0.25
0.26
0.27
0.27
0.28
0.28
0.28
0.29
0.29
0.29
0.29
0.30
0.30
0.30
0.30
0.31
0.31
0.31
0.31
0.32
0.33
0.33
0.34
0.34
0.35
0.36
0.37
0.37
0.38
0.39
0.40
0.41
0.42
0.43
0.44
0.45
0.46
0.46
0.46
0.47
0.47
0.48
0.50
0.52
0.55
0.58
0.61
0.64
0.67
0.70
0.73
0.77
0.80
0.83
0.85
0.87
0.87
0.87
0.91
0.91
0.76
0.44
0.27
0.24
0.24
0.24
0.24
0.25
0.25
0.26
0.26
0.27
0.27
0.28
0.29
0.30
0.31
0.31
0.33
0.33
0.35
0.36
0.38
0.38
0.40
0.41
0.42
0.43
0.43
0.44
167.80
191.10
209.80
218.90
209.50
183.10
200.40
220.80
214.70
222.40
230.30
245.90
237.10
262.60
296.20
315.30
326.20
331.60
332.90
319.10
342.70
351.30
340.10
334.50
330.60
315.70
313.80
329.30
312.80
328.30
365.30
365.10
389.30
395.40
399.20
408.00
414.40
419.00
422.60
426.10
429.10
431.10
433.00
434.50
436.00
437.00
438.60
440.60
443.40
447.60
452.00
457.00
462.70
468.60
474.40
479.80
484.80
489.00
494.10
500.10
506.70
513.10
515.10
510.80
500.00
484.60
467.00
446.40
423.70
398.50
368.10
333.80
297.80
251.30
208.60
176.80
156.10
129.90
110.00
83.76
65.25
47.23
31.97
24.31
16.27
7.50
3.92
2.97
2.33
1.72
1.29
1.22
1.18
1.14
1.10
1.06
1.02
0.98
0.94
0.90
0.87
0.83
0.79
0.76
0.73
0.70
0.68
0.66
0.65
0.63
0.62
0.61
0.61
0.60
0.60
0.59
0.59
0.59
0.58
0.58
0.58
0.58
0.58
0.58
0.58
0.59
0.60
0.61
0.62
0.63
0.63
0.62
0.62
0.62
0.62
0.62
0.62
0.63
0.64
0.66
0.69
0.70
0.73
0.76
0.80
0.83
0.85
0.88
0.89
0.84
0.76
0.75
0.72
0.71
0.71
0.72
0.68
0.44
0.32
0.32
0.32
0.32
0.30
0.30
0.30
0.30
0.30
0.31
0.32
0.32
0.33
0.34
0.35
0.36
0.37
0.37
0.39
0.39
0.40
0.40
0.41
168.30
186.20
205.10
217.00
221.80
172.00
174.20
185.30
191.30
186.00
179.10
170.90
206.80
228.10
231.30
266.80
275.90
262.40
265.40
267.90
266.50
289.10
300.00
264.40
278.50
297.40
293.50
334.60
324.90
327.30
344.50
355.20
396.90
416.20
426.90
437.00
447.40
456.70
466.60
476.60
484.70
492.90
500.30
506.60
512.10
518.60
525.70
531.90
539.80
548.50
557.50
566.80
576.80
588.00
599.90
611.00
626.00
641.30
657.50
675.30
692.60
708.80
725.50
737.60
747.60
753.00
752.00
746.50
737.80
721.90
696.30
664.90
621.60
568.90
488.80
404.60
326.30
254.00
195.10
150.80
116.40
88.47
64.41
46.70
27.27
11.06
5.51
4.15
3.22
2.39
1.74
1.55
1.51
1.48
1.44
1.40
1.35
1.29
1.23
1.16
1.09
1.02
0.96
0.90
0.85
0.80
0.77
0.74
0.72
0.70
0.69
0.68
0.68
0.67
0.67
0.67
0.67
0.67
0.67
0.67
0.67
0.67
0.67
0.68
0.68
0.69
0.70
0.71
0.72
0.73
0.73
0.73
0.71
0.70
0.63
0.62
0.62
0.62
0.62
0.63
0.64
0.65
0.68
0.72
0.76
0.82
0.87
0.92
0.95
0.99
1.02
1.00
0.95
0.91
0.89
0.87
0.86
0.85
0.82
0.60
0.41
0.41
0.41
0.38
0.35
0.35
0.36
0.36
0.36
0.36
0.37
0.37
0.38
0.39
0.39
0.39
0.40
0.41
0.41
0.41
0.41
169.80
182.80
204.50
227.00
214.40
163.40
151.80
151.60
151.80
158.40
178.50
186.50
193.40
178.70
161.30
190.50
195.10
201.10
225.30
237.20
237.90
252.50
245.40
243.80
259.80
241.50
255.90
260.40
260.30
279.50
286.80
305.60
324.00
331.20
336.40
341.30
345.20
348.50
350.00
351.80
352.60
353.00
353.20
352.40
351.20
350.00
349.00
348.40
347.90
348.30
348.50
349.10
349.80
352.00
356.00
360.40
366.00
372.80
380.10
387.30
393.80
400.60
404.40
406.20
406.20
405.20
402.50
398.30
389.70
377.80
361.80
341.10
314.70
286.60
259.50
231.30
202.30
175.50
148.30
124.90
99.87
77.61
61.49
44.03
23.97
7.86
3.41
2.33
1.62
1.02
0.58
0.49
0.53
0.58
0.65
0.68
0.71
0.73
0.75
0.77
0.79
0.82
0.82
0.83
0.84
0.84
0.84
0.84
0.83
0.83
0.83
0.83
0.83
0.83
0.83
0.83
0.83
0.83
0.83
0.83
0.83
0.83
0.84
0.84
0.84
0.85
0.86
0.87
0.88
0.90
0.91
0.92
0.93
0.91
0.91
0.83
0.79
0.78
0.78
0.78
0.78
0.80
0.82
0.86
0.90
0.94
0.99
1.04
1.09
1.13
1.16
1.19
1.16
1.14
1.13
1.08
0.99
0.95
0.90
0.78
0.55
0.47
0.47
0.46
0.40
0.38
0.38
0.37
0.37
0.37
0.37
0.37
0.37
0.37
0.37
0.37
0.37
0.37
0.37
0.37
0.37
168.30
172.00
203.10
214.80
202.20
153.70
135.00
137.40
134.90
126.80
122.50
113.00
134.80
148.20
152.90
164.80
171.00
160.60
154.10
152.30
150.40
154.70
160.70
150.20
149.30
150.60
146.10
157.20
153.30
149.80
153.50
155.50
166.30
171.90
173.30
174.00
174.60
174.30
173.30
173.00
171.80
171.20
170.20
168.80
167.00
165.20
163.10
160.60
158.10
155.30
152.40
149.70
146.80
143.90
141.10
138.90
136.70
134.10
131.80
129.60
127.70
126.50
125.60
125.50
125.20
124.70
123.70
122.60
121.10
118.20
113.70
109.40
103.80
98.81
92.86
86.12
75.13
64.82
55.13
52.61
53.27
46.34
35.40
26.08
16.28
8.22
4.56
2.95
2.33
1.81
1.42
1.29
1.29
1.28
1.29
1.27
1.25
1.23
1.20
1.17
1.13
1.11
1.07
1.04
1.02
0.99
0.97
0.94
0.92
0.91
0.89
0.88
0.87
0.86
0.85
0.85
0.84
0.83
0.83
0.83
0.82
0.82
0.82
0.82
0.82
0.83
0.84
0.85
0.87
0.88
0.89
0.90
0.91
0.91
0.88
0.86
0.86
0.85
0.85
0.85
0.86
0.87
0.88
0.92
0.95
0.99
1.04
1.07
1.08
1.11
1.12
1.10
1.03
1.00
0.97
0.93
0.91
0.88
0.85
0.66
0.52
0.52
0.51
0.47
0.43
0.43
0.42
0.42
0.42
0.41
0.41
0.40
0.40
0.40
0.40
0.40
0.40
0.40
0.41
0.41
0.41
167.80
171.60
183.10
183.20
179.40
142.70
130.80
140.50
142.10
130.70
121.50
118.30
114.00
109.60
111.20
114.70
113.60
115.70
112.90
106.00
104.20
101.60
99.64
99.46
98.69
96.10
91.99
91.28
88.19
86.20
87.07
84.63
84.54
84.77
84.15
84.61
83.77
82.33
80.36
77.97
75.44
72.87
70.33
67.64
64.84
61.83
59.51
57.73
55.90
54.44
53.24
52.27
51.45
50.75
50.11
49.46
48.82
48.20
47.54
46.69
45.87
45.07
44.23
43.36
42.55
41.66
40.89
40.13
39.52
38.61
37.27
35.93
34.15
32.70
31.19
30.12
28.69
27.06
24.79
23.25
20.98
18.44
16.23
15.04
12.17
8.79
5.45
2.85
2.19
1.82
1.52
1.35
1.34
1.33
1.31
1.29
1.27
1.24
1.21
1.18
1.15
1.11
1.08
1.05
1.01
0.98
0.96
0.94
0.92
0.90
0.89
0.88
0.87
0.87
0.86
0.85
0.84
0.84
0.84
0.84
0.84
0.84
0.85
0.85
0.86
0.87
0.88
0.89
0.90
0.89
0.89
0.87
0.87
0.87
0.86
0.86
0.87
0.87
0.89
0.91
0.94
0.96
1.00
1.02
1.04
1.05
1.05
1.05
1.04
0.95
0.90
0.88
0.85
0.81
0.81
0.80
0.78
0.64
0.52
0.50
0.49
0.46
0.44
0.43
0.43
0.43
0.43
0.42
0.42
0.42
0.41
0.41
0.41
0.41
0.41
0.41
0.41
0.41
0.42
0.42
0.42
167.70
168.40
175.40
169.30
159.10
140.20
120.60
108.60
100.20
95.21
93.10
99.60
107.60
106.20
101.00
90.38
91.03
91.77
90.24
85.60
83.24
80.79
79.28
76.43
79.89
78.91
77.56
73.70
70.69
68.53
66.81
66.04
65.27
64.06
62.06
59.48
56.77
54.77
53.23
52.03
51.38
50.84
50.35
49.88
49.40
48.98
48.65
48.32
48.13
47.91
47.75
47.53
47.14
46.71
46.27
45.79
45.20
44.61
43.98
43.32
42.64
42.04
41.50
40.93
40.44
39.91
39.50
38.90
38.24
37.71
37.15
36.98
37.14
36.71
36.22
34.68
32.79
31.71
29.19
26.31
22.86
20.24
17.72
14.47
12.48
9.65
6.17
1.72
1.09
0.75
0.50
0.41
0.41
0.42
0.43
0.44
0.45
0.45
0.46
0.47
0.48
0.48
0.49
0.49
0.50
0.51
0.52
0.52
0.54
0.54
0.55
0.56
0.58
0.58
0.60
0.61
0.62
0.63
0.64
0.64
0.66
0.66
0.67
0.69
0.70
0.72
0.72
0.73
0.73
0.74
0.74
0.74
0.74
0.74
0.75
0.76
0.78
0.79
0.80
0.81
0.82
0.83
0.84
0.84
0.84
0.85
0.85
0.84
0.81
0.79
0.78
0.78
0.71
0.59
0.52
0.50
0.48
0.48
0.47
0.47
0.47
0.47
0.46
0.46
0.46
0.46
0.46
0.46
0.45
0.45
0.45
0.45
0.44
0.44
0.44
0.44
0.44
0.44
0.43
0.43
0.43
166.50
164.10
167.80
158.40
151.10
125.50
100.30
98.50
98.43
85.20
81.82
88.44
81.68
77.73
83.78
90.42
83.99
79.79
77.34
76.13
78.26
77.16
76.95
73.23
68.89
66.43
63.39
60.70
59.55
57.06
54.28
52.36
50.97
50.73
50.93
51.44
51.87
52.17
52.30
52.44
52.38
52.27
52.21
52.08
51.89
51.25
50.41
49.98
49.51
49.17
48.79
48.31
47.84
47.32
46.65
45.94
45.11
44.31
43.50
42.61
41.83
41.07
40.25
39.58
38.94
38.48
37.92
37.29
36.55
35.77
34.92
34.29
33.47
32.25
30.72
29.09
26.91
24.37
22.05
19.51
17.40
15.34
13.37
11.57
9.74
7.41
4.88
2.93
2.29
1.93
1.65
1.48
1.46
1.43
1.40
1.37
1.34
1.31
1.27
1.24
1.20
1.16
1.12
1.09
1.05
1.02
1.00
0.97
0.95
0.94
0.93
0.92
0.91
0.91
0.90
0.89
0.89
0.89
0.89
0.89
0.89
0.89
0.90
0.90
0.91
0.91
0.92
0.92
0.92
0.92
0.90
0.90
0.84
0.83
0.80
0.78
0.76
0.76
0.76
0.76
0.76
0.76
0.75
0.75
0.75
0.74
0.74
0.74
0.74
0.71
0.66
0.63
0.62
0.59
0.58
0.58
0.58
0.58
0.50
0.45
0.45
0.45
0.45
0.45
0.45
0.45
0.45
0.45
0.45
0.45
0.45
0.45
0.45
0.45
0.45
0.45
0.45
0.45
0.44
0.44
0.44
167.50
158.60
151.60
154.10
159.90
130.80
106.40
97.13
92.20
91.91
82.00
74.12
79.85
84.51
83.85
78.91
76.39
77.20
82.27
82.96
81.03
73.15
68.45
66.30
63.98
63.23
60.78
57.30
54.52
52.00
50.99
51.56
52.78
54.82
56.17
56.72
57.10
57.60
58.44
58.93
59.47
59.10
58.74
58.89
58.81
58.77
58.58
58.63
58.65
58.84
58.92
58.77
58.13
57.06
55.75
54.19
52.74
51.25
49.75
48.30
47.12
46.20
45.67
45.76
46.31
47.31
48.77
50.24
51.52
52.54
52.80
51.32
45.75
38.15
32.62
29.61
27.15
25.14
23.10
20.58
18.57
16.90
15.36
13.46
11.80
9.36
6.37
2.80
2.30
1.94
1.67
1.52
1.49
1.48
1.47
1.46
1.43
1.39
1.35
1.32
1.28
1.24
1.20
1.16
1.12
1.08
1.05
1.02
0.99
0.97
0.95
0.93
0.92
0.90
0.89
0.89
0.88
0.87
0.87
0.86
0.86
0.85
0.85
0.85
0.85
0.85
0.85
0.86
0.87
0.88
0.90
0.90
0.91
0.88
0.86
0.69
0.68
0.68
0.66
0.65
0.64
0.64
0.64
0.65
0.66
0.68
0.71
0.73
0.73
0.73
0.73
0.73
0.70
0.67
0.65
0.63
0.61
0.60
0.60
0.60
0.49
0.44
0.44
0.44
0.44
0.44
0.44
0.44
0.44
0.44
0.44
0.44
0.44
0.43
0.44
0.44
0.45
0.45
0.45
0.45
0.46
165.80
159.70
138.90
155.60
148.30
133.40
118.50
100.30
86.41
81.14
79.30
79.40
91.77
85.78
68.84
70.38
70.26
72.69
84.16
87.87
84.45
76.26
73.15
70.53
69.37
67.40
63.04
59.41
56.94
55.93
56.47
57.52
59.25
60.79
61.42
61.67
61.81
62.33
62.72
63.02
62.55
62.20
62.18
62.02
61.85
61.62
61.66
61.70
61.67
61.57
61.08
60.05
58.59
56.64
54.68
52.98
51.55
50.19
48.98
47.82
46.74
45.95
45.64
46.21
47.71
50.39
53.58
57.07
59.84
61.19
57.73
48.40
39.06
34.33
31.91
29.12
26.24
23.82
21.22
18.98
17.22
15.50
13.97
12.06
9.58
7.95
4.90
1.42
0.95
0.61
0.46
0.37
0.40
0.44
0.51
0.57
0.60
0.63
0.66
0.69
0.71
0.74
0.76
0.79
0.81
0.84
0.87
0.89
0.91
0.92
0.93
0.93
0.93
0.93
0.93
0.93
0.92
0.92
0.92
0.92
0.92
0.92
0.92
0.92
0.93
0.93
0.94
0.96
0.97
0.98
0.99
1.00
1.00
1.00
0.94
0.92
0.73
0.68
0.67
0.65
0.65
0.66
0.66
0.67
0.69
0.70
0.73
0.75
0.76
0.76
0.75
0.75
0.74
0.69
0.65
0.63
0.61
0.59
0.59
0.58
0.56
0.44
0.43
0.43
0.43
0.43
0.43
0.43
0.44
0.43
0.43
0.44
0.44
0.44
0.45
0.47
0.46
0.46
0.47
0.47
0.47
167.50
158.60
151.60
154.10
159.90
130.80
106.40
97.13
92.20
91.91
82.00
74.12
79.85
84.51
83.85
78.91
76.39
77.20
82.27
82.96
81.03
73.15
68.45
66.30
63.98
63.23
60.78
57.30
54.52
52.00
50.99
51.56
52.78
54.82
56.17
56.72
57.10
57.60
58.44
58.93
59.47
59.10
58.74
58.89
58.81
58.77
58.58
58.63
58.65
58.84
58.92
58.77
58.13
57.06
55.75
54.19
52.74
51.25
49.75
48.30
47.12
46.20
45.67
45.76
46.31
47.31
48.77
50.24
51.52
52.54
52.80
51.32
45.75
38.15
32.62
29.61
27.15
25.14
23.10
20.58
18.57
16.90
15.36
13.46
11.80
9.36
6.37
2.80
2.30
1.94
1.67
1.52
1.49
1.48
1.47
1.46
1.43
1.39
1.35
1.32
1.28
1.24
1.20
1.16
1.12
1.08
1.05
1.02
0.99
0.97
0.95
0.93
0.92
0.90
0.89
0.89
0.88
0.87
0.87
0.86
0.86
0.85
0.85
0.85
0.85
0.85
0.85
0.86
0.87
0.88
0.90
0.90
0.91
0.88
0.86
0.69
0.68
0.68
0.66
0.65
0.64
0.64
0.64
0.65
0.66
0.68
0.71
0.73
0.73
0.73
0.73
0.73
0.70
0.67
0.65
0.63
0.61
0.60
0.60
0.60
0.49
0.44
0.44
0.44
0.44
0.44
0.44
0.44
0.44
0.44
0.44
0.44
0.44
0.43
0.44
0.44
0.45
0.45
0.45
0.45
0.46
166.50
164.10
167.80
158.40
151.10
125.50
100.30
98.50
98.43
85.20
81.82
88.44
81.68
77.73
83.78
90.42
83.99
79.79
77.34
76.13
78.26
77.16
76.95
73.23
68.89
66.43
63.39
60.70
59.55
57.06
54.28
52.36
50.97
50.73
50.93
51.44
51.87
52.17
52.30
52.44
52.38
52.27
52.21
52.08
51.89
51.25
50.41
49.98
49.51
49.17
48.79
48.31
47.84
47.32
46.65
45.94
45.11
44.31
43.50
42.61
41.83
41.07
40.25
39.58
38.94
38.48
37.92
37.29
36.55
35.77
34.92
34.29
33.47
32.25
30.72
29.09
26.91
24.37
22.05
19.51
17.40
15.34
13.37
11.57
9.74
7.41
4.88
2.93
2.29
1.93
1.65
1.48
1.46
1.43
1.40
1.37
1.34
1.31
1.27
1.24
1.20
1.16
1.12
1.09
1.05
1.02
1.00
0.97
0.95
0.94
0.93
0.92
0.91
0.91
0.90
0.89
0.89
0.89
0.89
0.89
0.89
0.89
0.90
0.90
0.91
0.91
0.92
0.92
0.92
0.92
0.90
0.90
0.84
0.83
0.80
0.78
0.76
0.76
0.76
0.76
0.76
0.76
0.75
0.75
0.75
0.74
0.74
0.74
0.74
0.71
0.66
0.63
0.62
0.59
0.58
0.58
0.58
0.58
0.50
0.45
0.45
0.45
0.45
0.45
0.45
0.45
0.45
0.45
0.45
0.45
0.45
0.45
0.45
0.45
0.45
0.45
0.45
0.45
0.44
0.44
0.44
167.70
168.40
175.40
169.30
159.10
140.20
120.60
108.60
100.20
95.21
93.10
99.60
107.60
106.20
101.00
90.38
91.03
91.77
90.24
85.60
83.24
80.79
79.28
76.43
79.89
78.91
77.56
73.70
70.69
68.53
66.81
66.04
65.27
64.06
62.06
59.48
56.77
54.77
53.23
52.03
51.38
50.84
50.35
49.88
49.40
48.98
48.65
48.32
48.13
47.91
47.75
47.53
47.14
46.71
46.27
45.79
45.20
44.61
43.98
43.32
42.64
42.04
41.50
40.93
40.44
39.91
39.50
38.90
38.24
37.71
37.15
36.98
37.14
36.71
36.22
34.68
32.79
31.71
29.19
26.31
22.86
20.24
17.72
14.47
12.48
9.65
6.17
1.72
1.09
0.75
0.50
0.41
0.41
0.42
0.43
0.44
0.45
0.45
0.46
0.47
0.48
0.48
0.49
0.49
0.50
0.51
0.52
0.52
0.54
0.54
0.55
0.56
0.58
0.58
0.60
0.61
0.62
0.63
0.64
0.64
0.66
0.66
0.67
0.69
0.70
0.72
0.72
0.73
0.73
0.74
0.74
0.74
0.74
0.74
0.75
0.76
0.78
0.79
0.80
0.81
0.82
0.83
0.84
0.84
0.84
0.85
0.85
0.84
0.81
0.79
0.78
0.78
0.71
0.59
0.52
0.50
0.48
0.48
0.47
0.47
0.47
0.47
0.46
0.46
0.46
0.46
0.46
0.46
0.45
0.45
0.45
0.45
0.44
0.44
0.44
0.44
0.44
0.44
0.43
0.43
0.43
167.80
171.60
183.10
183.20
179.40
142.70
130.80
140.50
142.10
130.70
121.50
118.30
114.00
109.60
111.20
114.70
113.60
115.70
112.90
106.00
104.20
101.60
99.64
99.46
98.69
96.10
91.99
91.28
88.19
86.20
87.07
84.63
84.54
84.77
84.15
84.61
83.77
82.33
80.36
77.97
75.44
72.87
70.33
67.64
64.84
61.83
59.51
57.73
55.90
54.44
53.24
52.27
51.45
50.75
50.11
49.46
48.82
48.20
47.54
46.69
45.87
45.07
44.23
43.36
42.55
41.66
40.89
40.13
39.52
38.61
37.27
35.93
34.15
32.70
31.19
30.12
28.69
27.06
24.79
23.25
20.98
18.44
16.23
15.04
12.17
8.79
5.45
2.85
2.19
1.82
1.52
1.35
1.34
1.33
1.31
1.29
1.27
1.24
1.21
1.18
1.15
1.11
1.08
1.05
1.01
0.98
0.96
0.94
0.92
0.90
0.89
0.88
0.87
0.87
0.86
0.85
0.84
0.84
0.84
0.84
0.84
0.84
0.85
0.85
0.86
0.87
0.88
0.89
0.90
0.89
0.89
0.87
0.87
0.87
0.86
0.86
0.87
0.87
0.89
0.91
0.94
0.96
1.00
1.02
1.04
1.05
1.05
1.05
1.04
0.95
0.90
0.88
0.85
0.81
0.81
0.80
0.78
0.64
0.52
0.50
0.49
0.46
0.44
0.43
0.43
0.43
0.43
0.42
0.42
0.42
0.41
0.41
0.41
0.41
0.41
0.41
0.41
0.41
0.42
0.42
0.42
168.30
172.00
203.10
214.80
202.20
153.70
135.00
137.40
134.90
126.80
122.50
113.00
134.80
148.20
152.90
164.80
171.00
160.60
154.10
152.30
150.40
154.70
160.70
150.20
149.30
150.60
146.10
157.20
153.30
149.80
153.50
155.50
166.30
171.90
173.30
174.00
174.60
174.30
173.30
173.00
171.80
171.20
170.20
168.80
167.00
165.20
163.10
160.60
158.10
155.30
152.40
149.70
146.80
143.90
141.10
138.90
136.70
134.10
131.80
129.60
127.70
126.50
125.60
125.50
125.20
124.70
123.70
122.60
121.10
118.20
113.70
109.40
103.80
98.81
92.86
86.12
75.13
64.82
55.13
52.61
53.27
46.34
35.40
26.08
16.28
8.22
4.56
2.95
2.33
1.81
1.42
1.29
1.29
1.28
1.29
1.27
1.25
1.23
1.20
1.17
1.13
1.11
1.07
1.04
1.02
0.99
0.97
0.94
0.92
0.91
0.89
0.88
0.87
0.86
0.85
0.85
0.84
0.83
0.83
0.83
0.82
0.82
0.82
0.82
0.82
0.83
0.84
0.85
0.87
0.88
0.89
0.90
0.91
0.91
0.88
0.86
0.86
0.85
0.85
0.85
0.86
0.87
0.88
0.92
0.95
0.99
1.04
1.07
1.08
1.11
1.12
1.10
1.03
1.00
0.97
0.93
0.91
0.88
0.85
0.66
0.52
0.52
0.51
0.47
0.43
0.43
0.42
0.42
0.42
0.41
0.41
0.40
0.40
0.40
0.40
0.40
0.40
0.40
0.41
0.41
0.41
