SALVI
1
0
24
15.0
181
1.0
250310 OCH 5050 350 F351 VDR L
250310 OCH 5050 F351 VDR L

250310-OCH-5050-F351-VDR-L.ldt
01-04-2025/TB
440
440
720
280
280
0
0
0
0
99.54
100.00
1.00
0.00
1
1
5050x18LED
4069.00
3000
70
38.90
0.24
0.32
0.41
0.49
0.55
0.63
0.68
0.73
0.79
0.82
0.00
15.00
30.00
45.00
60.00
75.00
90.00
105.00
120.00
135.00
150.00
165.00
180.00
195.00
210.00
225.00
240.00
255.00
270.00
285.00
300.00
315.00
330.00
345.00
0.00
1.00
2.00
3.00
4.00
5.00
6.00
7.00
8.00
9.00
10.00
11.00
12.00
13.00
14.00
15.00
16.00
17.00
18.00
19.00
20.00
21.00
22.00
23.00
24.00
25.00
26.00
27.00
28.00
29.00
30.00
31.00
32.00
33.00
34.00
35.00
36.00
37.00
38.00
39.00
40.00
41.00
42.00
43.00
44.00
45.00
46.00
47.00
48.00
49.00
50.00
51.00
52.00
53.00
54.00
55.00
56.00
57.00
58.00
59.00
60.00
61.00
62.00
63.00
64.00
65.00
66.00
67.00
68.00
69.00
70.00
71.00
72.00
73.00
74.00
75.00
76.00
77.00
78.00
79.00
80.00
81.00
82.00
83.00
84.00
85.00
86.00
87.00
88.00
89.00
90.00
91.00
92.00
93.00
94.00
95.00
96.00
97.00
98.00
99.00
100.00
101.00
102.00
103.00
104.00
105.00
106.00
107.00
108.00
109.00
110.00
111.00
112.00
113.00
114.00
115.00
116.00
117.00
118.00
119.00
120.00
121.00
122.00
123.00
124.00
125.00
126.00
127.00
128.00
129.00
130.00
131.00
132.00
133.00
134.00
135.00
136.00
137.00
138.00
139.00
140.00
141.00
142.00
143.00
144.00
145.00
146.00
147.00
148.00
149.00
150.00
151.00
152.00
153.00
154.00
155.00
156.00
157.00
158.00
159.00
160.00
161.00
162.00
163.00
164.00
165.00
166.00
167.00
168.00
169.00
170.00
171.00
172.00
173.00
174.00
175.00
176.00
177.00
178.00
179.00
180.00
202.10
198.90
193.40
192.00
186.70
178.80
171.00
168.10
177.50
182.50
195.20
202.80
212.70
212.20
218.10
218.00
209.80
210.30
202.80
215.90
237.30
252.60
260.10
253.30
246.70
246.80
249.90
257.20
262.10
265.50
270.30
276.10
281.80
285.80
287.10
285.40
284.50
283.30
281.10
279.70
276.70
274.70
272.60
269.60
266.90
264.80
260.80
258.10
254.50
250.80
247.60
243.30
239.50
234.80
230.80
226.40
221.40
216.10
211.40
205.90
200.40
194.20
188.90
182.50
176.50
169.90
163.70
156.70
149.80
142.70
135.80
128.40
121.00
113.70
106.40
98.72
91.31
84.06
76.58
69.21
62.14
54.99
47.94
40.81
33.44
26.15
19.23
12.97
7.65
3.68
1.26
0.42
0.37
0.42
0.46
0.50
0.51
0.53
0.55
0.57
0.59
0.61
0.63
0.65
0.66
0.67
0.68
0.68
0.69
0.69
0.70
0.70
0.70
0.70
0.70
0.70
0.70
0.70
0.70
0.70
0.70
0.70
0.70
0.71
0.71
0.71
0.72
0.74
0.75
0.76
0.77
0.78
0.78
0.78
0.74
0.69
0.64
0.63
0.63
0.63
0.64
0.65
0.67
0.70
0.73
0.77
0.82
0.87
0.91
0.94
0.96
0.97
0.97
0.94
0.91
0.89
0.86
0.83
0.82
0.65
0.55
0.39
0.35
0.35
0.35
0.35
0.35
0.35
0.35
0.35
0.35
0.35
0.35
0.35
0.35
0.35
0.35
0.35
0.36
0.36
0.37
200.80
200.90
197.20
191.00
184.20
173.20
172.60
185.50
202.20
204.40
198.20
188.10
187.50
204.20
218.90
236.00
244.20
242.00
235.80
238.10
250.00
258.60
265.80
262.90
255.20
253.90
260.90
268.70
275.00
277.30
277.40
284.20
292.60
302.10
308.40
310.80
313.50
314.30
316.90
317.10
319.10
319.30
320.40
320.60
319.60
319.70
318.10
316.40
314.40
312.10
308.80
305.80
302.20
297.40
292.70
288.20
282.70
276.80
270.80
264.10
257.60
250.70
242.80
235.70
227.60
219.20
211.20
202.40
193.00
184.50
175.10
165.20
156.30
146.50
137.00
127.30
117.60
108.00
98.64
89.05
80.08
70.90
62.38
53.50
44.59
35.21
26.36
18.39
11.29
5.71
2.35
1.23
1.15
1.14
1.12
1.10
1.07
1.03
1.00
0.96
0.92
0.89
0.84
0.81
0.77
0.75
0.72
0.70
0.68
0.66
0.65
0.64
0.63
0.63
0.63
0.63
0.63
0.63
0.63
0.63
0.63
0.63
0.63
0.64
0.64
0.65
0.67
0.67
0.68
0.69
0.69
0.69
0.68
0.66
0.62
0.58
0.58
0.58
0.58
0.58
0.59
0.61
0.63
0.66
0.69
0.74
0.78
0.82
0.85
0.87
0.88
0.87
0.84
0.83
0.81
0.80
0.79
0.79
0.70
0.56
0.40
0.33
0.33
0.34
0.34
0.34
0.34
0.35
0.35
0.36
0.36
0.37
0.38
0.38
0.39
0.40
0.41
0.41
0.41
0.41
0.41
201.40
204.20
201.80
193.90
188.50
176.00
183.90
198.40
209.50
214.60
205.90
210.60
214.20
223.70
232.40
239.50
259.10
266.30
268.80
274.50
277.30
284.10
289.70
293.90
295.40
294.90
291.30
290.20
290.70
293.30
300.70
303.60
307.30
312.90
320.60
324.60
329.10
329.90
329.80
329.50
329.20
328.60
327.40
326.60
325.10
323.50
321.90
319.80
317.10
314.40
311.20
308.20
304.40
300.10
295.50
291.00
285.30
280.10
274.10
267.20
261.00
253.80
246.00
238.50
230.60
222.00
213.40
204.90
195.70
186.70
176.70
167.50
157.70
148.00
138.00
128.30
118.40
108.90
99.13
89.47
80.24
71.27
62.53
54.27
45.87
36.95
27.50
18.57
11.27
5.77
2.20
1.16
1.13
1.10
1.07
1.04
1.01
0.98
0.95
0.92
0.89
0.85
0.82
0.79
0.76
0.73
0.71
0.69
0.68
0.66
0.66
0.65
0.64
0.64
0.63
0.63
0.63
0.63
0.63
0.62
0.62
0.62
0.62
0.62
0.63
0.64
0.65
0.65
0.66
0.67
0.67
0.67
0.66
0.66
0.66
0.66
0.65
0.66
0.66
0.67
0.70
0.73
0.74
0.76
0.76
0.77
0.79
0.80
0.79
0.76
0.74
0.72
0.69
0.67
0.67
0.68
0.57
0.46
0.34
0.29
0.29
0.29
0.29
0.29
0.30
0.30
0.31
0.31
0.31
0.32
0.32
0.34
0.34
0.36
0.36
0.37
0.38
0.39
0.40
0.41
0.41
201.00
206.00
202.00
196.40
191.40
178.30
174.90
178.70
192.70
206.40
214.90
227.20
226.20
231.00
238.90
251.10
264.90
276.70
277.20
281.30
283.90
274.70
266.10
270.80
271.50
279.40
297.10
312.70
314.30
312.90
310.70
301.40
298.70
305.30
312.60
321.40
331.00
333.30
334.60
334.80
334.90
334.30
333.40
332.60
331.30
329.70
328.50
326.50
324.20
321.80
318.90
315.70
312.10
308.50
304.10
299.30
293.80
289.00
282.40
276.90
269.80
262.90
255.60
247.90
239.40
231.60
222.50
213.80
203.90
195.00
185.00
175.40
165.50
155.30
145.00
134.60
124.10
113.60
103.40
93.21
83.33
73.55
64.38
55.47
47.04
38.65
29.24
19.11
11.00
5.05
1.23
0.38
0.38
0.39
0.39
0.39
0.39
0.39
0.38
0.38
0.38
0.37
0.37
0.37
0.37
0.37
0.37
0.37
0.37
0.37
0.38
0.38
0.39
0.39
0.40
0.41
0.41
0.42
0.43
0.44
0.44
0.45
0.46
0.48
0.49
0.50
0.50
0.51
0.51
0.51
0.52
0.52
0.53
0.54
0.56
0.58
0.61
0.64
0.66
0.69
0.71
0.74
0.77
0.79
0.81
0.84
0.84
0.84
0.85
0.86
0.89
0.87
0.75
0.50
0.31
0.29
0.27
0.27
0.27
0.28
0.28
0.29
0.29
0.29
0.30
0.31
0.31
0.32
0.32
0.33
0.34
0.35
0.36
0.37
0.38
0.39
0.40
0.41
0.41
0.41
0.41
202.40
207.10
196.70
192.90
189.00
188.30
186.60
184.10
179.60
180.90
188.60
208.50
241.90
264.80
281.80
287.00
286.90
275.40
265.20
278.10
285.30
302.20
326.60
327.10
317.40
319.40
324.20
334.20
351.00
366.20
377.40
381.90
382.40
384.80
390.00
399.10
406.50
410.20
410.10
409.80
409.60
409.00
408.40
406.30
404.70
401.40
399.10
395.90
392.40
388.10
384.00
378.60
373.10
367.40
359.90
353.20
345.60
337.60
329.70
320.00
311.00
301.80
291.80
280.90
270.70
259.70
248.50
237.10
226.30
214.50
202.80
190.80
179.30
166.80
155.60
143.60
132.00
120.50
109.10
98.08
87.32
76.92
67.31
57.70
48.32
38.86
28.61
19.42
11.99
5.79
1.64
0.66
0.64
0.63
0.61
0.60
0.59
0.58
0.57
0.56
0.55
0.53
0.52
0.51
0.50
0.49
0.48
0.47
0.47
0.47
0.46
0.46
0.46
0.46
0.46
0.46
0.46
0.46
0.46
0.46
0.46
0.46
0.47
0.48
0.49
0.50
0.52
0.53
0.54
0.55
0.56
0.56
0.56
0.57
0.57
0.58
0.59
0.61
0.63
0.67
0.71
0.76
0.80
0.85
0.89
0.93
0.96
1.00
1.01
0.96
0.89
0.87
0.84
0.80
0.80
0.81
0.82
0.60
0.38
0.37
0.37
0.33
0.28
0.28
0.28
0.28
0.28
0.28
0.29
0.30
0.31
0.32
0.33
0.35
0.35
0.36
0.38
0.38
0.40
0.42
0.42
201.10
206.80
197.20
195.20
192.60
204.30
213.60
215.80
215.70
228.20
241.30
262.60
273.30
287.40
279.40
275.10
266.90
280.10
302.20
323.20
350.20
344.90
319.70
313.70
309.80
324.90
347.00
362.70
376.10
377.20
386.10
397.30
414.10
435.40
444.80
447.50
452.00
453.80
455.90
457.40
457.30
457.20
456.30
455.70
453.00
449.90
446.20
441.80
438.00
432.10
426.00
418.80
411.10
402.80
394.60
384.40
374.60
363.60
352.30
340.60
328.90
315.80
302.60
290.10
277.20
263.60
250.50
237.10
223.50
210.10
197.00
184.00
171.10
158.50
146.50
134.50
122.30
111.00
99.93
89.28
78.89
69.01
59.45
50.52
41.80
33.20
24.70
16.95
10.23
5.00
1.57
0.60
0.59
0.59
0.58
0.57
0.56
0.55
0.54
0.53
0.51
0.50
0.49
0.48
0.46
0.46
0.46
0.45
0.45
0.45
0.45
0.45
0.46
0.46
0.46
0.46
0.46
0.47
0.47
0.47
0.48
0.48
0.48
0.49
0.50
0.51
0.52
0.53
0.55
0.56
0.57
0.57
0.57
0.57
0.55
0.56
0.56
0.57
0.58
0.59
0.60
0.62
0.66
0.71
0.77
0.84
0.91
0.97
1.02
1.08
1.12
1.14
1.06
1.01
1.00
0.96
0.94
0.92
0.87
0.73
0.48
0.47
0.47
0.36
0.29
0.29
0.30
0.31
0.31
0.32
0.33
0.34
0.35
0.36
0.37
0.38
0.40
0.41
0.42
0.43
0.43
202.50
206.30
195.80
192.60
199.50
209.00
226.90
228.90
215.70
203.80
215.90
241.50
269.00
283.50
274.30
258.70
258.20
287.40
315.30
361.00
381.50
366.70
368.20
357.60
362.00
385.40
401.30
423.60
423.80
433.00
443.50
459.70
483.30
492.00
494.90
496.60
497.40
496.90
497.10
497.20
496.30
493.70
489.70
487.90
482.80
478.80
472.20
466.10
459.40
450.40
442.80
433.20
422.80
411.20
401.00
388.60
375.40
362.20
349.80
336.00
321.60
308.20
293.10
279.30
266.00
251.30
237.00
223.30
210.00
196.50
183.10
170.10
157.50
145.20
133.70
121.70
110.70
99.74
89.41
79.26
69.93
60.59
51.83
43.42
35.54
27.83
20.41
13.61
8.09
3.67
0.90
0.24
0.24
0.26
0.29
0.30
0.31
0.32
0.33
0.34
0.36
0.37
0.37
0.39
0.40
0.41
0.41
0.42
0.43
0.44
0.44
0.44
0.44
0.45
0.45
0.45
0.45
0.45
0.46
0.46
0.47
0.47
0.47
0.48
0.48
0.49
0.51
0.51
0.53
0.55
0.56
0.58
0.58
0.59
0.59
0.58
0.56
0.56
0.55
0.56
0.57
0.61
0.64
0.69
0.75
0.82
0.90
0.98
1.06
1.13
1.21
1.27
1.31
1.35
1.37
1.28
1.16
1.11
0.99
0.92
0.66
0.52
0.52
0.46
0.32
0.29
0.29
0.29
0.29
0.30
0.30
0.32
0.33
0.34
0.35
0.36
0.38
0.39
0.40
0.41
0.42
201.10
206.80
197.20
195.20
192.60
204.30
213.60
215.80
215.70
228.20
241.30
262.60
273.30
287.40
279.40
275.10
266.90
280.10
302.20
323.20
350.20
344.90
319.70
313.70
309.80
324.90
347.00
362.70
376.10
377.20
386.10
397.30
414.10
435.40
444.80
447.50
452.00
453.80
455.90
457.40
457.30
457.20
456.30
455.70
453.00
449.90
446.20
441.80
438.00
432.10
426.00
418.80
411.10
402.80
394.60
384.40
374.60
363.60
352.30
340.60
328.90
315.80
302.60
290.10
277.20
263.60
250.50
237.10
223.50
210.10
197.00
184.00
171.10
158.50
146.50
134.50
122.30
111.00
99.93
89.28
78.89
69.01
59.45
50.52
41.80
33.20
24.70
16.95
10.23
5.00
1.57
0.60
0.59
0.59
0.58
0.57
0.56
0.55
0.54
0.53
0.51
0.50
0.49
0.48
0.46
0.46
0.46
0.45
0.45
0.45
0.45
0.45
0.46
0.46
0.46
0.46
0.46
0.47
0.47
0.47
0.48
0.48
0.48
0.49
0.50
0.51
0.52
0.53
0.55
0.56
0.57
0.57
0.57
0.57
0.55
0.56
0.56
0.57
0.58
0.59
0.60
0.62
0.66
0.71
0.77
0.84
0.91
0.97
1.02
1.08
1.12
1.14
1.06
1.01
1.00
0.96
0.94
0.92
0.87
0.73
0.48
0.47
0.47
0.36
0.29
0.29
0.30
0.31
0.31
0.32
0.33
0.34
0.35
0.36
0.37
0.38
0.40
0.41
0.42
0.43
0.43
202.40
207.10
196.70
192.90
189.00
188.30
186.60
184.10
179.60
180.90
188.60
208.50
241.90
264.80
281.80
287.00
286.90
275.40
265.20
278.10
285.30
302.20
326.60
327.10
317.40
319.40
324.20
334.20
351.00
366.20
377.40
381.90
382.40
384.80
390.00
399.10
406.50
410.20
410.10
409.80
409.60
409.00
408.40
406.30
404.70
401.40
399.10
395.90
392.40
388.10
384.00
378.60
373.10
367.40
359.90
353.20
345.60
337.60
329.70
320.00
311.00
301.80
291.80
280.90
270.70
259.70
248.50
237.10
226.30
214.50
202.80
190.80
179.30
166.80
155.60
143.60
132.00
120.50
109.10
98.08
87.32
76.92
67.31
57.70
48.32
38.86
28.61
19.42
11.99
5.79
1.64
0.66
0.64
0.63
0.61
0.60
0.59
0.58
0.57
0.56
0.55
0.53
0.52
0.51
0.50
0.49
0.48
0.47
0.47
0.47
0.46
0.46
0.46
0.46
0.46
0.46
0.46
0.46
0.46
0.46
0.46
0.46
0.47
0.48
0.49
0.50
0.52
0.53
0.54
0.55
0.56
0.56
0.56
0.57
0.57
0.58
0.59
0.61
0.63
0.67
0.71
0.76
0.80
0.85
0.89
0.93
0.96
1.00
1.01
0.96
0.89
0.87
0.84
0.80
0.80
0.81
0.82
0.60
0.38
0.37
0.37
0.33
0.28
0.28
0.28
0.28
0.28
0.28
0.29
0.30
0.31
0.32
0.33
0.35
0.35
0.36
0.38
0.38
0.40
0.42
0.42
201.00
206.00
202.00
196.40
191.40
178.30
174.90
178.70
192.70
206.40
214.90
227.20
226.20
231.00
238.90
251.10
264.90
276.70
277.20
281.30
283.90
274.70
266.10
270.80
271.50
279.40
297.10
312.70
314.30
312.90
310.70
301.40
298.70
305.30
312.60
321.40
331.00
333.30
334.60
334.80
334.90
334.30
333.40
332.60
331.30
329.70
328.50
326.50
324.20
321.80
318.90
315.70
312.10
308.50
304.10
299.30
293.80
289.00
282.40
276.90
269.80
262.90
255.60
247.90
239.40
231.60
222.50
213.80
203.90
195.00
185.00
175.40
165.50
155.30
145.00
134.60
124.10
113.60
103.40
93.21
83.33
73.55
64.38
55.47
47.04
38.65
29.24
19.11
11.00
5.05
1.23
0.38
0.38
0.39
0.39
0.39
0.39
0.39
0.38
0.38
0.38
0.37
0.37
0.37
0.37
0.37
0.37
0.37
0.37
0.37
0.38
0.38
0.39
0.39
0.40
0.41
0.41
0.42
0.43
0.44
0.44
0.45
0.46
0.48
0.49
0.50
0.50
0.51
0.51
0.51
0.52
0.52
0.53
0.54
0.56
0.58
0.61
0.64
0.66
0.69
0.71
0.74
0.77
0.79
0.81
0.84
0.84
0.84
0.85
0.86
0.89
0.87
0.75
0.50
0.31
0.29
0.27
0.27
0.27
0.28
0.28
0.29
0.29
0.29
0.30
0.31
0.31
0.32
0.32
0.33
0.34
0.35
0.36
0.37
0.38
0.39
0.40
0.41
0.41
0.41
0.41
201.40
204.20
201.80
193.90
188.50
176.00
183.90
198.40
209.50
214.60
205.90
210.60
214.20
223.70
232.40
239.50
259.10
266.30
268.80
274.50
277.30
284.10
289.70
293.90
295.40
294.90
291.30
290.20
290.70
293.30
300.70
303.60
307.30
312.90
320.60
324.60
329.10
329.90
329.80
329.50
329.20
328.60
327.40
326.60
325.10
323.50
321.90
319.80
317.10
314.40
311.20
308.20
304.40
300.10
295.50
291.00
285.30
280.10
274.10
267.20
261.00
253.80
246.00
238.50
230.60
222.00
213.40
204.90
195.70
186.70
176.70
167.50
157.70
148.00
138.00
128.30
118.40
108.90
99.13
89.47
80.24
71.27
62.53
54.27
45.87
36.95
27.50
18.57
11.27
5.77
2.20
1.16
1.13
1.10
1.07
1.04
1.01
0.98
0.95
0.92
0.89
0.85
0.82
0.79
0.76
0.73
0.71
0.69
0.68
0.66
0.66
0.65
0.64
0.64
0.63
0.63
0.63
0.63
0.63
0.62
0.62
0.62
0.62
0.62
0.63
0.64
0.65
0.65
0.66
0.67
0.67
0.67
0.66
0.66
0.66
0.66
0.65
0.66
0.66
0.67
0.70
0.73
0.74
0.76
0.76
0.77
0.79
0.80
0.79
0.76
0.74
0.72
0.69
0.67
0.67
0.68
0.57
0.46
0.34
0.29
0.29
0.29
0.29
0.29
0.30
0.30
0.31
0.31
0.31
0.32
0.32
0.34
0.34
0.36
0.36
0.37
0.38
0.39
0.40
0.41
0.41
200.80
200.90
197.20
191.00
184.20
173.20
172.60
185.50
202.20
204.40
198.20
188.10
187.50
204.20
218.90
236.00
244.20
242.00
235.80
238.10
250.00
258.60
265.80
262.90
255.20
253.90
260.90
268.70
275.00
277.30
277.40
284.20
292.60
302.10
308.40
310.80
313.50
314.30
316.90
317.10
319.10
319.30
320.40
320.60
319.60
319.70
318.10
316.40
314.40
312.10
308.80
305.80
302.20
297.40
292.70
288.20
282.70
276.80
270.80
264.10
257.60
250.70
242.80
235.70
227.60
219.20
211.20
202.40
193.00
184.50
175.10
165.20
156.30
146.50
137.00
127.30
117.60
108.00
98.64
89.05
80.08
70.90
62.38
53.50
44.59
35.21
26.36
18.39
11.29
5.71
2.35
1.23
1.15
1.14
1.12
1.10
1.07
1.03
1.00
0.96
0.92
0.89
0.84
0.81
0.77
0.75
0.72
0.70
0.68
0.66
0.65
0.64
0.63
0.63
0.63
0.63
0.63
0.63
0.63
0.63
0.63
0.63
0.63
0.64
0.64
0.65
0.67
0.67
0.68
0.69
0.69
0.69
0.68
0.66
0.62
0.58
0.58
0.58
0.58
0.58
0.59
0.61
0.63
0.66
0.69
0.74
0.78
0.82
0.85
0.87
0.88
0.87
0.84
0.83
0.81
0.80
0.79
0.79
0.70
0.56
0.40
0.33
0.33
0.34
0.34
0.34
0.34
0.35
0.35
0.36
0.36
0.37
0.38
0.38
0.39
0.40
0.41
0.41
0.41
0.41
0.41
202.10
198.90
193.40
192.00
186.70
178.80
171.00
168.10
177.50
182.50
195.20
202.80
212.70
212.20
218.10
218.00
209.80
210.30
202.80
215.90
237.30
252.60
260.10
253.30
246.70
246.80
249.90
257.20
262.10
265.50
270.30
276.10
281.80
285.80
287.10
285.40
284.50
283.30
281.10
279.70
276.70
274.70
272.60
269.60
266.90
264.80
260.80
258.10
254.50
250.80
247.60
243.30
239.50
234.80
230.80
226.40
221.40
216.10
211.40
205.90
200.40
194.20
188.90
182.50
176.50
169.90
163.70
156.70
149.80
142.70
135.80
128.40
121.00
113.70
106.40
98.72
91.31
84.06
76.58
69.21
62.14
54.99
47.94
40.81
33.44
26.15
19.23
12.97
7.65
3.68
1.26
0.42
0.37
0.42
0.46
0.50
0.51
0.53
0.55
0.57
0.59
0.61
0.63
0.65
0.66
0.67
0.68
0.68
0.69
0.69
0.70
0.70
0.70
0.70
0.70
0.70
0.70
0.70
0.70
0.70
0.70
0.70
0.70
0.71
0.71
0.71
0.72
0.74
0.75
0.76
0.77
0.78
0.78
0.78
0.74
0.69
0.64
0.63
0.63
0.63
0.64
0.65
0.67
0.70
0.73
0.77
0.82
0.87
0.91
0.94
0.96
0.97
0.97
0.94
0.91
0.89
0.86
0.83
0.82
0.65
0.55
0.39
0.35
0.35
0.35
0.35
0.35
0.35
0.35
0.35
0.35
0.35
0.35
0.35
0.35
0.35
0.35
0.35
0.36
0.36
0.37
200.80
194.20
189.50
187.50
189.30
177.90
177.30
179.70
185.50
175.00
167.70
163.80
168.00
186.40
195.20
201.90
196.90
192.00
181.40
182.00
192.90
201.20
212.40
209.20
203.20
195.80
192.60
195.40
198.40
203.10
204.30
206.70
208.60
211.10
212.50
211.60
210.20
208.00
205.70
202.80
200.80
197.40
195.10
191.90
189.40
186.20
184.00
180.70
177.70
174.60
171.50
168.20
165.40
162.10
159.00
155.40
152.20
148.50
144.90
141.30
137.60
133.50
129.50
125.00
121.00
116.50
112.20
107.60
103.00
98.25
93.41
88.53
83.83
78.58
73.75
68.77
63.72
58.45
53.60
48.58
43.60
38.70
33.99
29.21
24.25
19.29
14.61
10.18
6.45
3.63
1.86
1.25
1.22
1.21
1.20
1.18
1.14
1.11
1.08
1.05
1.02
0.99
0.95
0.92
0.89
0.87
0.84
0.82
0.80
0.79
0.78
0.77
0.76
0.75
0.75
0.74
0.74
0.74
0.74
0.73
0.73
0.73
0.73
0.73
0.73
0.73
0.74
0.74
0.75
0.76
0.77
0.78
0.78
0.77
0.74
0.69
0.69
0.68
0.68
0.68
0.68
0.69
0.71
0.73
0.77
0.80
0.85
0.88
0.90
0.92
0.94
0.95
0.94
0.92
0.90
0.88
0.86
0.85
0.73
0.62
0.46
0.40
0.40
0.40
0.39
0.39
0.39
0.39
0.39
0.39
0.39
0.39
0.39
0.39
0.39
0.39
0.39
0.39
0.40
0.41
0.41
201.40
190.60
182.20
183.20
193.00
188.40
178.90
167.40
155.70
152.00
151.70
152.30
152.70
159.20
175.60
186.40
187.20
183.10
173.10
161.70
150.20
146.10
145.30
146.70
148.50
150.70
151.30
147.70
144.60
141.60
141.70
142.40
143.60
143.90
142.30
140.40
138.50
136.50
134.20
132.00
129.30
127.00
124.50
122.10
119.80
117.40
114.90
112.70
110.50
108.00
105.70
103.20
101.10
98.79
96.37
93.97
91.86
89.24
87.10
84.53
82.25
79.75
77.31
74.86
72.36
69.85
67.22
64.65
61.99
59.31
56.54
53.70
50.83
47.86
44.98
41.97
38.99
35.87
32.85
29.82
26.81
23.90
21.02
18.26
15.50
12.64
9.87
7.25
4.90
2.99
1.74
1.29
1.26
1.24
1.22
1.20
1.17
1.13
1.10
1.07
1.04
1.00
0.97
0.93
0.90
0.87
0.84
0.83
0.81
0.80
0.78
0.78
0.77
0.76
0.76
0.75
0.75
0.75
0.75
0.76
0.76
0.76
0.77
0.77
0.78
0.79
0.79
0.79
0.79
0.79
0.79
0.78
0.77
0.76
0.76
0.76
0.76
0.77
0.78
0.79
0.81
0.83
0.85
0.87
0.88
0.89
0.90
0.91
0.90
0.89
0.84
0.81
0.79
0.77
0.76
0.76
0.66
0.58
0.47
0.41
0.41
0.41
0.41
0.41
0.41
0.41
0.41
0.41
0.40
0.40
0.40
0.40
0.40
0.40
0.41
0.41
0.41
0.42
0.41
0.41
0.41
201.00
183.50
171.10
176.50
185.40
184.60
161.70
146.60
142.20
150.40
160.70
168.80
165.20
158.60
150.00
149.20
153.50
153.10
147.70
146.30
142.70
139.00
135.60
134.40
128.40
124.00
120.60
120.60
119.10
119.50
119.40
118.50
116.20
114.20
112.30
110.50
108.50
106.40
104.40
102.40
100.10
97.96
95.59
93.60
91.49
89.43
87.43
85.48
83.54
81.44
79.54
77.68
75.90
74.02
72.25
70.38
68.54
66.66
64.75
62.92
61.11
59.09
57.21
55.34
53.39
51.40
49.46
47.49
45.47
43.49
41.42
39.34
37.27
35.07
32.93
30.65
28.41
26.02
23.73
21.42
19.06
16.92
14.82
12.80
10.81
8.88
6.84
4.71
2.86
1.46
0.58
0.37
0.38
0.39
0.41
0.43
0.44
0.46
0.46
0.47
0.48
0.49
0.50
0.50
0.50
0.50
0.51
0.51
0.52
0.53
0.53
0.54
0.55
0.56
0.57
0.58
0.59
0.60
0.61
0.62
0.63
0.64
0.65
0.66
0.68
0.69
0.70
0.71
0.71
0.71
0.71
0.71
0.71
0.72
0.73
0.75
0.76
0.78
0.79
0.81
0.82
0.84
0.85
0.85
0.86
0.87
0.87
0.86
0.85
0.84
0.84
0.79
0.65
0.53
0.47
0.46
0.46
0.46
0.46
0.46
0.45
0.45
0.45
0.45
0.45
0.45
0.45
0.44
0.44
0.44
0.44
0.43
0.43
0.43
0.43
0.43
0.43
0.42
0.42
0.43
0.42
202.40
180.30
164.70
168.50
173.20
157.70
144.30
130.90
128.80
133.80
138.50
141.50
141.30
144.10
139.60
132.70
135.60
132.30
131.50
132.30
131.60
123.30
118.00
114.90
113.30
115.60
116.50
115.30
112.60
108.30
104.90
103.60
103.30
103.40
103.50
102.80
101.70
100.40
98.94
97.45
95.66
94.06
92.14
90.51
88.96
87.24
85.39
83.91
82.19
80.65
78.84
77.24
75.60
73.99
72.37
70.61
68.94
67.27
65.63
63.77
62.18
60.39
58.58
56.82
55.01
53.22
51.27
49.47
47.57
45.55
43.57
41.51
39.48
37.37
35.14
32.95
30.67
28.42
26.07
23.73
21.41
19.13
16.99
14.93
12.97
10.96
8.86
6.68
4.71
3.21
2.15
1.75
1.72
1.70
1.66
1.61
1.57
1.52
1.47
1.42
1.36
1.30
1.25
1.19
1.14
1.09
1.06
1.02
0.99
0.97
0.95
0.93
0.92
0.91
0.90
0.89
0.88
0.88
0.88
0.88
0.88
0.88
0.88
0.89
0.89
0.90
0.90
0.90
0.90
0.89
0.88
0.85
0.84
0.83
0.83
0.82
0.82
0.83
0.84
0.85
0.86
0.87
0.89
0.90
0.90
0.90
0.90
0.90
0.89
0.79
0.75
0.74
0.72
0.71
0.71
0.71
0.69
0.53
0.46
0.46
0.46
0.46
0.45
0.45
0.45
0.44
0.44
0.44
0.43
0.43
0.43
0.43
0.43
0.43
0.43
0.43
0.43
0.43
0.43
0.43
0.43
201.10
176.20
159.30
164.00
159.10
148.30
138.80
142.60
153.30
150.60
140.80
131.90
135.60
128.30
133.90
135.00
138.20
146.80
147.00
137.80
131.80
123.90
120.80
123.30
121.60
120.10
117.40
113.50
112.00
110.90
110.50
111.20
111.70
112.60
112.70
112.60
111.80
110.80
109.40
108.00
106.30
104.90
103.20
101.60
100.20
98.39
96.96
95.07
93.44
91.81
89.93
88.15
86.57
84.70
82.81
81.06
79.23
77.30
75.47
73.57
71.58
69.71
67.57
65.62
63.56
61.29
59.14
56.92
54.62
52.20
49.88
47.26
44.90
42.15
39.69
37.03
34.32
31.71
29.02
26.39
23.78
21.23
18.76
16.42
14.11
11.78
9.37
6.98
4.95
3.33
2.22
1.85
1.82
1.79
1.77
1.73
1.67
1.61
1.55
1.49
1.42
1.37
1.30
1.24
1.19
1.15
1.10
1.07
1.04
1.01
0.99
0.97
0.96
0.94
0.93
0.92
0.91
0.91
0.90
0.89
0.89
0.89
0.88
0.88
0.88
0.88
0.88
0.89
0.90
0.91
0.92
0.93
0.91
0.90
0.80
0.76
0.75
0.75
0.75
0.75
0.75
0.76
0.77
0.80
0.83
0.86
0.90
0.92
0.93
0.95
0.96
0.93
0.86
0.84
0.83
0.80
0.79
0.78
0.78
0.58
0.49
0.49
0.48
0.48
0.48
0.48
0.47
0.47
0.46
0.45
0.45
0.45
0.44
0.44
0.44
0.44
0.44
0.44
0.43
0.43
0.43
202.50
178.20
153.40
162.10
157.50
143.60
151.90
161.80
166.90
157.60
144.20
142.50
143.30
132.30
129.80
123.60
135.10
143.10
136.90
130.70
126.80
123.40
127.60
131.00
130.30
128.10
122.40
120.30
119.60
119.30
121.50
122.50
123.50
124.10
124.30
123.50
122.00
120.70
118.80
117.20
115.20
113.40
111.70
109.80
107.90
105.80
104.20
102.00
100.10
98.14
96.34
93.95
92.10
90.30
88.07
86.18
84.00
81.78
79.78
77.40
75.24
72.98
70.73
68.15
65.97
63.58
61.14
58.65
56.09
53.32
50.83
48.12
45.34
42.49
39.79
36.88
34.03
31.14
28.33
25.51
22.73
20.01
17.36
14.91
12.45
10.05
7.57
5.24
3.33
1.84
0.84
0.50
0.56
0.62
0.71
0.75
0.79
0.81
0.84
0.86
0.89
0.91
0.93
0.95
0.97
1.00
1.00
1.00
1.00
1.00
1.00
0.99
0.98
0.97
0.97
0.96
0.96
0.96
0.96
0.96
0.96
0.96
0.96
0.96
0.96
0.97
0.97
0.98
0.99
1.00
1.01
1.01
1.01
0.96
0.95
0.85
0.77
0.77
0.77
0.77
0.78
0.79
0.80
0.83
0.86
0.89
0.93
0.97
1.00
1.01
1.01
1.01
0.94
0.88
0.86
0.84
0.79
0.79
0.78
0.75
0.54
0.47
0.47
0.47
0.46
0.46
0.45
0.45
0.44
0.44
0.44
0.43
0.43
0.43
0.43
0.43
0.43
0.43
0.43
0.43
0.43
201.10
176.20
159.30
164.00
159.10
148.30
138.80
142.60
153.30
150.60
140.80
131.90
135.60
128.30
133.90
135.00
138.20
146.80
147.00
137.80
131.80
123.90
120.80
123.30
121.60
120.10
117.40
113.50
112.00
110.90
110.50
111.20
111.70
112.60
112.70
112.60
111.80
110.80
109.40
108.00
106.30
104.90
103.20
101.60
100.20
98.39
96.96
95.07
93.44
91.81
89.93
88.15
86.57
84.70
82.81
81.06
79.23
77.30
75.47
73.57
71.58
69.71
67.57
65.62
63.56
61.29
59.14
56.92
54.62
52.20
49.88
47.26
44.90
42.15
39.69
37.03
34.32
31.71
29.02
26.39
23.78
21.23
18.76
16.42
14.11
11.78
9.37
6.98
4.95
3.33
2.22
1.85
1.82
1.79
1.77
1.73
1.67
1.61
1.55
1.49
1.42
1.37
1.30
1.24
1.19
1.15
1.10
1.07
1.04
1.01
0.99
0.97
0.96
0.94
0.93
0.92
0.91
0.91
0.90
0.89
0.89
0.89
0.88
0.88
0.88
0.88
0.88
0.89
0.90
0.91
0.92
0.93
0.91
0.90
0.80
0.76
0.75
0.75
0.75
0.75
0.75
0.76
0.77
0.80
0.83
0.86
0.90
0.92
0.93
0.95
0.96
0.93
0.86
0.84
0.83
0.80
0.79
0.78
0.78
0.58
0.49
0.49
0.48
0.48
0.48
0.48
0.47
0.47
0.46
0.45
0.45
0.45
0.44
0.44
0.44
0.44
0.44
0.44
0.43
0.43
0.43
202.40
180.30
164.70
168.50
173.20
157.70
144.30
130.90
128.80
133.80
138.50
141.50
141.30
144.10
139.60
132.70
135.60
132.30
131.50
132.30
131.60
123.30
118.00
114.90
113.30
115.60
116.50
115.30
112.60
108.30
104.90
103.60
103.30
103.40
103.50
102.80
101.70
100.40
98.94
97.45
95.66
94.06
92.14
90.51
88.96
87.24
85.39
83.91
82.19
80.65
78.84
77.24
75.60
73.99
72.37
70.61
68.94
67.27
65.63
63.77
62.18
60.39
58.58
56.82
55.01
53.22
51.27
49.47
47.57
45.55
43.57
41.51
39.48
37.37
35.14
32.95
30.67
28.42
26.07
23.73
21.41
19.13
16.99
14.93
12.97
10.96
8.86
6.68
4.71
3.21
2.15
1.75
1.72
1.70
1.66
1.61
1.57
1.52
1.47
1.42
1.36
1.30
1.25
1.19
1.14
1.09
1.06
1.02
0.99
0.97
0.95
0.93
0.92
0.91
0.90
0.89
0.88
0.88
0.88
0.88
0.88
0.88
0.88
0.89
0.89
0.90
0.90
0.90
0.90
0.89
0.88
0.85
0.84
0.83
0.83
0.82
0.82
0.83
0.84
0.85
0.86
0.87
0.89
0.90
0.90
0.90
0.90
0.90
0.89
0.79
0.75
0.74
0.72
0.71
0.71
0.71
0.69
0.53
0.46
0.46
0.46
0.46
0.45
0.45
0.45
0.44
0.44
0.44
0.43
0.43
0.43
0.43
0.43
0.43
0.43
0.43
0.43
0.43
0.43
0.43
0.43
201.00
183.50
171.10
176.50
185.40
184.60
161.70
146.60
142.20
150.40
160.70
168.80
165.20
158.60
150.00
149.20
153.50
153.10
147.70
146.30
142.70
139.00
135.60
134.40
128.40
124.00
120.60
120.60
119.10
119.50
119.40
118.50
116.20
114.20
112.30
110.50
108.50
106.40
104.40
102.40
100.10
97.96
95.59
93.60
91.49
89.43
87.43
85.48
83.54
81.44
79.54
77.68
75.90
74.02
72.25
70.38
68.54
66.66
64.75
62.92
61.11
59.09
57.21
55.34
53.39
51.40
49.46
47.49
45.47
43.49
41.42
39.34
37.27
35.07
32.93
30.65
28.41
26.02
23.73
21.42
19.06
16.92
14.82
12.80
10.81
8.88
6.84
4.71
2.86
1.46
0.58
0.37
0.38
0.39
0.41
0.43
0.44
0.46
0.46
0.47
0.48
0.49
0.50
0.50
0.50
0.50
0.51
0.51
0.52
0.53
0.53
0.54
0.55
0.56
0.57
0.58
0.59
0.60
0.61
0.62
0.63
0.64
0.65
0.66
0.68
0.69
0.70
0.71
0.71
0.71
0.71
0.71
0.71
0.72
0.73
0.75
0.76
0.78
0.79
0.81
0.82
0.84
0.85
0.85
0.86
0.87
0.87
0.86
0.85
0.84
0.84
0.79
0.65
0.53
0.47
0.46
0.46
0.46
0.46
0.46
0.45
0.45
0.45
0.45
0.45
0.45
0.45
0.44
0.44
0.44
0.44
0.43
0.43
0.43
0.43
0.43
0.43
0.42
0.42
0.43
0.42
201.40
190.60
182.20
183.20
193.00
188.40
178.90
167.40
155.70
152.00
151.70
152.30
152.70
159.20
175.60
186.40
187.20
183.10
173.10
161.70
150.20
146.10
145.30
146.70
148.50
150.70
151.30
147.70
144.60
141.60
141.70
142.40
143.60
143.90
142.30
140.40
138.50
136.50
134.20
132.00
129.30
127.00
124.50
122.10
119.80
117.40
114.90
112.70
110.50
108.00
105.70
103.20
101.10
98.79
96.37
93.97
91.86
89.24
87.10
84.53
82.25
79.75
77.31
74.86
72.36
69.85
67.22
64.65
61.99
59.31
56.54
53.70
50.83
47.86
44.98
41.97
38.99
35.87
32.85
29.82
26.81
23.90
21.02
18.26
15.50
12.64
9.87
7.25
4.90
2.99
1.74
1.29
1.26
1.24
1.22
1.20
1.17
1.13
1.10
1.07
1.04
1.00
0.97
0.93
0.90
0.87
0.84
0.83
0.81
0.80
0.78
0.78
0.77
0.76
0.76
0.75
0.75
0.75
0.75
0.76
0.76
0.76
0.77
0.77
0.78
0.79
0.79
0.79
0.79
0.79
0.79
0.78
0.77
0.76
0.76
0.76
0.76
0.77
0.78
0.79
0.81
0.83
0.85
0.87
0.88
0.89
0.90
0.91
0.90
0.89
0.84
0.81
0.79
0.77
0.76
0.76
0.66
0.58
0.47
0.41
0.41
0.41
0.41
0.41
0.41
0.41
0.41
0.41
0.40
0.40
0.40
0.40
0.40
0.40
0.41
0.41
0.41
0.42
0.41
0.41
0.41
200.80
194.20
189.50
187.50
189.30
177.90
177.30
179.70
185.50
175.00
167.70
163.80
168.00
186.40
195.20
201.90
196.90
192.00
181.40
182.00
192.90
201.20
212.40
209.20
203.20
195.80
192.60
195.40
198.40
203.10
204.30
206.70
208.60
211.10
212.50
211.60
210.20
208.00
205.70
202.80
200.80
197.40
195.10
191.90
189.40
186.20
184.00
180.70
177.70
174.60
171.50
168.20
165.40
162.10
159.00
155.40
152.20
148.50
144.90
141.30
137.60
133.50
129.50
125.00
121.00
116.50
112.20
107.60
103.00
98.25
93.41
88.53
83.83
78.58
73.75
68.77
63.72
58.45
53.60
48.58
43.60
38.70
33.99
29.21
24.25
19.29
14.61
10.18
6.45
3.63
1.86
1.25
1.22
1.21
1.20
1.18
1.14
1.11
1.08
1.05
1.02
0.99
0.95
0.92
0.89
0.87
0.84
0.82
0.80
0.79
0.78
0.77
0.76
0.75
0.75
0.74
0.74
0.74
0.74
0.73
0.73
0.73
0.73
0.73
0.73
0.73
0.74
0.74
0.75
0.76
0.77
0.78
0.78
0.77
0.74
0.69
0.69
0.68
0.68
0.68
0.68
0.69
0.71
0.73
0.77
0.80
0.85
0.88
0.90
0.92
0.94
0.95
0.94
0.92
0.90
0.88
0.86
0.85
0.73
0.62
0.46
0.40
0.40
0.40
0.39
0.39
0.39
0.39
0.39
0.39
0.39
0.39
0.39
0.39
0.39
0.39
0.39
0.39
0.40
0.41
0.41
