SALVI
1
0
24
15.0
181
1.0
250309 CLAP M 5050 350 F4MC ARFLX
250309 CLAP M 5050 F4MC ARFLX

250309_CLAP_M_5050_F4MC_ARFLX.ldt
27-03-2025/TB
700
3000
90
300
260
0
0
0
0
99.84
100.00
1.00
0.00
1
1
18LEDx5050
4121.40
3000
70
31.10
0.16
0.26
0.36
0.46
0.52
0.63
0.69
0.74
0.80
0.84
0.00
15.00
30.00
45.00
60.00
75.00
90.00
105.00
120.00
135.00
150.00
165.00
180.00
195.00
210.00
225.00
240.00
255.00
270.00
285.00
300.00
315.00
330.00
345.00
0.00
1.00
2.00
3.00
4.00
5.00
6.00
7.00
8.00
9.00
10.00
11.00
12.00
13.00
14.00
15.00
16.00
17.00
18.00
19.00
20.00
21.00
22.00
23.00
24.00
25.00
26.00
27.00
28.00
29.00
30.00
31.00
32.00
33.00
34.00
35.00
36.00
37.00
38.00
39.00
40.00
41.00
42.00
43.00
44.00
45.00
46.00
47.00
48.00
49.00
50.00
51.00
52.00
53.00
54.00
55.00
56.00
57.00
58.00
59.00
60.00
61.00
62.00
63.00
64.00
65.00
66.00
67.00
68.00
69.00
70.00
71.00
72.00
73.00
74.00
75.00
76.00
77.00
78.00
79.00
80.00
81.00
82.00
83.00
84.00
85.00
86.00
87.00
88.00
89.00
90.00
91.00
92.00
93.00
94.00
95.00
96.00
97.00
98.00
99.00
100.00
101.00
102.00
103.00
104.00
105.00
106.00
107.00
108.00
109.00
110.00
111.00
112.00
113.00
114.00
115.00
116.00
117.00
118.00
119.00
120.00
121.00
122.00
123.00
124.00
125.00
126.00
127.00
128.00
129.00
130.00
131.00
132.00
133.00
134.00
135.00
136.00
137.00
138.00
139.00
140.00
141.00
142.00
143.00
144.00
145.00
146.00
147.00
148.00
149.00
150.00
151.00
152.00
153.00
154.00
155.00
156.00
157.00
158.00
159.00
160.00
161.00
162.00
163.00
164.00
165.00
166.00
167.00
168.00
169.00
170.00
171.00
172.00
173.00
174.00
175.00
176.00
177.00
178.00
179.00
180.00
131.60
131.40
132.20
132.90
134.50
135.60
137.30
139.30
141.50
143.60
146.50
148.90
152.50
156.00
159.60
163.50
167.90
172.60
177.00
182.60
187.70
194.30
199.80
206.10
212.50
218.80
226.00
231.60
237.90
244.50
250.40
256.00
262.20
266.70
272.10
277.00
280.50
285.60
289.20
292.70
296.20
298.30
301.20
303.80
305.60
307.20
307.70
307.30
307.30
304.70
302.30
298.70
292.20
286.00
277.50
268.30
256.80
246.00
233.60
220.50
207.90
195.70
182.90
169.80
157.30
142.80
128.40
112.90
96.05
78.89
62.60
48.32
36.18
26.23
20.07
14.89
10.22
6.77
5.07
3.73
2.72
1.69
1.10
0.76
0.56
0.42
0.30
0.19
0.09
0.07
0.07
0.07
0.07
0.07
0.08
0.08
0.09
0.09
0.10
0.10
0.11
0.12
0.12
0.13
0.14
0.14
0.15
0.15
0.16
0.17
0.18
0.18
0.18
0.19
0.19
0.20
0.20
0.20
0.21
0.21
0.22
0.22
0.23
0.23
0.23
0.24
0.24
0.24
0.24
0.24
0.25
0.25
0.26
0.26
0.26
0.26
0.27
0.27
0.27
0.27
0.27
0.27
0.27
0.27
0.27
0.27
0.27
0.27
0.27
0.27
0.27
0.27
0.27
0.27
0.27
0.27
0.27
0.27
0.27
0.27
0.27
0.27
0.27
0.27
0.27
0.27
0.27
0.27
0.27
0.27
0.27
0.27
0.27
0.27
0.27
0.27
0.27
0.27
0.27
0.27
0.28
131.60
132.00
132.90
134.20
135.60
137.50
139.70
142.10
144.90
147.80
151.10
154.80
158.70
163.00
167.40
172.20
177.00
182.00
187.80
193.40
199.30
205.20
211.90
217.60
223.70
230.70
237.20
243.60
250.10
256.20
262.50
269.10
275.10
280.30
287.00
292.00
296.90
302.40
306.90
311.30
315.80
320.10
323.40
327.00
331.80
333.80
337.30
340.30
342.00
345.10
345.70
346.80
348.20
348.00
347.80
347.00
345.20
342.00
338.00
333.70
326.70
319.60
310.20
299.90
288.30
276.60
261.80
246.70
229.40
210.80
191.60
170.70
147.60
124.50
99.53
73.54
51.98
31.24
18.70
13.12
8.68
4.73
1.52
0.89
0.63
0.50
0.37
0.26
0.15
0.08
0.08
0.08
0.08
0.09
0.09
0.09
0.10
0.10
0.11
0.11
0.11
0.12
0.12
0.13
0.13
0.14
0.14
0.15
0.15
0.16
0.16
0.16
0.17
0.18
0.18
0.18
0.19
0.19
0.20
0.20
0.20
0.21
0.21
0.21
0.21
0.21
0.22
0.22
0.22
0.23
0.23
0.23
0.23
0.23
0.23
0.23
0.23
0.24
0.24
0.24
0.24
0.24
0.24
0.24
0.24
0.24
0.24
0.25
0.24
0.24
0.25
0.25
0.25
0.25
0.25
0.26
0.26
0.26
0.26
0.26
0.26
0.27
0.27
0.27
0.27
0.28
0.28
0.28
0.28
0.28
0.29
0.29
0.29
0.30
0.30
0.30
0.31
0.31
0.31
0.31
0.31
131.60
132.20
133.60
135.50
137.00
139.40
142.00
145.40
148.90
152.50
156.70
161.00
165.80
169.80
174.80
179.70
184.50
189.90
194.70
200.10
205.20
210.60
216.10
221.40
227.20
232.80
238.40
244.10
249.80
255.90
261.60
267.70
273.10
279.20
284.70
290.50
296.30
302.20
307.50
313.80
319.90
325.30
331.90
338.20
344.70
350.70
357.10
364.20
371.70
377.20
384.10
389.70
394.50
397.60
402.10
404.50
405.40
405.80
406.50
405.20
403.70
402.00
398.10
393.60
388.10
380.00
368.60
354.20
335.30
312.50
286.20
257.00
224.10
187.90
151.60
118.40
86.10
60.19
34.31
14.23
6.36
3.41
2.05
1.17
0.69
0.49
0.37
0.26
0.18
0.10
0.08
0.07
0.06
0.06
0.06
0.06
0.06
0.06
0.06
0.06
0.06
0.06
0.06
0.06
0.06
0.07
0.07
0.08
0.07
0.08
0.08
0.08
0.08
0.09
0.10
0.10
0.10
0.11
0.11
0.11
0.12
0.12
0.12
0.13
0.13
0.13
0.14
0.14
0.15
0.15
0.15
0.16
0.16
0.16
0.16
0.17
0.17
0.17
0.17
0.17
0.17
0.18
0.18
0.19
0.19
0.19
0.19
0.19
0.20
0.20
0.20
0.20
0.20
0.20
0.20
0.20
0.21
0.21
0.21
0.21
0.21
0.22
0.23
0.23
0.24
0.24
0.24
0.24
0.24
0.24
0.25
0.25
0.26
0.27
0.27
0.28
0.29
0.30
0.30
0.30
0.31
131.50
132.70
134.20
135.70
138.30
140.90
144.20
148.10
151.60
155.90
160.30
164.80
169.50
174.60
179.50
184.50
190.10
194.80
200.10
204.60
209.60
214.50
218.80
223.40
228.50
232.60
237.50
242.60
247.40
252.80
258.40
264.20
269.60
276.50
283.20
289.50
296.00
303.80
310.90
320.50
329.90
342.10
353.70
369.00
386.30
407.20
429.70
451.80
473.60
492.10
509.90
525.70
539.30
552.20
562.60
571.90
575.70
576.10
577.40
573.00
564.60
551.30
536.80
518.20
498.70
476.20
454.00
428.60
400.70
365.30
319.50
269.90
224.50
184.60
140.40
96.50
70.45
52.34
36.78
25.64
16.86
8.70
5.12
2.88
1.37
0.62
0.33
0.23
0.15
0.09
0.05
0.04
0.04
0.04
0.04
0.05
0.05
0.05
0.05
0.05
0.05
0.05
0.05
0.05
0.05
0.05
0.05
0.06
0.06
0.06
0.06
0.07
0.07
0.07
0.07
0.07
0.08
0.08
0.08
0.09
0.09
0.09
0.10
0.10
0.10
0.11
0.11
0.11
0.12
0.12
0.12
0.13
0.13
0.13
0.13
0.14
0.14
0.15
0.15
0.15
0.16
0.16
0.16
0.16
0.17
0.17
0.17
0.17
0.18
0.18
0.18
0.18
0.19
0.19
0.19
0.19
0.20
0.20
0.20
0.21
0.21
0.21
0.22
0.22
0.23
0.23
0.24
0.24
0.25
0.25
0.26
0.27
0.27
0.28
0.29
0.29
0.31
0.31
0.32
0.33
0.33
131.80
133.00
134.70
136.90
139.50
142.80
146.00
150.00
154.30
158.70
163.10
168.20
173.30
178.80
184.20
189.00
194.40
199.60
204.80
209.50
214.10
219.30
223.80
228.70
233.80
239.20
243.40
248.30
253.10
259.00
265.20
271.20
278.10
284.80
292.90
300.40
307.70
316.30
325.60
336.20
347.40
362.30
380.50
401.70
430.10
462.40
498.70
539.30
579.10
618.50
653.40
685.30
715.00
741.80
762.90
778.10
786.40
791.10
789.50
786.30
773.80
757.30
733.60
700.80
657.70
601.90
532.10
460.50
389.90
313.20
242.60
188.00
148.00
118.20
91.92
73.47
55.48
43.43
33.48
25.15
18.58
13.06
8.78
4.68
2.37
1.06
0.44
0.23
0.15
0.10
0.07
0.06
0.05
0.05
0.04
0.04
0.04
0.04
0.04
0.04
0.04
0.04
0.04
0.04
0.04
0.04
0.04
0.04
0.04
0.04
0.04
0.04
0.04
0.04
0.04
0.04
0.04
0.04
0.04
0.05
0.05
0.05
0.05
0.05
0.05
0.06
0.06
0.06
0.07
0.07
0.08
0.08
0.08
0.09
0.09
0.09
0.09
0.10
0.10
0.11
0.12
0.12
0.12
0.12
0.13
0.13
0.13
0.13
0.13
0.14
0.14
0.15
0.15
0.15
0.15
0.16
0.16
0.16
0.17
0.17
0.17
0.18
0.18
0.19
0.19
0.20
0.20
0.21
0.21
0.22
0.23
0.24
0.24
0.25
0.27
0.28
0.28
0.29
0.30
0.31
0.32
131.40
132.90
134.70
137.10
139.90
143.10
146.70
150.50
155.00
159.50
164.20
170.10
175.20
180.50
186.40
191.60
197.10
202.30
207.10
212.00
217.60
223.10
228.30
233.60
239.20
244.60
250.70
256.30
262.90
269.40
276.30
283.20
290.30
297.80
304.70
313.20
321.20
329.10
336.90
344.30
352.10
361.60
374.70
395.50
420.80
450.20
487.80
532.80
587.20
656.80
726.70
798.50
875.10
945.20
998.20
1027.00
1030.00
1016.00
988.10
953.80
905.90
850.20
784.80
702.50
607.40
505.50
401.70
284.10
196.70
109.80
70.26
55.36
45.92
36.70
26.39
21.00
17.01
13.90
11.14
8.84
6.90
5.38
4.21
3.20
2.11
1.39
0.75
0.30
0.12
0.07
0.04
0.03
0.03
0.03
0.03
0.03
0.04
0.03
0.03
0.03
0.03
0.03
0.04
0.04
0.04
0.04
0.04
0.04
0.04
0.04
0.04
0.05
0.05
0.05
0.05
0.05
0.05
0.05
0.05
0.06
0.06
0.06
0.06
0.06
0.06
0.07
0.07
0.07
0.07
0.08
0.08
0.08
0.09
0.09
0.09
0.09
0.10
0.10
0.11
0.11
0.11
0.12
0.12
0.13
0.13
0.13
0.14
0.14
0.14
0.15
0.15
0.16
0.16
0.16
0.17
0.17
0.18
0.18
0.18
0.19
0.19
0.19
0.20
0.20
0.21
0.21
0.22
0.22
0.23
0.23
0.24
0.25
0.26
0.27
0.28
0.29
0.30
0.31
0.32
0.33
0.33
131.60
133.40
134.90
137.40
140.50
144.00
147.40
151.40
155.90
160.70
165.50
170.60
176.00
181.70
187.40
192.90
198.00
202.50
208.60
214.20
219.70
225.00
230.90
236.10
242.80
248.30
255.60
263.50
270.60
276.30
284.90
292.20
299.00
306.40
314.70
322.30
331.00
336.70
344.20
349.60
355.70
363.30
371.00
380.90
401.80
438.70
493.50
567.10
634.70
713.70
812.30
900.80
971.80
1009.00
1018.00
996.20
968.90
950.00
939.90
939.30
928.20
875.40
773.30
627.20
482.80
361.10
250.90
151.70
83.06
64.98
47.60
39.27
33.29
22.85
16.21
13.50
11.45
9.49
7.57
5.95
4.59
3.35
2.27
1.43
0.92
0.61
0.39
0.21
0.13
0.09
0.06
0.06
0.05
0.05
0.04
0.04
0.04
0.04
0.04
0.04
0.04
0.03
0.03
0.03
0.03
0.03
0.03
0.03
0.03
0.03
0.03
0.03
0.04
0.04
0.04
0.04
0.04
0.04
0.04
0.04
0.04
0.04
0.04
0.04
0.04
0.05
0.05
0.05
0.05
0.06
0.06
0.07
0.06
0.06
0.07
0.07
0.08
0.08
0.08
0.09
0.10
0.10
0.11
0.11
0.11
0.11
0.11
0.12
0.12
0.13
0.14
0.14
0.15
0.15
0.15
0.15
0.16
0.16
0.17
0.17
0.18
0.18
0.18
0.18
0.19
0.19
0.20
0.20
0.21
0.21
0.22
0.23
0.24
0.25
0.26
0.27
0.28
0.30
0.30
0.31
0.32
131.40
132.90
134.70
137.10
139.90
143.10
146.70
150.50
155.00
159.50
164.20
170.10
175.20
180.50
186.40
191.60
197.10
202.30
207.10
212.00
217.60
223.10
228.30
233.60
239.20
244.60
250.70
256.30
262.90
269.40
276.30
283.20
290.30
297.80
304.70
313.20
321.20
329.10
336.90
344.30
352.10
361.60
374.70
395.50
420.80
450.20
487.80
532.80
587.20
656.80
726.70
798.50
875.10
945.20
998.20
1027.00
1030.00
1016.00
988.10
953.80
905.90
850.20
784.80
702.50
607.40
505.50
401.70
284.10
196.70
109.80
70.26
55.36
45.92
36.70
26.39
21.00
17.01
13.90
11.14
8.84
6.90
5.38
4.21
3.20
2.11
1.39
0.75
0.30
0.12
0.07
0.04
0.03
0.03
0.03
0.03
0.03
0.04
0.03
0.03
0.03
0.03
0.03
0.04
0.04
0.04
0.04
0.04
0.04
0.04
0.04
0.04
0.05
0.05
0.05
0.05
0.05
0.05
0.05
0.05
0.06
0.06
0.06
0.06
0.06
0.06
0.07
0.07
0.07
0.07
0.08
0.08
0.08
0.09
0.09
0.09
0.09
0.10
0.10
0.11
0.11
0.11
0.12
0.12
0.13
0.13
0.13
0.14
0.14
0.14
0.15
0.15
0.16
0.16
0.16
0.17
0.17
0.18
0.18
0.18
0.19
0.19
0.19
0.20
0.20
0.21
0.21
0.22
0.22
0.23
0.23
0.24
0.25
0.26
0.27
0.28
0.29
0.30
0.31
0.32
0.33
0.33
131.80
133.00
134.70
136.90
139.50
142.80
146.00
150.00
154.30
158.70
163.10
168.20
173.30
178.80
184.20
189.00
194.40
199.60
204.80
209.50
214.10
219.30
223.80
228.70
233.80
239.20
243.40
248.30
253.10
259.00
265.20
271.20
278.10
284.80
292.90
300.40
307.70
316.30
325.60
336.20
347.40
362.30
380.50
401.70
430.10
462.40
498.70
539.30
579.10
618.50
653.40
685.30
715.00
741.80
762.90
778.10
786.40
791.10
789.50
786.30
773.80
757.30
733.60
700.80
657.70
601.90
532.10
460.50
389.90
313.20
242.60
188.00
148.00
118.20
91.92
73.47
55.48
43.43
33.48
25.15
18.58
13.06
8.78
4.68
2.37
1.06
0.44
0.23
0.15
0.10
0.07
0.06
0.05
0.05
0.04
0.04
0.04
0.04
0.04
0.04
0.04
0.04
0.04
0.04
0.04
0.04
0.04
0.04
0.04
0.04
0.04
0.04
0.04
0.04
0.04
0.04
0.04
0.04
0.04
0.05
0.05
0.05
0.05
0.05
0.05
0.06
0.06
0.06
0.07
0.07
0.08
0.08
0.08
0.09
0.09
0.09
0.09
0.10
0.10
0.11
0.12
0.12
0.12
0.12
0.13
0.13
0.13
0.13
0.13
0.14
0.14
0.15
0.15
0.15
0.15
0.16
0.16
0.16
0.17
0.17
0.17
0.18
0.18
0.19
0.19
0.20
0.20
0.21
0.21
0.22
0.23
0.24
0.24
0.25
0.27
0.28
0.28
0.29
0.30
0.31
0.32
131.50
132.70
134.20
135.70
138.30
140.90
144.20
148.10
151.60
155.90
160.30
164.80
169.50
174.60
179.50
184.50
190.10
194.80
200.10
204.60
209.60
214.50
218.80
223.40
228.50
232.60
237.50
242.60
247.40
252.80
258.40
264.20
269.60
276.50
283.20
289.50
296.00
303.80
310.90
320.50
329.90
342.10
353.70
369.00
386.30
407.20
429.70
451.80
473.60
492.10
509.90
525.70
539.30
552.20
562.60
571.90
575.70
576.10
577.40
573.00
564.60
551.30
536.80
518.20
498.70
476.20
454.00
428.60
400.70
365.30
319.50
269.90
224.50
184.60
140.40
96.50
70.45
52.34
36.78
25.64
16.86
8.70
5.12
2.88
1.37
0.62
0.33
0.23
0.15
0.09
0.05
0.04
0.04
0.04
0.04
0.05
0.05
0.05
0.05
0.05
0.05
0.05
0.05
0.05
0.05
0.05
0.05
0.06
0.06
0.06
0.06
0.07
0.07
0.07
0.07
0.07
0.08
0.08
0.08
0.09
0.09
0.09
0.10
0.10
0.10
0.11
0.11
0.11
0.12
0.12
0.12
0.13
0.13
0.13
0.13
0.14
0.14
0.15
0.15
0.15
0.16
0.16
0.16
0.16
0.17
0.17
0.17
0.17
0.18
0.18
0.18
0.18
0.19
0.19
0.19
0.19
0.20
0.20
0.20
0.21
0.21
0.21
0.22
0.22
0.23
0.23
0.24
0.24
0.25
0.25
0.26
0.27
0.27
0.28
0.29
0.29
0.31
0.31
0.32
0.33
0.33
131.60
132.20
133.60
135.50
137.00
139.40
142.00
145.40
148.90
152.50
156.70
161.00
165.80
169.80
174.80
179.70
184.50
189.90
194.70
200.10
205.20
210.60
216.10
221.40
227.20
232.80
238.40
244.10
249.80
255.90
261.60
267.70
273.10
279.20
284.70
290.50
296.30
302.20
307.50
313.80
319.90
325.30
331.90
338.20
344.70
350.70
357.10
364.20
371.70
377.20
384.10
389.70
394.50
397.60
402.10
404.50
405.40
405.80
406.50
405.20
403.70
402.00
398.10
393.60
388.10
380.00
368.60
354.20
335.30
312.50
286.20
257.00
224.10
187.90
151.60
118.40
86.10
60.19
34.31
14.23
6.36
3.41
2.05
1.17
0.69
0.49
0.37
0.26
0.18
0.10
0.08
0.07
0.06
0.06
0.06
0.06
0.06
0.06
0.06
0.06
0.06
0.06
0.06
0.06
0.06
0.07
0.07
0.08
0.07
0.08
0.08
0.08
0.08
0.09
0.10
0.10
0.10
0.11
0.11
0.11
0.12
0.12
0.12
0.13
0.13
0.13
0.14
0.14
0.15
0.15
0.15
0.16
0.16
0.16
0.16
0.17
0.17
0.17
0.17
0.17
0.17
0.18
0.18
0.19
0.19
0.19
0.19
0.19
0.20
0.20
0.20
0.20
0.20
0.20
0.20
0.20
0.21
0.21
0.21
0.21
0.21
0.22
0.23
0.23
0.24
0.24
0.24
0.24
0.24
0.24
0.25
0.25
0.26
0.27
0.27
0.28
0.29
0.30
0.30
0.30
0.31
131.60
132.00
132.90
134.20
135.60
137.50
139.70
142.10
144.90
147.80
151.10
154.80
158.70
163.00
167.40
172.20
177.00
182.00
187.80
193.40
199.30
205.20
211.90
217.60
223.70
230.70
237.20
243.60
250.10
256.20
262.50
269.10
275.10
280.30
287.00
292.00
296.90
302.40
306.90
311.30
315.80
320.10
323.40
327.00
331.80
333.80
337.30
340.30
342.00
345.10
345.70
346.80
348.20
348.00
347.80
347.00
345.20
342.00
338.00
333.70
326.70
319.60
310.20
299.90
288.30
276.60
261.80
246.70
229.40
210.80
191.60
170.70
147.60
124.50
99.53
73.54
51.98
31.24
18.70
13.12
8.68
4.73
1.52
0.89
0.63
0.50
0.37
0.26
0.15
0.08
0.08
0.08
0.08
0.09
0.09
0.09
0.10
0.10
0.11
0.11
0.11
0.12
0.12
0.13
0.13
0.14
0.14
0.15
0.15
0.16
0.16
0.16
0.17
0.18
0.18
0.18
0.19
0.19
0.20
0.20
0.20
0.21
0.21
0.21
0.21
0.21
0.22
0.22
0.22
0.23
0.23
0.23
0.23
0.23
0.23
0.23
0.23
0.24
0.24
0.24
0.24
0.24
0.24
0.24
0.24
0.24
0.24
0.25
0.24
0.24
0.25
0.25
0.25
0.25
0.25
0.26
0.26
0.26
0.26
0.26
0.26
0.27
0.27
0.27
0.27
0.28
0.28
0.28
0.28
0.28
0.29
0.29
0.29
0.30
0.30
0.30
0.31
0.31
0.31
0.31
0.31
131.60
131.40
132.20
132.90
134.50
135.60
137.30
139.30
141.50
143.60
146.50
148.90
152.50
156.00
159.60
163.50
167.90
172.60
177.00
182.60
187.70
194.30
199.80
206.10
212.50
218.80
226.00
231.60
237.90
244.50
250.40
256.00
262.20
266.70
272.10
277.00
280.50
285.60
289.20
292.70
296.20
298.30
301.20
303.80
305.60
307.20
307.70
307.30
307.30
304.70
302.30
298.70
292.20
286.00
277.50
268.30
256.80
246.00
233.60
220.50
207.90
195.70
182.90
169.80
157.30
142.80
128.40
112.90
96.05
78.89
62.60
48.32
36.18
26.23
20.07
14.89
10.22
6.77
5.07
3.73
2.72
1.69
1.10
0.76
0.56
0.42
0.30
0.19
0.09
0.07
0.07
0.07
0.07
0.07
0.08
0.08
0.09
0.09
0.10
0.10
0.11
0.12
0.12
0.13
0.14
0.14
0.15
0.15
0.16
0.17
0.18
0.18
0.18
0.19
0.19
0.20
0.20
0.20
0.21
0.21
0.22
0.22
0.23
0.23
0.23
0.24
0.24
0.24
0.24
0.24
0.25
0.25
0.26
0.26
0.26
0.26
0.27
0.27
0.27
0.27
0.27
0.27
0.27
0.27
0.27
0.27
0.27
0.27
0.27
0.27
0.27
0.27
0.27
0.27
0.27
0.27
0.27
0.27
0.27
0.27
0.27
0.27
0.27
0.27
0.27
0.27
0.27
0.27
0.27
0.27
0.27
0.27
0.27
0.27
0.27
0.27
0.27
0.27
0.27
0.27
0.28
131.60
131.20
131.50
132.20
132.80
133.60
135.10
136.40
138.00
139.80
141.50
143.40
145.30
147.50
149.90
152.40
155.00
158.00
161.40
165.70
169.60
174.20
178.70
183.70
188.70
193.90
199.40
204.10
208.90
213.10
217.00
219.40
221.90
222.70
222.20
221.00
217.90
213.00
207.40
200.00
191.70
183.00
174.30
165.20
155.40
144.30
132.10
117.20
101.10
84.51
69.70
54.91
44.36
36.04
29.14
23.45
19.70
17.78
16.77
15.98
15.36
14.78
14.16
13.57
13.00
12.39
11.84
11.29
10.71
10.18
9.57
8.98
8.34
7.67
6.99
6.20
5.33
4.40
3.58
2.80
2.11
1.55
1.12
0.77
0.57
0.43
0.31
0.19
0.14
0.13
0.13
0.13
0.13
0.14
0.15
0.15
0.16
0.16
0.18
0.18
0.19
0.20
0.20
0.21
0.22
0.22
0.23
0.24
0.25
0.25
0.26
0.26
0.26
0.27
0.27
0.28
0.28
0.28
0.28
0.28
0.28
0.29
0.29
0.29
0.29
0.30
0.30
0.30
0.30
0.30
0.31
0.31
0.32
0.33
0.33
0.34
0.34
0.34
0.35
0.35
0.36
0.36
0.36
0.36
0.36
0.37
0.37
0.38
0.38
0.38
0.38
0.38
0.38
0.38
0.38
0.38
0.38
0.38
0.37
0.37
0.37
0.37
0.36
0.36
0.36
0.35
0.35
0.35
0.34
0.34
0.34
0.33
0.33
0.32
0.32
0.32
0.32
0.32
0.32
0.32
0.32
131.60
131.20
131.10
131.20
131.50
132.20
132.50
133.30
133.90
134.70
135.40
136.50
137.10
138.10
138.90
140.30
141.70
142.90
144.90
146.60
148.80
150.70
152.10
153.10
153.20
152.90
151.20
147.70
143.70
137.50
131.00
123.40
116.80
110.00
103.80
97.10
88.98
79.00
67.75
56.64
46.72
39.01
32.95
27.64
24.19
22.63
21.91
21.44
21.01
20.57
20.20
19.74
19.36
18.92
18.55
18.13
17.74
17.40
17.05
16.70
16.33
15.99
15.61
15.20
14.84
14.48
14.19
13.83
13.51
13.17
12.79
12.36
11.90
11.42
10.76
9.98
9.12
8.06
6.50
5.01
3.45
2.26
1.41
0.82
0.52
0.38
0.25
0.16
0.16
0.16
0.18
0.18
0.19
0.20
0.21
0.22
0.23
0.24
0.25
0.26
0.28
0.29
0.29
0.30
0.31
0.32
0.33
0.34
0.34
0.35
0.36
0.36
0.36
0.37
0.37
0.37
0.37
0.38
0.38
0.38
0.38
0.38
0.38
0.39
0.39
0.39
0.40
0.40
0.40
0.41
0.41
0.42
0.42
0.44
0.44
0.44
0.45
0.45
0.46
0.46
0.47
0.47
0.47
0.47
0.47
0.47
0.47
0.47
0.47
0.46
0.46
0.45
0.45
0.44
0.44
0.43
0.43
0.43
0.41
0.41
0.40
0.39
0.39
0.38
0.37
0.37
0.36
0.35
0.35
0.34
0.34
0.33
0.33
0.33
0.33
0.33
0.33
0.33
0.32
0.32
0.32
131.50
130.90
130.50
130.30
130.60
130.80
130.80
131.60
131.60
132.30
132.30
132.80
133.20
133.50
133.60
134.20
134.40
134.80
133.80
132.00
129.40
125.50
119.90
112.90
104.20
95.38
87.18
79.81
73.77
67.77
60.51
52.32
43.93
37.11
32.24
28.98
26.83
25.93
25.48
25.26
24.96
24.76
24.53
24.43
24.22
24.08
23.95
23.87
23.73
23.74
23.67
23.65
23.59
23.53
23.33
23.08
22.73
22.36
21.91
21.50
21.11
20.64
20.08
19.50
18.81
18.05
17.21
16.36
15.41
14.35
13.12
11.88
10.72
9.58
8.58
7.58
6.49
5.29
4.19
3.19
2.31
1.58
1.04
0.69
0.49
0.34
0.22
0.18
0.17
0.17
0.18
0.19
0.20
0.21
0.22
0.23
0.26
0.26
0.27
0.29
0.30
0.31
0.32
0.33
0.34
0.35
0.36
0.37
0.38
0.39
0.39
0.40
0.41
0.41
0.41
0.41
0.42
0.42
0.42
0.42
0.42
0.43
0.43
0.43
0.43
0.43
0.43
0.43
0.43
0.44
0.44
0.45
0.45
0.46
0.46
0.47
0.48
0.49
0.50
0.50
0.51
0.52
0.52
0.53
0.53
0.53
0.54
0.54
0.54
0.54
0.54
0.54
0.54
0.53
0.53
0.52
0.50
0.50
0.48
0.48
0.47
0.45
0.45
0.44
0.42
0.41
0.41
0.39
0.39
0.38
0.37
0.36
0.36
0.35
0.35
0.34
0.34
0.34
0.34
0.33
0.33
131.80
130.90
130.40
130.10
130.00
130.30
130.20
130.40
130.40
130.30
130.70
130.60
130.80
130.50
130.20
129.80
127.60
124.50
120.20
113.90
106.00
96.42
87.00
78.37
71.65
65.66
58.80
50.98
42.86
36.43
32.16
29.48
28.07
27.57
27.53
27.48
27.50
27.49
27.54
27.55
27.57
27.62
27.69
27.65
27.59
27.38
27.14
26.79
26.38
26.00
25.49
25.02
24.51
24.06
23.54
23.05
22.54
21.96
21.36
20.68
19.99
19.27
18.47
17.70
16.82
15.95
14.99
14.00
12.97
12.05
11.19
10.40
9.57
8.72
7.82
6.83
5.87
4.96
4.08
3.24
2.35
1.48
0.89
0.67
0.49
0.27
0.16
0.17
0.18
0.19
0.21
0.22
0.24
0.25
0.26
0.28
0.29
0.31
0.32
0.33
0.34
0.36
0.37
0.38
0.39
0.40
0.42
0.43
0.43
0.44
0.45
0.45
0.46
0.46
0.47
0.47
0.47
0.47
0.47
0.47
0.47
0.46
0.46
0.46
0.46
0.46
0.46
0.46
0.46
0.47
0.47
0.47
0.48
0.50
0.51
0.52
0.53
0.54
0.55
0.56
0.57
0.58
0.58
0.59
0.59
0.59
0.59
0.59
0.59
0.59
0.58
0.58
0.57
0.56
0.55
0.54
0.53
0.52
0.50
0.49
0.48
0.46
0.45
0.44
0.42
0.41
0.40
0.38
0.37
0.36
0.35
0.35
0.34
0.34
0.33
0.33
0.33
0.33
0.33
0.32
0.32
131.40
130.40
130.00
129.50
129.90
129.30
129.40
129.60
129.30
129.00
129.20
128.90
128.60
128.00
126.80
123.80
119.70
113.80
105.80
96.12
85.98
76.80
70.36
63.93
57.08
48.92
41.01
35.17
31.59
29.36
28.54
28.34
28.43
28.49
28.60
28.73
28.87
29.01
28.93
28.83
28.62
28.53
28.26
28.02
27.75
27.37
26.95
26.58
25.99
25.46
24.90
24.29
23.66
22.94
22.29
21.56
20.89
20.18
19.40
18.64
17.92
17.22
16.47
15.73
14.98
14.10
13.23
12.35
11.52
10.77
10.08
9.36
8.54
7.69
6.82
6.01
5.16
4.29
3.50
2.82
2.17
1.59
1.10
0.75
0.49
0.32
0.17
0.16
0.16
0.17
0.19
0.20
0.22
0.24
0.25
0.27
0.28
0.30
0.31
0.33
0.34
0.35
0.36
0.38
0.39
0.40
0.41
0.43
0.44
0.45
0.46
0.47
0.47
0.48
0.48
0.48
0.48
0.48
0.48
0.49
0.49
0.49
0.49
0.49
0.49
0.49
0.48
0.48
0.48
0.48
0.48
0.48
0.48
0.49
0.50
0.51
0.52
0.54
0.55
0.57
0.57
0.59
0.60
0.61
0.61
0.62
0.63
0.63
0.63
0.63
0.63
0.63
0.63
0.62
0.61
0.60
0.59
0.57
0.56
0.54
0.53
0.51
0.50
0.48
0.46
0.45
0.43
0.42
0.40
0.39
0.38
0.37
0.36
0.35
0.35
0.35
0.34
0.34
0.34
0.34
0.34
131.60
130.90
130.00
129.60
129.90
129.30
129.30
129.40
129.00
128.90
128.80
128.30
128.00
127.50
125.20
122.00
116.90
110.20
101.00
90.90
80.69
72.37
66.38
59.80
52.25
44.08
37.37
32.88
30.16
28.90
28.54
28.60
28.67
28.73
28.83
28.98
29.13
29.08
29.04
29.03
28.86
28.70
28.39
28.15
27.77
27.30
26.74
26.12
25.60
24.99
24.33
23.78
23.05
22.38
21.75
21.04
20.35
19.67
18.88
18.19
17.37
16.68
15.82
15.05
14.16
13.36
12.58
11.77
11.02
10.37
9.69
9.01
8.22
7.32
6.50
5.74
4.96
4.11
3.41
2.79
2.19
1.68
1.24
0.87
0.60
0.41
0.19
0.16
0.17
0.19
0.21
0.23
0.24
0.27
0.28
0.29
0.31
0.33
0.34
0.36
0.37
0.38
0.40
0.41
0.42
0.43
0.45
0.46
0.47
0.48
0.49
0.50
0.50
0.50
0.50
0.50
0.50
0.50
0.50
0.50
0.50
0.50
0.49
0.49
0.49
0.49
0.48
0.48
0.48
0.49
0.49
0.49
0.49
0.52
0.53
0.54
0.55
0.57
0.58
0.60
0.61
0.62
0.63
0.64
0.64
0.64
0.64
0.64
0.64
0.64
0.64
0.63
0.62
0.61
0.60
0.59
0.58
0.56
0.55
0.53
0.52
0.50
0.48
0.47
0.45
0.43
0.42
0.40
0.38
0.37
0.36
0.34
0.34
0.34
0.34
0.34
0.33
0.33
0.33
0.33
0.33
131.40
130.40
130.00
129.50
129.90
129.30
129.40
129.60
129.30
129.00
129.20
128.90
128.60
128.00
126.80
123.80
119.70
113.80
105.80
96.12
85.98
76.80
70.36
63.93
57.08
48.92
41.01
35.17
31.59
29.36
28.54
28.34
28.43
28.49
28.60
28.73
28.87
29.01
28.93
28.83
28.62
28.53
28.26
28.02
27.75
27.37
26.95
26.58
25.99
25.46
24.90
24.29
23.66
22.94
22.29
21.56
20.89
20.18
19.40
18.64
17.92
17.22
16.47
15.73
14.98
14.10
13.23
12.35
11.52
10.77
10.08
9.36
8.54
7.69
6.82
6.01
5.16
4.29
3.50
2.82
2.17
1.59
1.10
0.75
0.49
0.32
0.17
0.16
0.16
0.17
0.19
0.20
0.22
0.24
0.25
0.27
0.28
0.30
0.31
0.33
0.34
0.35
0.36
0.38
0.39
0.40
0.41
0.43
0.44
0.45
0.46
0.47
0.47
0.48
0.48
0.48
0.48
0.48
0.48
0.49
0.49
0.49
0.49
0.49
0.49
0.49
0.48
0.48
0.48
0.48
0.48
0.48
0.48
0.49
0.50
0.51
0.52
0.54
0.55
0.57
0.57
0.59
0.60
0.61
0.61
0.62
0.63
0.63
0.63
0.63
0.63
0.63
0.63
0.62
0.61
0.60
0.59
0.57
0.56
0.54
0.53
0.51
0.50
0.48
0.46
0.45
0.43
0.42
0.40
0.39
0.38
0.37
0.36
0.35
0.35
0.35
0.34
0.34
0.34
0.34
0.34
131.80
130.90
130.40
130.10
130.00
130.30
130.20
130.40
130.40
130.30
130.70
130.60
130.80
130.50
130.20
129.80
127.60
124.50
120.20
113.90
106.00
96.42
87.00
78.37
71.65
65.66
58.80
50.98
42.86
36.43
32.16
29.48
28.07
27.57
27.53
27.48
27.50
27.49
27.54
27.55
27.57
27.62
27.69
27.65
27.59
27.38
27.14
26.79
26.38
26.00
25.49
25.02
24.51
24.06
23.54
23.05
22.54
21.96
21.36
20.68
19.99
19.27
18.47
17.70
16.82
15.95
14.99
14.00
12.97
12.05
11.19
10.40
9.57
8.72
7.82
6.83
5.87
4.96
4.08
3.24
2.35
1.48
0.89
0.67
0.49
0.27
0.16
0.17
0.18
0.19
0.21
0.22
0.24
0.25
0.26
0.28
0.29
0.31
0.32
0.33
0.34
0.36
0.37
0.38
0.39
0.40
0.42
0.43
0.43
0.44
0.45
0.45
0.46
0.46
0.47
0.47
0.47
0.47
0.47
0.47
0.47
0.46
0.46
0.46
0.46
0.46
0.46
0.46
0.46
0.47
0.47
0.47
0.48
0.50
0.51
0.52
0.53
0.54
0.55
0.56
0.57
0.58
0.58
0.59
0.59
0.59
0.59
0.59
0.59
0.59
0.58
0.58
0.57
0.56
0.55
0.54
0.53
0.52
0.50
0.49
0.48
0.46
0.45
0.44
0.42
0.41
0.40
0.38
0.37
0.36
0.35
0.35
0.34
0.34
0.33
0.33
0.33
0.33
0.33
0.32
0.32
131.50
130.90
130.50
130.30
130.60
130.80
130.80
131.60
131.60
132.30
132.30
132.80
133.20
133.50
133.60
134.20
134.40
134.80
133.80
132.00
129.40
125.50
119.90
112.90
104.20
95.38
87.18
79.81
73.77
67.77
60.51
52.32
43.93
37.11
32.24
28.98
26.83
25.93
25.48
25.26
24.96
24.76
24.53
24.43
24.22
24.08
23.95
23.87
23.73
23.74
23.67
23.65
23.59
23.53
23.33
23.08
22.73
22.36
21.91
21.50
21.11
20.64
20.08
19.50
18.81
18.05
17.21
16.36
15.41
14.35
13.12
11.88
10.72
9.58
8.58
7.58
6.49
5.29
4.19
3.19
2.31
1.58
1.04
0.69
0.49
0.34
0.22
0.18
0.17
0.17
0.18
0.19
0.20
0.21
0.22
0.23
0.26
0.26
0.27
0.29
0.30
0.31
0.32
0.33
0.34
0.35
0.36
0.37
0.38
0.39
0.39
0.40
0.41
0.41
0.41
0.41
0.42
0.42
0.42
0.42
0.42
0.43
0.43
0.43
0.43
0.43
0.43
0.43
0.43
0.44
0.44
0.45
0.45
0.46
0.46
0.47
0.48
0.49
0.50
0.50
0.51
0.52
0.52
0.53
0.53
0.53
0.54
0.54
0.54
0.54
0.54
0.54
0.54
0.53
0.53
0.52
0.50
0.50
0.48
0.48
0.47
0.45
0.45
0.44
0.42
0.41
0.41
0.39
0.39
0.38
0.37
0.36
0.36
0.35
0.35
0.34
0.34
0.34
0.34
0.33
0.33
131.60
131.20
131.10
131.20
131.50
132.20
132.50
133.30
133.90
134.70
135.40
136.50
137.10
138.10
138.90
140.30
141.70
142.90
144.90
146.60
148.80
150.70
152.10
153.10
153.20
152.90
151.20
147.70
143.70
137.50
131.00
123.40
116.80
110.00
103.80
97.10
88.98
79.00
67.75
56.64
46.72
39.01
32.95
27.64
24.19
22.63
21.91
21.44
21.01
20.57
20.20
19.74
19.36
18.92
18.55
18.13
17.74
17.40
17.05
16.70
16.33
15.99
15.61
15.20
14.84
14.48
14.19
13.83
13.51
13.17
12.79
12.36
11.90
11.42
10.76
9.98
9.12
8.06
6.50
5.01
3.45
2.26
1.41
0.82
0.52
0.38
0.25
0.16
0.16
0.16
0.18
0.18
0.19
0.20
0.21
0.22
0.23
0.24
0.25
0.26
0.28
0.29
0.29
0.30
0.31
0.32
0.33
0.34
0.34
0.35
0.36
0.36
0.36
0.37
0.37
0.37
0.37
0.38
0.38
0.38
0.38
0.38
0.38
0.39
0.39
0.39
0.40
0.40
0.40
0.41
0.41
0.42
0.42
0.44
0.44
0.44
0.45
0.45
0.46
0.46
0.47
0.47
0.47
0.47
0.47
0.47
0.47
0.47
0.47
0.46
0.46
0.45
0.45
0.44
0.44
0.43
0.43
0.43
0.41
0.41
0.40
0.39
0.39
0.38
0.37
0.37
0.36
0.35
0.35
0.34
0.34
0.33
0.33
0.33
0.33
0.33
0.33
0.33
0.32
0.32
0.32
131.60
131.20
131.50
132.20
132.80
133.60
135.10
136.40
138.00
139.80
141.50
143.40
145.30
147.50
149.90
152.40
155.00
158.00
161.40
165.70
169.60
174.20
178.70
183.70
188.70
193.90
199.40
204.10
208.90
213.10
217.00
219.40
221.90
222.70
222.20
221.00
217.90
213.00
207.40
200.00
191.70
183.00
174.30
165.20
155.40
144.30
132.10
117.20
101.10
84.51
69.70
54.91
44.36
36.04
29.14
23.45
19.70
17.78
16.77
15.98
15.36
14.78
14.16
13.57
13.00
12.39
11.84
11.29
10.71
10.18
9.57
8.98
8.34
7.67
6.99
6.20
5.33
4.40
3.58
2.80
2.11
1.55
1.12
0.77
0.57
0.43
0.31
0.19
0.14
0.13
0.13
0.13
0.13
0.14
0.15
0.15
0.16
0.16
0.18
0.18
0.19
0.20
0.20
0.21
0.22
0.22
0.23
0.24
0.25
0.25
0.26
0.26
0.26
0.27
0.27
0.28
0.28
0.28
0.28
0.28
0.28
0.29
0.29
0.29
0.29
0.30
0.30
0.30
0.30
0.30
0.31
0.31
0.32
0.33
0.33
0.34
0.34
0.34
0.35
0.35
0.36
0.36
0.36
0.36
0.36
0.37
0.37
0.38
0.38
0.38
0.38
0.38
0.38
0.38
0.38
0.38
0.38
0.38
0.37
0.37
0.37
0.37
0.36
0.36
0.36
0.35
0.35
0.35
0.34
0.34
0.34
0.33
0.33
0.32
0.32
0.32
0.32
0.32
0.32
0.32
0.32
