SALVI
1
0
24
15.0
181
1.0
250413 B FLIT Y50 3000K 350 F5M1
250413 B FLIT Y50 3000K F5M1

250413_B_FLIT_Y50_3000K_F5M1.ldt
30 d'Abril de 2025/TB
160
190
60
115
0
0
0
0
0
97.96
100.00
1.00
0.00
1
1
6LEDS Y50
2728.30
3000
70
25.60
0.14
0.23
0.32
0.40
0.47
0.57
0.63
0.69
0.76
0.80
0.00
15.00
30.00
45.00
60.00
75.00
90.00
105.00
120.00
135.00
150.00
165.00
180.00
195.00
210.00
225.00
240.00
255.00
270.00
285.00
300.00
315.00
330.00
345.00
0.00
1.00
2.00
3.00
4.00
5.00
6.00
7.00
8.00
9.00
10.00
11.00
12.00
13.00
14.00
15.00
16.00
17.00
18.00
19.00
20.00
21.00
22.00
23.00
24.00
25.00
26.00
27.00
28.00
29.00
30.00
31.00
32.00
33.00
34.00
35.00
36.00
37.00
38.00
39.00
40.00
41.00
42.00
43.00
44.00
45.00
46.00
47.00
48.00
49.00
50.00
51.00
52.00
53.00
54.00
55.00
56.00
57.00
58.00
59.00
60.00
61.00
62.00
63.00
64.00
65.00
66.00
67.00
68.00
69.00
70.00
71.00
72.00
73.00
74.00
75.00
76.00
77.00
78.00
79.00
80.00
81.00
82.00
83.00
84.00
85.00
86.00
87.00
88.00
89.00
90.00
91.00
92.00
93.00
94.00
95.00
96.00
97.00
98.00
99.00
100.00
101.00
102.00
103.00
104.00
105.00
106.00
107.00
108.00
109.00
110.00
111.00
112.00
113.00
114.00
115.00
116.00
117.00
118.00
119.00
120.00
121.00
122.00
123.00
124.00
125.00
126.00
127.00
128.00
129.00
130.00
131.00
132.00
133.00
134.00
135.00
136.00
137.00
138.00
139.00
140.00
141.00
142.00
143.00
144.00
145.00
146.00
147.00
148.00
149.00
150.00
151.00
152.00
153.00
154.00
155.00
156.00
157.00
158.00
159.00
160.00
161.00
162.00
163.00
164.00
165.00
166.00
167.00
168.00
169.00
170.00
171.00
172.00
173.00
174.00
175.00
176.00
177.00
178.00
179.00
180.00
135.90
135.90
136.10
136.50
137.00
137.60
138.10
138.60
139.30
140.10
140.90
141.90
142.90
143.80
145.20
146.20
147.40
149.00
150.30
151.70
153.70
156.30
158.80
161.80
164.60
168.00
170.70
173.50
177.60
182.10
187.10
192.80
199.50
206.90
213.10
217.50
219.10
220.90
224.00
227.10
230.70
234.70
239.40
245.60
252.20
258.20
264.70
271.30
278.50
284.40
291.80
300.20
308.40
318.20
329.10
340.30
352.60
363.00
370.90
376.00
376.30
372.20
365.10
356.10
347.70
339.10
327.30
311.80
292.80
268.50
244.90
213.10
175.00
116.70
69.06
56.50
50.83
45.37
39.92
33.44
25.89
22.04
18.57
15.06
11.89
9.37
7.10
4.84
2.71
1.22
0.35
0.35
0.35
0.36
0.36
0.37
0.38
0.39
0.40
0.40
0.40
0.41
0.41
0.42
0.43
0.43
0.44
0.45
0.45
0.46
0.46
0.47
0.47
0.47
0.47
0.47
0.47
0.47
0.48
0.48
0.47
0.47
0.47
0.47
0.46
0.46
0.46
0.46
0.46
0.45
0.46
0.46
0.46
0.46
0.46
0.46
0.46
0.45
0.45
0.45
0.45
0.45
0.44
0.44
0.43
0.43
0.43
0.42
0.41
0.41
0.40
0.39
0.39
0.38
0.37
0.37
0.36
0.35
0.34
0.34
0.33
0.32
0.31
0.31
0.30
0.30
0.29
0.29
0.28
0.28
0.28
0.27
0.27
0.26
0.26
0.26
0.26
0.25
0.25
0.25
0.25
135.50
135.90
136.30
137.10
138.10
138.40
139.70
140.40
141.20
142.80
143.90
145.50
147.20
148.30
150.00
151.50
153.00
155.10
157.10
158.80
160.70
163.30
165.60
168.40
171.40
174.50
177.10
179.50
182.70
186.80
190.90
196.60
202.80
209.80
215.80
220.10
221.80
224.50
228.10
232.10
236.60
240.70
245.80
251.70
257.30
263.50
270.00
276.70
283.00
289.20
297.20
304.50
312.30
320.90
329.90
340.20
351.70
362.40
372.70
380.50
385.10
385.90
381.90
374.80
364.80
354.70
340.40
324.10
304.20
282.30
259.50
233.10
199.50
159.80
99.46
60.24
48.95
42.68
37.24
31.16
26.49
23.23
19.15
14.81
11.70
10.31
9.27
8.17
6.97
5.90
4.88
4.79
4.75
4.71
4.66
4.62
4.58
4.53
4.49
4.45
4.40
4.34
4.28
4.22
4.17
4.10
4.02
3.95
3.87
3.79
3.70
3.61
3.54
3.45
3.36
3.28
3.19
3.10
3.02
2.93
2.84
2.76
2.67
2.59
2.51
2.43
2.35
2.27
2.20
2.13
2.06
1.99
1.92
1.85
1.80
1.73
1.67
1.61
1.56
1.50
1.45
1.40
1.34
1.29
1.25
1.20
1.16
1.11
1.06
1.01
0.97
0.93
0.89
0.84
0.81
0.77
0.73
0.69
0.66
0.62
0.59
0.56
0.53
0.50
0.48
0.45
0.43
0.41
0.38
0.36
0.34
0.32
0.31
0.30
0.30
0.28
0.28
0.28
0.28
0.28
0.28
135.40
135.90
136.70
137.70
139.30
140.80
142.60
143.80
145.50
147.30
148.50
150.20
152.30
153.90
155.70
157.00
158.40
160.20
161.90
163.80
165.80
167.70
169.90
172.30
175.50
178.40
181.80
185.70
189.50
193.00
196.80
202.10
207.20
212.40
217.50
221.90
225.00
228.60
233.60
239.00
244.60
250.50
256.20
262.00
268.80
275.30
281.70
288.40
296.10
303.80
312.40
320.20
328.90
337.70
347.10
356.50
367.20
378.50
388.20
399.40
408.50
415.10
417.90
413.40
401.50
383.50
361.80
337.70
312.30
285.20
255.70
225.50
196.40
167.80
138.70
103.30
67.82
48.38
40.19
34.59
30.85
27.40
24.07
20.89
17.65
16.05
14.76
13.61
12.31
11.27
10.12
9.91
9.78
9.67
9.55
9.42
9.29
9.16
9.04
8.89
8.76
8.63
8.47
8.30
8.12
7.94
7.74
7.55
7.34
7.15
6.94
6.73
6.54
6.33
6.13
5.91
5.72
5.52
5.34
5.14
4.97
4.78
4.61
4.44
4.27
4.11
3.95
3.80
3.65
3.51
3.37
3.23
3.10
2.98
2.86
2.74
2.63
2.52
2.41
2.31
2.21
2.11
2.01
1.92
1.84
1.76
1.67
1.59
1.51
1.44
1.37
1.29
1.24
1.18
1.11
1.05
0.99
0.93
0.88
0.83
0.78
0.73
0.69
0.65
0.61
0.57
0.53
0.50
0.46
0.42
0.38
0.36
0.34
0.32
0.31
0.30
0.29
0.29
0.29
0.29
0.28
135.60
135.80
137.50
138.70
140.80
142.90
144.50
147.10
148.70
151.30
152.70
154.60
155.90
157.90
159.40
161.50
163.40
164.80
166.60
168.50
170.90
173.20
175.70
178.50
181.80
184.80
188.10
192.00
196.50
200.30
204.70
208.00
212.10
216.30
220.30
225.30
231.10
236.70
242.60
247.70
254.40
261.00
267.60
274.20
281.90
288.30
296.30
304.00
311.40
320.40
328.80
338.20
346.30
357.00
366.90
376.50
386.60
391.70
397.70
399.60
397.40
394.00
387.50
379.20
367.90
352.30
334.20
312.10
287.20
260.80
234.90
208.20
181.50
148.10
110.80
75.45
62.18
56.92
50.89
44.86
38.43
34.85
30.86
26.45
24.45
22.72
21.26
20.10
18.74
17.53
16.12
15.67
15.46
15.21
14.95
14.76
14.51
14.24
14.02
13.71
13.42
13.09
12.76
12.39
12.00
11.63
11.26
10.86
10.48
10.09
9.71
9.33
8.99
8.62
8.29
7.95
7.63
7.30
7.00
6.69
6.41
6.15
5.87
5.61
5.37
5.13
4.91
4.68
4.48
4.27
4.07
3.90
3.70
3.54
3.37
3.21
3.06
2.92
2.78
2.64
2.51
2.38
2.27
2.16
2.05
1.94
1.84
1.74
1.65
1.56
1.47
1.39
1.31
1.23
1.16
1.09
1.03
0.96
0.90
0.84
0.77
0.71
0.64
0.58
0.53
0.48
0.44
0.40
0.37
0.35
0.33
0.31
0.30
0.29
0.28
0.28
0.27
0.27
0.27
0.27
0.27
135.60
136.20
138.20
140.30
142.30
144.70
147.20
149.70
151.80
154.30
156.00
158.10
159.80
162.20
163.70
165.60
167.10
169.30
171.30
173.80
176.70
178.90
182.00
184.90
188.00
190.90
194.90
198.70
202.70
206.50
210.50
214.70
219.10
223.80
228.30
233.30
238.80
244.20
249.70
255.30
261.90
267.80
274.60
281.30
289.50
296.80
304.80
313.70
321.30
331.50
340.90
349.70
356.50
363.60
369.40
374.70
374.60
374.40
372.10
368.70
364.20
357.10
348.20
337.00
324.10
309.90
293.70
275.60
258.40
237.10
208.60
173.30
127.80
105.20
82.75
78.93
74.72
69.80
64.80
60.08
53.44
45.85
42.21
38.97
35.97
32.99
30.38
28.19
25.89
23.82
22.14
21.43
21.08
20.73
20.37
19.99
19.56
19.12
18.64
18.00
17.39
16.73
16.05
15.39
14.68
14.02
13.35
12.72
12.11
11.49
10.92
10.36
9.85
9.32
8.86
8.39
7.97
7.57
7.19
6.82
6.48
6.15
5.83
5.55
5.25
5.00
4.75
4.50
4.27
4.06
3.85
3.66
3.48
3.30
3.14
2.99
2.82
2.68
2.55
2.42
2.29
2.17
2.06
1.95
1.85
1.75
1.66
1.57
1.48
1.40
1.32
1.24
1.17
1.09
1.01
0.93
0.85
0.78
0.72
0.66
0.61
0.56
0.52
0.48
0.45
0.41
0.39
0.37
0.34
0.33
0.31
0.30
0.29
0.28
0.28
0.27
0.27
0.27
0.27
0.27
0.26
135.30
136.30
138.00
140.20
143.00
145.40
148.00
151.00
153.60
155.90
158.20
160.40
162.30
164.70
166.30
168.10
170.00
172.20
174.40
176.70
179.80
182.10
185.00
188.00
191.90
195.00
198.80
202.50
206.30
209.70
214.00
217.60
222.30
226.80
231.80
236.80
241.90
247.40
253.00
259.20
265.50
271.10
277.80
284.50
291.70
299.10
306.00
313.60
321.50
327.40
334.50
338.70
346.40
350.00
350.90
348.60
344.60
341.40
337.80
333.20
327.20
319.50
308.00
295.70
282.10
266.30
249.60
231.10
204.90
178.70
148.70
111.50
89.75
85.18
80.00
74.16
69.75
65.14
60.63
56.08
50.79
47.45
44.22
40.50
37.22
34.50
32.79
31.55
29.95
28.53
26.87
25.99
25.51
25.08
24.52
24.01
23.46
22.81
21.97
21.14
20.13
19.13
18.08
17.07
16.04
15.08
14.13
13.24
12.39
11.59
10.82
10.13
9.44
8.82
8.23
7.69
7.20
6.74
6.30
5.91
5.53
5.20
4.88
4.59
4.32
4.06
3.82
3.58
3.36
3.17
2.98
2.81
2.64
2.49
2.34
2.20
2.08
1.95
1.84
1.73
1.63
1.54
1.45
1.36
1.28
1.21
1.14
1.07
1.00
0.93
0.86
0.80
0.73
0.68
0.62
0.57
0.53
0.49
0.45
0.42
0.40
0.36
0.35
0.32
0.30
0.28
0.27
0.26
0.26
0.25
0.25
0.25
0.25
0.26
0.26
0.26
0.27
0.27
0.27
0.27
0.27
135.30
136.60
138.60
141.10
143.50
146.20
149.10
152.00
154.50
157.10
159.50
161.40
163.60
165.90
168.00
169.70
171.60
173.50
176.40
178.70
180.90
183.80
186.70
189.50
193.00
197.20
200.50
204.00
207.20
210.80
214.70
218.60
223.30
228.60
233.00
238.80
244.00
247.80
255.00
262.70
265.80
273.30
279.50
286.10
293.60
300.10
307.80
313.20
319.50
325.40
332.00
340.60
345.60
345.00
342.80
338.40
335.90
331.50
326.70
321.10
314.40
306.20
295.60
282.30
266.00
249.20
230.90
210.10
183.60
155.80
125.50
107.20
89.19
86.21
83.09
79.57
75.11
66.93
58.47
54.90
52.07
49.19
46.24
42.69
38.24
36.12
34.50
33.11
31.50
30.10
28.54
27.66
27.16
26.68
26.11
25.47
24.84
24.10
23.17
22.12
20.97
19.74
18.48
17.25
15.98
14.83
13.71
12.59
11.60
10.65
9.78
8.95
8.23
7.55
6.90
6.31
5.78
5.30
4.85
4.45
4.08
3.75
3.46
3.18
2.93
2.70
2.49
2.29
2.11
1.95
1.80
1.65
1.53
1.42
1.32
1.22
1.14
1.06
0.99
0.91
0.85
0.79
0.74
0.69
0.64
0.60
0.56
0.53
0.50
0.47
0.44
0.42
0.40
0.37
0.35
0.34
0.31
0.31
0.29
0.27
0.26
0.26
0.25
0.24
0.23
0.23
0.22
0.22
0.22
0.21
0.21
0.21
0.21
0.21
0.22
0.22
0.23
0.23
0.25
0.25
0.27
135.30
136.30
138.00
140.20
143.00
145.40
148.00
151.00
153.60
155.90
158.20
160.40
162.30
164.70
166.30
168.10
170.00
172.20
174.40
176.70
179.80
182.10
185.00
188.00
191.90
195.00
198.80
202.50
206.30
209.70
214.00
217.60
222.30
226.80
231.80
236.80
241.90
247.40
253.00
259.20
265.50
271.10
277.80
284.50
291.70
299.10
306.00
313.60
321.50
327.40
334.50
338.70
346.40
350.00
350.90
348.60
344.60
341.40
337.80
333.20
327.20
319.50
308.00
295.70
282.10
266.30
249.60
231.10
204.90
178.70
148.70
111.50
89.75
85.18
80.00
74.16
69.75
65.14
60.63
56.08
50.79
47.45
44.22
40.50
37.22
34.50
32.79
31.55
29.95
28.53
26.87
25.99
25.51
25.08
24.52
24.01
23.46
22.81
21.97
21.14
20.13
19.13
18.08
17.07
16.04
15.08
14.13
13.24
12.39
11.59
10.82
10.13
9.44
8.82
8.23
7.69
7.20
6.74
6.30
5.91
5.53
5.20
4.88
4.59
4.32
4.06
3.82
3.58
3.36
3.17
2.98
2.81
2.64
2.49
2.34
2.20
2.08
1.95
1.84
1.73
1.63
1.54
1.45
1.36
1.28
1.21
1.14
1.07
1.00
0.93
0.86
0.80
0.73
0.68
0.62
0.57
0.53
0.49
0.45
0.42
0.40
0.36
0.35
0.32
0.30
0.28
0.27
0.26
0.26
0.25
0.25
0.25
0.25
0.26
0.26
0.26
0.27
0.27
0.27
0.27
0.27
135.60
136.20
138.20
140.30
142.30
144.70
147.20
149.70
151.80
154.30
156.00
158.10
159.80
162.20
163.70
165.60
167.10
169.30
171.30
173.80
176.70
178.90
182.00
184.90
188.00
190.90
194.90
198.70
202.70
206.50
210.50
214.70
219.10
223.80
228.30
233.30
238.80
244.20
249.70
255.30
261.90
267.80
274.60
281.30
289.50
296.80
304.80
313.70
321.30
331.50
340.90
349.70
356.50
363.60
369.40
374.70
374.60
374.40
372.10
368.70
364.20
357.10
348.20
337.00
324.10
309.90
293.70
275.60
258.40
237.10
208.60
173.30
127.80
105.20
82.75
78.93
74.72
69.80
64.80
60.08
53.44
45.85
42.21
38.97
35.97
32.99
30.38
28.19
25.89
23.82
22.14
21.43
21.08
20.73
20.37
19.99
19.56
19.12
18.64
18.00
17.39
16.73
16.05
15.39
14.68
14.02
13.35
12.72
12.11
11.49
10.92
10.36
9.85
9.32
8.86
8.39
7.97
7.57
7.19
6.82
6.48
6.15
5.83
5.55
5.25
5.00
4.75
4.50
4.27
4.06
3.85
3.66
3.48
3.30
3.14
2.99
2.82
2.68
2.55
2.42
2.29
2.17
2.06
1.95
1.85
1.75
1.66
1.57
1.48
1.40
1.32
1.24
1.17
1.09
1.01
0.93
0.85
0.78
0.72
0.66
0.61
0.56
0.52
0.48
0.45
0.41
0.39
0.37
0.34
0.33
0.31
0.30
0.29
0.28
0.28
0.27
0.27
0.27
0.27
0.27
0.26
135.60
135.80
137.50
138.70
140.80
142.90
144.50
147.10
148.70
151.30
152.70
154.60
155.90
157.90
159.40
161.50
163.40
164.80
166.60
168.50
170.90
173.20
175.70
178.50
181.80
184.80
188.10
192.00
196.50
200.30
204.70
208.00
212.10
216.30
220.30
225.30
231.10
236.70
242.60
247.70
254.40
261.00
267.60
274.20
281.90
288.30
296.30
304.00
311.40
320.40
328.80
338.20
346.30
357.00
366.90
376.50
386.60
391.70
397.70
399.60
397.40
394.00
387.50
379.20
367.90
352.30
334.20
312.10
287.20
260.80
234.90
208.20
181.50
148.10
110.80
75.45
62.18
56.92
50.89
44.86
38.43
34.85
30.86
26.45
24.45
22.72
21.26
20.10
18.74
17.53
16.12
15.67
15.46
15.21
14.95
14.76
14.51
14.24
14.02
13.71
13.42
13.09
12.76
12.39
12.00
11.63
11.26
10.86
10.48
10.09
9.71
9.33
8.99
8.62
8.29
7.95
7.63
7.30
7.00
6.69
6.41
6.15
5.87
5.61
5.37
5.13
4.91
4.68
4.48
4.27
4.07
3.90
3.70
3.54
3.37
3.21
3.06
2.92
2.78
2.64
2.51
2.38
2.27
2.16
2.05
1.94
1.84
1.74
1.65
1.56
1.47
1.39
1.31
1.23
1.16
1.09
1.03
0.96
0.90
0.84
0.77
0.71
0.64
0.58
0.53
0.48
0.44
0.40
0.37
0.35
0.33
0.31
0.30
0.29
0.28
0.28
0.27
0.27
0.27
0.27
0.27
135.40
135.90
136.70
137.70
139.30
140.80
142.60
143.80
145.50
147.30
148.50
150.20
152.30
153.90
155.70
157.00
158.40
160.20
161.90
163.80
165.80
167.70
169.90
172.30
175.50
178.40
181.80
185.70
189.50
193.00
196.80
202.10
207.20
212.40
217.50
221.90
225.00
228.60
233.60
239.00
244.60
250.50
256.20
262.00
268.80
275.30
281.70
288.40
296.10
303.80
312.40
320.20
328.90
337.70
347.10
356.50
367.20
378.50
388.20
399.40
408.50
415.10
417.90
413.40
401.50
383.50
361.80
337.70
312.30
285.20
255.70
225.50
196.40
167.80
138.70
103.30
67.82
48.38
40.19
34.59
30.85
27.40
24.07
20.89
17.65
16.05
14.76
13.61
12.31
11.27
10.12
9.91
9.78
9.67
9.55
9.42
9.29
9.16
9.04
8.89
8.76
8.63
8.47
8.30
8.12
7.94
7.74
7.55
7.34
7.15
6.94
6.73
6.54
6.33
6.13
5.91
5.72
5.52
5.34
5.14
4.97
4.78
4.61
4.44
4.27
4.11
3.95
3.80
3.65
3.51
3.37
3.23
3.10
2.98
2.86
2.74
2.63
2.52
2.41
2.31
2.21
2.11
2.01
1.92
1.84
1.76
1.67
1.59
1.51
1.44
1.37
1.29
1.24
1.18
1.11
1.05
0.99
0.93
0.88
0.83
0.78
0.73
0.69
0.65
0.61
0.57
0.53
0.50
0.46
0.42
0.38
0.36
0.34
0.32
0.31
0.30
0.29
0.29
0.29
0.29
0.28
135.50
135.90
136.30
137.10
138.10
138.40
139.70
140.40
141.20
142.80
143.90
145.50
147.20
148.30
150.00
151.50
153.00
155.10
157.10
158.80
160.70
163.30
165.60
168.40
171.40
174.50
177.10
179.50
182.70
186.80
190.90
196.60
202.80
209.80
215.80
220.10
221.80
224.50
228.10
232.10
236.60
240.70
245.80
251.70
257.30
263.50
270.00
276.70
283.00
289.20
297.20
304.50
312.30
320.90
329.90
340.20
351.70
362.40
372.70
380.50
385.10
385.90
381.90
374.80
364.80
354.70
340.40
324.10
304.20
282.30
259.50
233.10
199.50
159.80
99.46
60.24
48.95
42.68
37.24
31.16
26.49
23.23
19.15
14.81
11.70
10.31
9.27
8.17
6.97
5.90
4.88
4.79
4.75
4.71
4.66
4.62
4.58
4.53
4.49
4.45
4.40
4.34
4.28
4.22
4.17
4.10
4.02
3.95
3.87
3.79
3.70
3.61
3.54
3.45
3.36
3.28
3.19
3.10
3.02
2.93
2.84
2.76
2.67
2.59
2.51
2.43
2.35
2.27
2.20
2.13
2.06
1.99
1.92
1.85
1.80
1.73
1.67
1.61
1.56
1.50
1.45
1.40
1.34
1.29
1.25
1.20
1.16
1.11
1.06
1.01
0.97
0.93
0.89
0.84
0.81
0.77
0.73
0.69
0.66
0.62
0.59
0.56
0.53
0.50
0.48
0.45
0.43
0.41
0.38
0.36
0.34
0.32
0.31
0.30
0.30
0.28
0.28
0.28
0.28
0.28
0.28
135.90
135.90
136.10
136.50
137.00
137.60
138.10
138.60
139.30
140.10
140.90
141.90
142.90
143.80
145.20
146.20
147.40
149.00
150.30
151.70
153.70
156.30
158.80
161.80
164.60
168.00
170.70
173.50
177.60
182.10
187.10
192.80
199.50
206.90
213.10
217.50
219.10
220.90
224.00
227.10
230.70
234.70
239.40
245.60
252.20
258.20
264.70
271.30
278.50
284.40
291.80
300.20
308.40
318.20
329.10
340.30
352.60
363.00
370.90
376.00
376.30
372.20
365.10
356.10
347.70
339.10
327.30
311.80
292.80
268.50
244.90
213.10
175.00
116.70
69.06
56.50
50.83
45.37
39.92
33.44
25.89
22.04
18.57
15.06
11.89
9.37
7.10
4.84
2.71
1.22
0.35
0.35
0.35
0.36
0.36
0.37
0.38
0.39
0.40
0.40
0.40
0.41
0.41
0.42
0.43
0.43
0.44
0.45
0.45
0.46
0.46
0.47
0.47
0.47
0.47
0.47
0.47
0.47
0.48
0.48
0.47
0.47
0.47
0.47
0.46
0.46
0.46
0.46
0.46
0.45
0.46
0.46
0.46
0.46
0.46
0.46
0.46
0.45
0.45
0.45
0.45
0.45
0.44
0.44
0.43
0.43
0.43
0.42
0.41
0.41
0.40
0.39
0.39
0.38
0.37
0.37
0.36
0.35
0.34
0.34
0.33
0.32
0.31
0.31
0.30
0.30
0.29
0.29
0.28
0.28
0.28
0.27
0.27
0.26
0.26
0.26
0.26
0.25
0.25
0.25
0.25
135.50
135.20
136.10
136.20
136.30
137.10
137.30
138.20
139.10
139.50
140.30
141.00
142.20
143.50
144.40
145.70
147.00
148.60
150.30
151.80
154.40
156.40
159.40
161.50
164.60
167.50
170.40
172.90
176.40
180.30
185.00
190.20
197.30
203.50
208.10
211.20
214.20
218.20
221.40
226.60
230.80
234.70
240.90
246.10
252.40
258.80
264.40
271.60
278.00
284.60
292.20
300.40
309.00
316.80
327.00
337.10
347.90
359.90
368.70
375.40
378.90
377.40
372.10
362.80
351.60
337.70
322.60
304.60
282.30
260.50
236.20
209.70
176.00
127.20
86.95
46.74
39.32
33.57
28.09
22.19
19.05
15.01
10.33
7.66
6.01
4.92
3.92
2.75
1.67
0.46
0.17
0.17
0.17
0.17
0.17
0.17
0.18
0.19
0.19
0.19
0.20
0.21
0.21
0.22
0.23
0.24
0.24
0.25
0.26
0.26
0.27
0.28
0.29
0.30
0.30
0.31
0.31
0.31
0.31
0.31
0.31
0.31
0.31
0.31
0.31
0.31
0.31
0.31
0.31
0.31
0.32
0.32
0.33
0.33
0.34
0.35
0.36
0.36
0.36
0.37
0.37
0.37
0.37
0.37
0.37
0.37
0.37
0.37
0.37
0.37
0.37
0.37
0.37
0.37
0.37
0.37
0.36
0.35
0.34
0.34
0.34
0.33
0.33
0.32
0.31
0.30
0.30
0.30
0.29
0.29
0.29
0.29
0.28
0.28
0.28
0.28
0.28
0.27
0.27
0.27
0.27
135.40
135.10
135.50
135.70
135.90
135.60
134.30
134.30
134.10
135.30
136.30
137.70
139.10
141.00
142.30
144.10
145.70
147.30
149.00
150.90
153.00
154.70
157.60
160.30
163.50
166.30
169.80
173.00
176.50
180.30
184.00
188.50
193.10
198.10
203.40
207.40
211.40
216.80
222.70
227.90
233.60
239.20
244.80
251.00
257.50
264.70
271.10
278.70
286.80
294.50
302.50
311.10
320.20
328.80
339.60
349.40
359.80
370.40
380.40
391.10
396.70
398.90
393.40
381.70
365.00
342.30
317.80
291.60
265.30
237.80
209.20
180.50
153.40
124.50
90.70
56.90
37.13
29.15
25.31
21.96
18.78
15.46
11.61
7.00
5.52
4.42
3.39
2.29
1.37
0.30
0.17
0.17
0.18
0.18
0.19
0.19
0.21
0.21
0.22
0.23
0.23
0.24
0.25
0.26
0.27
0.27
0.28
0.28
0.29
0.29
0.30
0.31
0.32
0.32
0.32
0.32
0.33
0.33
0.33
0.33
0.33
0.33
0.33
0.33
0.34
0.34
0.34
0.34
0.34
0.35
0.35
0.36
0.36
0.37
0.37
0.37
0.38
0.38
0.38
0.38
0.38
0.38
0.38
0.38
0.38
0.38
0.38
0.37
0.37
0.37
0.37
0.36
0.36
0.36
0.35
0.34
0.33
0.33
0.32
0.32
0.31
0.30
0.30
0.30
0.29
0.29
0.28
0.27
0.27
0.27
0.27
0.27
0.27
0.27
0.27
0.27
0.27
0.27
0.27
0.27
0.27
135.60
135.20
135.70
134.80
132.90
125.10
111.40
96.88
86.17
87.63
90.52
91.61
92.93
94.29
95.66
96.59
98.12
99.24
100.80
102.70
104.10
106.00
107.80
109.70
111.90
113.80
116.40
119.20
121.60
124.30
127.00
129.40
132.70
135.80
139.30
143.20
146.90
151.10
154.60
159.20
163.20
167.70
172.80
177.00
181.90
187.00
192.20
197.30
203.00
208.20
214.30
220.30
226.30
232.60
238.00
242.50
245.80
247.40
247.40
245.20
240.00
232.60
224.80
213.40
200.00
183.60
164.90
145.60
126.80
109.40
92.08
74.39
55.71
38.53
28.73
25.39
22.42
19.47
15.26
11.87
10.07
8.26
6.57
4.30
3.42
2.80
2.19
1.40
0.76
0.19
0.17
0.17
0.17
0.17
0.17
0.17
0.18
0.18
0.19
0.19
0.20
0.21
0.21
0.22
0.23
0.24
0.25
0.25
0.25
0.26
0.26
0.27
0.28
0.28
0.30
0.30
0.30
0.30
0.31
0.31
0.31
0.31
0.31
0.31
0.31
0.31
0.31
0.31
0.31
0.32
0.32
0.33
0.34
0.35
0.35
0.35
0.36
0.36
0.37
0.37
0.37
0.37
0.37
0.37
0.38
0.38
0.38
0.38
0.38
0.38
0.38
0.38
0.38
0.38
0.38
0.38
0.37
0.37
0.36
0.35
0.35
0.34
0.34
0.33
0.32
0.32
0.31
0.31
0.30
0.29
0.29
0.29
0.28
0.28
0.28
0.28
0.28
0.28
0.28
0.28
0.28
135.60
135.40
135.80
133.60
116.20
93.35
79.82
62.87
55.10
39.00
42.82
43.76
44.61
45.37
46.03
46.73
47.49
48.39
49.21
50.03
50.83
51.74
52.73
53.89
55.04
56.27
57.47
58.69
60.04
61.38
62.78
64.37
65.82
67.68
69.26
71.15
72.74
74.75
76.64
78.74
80.82
83.00
85.48
87.85
90.32
92.97
95.79
98.44
101.40
104.00
106.50
108.20
109.70
111.10
112.00
112.00
111.70
110.70
109.50
108.30
106.20
104.00
100.80
96.99
92.43
87.77
82.46
75.87
66.16
52.64
35.36
19.96
17.21
16.06
14.96
13.62
11.94
10.41
9.18
6.55
4.87
4.10
3.31
2.64
2.06
1.59
1.10
0.57
0.27
0.16
0.16
0.17
0.18
0.18
0.19
0.20
0.20
0.21
0.21
0.22
0.23
0.23
0.24
0.25
0.25
0.26
0.27
0.27
0.28
0.28
0.29
0.29
0.30
0.31
0.31
0.32
0.32
0.32
0.32
0.32
0.33
0.33
0.33
0.33
0.33
0.34
0.34
0.34
0.34
0.35
0.35
0.36
0.36
0.36
0.36
0.37
0.38
0.38
0.38
0.38
0.38
0.38
0.38
0.38
0.38
0.38
0.38
0.38
0.38
0.37
0.37
0.37
0.36
0.36
0.35
0.35
0.34
0.34
0.33
0.33
0.32
0.32
0.32
0.30
0.30
0.29
0.28
0.28
0.28
0.28
0.28
0.28
0.28
0.28
0.28
0.28
0.28
0.28
0.28
0.28
0.28
135.30
135.40
135.30
131.90
109.80
87.49
49.60
38.86
4.61
1.06
0.95
0.92
0.91
0.95
0.99
1.01
1.03
1.05
1.07
1.09
1.10
1.11
1.11
1.11
1.11
1.13
1.14
1.15
1.16
1.17
1.18
1.19
1.20
1.19
1.19
1.19
1.17
1.16
1.15
1.13
1.11
1.09
1.07
1.04
1.02
1.00
0.98
0.96
0.93
0.91
0.89
0.87
0.84
0.82
0.80
0.78
0.76
0.74
0.71
0.69
0.67
0.65
0.63
0.61
0.59
0.57
0.54
0.52
0.50
0.48
0.47
0.45
0.43
0.41
0.40
0.39
0.37
0.36
0.35
0.34
0.33
0.31
0.30
0.28
0.25
0.23
0.21
0.18
0.15
0.14
0.14
0.14
0.14
0.14
0.15
0.15
0.16
0.16
0.17
0.17
0.18
0.19
0.20
0.20
0.21
0.22
0.22
0.22
0.23
0.23
0.25
0.25
0.26
0.27
0.27
0.27
0.28
0.28
0.28
0.29
0.29
0.29
0.29
0.31
0.31
0.31
0.31
0.31
0.31
0.31
0.32
0.32
0.32
0.32
0.32
0.33
0.34
0.34
0.34
0.35
0.35
0.35
0.35
0.36
0.36
0.37
0.37
0.37
0.37
0.37
0.37
0.37
0.37
0.37
0.37
0.37
0.37
0.37
0.37
0.36
0.35
0.35
0.35
0.34
0.33
0.33
0.32
0.31
0.31
0.31
0.30
0.29
0.29
0.29
0.28
0.28
0.28
0.28
0.28
0.28
0.28
135.30
135.40
135.50
131.30
95.86
85.61
47.65
31.03
2.44
0.10
0.06
0.06
0.06
0.06
0.06
0.06
0.06
0.06
0.06
0.06
0.06
0.06
0.06
0.06
0.06
0.06
0.06
0.06
0.06
0.06
0.06
0.06
0.06
0.06
0.06
0.06
0.06
0.06
0.06
0.06
0.06
0.06
0.06
0.06
0.06
0.06
0.07
0.06
0.06
0.06
0.06
0.06
0.06
0.06
0.06
0.06
0.06
0.06
0.06
0.06
0.06
0.06
0.06
0.06
0.06
0.06
0.06
0.06
0.07
0.07
0.07
0.07
0.07
0.07
0.07
0.08
0.08
0.08
0.08
0.08
0.09
0.09
0.10
0.10
0.11
0.12
0.12
0.13
0.13
0.14
0.14
0.15
0.15
0.16
0.17
0.17
0.18
0.18
0.19
0.20
0.20
0.22
0.22
0.22
0.23
0.24
0.25
0.25
0.25
0.27
0.27
0.28
0.28
0.29
0.29
0.30
0.30
0.30
0.31
0.31
0.31
0.31
0.32
0.32
0.32
0.33
0.32
0.33
0.33
0.33
0.34
0.34
0.35
0.34
0.35
0.35
0.36
0.36
0.36
0.36
0.36
0.36
0.36
0.36
0.36
0.36
0.36
0.36
0.36
0.36
0.36
0.35
0.35
0.35
0.34
0.34
0.34
0.34
0.33
0.33
0.33
0.32
0.31
0.30
0.29
0.29
0.29
0.29
0.27
0.27
0.27
0.27
0.27
0.27
0.27
0.27
0.27
0.27
0.27
0.27
0.27
135.30
135.40
135.30
131.90
109.80
87.49
49.60
38.86
4.61
1.06
0.95
0.92
0.91
0.95
0.99
1.01
1.03
1.05
1.07
1.09
1.10
1.11
1.11
1.11
1.11
1.13
1.14
1.15
1.16
1.17
1.18
1.19
1.20
1.19
1.19
1.19
1.17
1.16
1.15
1.13
1.11
1.09
1.07
1.04
1.02
1.00
0.98
0.96
0.93
0.91
0.89
0.87
0.84
0.82
0.80
0.78
0.76
0.74
0.71
0.69
0.67
0.65
0.63
0.61
0.59
0.57
0.54
0.52
0.50
0.48
0.47
0.45
0.43
0.41
0.40
0.39
0.37
0.36
0.35
0.34
0.33
0.31
0.30
0.28
0.25
0.23
0.21
0.18
0.15
0.14
0.14
0.14
0.14
0.14
0.15
0.15
0.16
0.16
0.17
0.17
0.18
0.19
0.20
0.20
0.21
0.22
0.22
0.22
0.23
0.23
0.25
0.25
0.26
0.27
0.27
0.27
0.28
0.28
0.28
0.29
0.29
0.29
0.29
0.31
0.31
0.31
0.31
0.31
0.31
0.31
0.32
0.32
0.32
0.32
0.32
0.33
0.34
0.34
0.34
0.35
0.35
0.35
0.35
0.36
0.36
0.37
0.37
0.37
0.37
0.37
0.37
0.37
0.37
0.37
0.37
0.37
0.37
0.37
0.37
0.36
0.35
0.35
0.35
0.34
0.33
0.33
0.32
0.31
0.31
0.31
0.30
0.29
0.29
0.29
0.28
0.28
0.28
0.28
0.28
0.28
0.28
135.60
135.40
135.80
133.60
116.20
93.35
79.82
62.87
55.10
39.00
42.82
43.76
44.61
45.37
46.03
46.73
47.49
48.39
49.21
50.03
50.83
51.74
52.73
53.89
55.04
56.27
57.47
58.69
60.04
61.38
62.78
64.37
65.82
67.68
69.26
71.15
72.74
74.75
76.64
78.74
80.82
83.00
85.48
87.85
90.32
92.97
95.79
98.44
101.40
104.00
106.50
108.20
109.70
111.10
112.00
112.00
111.70
110.70
109.50
108.30
106.20
104.00
100.80
96.99
92.43
87.77
82.46
75.87
66.16
52.64
35.36
19.96
17.21
16.06
14.96
13.62
11.94
10.41
9.18
6.55
4.87
4.10
3.31
2.64
2.06
1.59
1.10
0.57
0.27
0.16
0.16
0.17
0.18
0.18
0.19
0.20
0.20
0.21
0.21
0.22
0.23
0.23
0.24
0.25
0.25
0.26
0.27
0.27
0.28
0.28
0.29
0.29
0.30
0.31
0.31
0.32
0.32
0.32
0.32
0.32
0.33
0.33
0.33
0.33
0.33
0.34
0.34
0.34
0.34
0.35
0.35
0.36
0.36
0.36
0.36
0.37
0.38
0.38
0.38
0.38
0.38
0.38
0.38
0.38
0.38
0.38
0.38
0.38
0.38
0.37
0.37
0.37
0.36
0.36
0.35
0.35
0.34
0.34
0.33
0.33
0.32
0.32
0.32
0.30
0.30
0.29
0.28
0.28
0.28
0.28
0.28
0.28
0.28
0.28
0.28
0.28
0.28
0.28
0.28
0.28
0.28
135.60
135.20
135.70
134.80
132.90
125.10
111.40
96.88
86.17
87.63
90.52
91.61
92.93
94.29
95.66
96.59
98.12
99.24
100.80
102.70
104.10
106.00
107.80
109.70
111.90
113.80
116.40
119.20
121.60
124.30
127.00
129.40
132.70
135.80
139.30
143.20
146.90
151.10
154.60
159.20
163.20
167.70
172.80
177.00
181.90
187.00
192.20
197.30
203.00
208.20
214.30
220.30
226.30
232.60
238.00
242.50
245.80
247.40
247.40
245.20
240.00
232.60
224.80
213.40
200.00
183.60
164.90
145.60
126.80
109.40
92.08
74.39
55.71
38.53
28.73
25.39
22.42
19.47
15.26
11.87
10.07
8.26
6.57
4.30
3.42
2.80
2.19
1.40
0.76
0.19
0.17
0.17
0.17
0.17
0.17
0.17
0.18
0.18
0.19
0.19
0.20
0.21
0.21
0.22
0.23
0.24
0.25
0.25
0.25
0.26
0.26
0.27
0.28
0.28
0.30
0.30
0.30
0.30
0.31
0.31
0.31
0.31
0.31
0.31
0.31
0.31
0.31
0.31
0.31
0.32
0.32
0.33
0.34
0.35
0.35
0.35
0.36
0.36
0.37
0.37
0.37
0.37
0.37
0.37
0.38
0.38
0.38
0.38
0.38
0.38
0.38
0.38
0.38
0.38
0.38
0.38
0.37
0.37
0.36
0.35
0.35
0.34
0.34
0.33
0.32
0.32
0.31
0.31
0.30
0.29
0.29
0.29
0.28
0.28
0.28
0.28
0.28
0.28
0.28
0.28
0.28
135.40
135.10
135.50
135.70
135.90
135.60
134.30
134.30
134.10
135.30
136.30
137.70
139.10
141.00
142.30
144.10
145.70
147.30
149.00
150.90
153.00
154.70
157.60
160.30
163.50
166.30
169.80
173.00
176.50
180.30
184.00
188.50
193.10
198.10
203.40
207.40
211.40
216.80
222.70
227.90
233.60
239.20
244.80
251.00
257.50
264.70
271.10
278.70
286.80
294.50
302.50
311.10
320.20
328.80
339.60
349.40
359.80
370.40
380.40
391.10
396.70
398.90
393.40
381.70
365.00
342.30
317.80
291.60
265.30
237.80
209.20
180.50
153.40
124.50
90.70
56.90
37.13
29.15
25.31
21.96
18.78
15.46
11.61
7.00
5.52
4.42
3.39
2.29
1.37
0.30
0.17
0.17
0.18
0.18
0.19
0.19
0.21
0.21
0.22
0.23
0.23
0.24
0.25
0.26
0.27
0.27
0.28
0.28
0.29
0.29
0.30
0.31
0.32
0.32
0.32
0.32
0.33
0.33
0.33
0.33
0.33
0.33
0.33
0.33
0.34
0.34
0.34
0.34
0.34
0.35
0.35
0.36
0.36
0.37
0.37
0.37
0.38
0.38
0.38
0.38
0.38
0.38
0.38
0.38
0.38
0.38
0.38
0.37
0.37
0.37
0.37
0.36
0.36
0.36
0.35
0.34
0.33
0.33
0.32
0.32
0.31
0.30
0.30
0.30
0.29
0.29
0.28
0.27
0.27
0.27
0.27
0.27
0.27
0.27
0.27
0.27
0.27
0.27
0.27
0.27
0.27
135.50
135.20
136.10
136.20
136.30
137.10
137.30
138.20
139.10
139.50
140.30
141.00
142.20
143.50
144.40
145.70
147.00
148.60
150.30
151.80
154.40
156.40
159.40
161.50
164.60
167.50
170.40
172.90
176.40
180.30
185.00
190.20
197.30
203.50
208.10
211.20
214.20
218.20
221.40
226.60
230.80
234.70
240.90
246.10
252.40
258.80
264.40
271.60
278.00
284.60
292.20
300.40
309.00
316.80
327.00
337.10
347.90
359.90
368.70
375.40
378.90
377.40
372.10
362.80
351.60
337.70
322.60
304.60
282.30
260.50
236.20
209.70
176.00
127.20
86.95
46.74
39.32
33.57
28.09
22.19
19.05
15.01
10.33
7.66
6.01
4.92
3.92
2.75
1.67
0.46
0.17
0.17
0.17
0.17
0.17
0.17
0.18
0.19
0.19
0.19
0.20
0.21
0.21
0.22
0.23
0.24
0.24
0.25
0.26
0.26
0.27
0.28
0.29
0.30
0.30
0.31
0.31
0.31
0.31
0.31
0.31
0.31
0.31
0.31
0.31
0.31
0.31
0.31
0.31
0.31
0.32
0.32
0.33
0.33
0.34
0.35
0.36
0.36
0.36
0.37
0.37
0.37
0.37
0.37
0.37
0.37
0.37
0.37
0.37
0.37
0.37
0.37
0.37
0.37
0.37
0.37
0.36
0.35
0.34
0.34
0.34
0.33
0.33
0.32
0.31
0.30
0.30
0.30
0.29
0.29
0.29
0.29
0.28
0.28
0.28
0.28
0.28
0.27
0.27
0.27
0.27
