SALVI
1
0
24
15.0
181
1.0
250413 B FLIT 3000K 500 F5T1
250413 B FLIT Z5M4 3000K F5T1

250413_B_FLIT_Z5M4_3000K_F5T1.ldt
29 d'Abril de 2025/TB
160
190
60
115
0
0
0
0
0
97.98
100.00
1.00
0.00
1
1
6Leds Z5M4
1092.20
3000
70
11.30
0.14
0.21
0.30
0.38
0.45
0.56
0.62
0.69
0.76
0.81
0.00
15.00
30.00
45.00
60.00
75.00
90.00
105.00
120.00
135.00
150.00
165.00
180.00
195.00
210.00
225.00
240.00
255.00
270.00
285.00
300.00
315.00
330.00
345.00
0.00
1.00
2.00
3.00
4.00
5.00
6.00
7.00
8.00
9.00
10.00
11.00
12.00
13.00
14.00
15.00
16.00
17.00
18.00
19.00
20.00
21.00
22.00
23.00
24.00
25.00
26.00
27.00
28.00
29.00
30.00
31.00
32.00
33.00
34.00
35.00
36.00
37.00
38.00
39.00
40.00
41.00
42.00
43.00
44.00
45.00
46.00
47.00
48.00
49.00
50.00
51.00
52.00
53.00
54.00
55.00
56.00
57.00
58.00
59.00
60.00
61.00
62.00
63.00
64.00
65.00
66.00
67.00
68.00
69.00
70.00
71.00
72.00
73.00
74.00
75.00
76.00
77.00
78.00
79.00
80.00
81.00
82.00
83.00
84.00
85.00
86.00
87.00
88.00
89.00
90.00
91.00
92.00
93.00
94.00
95.00
96.00
97.00
98.00
99.00
100.00
101.00
102.00
103.00
104.00
105.00
106.00
107.00
108.00
109.00
110.00
111.00
112.00
113.00
114.00
115.00
116.00
117.00
118.00
119.00
120.00
121.00
122.00
123.00
124.00
125.00
126.00
127.00
128.00
129.00
130.00
131.00
132.00
133.00
134.00
135.00
136.00
137.00
138.00
139.00
140.00
141.00
142.00
143.00
144.00
145.00
146.00
147.00
148.00
149.00
150.00
151.00
152.00
153.00
154.00
155.00
156.00
157.00
158.00
159.00
160.00
161.00
162.00
163.00
164.00
165.00
166.00
167.00
168.00
169.00
170.00
171.00
172.00
173.00
174.00
175.00
176.00
177.00
178.00
179.00
180.00
163.60
163.60
163.40
162.90
162.40
162.00
161.50
160.70
159.60
158.40
157.20
155.90
154.90
153.70
153.20
152.60
151.90
151.30
150.70
149.90
149.60
149.50
149.50
149.80
150.50
151.40
152.50
153.70
155.10
156.60
158.50
161.20
164.40
168.20
172.40
176.70
181.30
186.10
191.00
195.30
199.80
204.80
210.20
216.20
222.70
229.20
235.60
242.70
250.00
257.60
265.70
274.60
284.30
295.40
307.10
318.80
329.90
344.50
359.40
373.60
387.00
400.60
416.30
431.40
441.50
445.40
439.70
422.40
395.30
356.50
298.60
210.00
105.70
48.58
31.71
27.61
24.65
22.27
19.96
17.53
15.30
13.55
11.92
10.07
8.10
6.17
4.51
3.13
2.05
0.96
0.33
0.32
0.33
0.32
0.33
0.33
0.34
0.34
0.35
0.36
0.36
0.37
0.37
0.38
0.37
0.38
0.38
0.39
0.39
0.39
0.40
0.40
0.40
0.40
0.40
0.40
0.40
0.40
0.40
0.40
0.40
0.41
0.41
0.41
0.41
0.40
0.40
0.39
0.39
0.39
0.39
0.39
0.39
0.39
0.38
0.38
0.38
0.39
0.38
0.38
0.37
0.37
0.36
0.36
0.36
0.36
0.36
0.34
0.34
0.33
0.33
0.33
0.32
0.32
0.31
0.30
0.30
0.29
0.28
0.26
0.26
0.25
0.23
0.23
0.23
0.22
0.22
0.22
0.21
0.21
0.21
0.21
0.20
0.20
0.20
0.19
0.19
0.19
0.19
0.19
0.19
163.50
163.60
163.70
163.70
163.60
163.60
163.60
163.20
162.60
161.70
160.60
159.70
158.90
158.10
157.30
156.80
156.40
155.90
155.40
154.90
154.70
154.80
155.10
155.80
156.70
157.40
158.40
159.70
161.40
163.20
165.00
167.20
169.90
173.00
176.60
180.30
184.30
188.90
194.10
199.80
205.70
212.10
218.20
224.20
229.60
235.50
241.50
247.80
255.40
263.10
270.80
279.10
288.60
299.70
311.70
323.60
335.30
348.40
363.90
380.00
394.80
409.70
425.70
443.00
460.10
467.90
466.60
453.10
426.60
387.30
336.40
269.60
179.20
101.60
48.27
30.16
23.93
20.90
18.29
16.13
14.10
12.50
11.14
10.06
9.16
8.50
7.96
7.22
6.44
5.70
4.84
4.74
4.70
4.67
4.62
4.60
4.53
4.49
4.44
4.40
4.36
4.30
4.27
4.20
4.14
4.06
3.99
3.92
3.83
3.75
3.66
3.58
3.48
3.39
3.30
3.20
3.11
3.01
2.93
2.84
2.75
2.66
2.58
2.48
2.40
2.32
2.25
2.15
2.08
2.00
1.94
1.87
1.81
1.74
1.67
1.61
1.56
1.50
1.45
1.39
1.34
1.29
1.25
1.18
1.13
1.09
1.04
1.00
0.95
0.91
0.86
0.82
0.77
0.73
0.71
0.65
0.63
0.59
0.56
0.52
0.49
0.45
0.42
0.40
0.37
0.36
0.32
0.29
0.28
0.26
0.25
0.22
0.21
0.20
0.20
0.20
0.20
0.20
0.20
0.20
0.20
163.40
163.80
164.30
165.00
165.70
166.10
166.50
166.80
166.60
166.10
165.40
164.70
164.00
163.00
162.20
161.50
161.10
160.50
160.10
160.00
159.80
160.00
160.60
161.20
162.00
162.80
164.00
165.50
167.30
169.50
172.10
174.60
177.30
180.40
183.90
187.90
192.30
196.50
201.30
206.60
212.30
218.80
225.40
232.50
239.10
245.50
251.70
258.40
266.00
274.00
282.60
291.80
302.30
312.80
323.90
335.10
347.60
361.80
376.10
390.80
405.50
419.80
434.50
448.30
462.80
476.30
478.70
461.00
428.00
383.30
331.40
277.60
220.10
162.20
108.10
68.10
44.31
32.78
26.61
23.10
20.63
18.75
17.15
15.84
14.78
14.05
13.47
12.69
11.85
11.12
10.21
10.02
9.90
9.77
9.67
9.54
9.42
9.30
9.18
9.05
8.93
8.77
8.61
8.43
8.25
8.07
7.87
7.66
7.46
7.24
7.03
6.82
6.60
6.39
6.17
5.96
5.75
5.53
5.33
5.14
4.94
4.75
4.57
4.39
4.22
4.05
3.89
3.73
3.58
3.43
3.29
3.16
3.04
2.92
2.80
2.68
2.57
2.46
2.36
2.25
2.16
2.06
1.97
1.88
1.79
1.70
1.64
1.55
1.47
1.41
1.32
1.25
1.19
1.13
1.06
1.00
0.93
0.88
0.83
0.78
0.73
0.68
0.64
0.59
0.55
0.52
0.48
0.44
0.40
0.37
0.33
0.31
0.28
0.27
0.25
0.23
0.23
0.23
0.22
0.23
0.21
163.30
164.00
165.10
166.40
167.50
168.50
169.30
169.90
170.20
170.30
169.60
169.10
168.20
167.20
166.60
166.00
165.50
165.30
165.10
165.10
165.30
165.60
166.10
166.90
167.60
168.80
170.60
172.30
174.30
176.50
179.00
181.80
184.90
188.30
192.10
196.00
200.10
204.60
209.20
214.40
220.10
225.60
231.60
238.40
245.50
253.20
261.70
270.40
279.30
288.40
298.40
309.20
319.10
329.30
340.90
353.40
367.00
380.10
392.90
405.00
418.10
431.80
446.50
461.20
468.30
464.10
446.90
420.40
384.80
337.00
283.10
223.10
165.00
110.50
71.50
50.80
41.48
36.19
32.68
30.08
27.76
25.66
24.09
22.72
21.63
20.66
19.86
19.10
18.15
17.31
16.25
15.77
15.53
15.31
15.09
14.84
14.62
14.38
14.15
13.91
13.60
13.27
12.91
12.55
12.16
11.79
11.38
10.98
10.57
10.16
9.76
9.36
8.98
8.61
8.24
7.89
7.54
7.21
6.90
6.58
6.28
6.00
5.74
5.48
5.23
4.98
4.75
4.53
4.32
4.11
3.91
3.73
3.55
3.38
3.21
3.07
2.92
2.79
2.65
2.52
2.39
2.25
2.15
2.04
1.93
1.84
1.73
1.64
1.55
1.45
1.37
1.28
1.20
1.13
1.05
0.98
0.92
0.85
0.79
0.72
0.67
0.60
0.53
0.47
0.41
0.36
0.32
0.30
0.27
0.25
0.23
0.23
0.22
0.22
0.22
0.20
0.20
0.20
0.20
0.21
0.21
163.50
164.30
166.10
167.60
169.30
170.80
171.90
172.60
172.90
172.90
172.70
172.30
171.90
171.60
171.30
170.90
171.00
170.80
170.90
170.70
170.90
171.40
172.10
173.10
174.30
175.50
177.20
179.10
181.10
183.70
186.50
189.50
192.90
196.60
200.60
204.70
209.10
213.70
218.80
224.40
230.30
236.70
243.70
251.50
259.50
267.90
277.30
287.50
297.50
307.10
316.00
327.20
341.50
354.60
366.50
377.20
388.80
401.20
414.30
426.90
443.00
455.20
458.40
453.40
439.50
417.80
386.70
346.80
299.50
244.70
172.10
101.60
68.76
57.43
52.75
49.69
47.29
45.29
43.13
40.92
38.59
36.52
34.63
32.79
30.96
29.27
27.56
26.18
24.81
23.59
22.27
21.70
21.32
20.99
20.63
20.26
19.90
19.49
19.02
18.43
17.81
17.10
16.41
15.68
14.95
14.22
13.50
12.81
12.16
11.53
10.93
10.33
9.78
9.27
8.77
8.32
7.89
7.47
7.09
6.73
6.37
6.05
5.73
5.44
5.17
4.90
4.65
4.42
4.18
3.97
3.77
3.58
3.40
3.23
3.07
2.92
2.78
2.63
2.49
2.37
2.25
2.12
2.02
1.91
1.82
1.71
1.61
1.52
1.44
1.36
1.28
1.20
1.14
1.05
0.97
0.88
0.81
0.73
0.67
0.61
0.55
0.51
0.47
0.43
0.41
0.38
0.34
0.32
0.30
0.27
0.27
0.25
0.24
0.23
0.23
0.22
0.21
0.21
0.21
0.21
0.21
163.30
164.30
166.40
168.30
170.10
171.80
173.30
174.20
174.80
174.80
174.90
175.00
174.90
174.80
174.90
174.80
174.70
174.70
174.60
174.90
175.40
176.00
176.90
177.90
179.00
180.60
182.40
184.60
186.80
189.20
192.40
195.50
198.90
202.60
206.30
210.60
214.70
219.30
224.70
230.70
237.00
243.30
249.80
256.90
264.80
273.90
282.80
290.30
296.90
305.60
319.20
331.50
340.40
349.20
360.20
371.40
383.40
394.60
408.50
421.40
428.60
428.60
423.40
412.40
390.60
358.20
314.30
262.00
197.90
116.70
71.12
61.77
58.08
55.08
52.20
49.53
47.32
45.27
43.36
41.48
39.70
37.98
36.51
35.04
33.71
32.53
31.46
30.51
29.42
28.25
27.08
26.22
25.75
25.28
24.81
24.35
23.86
23.30
22.56
21.68
20.69
19.62
18.52
17.43
16.35
15.27
14.23
13.26
12.31
11.45
10.64
9.89
9.18
8.54
7.92
7.39
6.89
6.44
6.02
5.63
5.26
4.94
4.63
4.35
4.08
3.83
3.60
3.38
3.17
2.99
2.82
2.64
2.49
2.35
2.21
2.08
1.95
1.83
1.73
1.62
1.53
1.44
1.34
1.26
1.20
1.11
1.04
0.97
0.90
0.83
0.76
0.70
0.63
0.57
0.51
0.46
0.43
0.39
0.36
0.33
0.31
0.27
0.25
0.23
0.22
0.21
0.20
0.20
0.19
0.18
0.19
0.19
0.19
0.19
0.19
0.20
0.20
0.20
0.20
0.20
0.20
163.30
164.70
166.70
168.40
170.40
172.50
173.70
174.50
175.20
175.50
175.90
176.00
176.60
176.50
176.60
176.60
176.60
176.30
176.50
176.70
177.30
177.90
178.70
179.90
181.10
182.90
184.80
186.80
189.20
191.80
194.60
198.00
201.30
204.80
208.50
211.90
216.10
221.60
226.50
231.90
237.30
242.90
248.50
255.40
262.70
270.50
277.30
282.40
288.80
299.90
311.50
319.00
325.50
333.90
342.70
351.60
361.10
370.60
383.00
391.40
392.60
389.00
382.00
368.40
344.40
312.40
265.40
211.70
142.30
79.97
65.32
61.32
58.67
56.37
53.82
51.19
49.22
46.93
44.82
42.98
41.31
39.80
38.30
36.74
35.39
34.22
33.18
32.22
30.97
30.02
28.75
28.02
27.52
26.98
26.45
25.94
25.41
24.76
23.90
22.85
21.64
20.33
18.94
17.61
16.32
14.99
13.75
12.55
11.46
10.44
9.49
8.60
7.82
7.10
6.44
5.87
5.36
4.89
4.49
4.09
3.76
3.45
3.16
2.94
2.70
2.50
2.30
2.14
1.96
1.81
1.67
1.56
1.43
1.33
1.24
1.14
1.07
1.00
0.93
0.86
0.79
0.74
0.69
0.65
0.60
0.57
0.53
0.49
0.47
0.44
0.41
0.39
0.36
0.35
0.32
0.30
0.28
0.26
0.26
0.24
0.23
0.23
0.21
0.19
0.19
0.18
0.17
0.17
0.16
0.16
0.16
0.16
0.16
0.16
0.16
0.16
0.16
0.16
0.16
0.16
0.16
163.30
164.30
166.40
168.30
170.10
171.80
173.30
174.20
174.80
174.80
174.90
175.00
174.90
174.80
174.90
174.80
174.70
174.70
174.60
174.90
175.40
176.00
176.90
177.90
179.00
180.60
182.40
184.60
186.80
189.20
192.40
195.50
198.90
202.60
206.30
210.60
214.70
219.30
224.70
230.70
237.00
243.30
249.80
256.90
264.80
273.90
282.80
290.30
296.90
305.60
319.20
331.50
340.40
349.20
360.20
371.40
383.40
394.60
408.50
421.40
428.60
428.60
423.40
412.40
390.60
358.20
314.30
262.00
197.90
116.70
71.12
61.77
58.08
55.08
52.20
49.53
47.32
45.27
43.36
41.48
39.70
37.98
36.51
35.04
33.71
32.53
31.46
30.51
29.42
28.25
27.08
26.22
25.75
25.28
24.81
24.35
23.86
23.30
22.56
21.68
20.69
19.62
18.52
17.43
16.35
15.27
14.23
13.26
12.31
11.45
10.64
9.89
9.18
8.54
7.92
7.39
6.89
6.44
6.02
5.63
5.26
4.94
4.63
4.35
4.08
3.83
3.60
3.38
3.17
2.99
2.82
2.64
2.49
2.35
2.21
2.08
1.95
1.83
1.73
1.62
1.53
1.44
1.34
1.26
1.20
1.11
1.04
0.97
0.90
0.83
0.76
0.70
0.63
0.57
0.51
0.46
0.43
0.39
0.36
0.33
0.31
0.27
0.25
0.23
0.22
0.21
0.20
0.20
0.19
0.18
0.19
0.19
0.19
0.19
0.19
0.20
0.20
0.20
0.20
0.20
0.20
163.50
164.30
166.10
167.60
169.30
170.80
171.90
172.60
172.90
172.90
172.70
172.30
171.90
171.60
171.30
170.90
171.00
170.80
170.90
170.70
170.90
171.40
172.10
173.10
174.30
175.50
177.20
179.10
181.10
183.70
186.50
189.50
192.90
196.60
200.60
204.70
209.10
213.70
218.80
224.40
230.30
236.70
243.70
251.50
259.50
267.90
277.30
287.50
297.50
307.10
316.00
327.20
341.50
354.60
366.50
377.20
388.80
401.20
414.30
426.90
443.00
455.20
458.40
453.40
439.50
417.80
386.70
346.80
299.50
244.70
172.10
101.60
68.76
57.43
52.75
49.69
47.29
45.29
43.13
40.92
38.59
36.52
34.63
32.79
30.96
29.27
27.56
26.18
24.81
23.59
22.27
21.70
21.32
20.99
20.63
20.26
19.90
19.49
19.02
18.43
17.81
17.10
16.41
15.68
14.95
14.22
13.50
12.81
12.16
11.53
10.93
10.33
9.78
9.27
8.77
8.32
7.89
7.47
7.09
6.73
6.37
6.05
5.73
5.44
5.17
4.90
4.65
4.42
4.18
3.97
3.77
3.58
3.40
3.23
3.07
2.92
2.78
2.63
2.49
2.37
2.25
2.12
2.02
1.91
1.82
1.71
1.61
1.52
1.44
1.36
1.28
1.20
1.14
1.05
0.97
0.88
0.81
0.73
0.67
0.61
0.55
0.51
0.47
0.43
0.41
0.38
0.34
0.32
0.30
0.27
0.27
0.25
0.24
0.23
0.23
0.22
0.21
0.21
0.21
0.21
0.21
163.30
164.00
165.10
166.40
167.50
168.50
169.30
169.90
170.20
170.30
169.60
169.10
168.20
167.20
166.60
166.00
165.50
165.30
165.10
165.10
165.30
165.60
166.10
166.90
167.60
168.80
170.60
172.30
174.30
176.50
179.00
181.80
184.90
188.30
192.10
196.00
200.10
204.60
209.20
214.40
220.10
225.60
231.60
238.40
245.50
253.20
261.70
270.40
279.30
288.40
298.40
309.20
319.10
329.30
340.90
353.40
367.00
380.10
392.90
405.00
418.10
431.80
446.50
461.20
468.30
464.10
446.90
420.40
384.80
337.00
283.10
223.10
165.00
110.50
71.50
50.80
41.48
36.19
32.68
30.08
27.76
25.66
24.09
22.72
21.63
20.66
19.86
19.10
18.15
17.31
16.25
15.77
15.53
15.31
15.09
14.84
14.62
14.38
14.15
13.91
13.60
13.27
12.91
12.55
12.16
11.79
11.38
10.98
10.57
10.16
9.76
9.36
8.98
8.61
8.24
7.89
7.54
7.21
6.90
6.58
6.28
6.00
5.74
5.48
5.23
4.98
4.75
4.53
4.32
4.11
3.91
3.73
3.55
3.38
3.21
3.07
2.92
2.79
2.65
2.52
2.39
2.25
2.15
2.04
1.93
1.84
1.73
1.64
1.55
1.45
1.37
1.28
1.20
1.13
1.05
0.98
0.92
0.85
0.79
0.72
0.67
0.60
0.53
0.47
0.41
0.36
0.32
0.30
0.27
0.25
0.23
0.23
0.22
0.22
0.22
0.20
0.20
0.20
0.20
0.21
0.21
163.40
163.80
164.30
165.00
165.70
166.10
166.50
166.80
166.60
166.10
165.40
164.70
164.00
163.00
162.20
161.50
161.10
160.50
160.10
160.00
159.80
160.00
160.60
161.20
162.00
162.80
164.00
165.50
167.30
169.50
172.10
174.60
177.30
180.40
183.90
187.90
192.30
196.50
201.30
206.60
212.30
218.80
225.40
232.50
239.10
245.50
251.70
258.40
266.00
274.00
282.60
291.80
302.30
312.80
323.90
335.10
347.60
361.80
376.10
390.80
405.50
419.80
434.50
448.30
462.80
476.30
478.70
461.00
428.00
383.30
331.40
277.60
220.10
162.20
108.10
68.10
44.31
32.78
26.61
23.10
20.63
18.75
17.15
15.84
14.78
14.05
13.47
12.69
11.85
11.12
10.21
10.02
9.90
9.77
9.67
9.54
9.42
9.30
9.18
9.05
8.93
8.77
8.61
8.43
8.25
8.07
7.87
7.66
7.46
7.24
7.03
6.82
6.60
6.39
6.17
5.96
5.75
5.53
5.33
5.14
4.94
4.75
4.57
4.39
4.22
4.05
3.89
3.73
3.58
3.43
3.29
3.16
3.04
2.92
2.80
2.68
2.57
2.46
2.36
2.25
2.16
2.06
1.97
1.88
1.79
1.70
1.64
1.55
1.47
1.41
1.32
1.25
1.19
1.13
1.06
1.00
0.93
0.88
0.83
0.78
0.73
0.68
0.64
0.59
0.55
0.52
0.48
0.44
0.40
0.37
0.33
0.31
0.28
0.27
0.25
0.23
0.23
0.23
0.22
0.23
0.21
163.50
163.60
163.70
163.70
163.60
163.60
163.60
163.20
162.60
161.70
160.60
159.70
158.90
158.10
157.30
156.80
156.40
155.90
155.40
154.90
154.70
154.80
155.10
155.80
156.70
157.40
158.40
159.70
161.40
163.20
165.00
167.20
169.90
173.00
176.60
180.30
184.30
188.90
194.10
199.80
205.70
212.10
218.20
224.20
229.60
235.50
241.50
247.80
255.40
263.10
270.80
279.10
288.60
299.70
311.70
323.60
335.30
348.40
363.90
380.00
394.80
409.70
425.70
443.00
460.10
467.90
466.60
453.10
426.60
387.30
336.40
269.60
179.20
101.60
48.27
30.16
23.93
20.90
18.29
16.13
14.10
12.50
11.14
10.06
9.16
8.50
7.96
7.22
6.44
5.70
4.84
4.74
4.70
4.67
4.62
4.60
4.53
4.49
4.44
4.40
4.36
4.30
4.27
4.20
4.14
4.06
3.99
3.92
3.83
3.75
3.66
3.58
3.48
3.39
3.30
3.20
3.11
3.01
2.93
2.84
2.75
2.66
2.58
2.48
2.40
2.32
2.25
2.15
2.08
2.00
1.94
1.87
1.81
1.74
1.67
1.61
1.56
1.50
1.45
1.39
1.34
1.29
1.25
1.18
1.13
1.09
1.04
1.00
0.95
0.91
0.86
0.82
0.77
0.73
0.71
0.65
0.63
0.59
0.56
0.52
0.49
0.45
0.42
0.40
0.37
0.36
0.32
0.29
0.28
0.26
0.25
0.22
0.21
0.20
0.20
0.20
0.20
0.20
0.20
0.20
0.20
163.60
163.60
163.40
162.90
162.40
162.00
161.50
160.70
159.60
158.40
157.20
155.90
154.90
153.70
153.20
152.60
151.90
151.30
150.70
149.90
149.60
149.50
149.50
149.80
150.50
151.40
152.50
153.70
155.10
156.60
158.50
161.20
164.40
168.20
172.40
176.70
181.30
186.10
191.00
195.30
199.80
204.80
210.20
216.20
222.70
229.20
235.60
242.70
250.00
257.60
265.70
274.60
284.30
295.40
307.10
318.80
329.90
344.50
359.40
373.60
387.00
400.60
416.30
431.40
441.50
445.40
439.70
422.40
395.30
356.50
298.60
210.00
105.70
48.58
31.71
27.61
24.65
22.27
19.96
17.53
15.30
13.55
11.92
10.07
8.10
6.17
4.51
3.13
2.05
0.96
0.33
0.32
0.33
0.32
0.33
0.33
0.34
0.34
0.35
0.36
0.36
0.37
0.37
0.38
0.37
0.38
0.38
0.39
0.39
0.39
0.40
0.40
0.40
0.40
0.40
0.40
0.40
0.40
0.40
0.40
0.40
0.41
0.41
0.41
0.41
0.40
0.40
0.39
0.39
0.39
0.39
0.39
0.39
0.39
0.38
0.38
0.38
0.39
0.38
0.38
0.37
0.37
0.36
0.36
0.36
0.36
0.36
0.34
0.34
0.33
0.33
0.33
0.32
0.32
0.31
0.30
0.30
0.29
0.28
0.26
0.26
0.25
0.23
0.23
0.23
0.22
0.22
0.22
0.21
0.21
0.21
0.21
0.20
0.20
0.20
0.19
0.19
0.19
0.19
0.19
0.19
163.50
163.30
163.00
162.60
161.90
161.30
160.60
159.80
158.80
157.60
156.40
155.40
154.30
153.40
152.40
151.50
150.70
150.20
150.00
149.80
149.60
149.90
150.20
150.70
151.30
151.80
152.60
153.80
155.20
156.70
158.40
160.40
163.00
166.10
169.80
173.60
178.00
182.70
188.00
193.70
199.70
205.70
211.60
217.80
224.10
230.20
236.70
243.90
251.50
259.40
267.50
276.50
286.50
298.10
310.80
323.20
335.40
349.20
365.10
380.30
393.70
407.80
425.50
441.80
455.10
457.10
451.60
430.20
396.10
352.10
294.40
221.00
128.00
55.19
28.05
20.31
16.76
14.11
11.87
9.91
8.07
6.56
5.44
4.53
3.83
3.36
2.78
2.01
1.32
0.39
0.15
0.14
0.14
0.14
0.14
0.14
0.14
0.14
0.14
0.14
0.14
0.14
0.14
0.14
0.15
0.15
0.16
0.18
0.20
0.21
0.21
0.21
0.21
0.22
0.22
0.22
0.22
0.23
0.24
0.24
0.24
0.24
0.24
0.25
0.25
0.25
0.25
0.25
0.25
0.25
0.25
0.25
0.25
0.25
0.25
0.25
0.26
0.28
0.28
0.28
0.28
0.28
0.28
0.28
0.29
0.28
0.28
0.28
0.28
0.28
0.28
0.28
0.28
0.28
0.28
0.28
0.28
0.28
0.28
0.27
0.27
0.27
0.26
0.25
0.25
0.24
0.24
0.23
0.23
0.23
0.23
0.23
0.22
0.21
0.21
0.21
0.21
0.21
0.21
0.21
0.21
163.40
163.30
162.70
162.30
161.50
160.10
157.30
156.60
155.20
154.40
153.50
152.60
151.50
150.40
149.40
148.50
147.80
147.40
147.00
146.90
147.00
147.50
147.90
148.50
149.30
150.40
151.70
153.60
155.30
157.40
159.50
162.20
165.10
168.30
171.70
175.80
179.80
184.50
189.80
195.10
201.70
208.20
214.90
221.70
228.50
235.20
241.90
249.10
256.80
265.40
274.60
284.60
294.80
305.60
317.50
329.90
342.80
357.20
371.30
385.30
399.20
412.50
425.90
438.80
451.50
457.20
442.50
409.30
365.40
316.30
263.30
212.70
158.50
106.90
61.02
35.08
22.21
16.07
12.57
10.00
8.17
6.62
5.29
4.01
3.31
2.88
2.33
1.61
1.05
0.22
0.14
0.13
0.14
0.15
0.15
0.17
0.17
0.17
0.18
0.20
0.20
0.21
0.22
0.22
0.23
0.24
0.24
0.26
0.26
0.27
0.27
0.27
0.27
0.27
0.27
0.28
0.28
0.28
0.28
0.28
0.28
0.28
0.28
0.28
0.28
0.28
0.28
0.28
0.28
0.28
0.29
0.29
0.29
0.29
0.29
0.28
0.28
0.28
0.28
0.28
0.28
0.28
0.28
0.28
0.28
0.28
0.27
0.27
0.27
0.27
0.27
0.27
0.27
0.27
0.27
0.26
0.25
0.25
0.25
0.26
0.24
0.23
0.20
0.20
0.20
0.20
0.20
0.20
0.20
0.20
0.20
0.20
0.20
0.20
0.20
0.20
0.20
0.20
0.20
0.20
0.20
163.30
163.10
162.70
161.80
159.00
142.00
121.10
109.80
96.47
96.98
101.00
100.40
99.92
99.45
99.24
98.90
98.78
98.83
98.80
99.03
99.10
99.38
99.84
100.40
101.20
102.10
103.10
104.50
106.10
107.90
109.80
111.70
114.10
116.60
119.20
122.10
125.10
128.40
131.70
135.40
139.40
143.50
148.10
152.90
157.90
163.50
169.20
175.20
181.30
187.60
194.30
200.80
208.00
215.50
223.50
231.80
240.10
247.70
255.10
263.00
271.90
281.80
290.40
291.30
280.60
262.10
238.00
207.00
172.40
140.00
107.60
77.55
49.19
28.27
17.24
12.55
10.13
8.55
6.95
5.63
4.58
3.84
3.20
2.55
2.12
1.82
1.47
0.98
0.61
0.17
0.14
0.13
0.13
0.13
0.13
0.14
0.13
0.13
0.13
0.13
0.13
0.13
0.13
0.14
0.14
0.15
0.16
0.17
0.18
0.19
0.21
0.21
0.21
0.22
0.23
0.23
0.23
0.23
0.23
0.23
0.23
0.25
0.26
0.26
0.26
0.26
0.26
0.26
0.26
0.26
0.26
0.27
0.27
0.27
0.27
0.27
0.27
0.27
0.27
0.27
0.27
0.27
0.28
0.29
0.29
0.29
0.29
0.29
0.29
0.29
0.29
0.29
0.29
0.29
0.29
0.29
0.29
0.29
0.29
0.28
0.28
0.28
0.27
0.26
0.27
0.26
0.24
0.24
0.23
0.23
0.23
0.22
0.22
0.21
0.21
0.21
0.21
0.21
0.21
0.21
0.21
163.50
163.30
162.70
160.60
137.40
108.90
92.49
70.50
61.88
41.73
47.33
47.35
47.52
47.66
47.71
47.71
47.67
47.70
47.76
47.91
48.10
48.30
48.54
48.94
49.44
49.98
50.58
51.26
52.05
52.99
54.03
55.18
56.47
57.76
59.25
60.91
62.51
64.26
66.17
68.30
70.56
72.86
75.34
77.76
80.60
83.79
87.00
90.33
93.32
96.33
100.30
104.80
108.60
111.80
114.70
118.30
122.00
126.00
129.90
134.70
138.00
137.20
134.50
129.40
122.00
112.90
101.60
88.01
72.10
49.26
25.84
13.79
8.81
6.75
5.74
5.03
4.44
3.89
3.34
2.73
2.23
1.82
1.50
1.19
0.90
0.67
0.46
0.26
0.12
0.13
0.13
0.13
0.14
0.15
0.15
0.16
0.17
0.18
0.18
0.18
0.19
0.19
0.20
0.20
0.20
0.22
0.23
0.23
0.23
0.25
0.26
0.26
0.27
0.27
0.27
0.27
0.27
0.27
0.27
0.27
0.27
0.27
0.27
0.27
0.27
0.27
0.27
0.27
0.28
0.28
0.27
0.27
0.27
0.27
0.27
0.27
0.27
0.27
0.27
0.27
0.27
0.27
0.27
0.27
0.27
0.27
0.27
0.27
0.27
0.27
0.27
0.27
0.27
0.27
0.27
0.27
0.27
0.26
0.25
0.24
0.24
0.22
0.22
0.21
0.21
0.21
0.21
0.21
0.21
0.21
0.21
0.21
0.21
0.21
0.21
0.21
0.21
0.21
0.21
0.21
0.21
163.30
162.80
162.60
159.30
113.30
103.80
57.01
44.69
3.28
0.79
0.72
0.69
0.68
0.71
0.74
0.76
0.77
0.78
0.79
0.80
0.81
0.80
0.81
0.80
0.80
0.81
0.81
0.82
0.83
0.83
0.84
0.84
0.84
0.83
0.84
0.83
0.82
0.81
0.81
0.80
0.78
0.77
0.76
0.75
0.74
0.73
0.71
0.69
0.67
0.66
0.64
0.62
0.61
0.60
0.57
0.56
0.54
0.53
0.51
0.50
0.48
0.46
0.44
0.42
0.41
0.39
0.37
0.35
0.34
0.32
0.31
0.28
0.27
0.26
0.25
0.23
0.23
0.21
0.21
0.20
0.19
0.20
0.19
0.18
0.17
0.15
0.15
0.13
0.12
0.11
0.11
0.11
0.11
0.11
0.11
0.11
0.12
0.12
0.12
0.12
0.12
0.12
0.12
0.12
0.14
0.14
0.14
0.14
0.15
0.15
0.15
0.16
0.16
0.17
0.18
0.19
0.19
0.20
0.20
0.21
0.21
0.21
0.21
0.21
0.22
0.22
0.24
0.25
0.25
0.25
0.25
0.25
0.26
0.26
0.26
0.26
0.26
0.26
0.26
0.26
0.27
0.27
0.27
0.27
0.27
0.27
0.27
0.27
0.27
0.27
0.27
0.27
0.27
0.27
0.27
0.27
0.27
0.27
0.27
0.27
0.27
0.28
0.27
0.27
0.27
0.27
0.25
0.26
0.25
0.24
0.24
0.23
0.23
0.23
0.23
0.22
0.22
0.21
0.21
0.21
0.20
163.30
163.10
162.60
158.50
111.80
101.60
54.71
34.64
1.68
0.00
0.00
0.00
0.00
0.00
0.00
0.00
0.00
0.00
0.00
0.00
0.00
0.00
0.00
0.00
0.00
0.00
0.01
0.02
0.01
0.01
0.01
0.01
0.01
0.01
0.01
0.01
0.01
0.01
0.01
0.01
0.01
0.01
0.01
0.01
0.01
0.01
0.01
0.01
0.01
0.01
0.01
0.01
0.01
0.01
0.01
0.01
0.01
0.02
0.02
0.02
0.02
0.02
0.02
0.02
0.02
0.02
0.02
0.02
0.02
0.02
0.02
0.02
0.02
0.02
0.02
0.02
0.03
0.03
0.03
0.03
0.05
0.05
0.05
0.07
0.06
0.08
0.08
0.08
0.09
0.11
0.11
0.11
0.12
0.12
0.13
0.14
0.14
0.14
0.17
0.18
0.17
0.18
0.19
0.19
0.21
0.21
0.22
0.23
0.23
0.23
0.23
0.23
0.25
0.25
0.25
0.26
0.27
0.27
0.27
0.27
0.27
0.27
0.27
0.27
0.27
0.27
0.27
0.27
0.27
0.27
0.27
0.28
0.28
0.28
0.28
0.28
0.28
0.28
0.28
0.28
0.28
0.28
0.28
0.28
0.28
0.28
0.29
0.27
0.26
0.26
0.26
0.26
0.25
0.25
0.24
0.24
0.23
0.23
0.23
0.22
0.21
0.20
0.20
0.20
0.20
0.20
0.20
0.20
0.20
0.20
0.20
0.20
0.20
0.20
0.20
0.20
0.20
0.20
0.20
0.20
0.20
163.30
162.80
162.60
159.30
113.30
103.80
57.01
44.69
3.28
0.79
0.72
0.69
0.68
0.71
0.74
0.76
0.77
0.78
0.79
0.80
0.81
0.80
0.81
0.80
0.80
0.81
0.81
0.82
0.83
0.83
0.84
0.84
0.84
0.83
0.84
0.83
0.82
0.81
0.81
0.80
0.78
0.77
0.76
0.75
0.74
0.73
0.71
0.69
0.67
0.66
0.64
0.62
0.61
0.60
0.57
0.56
0.54
0.53
0.51
0.50
0.48
0.46
0.44
0.42
0.41
0.39
0.37
0.35
0.34
0.32
0.31
0.28
0.27
0.26
0.25
0.23
0.23
0.21
0.21
0.20
0.19
0.20
0.19
0.18
0.17
0.15
0.15
0.13
0.12
0.11
0.11
0.11
0.11
0.11
0.11
0.11
0.12
0.12
0.12
0.12
0.12
0.12
0.12
0.12
0.14
0.14
0.14
0.14
0.15
0.15
0.15
0.16
0.16
0.17
0.18
0.19
0.19
0.20
0.20
0.21
0.21
0.21
0.21
0.21
0.22
0.22
0.24
0.25
0.25
0.25
0.25
0.25
0.26
0.26
0.26
0.26
0.26
0.26
0.26
0.26
0.27
0.27
0.27
0.27
0.27
0.27
0.27
0.27
0.27
0.27
0.27
0.27
0.27
0.27
0.27
0.27
0.27
0.27
0.27
0.27
0.27
0.28
0.27
0.27
0.27
0.27
0.25
0.26
0.25
0.24
0.24
0.23
0.23
0.23
0.23
0.22
0.22
0.21
0.21
0.21
0.20
163.50
163.30
162.70
160.60
137.40
108.90
92.49
70.50
61.88
41.73
47.33
47.35
47.52
47.66
47.71
47.71
47.67
47.70
47.76
47.91
48.10
48.30
48.54
48.94
49.44
49.98
50.58
51.26
52.05
52.99
54.03
55.18
56.47
57.76
59.25
60.91
62.51
64.26
66.17
68.30
70.56
72.86
75.34
77.76
80.60
83.79
87.00
90.33
93.32
96.33
100.30
104.80
108.60
111.80
114.70
118.30
122.00
126.00
129.90
134.70
138.00
137.20
134.50
129.40
122.00
112.90
101.60
88.01
72.10
49.26
25.84
13.79
8.81
6.75
5.74
5.03
4.44
3.89
3.34
2.73
2.23
1.82
1.50
1.19
0.90
0.67
0.46
0.26
0.12
0.13
0.13
0.13
0.14
0.15
0.15
0.16
0.17
0.18
0.18
0.18
0.19
0.19
0.20
0.20
0.20
0.22
0.23
0.23
0.23
0.25
0.26
0.26
0.27
0.27
0.27
0.27
0.27
0.27
0.27
0.27
0.27
0.27
0.27
0.27
0.27
0.27
0.27
0.27
0.28
0.28
0.27
0.27
0.27
0.27
0.27
0.27
0.27
0.27
0.27
0.27
0.27
0.27
0.27
0.27
0.27
0.27
0.27
0.27
0.27
0.27
0.27
0.27
0.27
0.27
0.27
0.27
0.27
0.26
0.25
0.24
0.24
0.22
0.22
0.21
0.21
0.21
0.21
0.21
0.21
0.21
0.21
0.21
0.21
0.21
0.21
0.21
0.21
0.21
0.21
0.21
0.21
163.30
163.10
162.70
161.80
159.00
142.00
121.10
109.80
96.47
96.98
101.00
100.40
99.92
99.45
99.24
98.90
98.78
98.83
98.80
99.03
99.10
99.38
99.84
100.40
101.20
102.10
103.10
104.50
106.10
107.90
109.80
111.70
114.10
116.60
119.20
122.10
125.10
128.40
131.70
135.40
139.40
143.50
148.10
152.90
157.90
163.50
169.20
175.20
181.30
187.60
194.30
200.80
208.00
215.50
223.50
231.80
240.10
247.70
255.10
263.00
271.90
281.80
290.40
291.30
280.60
262.10
238.00
207.00
172.40
140.00
107.60
77.55
49.19
28.27
17.24
12.55
10.13
8.55
6.95
5.63
4.58
3.84
3.20
2.55
2.12
1.82
1.47
0.98
0.61
0.17
0.14
0.13
0.13
0.13
0.13
0.14
0.13
0.13
0.13
0.13
0.13
0.13
0.13
0.14
0.14
0.15
0.16
0.17
0.18
0.19
0.21
0.21
0.21
0.22
0.23
0.23
0.23
0.23
0.23
0.23
0.23
0.25
0.26
0.26
0.26
0.26
0.26
0.26
0.26
0.26
0.26
0.27
0.27
0.27
0.27
0.27
0.27
0.27
0.27
0.27
0.27
0.27
0.28
0.29
0.29
0.29
0.29
0.29
0.29
0.29
0.29
0.29
0.29
0.29
0.29
0.29
0.29
0.29
0.29
0.28
0.28
0.28
0.27
0.26
0.27
0.26
0.24
0.24
0.23
0.23
0.23
0.22
0.22
0.21
0.21
0.21
0.21
0.21
0.21
0.21
0.21
163.40
163.30
162.70
162.30
161.50
160.10
157.30
156.60
155.20
154.40
153.50
152.60
151.50
150.40
149.40
148.50
147.80
147.40
147.00
146.90
147.00
147.50
147.90
148.50
149.30
150.40
151.70
153.60
155.30
157.40
159.50
162.20
165.10
168.30
171.70
175.80
179.80
184.50
189.80
195.10
201.70
208.20
214.90
221.70
228.50
235.20
241.90
249.10
256.80
265.40
274.60
284.60
294.80
305.60
317.50
329.90
342.80
357.20
371.30
385.30
399.20
412.50
425.90
438.80
451.50
457.20
442.50
409.30
365.40
316.30
263.30
212.70
158.50
106.90
61.02
35.08
22.21
16.07
12.57
10.00
8.17
6.62
5.29
4.01
3.31
2.88
2.33
1.61
1.05
0.22
0.14
0.13
0.14
0.15
0.15
0.17
0.17
0.17
0.18
0.20
0.20
0.21
0.22
0.22
0.23
0.24
0.24
0.26
0.26
0.27
0.27
0.27
0.27
0.27
0.27
0.28
0.28
0.28
0.28
0.28
0.28
0.28
0.28
0.28
0.28
0.28
0.28
0.28
0.28
0.28
0.29
0.29
0.29
0.29
0.29
0.28
0.28
0.28
0.28
0.28
0.28
0.28
0.28
0.28
0.28
0.28
0.27
0.27
0.27
0.27
0.27
0.27
0.27
0.27
0.27
0.26
0.25
0.25
0.25
0.26
0.24
0.23
0.20
0.20
0.20
0.20
0.20
0.20
0.20
0.20
0.20
0.20
0.20
0.20
0.20
0.20
0.20
0.20
0.20
0.20
0.20
163.50
163.30
163.00
162.60
161.90
161.30
160.60
159.80
158.80
157.60
156.40
155.40
154.30
153.40
152.40
151.50
150.70
150.20
150.00
149.80
149.60
149.90
150.20
150.70
151.30
151.80
152.60
153.80
155.20
156.70
158.40
160.40
163.00
166.10
169.80
173.60
178.00
182.70
188.00
193.70
199.70
205.70
211.60
217.80
224.10
230.20
236.70
243.90
251.50
259.40
267.50
276.50
286.50
298.10
310.80
323.20
335.40
349.20
365.10
380.30
393.70
407.80
425.50
441.80
455.10
457.10
451.60
430.20
396.10
352.10
294.40
221.00
128.00
55.19
28.05
20.31
16.76
14.11
11.87
9.91
8.07
6.56
5.44
4.53
3.83
3.36
2.78
2.01
1.32
0.39
0.15
0.14
0.14
0.14
0.14
0.14
0.14
0.14
0.14
0.14
0.14
0.14
0.14
0.14
0.15
0.15
0.16
0.18
0.20
0.21
0.21
0.21
0.21
0.22
0.22
0.22
0.22
0.23
0.24
0.24
0.24
0.24
0.24
0.25
0.25
0.25
0.25
0.25
0.25
0.25
0.25
0.25
0.25
0.25
0.25
0.25
0.26
0.28
0.28
0.28
0.28
0.28
0.28
0.28
0.29
0.28
0.28
0.28
0.28
0.28
0.28
0.28
0.28
0.28
0.28
0.28
0.28
0.28
0.28
0.27
0.27
0.27
0.26
0.25
0.25
0.24
0.24
0.23
0.23
0.23
0.23
0.23
0.22
0.21
0.21
0.21
0.21
0.21
0.21
0.21
0.21
