SALVI
1
0
24
15.0
181
1.0
250503 TECLA 5050 3000K 350 F2M2 VDR ARF
250503 TECLA 5050 3000K F2M2 VDR ARF

250503_TECLA_5050_F2M2_VDR_ARF.ldt
12 maig 2025/TB
700
200
100
275
165
0
0
0
0
99.84
100.00
1.00
0.00
1
1
2x7LED 5050
4456.90
3000
70
31.10
0.23
0.32
0.41
0.50
0.56
0.65
0.70
0.75
0.81
0.85
0.00
15.00
30.00
45.00
60.00
75.00
90.00
105.00
120.00
135.00
150.00
165.00
180.00
195.00
210.00
225.00
240.00
255.00
270.00
285.00
300.00
315.00
330.00
345.00
0.00
1.00
2.00
3.00
4.00
5.00
6.00
7.00
8.00
9.00
10.00
11.00
12.00
13.00
14.00
15.00
16.00
17.00
18.00
19.00
20.00
21.00
22.00
23.00
24.00
25.00
26.00
27.00
28.00
29.00
30.00
31.00
32.00
33.00
34.00
35.00
36.00
37.00
38.00
39.00
40.00
41.00
42.00
43.00
44.00
45.00
46.00
47.00
48.00
49.00
50.00
51.00
52.00
53.00
54.00
55.00
56.00
57.00
58.00
59.00
60.00
61.00
62.00
63.00
64.00
65.00
66.00
67.00
68.00
69.00
70.00
71.00
72.00
73.00
74.00
75.00
76.00
77.00
78.00
79.00
80.00
81.00
82.00
83.00
84.00
85.00
86.00
87.00
88.00
89.00
90.00
91.00
92.00
93.00
94.00
95.00
96.00
97.00
98.00
99.00
100.00
101.00
102.00
103.00
104.00
105.00
106.00
107.00
108.00
109.00
110.00
111.00
112.00
113.00
114.00
115.00
116.00
117.00
118.00
119.00
120.00
121.00
122.00
123.00
124.00
125.00
126.00
127.00
128.00
129.00
130.00
131.00
132.00
133.00
134.00
135.00
136.00
137.00
138.00
139.00
140.00
141.00
142.00
143.00
144.00
145.00
146.00
147.00
148.00
149.00
150.00
151.00
152.00
153.00
154.00
155.00
156.00
157.00
158.00
159.00
160.00
161.00
162.00
163.00
164.00
165.00
166.00
167.00
168.00
169.00
170.00
171.00
172.00
173.00
174.00
175.00
176.00
177.00
178.00
179.00
180.00
231.40
230.70
230.90
231.10
230.90
230.90
231.00
231.00
231.10
231.00
231.00
231.30
231.60
231.70
231.60
231.70
232.70
232.80
233.20
233.60
234.80
235.60
236.30
237.70
239.80
241.40
243.90
246.00
248.90
251.90
255.10
258.80
262.50
267.00
270.40
274.70
279.20
283.70
287.80
292.70
296.80
301.60
305.80
309.80
313.70
318.20
321.40
325.00
329.00
332.60
335.50
339.30
341.50
345.00
347.20
348.30
350.00
350.30
351.00
350.40
348.80
346.30
344.10
340.20
335.70
329.50
322.80
315.70
306.30
296.20
284.70
270.20
253.40
225.80
184.00
140.20
101.40
77.16
59.99
42.68
26.37
15.56
8.92
5.22
3.18
2.04
1.37
0.80
0.45
0.24
0.17
0.17
0.17
0.17
0.18
0.18
0.19
0.20
0.21
0.21
0.22
0.23
0.24
0.24
0.25
0.26
0.26
0.27
0.28
0.28
0.29
0.29
0.30
0.30
0.30
0.31
0.31
0.32
0.32
0.33
0.33
0.33
0.33
0.33
0.34
0.34
0.34
0.35
0.35
0.35
0.36
0.36
0.37
0.37
0.37
0.38
0.38
0.39
0.39
0.39
0.39
0.39
0.39
0.39
0.39
0.39
0.39
0.39
0.39
0.39
0.39
0.39
0.39
0.39
0.39
0.39
0.39
0.39
0.39
0.39
0.39
0.39
0.38
0.38
0.38
0.38
0.38
0.38
0.38
0.38
0.38
0.38
0.38
0.38
0.38
0.38
0.38
0.38
0.38
0.38
0.39
230.60
231.70
232.00
232.90
233.40
234.60
235.10
235.60
235.80
236.60
237.60
237.90
238.50
239.40
239.70
239.90
241.00
241.30
242.30
242.60
243.90
244.20
245.30
247.20
248.20
249.60
251.20
253.80
255.70
258.30
261.30
263.80
267.40
270.80
274.10
277.80
281.90
286.50
290.80
295.60
299.30
304.80
309.60
314.90
320.10
325.80
330.50
336.30
341.00
347.00
352.20
357.10
363.20
368.40
374.10
378.80
383.90
389.20
393.80
396.90
399.30
402.70
403.60
404.30
402.80
401.40
397.20
393.10
386.20
378.70
368.50
353.30
333.60
302.80
249.40
186.90
139.80
92.72
63.41
37.96
20.08
12.42
8.33
5.62
3.55
2.03
1.26
0.73
0.39
0.19
0.15
0.15
0.16
0.16
0.17
0.17
0.18
0.19
0.19
0.20
0.21
0.22
0.22
0.23
0.24
0.24
0.25
0.26
0.26
0.27
0.27
0.28
0.28
0.29
0.29
0.29
0.30
0.30
0.30
0.30
0.31
0.31
0.31
0.31
0.31
0.32
0.32
0.32
0.32
0.32
0.33
0.33
0.33
0.34
0.34
0.34
0.35
0.35
0.35
0.36
0.36
0.36
0.36
0.36
0.36
0.36
0.36
0.36
0.36
0.36
0.36
0.36
0.36
0.37
0.37
0.37
0.37
0.37
0.37
0.37
0.37
0.37
0.37
0.37
0.37
0.37
0.37
0.37
0.37
0.37
0.38
0.38
0.39
0.39
0.40
0.40
0.40
0.41
0.41
0.41
0.41
231.00
232.60
233.70
235.00
236.10
237.20
238.20
239.00
240.30
240.40
241.70
242.30
243.40
244.20
244.70
246.10
246.30
247.50
247.50
248.60
249.60
250.50
251.20
252.40
253.50
254.80
256.20
257.70
260.00
261.80
264.10
266.90
270.60
273.20
277.20
281.30
284.90
289.90
294.60
299.00
305.10
310.10
316.30
321.30
327.30
333.00
339.00
344.40
350.30
356.30
361.70
366.50
371.60
375.50
378.50
381.30
383.00
383.60
383.00
380.50
376.00
371.90
364.30
357.20
348.40
338.60
328.30
315.60
300.70
282.90
260.90
235.70
206.90
174.50
139.40
95.45
61.79
28.21
15.55
8.33
6.35
5.22
4.26
3.47
2.64
1.70
1.06
0.58
0.30
0.15
0.11
0.11
0.11
0.11
0.11
0.11
0.11
0.12
0.12
0.13
0.14
0.14
0.15
0.16
0.16
0.17
0.17
0.18
0.18
0.19
0.21
0.21
0.21
0.21
0.21
0.22
0.22
0.23
0.23
0.24
0.24
0.24
0.24
0.24
0.25
0.24
0.25
0.25
0.25
0.26
0.27
0.27
0.28
0.28
0.28
0.28
0.28
0.28
0.28
0.28
0.29
0.29
0.30
0.30
0.30
0.30
0.30
0.31
0.31
0.31
0.31
0.31
0.31
0.32
0.32
0.32
0.32
0.32
0.32
0.32
0.33
0.33
0.34
0.34
0.35
0.34
0.35
0.35
0.35
0.35
0.35
0.35
0.36
0.37
0.37
0.38
0.39
0.39
0.39
0.40
0.40
230.90
233.00
234.40
236.10
237.90
238.90
240.30
241.70
242.50
243.70
244.70
245.80
246.70
247.50
248.80
249.50
250.30
251.30
252.90
253.50
255.60
256.40
257.90
259.60
261.30
263.70
265.60
268.80
270.60
274.00
277.10
280.40
284.10
288.10
291.80
296.40
301.90
306.80
312.00
317.90
323.40
328.40
334.00
338.30
343.20
346.60
349.60
352.20
352.80
352.30
350.50
348.10
343.50
338.00
331.70
325.70
317.70
310.40
301.10
291.50
278.40
263.80
247.70
230.10
211.60
191.60
171.90
152.60
135.40
118.30
103.00
89.07
74.63
60.01
45.86
32.93
22.84
15.78
9.96
7.25
6.46
5.82
5.00
4.15
3.23
2.29
1.35
0.56
0.25
0.11
0.09
0.09
0.09
0.09
0.09
0.10
0.10
0.11
0.11
0.12
0.12
0.13
0.13
0.14
0.14
0.15
0.15
0.15
0.16
0.17
0.17
0.17
0.18
0.18
0.19
0.19
0.20
0.20
0.20
0.21
0.21
0.21
0.21
0.22
0.22
0.22
0.23
0.23
0.23
0.24
0.24
0.24
0.25
0.25
0.25
0.25
0.26
0.26
0.26
0.27
0.27
0.27
0.28
0.28
0.28
0.28
0.29
0.29
0.29
0.30
0.30
0.30
0.30
0.31
0.31
0.31
0.31
0.32
0.32
0.32
0.33
0.33
0.33
0.34
0.34
0.34
0.35
0.35
0.35
0.36
0.36
0.37
0.37
0.38
0.39
0.39
0.40
0.41
0.41
0.41
0.41
230.90
233.40
235.30
237.90
238.70
241.00
241.80
243.50
244.80
246.00
247.00
248.90
249.30
250.40
251.60
253.10
254.60
256.20
258.00
259.00
260.00
261.60
263.40
265.20
267.90
269.80
272.30
275.10
278.00
282.00
286.80
291.90
297.40
303.80
309.90
316.70
322.90
330.10
335.10
341.60
346.00
350.20
352.30
353.60
351.80
349.90
346.00
340.70
334.40
326.90
318.30
309.90
300.10
289.60
275.90
261.90
245.10
227.80
210.70
193.30
177.50
162.60
149.80
137.70
127.20
116.90
107.40
97.33
87.72
78.59
69.53
60.76
52.17
42.70
32.95
26.98
22.30
18.21
14.86
11.62
8.93
6.86
4.84
3.35
2.30
1.51
0.93
0.46
0.21
0.11
0.08
0.08
0.08
0.08
0.08
0.08
0.08
0.08
0.08
0.09
0.09
0.09
0.10
0.10
0.10
0.11
0.11
0.11
0.12
0.13
0.13
0.13
0.14
0.14
0.14
0.14
0.14
0.15
0.15
0.16
0.16
0.16
0.17
0.17
0.17
0.18
0.18
0.18
0.18
0.19
0.20
0.20
0.20
0.20
0.20
0.21
0.21
0.21
0.22
0.22
0.23
0.23
0.23
0.24
0.24
0.24
0.24
0.25
0.25
0.26
0.26
0.27
0.27
0.27
0.27
0.28
0.28
0.28
0.28
0.29
0.29
0.30
0.31
0.31
0.31
0.31
0.31
0.32
0.33
0.34
0.34
0.34
0.35
0.36
0.36
0.37
0.38
0.39
0.40
0.40
0.41
230.80
233.50
235.70
238.10
239.70
241.40
242.60
244.70
245.50
247.20
248.70
250.10
250.90
252.30
254.50
256.20
257.80
259.70
260.70
261.50
262.80
264.70
265.70
267.60
268.70
271.50
273.60
277.00
281.60
286.40
292.90
298.70
304.90
311.60
318.10
324.10
330.80
336.00
339.20
342.20
342.90
342.00
339.90
335.30
330.40
323.50
315.60
307.10
299.30
289.40
278.70
266.90
252.30
237.20
221.70
205.20
190.20
176.70
164.20
152.90
143.30
134.10
125.00
116.30
108.40
100.40
92.55
85.13
78.33
71.74
65.15
57.67
47.88
40.73
34.97
29.65
24.59
20.65
17.15
13.28
9.47
7.18
5.49
4.06
2.83
1.79
0.93
0.41
0.16
0.09
0.08
0.08
0.08
0.08
0.08
0.09
0.09
0.09
0.10
0.10
0.11
0.11
0.11
0.11
0.12
0.12
0.12
0.13
0.13
0.13
0.14
0.14
0.14
0.15
0.15
0.15
0.15
0.16
0.16
0.16
0.17
0.17
0.17
0.17
0.18
0.18
0.18
0.19
0.19
0.19
0.20
0.20
0.20
0.21
0.21
0.21
0.22
0.22
0.22
0.23
0.23
0.24
0.24
0.24
0.25
0.25
0.26
0.26
0.26
0.27
0.27
0.27
0.28
0.28
0.29
0.29
0.29
0.30
0.30
0.30
0.31
0.31
0.32
0.32
0.33
0.33
0.33
0.34
0.34
0.35
0.35
0.36
0.37
0.37
0.38
0.39
0.40
0.41
0.42
0.42
0.42
231.30
233.30
236.00
238.40
240.00
241.80
243.60
244.40
246.10
247.60
249.60
250.80
252.00
253.80
255.10
256.80
258.90
260.40
261.60
262.80
263.70
265.30
267.00
268.00
269.90
271.50
274.40
278.60
283.90
289.40
294.80
301.50
308.30
314.40
320.70
325.30
329.90
333.80
335.50
336.00
334.90
331.50
327.10
320.50
312.60
303.20
294.20
284.10
274.10
263.80
251.20
236.90
221.50
206.50
192.20
178.20
166.40
155.60
146.20
137.30
128.80
120.90
113.10
106.10
98.50
91.90
85.66
80.46
74.99
68.76
62.53
53.20
44.42
38.42
32.45
27.38
20.86
8.42
6.28
5.29
4.28
3.24
2.36
1.65
1.18
0.79
0.49
0.28
0.15
0.10
0.08
0.08
0.08
0.08
0.08
0.08
0.08
0.08
0.08
0.08
0.08
0.09
0.09
0.09
0.10
0.10
0.10
0.11
0.11
0.11
0.12
0.12
0.13
0.13
0.13
0.13
0.13
0.13
0.14
0.14
0.14
0.15
0.15
0.15
0.16
0.16
0.17
0.17
0.17
0.17
0.17
0.17
0.18
0.18
0.19
0.20
0.21
0.21
0.21
0.21
0.21
0.21
0.22
0.22
0.22
0.23
0.24
0.24
0.24
0.24
0.25
0.25
0.27
0.27
0.28
0.28
0.28
0.28
0.28
0.28
0.28
0.29
0.30
0.30
0.30
0.31
0.32
0.32
0.32
0.32
0.33
0.34
0.35
0.36
0.36
0.37
0.38
0.39
0.40
0.41
0.41
230.80
233.50
235.70
238.10
239.70
241.40
242.60
244.70
245.50
247.20
248.70
250.10
250.90
252.30
254.50
256.20
257.80
259.70
260.70
261.50
262.80
264.70
265.70
267.60
268.70
271.50
273.60
277.00
281.60
286.40
292.90
298.70
304.90
311.60
318.10
324.10
330.80
336.00
339.20
342.20
342.90
342.00
339.90
335.30
330.40
323.50
315.60
307.10
299.30
289.40
278.70
266.90
252.30
237.20
221.70
205.20
190.20
176.70
164.20
152.90
143.30
134.10
125.00
116.30
108.40
100.40
92.55
85.13
78.33
71.74
65.15
57.67
47.88
40.73
34.97
29.65
24.59
20.65
17.15
13.28
9.47
7.18
5.49
4.06
2.83
1.79
0.93
0.41
0.16
0.09
0.08
0.08
0.08
0.08
0.08
0.09
0.09
0.09
0.10
0.10
0.11
0.11
0.11
0.11
0.12
0.12
0.12
0.13
0.13
0.13
0.14
0.14
0.14
0.15
0.15
0.15
0.15
0.16
0.16
0.16
0.17
0.17
0.17
0.17
0.18
0.18
0.18
0.19
0.19
0.19
0.20
0.20
0.20
0.21
0.21
0.21
0.22
0.22
0.22
0.23
0.23
0.24
0.24
0.24
0.25
0.25
0.26
0.26
0.26
0.27
0.27
0.27
0.28
0.28
0.29
0.29
0.29
0.30
0.30
0.30
0.31
0.31
0.32
0.32
0.33
0.33
0.33
0.34
0.34
0.35
0.35
0.36
0.37
0.37
0.38
0.39
0.40
0.41
0.42
0.42
0.42
230.90
233.40
235.30
237.90
238.70
241.00
241.80
243.50
244.80
246.00
247.00
248.90
249.30
250.40
251.60
253.10
254.60
256.20
258.00
259.00
260.00
261.60
263.40
265.20
267.90
269.80
272.30
275.10
278.00
282.00
286.80
291.90
297.40
303.80
309.90
316.70
322.90
330.10
335.10
341.60
346.00
350.20
352.30
353.60
351.80
349.90
346.00
340.70
334.40
326.90
318.30
309.90
300.10
289.60
275.90
261.90
245.10
227.80
210.70
193.30
177.50
162.60
149.80
137.70
127.20
116.90
107.40
97.33
87.72
78.59
69.53
60.76
52.17
42.70
32.95
26.98
22.30
18.21
14.86
11.62
8.93
6.86
4.84
3.35
2.30
1.51
0.93
0.46
0.21
0.11
0.08
0.08
0.08
0.08
0.08
0.08
0.08
0.08
0.08
0.09
0.09
0.09
0.10
0.10
0.10
0.11
0.11
0.11
0.12
0.13
0.13
0.13
0.14
0.14
0.14
0.14
0.14
0.15
0.15
0.16
0.16
0.16
0.17
0.17
0.17
0.18
0.18
0.18
0.18
0.19
0.20
0.20
0.20
0.20
0.20
0.21
0.21
0.21
0.22
0.22
0.23
0.23
0.23
0.24
0.24
0.24
0.24
0.25
0.25
0.26
0.26
0.27
0.27
0.27
0.27
0.28
0.28
0.28
0.28
0.29
0.29
0.30
0.31
0.31
0.31
0.31
0.31
0.32
0.33
0.34
0.34
0.34
0.35
0.36
0.36
0.37
0.38
0.39
0.40
0.40
0.41
230.90
233.00
234.40
236.10
237.90
238.90
240.30
241.70
242.50
243.70
244.70
245.80
246.70
247.50
248.80
249.50
250.30
251.30
252.90
253.50
255.60
256.40
257.90
259.60
261.30
263.70
265.60
268.80
270.60
274.00
277.10
280.40
284.10
288.10
291.80
296.40
301.90
306.80
312.00
317.90
323.40
328.40
334.00
338.30
343.20
346.60
349.60
352.20
352.80
352.30
350.50
348.10
343.50
338.00
331.70
325.70
317.70
310.40
301.10
291.50
278.40
263.80
247.70
230.10
211.60
191.60
171.90
152.60
135.40
118.30
103.00
89.07
74.63
60.01
45.86
32.93
22.84
15.78
9.96
7.25
6.46
5.82
5.00
4.15
3.23
2.29
1.35
0.56
0.25
0.11
0.09
0.09
0.09
0.09
0.09
0.10
0.10
0.11
0.11
0.12
0.12
0.13
0.13
0.14
0.14
0.15
0.15
0.15
0.16
0.17
0.17
0.17
0.18
0.18
0.19
0.19
0.20
0.20
0.20
0.21
0.21
0.21
0.21
0.22
0.22
0.22
0.23
0.23
0.23
0.24
0.24
0.24
0.25
0.25
0.25
0.25
0.26
0.26
0.26
0.27
0.27
0.27
0.28
0.28
0.28
0.28
0.29
0.29
0.29
0.30
0.30
0.30
0.30
0.31
0.31
0.31
0.31
0.32
0.32
0.32
0.33
0.33
0.33
0.34
0.34
0.34
0.35
0.35
0.35
0.36
0.36
0.37
0.37
0.38
0.39
0.39
0.40
0.41
0.41
0.41
0.41
231.00
232.60
233.70
235.00
236.10
237.20
238.20
239.00
240.30
240.40
241.70
242.30
243.40
244.20
244.70
246.10
246.30
247.50
247.50
248.60
249.60
250.50
251.20
252.40
253.50
254.80
256.20
257.70
260.00
261.80
264.10
266.90
270.60
273.20
277.20
281.30
284.90
289.90
294.60
299.00
305.10
310.10
316.30
321.30
327.30
333.00
339.00
344.40
350.30
356.30
361.70
366.50
371.60
375.50
378.50
381.30
383.00
383.60
383.00
380.50
376.00
371.90
364.30
357.20
348.40
338.60
328.30
315.60
300.70
282.90
260.90
235.70
206.90
174.50
139.40
95.45
61.79
28.21
15.55
8.33
6.35
5.22
4.26
3.47
2.64
1.70
1.06
0.58
0.30
0.15
0.11
0.11
0.11
0.11
0.11
0.11
0.11
0.12
0.12
0.13
0.14
0.14
0.15
0.16
0.16
0.17
0.17
0.18
0.18
0.19
0.21
0.21
0.21
0.21
0.21
0.22
0.22
0.23
0.23
0.24
0.24
0.24
0.24
0.24
0.25
0.24
0.25
0.25
0.25
0.26
0.27
0.27
0.28
0.28
0.28
0.28
0.28
0.28
0.28
0.28
0.29
0.29
0.30
0.30
0.30
0.30
0.30
0.31
0.31
0.31
0.31
0.31
0.31
0.32
0.32
0.32
0.32
0.32
0.32
0.32
0.33
0.33
0.34
0.34
0.35
0.34
0.35
0.35
0.35
0.35
0.35
0.35
0.36
0.37
0.37
0.38
0.39
0.39
0.39
0.40
0.40
230.60
231.70
232.00
232.90
233.40
234.60
235.10
235.60
235.80
236.60
237.60
237.90
238.50
239.40
239.70
239.90
241.00
241.30
242.30
242.60
243.90
244.20
245.30
247.20
248.20
249.60
251.20
253.80
255.70
258.30
261.30
263.80
267.40
270.80
274.10
277.80
281.90
286.50
290.80
295.60
299.30
304.80
309.60
314.90
320.10
325.80
330.50
336.30
341.00
347.00
352.20
357.10
363.20
368.40
374.10
378.80
383.90
389.20
393.80
396.90
399.30
402.70
403.60
404.30
402.80
401.40
397.20
393.10
386.20
378.70
368.50
353.30
333.60
302.80
249.40
186.90
139.80
92.72
63.41
37.96
20.08
12.42
8.33
5.62
3.55
2.03
1.26
0.73
0.39
0.19
0.15
0.15
0.16
0.16
0.17
0.17
0.18
0.19
0.19
0.20
0.21
0.22
0.22
0.23
0.24
0.24
0.25
0.26
0.26
0.27
0.27
0.28
0.28
0.29
0.29
0.29
0.30
0.30
0.30
0.30
0.31
0.31
0.31
0.31
0.31
0.32
0.32
0.32
0.32
0.32
0.33
0.33
0.33
0.34
0.34
0.34
0.35
0.35
0.35
0.36
0.36
0.36
0.36
0.36
0.36
0.36
0.36
0.36
0.36
0.36
0.36
0.36
0.36
0.37
0.37
0.37
0.37
0.37
0.37
0.37
0.37
0.37
0.37
0.37
0.37
0.37
0.37
0.37
0.37
0.37
0.38
0.38
0.39
0.39
0.40
0.40
0.40
0.41
0.41
0.41
0.41
231.40
230.70
230.90
231.10
230.90
230.90
231.00
231.00
231.10
231.00
231.00
231.30
231.60
231.70
231.60
231.70
232.70
232.80
233.20
233.60
234.80
235.60
236.30
237.70
239.80
241.40
243.90
246.00
248.90
251.90
255.10
258.80
262.50
267.00
270.40
274.70
279.20
283.70
287.80
292.70
296.80
301.60
305.80
309.80
313.70
318.20
321.40
325.00
329.00
332.60
335.50
339.30
341.50
345.00
347.20
348.30
350.00
350.30
351.00
350.40
348.80
346.30
344.10
340.20
335.70
329.50
322.80
315.70
306.30
296.20
284.70
270.20
253.40
225.80
184.00
140.20
101.40
77.16
59.99
42.68
26.37
15.56
8.92
5.22
3.18
2.04
1.37
0.80
0.45
0.24
0.17
0.17
0.17
0.17
0.18
0.18
0.19
0.20
0.21
0.21
0.22
0.23
0.24
0.24
0.25
0.26
0.26
0.27
0.28
0.28
0.29
0.29
0.30
0.30
0.30
0.31
0.31
0.32
0.32
0.33
0.33
0.33
0.33
0.33
0.34
0.34
0.34
0.35
0.35
0.35
0.36
0.36
0.37
0.37
0.37
0.38
0.38
0.39
0.39
0.39
0.39
0.39
0.39
0.39
0.39
0.39
0.39
0.39
0.39
0.39
0.39
0.39
0.39
0.39
0.39
0.39
0.39
0.39
0.39
0.39
0.39
0.39
0.38
0.38
0.38
0.38
0.38
0.38
0.38
0.38
0.38
0.38
0.38
0.38
0.38
0.38
0.38
0.38
0.38
0.38
0.39
230.60
230.20
229.50
228.30
227.90
226.20
226.10
224.30
223.80
222.70
222.00
220.50
220.20
218.90
219.00
217.50
217.60
217.00
216.50
216.80
216.20
216.80
217.10
218.30
219.20
220.50
221.80
224.30
226.00
227.70
230.40
233.40
236.20
238.80
242.30
245.00
248.20
251.20
254.30
257.60
259.80
263.00
265.30
267.80
269.90
271.50
273.40
274.70
275.80
276.50
276.80
276.80
276.70
276.10
274.80
272.90
270.90
267.30
263.90
259.70
254.30
248.70
242.30
235.20
227.10
218.50
209.20
199.20
189.10
178.00
166.50
153.90
140.20
125.30
100.10
70.61
51.94
38.01
29.28
20.73
13.49
8.44
5.80
4.35
3.25
2.26
1.42
0.82
0.45
0.21
0.16
0.16
0.16
0.16
0.16
0.17
0.17
0.18
0.19
0.20
0.21
0.21
0.22
0.23
0.24
0.24
0.25
0.26
0.26
0.27
0.27
0.28
0.28
0.29
0.29
0.30
0.31
0.31
0.31
0.31
0.31
0.32
0.32
0.32
0.32
0.32
0.33
0.33
0.34
0.34
0.35
0.35
0.36
0.37
0.37
0.38
0.38
0.39
0.40
0.40
0.40
0.41
0.42
0.42
0.42
0.42
0.42
0.43
0.43
0.43
0.43
0.43
0.43
0.43
0.43
0.43
0.43
0.43
0.43
0.42
0.42
0.42
0.42
0.42
0.41
0.41
0.41
0.41
0.40
0.40
0.40
0.40
0.40
0.39
0.39
0.39
0.40
0.40
0.40
0.40
0.40
231.00
229.60
227.60
225.60
224.00
222.50
219.80
217.90
215.80
213.10
211.00
209.00
206.80
205.10
202.80
200.60
198.90
197.40
196.00
194.00
193.30
191.60
190.90
190.50
190.10
189.90
190.00
190.20
190.20
190.50
191.70
192.30
193.50
193.90
195.10
196.30
197.40
198.60
199.60
200.80
201.50
202.60
203.40
203.90
204.00
204.00
203.50
203.30
202.50
201.10
200.00
197.70
195.50
193.10
189.90
186.50
183.00
178.40
174.50
169.40
164.30
158.70
152.40
146.00
138.90
131.30
123.60
115.20
107.20
98.87
90.74
82.12
73.78
64.35
54.18
42.95
28.12
18.32
14.25
11.30
8.99
7.20
5.76
4.65
3.70
2.63
1.58
0.83
0.44
0.18
0.15
0.15
0.15
0.16
0.17
0.18
0.18
0.19
0.20
0.21
0.22
0.22
0.23
0.24
0.25
0.26
0.26
0.27
0.28
0.28
0.29
0.29
0.30
0.30
0.31
0.31
0.32
0.32
0.32
0.33
0.33
0.34
0.34
0.34
0.35
0.35
0.35
0.35
0.36
0.36
0.37
0.38
0.38
0.38
0.39
0.39
0.40
0.41
0.41
0.42
0.42
0.43
0.43
0.43
0.43
0.43
0.43
0.43
0.43
0.43
0.43
0.43
0.43
0.43
0.43
0.43
0.42
0.42
0.42
0.42
0.42
0.41
0.41
0.41
0.41
0.40
0.40
0.40
0.40
0.40
0.40
0.40
0.40
0.40
0.41
0.41
0.41
0.41
0.41
0.41
0.41
230.90
228.70
226.20
223.40
220.90
217.50
214.20
210.70
207.40
203.80
200.30
197.00
193.30
190.10
186.30
183.00
179.30
176.40
173.10
170.60
168.10
165.70
163.90
161.70
160.40
159.50
158.40
157.60
156.90
156.70
156.00
155.90
155.80
156.10
156.30
156.10
156.30
156.70
156.30
156.40
156.10
156.00
155.20
154.90
153.80
153.40
152.00
151.10
149.80
148.00
146.60
144.70
142.50
140.60
138.00
135.10
132.20
128.60
125.20
120.90
117.10
112.20
107.70
102.50
97.83
92.88
88.04
82.15
76.46
70.10
63.80
57.52
51.10
44.73
38.72
32.79
27.22
22.07
17.08
11.37
9.12
7.12
5.61
4.35
3.30
2.45
1.51
0.77
0.37
0.17
0.13
0.13
0.13
0.13
0.13
0.13
0.14
0.15
0.16
0.16
0.17
0.18
0.18
0.19
0.20
0.20
0.21
0.22
0.23
0.24
0.24
0.25
0.26
0.26
0.27
0.28
0.28
0.28
0.29
0.29
0.30
0.30
0.30
0.31
0.31
0.32
0.32
0.33
0.33
0.34
0.34
0.34
0.35
0.35
0.36
0.36
0.36
0.37
0.37
0.38
0.38
0.39
0.40
0.40
0.40
0.41
0.41
0.41
0.42
0.42
0.42
0.42
0.42
0.42
0.42
0.42
0.42
0.42
0.42
0.42
0.42
0.42
0.42
0.42
0.42
0.42
0.42
0.42
0.42
0.42
0.42
0.42
0.41
0.41
0.41
0.41
0.41
0.41
0.41
0.41
0.41
230.90
228.60
225.40
222.30
218.30
214.30
210.20
205.50
201.10
196.50
191.90
186.60
182.50
176.90
172.50
167.40
163.00
158.50
154.80
150.90
147.60
145.40
142.80
140.60
138.80
137.00
136.00
135.20
134.20
133.80
133.30
133.30
133.20
133.20
133.40
133.60
133.30
133.30
133.50
133.30
133.10
132.60
132.20
131.90
131.30
130.90
130.40
130.10
129.70
129.20
128.40
127.60
126.10
125.00
122.70
121.10
118.40
115.80
112.50
109.60
105.90
102.50
98.65
94.69
90.69
86.30
81.93
77.00
71.78
66.32
60.55
54.81
49.35
44.16
38.78
33.75
29.06
24.79
20.77
16.65
13.34
10.20
6.64
4.42
3.16
2.17
1.43
0.78
0.34
0.13
0.10
0.11
0.11
0.12
0.12
0.13
0.13
0.14
0.15
0.15
0.16
0.17
0.17
0.18
0.19
0.20
0.20
0.21
0.22
0.22
0.23
0.24
0.25
0.25
0.26
0.26
0.27
0.28
0.28
0.29
0.29
0.30
0.30
0.31
0.31
0.32
0.32
0.33
0.33
0.33
0.34
0.34
0.34
0.35
0.35
0.36
0.36
0.37
0.37
0.38
0.38
0.39
0.39
0.40
0.40
0.40
0.41
0.41
0.41
0.42
0.42
0.42
0.42
0.42
0.42
0.42
0.42
0.42
0.42
0.42
0.42
0.42
0.42
0.42
0.42
0.42
0.42
0.42
0.42
0.42
0.41
0.41
0.41
0.41
0.41
0.41
0.41
0.41
0.41
0.41
0.41
230.80
228.00
224.10
220.70
216.20
211.60
206.70
201.70
196.40
190.90
185.40
179.50
173.70
167.70
162.40
156.60
151.50
146.70
142.60
139.20
135.90
132.90
130.40
128.00
126.50
125.10
124.10
123.50
122.80
122.60
122.50
122.50
122.70
122.80
122.90
123.00
123.10
122.90
122.90
122.70
122.20
122.30
122.00
122.40
122.50
122.80
123.10
123.10
123.40
123.20
123.10
122.30
121.20
120.10
118.20
116.40
114.20
111.90
109.20
106.60
103.80
100.80
97.53
94.11
90.31
86.07
81.44
76.62
71.55
67.00
62.45
57.85
52.88
47.59
41.94
36.60
31.51
25.67
20.47
16.35
11.77
7.73
4.92
3.51
2.56
1.77
1.10
0.59
0.26
0.13
0.10
0.09
0.09
0.09
0.09
0.09
0.10
0.10
0.11
0.12
0.12
0.13
0.13
0.14
0.15
0.16
0.17
0.17
0.18
0.18
0.19
0.20
0.20
0.21
0.22
0.23
0.23
0.24
0.24
0.25
0.25
0.26
0.26
0.27
0.28
0.28
0.28
0.29
0.29
0.30
0.30
0.31
0.31
0.32
0.32
0.33
0.33
0.33
0.34
0.34
0.35
0.35
0.36
0.36
0.37
0.37
0.37
0.38
0.38
0.39
0.39
0.39
0.40
0.41
0.41
0.41
0.41
0.41
0.42
0.42
0.42
0.42
0.42
0.42
0.42
0.42
0.42
0.42
0.42
0.42
0.42
0.42
0.42
0.42
0.42
0.42
0.42
0.42
0.42
0.42
0.42
231.30
228.30
224.70
220.60
215.90
211.30
206.30
200.70
195.40
189.40
183.60
177.20
170.80
164.90
158.80
153.80
148.40
143.20
139.10
135.80
132.60
129.30
126.90
124.60
123.00
121.90
120.80
120.20
119.70
119.50
119.50
119.70
119.90
120.20
120.20
120.10
119.90
119.90
119.80
119.60
119.40
119.20
119.40
119.70
120.00
120.70
121.00
121.70
121.70
121.80
121.40
120.90
119.90
118.50
116.90
115.20
112.80
110.40
107.50
105.10
102.10
99.18
96.13
92.88
89.33
85.18
80.78
75.89
70.96
66.41
62.06
57.93
53.35
48.38
42.82
36.97
22.41
9.13
6.34
5.35
4.37
3.44
2.65
1.97
1.47
1.05
0.71
0.45
0.23
0.10
0.09
0.09
0.09
0.10
0.10
0.11
0.11
0.12
0.12
0.13
0.13
0.14
0.15
0.16
0.16
0.17
0.18
0.18
0.19
0.20
0.21
0.21
0.22
0.23
0.23
0.24
0.25
0.25
0.26
0.27
0.27
0.28
0.28
0.29
0.29
0.30
0.31
0.31
0.32
0.32
0.32
0.33
0.33
0.34
0.34
0.34
0.35
0.35
0.36
0.36
0.36
0.37
0.38
0.38
0.38
0.39
0.39
0.39
0.40
0.40
0.41
0.41
0.41
0.42
0.42
0.42
0.42
0.42
0.42
0.42
0.42
0.42
0.42
0.42
0.42
0.42
0.42
0.42
0.42
0.42
0.42
0.42
0.42
0.42
0.42
0.42
0.42
0.42
0.42
0.42
0.42
230.80
228.00
224.10
220.70
216.20
211.60
206.70
201.70
196.40
190.90
185.40
179.50
173.70
167.70
162.40
156.60
151.50
146.70
142.60
139.20
135.90
132.90
130.40
128.00
126.50
125.10
124.10
123.50
122.80
122.60
122.50
122.50
122.70
122.80
122.90
123.00
123.10
122.90
122.90
122.70
122.20
122.30
122.00
122.40
122.50
122.80
123.10
123.10
123.40
123.20
123.10
122.30
121.20
120.10
118.20
116.40
114.20
111.90
109.20
106.60
103.80
100.80
97.53
94.11
90.31
86.07
81.44
76.62
71.55
67.00
62.45
57.85
52.88
47.59
41.94
36.60
31.51
25.67
20.47
16.35
11.77
7.73
4.92
3.51
2.56
1.77
1.10
0.59
0.26
0.13
0.10
0.09
0.09
0.09
0.09
0.09
0.10
0.10
0.11
0.12
0.12
0.13
0.13
0.14
0.15
0.16
0.17
0.17
0.18
0.18
0.19
0.20
0.20
0.21
0.22
0.23
0.23
0.24
0.24
0.25
0.25
0.26
0.26
0.27
0.28
0.28
0.28
0.29
0.29
0.30
0.30
0.31
0.31
0.32
0.32
0.33
0.33
0.33
0.34
0.34
0.35
0.35
0.36
0.36
0.37
0.37
0.37
0.38
0.38
0.39
0.39
0.39
0.40
0.41
0.41
0.41
0.41
0.41
0.42
0.42
0.42
0.42
0.42
0.42
0.42
0.42
0.42
0.42
0.42
0.42
0.42
0.42
0.42
0.42
0.42
0.42
0.42
0.42
0.42
0.42
0.42
230.90
228.60
225.40
222.30
218.30
214.30
210.20
205.50
201.10
196.50
191.90
186.60
182.50
176.90
172.50
167.40
163.00
158.50
154.80
150.90
147.60
145.40
142.80
140.60
138.80
137.00
136.00
135.20
134.20
133.80
133.30
133.30
133.20
133.20
133.40
133.60
133.30
133.30
133.50
133.30
133.10
132.60
132.20
131.90
131.30
130.90
130.40
130.10
129.70
129.20
128.40
127.60
126.10
125.00
122.70
121.10
118.40
115.80
112.50
109.60
105.90
102.50
98.65
94.69
90.69
86.30
81.93
77.00
71.78
66.32
60.55
54.81
49.35
44.16
38.78
33.75
29.06
24.79
20.77
16.65
13.34
10.20
6.64
4.42
3.16
2.17
1.43
0.78
0.34
0.13
0.10
0.11
0.11
0.12
0.12
0.13
0.13
0.14
0.15
0.15
0.16
0.17
0.17
0.18
0.19
0.20
0.20
0.21
0.22
0.22
0.23
0.24
0.25
0.25
0.26
0.26
0.27
0.28
0.28
0.29
0.29
0.30
0.30
0.31
0.31
0.32
0.32
0.33
0.33
0.33
0.34
0.34
0.34
0.35
0.35
0.36
0.36
0.37
0.37
0.38
0.38
0.39
0.39
0.40
0.40
0.40
0.41
0.41
0.41
0.42
0.42
0.42
0.42
0.42
0.42
0.42
0.42
0.42
0.42
0.42
0.42
0.42
0.42
0.42
0.42
0.42
0.42
0.42
0.42
0.42
0.41
0.41
0.41
0.41
0.41
0.41
0.41
0.41
0.41
0.41
0.41
230.90
228.70
226.20
223.40
220.90
217.50
214.20
210.70
207.40
203.80
200.30
197.00
193.30
190.10
186.30
183.00
179.30
176.40
173.10
170.60
168.10
165.70
163.90
161.70
160.40
159.50
158.40
157.60
156.90
156.70
156.00
155.90
155.80
156.10
156.30
156.10
156.30
156.70
156.30
156.40
156.10
156.00
155.20
154.90
153.80
153.40
152.00
151.10
149.80
148.00
146.60
144.70
142.50
140.60
138.00
135.10
132.20
128.60
125.20
120.90
117.10
112.20
107.70
102.50
97.83
92.88
88.04
82.15
76.46
70.10
63.80
57.52
51.10
44.73
38.72
32.79
27.22
22.07
17.08
11.37
9.12
7.12
5.61
4.35
3.30
2.45
1.51
0.77
0.37
0.17
0.13
0.13
0.13
0.13
0.13
0.13
0.14
0.15
0.16
0.16
0.17
0.18
0.18
0.19
0.20
0.20
0.21
0.22
0.23
0.24
0.24
0.25
0.26
0.26
0.27
0.28
0.28
0.28
0.29
0.29
0.30
0.30
0.30
0.31
0.31
0.32
0.32
0.33
0.33
0.34
0.34
0.34
0.35
0.35
0.36
0.36
0.36
0.37
0.37
0.38
0.38
0.39
0.40
0.40
0.40
0.41
0.41
0.41
0.42
0.42
0.42
0.42
0.42
0.42
0.42
0.42
0.42
0.42
0.42
0.42
0.42
0.42
0.42
0.42
0.42
0.42
0.42
0.42
0.42
0.42
0.42
0.42
0.41
0.41
0.41
0.41
0.41
0.41
0.41
0.41
0.41
231.00
229.60
227.60
225.60
224.00
222.50
219.80
217.90
215.80
213.10
211.00
209.00
206.80
205.10
202.80
200.60
198.90
197.40
196.00
194.00
193.30
191.60
190.90
190.50
190.10
189.90
190.00
190.20
190.20
190.50
191.70
192.30
193.50
193.90
195.10
196.30
197.40
198.60
199.60
200.80
201.50
202.60
203.40
203.90
204.00
204.00
203.50
203.30
202.50
201.10
200.00
197.70
195.50
193.10
189.90
186.50
183.00
178.40
174.50
169.40
164.30
158.70
152.40
146.00
138.90
131.30
123.60
115.20
107.20
98.87
90.74
82.12
73.78
64.35
54.18
42.95
28.12
18.32
14.25
11.30
8.99
7.20
5.76
4.65
3.70
2.63
1.58
0.83
0.44
0.18
0.15
0.15
0.15
0.16
0.17
0.18
0.18
0.19
0.20
0.21
0.22
0.22
0.23
0.24
0.25
0.26
0.26
0.27
0.28
0.28
0.29
0.29
0.30
0.30
0.31
0.31
0.32
0.32
0.32
0.33
0.33
0.34
0.34
0.34
0.35
0.35
0.35
0.35
0.36
0.36
0.37
0.38
0.38
0.38
0.39
0.39
0.40
0.41
0.41
0.42
0.42
0.43
0.43
0.43
0.43
0.43
0.43
0.43
0.43
0.43
0.43
0.43
0.43
0.43
0.43
0.43
0.42
0.42
0.42
0.42
0.42
0.41
0.41
0.41
0.41
0.40
0.40
0.40
0.40
0.40
0.40
0.40
0.40
0.40
0.41
0.41
0.41
0.41
0.41
0.41
0.41
230.60
230.20
229.50
228.30
227.90
226.20
226.10
224.30
223.80
222.70
222.00
220.50
220.20
218.90
219.00
217.50
217.60
217.00
216.50
216.80
216.20
216.80
217.10
218.30
219.20
220.50
221.80
224.30
226.00
227.70
230.40
233.40
236.20
238.80
242.30
245.00
248.20
251.20
254.30
257.60
259.80
263.00
265.30
267.80
269.90
271.50
273.40
274.70
275.80
276.50
276.80
276.80
276.70
276.10
274.80
272.90
270.90
267.30
263.90
259.70
254.30
248.70
242.30
235.20
227.10
218.50
209.20
199.20
189.10
178.00
166.50
153.90
140.20
125.30
100.10
70.61
51.94
38.01
29.28
20.73
13.49
8.44
5.80
4.35
3.25
2.26
1.42
0.82
0.45
0.21
0.16
0.16
0.16
0.16
0.16
0.17
0.17
0.18
0.19
0.20
0.21
0.21
0.22
0.23
0.24
0.24
0.25
0.26
0.26
0.27
0.27
0.28
0.28
0.29
0.29
0.30
0.31
0.31
0.31
0.31
0.31
0.32
0.32
0.32
0.32
0.32
0.33
0.33
0.34
0.34
0.35
0.35
0.36
0.37
0.37
0.38
0.38
0.39
0.40
0.40
0.40
0.41
0.42
0.42
0.42
0.42
0.42
0.43
0.43
0.43
0.43
0.43
0.43
0.43
0.43
0.43
0.43
0.43
0.43
0.42
0.42
0.42
0.42
0.42
0.41
0.41
0.41
0.41
0.40
0.40
0.40
0.40
0.40
0.39
0.39
0.39
0.40
0.40
0.40
0.40
0.40
