SALVI
1
0
24
15.0
181
1.0
250503 TECLA 5050 3000K 350 F5M1 VDR ARF
250503 TECLA 5050 3000K F5M1 VDR ARF

250503_TECLA_5050_F5M1_VDR_ARF.ldt
12 maig 2025/TB
700
200
100
275
165
0
0
0
0
99.84
100.00
1.00
0.00
1
1
2x7LED 5050
4457.90
3000
70
31.10
0.13
0.22
0.32
0.42
0.48
0.59
0.66
0.72
0.79
0.83
0.00
15.00
30.00
45.00
60.00
75.00
90.00
105.00
120.00
135.00
150.00
165.00
180.00
195.00
210.00
225.00
240.00
255.00
270.00
285.00
300.00
315.00
330.00
345.00
0.00
1.00
2.00
3.00
4.00
5.00
6.00
7.00
8.00
9.00
10.00
11.00
12.00
13.00
14.00
15.00
16.00
17.00
18.00
19.00
20.00
21.00
22.00
23.00
24.00
25.00
26.00
27.00
28.00
29.00
30.00
31.00
32.00
33.00
34.00
35.00
36.00
37.00
38.00
39.00
40.00
41.00
42.00
43.00
44.00
45.00
46.00
47.00
48.00
49.00
50.00
51.00
52.00
53.00
54.00
55.00
56.00
57.00
58.00
59.00
60.00
61.00
62.00
63.00
64.00
65.00
66.00
67.00
68.00
69.00
70.00
71.00
72.00
73.00
74.00
75.00
76.00
77.00
78.00
79.00
80.00
81.00
82.00
83.00
84.00
85.00
86.00
87.00
88.00
89.00
90.00
91.00
92.00
93.00
94.00
95.00
96.00
97.00
98.00
99.00
100.00
101.00
102.00
103.00
104.00
105.00
106.00
107.00
108.00
109.00
110.00
111.00
112.00
113.00
114.00
115.00
116.00
117.00
118.00
119.00
120.00
121.00
122.00
123.00
124.00
125.00
126.00
127.00
128.00
129.00
130.00
131.00
132.00
133.00
134.00
135.00
136.00
137.00
138.00
139.00
140.00
141.00
142.00
143.00
144.00
145.00
146.00
147.00
148.00
149.00
150.00
151.00
152.00
153.00
154.00
155.00
156.00
157.00
158.00
159.00
160.00
161.00
162.00
163.00
164.00
165.00
166.00
167.00
168.00
169.00
170.00
171.00
172.00
173.00
174.00
175.00
176.00
177.00
178.00
179.00
180.00
102.80
102.40
102.60
103.00
103.20
103.70
104.20
104.70
105.00
105.60
106.40
106.90
107.90
109.10
110.10
111.30
112.60
114.40
116.10
118.20
120.30
123.90
127.40
130.60
133.10
135.80
138.70
142.20
145.30
148.40
152.60
156.20
160.80
165.30
170.40
175.20
179.90
185.10
189.70
194.20
199.20
204.40
210.00
217.10
223.90
230.80
238.40
244.70
251.80
259.00
265.90
272.90
279.90
286.40
293.60
300.10
307.90
315.50
326.10
338.00
348.00
351.40
350.10
342.60
334.40
322.70
309.40
293.90
274.00
249.40
218.40
174.60
101.90
58.96
27.90
22.74
19.92
17.51
15.50
13.31
11.08
9.06
7.31
5.74
3.89
2.16
1.24
0.71
0.38
0.20
0.15
0.15
0.16
0.16
0.17
0.18
0.19
0.19
0.20
0.21
0.21
0.22
0.23
0.23
0.24
0.25
0.26
0.26
0.26
0.27
0.27
0.28
0.28
0.28
0.29
0.29
0.29
0.29
0.29
0.29
0.30
0.30
0.30
0.30
0.30
0.30
0.30
0.30
0.30
0.30
0.30
0.30
0.30
0.30
0.31
0.31
0.31
0.32
0.32
0.32
0.32
0.32
0.32
0.32
0.32
0.32
0.32
0.32
0.32
0.31
0.31
0.31
0.31
0.31
0.30
0.29
0.29
0.28
0.28
0.28
0.27
0.27
0.26
0.26
0.26
0.25
0.25
0.25
0.25
0.25
0.25
0.25
0.25
0.25
0.25
0.25
0.25
0.25
0.25
0.25
0.25
102.50
102.30
102.60
102.80
103.00
103.80
103.90
104.40
104.70
105.80
106.30
107.10
107.90
108.80
109.80
111.20
112.30
113.70
115.80
117.50
120.50
124.10
127.90
130.60
132.80
135.30
138.00
140.80
143.80
147.20
150.90
154.30
158.70
162.50
167.00
172.40
177.10
182.30
187.90
193.60
198.80
204.60
210.70
216.50
223.20
230.50
238.30
245.40
252.70
259.60
266.80
273.70
280.60
288.70
295.60
303.80
312.30
321.00
330.50
341.50
353.30
361.00
361.70
356.90
349.60
341.10
330.20
315.70
297.80
274.20
244.50
203.60
136.60
69.52
32.77
24.71
21.28
18.82
16.36
14.09
11.94
9.80
7.87
6.27
4.49
2.24
1.18
0.67
0.35
0.18
0.16
0.17
0.17
0.18
0.19
0.20
0.21
0.22
0.23
0.24
0.24
0.25
0.26
0.26
0.27
0.28
0.29
0.29
0.29
0.30
0.30
0.30
0.30
0.30
0.30
0.30
0.30
0.30
0.30
0.30
0.30
0.30
0.30
0.30
0.30
0.30
0.30
0.30
0.30
0.30
0.30
0.30
0.30
0.30
0.31
0.31
0.31
0.31
0.31
0.31
0.31
0.31
0.31
0.31
0.31
0.31
0.31
0.30
0.30
0.30
0.29
0.29
0.28
0.28
0.27
0.27
0.27
0.26
0.25
0.25
0.25
0.25
0.24
0.24
0.24
0.24
0.24
0.24
0.24
0.24
0.25
0.25
0.25
0.25
0.25
0.25
0.25
0.25
0.25
0.25
0.25
102.50
102.40
102.50
102.70
103.20
103.50
104.00
104.70
105.00
105.90
106.60
107.30
108.20
109.10
110.20
111.20
112.70
114.10
115.80
117.50
120.40
123.50
127.00
129.90
132.80
135.70
137.80
140.70
143.70
147.40
150.60
154.80
159.20
163.40
168.00
173.20
178.40
183.50
189.80
195.80
201.80
208.60
214.90
221.80
228.90
236.40
243.70
252.30
259.50
268.10
276.00
284.00
292.80
300.70
310.50
320.00
328.90
338.80
349.30
358.50
367.40
376.00
382.30
384.20
378.50
367.50
350.70
327.70
297.00
260.70
222.20
183.00
140.60
94.61
63.14
31.77
23.60
20.82
18.28
15.77
13.20
10.59
8.47
6.66
5.01
2.61
1.24
0.61
0.32
0.20
0.16
0.16
0.16
0.17
0.17
0.18
0.19
0.20
0.21
0.22
0.22
0.23
0.24
0.25
0.25
0.26
0.27
0.27
0.28
0.28
0.28
0.28
0.28
0.29
0.29
0.29
0.29
0.29
0.29
0.29
0.29
0.29
0.30
0.30
0.30
0.30
0.30
0.30
0.30
0.30
0.30
0.30
0.30
0.30
0.30
0.30
0.30
0.30
0.30
0.30
0.30
0.30
0.30
0.30
0.30
0.31
0.31
0.31
0.31
0.31
0.31
0.30
0.30
0.30
0.30
0.29
0.29
0.29
0.28
0.27
0.27
0.27
0.27
0.26
0.26
0.26
0.25
0.25
0.25
0.25
0.25
0.25
0.25
0.25
0.25
0.25
0.25
0.25
0.25
0.25
0.25
102.40
102.50
102.40
102.70
103.10
103.40
104.00
104.40
105.20
106.00
106.60
107.90
108.40
109.30
110.60
111.70
113.00
114.60
116.40
118.60
120.50
123.40
126.10
128.80
132.10
134.50
137.10
139.90
143.00
146.40
150.10
154.10
159.00
163.10
168.30
173.30
178.80
184.70
190.40
197.00
203.40
210.90
218.00
226.40
233.50
242.10
249.50
258.10
266.40
276.00
285.00
294.80
304.40
315.00
324.30
334.30
342.20
351.00
356.90
361.00
363.20
361.50
356.00
342.80
325.10
304.10
279.80
257.20
231.80
198.00
154.00
110.20
77.94
50.94
40.60
33.66
29.03
24.65
18.17
14.90
12.03
9.60
7.58
5.66
4.29
2.99
1.47
0.63
0.30
0.17
0.15
0.16
0.16
0.17
0.18
0.19
0.20
0.21
0.22
0.23
0.23
0.24
0.25
0.25
0.26
0.27
0.28
0.28
0.29
0.29
0.29
0.29
0.29
0.30
0.29
0.30
0.29
0.29
0.29
0.29
0.29
0.29
0.29
0.29
0.29
0.29
0.29
0.29
0.29
0.29
0.29
0.29
0.29
0.30
0.30
0.30
0.30
0.30
0.30
0.30
0.30
0.30
0.30
0.30
0.29
0.29
0.29
0.29
0.29
0.29
0.29
0.28
0.28
0.28
0.28
0.27
0.27
0.27
0.26
0.26
0.26
0.25
0.25
0.25
0.25
0.25
0.25
0.25
0.25
0.25
0.25
0.25
0.25
0.25
0.25
0.25
0.25
0.25
0.25
0.25
0.25
102.40
102.40
102.70
102.80
103.00
103.50
104.00
104.50
105.60
106.10
107.10
107.70
108.80
109.90
110.90
112.20
113.40
114.90
116.50
118.10
120.60
122.80
125.10
127.70
130.50
133.40
136.00
139.60
143.50
146.70
150.60
155.10
160.00
164.90
170.10
175.50
181.10
186.80
193.30
200.20
207.00
214.60
221.90
230.20
237.90
246.00
254.00
262.60
271.90
280.70
290.10
298.10
306.70
315.40
322.90
329.60
333.70
334.70
333.60
328.00
318.10
303.60
283.80
264.70
249.30
233.10
209.10
170.70
127.90
97.43
70.51
48.41
41.42
35.48
29.61
26.46
24.04
22.16
19.92
16.47
13.22
10.08
6.96
5.06
3.54
2.32
1.35
0.60
0.26
0.16
0.13
0.13
0.13
0.13
0.14
0.15
0.16
0.17
0.17
0.18
0.20
0.21
0.21
0.21
0.22
0.23
0.24
0.24
0.24
0.25
0.25
0.26
0.26
0.27
0.27
0.27
0.27
0.28
0.28
0.28
0.28
0.28
0.28
0.28
0.28
0.28
0.28
0.28
0.28
0.28
0.28
0.28
0.28
0.28
0.28
0.28
0.28
0.28
0.28
0.28
0.28
0.28
0.28
0.28
0.28
0.28
0.28
0.28
0.28
0.28
0.28
0.28
0.28
0.28
0.28
0.28
0.28
0.28
0.28
0.28
0.28
0.27
0.27
0.27
0.26
0.26
0.26
0.26
0.26
0.26
0.25
0.25
0.25
0.25
0.25
0.25
0.25
0.25
0.25
0.25
0.25
102.40
102.30
102.60
102.80
103.00
103.40
103.90
104.50
105.50
106.10
107.00
107.90
108.70
109.80
110.70
111.80
113.00
114.40
116.10
117.70
119.50
121.70
124.50
126.50
129.50
131.80
134.70
138.30
142.00
145.70
149.90
154.70
159.20
163.80
169.20
174.50
180.30
186.60
193.50
199.80
206.20
213.00
219.60
227.40
234.30
242.00
249.00
256.20
262.60
270.40
278.30
286.70
294.80
299.80
303.40
304.20
303.20
300.50
293.30
281.20
264.10
246.80
231.40
218.90
199.90
171.20
134.00
96.94
73.72
51.05
44.34
39.55
32.62
28.68
25.43
22.89
21.40
19.32
16.51
13.90
10.56
8.05
6.18
4.68
3.39
2.05
1.06
0.46
0.21
0.12
0.11
0.12
0.12
0.13
0.14
0.15
0.16
0.17
0.17
0.18
0.19
0.20
0.21
0.22
0.22
0.23
0.24
0.24
0.25
0.25
0.26
0.26
0.27
0.27
0.28
0.28
0.28
0.28
0.28
0.28
0.28
0.28
0.28
0.28
0.28
0.28
0.28
0.28
0.28
0.28
0.28
0.28
0.28
0.28
0.28
0.28
0.28
0.28
0.28
0.28
0.28
0.28
0.28
0.28
0.28
0.28
0.28
0.28
0.28
0.28
0.28
0.28
0.27
0.27
0.27
0.27
0.27
0.27
0.27
0.26
0.26
0.25
0.25
0.25
0.25
0.25
0.25
0.25
0.25
0.25
0.25
0.25
0.25
0.26
0.25
0.26
0.26
0.26
0.26
0.26
0.26
102.70
102.50
102.40
102.70
102.90
103.70
104.00
104.80
105.60
106.40
107.40
108.40
108.80
109.80
110.90
112.00
113.50
114.80
115.90
117.50
119.40
121.50
124.00
126.40
128.90
131.60
134.60
137.90
141.60
145.60
149.30
154.00
159.40
163.80
169.00
174.80
180.50
187.00
193.70
200.20
205.90
212.30
219.10
226.60
233.70
241.00
246.00
252.20
258.00
265.70
273.50
282.50
288.60
291.30
292.20
291.40
288.80
283.30
273.10
256.70
238.00
221.70
209.70
195.60
171.40
137.60
99.55
75.48
59.77
44.08
40.49
34.71
29.83
26.10
22.86
20.99
19.43
14.91
6.74
5.50
4.53
3.46
2.69
2.00
1.45
0.96
0.58
0.33
0.19
0.13
0.11
0.10
0.10
0.10
0.11
0.12
0.13
0.13
0.14
0.15
0.16
0.17
0.18
0.18
0.19
0.20
0.21
0.21
0.22
0.23
0.24
0.23
0.24
0.24
0.25
0.25
0.26
0.26
0.27
0.27
0.27
0.27
0.28
0.28
0.28
0.28
0.28
0.28
0.28
0.28
0.28
0.28
0.28
0.28
0.28
0.28
0.28
0.27
0.27
0.28
0.28
0.28
0.28
0.28
0.28
0.28
0.28
0.28
0.28
0.28
0.28
0.28
0.28
0.28
0.28
0.28
0.28
0.28
0.28
0.28
0.28
0.27
0.27
0.27
0.27
0.26
0.26
0.26
0.26
0.26
0.25
0.25
0.25
0.25
0.25
0.25
0.26
0.26
0.26
0.26
0.26
102.40
102.30
102.60
102.80
103.00
103.40
103.90
104.50
105.50
106.10
107.00
107.90
108.70
109.80
110.70
111.80
113.00
114.40
116.10
117.70
119.50
121.70
124.50
126.50
129.50
131.80
134.70
138.30
142.00
145.70
149.90
154.70
159.20
163.80
169.20
174.50
180.30
186.60
193.50
199.80
206.20
213.00
219.60
227.40
234.30
242.00
249.00
256.20
262.60
270.40
278.30
286.70
294.80
299.80
303.40
304.20
303.20
300.50
293.30
281.20
264.10
246.80
231.40
218.90
199.90
171.20
134.00
96.94
73.72
51.05
44.34
39.55
32.62
28.68
25.43
22.89
21.40
19.32
16.51
13.90
10.56
8.05
6.18
4.68
3.39
2.05
1.06
0.46
0.21
0.12
0.11
0.12
0.12
0.13
0.14
0.15
0.16
0.17
0.17
0.18
0.19
0.20
0.21
0.22
0.22
0.23
0.24
0.24
0.25
0.25
0.26
0.26
0.27
0.27
0.28
0.28
0.28
0.28
0.28
0.28
0.28
0.28
0.28
0.28
0.28
0.28
0.28
0.28
0.28
0.28
0.28
0.28
0.28
0.28
0.28
0.28
0.28
0.28
0.28
0.28
0.28
0.28
0.28
0.28
0.28
0.28
0.28
0.28
0.28
0.28
0.28
0.28
0.27
0.27
0.27
0.27
0.27
0.27
0.27
0.26
0.26
0.25
0.25
0.25
0.25
0.25
0.25
0.25
0.25
0.25
0.25
0.25
0.25
0.26
0.25
0.26
0.26
0.26
0.26
0.26
0.26
102.40
102.40
102.70
102.80
103.00
103.50
104.00
104.50
105.60
106.10
107.10
107.70
108.80
109.90
110.90
112.20
113.40
114.90
116.50
118.10
120.60
122.80
125.10
127.70
130.50
133.40
136.00
139.60
143.50
146.70
150.60
155.10
160.00
164.90
170.10
175.50
181.10
186.80
193.30
200.20
207.00
214.60
221.90
230.20
237.90
246.00
254.00
262.60
271.90
280.70
290.10
298.10
306.70
315.40
322.90
329.60
333.70
334.70
333.60
328.00
318.10
303.60
283.80
264.70
249.30
233.10
209.10
170.70
127.90
97.43
70.51
48.41
41.42
35.48
29.61
26.46
24.04
22.16
19.92
16.47
13.22
10.08
6.96
5.06
3.54
2.32
1.35
0.60
0.26
0.16
0.13
0.13
0.13
0.13
0.14
0.15
0.16
0.17
0.17
0.18
0.20
0.21
0.21
0.21
0.22
0.23
0.24
0.24
0.24
0.25
0.25
0.26
0.26
0.27
0.27
0.27
0.27
0.28
0.28
0.28
0.28
0.28
0.28
0.28
0.28
0.28
0.28
0.28
0.28
0.28
0.28
0.28
0.28
0.28
0.28
0.28
0.28
0.28
0.28
0.28
0.28
0.28
0.28
0.28
0.28
0.28
0.28
0.28
0.28
0.28
0.28
0.28
0.28
0.28
0.28
0.28
0.28
0.28
0.28
0.28
0.28
0.27
0.27
0.27
0.26
0.26
0.26
0.26
0.26
0.26
0.25
0.25
0.25
0.25
0.25
0.25
0.25
0.25
0.25
0.25
0.25
102.40
102.50
102.40
102.70
103.10
103.40
104.00
104.40
105.20
106.00
106.60
107.90
108.40
109.30
110.60
111.70
113.00
114.60
116.40
118.60
120.50
123.40
126.10
128.80
132.10
134.50
137.10
139.90
143.00
146.40
150.10
154.10
159.00
163.10
168.30
173.30
178.80
184.70
190.40
197.00
203.40
210.90
218.00
226.40
233.50
242.10
249.50
258.10
266.40
276.00
285.00
294.80
304.40
315.00
324.30
334.30
342.20
351.00
356.90
361.00
363.20
361.50
356.00
342.80
325.10
304.10
279.80
257.20
231.80
198.00
154.00
110.20
77.94
50.94
40.60
33.66
29.03
24.65
18.17
14.90
12.03
9.60
7.58
5.66
4.29
2.99
1.47
0.63
0.30
0.17
0.15
0.16
0.16
0.17
0.18
0.19
0.20
0.21
0.22
0.23
0.23
0.24
0.25
0.25
0.26
0.27
0.28
0.28
0.29
0.29
0.29
0.29
0.29
0.30
0.29
0.30
0.29
0.29
0.29
0.29
0.29
0.29
0.29
0.29
0.29
0.29
0.29
0.29
0.29
0.29
0.29
0.29
0.29
0.30
0.30
0.30
0.30
0.30
0.30
0.30
0.30
0.30
0.30
0.30
0.29
0.29
0.29
0.29
0.29
0.29
0.29
0.28
0.28
0.28
0.28
0.27
0.27
0.27
0.26
0.26
0.26
0.25
0.25
0.25
0.25
0.25
0.25
0.25
0.25
0.25
0.25
0.25
0.25
0.25
0.25
0.25
0.25
0.25
0.25
0.25
0.25
102.50
102.40
102.50
102.70
103.20
103.50
104.00
104.70
105.00
105.90
106.60
107.30
108.20
109.10
110.20
111.20
112.70
114.10
115.80
117.50
120.40
123.50
127.00
129.90
132.80
135.70
137.80
140.70
143.70
147.40
150.60
154.80
159.20
163.40
168.00
173.20
178.40
183.50
189.80
195.80
201.80
208.60
214.90
221.80
228.90
236.40
243.70
252.30
259.50
268.10
276.00
284.00
292.80
300.70
310.50
320.00
328.90
338.80
349.30
358.50
367.40
376.00
382.30
384.20
378.50
367.50
350.70
327.70
297.00
260.70
222.20
183.00
140.60
94.61
63.14
31.77
23.60
20.82
18.28
15.77
13.20
10.59
8.47
6.66
5.01
2.61
1.24
0.61
0.32
0.20
0.16
0.16
0.16
0.17
0.17
0.18
0.19
0.20
0.21
0.22
0.22
0.23
0.24
0.25
0.25
0.26
0.27
0.27
0.28
0.28
0.28
0.28
0.28
0.29
0.29
0.29
0.29
0.29
0.29
0.29
0.29
0.29
0.30
0.30
0.30
0.30
0.30
0.30
0.30
0.30
0.30
0.30
0.30
0.30
0.30
0.30
0.30
0.30
0.30
0.30
0.30
0.30
0.30
0.30
0.30
0.31
0.31
0.31
0.31
0.31
0.31
0.30
0.30
0.30
0.30
0.29
0.29
0.29
0.28
0.27
0.27
0.27
0.27
0.26
0.26
0.26
0.25
0.25
0.25
0.25
0.25
0.25
0.25
0.25
0.25
0.25
0.25
0.25
0.25
0.25
0.25
102.50
102.30
102.60
102.80
103.00
103.80
103.90
104.40
104.70
105.80
106.30
107.10
107.90
108.80
109.80
111.20
112.30
113.70
115.80
117.50
120.50
124.10
127.90
130.60
132.80
135.30
138.00
140.80
143.80
147.20
150.90
154.30
158.70
162.50
167.00
172.40
177.10
182.30
187.90
193.60
198.80
204.60
210.70
216.50
223.20
230.50
238.30
245.40
252.70
259.60
266.80
273.70
280.60
288.70
295.60
303.80
312.30
321.00
330.50
341.50
353.30
361.00
361.70
356.90
349.60
341.10
330.20
315.70
297.80
274.20
244.50
203.60
136.60
69.52
32.77
24.71
21.28
18.82
16.36
14.09
11.94
9.80
7.87
6.27
4.49
2.24
1.18
0.67
0.35
0.18
0.16
0.17
0.17
0.18
0.19
0.20
0.21
0.22
0.23
0.24
0.24
0.25
0.26
0.26
0.27
0.28
0.29
0.29
0.29
0.30
0.30
0.30
0.30
0.30
0.30
0.30
0.30
0.30
0.30
0.30
0.30
0.30
0.30
0.30
0.30
0.30
0.30
0.30
0.30
0.30
0.30
0.30
0.30
0.30
0.31
0.31
0.31
0.31
0.31
0.31
0.31
0.31
0.31
0.31
0.31
0.31
0.31
0.30
0.30
0.30
0.29
0.29
0.28
0.28
0.27
0.27
0.27
0.26
0.25
0.25
0.25
0.25
0.24
0.24
0.24
0.24
0.24
0.24
0.24
0.24
0.25
0.25
0.25
0.25
0.25
0.25
0.25
0.25
0.25
0.25
0.25
102.80
102.40
102.60
103.00
103.20
103.70
104.20
104.70
105.00
105.60
106.40
106.90
107.90
109.10
110.10
111.30
112.60
114.40
116.10
118.20
120.30
123.90
127.40
130.60
133.10
135.80
138.70
142.20
145.30
148.40
152.60
156.20
160.80
165.30
170.40
175.20
179.90
185.10
189.70
194.20
199.20
204.40
210.00
217.10
223.90
230.80
238.40
244.70
251.80
259.00
265.90
272.90
279.90
286.40
293.60
300.10
307.90
315.50
326.10
338.00
348.00
351.40
350.10
342.60
334.40
322.70
309.40
293.90
274.00
249.40
218.40
174.60
101.90
58.96
27.90
22.74
19.92
17.51
15.50
13.31
11.08
9.06
7.31
5.74
3.89
2.16
1.24
0.71
0.38
0.20
0.15
0.15
0.16
0.16
0.17
0.18
0.19
0.19
0.20
0.21
0.21
0.22
0.23
0.23
0.24
0.25
0.26
0.26
0.26
0.27
0.27
0.28
0.28
0.28
0.29
0.29
0.29
0.29
0.29
0.29
0.30
0.30
0.30
0.30
0.30
0.30
0.30
0.30
0.30
0.30
0.30
0.30
0.30
0.30
0.31
0.31
0.31
0.32
0.32
0.32
0.32
0.32
0.32
0.32
0.32
0.32
0.32
0.32
0.32
0.31
0.31
0.31
0.31
0.31
0.30
0.29
0.29
0.28
0.28
0.28
0.27
0.27
0.26
0.26
0.26
0.25
0.25
0.25
0.25
0.25
0.25
0.25
0.25
0.25
0.25
0.25
0.25
0.25
0.25
0.25
0.25
102.50
102.50
102.60
102.70
103.30
103.40
104.10
104.50
105.10
105.60
106.60
107.30
108.60
109.50
110.60
112.20
113.40
115.10
116.90
118.90
121.10
123.80
127.10
130.00
132.80
135.00
137.40
140.40
143.70
146.90
151.10
155.20
159.50
164.20
169.00
174.30
179.90
184.70
190.10
195.20
200.80
206.50
212.80
218.80
225.40
232.70
239.90
248.10
255.20
262.00
268.90
276.70
282.70
290.20
298.80
305.90
314.00
323.30
331.60
342.10
354.70
362.00
363.60
359.30
353.60
343.90
332.30
318.20
300.90
278.90
250.70
213.00
157.30
83.95
46.99
26.24
22.26
19.66
17.23
14.96
12.76
10.57
8.54
6.78
5.00
2.55
1.36
0.76
0.38
0.19
0.14
0.14
0.14
0.14
0.14
0.15
0.16
0.16
0.17
0.17
0.18
0.19
0.20
0.20
0.21
0.21
0.22
0.23
0.23
0.24
0.24
0.24
0.25
0.25
0.25
0.25
0.26
0.26
0.27
0.27
0.27
0.27
0.27
0.27
0.27
0.27
0.27
0.27
0.27
0.27
0.27
0.27
0.28
0.28
0.28
0.29
0.29
0.30
0.31
0.31
0.31
0.32
0.32
0.33
0.33
0.33
0.33
0.33
0.33
0.33
0.33
0.33
0.33
0.33
0.32
0.32
0.31
0.31
0.30
0.30
0.29
0.29
0.28
0.28
0.27
0.27
0.27
0.26
0.26
0.26
0.25
0.25
0.25
0.24
0.24
0.24
0.25
0.25
0.25
0.25
0.25
102.50
102.50
102.40
102.90
103.30
103.70
104.00
104.60
105.30
106.10
107.10
107.80
109.00
110.10
111.40
112.60
114.30
115.70
117.70
119.30
121.40
123.70
126.20
128.80
132.00
134.50
137.80
141.10
144.10
147.90
152.10
156.30
161.20
165.80
170.80
176.00
182.10
187.50
193.00
199.20
205.10
211.40
217.70
224.60
231.40
239.20
245.90
253.90
262.00
269.00
277.00
285.20
292.70
301.10
309.70
318.80
326.90
336.70
345.20
354.50
364.30
372.50
380.10
383.50
382.20
374.10
360.00
340.10
312.40
278.00
239.20
200.80
160.00
116.10
72.55
39.26
25.55
22.05
19.54
17.05
14.56
12.22
10.04
8.03
6.17
3.87
1.74
0.81
0.41
0.18
0.14
0.15
0.15
0.16
0.16
0.17
0.17
0.18
0.19
0.19
0.20
0.21
0.22
0.22
0.23
0.24
0.24
0.25
0.25
0.26
0.26
0.26
0.27
0.27
0.27
0.27
0.28
0.28
0.28
0.28
0.28
0.28
0.28
0.28
0.28
0.28
0.28
0.28
0.28
0.28
0.28
0.28
0.29
0.29
0.30
0.30
0.30
0.31
0.31
0.32
0.32
0.32
0.33
0.33
0.33
0.33
0.33
0.32
0.32
0.32
0.31
0.31
0.31
0.31
0.30
0.30
0.29
0.28
0.28
0.28
0.27
0.27
0.26
0.26
0.25
0.25
0.24
0.24
0.24
0.24
0.24
0.24
0.24
0.24
0.25
0.25
0.25
0.25
0.25
0.25
0.25
102.40
102.30
102.60
102.80
103.00
103.80
104.10
104.70
105.80
106.60
107.40
108.60
109.70
110.80
112.30
113.40
115.20
116.60
118.80
120.30
122.40
124.60
126.80
129.30
132.50
135.60
138.90
142.10
145.10
148.80
152.50
157.20
162.20
167.10
172.10
178.00
184.00
189.50
196.00
203.40
209.50
217.20
223.90
231.10
239.30
246.30
254.10
262.00
269.70
277.50
285.70
293.80
302.40
311.40
319.40
328.30
335.90
344.60
350.40
356.90
358.90
359.80
355.70
345.00
329.20
309.50
287.20
266.20
245.20
215.10
172.70
125.80
91.23
67.10
42.99
36.11
31.46
27.45
20.93
16.49
13.79
10.95
8.77
6.94
5.16
3.69
2.03
0.84
0.37
0.19
0.15
0.14
0.14
0.14
0.14
0.15
0.16
0.16
0.17
0.17
0.18
0.18
0.19
0.20
0.20
0.21
0.21
0.22
0.23
0.24
0.24
0.24
0.25
0.25
0.25
0.25
0.25
0.26
0.26
0.26
0.26
0.27
0.26
0.26
0.26
0.26
0.27
0.27
0.27
0.27
0.27
0.27
0.27
0.27
0.27
0.28
0.28
0.28
0.28
0.29
0.29
0.30
0.31
0.31
0.31
0.31
0.31
0.31
0.31
0.31
0.31
0.32
0.32
0.32
0.32
0.31
0.31
0.31
0.30
0.30
0.29
0.29
0.29
0.28
0.28
0.27
0.27
0.26
0.26
0.26
0.25
0.25
0.25
0.25
0.25
0.25
0.25
0.25
0.25
0.25
0.25
102.40
102.60
102.60
102.70
103.30
103.60
104.00
105.00
105.80
106.80
107.90
109.00
110.20
111.40
112.60
114.10
115.80
117.10
118.50
120.40
122.00
124.30
126.60
129.00
132.00
134.60
138.40
141.50
145.30
149.00
153.70
158.00
163.00
168.20
174.20
179.80
185.50
191.70
198.80
205.80
212.70
220.00
228.10
236.30
243.80
250.90
258.20
266.00
273.20
280.70
287.90
296.40
303.00
310.20
318.30
324.50
330.30
331.70
332.00
327.60
319.30
306.30
289.70
271.90
255.80
243.20
225.70
195.30
153.60
116.20
84.80
54.41
44.05
38.26
33.66
29.83
26.94
24.56
22.44
19.10
15.66
12.70
8.86
6.21
4.53
3.12
1.94
0.97
0.36
0.15
0.13
0.13
0.13
0.14
0.15
0.15
0.16
0.16
0.17
0.18
0.18
0.19
0.19
0.20
0.21
0.21
0.22
0.22
0.23
0.24
0.24
0.24
0.24
0.25
0.25
0.26
0.26
0.26
0.26
0.26
0.26
0.27
0.26
0.27
0.27
0.27
0.27
0.27
0.27
0.27
0.27
0.27
0.27
0.28
0.28
0.28
0.29
0.29
0.29
0.30
0.30
0.30
0.31
0.31
0.31
0.31
0.31
0.31
0.31
0.31
0.31
0.31
0.30
0.30
0.30
0.29
0.29
0.28
0.28
0.28
0.27
0.27
0.27
0.26
0.25
0.25
0.25
0.25
0.25
0.25
0.25
0.25
0.25
0.25
0.25
0.25
0.25
0.25
0.25
0.25
0.25
102.40
102.30
102.60
102.70
103.10
103.60
104.10
105.10
105.80
107.00
108.30
109.50
110.60
111.60
112.70
114.20
115.60
117.10
118.50
120.30
122.00
124.00
126.00
128.60
131.50
134.10
137.40
141.20
145.10
148.90
153.50
158.20
163.40
168.70
174.30
180.00
186.00
192.70
199.80
207.10
213.90
220.40
227.60
234.20
241.80
247.90
255.00
260.20
265.80
271.50
276.30
283.20
290.50
297.00
302.30
303.70
303.60
300.20
293.40
282.80
268.20
251.30
235.70
223.40
210.80
186.50
151.00
109.60
85.53
65.96
46.44
41.96
37.49
33.30
29.34
25.96
23.20
20.72
17.54
14.69
12.08
9.42
6.89
5.29
4.04
2.71
1.48
0.68
0.28
0.15
0.12
0.11
0.11
0.11
0.11
0.11
0.12
0.13
0.13
0.13
0.14
0.15
0.16
0.16
0.17
0.17
0.18
0.19
0.20
0.20
0.20
0.21
0.21
0.21
0.22
0.22
0.22
0.23
0.23
0.24
0.24
0.24
0.24
0.24
0.24
0.24
0.24
0.25
0.25
0.25
0.25
0.25
0.25
0.25
0.25
0.25
0.25
0.26
0.26
0.27
0.27
0.28
0.28
0.28
0.29
0.29
0.29
0.29
0.29
0.29
0.29
0.30
0.29
0.30
0.30
0.30
0.30
0.30
0.30
0.30
0.29
0.29
0.29
0.28
0.28
0.27
0.27
0.26
0.26
0.26
0.25
0.25
0.25
0.25
0.25
0.25
0.25
0.25
0.25
0.25
0.25
102.70
102.50
102.50
103.20
103.40
103.60
104.40
105.20
106.20
107.30
108.30
109.50
110.70
111.60
112.90
114.20
115.90
117.00
118.30
120.50
121.50
123.50
125.80
128.30
130.60
133.50
136.70
140.40
144.20
148.20
152.30
156.90
162.60
167.70
173.10
179.20
185.20
192.70
200.00
206.40
213.20
219.20
226.00
233.10
240.00
246.00
251.70
256.60
260.90
264.70
269.50
276.40
283.10
288.60
291.60
292.50
291.00
285.90
276.50
263.00
245.00
227.90
214.10
203.10
187.30
160.00
124.50
89.18
68.64
48.74
43.55
40.27
36.24
31.94
27.49
23.95
21.09
17.11
8.94
6.23
5.29
4.24
3.31
2.57
1.91
1.35
0.90
0.53
0.27
0.12
0.10
0.11
0.11
0.12
0.12
0.13
0.13
0.14
0.14
0.15
0.16
0.16
0.17
0.17
0.18
0.19
0.19
0.20
0.20
0.21
0.21
0.22
0.22
0.23
0.23
0.24
0.24
0.24
0.25
0.25
0.25
0.26
0.26
0.26
0.26
0.26
0.26
0.26
0.26
0.26
0.26
0.26
0.26
0.26
0.26
0.27
0.27
0.28
0.28
0.28
0.29
0.29
0.29
0.29
0.29
0.29
0.29
0.29
0.29
0.29
0.29
0.29
0.29
0.29
0.29
0.29
0.28
0.28
0.28
0.28
0.27
0.27
0.27
0.26
0.26
0.25
0.25
0.25
0.25
0.25
0.25
0.25
0.25
0.25
0.25
0.25
0.25
0.26
0.26
0.26
0.26
102.40
102.30
102.60
102.70
103.10
103.60
104.10
105.10
105.80
107.00
108.30
109.50
110.60
111.60
112.70
114.20
115.60
117.10
118.50
120.30
122.00
124.00
126.00
128.60
131.50
134.10
137.40
141.20
145.10
148.90
153.50
158.20
163.40
168.70
174.30
180.00
186.00
192.70
199.80
207.10
213.90
220.40
227.60
234.20
241.80
247.90
255.00
260.20
265.80
271.50
276.30
283.20
290.50
297.00
302.30
303.70
303.60
300.20
293.40
282.80
268.20
251.30
235.70
223.40
210.80
186.50
151.00
109.60
85.53
65.96
46.44
41.96
37.49
33.30
29.34
25.96
23.20
20.72
17.54
14.69
12.08
9.42
6.89
5.29
4.04
2.71
1.48
0.68
0.28
0.15
0.12
0.11
0.11
0.11
0.11
0.11
0.12
0.13
0.13
0.13
0.14
0.15
0.16
0.16
0.17
0.17
0.18
0.19
0.20
0.20
0.20
0.21
0.21
0.21
0.22
0.22
0.22
0.23
0.23
0.24
0.24
0.24
0.24
0.24
0.24
0.24
0.24
0.25
0.25
0.25
0.25
0.25
0.25
0.25
0.25
0.25
0.25
0.26
0.26
0.27
0.27
0.28
0.28
0.28
0.29
0.29
0.29
0.29
0.29
0.29
0.29
0.30
0.29
0.30
0.30
0.30
0.30
0.30
0.30
0.30
0.29
0.29
0.29
0.28
0.28
0.27
0.27
0.26
0.26
0.26
0.25
0.25
0.25
0.25
0.25
0.25
0.25
0.25
0.25
0.25
0.25
102.40
102.60
102.60
102.70
103.30
103.60
104.00
105.00
105.80
106.80
107.90
109.00
110.20
111.40
112.60
114.10
115.80
117.10
118.50
120.40
122.00
124.30
126.60
129.00
132.00
134.60
138.40
141.50
145.30
149.00
153.70
158.00
163.00
168.20
174.20
179.80
185.50
191.70
198.80
205.80
212.70
220.00
228.10
236.30
243.80
250.90
258.20
266.00
273.20
280.70
287.90
296.40
303.00
310.20
318.30
324.50
330.30
331.70
332.00
327.60
319.30
306.30
289.70
271.90
255.80
243.20
225.70
195.30
153.60
116.20
84.80
54.41
44.05
38.26
33.66
29.83
26.94
24.56
22.44
19.10
15.66
12.70
8.86
6.21
4.53
3.12
1.94
0.97
0.36
0.15
0.13
0.13
0.13
0.14
0.15
0.15
0.16
0.16
0.17
0.18
0.18
0.19
0.19
0.20
0.21
0.21
0.22
0.22
0.23
0.24
0.24
0.24
0.24
0.25
0.25
0.26
0.26
0.26
0.26
0.26
0.26
0.27
0.26
0.27
0.27
0.27
0.27
0.27
0.27
0.27
0.27
0.27
0.27
0.28
0.28
0.28
0.29
0.29
0.29
0.30
0.30
0.30
0.31
0.31
0.31
0.31
0.31
0.31
0.31
0.31
0.31
0.31
0.30
0.30
0.30
0.29
0.29
0.28
0.28
0.28
0.27
0.27
0.27
0.26
0.25
0.25
0.25
0.25
0.25
0.25
0.25
0.25
0.25
0.25
0.25
0.25
0.25
0.25
0.25
0.25
0.25
102.40
102.30
102.60
102.80
103.00
103.80
104.10
104.70
105.80
106.60
107.40
108.60
109.70
110.80
112.30
113.40
115.20
116.60
118.80
120.30
122.40
124.60
126.80
129.30
132.50
135.60
138.90
142.10
145.10
148.80
152.50
157.20
162.20
167.10
172.10
178.00
184.00
189.50
196.00
203.40
209.50
217.20
223.90
231.10
239.30
246.30
254.10
262.00
269.70
277.50
285.70
293.80
302.40
311.40
319.40
328.30
335.90
344.60
350.40
356.90
358.90
359.80
355.70
345.00
329.20
309.50
287.20
266.20
245.20
215.10
172.70
125.80
91.23
67.10
42.99
36.11
31.46
27.45
20.93
16.49
13.79
10.95
8.77
6.94
5.16
3.69
2.03
0.84
0.37
0.19
0.15
0.14
0.14
0.14
0.14
0.15
0.16
0.16
0.17
0.17
0.18
0.18
0.19
0.20
0.20
0.21
0.21
0.22
0.23
0.24
0.24
0.24
0.25
0.25
0.25
0.25
0.25
0.26
0.26
0.26
0.26
0.27
0.26
0.26
0.26
0.26
0.27
0.27
0.27
0.27
0.27
0.27
0.27
0.27
0.27
0.28
0.28
0.28
0.28
0.29
0.29
0.30
0.31
0.31
0.31
0.31
0.31
0.31
0.31
0.31
0.31
0.32
0.32
0.32
0.32
0.31
0.31
0.31
0.30
0.30
0.29
0.29
0.29
0.28
0.28
0.27
0.27
0.26
0.26
0.26
0.25
0.25
0.25
0.25
0.25
0.25
0.25
0.25
0.25
0.25
0.25
102.50
102.50
102.40
102.90
103.30
103.70
104.00
104.60
105.30
106.10
107.10
107.80
109.00
110.10
111.40
112.60
114.30
115.70
117.70
119.30
121.40
123.70
126.20
128.80
132.00
134.50
137.80
141.10
144.10
147.90
152.10
156.30
161.20
165.80
170.80
176.00
182.10
187.50
193.00
199.20
205.10
211.40
217.70
224.60
231.40
239.20
245.90
253.90
262.00
269.00
277.00
285.20
292.70
301.10
309.70
318.80
326.90
336.70
345.20
354.50
364.30
372.50
380.10
383.50
382.20
374.10
360.00
340.10
312.40
278.00
239.20
200.80
160.00
116.10
72.55
39.26
25.55
22.05
19.54
17.05
14.56
12.22
10.04
8.03
6.17
3.87
1.74
0.81
0.41
0.18
0.14
0.15
0.15
0.16
0.16
0.17
0.17
0.18
0.19
0.19
0.20
0.21
0.22
0.22
0.23
0.24
0.24
0.25
0.25
0.26
0.26
0.26
0.27
0.27
0.27
0.27
0.28
0.28
0.28
0.28
0.28
0.28
0.28
0.28
0.28
0.28
0.28
0.28
0.28
0.28
0.28
0.28
0.29
0.29
0.30
0.30
0.30
0.31
0.31
0.32
0.32
0.32
0.33
0.33
0.33
0.33
0.33
0.32
0.32
0.32
0.31
0.31
0.31
0.31
0.30
0.30
0.29
0.28
0.28
0.28
0.27
0.27
0.26
0.26
0.25
0.25
0.24
0.24
0.24
0.24
0.24
0.24
0.24
0.24
0.25
0.25
0.25
0.25
0.25
0.25
0.25
102.50
102.50
102.60
102.70
103.30
103.40
104.10
104.50
105.10
105.60
106.60
107.30
108.60
109.50
110.60
112.20
113.40
115.10
116.90
118.90
121.10
123.80
127.10
130.00
132.80
135.00
137.40
140.40
143.70
146.90
151.10
155.20
159.50
164.20
169.00
174.30
179.90
184.70
190.10
195.20
200.80
206.50
212.80
218.80
225.40
232.70
239.90
248.10
255.20
262.00
268.90
276.70
282.70
290.20
298.80
305.90
314.00
323.30
331.60
342.10
354.70
362.00
363.60
359.30
353.60
343.90
332.30
318.20
300.90
278.90
250.70
213.00
157.30
83.95
46.99
26.24
22.26
19.66
17.23
14.96
12.76
10.57
8.54
6.78
5.00
2.55
1.36
0.76
0.38
0.19
0.14
0.14
0.14
0.14
0.14
0.15
0.16
0.16
0.17
0.17
0.18
0.19
0.20
0.20
0.21
0.21
0.22
0.23
0.23
0.24
0.24
0.24
0.25
0.25
0.25
0.25
0.26
0.26
0.27
0.27
0.27
0.27
0.27
0.27
0.27
0.27
0.27
0.27
0.27
0.27
0.27
0.27
0.28
0.28
0.28
0.29
0.29
0.30
0.31
0.31
0.31
0.32
0.32
0.33
0.33
0.33
0.33
0.33
0.33
0.33
0.33
0.33
0.33
0.33
0.32
0.32
0.31
0.31
0.30
0.30
0.29
0.29
0.28
0.28
0.27
0.27
0.27
0.26
0.26
0.26
0.25
0.25
0.25
0.24
0.24
0.24
0.25
0.25
0.25
0.25
0.25
