SALVI
1
0
24
15.0
181
1.0
250503 TECLA 5050 3000K 350 F1M6 VDR ARF
250503 TECLA 5050 3000K F1M6 VDR ARF

250503_TECLA_5050_F1M6_VDR_ARF.ldt
12 maig 2025/TB
700
200
100
275
165
0
0
0
0
99.84
100.00
1.00
0.00
1
1
2x7LED 5050
4334.00
3000
70
31.00
0.24
0.33
0.43
0.51
0.57
0.67
0.71
0.76
0.82
0.85
0.00
15.00
30.00
45.00
60.00
75.00
90.00
105.00
120.00
135.00
150.00
165.00
180.00
195.00
210.00
225.00
240.00
255.00
270.00
285.00
300.00
315.00
330.00
345.00
0.00
1.00
2.00
3.00
4.00
5.00
6.00
7.00
8.00
9.00
10.00
11.00
12.00
13.00
14.00
15.00
16.00
17.00
18.00
19.00
20.00
21.00
22.00
23.00
24.00
25.00
26.00
27.00
28.00
29.00
30.00
31.00
32.00
33.00
34.00
35.00
36.00
37.00
38.00
39.00
40.00
41.00
42.00
43.00
44.00
45.00
46.00
47.00
48.00
49.00
50.00
51.00
52.00
53.00
54.00
55.00
56.00
57.00
58.00
59.00
60.00
61.00
62.00
63.00
64.00
65.00
66.00
67.00
68.00
69.00
70.00
71.00
72.00
73.00
74.00
75.00
76.00
77.00
78.00
79.00
80.00
81.00
82.00
83.00
84.00
85.00
86.00
87.00
88.00
89.00
90.00
91.00
92.00
93.00
94.00
95.00
96.00
97.00
98.00
99.00
100.00
101.00
102.00
103.00
104.00
105.00
106.00
107.00
108.00
109.00
110.00
111.00
112.00
113.00
114.00
115.00
116.00
117.00
118.00
119.00
120.00
121.00
122.00
123.00
124.00
125.00
126.00
127.00
128.00
129.00
130.00
131.00
132.00
133.00
134.00
135.00
136.00
137.00
138.00
139.00
140.00
141.00
142.00
143.00
144.00
145.00
146.00
147.00
148.00
149.00
150.00
151.00
152.00
153.00
154.00
155.00
156.00
157.00
158.00
159.00
160.00
161.00
162.00
163.00
164.00
165.00
166.00
167.00
168.00
169.00
170.00
171.00
172.00
173.00
174.00
175.00
176.00
177.00
178.00
179.00
180.00
137.30
137.20
137.20
137.20
137.40
137.60
137.50
137.90
137.70
138.40
138.60
138.80
139.10
139.30
140.10
140.10
140.90
141.20
141.90
142.10
142.80
142.90
143.10
143.50
143.60
143.80
144.10
144.70
145.20
145.80
146.70
147.80
149.60
152.00
155.40
160.30
166.90
175.40
185.70
197.20
209.90
223.40
237.00
251.00
263.50
276.70
288.50
299.90
310.90
321.60
331.70
342.40
352.50
363.30
375.10
388.60
402.50
418.10
433.70
450.10
465.80
479.30
487.10
492.40
492.40
483.10
462.20
429.60
391.20
348.40
305.50
258.30
205.70
150.30
106.30
78.48
57.95
42.91
30.98
20.70
13.30
9.97
8.03
6.38
4.71
2.97
1.71
0.90
0.44
0.23
0.16
0.16
0.17
0.17
0.18
0.19
0.20
0.20
0.21
0.22
0.23
0.24
0.24
0.25
0.27
0.27
0.28
0.29
0.29
0.30
0.31
0.31
0.31
0.32
0.33
0.33
0.34
0.34
0.34
0.34
0.35
0.35
0.36
0.36
0.37
0.37
0.37
0.38
0.38
0.38
0.39
0.39
0.40
0.40
0.41
0.41
0.42
0.43
0.43
0.43
0.44
0.44
0.44
0.44
0.44
0.44
0.44
0.44
0.44
0.44
0.44
0.44
0.44
0.43
0.43
0.42
0.42
0.42
0.41
0.41
0.40
0.39
0.39
0.39
0.38
0.38
0.38
0.37
0.37
0.37
0.37
0.37
0.37
0.37
0.37
0.37
0.37
0.37
0.37
0.37
0.37
136.00
140.00
143.20
147.10
150.40
153.70
157.00
160.40
163.30
166.20
169.50
172.20
174.80
177.90
180.00
182.60
184.70
187.00
188.60
190.20
192.70
193.60
195.00
195.60
196.90
197.00
198.40
200.20
203.60
209.40
217.00
226.40
238.30
250.10
263.10
278.60
297.40
319.70
343.90
371.20
400.20
432.20
464.90
499.30
535.40
569.40
602.90
632.60
660.10
682.70
704.10
723.40
736.00
746.60
752.60
756.30
759.30
755.20
748.30
739.30
727.90
721.20
717.60
722.90
736.50
755.70
756.90
735.70
688.90
619.40
535.70
456.30
385.50
321.60
263.10
209.30
164.60
124.80
90.12
61.87
39.12
24.19
16.55
11.11
6.73
3.46
1.99
0.90
0.39
0.18
0.12
0.13
0.13
0.14
0.14
0.14
0.15
0.16
0.16
0.17
0.17
0.18
0.18
0.19
0.20
0.20
0.21
0.21
0.22
0.22
0.23
0.23
0.24
0.24
0.25
0.25
0.25
0.26
0.26
0.27
0.27
0.27
0.27
0.27
0.28
0.28
0.28
0.28
0.28
0.29
0.29
0.29
0.29
0.30
0.30
0.30
0.30
0.31
0.31
0.31
0.31
0.31
0.31
0.32
0.32
0.32
0.32
0.32
0.32
0.32
0.32
0.32
0.32
0.32
0.32
0.32
0.32
0.33
0.33
0.33
0.33
0.33
0.33
0.33
0.33
0.34
0.34
0.34
0.35
0.35
0.36
0.36
0.37
0.38
0.38
0.39
0.40
0.41
0.42
0.42
0.42
136.40
144.00
150.20
156.30
161.80
166.90
171.40
175.80
179.30
181.80
184.10
185.30
186.40
186.90
185.60
184.20
183.10
182.00
182.20
183.00
186.70
193.20
201.40
211.60
224.60
239.40
259.40
285.50
316.30
353.10
396.60
446.10
494.90
542.80
590.80
635.90
677.30
715.10
747.70
773.10
789.80
797.10
799.50
794.90
784.40
770.00
754.10
735.90
715.70
698.50
686.30
685.00
688.70
694.90
699.80
698.20
685.70
657.10
610.80
548.30
481.90
420.30
373.10
320.00
257.30
212.60
179.30
146.80
121.60
104.90
92.88
82.48
72.81
64.24
56.33
48.81
41.80
36.01
30.12
24.41
19.21
14.95
11.24
8.45
6.05
3.73
2.16
0.85
0.29
0.12
0.07
0.06
0.06
0.06
0.06
0.06
0.06
0.06
0.07
0.06
0.07
0.07
0.07
0.07
0.08
0.08
0.09
0.09
0.10
0.10
0.10
0.10
0.10
0.11
0.11
0.11
0.11
0.12
0.12
0.12
0.13
0.13
0.14
0.13
0.14
0.14
0.14
0.14
0.14
0.14
0.15
0.15
0.15
0.16
0.16
0.16
0.17
0.17
0.17
0.18
0.18
0.18
0.18
0.18
0.18
0.18
0.19
0.19
0.19
0.20
0.20
0.20
0.20
0.21
0.21
0.21
0.22
0.22
0.23
0.23
0.24
0.24
0.25
0.25
0.26
0.26
0.27
0.27
0.28
0.29
0.30
0.31
0.32
0.34
0.35
0.35
0.37
0.38
0.40
0.41
0.41
136.00
146.10
154.90
162.40
169.40
174.90
179.90
182.70
184.60
184.70
184.00
181.40
180.20
179.50
181.90
186.10
193.20
204.40
219.10
236.00
255.50
280.50
313.30
354.10
398.90
446.70
495.60
544.30
592.70
641.20
685.20
718.40
739.40
747.10
740.90
727.90
705.00
680.20
656.30
634.60
620.70
613.00
611.20
610.50
605.10
594.20
577.50
555.20
523.50
480.50
429.10
378.90
337.60
302.40
270.50
232.50
190.40
163.20
147.00
134.20
121.50
111.30
102.30
93.94
86.42
79.20
72.69
66.50
60.81
55.79
50.77
46.50
42.32
38.41
34.53
30.37
26.30
22.44
17.54
13.71
11.00
8.81
7.06
5.38
3.83
2.56
1.43
0.72
0.30
0.10
0.05
0.05
0.05
0.06
0.06
0.06
0.06
0.06
0.06
0.07
0.07
0.07
0.07
0.07
0.07
0.08
0.08
0.08
0.08
0.08
0.08
0.09
0.09
0.09
0.09
0.09
0.09
0.09
0.09
0.09
0.10
0.10
0.10
0.11
0.11
0.11
0.11
0.11
0.11
0.12
0.12
0.12
0.12
0.12
0.13
0.13
0.13
0.13
0.13
0.13
0.14
0.14
0.14
0.14
0.15
0.15
0.15
0.15
0.16
0.16
0.16
0.17
0.17
0.18
0.18
0.19
0.19
0.20
0.20
0.21
0.22
0.22
0.23
0.24
0.25
0.25
0.27
0.27
0.28
0.30
0.30
0.32
0.33
0.35
0.36
0.37
0.39
0.41
0.42
0.43
0.43
136.30
149.10
159.10
167.90
175.00
180.00
183.50
184.60
183.90
180.80
179.80
180.80
185.70
193.30
205.80
222.00
241.90
263.80
289.10
325.60
374.80
424.90
471.10
514.70
563.30
613.30
655.20
685.70
698.90
699.70
684.10
661.20
634.70
612.50
597.60
590.90
588.80
587.90
578.20
558.90
532.60
497.20
454.70
411.10
375.40
348.30
324.00
293.50
250.30
227.40
211.60
197.70
185.30
174.50
164.20
154.80
146.30
138.00
130.40
123.20
115.80
109.20
102.30
95.87
89.48
83.41
77.45
71.52
65.92
60.41
54.89
49.82
44.50
38.16
32.60
28.53
24.65
20.92
17.49
14.17
11.15
8.53
6.29
4.62
3.38
2.30
1.36
0.67
0.27
0.11
0.07
0.07
0.07
0.07
0.06
0.06
0.06
0.06
0.06
0.06
0.06
0.07
0.07
0.07
0.07
0.07
0.07
0.08
0.08
0.08
0.08
0.08
0.08
0.08
0.08
0.08
0.09
0.09
0.09
0.09
0.09
0.09
0.09
0.09
0.09
0.09
0.09
0.09
0.10
0.10
0.10
0.10
0.10
0.10
0.10
0.11
0.11
0.11
0.11
0.11
0.11
0.11
0.11
0.11
0.11
0.12
0.12
0.12
0.12
0.12
0.12
0.13
0.13
0.13
0.14
0.14
0.15
0.15
0.16
0.16
0.17
0.18
0.19
0.20
0.21
0.22
0.23
0.24
0.25
0.26
0.28
0.29
0.32
0.33
0.35
0.37
0.38
0.40
0.42
0.43
0.45
136.20
149.60
160.40
169.90
177.20
181.90
184.60
184.20
181.60
179.50
181.40
187.60
197.80
212.30
231.60
252.60
276.70
307.80
356.70
413.10
458.60
501.60
545.90
595.50
637.60
669.10
680.90
677.30
663.20
639.30
611.90
590.10
578.50
577.40
575.00
569.80
558.40
531.50
494.80
450.20
406.50
373.60
348.50
320.30
283.70
257.10
239.00
224.10
212.10
200.60
190.60
182.10
173.90
165.90
158.90
152.30
145.40
139.00
132.60
126.50
120.90
115.30
109.50
103.60
97.14
90.05
83.20
76.90
70.90
63.40
44.97
27.41
18.45
16.27
14.75
13.13
11.24
9.51
8.08
7.01
6.05
5.13
4.22
3.33
2.51
1.75
1.11
0.63
0.28
0.10
0.07
0.07
0.07
0.07
0.08
0.08
0.08
0.08
0.08
0.08
0.09
0.09
0.09
0.09
0.09
0.09
0.09
0.10
0.10
0.10
0.10
0.10
0.10
0.10
0.11
0.11
0.11
0.11
0.11
0.11
0.11
0.11
0.11
0.11
0.12
0.12
0.12
0.12
0.12
0.12
0.12
0.12
0.12
0.12
0.12
0.12
0.12
0.12
0.12
0.12
0.12
0.12
0.13
0.13
0.13
0.13
0.13
0.14
0.14
0.14
0.14
0.14
0.15
0.15
0.15
0.16
0.16
0.17
0.17
0.18
0.19
0.19
0.20
0.21
0.22
0.24
0.25
0.26
0.27
0.28
0.30
0.31
0.33
0.34
0.36
0.38
0.40
0.42
0.44
0.46
0.47
136.30
151.10
162.30
171.10
178.90
182.30
184.50
183.60
180.80
180.10
183.30
191.70
205.00
222.00
242.30
264.60
293.50
332.90
393.50
443.20
483.40
527.80
574.60
620.10
654.70
674.30
672.60
661.40
640.70
611.80
587.40
574.40
571.60
569.20
565.80
554.10
531.10
495.70
451.50
405.50
371.90
344.20
316.70
281.90
258.10
239.80
226.10
214.80
205.20
195.90
187.30
179.20
171.70
165.20
158.50
151.30
145.10
138.90
133.00
127.60
122.80
117.20
111.70
105.00
98.33
90.71
84.58
78.18
71.09
52.41
32.11
19.75
15.85
14.27
12.84
11.03
9.15
7.57
6.34
5.51
4.70
3.90
3.16
2.46
1.87
1.36
0.90
0.54
0.25
0.11
0.07
0.07
0.07
0.07
0.07
0.07
0.07
0.07
0.07
0.07
0.07
0.07
0.07
0.07
0.07
0.07
0.07
0.07
0.07
0.08
0.08
0.08
0.09
0.09
0.09
0.10
0.10
0.10
0.10
0.10
0.10
0.10
0.10
0.10
0.10
0.10
0.10
0.10
0.10
0.11
0.11
0.11
0.11
0.11
0.11
0.11
0.11
0.11
0.11
0.11
0.11
0.11
0.11
0.12
0.11
0.11
0.11
0.12
0.12
0.12
0.12
0.13
0.13
0.14
0.14
0.14
0.14
0.15
0.15
0.16
0.17
0.17
0.18
0.19
0.20
0.21
0.23
0.24
0.25
0.27
0.28
0.30
0.32
0.33
0.35
0.36
0.38
0.39
0.42
0.43
0.45
136.20
149.60
160.40
169.90
177.20
181.90
184.60
184.20
181.60
179.50
181.40
187.60
197.80
212.30
231.60
252.60
276.70
307.80
356.70
413.10
458.60
501.60
545.90
595.50
637.60
669.10
680.90
677.30
663.20
639.30
611.90
590.10
578.50
577.40
575.00
569.80
558.40
531.50
494.80
450.20
406.50
373.60
348.50
320.30
283.70
257.10
239.00
224.10
212.10
200.60
190.60
182.10
173.90
165.90
158.90
152.30
145.40
139.00
132.60
126.50
120.90
115.30
109.50
103.60
97.14
90.05
83.20
76.90
70.90
63.40
44.97
27.41
18.45
16.27
14.75
13.13
11.24
9.51
8.08
7.01
6.05
5.13
4.22
3.33
2.51
1.75
1.11
0.63
0.28
0.10
0.07
0.07
0.07
0.07
0.08
0.08
0.08
0.08
0.08
0.08
0.09
0.09
0.09
0.09
0.09
0.09
0.09
0.10
0.10
0.10
0.10
0.10
0.10
0.10
0.11
0.11
0.11
0.11
0.11
0.11
0.11
0.11
0.11
0.11
0.12
0.12
0.12
0.12
0.12
0.12
0.12
0.12
0.12
0.12
0.12
0.12
0.12
0.12
0.12
0.12
0.12
0.12
0.13
0.13
0.13
0.13
0.13
0.14
0.14
0.14
0.14
0.14
0.15
0.15
0.15
0.16
0.16
0.17
0.17
0.18
0.19
0.19
0.20
0.21
0.22
0.24
0.25
0.26
0.27
0.28
0.30
0.31
0.33
0.34
0.36
0.38
0.40
0.42
0.44
0.46
0.47
136.30
149.10
159.10
167.90
175.00
180.00
183.50
184.60
183.90
180.80
179.80
180.80
185.70
193.30
205.80
222.00
241.90
263.80
289.10
325.60
374.80
424.90
471.10
514.70
563.30
613.30
655.20
685.70
698.90
699.70
684.10
661.20
634.70
612.50
597.60
590.90
588.80
587.90
578.20
558.90
532.60
497.20
454.70
411.10
375.40
348.30
324.00
293.50
250.30
227.40
211.60
197.70
185.30
174.50
164.20
154.80
146.30
138.00
130.40
123.20
115.80
109.20
102.30
95.87
89.48
83.41
77.45
71.52
65.92
60.41
54.89
49.82
44.50
38.16
32.60
28.53
24.65
20.92
17.49
14.17
11.15
8.53
6.29
4.62
3.38
2.30
1.36
0.67
0.27
0.11
0.07
0.07
0.07
0.07
0.06
0.06
0.06
0.06
0.06
0.06
0.06
0.07
0.07
0.07
0.07
0.07
0.07
0.08
0.08
0.08
0.08
0.08
0.08
0.08
0.08
0.08
0.09
0.09
0.09
0.09
0.09
0.09
0.09
0.09
0.09
0.09
0.09
0.09
0.10
0.10
0.10
0.10
0.10
0.10
0.10
0.11
0.11
0.11
0.11
0.11
0.11
0.11
0.11
0.11
0.11
0.12
0.12
0.12
0.12
0.12
0.12
0.13
0.13
0.13
0.14
0.14
0.15
0.15
0.16
0.16
0.17
0.18
0.19
0.20
0.21
0.22
0.23
0.24
0.25
0.26
0.28
0.29
0.32
0.33
0.35
0.37
0.38
0.40
0.42
0.43
0.45
136.00
146.10
154.90
162.40
169.40
174.90
179.90
182.70
184.60
184.70
184.00
181.40
180.20
179.50
181.90
186.10
193.20
204.40
219.10
236.00
255.50
280.50
313.30
354.10
398.90
446.70
495.60
544.30
592.70
641.20
685.20
718.40
739.40
747.10
740.90
727.90
705.00
680.20
656.30
634.60
620.70
613.00
611.20
610.50
605.10
594.20
577.50
555.20
523.50
480.50
429.10
378.90
337.60
302.40
270.50
232.50
190.40
163.20
147.00
134.20
121.50
111.30
102.30
93.94
86.42
79.20
72.69
66.50
60.81
55.79
50.77
46.50
42.32
38.41
34.53
30.37
26.30
22.44
17.54
13.71
11.00
8.81
7.06
5.38
3.83
2.56
1.43
0.72
0.30
0.10
0.05
0.05
0.05
0.06
0.06
0.06
0.06
0.06
0.06
0.07
0.07
0.07
0.07
0.07
0.07
0.08
0.08
0.08
0.08
0.08
0.08
0.09
0.09
0.09
0.09
0.09
0.09
0.09
0.09
0.09
0.10
0.10
0.10
0.11
0.11
0.11
0.11
0.11
0.11
0.12
0.12
0.12
0.12
0.12
0.13
0.13
0.13
0.13
0.13
0.13
0.14
0.14
0.14
0.14
0.15
0.15
0.15
0.15
0.16
0.16
0.16
0.17
0.17
0.18
0.18
0.19
0.19
0.20
0.20
0.21
0.22
0.22
0.23
0.24
0.25
0.25
0.27
0.27
0.28
0.30
0.30
0.32
0.33
0.35
0.36
0.37
0.39
0.41
0.42
0.43
0.43
136.40
144.00
150.20
156.30
161.80
166.90
171.40
175.80
179.30
181.80
184.10
185.30
186.40
186.90
185.60
184.20
183.10
182.00
182.20
183.00
186.70
193.20
201.40
211.60
224.60
239.40
259.40
285.50
316.30
353.10
396.60
446.10
494.90
542.80
590.80
635.90
677.30
715.10
747.70
773.10
789.80
797.10
799.50
794.90
784.40
770.00
754.10
735.90
715.70
698.50
686.30
685.00
688.70
694.90
699.80
698.20
685.70
657.10
610.80
548.30
481.90
420.30
373.10
320.00
257.30
212.60
179.30
146.80
121.60
104.90
92.88
82.48
72.81
64.24
56.33
48.81
41.80
36.01
30.12
24.41
19.21
14.95
11.24
8.45
6.05
3.73
2.16
0.85
0.29
0.12
0.07
0.06
0.06
0.06
0.06
0.06
0.06
0.06
0.07
0.06
0.07
0.07
0.07
0.07
0.08
0.08
0.09
0.09
0.10
0.10
0.10
0.10
0.10
0.11
0.11
0.11
0.11
0.12
0.12
0.12
0.13
0.13
0.14
0.13
0.14
0.14
0.14
0.14
0.14
0.14
0.15
0.15
0.15
0.16
0.16
0.16
0.17
0.17
0.17
0.18
0.18
0.18
0.18
0.18
0.18
0.18
0.19
0.19
0.19
0.20
0.20
0.20
0.20
0.21
0.21
0.21
0.22
0.22
0.23
0.23
0.24
0.24
0.25
0.25
0.26
0.26
0.27
0.27
0.28
0.29
0.30
0.31
0.32
0.34
0.35
0.35
0.37
0.38
0.40
0.41
0.41
136.00
140.00
143.20
147.10
150.40
153.70
157.00
160.40
163.30
166.20
169.50
172.20
174.80
177.90
180.00
182.60
184.70
187.00
188.60
190.20
192.70
193.60
195.00
195.60
196.90
197.00
198.40
200.20
203.60
209.40
217.00
226.40
238.30
250.10
263.10
278.60
297.40
319.70
343.90
371.20
400.20
432.20
464.90
499.30
535.40
569.40
602.90
632.60
660.10
682.70
704.10
723.40
736.00
746.60
752.60
756.30
759.30
755.20
748.30
739.30
727.90
721.20
717.60
722.90
736.50
755.70
756.90
735.70
688.90
619.40
535.70
456.30
385.50
321.60
263.10
209.30
164.60
124.80
90.12
61.87
39.12
24.19
16.55
11.11
6.73
3.46
1.99
0.90
0.39
0.18
0.12
0.13
0.13
0.14
0.14
0.14
0.15
0.16
0.16
0.17
0.17
0.18
0.18
0.19
0.20
0.20
0.21
0.21
0.22
0.22
0.23
0.23
0.24
0.24
0.25
0.25
0.25
0.26
0.26
0.27
0.27
0.27
0.27
0.27
0.28
0.28
0.28
0.28
0.28
0.29
0.29
0.29
0.29
0.30
0.30
0.30
0.30
0.31
0.31
0.31
0.31
0.31
0.31
0.32
0.32
0.32
0.32
0.32
0.32
0.32
0.32
0.32
0.32
0.32
0.32
0.32
0.32
0.33
0.33
0.33
0.33
0.33
0.33
0.33
0.33
0.34
0.34
0.34
0.35
0.35
0.36
0.36
0.37
0.38
0.38
0.39
0.40
0.41
0.42
0.42
0.42
137.30
137.20
137.20
137.20
137.40
137.60
137.50
137.90
137.70
138.40
138.60
138.80
139.10
139.30
140.10
140.10
140.90
141.20
141.90
142.10
142.80
142.90
143.10
143.50
143.60
143.80
144.10
144.70
145.20
145.80
146.70
147.80
149.60
152.00
155.40
160.30
166.90
175.40
185.70
197.20
209.90
223.40
237.00
251.00
263.50
276.70
288.50
299.90
310.90
321.60
331.70
342.40
352.50
363.30
375.10
388.60
402.50
418.10
433.70
450.10
465.80
479.30
487.10
492.40
492.40
483.10
462.20
429.60
391.20
348.40
305.50
258.30
205.70
150.30
106.30
78.48
57.95
42.91
30.98
20.70
13.30
9.97
8.03
6.38
4.71
2.97
1.71
0.90
0.44
0.23
0.16
0.16
0.17
0.17
0.18
0.19
0.20
0.20
0.21
0.22
0.23
0.24
0.24
0.25
0.27
0.27
0.28
0.29
0.29
0.30
0.31
0.31
0.31
0.32
0.33
0.33
0.34
0.34
0.34
0.34
0.35
0.35
0.36
0.36
0.37
0.37
0.37
0.38
0.38
0.38
0.39
0.39
0.40
0.40
0.41
0.41
0.42
0.43
0.43
0.43
0.44
0.44
0.44
0.44
0.44
0.44
0.44
0.44
0.44
0.44
0.44
0.44
0.44
0.43
0.43
0.42
0.42
0.42
0.41
0.41
0.40
0.39
0.39
0.39
0.38
0.38
0.38
0.37
0.37
0.37
0.37
0.37
0.37
0.37
0.37
0.37
0.37
0.37
0.37
0.37
0.37
136.00
132.20
128.10
123.80
119.70
115.10
110.80
106.70
102.70
99.15
95.87
93.10
90.19
87.94
85.59
83.63
81.81
80.31
78.91
77.89
76.54
75.08
73.57
71.98
69.98
67.92
65.60
63.70
61.94
60.31
58.72
57.37
56.19
54.88
53.81
52.56
51.27
50.08
48.88
47.90
47.08
46.60
46.38
46.48
46.97
47.77
48.88
50.14
51.40
52.92
54.03
55.30
56.14
56.97
57.49
58.02
57.82
56.95
55.06
51.94
48.35
44.63
41.35
38.73
36.66
35.14
33.98
32.78
31.54
30.14
28.68
27.50
26.45
25.53
24.57
23.46
21.81
19.73
17.45
14.75
12.09
9.87
7.84
6.11
4.54
3.11
1.94
0.95
0.43
0.22
0.18
0.17
0.17
0.18
0.18
0.19
0.20
0.21
0.22
0.23
0.24
0.25
0.26
0.28
0.28
0.29
0.30
0.31
0.31
0.32
0.32
0.33
0.33
0.34
0.34
0.35
0.35
0.35
0.36
0.36
0.36
0.36
0.37
0.37
0.37
0.37
0.37
0.37
0.38
0.38
0.38
0.39
0.39
0.40
0.40
0.41
0.42
0.43
0.43
0.44
0.44
0.45
0.47
0.47
0.48
0.48
0.48
0.48
0.48
0.49
0.49
0.49
0.49
0.49
0.49
0.49
0.49
0.49
0.49
0.49
0.48
0.48
0.47
0.47
0.46
0.46
0.45
0.44
0.44
0.44
0.43
0.42
0.42
0.42
0.41
0.41
0.41
0.41
0.41
0.41
0.42
136.40
128.90
120.60
112.00
104.40
97.57
91.61
86.66
82.49
79.11
75.81
72.67
69.74
66.32
62.41
57.37
52.72
50.11
48.85
48.18
47.83
47.49
47.36
47.08
47.02
46.92
46.71
46.65
46.48
46.47
46.45
46.45
46.37
46.30
46.02
45.87
45.62
45.50
45.42
45.41
45.57
45.92
46.80
48.16
50.05
52.30
54.80
57.54
60.06
62.65
65.17
67.69
70.19
72.58
74.16
74.46
72.80
68.80
63.49
57.66
52.22
47.35
43.47
41.01
39.57
38.81
38.62
38.79
39.33
40.09
40.72
41.02
41.10
41.14
40.81
39.70
37.68
34.86
32.13
29.71
25.81
19.90
15.12
11.63
8.60
6.20
4.05
1.99
0.45
0.19
0.16
0.17
0.18
0.19
0.20
0.21
0.22
0.23
0.24
0.25
0.26
0.28
0.29
0.30
0.31
0.32
0.33
0.34
0.35
0.36
0.37
0.38
0.39
0.39
0.41
0.41
0.42
0.42
0.42
0.43
0.43
0.43
0.44
0.44
0.44
0.45
0.45
0.45
0.46
0.46
0.46
0.46
0.47
0.47
0.47
0.48
0.48
0.48
0.49
0.49
0.49
0.50
0.50
0.51
0.51
0.51
0.52
0.52
0.52
0.52
0.52
0.52
0.52
0.52
0.52
0.52
0.51
0.51
0.51
0.51
0.50
0.50
0.49
0.49
0.48
0.47
0.47
0.46
0.45
0.45
0.44
0.44
0.43
0.43
0.43
0.43
0.42
0.42
0.42
0.43
0.43
136.00
125.00
112.90
102.10
92.96
86.04
80.31
75.36
71.16
66.96
61.41
55.73
51.81
50.02
49.17
48.82
48.51
48.39
48.29
48.15
48.08
47.99
48.07
48.18
48.29
48.62
48.85
49.12
49.38
49.38
49.46
49.46
49.73
50.05
50.29
50.74
51.30
51.87
52.97
54.32
55.93
58.01
60.07
62.38
64.88
67.57
70.57
73.83
76.80
79.24
80.81
81.22
80.64
79.58
77.15
73.91
70.21
66.24
62.12
58.55
55.19
52.53
50.51
49.08
47.98
46.97
45.79
44.51
44.03
44.48
44.86
45.13
45.17
44.90
44.04
42.35
40.42
38.25
36.05
33.80
31.01
27.56
22.59
16.20
10.66
7.13
4.74
2.60
0.59
0.16
0.12
0.11
0.11
0.11
0.12
0.13
0.14
0.15
0.16
0.17
0.18
0.20
0.21
0.21
0.23
0.24
0.25
0.26
0.28
0.29
0.30
0.31
0.32
0.33
0.34
0.36
0.36
0.37
0.38
0.39
0.40
0.41
0.42
0.42
0.43
0.44
0.44
0.45
0.45
0.45
0.46
0.46
0.46
0.47
0.47
0.47
0.48
0.47
0.48
0.48
0.48
0.49
0.50
0.50
0.50
0.50
0.50
0.51
0.51
0.51
0.51
0.51
0.52
0.52
0.52
0.52
0.53
0.52
0.53
0.53
0.53
0.53
0.53
0.53
0.52
0.52
0.52
0.51
0.50
0.49
0.49
0.48
0.47
0.46
0.46
0.45
0.45
0.44
0.44
0.43
0.43
136.30
123.50
109.00
96.49
87.24
80.23
74.04
68.94
63.27
56.16
51.95
49.99
49.32
49.07
48.85
48.80
48.93
48.92
49.12
49.35
49.78
50.44
51.22
52.09
52.93
53.73
54.71
55.74
56.85
57.94
58.99
60.12
61.35
62.67
63.99
65.22
66.73
68.20
70.01
71.60
73.43
74.94
76.55
78.28
79.83
81.44
82.12
82.35
82.00
80.91
78.96
76.97
74.82
72.27
69.29
66.17
63.17
60.28
57.94
56.17
55.25
54.78
54.77
55.15
55.67
55.96
55.96
55.48
54.09
52.53
51.70
50.81
49.76
47.89
45.48
43.81
42.28
40.35
38.22
35.68
32.93
29.80
25.89
21.23
15.83
11.45
6.85
3.56
1.16
0.15
0.08
0.08
0.09
0.09
0.09
0.10
0.11
0.11
0.12
0.13
0.14
0.15
0.16
0.17
0.17
0.19
0.20
0.21
0.22
0.23
0.25
0.26
0.27
0.28
0.30
0.31
0.32
0.33
0.35
0.36
0.37
0.38
0.39
0.40
0.41
0.42
0.43
0.43
0.44
0.45
0.45
0.46
0.47
0.47
0.47
0.48
0.48
0.48
0.49
0.49
0.49
0.49
0.49
0.49
0.49
0.49
0.49
0.49
0.49
0.49
0.49
0.49
0.50
0.50
0.50
0.50
0.51
0.51
0.51
0.52
0.51
0.51
0.51
0.51
0.51
0.51
0.51
0.50
0.50
0.50
0.49
0.49
0.48
0.48
0.48
0.47
0.47
0.46
0.46
0.45
0.45
136.20
120.70
104.90
92.15
83.28
75.90
70.00
64.12
56.22
51.76
49.88
49.24
49.06
48.89
48.92
49.26
49.33
49.75
50.62
51.66
53.14
54.42
55.73
57.29
58.93
60.57
62.19
63.82
65.46
67.26
68.93
70.60
72.12
73.81
75.49
77.02
78.59
79.97
81.13
81.97
82.74
83.20
83.38
83.40
82.87
82.16
80.92
79.32
77.30
75.27
73.64
72.38
70.73
68.37
65.85
63.12
60.67
58.46
56.88
56.00
56.14
56.69
57.35
58.04
58.51
58.53
58.05
56.87
55.65
54.31
52.74
50.88
48.60
46.50
44.46
42.77
41.03
37.91
35.28
32.78
30.24
27.42
24.15
20.46
16.40
12.95
8.99
4.92
1.10
0.14
0.09
0.08
0.08
0.08
0.08
0.08
0.08
0.08
0.08
0.09
0.09
0.10
0.11
0.12
0.12
0.13
0.14
0.15
0.16
0.17
0.19
0.19
0.21
0.22
0.23
0.24
0.26
0.27
0.28
0.29
0.31
0.32
0.33
0.34
0.35
0.37
0.38
0.38
0.39
0.40
0.41
0.41
0.42
0.43
0.43
0.44
0.44
0.45
0.45
0.46
0.46
0.46
0.47
0.47
0.47
0.47
0.47
0.47
0.47
0.47
0.47
0.47
0.47
0.47
0.47
0.47
0.48
0.48
0.48
0.48
0.49
0.49
0.49
0.50
0.50
0.50
0.50
0.50
0.50
0.50
0.50
0.50
0.50
0.50
0.50
0.50
0.50
0.49
0.49
0.48
0.48
136.30
121.50
105.10
91.77
82.83
75.18
69.12
62.80
54.97
51.05
49.57
49.20
49.05
49.05
49.08
49.49
49.69
50.51
51.58
52.88
54.66
56.30
57.86
59.56
61.47
63.31
64.98
66.88
68.86
70.81
72.64
74.41
75.90
77.83
79.35
80.96
82.35
83.39
84.33
84.82
84.77
84.46
84.37
83.65
82.22
80.80
79.08
77.42
75.28
74.12
73.99
73.41
72.07
70.53
69.25
66.60
63.77
61.55
59.95
59.10
58.84
59.27
59.39
59.51
58.96
58.34
57.46
57.11
56.47
55.63
55.05
49.85
46.46
43.18
40.53
37.81
35.02
31.49
27.81
25.09
22.68
20.47
18.05
15.34
11.85
9.56
6.90
4.43
1.19
0.12
0.08
0.08
0.08
0.08
0.09
0.09
0.10
0.10
0.11
0.11
0.12
0.12
0.13
0.13
0.14
0.15
0.15
0.16
0.17
0.19
0.20
0.20
0.22
0.22
0.24
0.25
0.26
0.28
0.29
0.30
0.31
0.32
0.33
0.35
0.36
0.37
0.38
0.39
0.40
0.41
0.41
0.42
0.43
0.44
0.44
0.45
0.45
0.46
0.47
0.47
0.47
0.47
0.47
0.47
0.47
0.47
0.47
0.47
0.47
0.47
0.47
0.47
0.47
0.47
0.47
0.47
0.47
0.47
0.47
0.48
0.48
0.49
0.49
0.49
0.50
0.51
0.50
0.50
0.50
0.50
0.50
0.50
0.50
0.50
0.50
0.50
0.49
0.48
0.47
0.47
0.47
136.20
120.70
104.90
92.15
83.28
75.90
70.00
64.12
56.22
51.76
49.88
49.24
49.06
48.89
48.92
49.26
49.33
49.75
50.62
51.66
53.14
54.42
55.73
57.29
58.93
60.57
62.19
63.82
65.46
67.26
68.93
70.60
72.12
73.81
75.49
77.02
78.59
79.97
81.13
81.97
82.74
83.20
83.38
83.40
82.87
82.16
80.92
79.32
77.30
75.27
73.64
72.38
70.73
68.37
65.85
63.12
60.67
58.46
56.88
56.00
56.14
56.69
57.35
58.04
58.51
58.53
58.05
56.87
55.65
54.31
52.74
50.88
48.60
46.50
44.46
42.77
41.03
37.91
35.28
32.78
30.24
27.42
24.15
20.46
16.40
12.95
8.99
4.92
1.10
0.14
0.09
0.08
0.08
0.08
0.08
0.08
0.08
0.08
0.08
0.09
0.09
0.10
0.11
0.12
0.12
0.13
0.14
0.15
0.16
0.17
0.19
0.19
0.21
0.22
0.23
0.24
0.26
0.27
0.28
0.29
0.31
0.32
0.33
0.34
0.35
0.37
0.38
0.38
0.39
0.40
0.41
0.41
0.42
0.43
0.43
0.44
0.44
0.45
0.45
0.46
0.46
0.46
0.47
0.47
0.47
0.47
0.47
0.47
0.47
0.47
0.47
0.47
0.47
0.47
0.47
0.47
0.48
0.48
0.48
0.48
0.49
0.49
0.49
0.50
0.50
0.50
0.50
0.50
0.50
0.50
0.50
0.50
0.50
0.50
0.50
0.50
0.50
0.49
0.49
0.48
0.48
136.30
123.50
109.00
96.49
87.24
80.23
74.04
68.94
63.27
56.16
51.95
49.99
49.32
49.07
48.85
48.80
48.93
48.92
49.12
49.35
49.78
50.44
51.22
52.09
52.93
53.73
54.71
55.74
56.85
57.94
58.99
60.12
61.35
62.67
63.99
65.22
66.73
68.20
70.01
71.60
73.43
74.94
76.55
78.28
79.83
81.44
82.12
82.35
82.00
80.91
78.96
76.97
74.82
72.27
69.29
66.17
63.17
60.28
57.94
56.17
55.25
54.78
54.77
55.15
55.67
55.96
55.96
55.48
54.09
52.53
51.70
50.81
49.76
47.89
45.48
43.81
42.28
40.35
38.22
35.68
32.93
29.80
25.89
21.23
15.83
11.45
6.85
3.56
1.16
0.15
0.08
0.08
0.09
0.09
0.09
0.10
0.11
0.11
0.12
0.13
0.14
0.15
0.16
0.17
0.17
0.19
0.20
0.21
0.22
0.23
0.25
0.26
0.27
0.28
0.30
0.31
0.32
0.33
0.35
0.36
0.37
0.38
0.39
0.40
0.41
0.42
0.43
0.43
0.44
0.45
0.45
0.46
0.47
0.47
0.47
0.48
0.48
0.48
0.49
0.49
0.49
0.49
0.49
0.49
0.49
0.49
0.49
0.49
0.49
0.49
0.49
0.49
0.50
0.50
0.50
0.50
0.51
0.51
0.51
0.52
0.51
0.51
0.51
0.51
0.51
0.51
0.51
0.50
0.50
0.50
0.49
0.49
0.48
0.48
0.48
0.47
0.47
0.46
0.46
0.45
0.45
136.00
125.00
112.90
102.10
92.96
86.04
80.31
75.36
71.16
66.96
61.41
55.73
51.81
50.02
49.17
48.82
48.51
48.39
48.29
48.15
48.08
47.99
48.07
48.18
48.29
48.62
48.85
49.12
49.38
49.38
49.46
49.46
49.73
50.05
50.29
50.74
51.30
51.87
52.97
54.32
55.93
58.01
60.07
62.38
64.88
67.57
70.57
73.83
76.80
79.24
80.81
81.22
80.64
79.58
77.15
73.91
70.21
66.24
62.12
58.55
55.19
52.53
50.51
49.08
47.98
46.97
45.79
44.51
44.03
44.48
44.86
45.13
45.17
44.90
44.04
42.35
40.42
38.25
36.05
33.80
31.01
27.56
22.59
16.20
10.66
7.13
4.74
2.60
0.59
0.16
0.12
0.11
0.11
0.11
0.12
0.13
0.14
0.15
0.16
0.17
0.18
0.20
0.21
0.21
0.23
0.24
0.25
0.26
0.28
0.29
0.30
0.31
0.32
0.33
0.34
0.36
0.36
0.37
0.38
0.39
0.40
0.41
0.42
0.42
0.43
0.44
0.44
0.45
0.45
0.45
0.46
0.46
0.46
0.47
0.47
0.47
0.48
0.47
0.48
0.48
0.48
0.49
0.50
0.50
0.50
0.50
0.50
0.51
0.51
0.51
0.51
0.51
0.52
0.52
0.52
0.52
0.53
0.52
0.53
0.53
0.53
0.53
0.53
0.53
0.52
0.52
0.52
0.51
0.50
0.49
0.49
0.48
0.47
0.46
0.46
0.45
0.45
0.44
0.44
0.43
0.43
136.40
128.90
120.60
112.00
104.40
97.57
91.61
86.66
82.49
79.11
75.81
72.67
69.74
66.32
62.41
57.37
52.72
50.11
48.85
48.18
47.83
47.49
47.36
47.08
47.02
46.92
46.71
46.65
46.48
46.47
46.45
46.45
46.37
46.30
46.02
45.87
45.62
45.50
45.42
45.41
45.57
45.92
46.80
48.16
50.05
52.30
54.80
57.54
60.06
62.65
65.17
67.69
70.19
72.58
74.16
74.46
72.80
68.80
63.49
57.66
52.22
47.35
43.47
41.01
39.57
38.81
38.62
38.79
39.33
40.09
40.72
41.02
41.10
41.14
40.81
39.70
37.68
34.86
32.13
29.71
25.81
19.90
15.12
11.63
8.60
6.20
4.05
1.99
0.45
0.19
0.16
0.17
0.18
0.19
0.20
0.21
0.22
0.23
0.24
0.25
0.26
0.28
0.29
0.30
0.31
0.32
0.33
0.34
0.35
0.36
0.37
0.38
0.39
0.39
0.41
0.41
0.42
0.42
0.42
0.43
0.43
0.43
0.44
0.44
0.44
0.45
0.45
0.45
0.46
0.46
0.46
0.46
0.47
0.47
0.47
0.48
0.48
0.48
0.49
0.49
0.49
0.50
0.50
0.51
0.51
0.51
0.52
0.52
0.52
0.52
0.52
0.52
0.52
0.52
0.52
0.52
0.51
0.51
0.51
0.51
0.50
0.50
0.49
0.49
0.48
0.47
0.47
0.46
0.45
0.45
0.44
0.44
0.43
0.43
0.43
0.43
0.42
0.42
0.42
0.43
0.43
136.00
132.20
128.10
123.80
119.70
115.10
110.80
106.70
102.70
99.15
95.87
93.10
90.19
87.94
85.59
83.63
81.81
80.31
78.91
77.89
76.54
75.08
73.57
71.98
69.98
67.92
65.60
63.70
61.94
60.31
58.72
57.37
56.19
54.88
53.81
52.56
51.27
50.08
48.88
47.90
47.08
46.60
46.38
46.48
46.97
47.77
48.88
50.14
51.40
52.92
54.03
55.30
56.14
56.97
57.49
58.02
57.82
56.95
55.06
51.94
48.35
44.63
41.35
38.73
36.66
35.14
33.98
32.78
31.54
30.14
28.68
27.50
26.45
25.53
24.57
23.46
21.81
19.73
17.45
14.75
12.09
9.87
7.84
6.11
4.54
3.11
1.94
0.95
0.43
0.22
0.18
0.17
0.17
0.18
0.18
0.19
0.20
0.21
0.22
0.23
0.24
0.25
0.26
0.28
0.28
0.29
0.30
0.31
0.31
0.32
0.32
0.33
0.33
0.34
0.34
0.35
0.35
0.35
0.36
0.36
0.36
0.36
0.37
0.37
0.37
0.37
0.37
0.37
0.38
0.38
0.38
0.39
0.39
0.40
0.40
0.41
0.42
0.43
0.43
0.44
0.44
0.45
0.47
0.47
0.48
0.48
0.48
0.48
0.48
0.49
0.49
0.49
0.49
0.49
0.49
0.49
0.49
0.49
0.49
0.49
0.48
0.48
0.47
0.47
0.46
0.46
0.45
0.44
0.44
0.44
0.43
0.42
0.42
0.42
0.41
0.41
0.41
0.41
0.41
0.41
0.42
