SALVI
1
0
72
5.00
181
1.00
260105 ICON 2x2 5050 350mA F4MD PMMA SC
ICON 2x2 5050 F4MD PMMA SC

260105 ICON 2x2 5050 350mA F4MD PMMA SC.ldt
28 Gener 2026/TB
570
0
235
360
0
0
0
0
0
96.0
100.0
1.000
0.0
1
1
24 LEDs 5050
3918.8
3000
70
25.9
0.149
0.233
0.325
0.408
0.470
0.571
0.630
0.685
0.750
0.791
0.0
5.0
10.0
15.0
20.0
25.0
30.0
35.0
40.0
45.0
50.0
55.0
60.0
65.0
70.0
75.0
80.0
85.0
90.0
95.0
100.0
105.0
110.0
115.0
120.0
125.0
130.0
135.0
140.0
145.0
150.0
155.0
160.0
165.0
170.0
175.0
180.0
185.0
190.0
195.0
200.0
205.0
210.0
215.0
220.0
225.0
230.0
235.0
240.0
245.0
250.0
255.0
260.0
265.0
270.0
275.0
280.0
285.0
290.0
295.0
300.0
305.0
310.0
315.0
320.0
325.0
330.0
335.0
340.0
345.0
350.0
355.0
0.0
1.0
2.0
3.0
4.0
5.0
6.0
7.0
8.0
9.0
10.0
11.0
12.0
13.0
14.0
15.0
16.0
17.0
18.0
19.0
20.0
21.0
22.0
23.0
24.0
25.0
26.0
27.0
28.0
29.0
30.0
31.0
32.0
33.0
34.0
35.0
36.0
37.0
38.0
39.0
40.0
41.0
42.0
43.0
44.0
45.0
46.0
47.0
48.0
49.0
50.0
51.0
52.0
53.0
54.0
55.0
56.0
57.0
58.0
59.0
60.0
61.0
62.0
63.0
64.0
65.0
66.0
67.0
68.0
69.0
70.0
71.0
72.0
73.0
74.0
75.0
76.0
77.0
78.0
79.0
80.0
81.0
82.0
83.0
84.0
85.0
86.0
87.0
88.0
89.0
90.0
91.0
92.0
93.0
94.0
95.0
96.0
97.0
98.0
99.0
100.0
101.0
102.0
103.0
104.0
105.0
106.0
107.0
108.0
109.0
110.0
111.0
112.0
113.0
114.0
115.0
116.0
117.0
118.0
119.0
120.0
121.0
122.0
123.0
124.0
125.0
126.0
127.0
128.0
129.0
130.0
131.0
132.0
133.0
134.0
135.0
136.0
137.0
138.0
139.0
140.0
141.0
142.0
143.0
144.0
145.0
146.0
147.0
148.0
149.0
150.0
151.0
152.0
153.0
154.0
155.0
156.0
157.0
158.0
159.0
160.0
161.0
162.0
163.0
164.0
165.0
166.0
167.0
168.0
169.0
170.0
171.0
172.0
173.0
174.0
175.0
176.0
177.0
178.0
179.0
180.0
121.2
121.1
121.8
121.9
121.8
123.4
124.5
126.3
127.2
128.1
129.8
131.6
134.3
136.3
139.0
142.7
146.4
150.1
152.1
155.3
155.7
158.8
162.1
167.8
174.1
179.7
186.1
190.7
199.0
203.5
209.5
216.4
222.4
223.6
227.7
244.5
249.1
253.9
262.8
277.8
280.4
270.7
273.5
282.3
289.2
288.7
291.7
295.5
297.3
297.6
296.1
296.8
300.6
300.5
303.9
304.3
304.0
308.4
306.6
303.8
293.4
285.5
277.3
262.8
253.9
234.5
221.5
205.2
185.5
172.1
153.5
134.9
124.3
106.6
94.10
78.57
65.42
51.55
39.44
29.87
22.95
17.50
13.53
10.30
8.454
6.956
5.591
4.682
4.170
3.881
3.802
3.820
3.888
3.968
4.048
4.076
4.024
3.918
3.830
3.770
3.718
3.664
3.639
3.616
3.590
3.567
3.543
3.512
3.479
3.441
3.424
3.390
3.351
3.320
3.509
3.531
3.428
3.550
4.148
4.267
4.051
3.735
3.595
3.595
3.592
3.622
3.634
3.654
3.681
3.716
3.746
3.786
3.835
3.855
3.890
3.938
4.011
4.118
4.235
4.643
6.378
7.320
9.474
12.33
15.91
20.27
18.75
16.04
16.30
16.72
16.79
16.83
16.66
16.37
15.79
15.85
15.80
15.86
16.31
16.93
17.75
18.13
19.28
21.12
21.88
22.14
24.27
24.56
24.29
23.54
22.15
21.91
22.40
23.20
23.89
24.32
24.61
24.77
24.88
25.23
25.23
120.7
121.2
121.9
121.6
122.0
123.3
124.3
126.4
127.9
129.1
130.9
133.2
135.8
137.4
139.1
144.6
148.1
151.0
154.1
156.9
160.6
162.5
166.2
170.1
177.5
184.1
190.2
196.9
202.5
210.3
214.8
221.5
228.5
235.7
241.4
249.5
248.8
261.4
262.8
279.7
269.4
276.3
279.9
286.9
291.9
293.7
298.7
301.8
308.5
308.8
309.3
314.8
315.5
319.7
318.4
319.2
325.6
328.4
324.9
321.6
312.9
309.4
302.5
288.4
276.6
265.0
245.3
226.2
208.3
191.3
170.3
153.7
137.0
119.5
100.7
85.22
69.88
54.39
41.61
30.90
23.11
17.41
13.59
10.60
8.822
7.376
6.042
5.068
4.458
4.174
4.050
4.058
4.128
4.208
4.298
4.312
4.257
4.154
4.064
3.988
3.929
3.891
3.853
3.829
3.805
3.762
3.732
3.686
3.663
3.682
3.663
3.610
3.576
3.724
3.998
3.971
3.921
3.865
3.819
3.720
3.633
3.777
3.771
3.718
3.725
3.750
3.761
3.777
3.810
3.825
3.861
3.903
3.938
3.957
3.980
4.016
4.095
4.162
4.286
4.702
7.405
10.28
10.26
13.26
15.13
12.09
12.49
14.43
14.31
14.69
13.77
12.23
11.77
11.56
11.62
11.93
11.98
11.90
11.68
11.63
11.94
12.33
12.94
13.22
14.04
14.62
16.65
18.47
20.40
18.86
18.47
19.06
19.06
19.78
20.97
22.26
22.45
22.87
22.80
23.64
23.74
121.3
120.9
121.9
121.6
122.1
124.0
125.8
127.3
128.3
131.0
133.0
135.2
137.3
140.6
143.7
147.3
151.0
153.8
158.0
161.0
163.8
165.2
171.1
176.1
181.6
187.5
192.4
200.3
206.6
214.3
221.0
226.9
235.5
244.3
247.6
249.1
255.8
261.0
265.7
274.1
280.9
285.7
289.7
289.9
297.4
299.7
305.7
311.2
312.2
318.4
322.8
328.7
329.6
328.0
335.0
341.7
346.6
346.8
340.0
336.5
334.5
324.7
319.9
308.2
296.6
282.9
266.4
248.2
228.0
210.1
189.5
171.4
147.4
128.4
107.8
88.17
71.21
55.99
42.09
30.34
22.68
17.16
13.31
10.83
9.203
7.767
6.376
5.242
4.712
4.345
4.245
4.270
4.331
4.409
4.484
4.509
4.446
4.349
4.250
4.169
4.099
4.057
4.035
3.988
3.947
3.900
3.875
3.835
3.791
3.757
3.739
3.708
3.791
3.792
3.965
4.086
4.781
5.207
4.604
4.089
3.715
3.716
3.760
3.879
3.965
3.931
3.880
3.884
3.908
3.936
3.986
4.002
4.044
4.062
4.082
4.141
4.208
4.257
4.373
4.871
6.442
10.10
15.68
13.14
10.54
15.46
14.27
10.40
10.90
11.06
11.44
12.30
10.79
10.78
10.62
10.32
10.13
10.57
10.68
10.75
11.08
11.69
12.29
12.80
13.42
13.44
15.14
16.79
18.40
19.51
18.72
18.39
18.84
19.60
20.45
21.23
22.23
22.67
22.93
23.29
23.78
120.9
121.3
121.9
122.3
122.7
124.3
125.6
127.5
130.0
130.4
132.8
136.2
138.3
143.3
145.5
148.0
152.2
155.8
160.1
164.3
164.3
167.9
172.6
179.2
183.7
190.4
195.6
203.3
209.6
216.5
222.6
229.5
236.5
242.7
250.9
255.1
267.5
271.2
272.7
290.6
292.4
299.1
296.6
308.1
311.1
319.5
322.7
327.8
333.9
336.7
339.5
344.0
351.4
354.2
357.9
364.8
377.7
379.5
388.6
385.2
377.2
375.2
374.2
362.1
353.9
339.8
326.0
306.7
283.1
263.4
242.8
218.8
194.4
171.6
145.0
119.0
94.08
74.17
54.37
40.02
29.48
21.45
16.08
12.46
10.56
8.783
7.169
5.779
5.010
4.639
4.434
4.432
4.500
4.574
4.676
4.699
4.653
4.530
4.420
4.340
4.263
4.203
4.153
4.105
4.076
4.039
3.987
3.935
3.902
3.844
3.817
3.766
3.719
3.672
3.844
3.977
3.875
4.009
4.642
4.789
4.471
4.286
4.064
3.958
3.950
3.962
3.988
4.021
4.036
4.065
4.095
4.126
4.154
4.185
4.205
4.235
4.304
4.360
4.543
5.708
7.248
7.110
9.729
12.76
19.05
13.57
10.10
12.46
12.26
11.76
11.89
12.10
12.16
11.35
10.90
10.25
10.38
10.95
11.24
11.11
11.47
11.76
12.22
13.09
13.64
14.38
16.42
17.71
17.25
16.56
17.93
17.79
17.34
18.82
20.13
20.86
21.21
22.19
22.78
23.27
23.61
121.3
120.6
121.9
122.6
123.6
125.6
126.0
128.6
129.3
131.6
133.2
137.4
139.5
144.0
146.0
151.0
154.6
159.3
163.4
165.6
168.0
171.5
175.4
181.7
187.2
192.2
197.4
204.8
210.9
218.1
225.3
230.4
237.2
246.4
250.8
256.1
267.8
267.9
273.1
288.5
286.7
290.3
302.5
307.3
311.7
317.0
322.8
330.0
338.2
340.3
350.1
358.5
367.1
378.1
384.0
401.2
419.8
427.0
432.3
437.2
438.6
437.0
439.1
428.8
425.3
412.1
396.1
378.2
360.1
332.1
301.7
279.1
248.3
214.1
179.8
145.7
116.7
93.02
68.61
49.82
35.74
26.45
20.06
14.99
12.37
10.01
8.033
6.154
5.348
4.865
4.636
4.621
4.689
4.773
4.878
4.888
4.826
4.702
4.598
4.499
4.418
4.363
4.333
4.315
4.266
4.196
4.129
4.073
4.026
3.999
3.965
3.923
3.888
4.065
4.199
4.249
4.208
4.181
4.133
3.977
3.920
4.152
4.196
4.056
4.055
4.072
4.096
4.111
4.148
4.175
4.211
4.236
4.279
4.294
4.307
4.336
4.405
4.475
4.606
5.541
9.102
9.606
9.795
12.39
11.30
11.39
12.10
11.18
11.72
11.75
10.97
10.80
10.78
11.13
11.35
11.10
11.16
10.68
10.72
10.66
10.93
11.65
12.04
12.06
12.71
13.35
14.69
16.14
18.82
17.30
16.06
17.62
17.06
17.66
18.81
20.65
21.00
21.70
22.15
23.10
23.58
120.7
121.1
120.9
122.4
124.3
126.0
126.1
128.5
129.8
132.6
134.4
138.4
139.4
143.3
149.2
152.3
156.7
159.9
163.8
168.0
169.6
173.2
178.3
181.3
186.9
192.4
195.3
203.4
209.9
216.7
224.1
232.4
235.9
247.1
257.1
257.7
259.2
263.4
273.2
278.3
287.4
293.2
296.8
307.2
307.9
318.2
321.8
332.9
344.7
357.1
371.7
385.8
398.3
406.5
423.4
442.8
465.7
484.0
495.4
496.5
502.9
504.8
502.5
500.3
491.4
484.8
458.0
446.8
427.5
397.9
366.3
331.0
290.4
255.3
212.4
174.9
137.5
103.4
78.14
55.47
40.17
29.98
22.66
17.88
14.77
11.95
9.364
7.121
5.728
5.197
4.843
4.803
4.846
4.929
5.029
5.073
5.045
4.913
4.786
4.672
4.596
4.534
4.504
4.437
4.382
4.328
4.271
4.207
4.161
4.102
4.070
4.037
4.083
4.177
4.256
4.332
4.329
4.978
5.330
4.770
4.175
4.011
4.061
4.173
4.192
4.234
4.215
4.226
4.271
4.290
4.326
4.362
4.395
4.409
4.432
4.444
4.508
4.569
4.671
5.171
6.965
9.816
14.03
11.09
10.25
13.76
13.00
9.589
9.738
10.20
10.83
10.97
10.03
10.52
10.61
10.50
10.40
10.46
10.91
10.81
11.37
11.66
12.01
12.55
13.17
13.64
14.33
15.77
16.77
17.63
16.37
16.04
16.88
17.50
18.33
19.10
20.80
21.36
22.03
22.53
23.61
121.7
121.2
121.2
123.6
124.8
126.5
126.9
130.0
131.7
134.2
136.0
138.8
142.1
146.0
150.2
154.5
158.5
164.8
166.9
169.7
172.0
174.3
179.0
182.5
186.6
193.8
199.6
206.5
211.6
218.7
224.5
232.1
237.9
246.9
252.2
254.9
266.8
275.2
283.8
285.2
293.7
305.9
308.9
318.1
336.6
346.7
361.3
371.1
386.5
399.1
411.3
428.2
444.8
460.8
481.9
502.3
518.5
538.4
544.6
558.4
566.0
565.0
564.7
553.6
542.3
534.9
517.8
492.0
459.4
432.6
400.5
356.5
316.0
274.9
222.5
181.1
141.2
107.5
82.30
63.82
45.45
31.78
24.65
19.77
15.77
12.48
9.593
7.183
5.884
5.329
4.993
4.936
4.996
5.082
5.189
5.223
5.143
5.027
4.901
4.781
4.705
4.625
4.579
4.529
4.483
4.439
4.375
4.302
4.248
4.192
4.130
4.070
4.017
3.965
3.989
4.335
4.418
4.448
4.872
4.909
5.096
4.722
4.371
4.370
4.302
4.307
4.315
4.357
4.389
4.404
4.430
4.463
4.507
4.520
4.531
4.549
4.608
4.691
4.844
6.505
7.023
7.729
10.03
13.07
14.91
11.78
12.55
14.34
12.56
11.75
12.13
12.42
12.36
11.41
11.20
11.40
11.42
11.39
11.74
11.77
11.88
11.69
12.21
12.95
13.44
14.44
15.17
15.83
16.82
15.55
16.02
15.90
15.77
17.50
18.22
19.05
19.49
20.60
21.93
22.44
22.99
121.2
121.6
120.8
123.6
124.1
126.4
127.5
129.8
132.2
134.5
136.3
139.7
143.8
147.6
151.3
155.0
158.9
163.6
167.3
170.1
173.0
175.2
178.3
182.0
187.3
193.3
199.5
206.0
212.7
217.6
224.5
231.3
235.9
243.9
251.6
266.9
263.1
265.0
279.0
285.4
312.6
304.4
313.8
331.5
347.5
361.4
374.4
391.7
409.9
421.1
437.4
454.4
470.2
488.6
505.0
518.5
531.9
547.6
563.8
566.8
572.6
575.1
564.3
559.4
564.0
548.7
526.6
498.3
471.1
440.2
399.8
365.3
328.1
277.9
233.6
194.0
154.3
114.8
82.85
63.46
46.76
34.81
27.03
21.51
17.58
14.22
10.62
8.058
6.206
5.550
5.126
5.056
5.099
5.181
5.300
5.356
5.305
5.166
5.040
4.926
4.832
4.761
4.724
4.672
4.628
4.562
4.505
4.432
4.375
4.351
4.314
4.260
4.196
4.339
4.442
4.553
4.517
4.421
4.386
4.330
4.261
4.360
4.598
4.538
4.457
4.414
4.436
4.454
4.492
4.531
4.565
4.613
4.639
4.638
4.655
4.665
4.720
4.803
4.938
5.640
8.367
10.19
9.954
11.61
11.00
10.71
11.92
11.92
13.55
14.31
12.84
12.40
12.59
12.99
12.38
12.62
11.69
11.51
11.70
11.90
12.09
12.40
12.59
12.43
12.89
13.41
14.25
15.36
16.61
17.53
15.46
15.46
15.45
16.02
17.45
18.94
19.51
20.20
20.90
22.26
23.03
121.8
121.7
121.2
124.0
124.7
126.8
129.6
130.8
132.7
135.2
138.2
140.7
145.5
149.2
152.9
156.6
159.9
164.2
168.3
170.7
173.8
176.7
179.8
183.7
188.8
194.2
200.3
206.7
211.1
218.4
226.6
231.6
240.7
247.2
255.6
265.8
264.4
270.3
280.6
294.1
307.1
318.9
333.2
344.2
358.6
375.0
385.9
398.5
419.8
436.3
452.6
469.5
478.8
486.6
497.3
510.2
528.7
539.8
549.8
550.7
557.0
562.7
557.1
556.9
551.4
536.6
514.9
494.1
464.7
428.0
395.4
359.6
314.4
265.8
218.0
176.1
136.3
102.3
81.07
64.23
47.43
35.07
28.23
23.09
19.13
15.34
11.25
8.254
6.400
5.625
5.196
5.138
5.190
5.269
5.391
5.469
5.414
5.285
5.149
5.017
4.929
4.872
4.828
4.789
4.742
4.677
4.611
4.524
4.464
4.399
4.363
4.300
4.294
4.490
4.608
4.637
4.804
5.043
5.604
5.642
4.711
4.421
4.661
4.543
4.537
4.494
4.510
4.547
4.600
4.635
4.666
4.713
4.750
4.756
4.762
4.778
4.843
4.926
5.039
5.539
7.637
9.541
13.60
13.24
11.61
14.75
12.85
10.74
11.63
12.95
13.75
13.46
12.72
12.75
12.55
12.25
11.84
11.92
11.70
12.28
12.76
13.23
13.53
13.88
14.11
14.29
14.65
15.84
16.06
15.95
16.18
15.87
15.48
16.06
16.92
17.88
19.46
20.20
20.83
21.47
22.70
121.7
121.8
121.3
123.5
124.1
126.7
129.3
130.6
133.9
136.6
139.1
142.1
145.1
148.8
152.6
156.1
159.8
163.7
168.3
171.4
173.7
175.8
179.4
183.5
187.7
194.8
201.1
204.8
211.8
219.9
225.5
231.3
237.7
243.9
254.2
266.2
274.1
282.1
292.4
315.6
345.9
336.2
350.8
368.5
391.8
401.9
416.6
434.1
449.4
460.6
469.3
480.9
489.9
499.6
508.9
516.8
533.9
547.2
558.8
564.5
570.4
578.1
579.2
567.9
559.1
553.1
536.3
515.7
474.5
445.2
409.5
354.8
312.2
265.6
216.2
176.7
137.2
97.90
77.51
59.47
45.76
36.74
30.01
25.04
20.85
16.94
12.44
9.124
6.686
5.802
5.268
5.152
5.217
5.319
5.430
5.520
5.497
5.356
5.248
5.105
5.011
4.927
4.867
4.823
4.791
4.737
4.674
4.596
4.517
4.467
4.419
4.376
4.301
4.245
4.219
4.430
5.132
5.396
5.424
5.117
4.895
4.644
4.510
4.517
4.550
4.570
4.591
4.624
4.680
4.721
4.763
4.804
4.847
4.856
4.872
4.886
4.942
5.039
5.239
5.905
7.477
8.820
11.68
12.29
15.63
17.34
16.07
17.63
16.05
14.42
15.07
14.76
14.64
13.47
13.10
12.62
12.66
12.62
12.80
13.57
13.83
14.15
14.61
15.20
15.67
16.06
16.14
16.17
16.85
17.11
16.55
15.24
14.59
15.79
16.82
17.65
18.34
19.93
20.77
21.41
22.33
121.9
121.9
122.9
124.8
125.2
128.3
129.4
132.1
134.7
136.9
139.6
143.1
146.8
150.3
153.9
157.4
161.0
166.0
170.1
173.3
174.2
177.1
179.4
185.3
189.2
195.6
201.3
208.7
215.1
222.8
229.1
232.5
241.0
249.3
262.4
275.0
283.2
289.8
300.7
326.5
346.1
361.3
365.7
379.0
399.7
414.0
425.8
441.1
452.2
463.7
468.6
475.0
485.3
492.9
500.2
514.8
530.1
541.3
548.4
552.1
549.7
550.5
549.8
540.4
530.3
518.3
497.4
473.1
448.8
402.3
351.1
312.8
268.7
214.1
168.0
133.8
102.4
82.96
66.53
54.18
41.87
32.90
27.44
23.39
19.90
16.27
11.84
8.746
6.675
5.745
5.230
5.167
5.218
5.317
5.490
5.622
5.561
5.422
5.303
5.168
5.083
4.995
4.980
4.944
4.918
4.835
4.741
4.646
4.595
4.549
4.525
4.482
4.459
4.633
4.808
4.805
4.740
4.744
4.997
5.075
4.571
4.507
4.823
4.993
4.890
4.705
4.687
4.721
4.789
4.817
4.863
4.916
4.951
4.957
4.975
4.991
5.078
5.191
5.402
5.956
8.756
12.13
13.46
14.97
15.63
15.30
16.04
18.58
18.43
18.56
15.40
14.85
15.31
15.22
14.13
14.40
13.51
13.32
13.28
13.28
13.15
13.76
14.13
14.46
14.69
15.03
15.89
16.57
18.21
18.73
14.50
14.42
14.71
15.31
16.16
17.89
18.52
19.54
20.18
21.38
22.40
121.6
122.0
122.4
124.0
125.3
127.7
129.7
131.6
134.2
137.2
140.9
143.6
146.6
149.9
153.6
157.8
162.4
166.7
169.9
172.9
176.2
176.6
180.2
183.7
190.1
196.0
201.7
207.6
214.7
221.4
227.2
235.8
245.0
250.5
263.8
279.7
284.3
299.0
318.5
332.9
353.9
368.0
382.3
395.5
406.3
421.1
431.4
438.9
448.8
461.1
468.9
478.9
493.2
491.5
498.9
514.5
528.5
541.2
545.9
542.0
538.5
535.6
526.0
516.1
505.2
485.2
465.0
430.8
394.5
346.9
303.2
261.9
214.1
177.8
141.6
105.5
83.50
67.21
52.90
43.40
35.98
30.53
26.24
22.50
19.79
16.71
12.49
8.862
6.769
5.747
5.195
5.108
5.164
5.281
5.421
5.571
5.543
5.410
5.302
5.197
5.081
5.003
4.976
4.987
4.957
4.874
4.780
4.693
4.622
4.605
4.586
4.516
4.474
4.645
4.906
4.748
4.754
4.866
4.845
4.687
4.597
4.678
4.659
4.799
4.920
4.802
4.788
4.822
4.852
4.902
4.957
5.007
5.038
5.050
5.073
5.115
5.169
5.301
5.466
5.981
8.249
12.06
17.88
20.26
20.44
18.71
17.15
15.42
17.82
17.42
17.38
17.33
15.15
14.50
14.64
14.93
14.70
14.62
13.71
14.26
14.95
15.08
15.24
15.53
15.53
15.62
15.89
17.21
18.01
15.59
15.51
14.44
14.74
15.32
16.06
17.20
18.62
19.63
20.38
21.12
22.46
121.9
122.3
123.2
124.8
125.9
128.0
129.8
132.1
134.9
137.8
141.6
145.0
148.2
151.6
155.0
158.4
163.2
167.6
171.7
174.8
177.2
178.8
181.2
186.0
190.8
195.3
201.6
207.1
215.2
222.9
231.8
240.2
252.4
259.1
271.6
289.9
302.8
312.7
331.2
354.4
429.7
384.9
393.6
413.5
431.7
441.6
457.3
465.5
477.8
483.2
490.8
500.1
506.1
518.2
530.6
545.6
556.7
569.1
576.4
571.6
561.3
556.1
539.9
517.6
497.2
467.8
432.2
384.6
333.5
290.0
242.2
189.0
152.3
122.1
99.44
82.19
68.69
58.36
48.11
39.74
33.68
29.45
25.36
21.43
18.68
15.74
11.39
8.280
6.495
5.528
5.087
5.050
5.145
5.264
5.416
5.565
5.538
5.419
5.304
5.195
5.078
4.991
4.949
4.935
4.930
4.879
4.789
4.716
4.653
4.587
4.528
4.480
4.449
4.407
4.372
4.404
4.494
5.139
6.346
5.893
5.423
4.933
4.694
4.748
4.777
4.799
4.828
4.894
4.935
4.968
5.013
5.075
5.118
5.138
5.180
5.210
5.280
5.423
5.826
6.786
9.926
13.72
15.51
16.09
21.19
24.93
25.92
23.81
18.15
17.61
19.21
19.78
18.75
16.43
14.97
14.48
14.56
14.79
15.24
15.82
15.83
16.27
16.43
16.98
17.26
17.71
17.94
16.83
16.18
17.57
17.32
14.80
14.79
15.50
16.69
17.51
18.04
19.19
20.45
21.29
22.45
121.6
121.9
122.9
124.5
125.7
128.4
129.3
133.1
136.2
138.5
141.5
145.3
148.1
151.1
155.6
158.8
163.9
168.5
171.9
174.9
177.9
178.2
183.0
187.3
191.1
197.0
202.2
208.3
215.3
220.7
231.1
240.4
250.4
263.6
276.0
293.5
311.1
321.1
341.6
345.9
373.1
386.7
398.9
411.3
423.9
434.0
446.7
457.4
463.9
474.3
485.0
497.9
502.8
512.1
526.2
538.3
548.9
557.4
560.5
561.1
553.6
539.5
522.7
499.4
465.5
421.9
374.9
323.9
275.1
228.4
190.2
151.9
114.3
96.40
83.84
70.77
59.49
50.56
42.96
36.27
31.91
28.13
24.67
21.14
18.42
15.82
12.00
8.301
6.527
5.541
5.058
5.002
5.079
5.198
5.384
5.564
5.555
5.431
5.329
5.224
5.118
5.025
4.986
5.006
4.993
4.941
4.853
4.777
4.695
4.669
4.661
4.593
4.546
4.636
5.059
4.921
4.840
4.874
4.896
4.783
4.660
4.689
4.743
4.855
4.994
4.993
4.910
4.937
4.995
5.042
5.104
5.154
5.212
5.227
5.259
5.309
5.391
5.549
5.783
7.088
9.315
13.94
18.64
21.59
21.01
20.78
20.67
22.90
24.39
22.59
20.54
18.21
18.86
18.46
17.81
17.36
16.26
15.65
15.41
15.42
15.25
15.58
15.73
15.93
16.20
16.12
16.42
16.92
18.27
19.37
14.63
14.35
14.98
15.28
16.20
17.85
18.74
19.69
20.01
21.21
22.47
121.9
122.2
123.4
124.8
126.8
128.3
131.0
133.8
135.8
139.4
142.3
145.3
149.1
152.8
156.6
160.8
165.9
168.7
173.9
177.2
178.3
181.9
183.6
188.4
192.3
197.5
204.1
210.1
216.4
224.6
232.3
244.5
254.7
265.9
282.6
301.5
310.8
325.1
339.3
360.8
376.5
391.0
403.4
408.6
422.0
430.8
441.2
446.2
458.4
469.1
480.8
493.2
506.0
513.4
524.8
535.1
551.8
566.3
562.3
551.6
545.0
531.3
506.5
482.1
443.7
390.9
336.6
288.4
239.4
184.5
145.7
120.3
105.1
91.86
79.89
70.38
60.92
51.62
42.68
36.29
31.60
27.49
23.75
20.04
17.37
14.74
10.80
7.769
6.254
5.396
4.991
4.968
5.054
5.175
5.353
5.536
5.516
5.382
5.263
5.183
5.091
4.999
4.989
4.976
4.964
4.905
4.841
4.772
4.715
4.679
4.644
4.615
4.582
4.804
4.995
5.133
5.137
5.145
5.242
5.196
4.889
4.771
4.815
5.284
5.223
5.052
4.962
4.989
5.046
5.109
5.153
5.233
5.290
5.305
5.338
5.381
5.474
5.652
5.931
6.846
10.58
16.62
18.89
26.01
27.57
20.84
21.61
24.20
25.27
24.66
22.64
20.63
18.16
17.92
18.00
18.01
17.45
17.88
16.26
16.44
16.77
16.75
16.40
16.54
16.56
16.81
17.52
19.02
18.47
15.17
15.17
14.53
14.87
15.70
16.46
17.54
18.82
19.93
20.77
21.36
22.45
121.8
121.9
123.3
124.5
126.4
128.4
131.2
133.1
135.1
139.1
142.1
144.4
149.2
152.6
156.0
159.1
164.6
169.4
172.5
176.7
178.9
180.5
183.6
188.3
191.9
195.8
201.4
210.6
214.8
222.2
232.7
244.4
255.5
269.0
281.7
296.6
316.5
324.7
340.2
359.0
386.7
389.6
408.6
412.7
426.5
438.7
449.3
460.3
471.9
482.7
492.8
500.1
510.2
523.2
536.5
549.2
559.3
568.1
572.6
567.8
561.2
547.2
524.6
483.7
438.0
389.6
334.7
278.9
224.9
189.8
154.8
120.1
109.1
96.45
85.19
78.62
67.67
55.86
46.57
39.58
33.80
29.16
24.70
20.32
17.32
14.81
11.38
7.850
6.484
5.494
4.989
4.940
5.017
5.156
5.321
5.513
5.536
5.393
5.286
5.214
5.109
5.021
4.963
4.936
4.943
4.921
4.868
4.788
4.727
4.659
4.616
4.584
4.533
4.494
4.488
4.568
5.028
5.893
6.427
6.057
5.470
5.028
4.822
4.884
4.944
4.973
5.001
5.056
5.086
5.147
5.216
5.279
5.345
5.366
5.404
5.459
5.547
5.758
6.198
8.030
10.22
14.90
20.08
23.28
23.64
36.67
37.80
32.64
26.13
23.32
22.76
22.87
21.41
19.51
18.52
18.09
18.26
18.54
18.50
17.85
18.28
18.55
18.67
18.69
18.45
18.37
17.57
16.36
15.93
17.15
17.56
14.89
15.20
16.03
17.04
17.68
18.38
19.44
20.73
21.72
23.05
122.2
122.3
123.2
124.7
127.1
129.9
131.8
133.9
136.1
139.3
141.7
145.7
149.2
152.8
156.4
161.1
165.5
170.9
173.8
177.2
179.7
183.9
186.0
189.4
193.1
197.8
202.5
210.1
217.8
225.7
236.8
246.2
258.2
273.6
286.5
302.7
316.2
326.4
345.2
354.8
373.9
384.9
397.7
400.8
412.1
425.3
433.1
442.1
450.9
460.8
471.0
482.4
495.3
504.7
510.2
521.8
535.6
543.7
540.4
536.7
519.1
508.2
478.9
443.1
399.2
347.8
297.9
246.7
204.8
157.6
124.5
109.2
98.26
89.35
79.62
71.09
62.57
53.46
44.86
38.00
32.78
28.63
24.43
20.73
18.08
15.37
11.55
7.971
6.490
5.466
4.966
4.944
5.035
5.161
5.352
5.544
5.537
5.410
5.295
5.227
5.124
5.034
5.013
5.011
5.001
4.980
4.903
4.815
4.739
4.723
4.727
4.679
4.628
4.854
5.088
4.978
4.955
5.031
5.057
5.154
5.419
5.333
5.162
5.270
5.315
5.131
5.068
5.102
5.136
5.195
5.254
5.327
5.394
5.427
5.466
5.520
5.606
5.882
6.874
8.935
12.28
15.65
24.19
30.86
30.81
31.49
29.54
29.82
27.23
25.69
25.13
23.91
24.00
22.71
22.69
21.57
21.11
19.71
19.42
18.39
17.96
17.52
17.42
17.10
16.89
17.14
16.94
17.07
17.87
17.59
14.89
14.97
15.40
16.05
16.99
18.11
18.74
19.96
20.40
21.59
22.81
121.9
121.6
123.0
123.5
126.6
128.7
131.1
132.9
137.1
138.4
141.5
143.8
148.4
151.5
155.0
160.2
165.3
170.5
175.8
177.9
179.5
182.0
186.2
190.0
194.5
199.1
203.5
208.9
217.2
227.0
235.6
247.4
259.4
272.7
287.1
301.8
312.4
324.4
345.2
355.5
371.8
383.2
384.6
398.1
406.6
416.5
426.9
435.6
446.5
457.0
465.8
478.6
489.9
495.9
501.1
508.8
519.7
530.0
531.2
520.5
507.5
493.6
469.5
437.4
394.1
347.1
295.8
252.4
209.0
177.0
145.0
113.6
104.4
92.42
83.28
77.57
69.42
59.79
49.77
41.72
35.73
31.13
26.72
22.23
19.53
16.50
12.60
8.495
6.775
5.586
4.978
4.927
5.016
5.147
5.327
5.519
5.552
5.424
5.321
5.249
5.127
5.032
5.009
5.006
5.002
4.997
4.934
4.832
4.763
4.739
4.725
4.669
4.634
4.775
5.057
5.019
4.943
5.125
5.294
5.287
5.158
5.056
5.215
5.382
5.285
5.204
5.087
5.131
5.177
5.211
5.273
5.347
5.418
5.452
5.489
5.548
5.648
5.845
6.911
9.981
12.97
17.90
25.62
27.10
30.69
30.59
27.46
27.15
30.51
29.68
27.90
26.54
24.90
23.20
22.98
21.98
21.88
20.47
20.53
20.00
20.01
19.54
18.75
18.48
17.87
17.84
17.85
17.83
17.94
16.64
15.28
15.11
15.38
16.08
16.91
17.85
18.71
20.15
20.54
21.36
22.61
122.0
122.4
122.8
123.1
126.8
127.8
131.4
134.1
136.0
137.7
141.5
144.5
148.9
153.4
157.8
160.2
166.0
172.4
175.7
178.2
180.5
181.5
184.2
189.6
194.1
200.0
207.2
210.9
220.9
230.4
236.1
249.2
263.3
273.1
286.0
303.2
321.1
333.8
341.8
365.9
373.7
413.1
408.9
408.6
416.3
428.1
437.9
447.3
457.9
468.8
475.2
479.5
489.4
503.9
514.4
523.1
529.7
540.6
540.1
541.1
527.8
513.6
490.5
450.5
397.4
347.2
301.3
259.1
207.7
164.4
135.0
117.7
109.6
97.39
89.08
81.32
72.18
63.02
51.98
43.78
37.20
32.49
26.58
21.70
19.00
15.81
11.79
8.054
6.664
5.431
4.963
4.941
5.018
5.168
5.377
5.562
5.522
5.411
5.312
5.232
5.133
5.038
4.988
4.959
4.964
4.964
4.899
4.837
4.755
4.686
4.655
4.615
4.571
4.550
4.552
4.738
5.303
5.842
6.679
6.070
5.399
4.976
4.900
4.979
5.018
5.044
5.100
5.133
5.171
5.217
5.298
5.383
5.422
5.445
5.512
5.563
5.656
6.055
7.741
9.097
11.84
19.64
27.54
25.32
27.30
26.52
34.39
36.20
32.20
33.30
30.05
28.64
25.66
23.52
22.25
21.65
22.29
22.69
22.73
22.26
22.64
21.41
20.23
19.51
19.51
18.82
18.25
16.93
16.76
17.22
16.93
15.22
15.72
16.77
17.22
18.06
18.57
19.75
20.71
21.67
22.91
121.9
121.6
123.0
123.5
126.6
128.7
131.1
132.9
137.1
138.4
141.5
143.8
148.4
151.5
155.0
160.2
165.3
170.5
175.8
177.9
179.5
182.0
186.2
190.0
194.5
199.1
203.5
208.9
217.2
227.0
235.6
247.4
259.4
272.7
287.1
301.8
312.4
324.4
345.2
355.5
371.8
383.2
384.6
398.1
406.6
416.5
426.9
435.6
446.5
457.0
465.8
478.6
489.9
495.9
501.1
508.8
519.7
530.0
531.2
520.5
507.5
493.6
469.5
437.4
394.1
347.1
295.8
252.4
209.0
177.0
145.0
113.6
104.4
92.42
83.28
77.57
69.42
59.79
49.77
41.72
35.73
31.13
26.72
22.23
19.53
16.50
12.60
8.495
6.775
5.586
4.978
4.927
5.016
5.147
5.327
5.519
5.552
5.424
5.321
5.249
5.127
5.032
5.009
5.006
5.002
4.997
4.934
4.832
4.763
4.739
4.725
4.669
4.634
4.775
5.057
5.019
4.943
5.125
5.294
5.287
5.158
5.056
5.215
5.382
5.285
5.204
5.087
5.131
5.177
5.211
5.273
5.347
5.418
5.452
5.489
5.548
5.648
5.845
6.911
9.981
12.97
17.90
25.62
27.10
30.69
30.59
27.46
27.15
30.51
29.68
27.90
26.54
24.90
23.20
22.98
21.98
21.88
20.47
20.53
20.00
20.01
19.54
18.75
18.48
17.87
17.84
17.85
17.83
17.94
16.64
15.28
15.11
15.38
16.08
16.91
17.85
18.71
20.15
20.54
21.36
22.61
122.2
122.3
123.2
124.7
127.1
129.9
131.8
133.9
136.1
139.3
141.7
145.7
149.2
152.8
156.4
161.1
165.5
170.9
173.8
177.2
179.7
183.9
186.0
189.4
193.1
197.8
202.5
210.1
217.8
225.7
236.8
246.2
258.2
273.6
286.5
302.7
316.2
326.4
345.2
354.8
373.9
384.9
397.7
400.8
412.1
425.3
433.1
442.1
450.9
460.8
471.0
482.4
495.3
504.7
510.2
521.8
535.6
543.7
540.4
536.7
519.1
508.2
478.9
443.1
399.2
347.8
297.9
246.7
204.8
157.6
124.5
109.2
98.26
89.35
79.62
71.09
62.57
53.46
44.86
38.00
32.78
28.63
24.43
20.73
18.08
15.37
11.55
7.971
6.490
5.466
4.966
4.944
5.035
5.161
5.352
5.544
5.537
5.410
5.295
5.227
5.124
5.034
5.013
5.011
5.001
4.980
4.903
4.815
4.739
4.723
4.727
4.679
4.628
4.854
5.088
4.978
4.955
5.031
5.057
5.154
5.419
5.333
5.162
5.270
5.315
5.131
5.068
5.102
5.136
5.195
5.254
5.327
5.394
5.427
5.466
5.520
5.606
5.882
6.874
8.935
12.28
15.65
24.19
30.86
30.81
31.49
29.54
29.82
27.23
25.69
25.13
23.91
24.00
22.71
22.69
21.57
21.11
19.71
19.42
18.39
17.96
17.52
17.42
17.10
16.89
17.14
16.94
17.07
17.87
17.59
14.89
14.97
15.40
16.05
16.99
18.11
18.74
19.96
20.40
21.59
22.81
121.8
121.9
123.3
124.5
126.4
128.4
131.2
133.1
135.1
139.1
142.1
144.4
149.2
152.6
156.0
159.1
164.6
169.4
172.5
176.7
178.9
180.5
183.6
188.3
191.9
195.8
201.4
210.6
214.8
222.2
232.7
244.4
255.5
269.0
281.7
296.6
316.5
324.7
340.2
359.0
386.7
389.6
408.6
412.7
426.5
438.7
449.3
460.3
471.9
482.7
492.8
500.1
510.2
523.2
536.5
549.2
559.3
568.1
572.6
567.8
561.2
547.2
524.6
483.7
438.0
389.6
334.7
278.9
224.9
189.8
154.8
120.1
109.1
96.45
85.19
78.62
67.67
55.86
46.57
39.58
33.80
29.16
24.70
20.32
17.32
14.81
11.38
7.850
6.484
5.494
4.989
4.940
5.017
5.156
5.321
5.513
5.536
5.393
5.286
5.214
5.109
5.021
4.963
4.936
4.943
4.921
4.868
4.788
4.727
4.659
4.616
4.584
4.533
4.494
4.488
4.568
5.028
5.893
6.427
6.057
5.470
5.028
4.822
4.884
4.944
4.973
5.001
5.056
5.086
5.147
5.216
5.279
5.345
5.366
5.404
5.459
5.547
5.758
6.198
8.030
10.22
14.90
20.08
23.28
23.64
36.67
37.80
32.64
26.13
23.32
22.76
22.87
21.41
19.51
18.52
18.09
18.26
18.54
18.50
17.85
18.28
18.55
18.67
18.69
18.45
18.37
17.57
16.36
15.93
17.15
17.56
14.89
15.20
16.03
17.04
17.68
18.38
19.44
20.73
21.72
23.05
121.9
122.2
123.4
124.8
126.8
128.3
131.0
133.8
135.8
139.4
142.3
145.3
149.1
152.8
156.6
160.8
165.9
168.7
173.9
177.2
178.3
181.9
183.6
188.4
192.3
197.5
204.1
210.1
216.4
224.6
232.3
244.5
254.7
265.9
282.6
301.5
310.8
325.1
339.3
360.8
376.5
391.0
403.4
408.6
422.0
430.8
441.2
446.2
458.4
469.1
480.8
493.2
506.0
513.4
524.8
535.1
551.8
566.3
562.3
551.6
545.0
531.3
506.5
482.1
443.7
390.9
336.6
288.4
239.4
184.5
145.7
120.3
105.1
91.86
79.89
70.38
60.92
51.62
42.68
36.29
31.60
27.49
23.75
20.04
17.37
14.74
10.80
7.769
6.254
5.396
4.991
4.968
5.054
5.175
5.353
5.536
5.516
5.382
5.263
5.183
5.091
4.999
4.989
4.976
4.964
4.905
4.841
4.772
4.715
4.679
4.644
4.615
4.582
4.804
4.995
5.133
5.137
5.145
5.242
5.196
4.889
4.771
4.815
5.284
5.223
5.052
4.962
4.989
5.046
5.109
5.153
5.233
5.290
5.305
5.338
5.381
5.474
5.652
5.931
6.846
10.58
16.62
18.89
26.01
27.57
20.84
21.61
24.20
25.27
24.66
22.64
20.63
18.16
17.92
18.00
18.01
17.45
17.88
16.26
16.44
16.77
16.75
16.40
16.54
16.56
16.81
17.52
19.02
18.47
15.17
15.17
14.53
14.87
15.70
16.46
17.54
18.82
19.93
20.77
21.36
22.45
121.6
121.9
122.9
124.5
125.7
128.4
129.3
133.1
136.2
138.5
141.5
145.3
148.1
151.1
155.6
158.8
163.9
168.5
171.9
174.9
177.9
178.2
183.0
187.3
191.1
197.0
202.2
208.3
215.3
220.7
231.1
240.4
250.4
263.6
276.0
293.5
311.1
321.1
341.6
345.9
373.1
386.7
398.9
411.3
423.9
434.0
446.7
457.4
463.9
474.3
485.0
497.9
502.8
512.1
526.2
538.3
548.9
557.4
560.5
561.1
553.6
539.5
522.7
499.4
465.5
421.9
374.9
323.9
275.1
228.4
190.2
151.9
114.3
96.40
83.84
70.77
59.49
50.56
42.96
36.27
31.91
28.13
24.67
21.14
18.42
15.82
12.00
8.301
6.527
5.541
5.058
5.002
5.079
5.198
5.384
5.564
5.555
5.431
5.329
5.224
5.118
5.025
4.986
5.006
4.993
4.941
4.853
4.777
4.695
4.669
4.661
4.593
4.546
4.636
5.059
4.921
4.840
4.874
4.896
4.783
4.660
4.689
4.743
4.855
4.994
4.993
4.910
4.937
4.995
5.042
5.104
5.154
5.212
5.227
5.259
5.309
5.391
5.549
5.783
7.088
9.315
13.94
18.64
21.59
21.01
20.78
20.67
22.90
24.39
22.59
20.54
18.21
18.86
18.46
17.81
17.36
16.26
15.65
15.41
15.42
15.25
15.58
15.73
15.93
16.20
16.12
16.42
16.92
18.27
19.37
14.63
14.35
14.98
15.28
16.20
17.85
18.74
19.69
20.01
21.21
22.47
121.9
122.3
123.2
124.8
125.9
128.0
129.8
132.1
134.9
137.8
141.6
145.0
148.2
151.6
155.0
158.4
163.2
167.6
171.7
174.8
177.2
178.8
181.2
186.0
190.8
195.3
201.6
207.1
215.2
222.9
231.8
240.2
252.4
259.1
271.6
289.9
302.8
312.7
331.2
354.4
429.7
384.9
393.6
413.5
431.7
441.6
457.3
465.5
477.8
483.2
490.8
500.1
506.1
518.2
530.6
545.6
556.7
569.1
576.4
571.6
561.3
556.1
539.9
517.6
497.2
467.8
432.2
384.6
333.5
290.0
242.2
189.0
152.3
122.1
99.44
82.19
68.69
58.36
48.11
39.74
33.68
29.45
25.36
21.43
18.68
15.74
11.39
8.280
6.495
5.528
5.087
5.050
5.145
5.264
5.416
5.565
5.538
5.419
5.304
5.195
5.078
4.991
4.949
4.935
4.930
4.879
4.789
4.716
4.653
4.587
4.528
4.480
4.449
4.407
4.372
4.404
4.494
5.139
6.346
5.893
5.423
4.933
4.694
4.748
4.777
4.799
4.828
4.894
4.935
4.968
5.013
5.075
5.118
5.138
5.180
5.210
5.280
5.423
5.826
6.786
9.926
13.72
15.51
16.09
21.19
24.93
25.92
23.81
18.15
17.61
19.21
19.78
18.75
16.43
14.97
14.48
14.56
14.79
15.24
15.82
15.83
16.27
16.43
16.98
17.26
17.71
17.94
16.83
16.18
17.57
17.32
14.80
14.79
15.50
16.69
17.51
18.04
19.19
20.45
21.29
22.45
121.6
122.0
122.4
124.0
125.3
127.7
129.7
131.6
134.2
137.2
140.9
143.6
146.6
149.9
153.6
157.8
162.4
166.7
169.9
172.9
176.2
176.6
180.2
183.7
190.1
196.0
201.7
207.6
214.7
221.4
227.2
235.8
245.0
250.5
263.8
279.7
284.3
299.0
318.5
332.9
353.9
368.0
382.3
395.5
406.3
421.1
431.4
438.9
448.8
461.1
468.9
478.9
493.2
491.5
498.9
514.5
528.5
541.2
545.9
542.0
538.5
535.6
526.0
516.1
505.2
485.2
465.0
430.8
394.5
346.9
303.2
261.9
214.1
177.8
141.6
105.5
83.50
67.21
52.90
43.40
35.98
30.53
26.24
22.50
19.79
16.71
12.49
8.862
6.769
5.747
5.195
5.108
5.164
5.281
5.421
5.571
5.543
5.410
5.302
5.197
5.081
5.003
4.976
4.987
4.957
4.874
4.780
4.693
4.622
4.605
4.586
4.516
4.474
4.645
4.906
4.748
4.754
4.866
4.845
4.687
4.597
4.678
4.659
4.799
4.920
4.802
4.788
4.822
4.852
4.902
4.957
5.007
5.038
5.050
5.073
5.115
5.169
5.301
5.466
5.981
8.249
12.06
17.88
20.26
20.44
18.71
17.15
15.42
17.82
17.42
17.38
17.33
15.15
14.50
14.64
14.93
14.70
14.62
13.71
14.26
14.95
15.08
15.24
15.53
15.53
15.62
15.89
17.21
18.01
15.59
15.51
14.44
14.74
15.32
16.06
17.20
18.62
19.63
20.38
21.12
22.46
121.9
121.9
122.9
124.8
125.2
128.3
129.4
132.1
134.7
136.9
139.6
143.1
146.8
150.3
153.9
157.4
161.0
166.0
170.1
173.3
174.2
177.1
179.4
185.3
189.2
195.6
201.3
208.7
215.1
222.8
229.1
232.5
241.0
249.3
262.4
275.0
283.2
289.8
300.7
326.5
346.1
361.3
365.7
379.0
399.7
414.0
425.8
441.1
452.2
463.7
468.6
475.0
485.3
492.9
500.2
514.8
530.1
541.3
548.4
552.1
549.7
550.5
549.8
540.4
530.3
518.3
497.4
473.1
448.8
402.3
351.1
312.8
268.7
214.1
168.0
133.8
102.4
82.96
66.53
54.18
41.87
32.90
27.44
23.39
19.90
16.27
11.84
8.746
6.675
5.745
5.230
5.167
5.218
5.317
5.490
5.622
5.561
5.422
5.303
5.168
5.083
4.995
4.980
4.944
4.918
4.835
4.741
4.646
4.595
4.549
4.525
4.482
4.459
4.633
4.808
4.805
4.740
4.744
4.997
5.075
4.571
4.507
4.823
4.993
4.890
4.705
4.687
4.721
4.789
4.817
4.863
4.916
4.951
4.957
4.975
4.991
5.078
5.191
5.402
5.956
8.756
12.13
13.46
14.97
15.63
15.30
16.04
18.58
18.43
18.56
15.40
14.85
15.31
15.22
14.13
14.40
13.51
13.32
13.28
13.28
13.15
13.76
14.13
14.46
14.69
15.03
15.89
16.57
18.21
18.73
14.50
14.42
14.71
15.31
16.16
17.89
18.52
19.54
20.18
21.38
22.40
121.7
121.8
121.3
123.5
124.1
126.7
129.3
130.6
133.9
136.6
139.1
142.1
145.1
148.8
152.6
156.1
159.8
163.7
168.3
171.4
173.7
175.8
179.4
183.5
187.7
194.8
201.1
204.8
211.8
219.9
225.5
231.3
237.7
243.9
254.2
266.2
274.1
282.1
292.4
315.6
345.9
336.2
350.8
368.5
391.8
401.9
416.6
434.1
449.4
460.6
469.3
480.9
489.9
499.6
508.9
516.8
533.9
547.2
558.8
564.5
570.4
578.1
579.2
567.9
559.1
553.1
536.3
515.7
474.5
445.2
409.5
354.8
312.2
265.6
216.2
176.7
137.2
97.90
77.51
59.47
45.76
36.74
30.01
25.04
20.85
16.94
12.44
9.124
6.686
5.802
5.268
5.152
5.217
5.319
5.430
5.520
5.497
5.356
5.248
5.105
5.011
4.927
4.867
4.823
4.791
4.737
4.674
4.596
4.517
4.467
4.419
4.376
4.301
4.245
4.219
4.430
5.132
5.396
5.424
5.117
4.895
4.644
4.510
4.517
4.550
4.570
4.591
4.624
4.680
4.721
4.763
4.804
4.847
4.856
4.872
4.886
4.942
5.039
5.239
5.905
7.477
8.820
11.68
12.29
15.63
17.34
16.07
17.63
16.05
14.42
15.07
14.76
14.64
13.47
13.10
12.62
12.66
12.62
12.80
13.57
13.83
14.15
14.61
15.20
15.67
16.06
16.14
16.17
16.85
17.11
16.55
15.24
14.59
15.79
16.82
17.65
18.34
19.93
20.77
21.41
22.33
121.8
121.7
121.2
124.0
124.7
126.8
129.6
130.8
132.7
135.2
138.2
140.7
145.5
149.2
152.9
156.6
159.9
164.2
168.3
170.7
173.8
176.7
179.8
183.7
188.8
194.2
200.3
206.7
211.1
218.4
226.6
231.6
240.7
247.2
255.6
265.8
264.4
270.3
280.6
294.1
307.1
318.9
333.2
344.2
358.6
375.0
385.9
398.5
419.8
436.3
452.6
469.5
478.8
486.6
497.3
510.2
528.7
539.8
549.8
550.7
557.0
562.7
557.1
556.9
551.4
536.6
514.9
494.1
464.7
428.0
395.4
359.6
314.4
265.8
218.0
176.1
136.3
102.3
81.07
64.23
47.43
35.07
28.23
23.09
19.13
15.34
11.25
8.254
6.400
5.625
5.196
5.138
5.190
5.269
5.391
5.469
5.414
5.285
5.149
5.017
4.929
4.872
4.828
4.789
4.742
4.677
4.611
4.524
4.464
4.399
4.363
4.300
4.294
4.490
4.608
4.637
4.804
5.043
5.604
5.642
4.711
4.421
4.661
4.543
4.537
4.494
4.510
4.547
4.600
4.635
4.666
4.713
4.750
4.756
4.762
4.778
4.843
4.926
5.039
5.539
7.637
9.541
13.60
13.24
11.61
14.75
12.85
10.74
11.63
12.95
13.75
13.46
12.72
12.75
12.55
12.25
11.84
11.92
11.70
12.28
12.76
13.23
13.53
13.88
14.11
14.29
14.65
15.84
16.06
15.95
16.18
15.87
15.48
16.06
16.92
17.88
19.46
20.20
20.83
21.47
22.70
121.2
121.6
120.8
123.6
124.1
126.4
127.5
129.8
132.2
134.5
136.3
139.7
143.8
147.6
151.3
155.0
158.9
163.6
167.3
170.1
173.0
175.2
178.3
182.0
187.3
193.3
199.5
206.0
212.7
217.6
224.5
231.3
235.9
243.9
251.6
266.9
263.1
265.0
279.0
285.4
312.6
304.4
313.8
331.5
347.5
361.4
374.4
391.7
409.9
421.1
437.4
454.4
470.2
488.6
505.0
518.5
531.9
547.6
563.8
566.8
572.6
575.1
564.3
559.4
564.0
548.7
526.6
498.3
471.1
440.2
399.8
365.3
328.1
277.9
233.6
194.0
154.3
114.8
82.85
63.46
46.76
34.81
27.03
21.51
17.58
14.22
10.62
8.058
6.206
5.550
5.126
5.056
5.099
5.181
5.300
5.356
5.305
5.166
5.040
4.926
4.832
4.761
4.724
4.672
4.628
4.562
4.505
4.432
4.375
4.351
4.314
4.260
4.196
4.339
4.442
4.553
4.517
4.421
4.386
4.330
4.261
4.360
4.598
4.538
4.457
4.414
4.436
4.454
4.492
4.531
4.565
4.613
4.639
4.638
4.655
4.665
4.720
4.803
4.938
5.640
8.367
10.19
9.954
11.61
11.00
10.71
11.92
11.92
13.55
14.31
12.84
12.40
12.59
12.99
12.38
12.62
11.69
11.51
11.70
11.90
12.09
12.40
12.59
12.43
12.89
13.41
14.25
15.36
16.61
17.53
15.46
15.46
15.45
16.02
17.45
18.94
19.51
20.20
20.90
22.26
23.03
121.7
121.2
121.2
123.6
124.8
126.5
126.9
130.0
131.7
134.2
136.0
138.8
142.1
146.0
150.2
154.5
158.5
164.8
166.9
169.7
172.0
174.3
179.0
182.5
186.6
193.8
199.6
206.5
211.6
218.7
224.5
232.1
237.9
246.9
252.2
254.9
266.8
275.2
283.8
285.2
293.7
305.9
308.9
318.1
336.6
346.7
361.3
371.1
386.5
399.1
411.3
428.2
444.8
460.8
481.9
502.3
518.5
538.4
544.6
558.4
566.0
565.0
564.7
553.6
542.3
534.9
517.8
492.0
459.4
432.6
400.5
356.5
316.0
274.9
222.5
181.1
141.2
107.5
82.30
63.82
45.45
31.78
24.65
19.77
15.77
12.48
9.593
7.183
5.884
5.329
4.993
4.936
4.996
5.082
5.189
5.223
5.143
5.027
4.901
4.781
4.705
4.625
4.579
4.529
4.483
4.439
4.375
4.302
4.248
4.192
4.130
4.070
4.017
3.965
3.989
4.335
4.418
4.448
4.872
4.909
5.096
4.722
4.371
4.370
4.302
4.307
4.315
4.357
4.389
4.404
4.430
4.463
4.507
4.520
4.531
4.549
4.608
4.691
4.844
6.505
7.023
7.729
10.03
13.07
14.91
11.78
12.55
14.34
12.56
11.75
12.13
12.42
12.36
11.41
11.20
11.40
11.42
11.39
11.74
11.77
11.88
11.69
12.21
12.95
13.44
14.44
15.17
15.83
16.82
15.55
16.02
15.90
15.77
17.50
18.22
19.05
19.49
20.60
21.93
22.44
22.99
120.7
121.1
120.9
122.4
124.3
126.0
126.1
128.5
129.8
132.6
134.4
138.4
139.4
143.3
149.2
152.3
156.7
159.9
163.8
168.0
169.6
173.2
178.3
181.3
186.9
192.4
195.3
203.4
209.9
216.7
224.1
232.4
235.9
247.1
257.1
257.7
259.2
263.4
273.2
278.3
287.4
293.2
296.8
307.2
307.9
318.2
321.8
332.9
344.7
357.1
371.7
385.8
398.3
406.5
423.4
442.8
465.7
484.0
495.4
496.5
502.9
504.8
502.5
500.3
491.4
484.8
458.0
446.8
427.5
397.9
366.3
331.0
290.4
255.3
212.4
174.9
137.5
103.4
78.14
55.47
40.17
29.98
22.66
17.88
14.77
11.95
9.364
7.121
5.728
5.197
4.843
4.803
4.846
4.929
5.029
5.073
5.045
4.913
4.786
4.672
4.596
4.534
4.504
4.437
4.382
4.328
4.271
4.207
4.161
4.102
4.070
4.037
4.083
4.177
4.256
4.332
4.329
4.978
5.330
4.770
4.175
4.011
4.061
4.173
4.192
4.234
4.215
4.226
4.271
4.290
4.326
4.362
4.395
4.409
4.432
4.444
4.508
4.569
4.671
5.171
6.965
9.816
14.03
11.09
10.25
13.76
13.00
9.589
9.738
10.20
10.83
10.97
10.03
10.52
10.61
10.50
10.40
10.46
10.91
10.81
11.37
11.66
12.01
12.55
13.17
13.64
14.33
15.77
16.77
17.63
16.37
16.04
16.88
17.50
18.33
19.10
20.80
21.36
22.03
22.53
23.61
121.3
120.6
121.9
122.6
123.6
125.6
126.0
128.6
129.3
131.6
133.2
137.4
139.5
144.0
146.0
151.0
154.6
159.3
163.4
165.6
168.0
171.5
175.4
181.7
187.2
192.2
197.4
204.8
210.9
218.1
225.3
230.4
237.2
246.4
250.8
256.1
267.8
267.9
273.1
288.5
286.7
290.3
302.5
307.3
311.7
317.0
322.8
330.0
338.2
340.3
350.1
358.5
367.1
378.1
384.0
401.2
419.8
427.0
432.3
437.2
438.6
437.0
439.1
428.8
425.3
412.1
396.1
378.2
360.1
332.1
301.7
279.1
248.3
214.1
179.8
145.7
116.7
93.02
68.61
49.82
35.74
26.45
20.06
14.99
12.37
10.01
8.033
6.154
5.348
4.865
4.636
4.621
4.689
4.773
4.878
4.888
4.826
4.702
4.598
4.499
4.418
4.363
4.333
4.315
4.266
4.196
4.129
4.073
4.026
3.999
3.965
3.923
3.888
4.065
4.199
4.249
4.208
4.181
4.133
3.977
3.920
4.152
4.196
4.056
4.055
4.072
4.096
4.111
4.148
4.175
4.211
4.236
4.279
4.294
4.307
4.336
4.405
4.475
4.606
5.541
9.102
9.606
9.795
12.39
11.30
11.39
12.10
11.18
11.72
11.75
10.97
10.80
10.78
11.13
11.35
11.10
11.16
10.68
10.72
10.66
10.93
11.65
12.04
12.06
12.71
13.35
14.69
16.14
18.82
17.30
16.06
17.62
17.06
17.66
18.81
20.65
21.00
21.70
22.15
23.10
23.58
120.9
121.3
121.9
122.3
122.7
124.3
125.6
127.5
130.0
130.4
132.8
136.2
138.3
143.3
145.5
148.0
152.2
155.8
160.1
164.3
164.3
167.9
172.6
179.2
183.7
190.4
195.6
203.3
209.6
216.5
222.6
229.5
236.5
242.7
250.9
255.1
267.5
271.2
272.7
290.6
292.4
299.1
296.6
308.1
311.1
319.5
322.7
327.8
333.9
336.7
339.5
344.0
351.4
354.2
357.9
364.8
377.7
379.5
388.6
385.2
377.2
375.2
374.2
362.1
353.9
339.8
326.0
306.7
283.1
263.4
242.8
218.8
194.4
171.6
145.0
119.0
94.08
74.17
54.37
40.02
29.48
21.45
16.08
12.46
10.56
8.783
7.169
5.779
5.010
4.639
4.434
4.432
4.500
4.574
4.676
4.699
4.653
4.530
4.420
4.340
4.263
4.203
4.153
4.105
4.076
4.039
3.987
3.935
3.902
3.844
3.817
3.766
3.719
3.672
3.844
3.977
3.875
4.009
4.642
4.789
4.471
4.286
4.064
3.958
3.950
3.962
3.988
4.021
4.036
4.065
4.095
4.126
4.154
4.185
4.205
4.235
4.304
4.360
4.543
5.708
7.248
7.110
9.729
12.76
19.05
13.57
10.10
12.46
12.26
11.76
11.89
12.10
12.16
11.35
10.90
10.25
10.38
10.95
11.24
11.11
11.47
11.76
12.22
13.09
13.64
14.38
16.42
17.71
17.25
16.56
17.93
17.79
17.34
18.82
20.13
20.86
21.21
22.19
22.78
23.27
23.61
121.3
120.9
121.9
121.6
122.1
124.0
125.8
127.3
128.3
131.0
133.0
135.2
137.3
140.6
143.7
147.3
151.0
153.8
158.0
161.0
163.8
165.2
171.1
176.1
181.6
187.5
192.4
200.3
206.6
214.3
221.0
226.9
235.5
244.3
247.6
249.1
255.8
261.0
265.7
274.1
280.9
285.7
289.7
289.9
297.4
299.7
305.7
311.2
312.2
318.4
322.8
328.7
329.6
328.0
335.0
341.7
346.6
346.8
340.0
336.5
334.5
324.7
319.9
308.2
296.6
282.9
266.4
248.2
228.0
210.1
189.5
171.4
147.4
128.4
107.8
88.17
71.21
55.99
42.09
30.34
22.68
17.16
13.31
10.83
9.203
7.767
6.376
5.242
4.712
4.345
4.245
4.270
4.331
4.409
4.484
4.509
4.446
4.349
4.250
4.169
4.099
4.057
4.035
3.988
3.947
3.900
3.875
3.835
3.791
3.757
3.739
3.708
3.791
3.792
3.965
4.086
4.781
5.207
4.604
4.089
3.715
3.716
3.760
3.879
3.965
3.931
3.880
3.884
3.908
3.936
3.986
4.002
4.044
4.062
4.082
4.141
4.208
4.257
4.373
4.871
6.442
10.10
15.68
13.14
10.54
15.46
14.27
10.40
10.90
11.06
11.44
12.30
10.79
10.78
10.62
10.32
10.13
10.57
10.68
10.75
11.08
11.69
12.29
12.80
13.42
13.44
15.14
16.79
18.40
19.51
18.72
18.39
18.84
19.60
20.45
21.23
22.23
22.67
22.93
23.29
23.78
120.7
121.2
121.9
121.6
122.0
123.3
124.3
126.4
127.9
129.1
130.9
133.2
135.8
137.4
139.1
144.6
148.1
151.0
154.1
156.9
160.6
162.5
166.2
170.1
177.5
184.1
190.2
196.9
202.5
210.3
214.8
221.5
228.5
235.7
241.4
249.5
248.8
261.4
262.8
279.7
269.4
276.3
279.9
286.9
291.9
293.7
298.7
301.8
308.5
308.8
309.3
314.8
315.5
319.7
318.4
319.2
325.6
328.4
324.9
321.6
312.9
309.4
302.5
288.4
276.6
265.0
245.3
226.2
208.3
191.3
170.3
153.7
137.0
119.5
100.7
85.22
69.88
54.39
41.61
30.90
23.11
17.41
13.59
10.60
8.822
7.376
6.042
5.068
4.458
4.174
4.050
4.058
4.128
4.208
4.298
4.312
4.257
4.154
4.064
3.988
3.929
3.891
3.853
3.829
3.805
3.762
3.732
3.686
3.663
3.682
3.663
3.610
3.576
3.724
3.998
3.971
3.921
3.865
3.819
3.720
3.633
3.777
3.771
3.718
3.725
3.750
3.761
3.777
3.810
3.825
3.861
3.903
3.938
3.957
3.980
4.016
4.095
4.162
4.286
4.702
7.405
10.28
10.26
13.26
15.13
12.09
12.49
14.43
14.31
14.69
13.77
12.23
11.77
11.56
11.62
11.93
11.98
11.90
11.68
11.63
11.94
12.33
12.94
13.22
14.04
14.62
16.65
18.47
20.40
18.86
18.47
19.06
19.06
19.78
20.97
22.26
22.45
22.87
22.80
23.64
23.74
121.2
121.1
121.8
121.9
121.8
123.4
124.5
126.3
127.2
128.1
129.8
131.6
134.3
136.3
139.0
142.7
146.4
150.1
152.1
155.3
155.7
158.8
162.1
167.8
174.1
179.7
186.1
190.7
199.0
203.5
209.5
216.4
222.4
223.6
227.7
244.5
249.1
253.9
262.8
277.8
280.4
270.7
273.5
282.3
289.2
288.7
291.7
295.5
297.3
297.6
296.1
296.8
300.6
300.5
303.9
304.3
304.0
308.4
306.6
303.8
293.4
285.5
277.3
262.8
253.9
234.5
221.5
205.2
185.5
172.1
153.5
134.9
124.3
106.6
94.10
78.57
65.42
51.55
39.44
29.87
22.95
17.50
13.53
10.30
8.454
6.956
5.591
4.682
4.170
3.881
3.802
3.820
3.888
3.968
4.048
4.076
4.024
3.918
3.830
3.770
3.718
3.664
3.639
3.616
3.590
3.567
3.543
3.512
3.479
3.441
3.424
3.390
3.351
3.320
3.509
3.531
3.428
3.550
4.148
4.267
4.051
3.735
3.595
3.595
3.592
3.622
3.634
3.654
3.681
3.716
3.746
3.786
3.835
3.855
3.890
3.938
4.011
4.118
4.235
4.643
6.378
7.320
9.474
12.33
15.91
20.27
18.75
16.04
16.30
16.72
16.79
16.83
16.66
16.37
15.79
15.85
15.80
15.86
16.31
16.93
17.75
18.13
19.28
21.12
21.88
22.14
24.27
24.56
24.29
23.54
22.15
21.91
22.40
23.20
23.89
24.32
24.61
24.77
24.88
25.23
25.23
120.7
120.9
121.0
120.9
121.8
122.5
123.8
124.3
126.9
125.5
128.8
130.6
133.8
134.6
137.1
140.3
143.9
145.6
149.1
150.7
151.8
154.8
159.3
163.7
168.4
172.8
178.0
183.4
189.5
195.5
201.2
207.2
214.1
223.7
224.3
224.9
229.0
235.1
238.3
242.9
249.4
251.2
253.4
255.5
259.5
259.3
262.9
266.4
266.5
267.9
268.7
269.0
265.4
264.5
265.0
266.5
266.1
260.2
255.8
248.5
243.4
234.8
225.7
221.0
208.4
192.9
179.4
165.5
152.4
137.8
123.4
112.7
100.1
88.45
76.16
65.24
54.58
43.40
34.24
25.68
19.69
15.33
12.13
9.631
8.119
6.865
5.421
4.541
4.047
3.758
3.676
3.695
3.752
3.823
3.894
3.913
3.876
3.777
3.703
3.636
3.590
3.558
3.534
3.507
3.486
3.466
3.457
3.419
3.394
3.366
3.356
3.331
3.339
3.338
3.436
4.021
5.485
4.193
3.571
3.494
3.423
3.419
3.470
3.663
3.656
3.599
3.548
3.551
3.572
3.603
3.643
3.667
3.708
3.740
3.766
3.813
3.902
3.981
4.075
4.231
5.514
6.618
12.23
15.43
13.70
14.31
18.70
18.46
16.23
14.05
14.98
14.97
15.82
16.36
15.08
13.96
13.56
13.36
13.66
13.86
13.69
13.41
13.53
14.85
15.50
16.51
18.11
20.09
20.90
19.34
20.09
19.76
19.98
21.99
22.79
23.15
23.19
23.29
23.66
23.92
23.76
121.3
121.1
120.9
120.9
122.0
122.2
122.8
123.8
124.8
125.4
127.2
128.7
130.7
132.2
134.7
138.6
141.5
144.3
144.5
147.3
147.9
150.5
153.6
157.4
161.3
165.3
171.1
176.9
183.3
187.4
191.7
196.7
201.6
209.0
212.6
216.7
215.4
227.2
225.3
230.2
233.7
233.0
235.3
241.7
239.6
242.6
240.3
239.6
236.6
234.7
230.6
228.8
224.4
218.8
210.8
208.7
204.1
196.5
192.9
184.4
176.1
169.1
161.8
152.6
145.2
135.1
125.2
115.2
105.6
94.97
86.74
78.49
71.90
63.71
57.16
49.67
41.20
34.61
26.77
20.06
15.57
12.33
10.31
8.420
7.253
6.265
5.149
4.340
3.855
3.577
3.497
3.496
3.566
3.648
3.705
3.721
3.681
3.600
3.525
3.480
3.421
3.399
3.389
3.367
3.345
3.335
3.320
3.290
3.276
3.286
3.271
3.238
3.222
3.281
3.726
3.599
3.517
3.532
3.524
3.407
3.317
3.345
3.372
3.394
3.410
3.421
3.441
3.452
3.464
3.496
3.537
3.584
3.622
3.639
3.669
3.720
3.790
3.883
4.000
4.139
5.188
8.043
10.12
11.78
14.38
15.20
17.13
18.59
18.30
20.72
19.96
18.62
16.20
14.74
14.64
15.11
15.58
16.16
15.69
14.92
14.80
15.16
15.33
15.70
15.67
16.85
18.25
20.20
19.47
20.60
21.01
21.41
21.83
22.34
22.97
23.26
23.98
24.02
23.88
24.00
23.75
120.9
120.5
120.7
121.1
121.9
123.0
122.3
123.2
123.4
125.5
126.7
128.0
129.1
130.8
132.8
135.6
138.2
140.2
141.5
142.9
144.6
145.9
147.2
152.0
154.6
161.4
163.2
169.2
174.6
177.6
182.3
186.5
191.1
195.1
202.5
207.0
202.0
206.4
210.7
219.7
216.3
204.7
202.5
202.8
206.1
196.0
193.1
186.8
178.9
170.3
161.7
152.7
142.4
136.0
125.7
117.7
109.2
102.7
96.16
90.29
84.43
79.24
75.29
69.72
66.57
62.40
57.84
53.99
49.54
46.50
42.70
40.14
36.70
33.80
30.66
26.59
22.95
19.33
15.82
12.80
10.93
9.273
8.116
7.021
6.228
5.480
4.646
4.015
3.618
3.407
3.329
3.355
3.417
3.483
3.555
3.565
3.512
3.439
3.386
3.351
3.297
3.268
3.255
3.229
3.222
3.220
3.206
3.185
3.159
3.143
3.124
3.103
3.078
3.052
3.218
3.142
3.140
3.449
3.745
3.783
3.707
3.430
3.307
3.316
3.319
3.320
3.325
3.340
3.356
3.383
3.437
3.464
3.499
3.528
3.567
3.616
3.718
3.815
3.918
4.162
5.979
6.977
8.490
11.65
17.56
21.42
19.07
19.39
20.26
20.44
17.98
16.34
16.66
16.45
16.49
16.26
15.69
14.01
14.03
14.53
15.30
15.80
16.50
16.50
16.46
16.50
18.59
19.93
22.00
22.06
21.85
22.13
22.18
22.83
23.34
24.33
24.35
24.29
23.76
23.71
23.63
121.3
121.0
120.8
120.5
121.2
121.8
121.5
121.6
122.6
123.9
124.4
125.9
126.8
129.0
129.9
132.2
135.8
137.3
138.5
138.8
138.5
141.3
143.4
146.8
148.5
151.9
157.4
159.6
162.7
165.7
170.3
175.3
173.8
174.9
180.8
175.9
172.4
170.7
168.4
164.6
161.4
155.7
151.0
143.2
135.1
128.2
121.2
111.8
103.8
94.30
84.55
75.53
65.43
57.30
50.36
45.01
41.35
37.90
35.93
34.39
33.16
31.63
30.51
29.29
28.30
27.06
25.96
24.83
23.64
22.47
21.25
20.22
19.33
18.23
17.17
15.89
14.68
13.42
12.18
11.15
10.06
9.116
8.134
7.160
6.324
5.597
4.679
3.971
3.533
3.283
3.201
3.212
3.276
3.336
3.401
3.418
3.369
3.293
3.241
3.200
3.155
3.129
3.122
3.105
3.089
3.081
3.074
3.061
3.042
3.025
3.014
2.991
2.990
3.004
3.077
3.401
5.491
3.572
3.182
3.158
3.146
3.161
3.237
3.498
3.354
3.263
3.239
3.250
3.263
3.294
3.332
3.367
3.401
3.426
3.460
3.514
3.604
3.713
3.814
3.915
4.719
6.389
9.682
14.87
13.70
15.78
21.89
19.29
19.87
15.99
15.52
17.61
17.98
18.34
17.76
16.21
14.89
14.70
14.68
14.82
14.66
14.18
14.51
15.52
16.42
17.41
18.94
21.31
22.68
21.57
22.09
22.03
22.66
23.50
24.59
24.51
23.90
23.90
24.04
23.91
23.60
120.7
120.4
120.5
120.7
120.9
121.0
121.2
121.6
122.6
123.5
123.6
124.9
124.8
126.5
128.1
130.3
131.4
133.0
134.3
132.9
133.1
135.9
137.7
139.6
141.3
143.8
147.5
149.3
151.8
153.0
151.7
152.7
150.6
150.3
146.2
140.4
135.5
129.7
123.3
119.0
109.5
104.5
94.98
87.01
78.79
68.81
60.98
53.53
47.07
40.69
36.01
31.86
29.04
26.52
24.93
23.92
23.27
22.92
22.45
22.27
21.97
21.67
21.40
20.89
20.43
19.90
19.40
18.90
18.30
17.66
17.26
16.88
16.45
15.87
15.39
14.77
14.08
13.39
12.70
12.02
11.27
10.26
9.074
7.934
7.031
6.003
4.752
3.992
3.438
3.197
3.087
3.104
3.162
3.218
3.280
3.283
3.251
3.182
3.134
3.097
3.054
3.033
3.025
3.019
3.008
2.996
2.979
2.976
2.966
2.974
2.950
2.923
2.915
3.025
3.446
3.345
3.239
3.247
3.265
3.117
3.038
3.046
3.075
3.090
3.110
3.124
3.135
3.138
3.148
3.178
3.223
3.254
3.287
3.310
3.354
3.408
3.512
3.644
3.766
3.859
4.653
7.589
9.130
12.08
15.77
15.04
17.54
20.69
17.45
18.96
22.12
20.41
19.19
15.96
14.90
14.89
15.21
16.07
15.49
14.51
14.17
14.58
15.12
15.64
16.52
17.35
19.03
21.65
21.04
22.29
22.75
22.52
24.03
24.38
24.23
24.18
24.44
24.33
24.05
23.93
23.57
121.7
120.7
120.4
120.7
120.8
120.9
121.3
121.1
122.1
122.2
123.4
123.8
125.1
125.0
126.4
128.0
128.3
129.5
130.4
130.0
129.1
130.3
130.6
131.3
132.6
133.4
134.7
134.7
133.4
131.0
128.7
124.7
120.6
116.3
110.5
102.5
96.02
88.97
84.08
81.07
72.02
59.26
52.28
46.29
40.40
35.55
31.78
28.70
26.36
24.65
23.41
22.52
22.04
21.31
21.02
21.01
21.09
21.19
21.45
21.47
21.50
21.49
21.25
21.16
21.03
20.63
20.31
19.69
19.23
18.70
18.12
17.85
17.44
17.12
16.58
16.21
15.43
14.67
13.95
13.08
12.29
11.21
9.901
8.795
7.785
6.606
5.114
4.136
3.482
3.158
3.029
3.024
3.060
3.120
3.178
3.184
3.131
3.068
3.015
2.988
2.949
2.926
2.911
2.902
2.900
2.898
2.877
2.862
2.846
2.838
2.823
2.793
2.788
2.789
2.791
2.806
2.884
3.207
3.373
3.356
3.462
3.285
3.019
3.018
3.034
3.039
3.045
3.055
3.055
3.077
3.115
3.148
3.194
3.214
3.254
3.311
3.412
3.557
3.676
3.782
4.572
6.152
7.357
10.54
13.01
20.85
20.46
16.56
18.26
21.44
19.92
16.67
15.17
14.60
14.80
14.72
14.48
13.12
12.96
13.40
14.08
14.61
15.93
16.63
16.47
16.48
18.94
20.98
23.07
23.09
23.32
24.00
23.90
24.52
24.76
24.96
24.83
24.61
23.85
23.47
23.02
121.2
120.6
120.5
120.5
120.5
120.5
121.3
121.0
121.6
122.3
122.2
122.8
123.1
124.9
125.2
125.4
127.2
127.9
127.6
125.6
125.5
124.7
124.2
123.2
122.2
119.7
117.6
114.6
109.3
107.4
100.6
94.64
88.90
83.06
78.77
70.58
61.77
53.71
47.48
41.74
37.23
32.89
29.71
27.26
25.52
24.24
23.33
22.94
22.61
22.37
22.78
22.68
22.02
21.41
20.90
20.80
21.20
21.69
21.74
21.89
22.10
22.33
22.50
22.25
22.23
21.95
21.43
20.73
19.87
19.06
18.29
17.75
17.45
16.95
16.27
15.78
15.24
14.65
13.90
13.03
11.96
10.72
9.418
8.325
7.366
6.153
4.794
3.892
3.320
3.039
2.924
2.935
2.974
3.024
3.078
3.076
3.036
2.974
2.924
2.895
2.859
2.850
2.844
2.830
2.813
2.808
2.787
2.783
2.782
2.772
2.748
2.730
2.758
2.765
2.783
2.851
2.822
2.842
2.910
2.943
2.885
2.906
3.039
3.102
3.032
2.946
2.941
2.941
2.948
2.972
3.007
3.046
3.085
3.106
3.152
3.208
3.331
3.481
3.592
3.730
4.174
5.488
7.998
13.51
13.42
13.15
15.86
20.25
23.01
17.47
14.04
14.42
14.69
14.99
14.66
13.00
12.33
12.10
12.45
12.78
13.43
13.92
14.46
15.15
16.25
17.67
19.74
22.86
22.92
23.44
24.20
24.16
24.68
25.52
25.94
25.26
24.50
24.01
23.87
23.52
23.00
121.8
120.2
120.5
120.9
120.3
120.6
120.2
120.2
121.4
121.2
122.8
121.9
122.4
122.9
124.0
123.9
125.2
124.8
124.0
121.4
120.1
117.7
116.8
111.7
109.0
105.7
100.9
95.25
90.69
83.90
77.74
71.42
63.88
57.65
52.16
44.74
38.66
34.31
30.41
27.66
26.07
25.44
24.07
23.19
22.90
22.57
22.35
22.03
21.90
21.79
21.94
22.10
21.91
21.54
21.30
21.15
21.33
21.81
22.23
22.52
22.54
22.64
22.50
22.16
21.93
21.49
20.99
20.07
19.45
18.52
17.52
16.99
16.60
16.04
15.32
14.60
14.04
13.50
12.82
12.01
11.17
10.08
8.922
7.849
6.947
5.945
4.705
3.812
3.274
2.963
2.848
2.856
2.900
2.934
2.979
2.985
2.926
2.865
2.815
2.791
2.770
2.749
2.750
2.740
2.721
2.716
2.705
2.699
2.704
2.708
2.687
2.663
2.672
2.871
3.001
2.961
2.995
3.032
2.992
2.803
2.793
2.803
2.820
2.834
2.841
2.844
2.847
2.860
2.863
2.880
2.916
2.954
2.981
3.006
3.052
3.105
3.224
3.360
3.472
3.601
3.955
5.951
8.081
8.244
10.39
12.92
12.84
20.00
14.49
14.39
16.59
15.04
14.78
12.99
12.00
12.09
12.58
13.21
13.38
12.60
12.34
12.72
13.11
13.89
15.37
17.05
19.06
22.21
22.25
23.62
24.58
24.86
25.81
26.05
25.64
25.09
25.03
24.57
23.97
23.50
22.63
121.7
119.8
120.5
120.2
119.5
120.1
120.5
120.4
121.0
120.8
121.3
120.4
122.3
121.2
122.8
121.8
121.9
121.9
119.3
115.3
112.9
109.3
105.7
100.2
95.26
89.54
83.39
77.37
70.92
64.46
57.88
51.46
44.89
39.34
35.00
30.40
27.38
25.70
24.85
24.59
23.96
23.82
23.11
22.70
22.38
22.19
22.02
21.84
21.68
21.53
21.58
21.56
21.32
20.97
20.82
20.69
20.90
21.01
21.20
21.20
21.06
20.76
20.48
20.15
19.67
19.16
18.60
17.94
17.12
16.28
15.48
14.88
14.38
13.87
13.30
12.69
12.14
11.59
10.96
10.25
9.578
8.668
7.763
6.911
6.174
5.334
4.325
3.563
3.137
2.880
2.781
2.799
2.827
2.873
2.919
2.911
2.850
2.786
2.746
2.721
2.692
2.673
2.668
2.659
2.654
2.651
2.644
2.636
2.631
2.630
2.607
2.596
2.579
2.580
2.581
2.612
2.768
3.053
3.207
3.127
2.941
2.738
2.733
2.738
2.741
2.744
2.745
2.750
2.754
2.773
2.803
2.837
2.855
2.897
2.939
3.007
3.141
3.287
3.369
3.496
4.132
5.049
5.422
7.913
9.908
16.49
14.57
11.23
12.94
16.04
14.26
12.29
10.82
9.885
9.893
10.73
11.60
11.58
11.58
11.65
11.58
12.22
13.29
14.05
14.60
14.75
18.65
21.10
23.52
24.34
24.52
26.01
26.07
26.11
25.83
25.86
25.28
24.56
23.35
22.84
22.30
121.9
120.2
120.6
120.6
119.5
120.0
120.3
120.5
121.3
120.8
121.3
120.5
121.1
120.7
120.3
121.2
120.7
118.0
115.3
110.5
105.6
102.0
97.09
90.70
84.07
76.78
70.01
63.82
57.14
51.16
45.11
38.76
33.79
30.18
27.72
25.43
24.52
23.97
23.65
23.41
23.41
23.27
23.04
22.55
22.52
22.47
22.33
22.26
22.19
22.35
22.96
23.81
23.86
22.24
21.52
21.22
21.07
21.11
21.25
21.13
20.90
20.70
20.36
19.87
19.38
18.41
17.72
17.04
16.13
15.24
14.44
13.68
13.17
12.83
12.35
11.77
11.25
10.70
10.17
9.592
8.931
8.169
7.374
6.667
6.041
5.254
4.316
3.544
3.095
2.838
2.728
2.736
2.777
2.819
2.848
2.832
2.771
2.705
2.660
2.633
2.608
2.588
2.570
2.566
2.568
2.567
2.557
2.550
2.546
2.539
2.533
2.513
2.516
2.532
2.582
2.596
2.736
3.137
2.725
2.711
2.645
2.666
2.791
2.808
2.760
2.666
2.662
2.659
2.663
2.681
2.713
2.749
2.766
2.799
2.839
2.882
2.985
3.124
3.234
3.355
3.562
4.473
5.768
10.35
10.83
9.272
10.27
15.40
15.27
12.39
10.49
9.674
10.41
10.68
10.88
10.31
9.787
9.629
9.941
10.72
11.61
12.09
12.53
13.22
14.11
15.88
18.25
21.62
23.03
23.99
25.37
25.66
26.57
26.68
26.83
25.67
24.82
23.99
23.74
23.24
22.39
121.6
119.4
120.7
120.1
118.9
120.2
120.6
120.5
120.2
120.5
120.6
120.5
120.3
119.7
119.8
118.7
116.0
114.2
108.3
104.2
97.92
92.12
84.63
77.53
70.91
64.30
58.00
51.97
45.44
39.45
34.21
30.04
27.49
25.70
24.69
24.18
23.97
23.76
23.47
23.44
23.66
23.34
23.21
22.92
22.73
22.72
22.60
22.54
22.64
22.54
22.56
22.63
22.42
21.91
21.67
21.51
21.61
21.96
22.18
22.28
22.03
21.64
21.29
20.58
20.07
19.21
18.31
17.44
16.47
15.45
14.51
14.00
13.63
13.35
12.89
12.33
11.64
11.19
10.54
9.879
9.245
8.364
7.411
6.593
5.836
4.930
4.060
3.371
2.983
2.758
2.674
2.670
2.698
2.732
2.772
2.767
2.699
2.638
2.600
2.571
2.541
2.522
2.520
2.518
2.513
2.509
2.506
2.498
2.498
2.498
2.487
2.472
2.464
2.531
2.762
2.714
2.696
2.715
2.714
2.611
2.581
2.608
2.589
2.582
2.588
2.593
2.589
2.571
2.568
2.574
2.600
2.636
2.656
2.684
2.720
2.768
2.888
2.987
3.044
3.170
3.444
5.195
7.189
7.745
9.051
11.78
10.09
13.20
10.82
9.164
10.19
10.18
10.13
9.348
9.856
9.766
9.879
10.07
10.21
9.871
10.50
11.19
11.64
12.64
14.54
15.94
18.80
22.28
22.76
24.19
25.53
25.81
26.44
27.22
26.47
25.51
25.29
24.78
24.03
23.21
22.45
121.9
120.2
120.3
120.8
118.9
119.4
119.6
120.3
120.4
119.9
119.2
119.1
119.6
119.3
118.2
117.5
114.8
111.1
105.5
99.14
92.66
85.19
77.32
69.42
62.61
55.87
50.12
43.32
37.81
32.77
29.28
26.61
25.19
24.53
24.17
24.01
23.80
23.65
23.47
23.50
23.58
23.69
23.33
23.20
23.14
22.94
22.88
22.77
22.69
22.48
22.63
22.67
21.98
21.54
21.44
21.30
21.21
21.28
21.19
21.16
20.93
20.31
19.95
19.31
18.64
17.78
16.89
16.09
15.20
14.46
13.78
13.34
13.11
12.69
12.30
11.74
11.26
10.87
10.25
9.654
9.228
8.450
7.661
6.921
6.245
5.394
4.388
3.524
3.045
2.753
2.631
2.630
2.653
2.689
2.709
2.692
2.639
2.568
2.529
2.504
2.474
2.461
2.450
2.449
2.449
2.453
2.448
2.434
2.419
2.410
2.387
2.372
2.362
2.354
2.354
2.361
2.393
2.516
2.723
2.772
2.713
2.554
2.496
2.513
2.494
2.491
2.482
2.483
2.488
2.497
2.517
2.553
2.566
2.595
2.634
2.675
2.761
2.881
2.947
3.000
3.201
4.430
5.093
7.454
8.778
11.24
12.25
8.663
8.185
9.675
9.689
8.273
7.532
7.605
7.878
8.692
9.295
9.142
9.686
10.24
10.73
10.84
11.60
12.85
13.61
14.33
17.95
21.09
23.24
24.25
24.33
26.19
26.52
26.73
26.38
26.80
25.75
24.90
23.62
23.04
22.47
121.6
119.5
120.5
120.0
118.4
119.1
119.0
120.1
120.0
119.8
119.2
118.1
118.4
117.7
117.6
115.0
111.4
106.6
99.56
92.85
85.05
77.29
69.26
61.22
54.35
48.33
42.22
36.54
31.67
28.43
26.18
25.03
24.56
24.27
24.02
23.95
23.98
23.69
23.46
23.60
23.68
23.41
23.20
23.17
23.13
23.01
22.79
22.71
22.71
23.06
23.90
24.21
22.89
21.76
21.28
21.11
21.07
20.94
20.72
20.48
20.20
19.81
19.12
18.45
17.87
17.14
16.26
15.48
14.79
14.22
13.69
13.23
12.96
12.69
12.16
11.66
11.19
10.75
10.15
9.637
9.068
8.313
7.541
6.839
6.158
5.262
4.279
3.461
3.009
2.693
2.594
2.590
2.608
2.627
2.646
2.646
2.596
2.524
2.487
2.455
2.419
2.401
2.400
2.400
2.395
2.402
2.394
2.384
2.377
2.370
2.347
2.331
2.329
2.341
2.372
2.390
2.430
2.485
2.392
2.389
2.400
2.415
2.451
2.467
2.458
2.427
2.418
2.412
2.405
2.411
2.438
2.462
2.475
2.504
2.538
2.577
2.685
2.780
2.826
2.911
3.043
3.642
4.756
7.998
8.375
6.342
6.454
9.911
9.313
7.119
6.668
6.952
7.307
7.565
7.497
6.730
6.999
7.449
8.178
9.304
10.26
10.70
11.82
12.73
14.10
15.65
18.13
20.91
22.59
23.68
25.37
25.86
26.84
27.32
27.51
26.53
25.68
24.70
24.25
23.43
22.42
121.9
120.6
120.5
120.2
119.7
119.1
119.2
119.3
119.5
118.8
118.7
118.5
118.4
117.0
116.7
113.4
109.1
103.8
97.70
89.64
80.69
72.33
64.32
57.12
50.84
44.21
37.79
32.81
28.84
26.44
25.08
24.55
24.37
24.22
24.13
23.97
23.88
23.69
23.63
23.63
23.63
23.66
23.45
23.30
23.15
23.03
22.85
22.74
22.67
22.54
22.68
22.76
22.61
21.60
21.26
21.04
20.75
20.52
20.23
19.92
19.51
19.05
18.63
18.09
17.39
16.66
16.03
15.34
14.75
14.20
13.77
13.38
13.08
12.64
12.10
11.67
11.20
10.70
10.15
9.594
9.056
8.360
7.618
6.824
6.167
5.270
4.249
3.441
2.983
2.676
2.550
2.555
2.572
2.590
2.596
2.582
2.535
2.461
2.420
2.392
2.361
2.343
2.340
2.344
2.350
2.350
2.345
2.326
2.322
2.308
2.289
2.277
2.280
2.285
2.370
2.397
2.437
2.468
2.411
2.376
2.358
2.360
2.365
2.366
2.366
2.359
2.356
2.349
2.343
2.356
2.374
2.403
2.419
2.444
2.477
2.503
2.586
2.698
2.752
2.821
3.009
3.623
5.134
4.583
4.867
7.999
6.088
6.882
6.682
7.002
6.939
7.079
7.311
6.592
6.689
7.036
7.377
7.621
7.821
8.094
9.000
10.08
11.00
12.13
13.36
14.85
17.31
20.62
22.37
23.54
25.28
25.99
27.04
27.89
27.64
26.74
26.21
25.62
24.52
23.44
22.50
121.8
120.3
120.5
120.0
118.9
119.2
119.0
119.6
119.8
119.2
118.5
118.0
117.0
116.8
115.5
110.9
107.2
99.94
91.32
84.79
76.20
67.56
58.91
52.40
46.01
39.30
33.96
29.65
26.98
25.35
24.73
24.44
24.18
24.10
24.01
24.00
23.92
23.83
23.71
23.62
23.86
23.85
23.59
23.52
23.40
23.20
23.07
22.95
22.76
22.59
23.02
23.01
21.82
21.42
21.17
20.81
20.46
20.19
19.83
19.58
19.18
18.73
18.25
17.64
17.06
16.41
15.77
15.23
14.66
14.22
13.76
13.42
12.91
12.41
11.88
11.31
10.72
10.13
9.528
8.953
8.331
7.666
6.948
6.233
5.615
4.815
3.917
3.225
2.859
2.607
2.530
2.521
2.531
2.544
2.552
2.536
2.476
2.420
2.383
2.353
2.323
2.309
2.294
2.297
2.297
2.301
2.302
2.294
2.289
2.275
2.262
2.239
2.217
2.197
2.190
2.266
2.270
2.296
2.321
2.350
2.340
2.317
2.314
2.314
2.314
2.315
2.308
2.300
2.294
2.296
2.311
2.344
2.352
2.380
2.401
2.444
2.550
2.640
2.697
2.785
2.937
3.229
3.965
5.133
4.308
6.107
6.418
5.938
6.352
6.128
5.814
4.776
5.307
5.804
6.591
7.387
7.642
7.788
8.396
8.864
9.130
9.523
10.43
12.07
13.16
14.10
18.08
20.37
22.39
23.72
24.14
26.63
27.50
27.48
27.23
27.84
26.72
25.39
23.87
23.60
23.07
122.2
120.9
121.0
120.2
118.2
118.9
117.9
118.8
119.4
119.0
118.5
117.6
118.8
116.8
114.7
110.5
105.0
99.77
91.62
81.88
73.72
64.92
57.49
51.05
43.77
37.56
32.26
28.54
26.30
25.10
24.64
24.47
24.38
24.25
24.20
24.21
24.08
24.00
23.88
23.72
23.80
23.87
23.70
23.46
23.33
23.22
23.06
22.82
22.76
23.22
23.73
24.55
22.85
21.59
21.08
20.77
20.45
20.06
19.72
19.36
19.03
18.69
18.20
17.64
17.10
16.54
16.00
15.42
14.94
14.59
14.14
13.66
13.06
12.48
11.83
11.22
10.58
9.917
9.238
8.553
7.854
7.204
6.529
5.851
5.226
4.549
3.778
3.156
2.819
2.584
2.493
2.498
2.513
2.529
2.520
2.495
2.434
2.368
2.332
2.303
2.270
2.258
2.256
2.257
2.258
2.263
2.257
2.250
2.248
2.226
2.214
2.196
2.198
2.194
2.219
2.228
2.266
2.261
2.267
2.262
2.284
2.292
2.286
2.287
2.277
2.276
2.268
2.261
2.264
2.274
2.285
2.319
2.325
2.347
2.378
2.408
2.492
2.589
2.636
2.756
2.911
3.119
3.423
4.276
3.923
3.749
5.536
5.808
5.424
3.914
4.192
5.067
5.549
6.014
5.909
5.788
6.203
6.679
7.098
7.873
8.627
9.867
10.82
12.01
13.05
14.93
17.50
20.37
21.97
23.34
25.29
25.85
27.27
27.92
28.34
27.33
26.53
25.81
24.78
23.92
22.82
121.9
120.8
121.0
120.1
118.0
119.1
118.5
118.2
118.4
118.5
118.6
117.2
116.7
114.8
114.0
109.5
103.8
96.45
88.94
79.97
71.17
62.37
54.74
48.15
41.41
35.19
30.55
27.59
25.70
24.80
24.59
24.48
24.42
24.29
24.18
24.24
24.09
23.93
23.83
23.88
23.96
23.94
23.76
23.52
23.29
23.18
22.94
22.79
22.81
23.07
23.34
23.44
22.55
21.46
20.95
20.66
20.29
19.94
19.57
19.15
18.86
18.42
18.00
17.58
17.02
16.44
15.90
15.44
14.98
14.62
14.19
13.60
13.00
12.39
11.80
11.14
10.44
9.666
8.951
8.252
7.515
6.835
6.177
5.524
4.887
4.248
3.549
3.021
2.726
2.532
2.477
2.476
2.492
2.507
2.508
2.475
2.407
2.347
2.316
2.286
2.256
2.236
2.236
2.233
2.232
2.241
2.240
2.242
2.238
2.211
2.188
2.176
2.166
2.153
2.157
2.169
2.226
2.263
2.267
2.249
2.248
2.248
2.257
2.266
2.266
2.268
2.255
2.236
2.235
2.242
2.256
2.292
2.296
2.321
2.341
2.378
2.478
2.564
2.607
2.694
2.887
3.133
3.203
3.529
3.935
3.860
3.855
4.230
4.058
4.428
5.222
5.675
5.350
5.145
5.568
6.000
6.445
6.653
7.060
7.796
8.298
9.049
10.36
11.46
12.69
14.68
17.61
20.77
21.93
23.35
25.18
25.91
27.06
28.17
28.13
27.42
27.00
25.99
24.85
23.90
22.61
122.0
121.3
121.3
120.9
119.0
119.8
120.6
119.5
118.4
118.0
119.2
116.1
117.8
115.4
115.6
107.2
105.4
97.42
88.15
79.63
71.08
63.60
55.50
48.72
42.05
35.04
30.59
27.61
25.79
24.76
24.58
24.41
24.22
24.21
24.09
24.03
24.12
24.11
23.99
23.88
23.84
24.09
23.84
23.66
23.55
23.28
23.16
23.10
23.09
22.82
23.18
23.32
21.89
21.30
21.04
20.69
20.49
20.00
19.55
19.25
18.95
18.44
18.05
17.53
17.00
16.51
15.91
15.49
15.11
14.67
14.19
13.54
13.00
12.41
11.80
11.17
10.49
9.755
8.965
8.239
7.505
6.843
6.208
5.504
4.924
4.282
3.599
3.059
2.747
2.544
2.474
2.480
2.507
2.512
2.492
2.460
2.398
2.333
2.293
2.273
2.246
2.226
2.223
2.223
2.226
2.231
2.216
2.216
2.216
2.188
2.170
2.140
2.125
2.105
2.103
2.126
2.141
2.184
2.218
2.221
2.241
2.246
2.253
2.251
2.251
2.236
2.233
2.226
2.226
2.244
2.265
2.296
2.299
2.327
2.349
2.377
2.457
2.556
2.599
2.704
2.832
2.974
3.150
3.450
3.445
3.342
3.638
4.699
6.362
7.530
6.630
5.405
5.474
5.629
6.057
6.789
6.850
7.270
7.740
8.084
8.380
8.739
9.337
11.14
12.63
13.61
17.28
20.20
22.37
23.51
23.60
26.39
27.55
27.26
27.63
28.33
27.31
25.82
24.19
23.54
22.91
121.9
120.8
121.0
120.1
118.0
119.1
118.5
118.2
118.4
118.5
118.6
117.2
116.7
114.8
114.0
109.5
103.8
96.45
88.94
79.97
71.17
62.37
54.74
48.15
41.41
35.19
30.55
27.59
25.70
24.80
24.59
24.48
24.42
24.29
24.18
24.24
24.09
23.93
23.83
23.88
23.96
23.94
23.76
23.52
23.29
23.18
22.94
22.79
22.81
23.07
23.34
23.44
22.55
21.46
20.95
20.66
20.29
19.94
19.57
19.15
18.86
18.42
18.00
17.58
17.02
16.44
15.90
15.44
14.98
14.62
14.19
13.60
13.00
12.39
11.80
11.14
10.44
9.666
8.951
8.252
7.515
6.835
6.177
5.524
4.887
4.248
3.549
3.021
2.726
2.532
2.477
2.476
2.492
2.507
2.508
2.475
2.407
2.347
2.316
2.286
2.256
2.236
2.236
2.233
2.232
2.241
2.240
2.242
2.238
2.211
2.188
2.176
2.166
2.153
2.157
2.169
2.226
2.263
2.267
2.249
2.248
2.248
2.257
2.266
2.266
2.268
2.255
2.236
2.235
2.242
2.256
2.292
2.296
2.321
2.341
2.378
2.478
2.564
2.607
2.694
2.887
3.133
3.203
3.529
3.935
3.860
3.855
4.230
4.058
4.428
5.222
5.675
5.350
5.145
5.568
6.000
6.445
6.653
7.060
7.796
8.298
9.049
10.36
11.46
12.69
14.68
17.61
20.77
21.93
23.35
25.18
25.91
27.06
28.17
28.13
27.42
27.00
25.99
24.85
23.90
22.61
122.2
120.9
121.0
120.2
118.2
118.9
117.9
118.8
119.4
119.0
118.5
117.6
118.8
116.8
114.7
110.5
105.0
99.77
91.62
81.88
73.72
64.92
57.49
51.05
43.77
37.56
32.26
28.54
26.30
25.10
24.64
24.47
24.38
24.25
24.20
24.21
24.08
24.00
23.88
23.72
23.80
23.87
23.70
23.46
23.33
23.22
23.06
22.82
22.76
23.22
23.73
24.55
22.85
21.59
21.08
20.77
20.45
20.06
19.72
19.36
19.03
18.69
18.20
17.64
17.10
16.54
16.00
15.42
14.94
14.59
14.14
13.66
13.06
12.48
11.83
11.22
10.58
9.917
9.238
8.553
7.854
7.204
6.529
5.851
5.226
4.549
3.778
3.156
2.819
2.584
2.493
2.498
2.513
2.529
2.520
2.495
2.434
2.368
2.332
2.303
2.270
2.258
2.256
2.257
2.258
2.263
2.257
2.250
2.248
2.226
2.214
2.196
2.198
2.194
2.219
2.228
2.266
2.261
2.267
2.262
2.284
2.292
2.286
2.287
2.277
2.276
2.268
2.261
2.264
2.274
2.285
2.319
2.325
2.347
2.378
2.408
2.492
2.589
2.636
2.756
2.911
3.119
3.423
4.276
3.923
3.749
5.536
5.808
5.424
3.914
4.192
5.067
5.549
6.014
5.909
5.788
6.203
6.679
7.098
7.873
8.627
9.867
10.82
12.01
13.05
14.93
17.50
20.37
21.97
23.34
25.29
25.85
27.27
27.92
28.34
27.33
26.53
25.81
24.78
23.92
22.82
121.8
120.3
120.5
120.0
118.9
119.2
119.0
119.6
119.8
119.2
118.5
118.0
117.0
116.8
115.5
110.9
107.2
99.94
91.32
84.79
76.20
67.56
58.91
52.40
46.01
39.30
33.96
29.65
26.98
25.35
24.73
24.44
24.18
24.10
24.01
24.00
23.92
23.83
23.71
23.62
23.86
23.85
23.59
23.52
23.40
23.20
23.07
22.95
22.76
22.59
23.02
23.01
21.82
21.42
21.17
20.81
20.46
20.19
19.83
19.58
19.18
18.73
18.25
17.64
17.06
16.41
15.77
15.23
14.66
14.22
13.76
13.42
12.91
12.41
11.88
11.31
10.72
10.13
9.528
8.953
8.331
7.666
6.948
6.233
5.615
4.815
3.917
3.225
2.859
2.607
2.530
2.521
2.531
2.544
2.552
2.536
2.476
2.420
2.383
2.353
2.323
2.309
2.294
2.297
2.297
2.301
2.302
2.294
2.289
2.275
2.262
2.239
2.217
2.197
2.190
2.266
2.270
2.296
2.321
2.350
2.340
2.317
2.314
2.314
2.314
2.315
2.308
2.300
2.294
2.296
2.311
2.344
2.352
2.380
2.401
2.444
2.550
2.640
2.697
2.785
2.937
3.229
3.965
5.133
4.308
6.107
6.418
5.938
6.352
6.128
5.814
4.776
5.307
5.804
6.591
7.387
7.642
7.788
8.396
8.864
9.130
9.523
10.43
12.07
13.16
14.10
18.08
20.37
22.39
23.72
24.14
26.63
27.50
27.48
27.23
27.84
26.72
25.39
23.87
23.60
23.07
121.9
120.6
120.5
120.2
119.7
119.1
119.2
119.3
119.5
118.8
118.7
118.5
118.4
117.0
116.7
113.4
109.1
103.8
97.70
89.64
80.69
72.33
64.32
57.12
50.84
44.21
37.79
32.81
28.84
26.44
25.08
24.55
24.37
24.22
24.13
23.97
23.88
23.69
23.63
23.63
23.63
23.66
23.45
23.30
23.15
23.03
22.85
22.74
22.67
22.54
22.68
22.76
22.61
21.60
21.26
21.04
20.75
20.52
20.23
19.92
19.51
19.05
18.63
18.09
17.39
16.66
16.03
15.34
14.75
14.20
13.77
13.38
13.08
12.64
12.10
11.67
11.20
10.70
10.15
9.594
9.056
8.360
7.618
6.824
6.167
5.270
4.249
3.441
2.983
2.676
2.550
2.555
2.572
2.590
2.596
2.582
2.535
2.461
2.420
2.392
2.361
2.343
2.340
2.344
2.350
2.350
2.345
2.326
2.322
2.308
2.289
2.277
2.280
2.285
2.370
2.397
2.437
2.468
2.411
2.376
2.358
2.360
2.365
2.366
2.366
2.359
2.356
2.349
2.343
2.356
2.374
2.403
2.419
2.444
2.477
2.503
2.586
2.698
2.752
2.821
3.009
3.623
5.134
4.583
4.867
7.999
6.088
6.882
6.682
7.002
6.939
7.079
7.311
6.592
6.689
7.036
7.377
7.621
7.821
8.094
9.000
10.08
11.00
12.13
13.36
14.85
17.31
20.62
22.37
23.54
25.28
25.99
27.04
27.89
27.64
26.74
26.21
25.62
24.52
23.44
22.50
121.6
119.5
120.5
120.0
118.4
119.1
119.0
120.1
120.0
119.8
119.2
118.1
118.4
117.7
117.6
115.0
111.4
106.6
99.56
92.85
85.05
77.29
69.26
61.22
54.35
48.33
42.22
36.54
31.67
28.43
26.18
25.03
24.56
24.27
24.02
23.95
23.98
23.69
23.46
23.60
23.68
23.41
23.20
23.17
23.13
23.01
22.79
22.71
22.71
23.06
23.90
24.21
22.89
21.76
21.28
21.11
21.07
20.94
20.72
20.48
20.20
19.81
19.12
18.45
17.87
17.14
16.26
15.48
14.79
14.22
13.69
13.23
12.96
12.69
12.16
11.66
11.19
10.75
10.15
9.637
9.068
8.313
7.541
6.839
6.158
5.262
4.279
3.461
3.009
2.693
2.594
2.590
2.608
2.627
2.646
2.646
2.596
2.524
2.487
2.455
2.419
2.401
2.400
2.400
2.395
2.402
2.394
2.384
2.377
2.370
2.347
2.331
2.329
2.341
2.372
2.390
2.430
2.485
2.392
2.389
2.400
2.415
2.451
2.467
2.458
2.427
2.418
2.412
2.405
2.411
2.438
2.462
2.475
2.504
2.538
2.577
2.685
2.780
2.826
2.911
3.043
3.642
4.756
7.998
8.375
6.342
6.454
9.911
9.313
7.119
6.668
6.952
7.307
7.565
7.497
6.730
6.999
7.449
8.178
9.304
10.26
10.70
11.82
12.73
14.10
15.65
18.13
20.91
22.59
23.68
25.37
25.86
26.84
27.32
27.51
26.53
25.68
24.70
24.25
23.43
22.42
121.9
120.2
120.3
120.8
118.9
119.4
119.6
120.3
120.4
119.9
119.2
119.1
119.6
119.3
118.2
117.5
114.8
111.1
105.5
99.14
92.66
85.19
77.32
69.42
62.61
55.87
50.12
43.32
37.81
32.77
29.28
26.61
25.19
24.53
24.17
24.01
23.80
23.65
23.47
23.50
23.58
23.69
23.33
23.20
23.14
22.94
22.88
22.77
22.69
22.48
22.63
22.67
21.98
21.54
21.44
21.30
21.21
21.28
21.19
21.16
20.93
20.31
19.95
19.31
18.64
17.78
16.89
16.09
15.20
14.46
13.78
13.34
13.11
12.69
12.30
11.74
11.26
10.87
10.25
9.654
9.228
8.450
7.661
6.921
6.245
5.394
4.388
3.524
3.045
2.753
2.631
2.630
2.653
2.689
2.709
2.692
2.639
2.568
2.529
2.504
2.474
2.461
2.450
2.449
2.449
2.453
2.448
2.434
2.419
2.410
2.387
2.372
2.362
2.354
2.354
2.361
2.393
2.516
2.723
2.772
2.713
2.554
2.496
2.513
2.494
2.491
2.482
2.483
2.488
2.497
2.517
2.553
2.566
2.595
2.634
2.675
2.761
2.881
2.947
3.000
3.201
4.430
5.093
7.454
8.778
11.24
12.25
8.663
8.185
9.675
9.689
8.273
7.532
7.605
7.878
8.692
9.295
9.142
9.686
10.24
10.73
10.84
11.60
12.85
13.61
14.33
17.95
21.09
23.24
24.25
24.33
26.19
26.52
26.73
26.38
26.80
25.75
24.90
23.62
23.04
22.47
121.6
119.4
120.7
120.1
118.9
120.2
120.6
120.5
120.2
120.5
120.6
120.5
120.3
119.7
119.8
118.7
116.0
114.2
108.3
104.2
97.92
92.12
84.63
77.53
70.91
64.30
58.00
51.97
45.44
39.45
34.21
30.04
27.49
25.70
24.69
24.18
23.97
23.76
23.47
23.44
23.66
23.34
23.21
22.92
22.73
22.72
22.60
22.54
22.64
22.54
22.56
22.63
22.42
21.91
21.67
21.51
21.61
21.96
22.18
22.28
22.03
21.64
21.29
20.58
20.07
19.21
18.31
17.44
16.47
15.45
14.51
14.00
13.63
13.35
12.89
12.33
11.64
11.19
10.54
9.879
9.245
8.364
7.411
6.593
5.836
4.930
4.060
3.371
2.983
2.758
2.674
2.670
2.698
2.732
2.772
2.767
2.699
2.638
2.600
2.571
2.541
2.522
2.520
2.518
2.513
2.509
2.506
2.498
2.498
2.498
2.487
2.472
2.464
2.531
2.762
2.714
2.696
2.715
2.714
2.611
2.581
2.608
2.589
2.582
2.588
2.593
2.589
2.571
2.568
2.574
2.600
2.636
2.656
2.684
2.720
2.768
2.888
2.987
3.044
3.170
3.444
5.195
7.189
7.745
9.051
11.78
10.09
13.20
10.82
9.164
10.19
10.18
10.13
9.348
9.856
9.766
9.879
10.07
10.21
9.871
10.50
11.19
11.64
12.64
14.54
15.94
18.80
22.28
22.76
24.19
25.53
25.81
26.44
27.22
26.47
25.51
25.29
24.78
24.03
23.21
22.45
121.9
120.2
120.6
120.6
119.5
120.0
120.3
120.5
121.3
120.8
121.3
120.5
121.1
120.7
120.3
121.2
120.7
118.0
115.3
110.5
105.6
102.0
97.09
90.70
84.07
76.78
70.01
63.82
57.14
51.16
45.11
38.76
33.79
30.18
27.72
25.43
24.52
23.97
23.65
23.41
23.41
23.27
23.04
22.55
22.52
22.47
22.33
22.26
22.19
22.35
22.96
23.81
23.86
22.24
21.52
21.22
21.07
21.11
21.25
21.13
20.90
20.70
20.36
19.87
19.38
18.41
17.72
17.04
16.13
15.24
14.44
13.68
13.17
12.83
12.35
11.77
11.25
10.70
10.17
9.592
8.931
8.169
7.374
6.667
6.041
5.254
4.316
3.544
3.095
2.838
2.728
2.736
2.777
2.819
2.848
2.832
2.771
2.705
2.660
2.633
2.608
2.588
2.570
2.566
2.568
2.567
2.557
2.550
2.546
2.539
2.533
2.513
2.516
2.532
2.582
2.596
2.736
3.137
2.725
2.711
2.645
2.666
2.791
2.808
2.760
2.666
2.662
2.659
2.663
2.681
2.713
2.749
2.766
2.799
2.839
2.882
2.985
3.124
3.234
3.355
3.562
4.473
5.768
10.35
10.83
9.272
10.27
15.40
15.27
12.39
10.49
9.674
10.41
10.68
10.88
10.31
9.787
9.629
9.941
10.72
11.61
12.09
12.53
13.22
14.11
15.88
18.25
21.62
23.03
23.99
25.37
25.66
26.57
26.68
26.83
25.67
24.82
23.99
23.74
23.24
22.39
121.7
119.8
120.5
120.2
119.5
120.1
120.5
120.4
121.0
120.8
121.3
120.4
122.3
121.2
122.8
121.8
121.9
121.9
119.3
115.3
112.9
109.3
105.7
100.2
95.26
89.54
83.39
77.37
70.92
64.46
57.88
51.46
44.89
39.34
35.00
30.40
27.38
25.70
24.85
24.59
23.96
23.82
23.11
22.70
22.38
22.19
22.02
21.84
21.68
21.53
21.58
21.56
21.32
20.97
20.82
20.69
20.90
21.01
21.20
21.20
21.06
20.76
20.48
20.15
19.67
19.16
18.60
17.94
17.12
16.28
15.48
14.88
14.38
13.87
13.30
12.69
12.14
11.59
10.96
10.25
9.578
8.668
7.763
6.911
6.174
5.334
4.325
3.563
3.137
2.880
2.781
2.799
2.827
2.873
2.919
2.911
2.850
2.786
2.746
2.721
2.692
2.673
2.668
2.659
2.654
2.651
2.644
2.636
2.631
2.630
2.607
2.596
2.579
2.580
2.581
2.612
2.768
3.053
3.207
3.127
2.941
2.738
2.733
2.738
2.741
2.744
2.745
2.750
2.754
2.773
2.803
2.837
2.855
2.897
2.939
3.007
3.141
3.287
3.369
3.496
4.132
5.049
5.422
7.913
9.908
16.49
14.57
11.23
12.94
16.04
14.26
12.29
10.82
9.885
9.893
10.73
11.60
11.58
11.58
11.65
11.58
12.22
13.29
14.05
14.60
14.75
18.65
21.10
23.52
24.34
24.52
26.01
26.07
26.11
25.83
25.86
25.28
24.56
23.35
22.84
22.30
121.8
120.2
120.5
120.9
120.3
120.6
120.2
120.2
121.4
121.2
122.8
121.9
122.4
122.9
124.0
123.9
125.2
124.8
124.0
121.4
120.1
117.7
116.8
111.7
109.0
105.7
100.9
95.25
90.69
83.90
77.74
71.42
63.88
57.65
52.16
44.74
38.66
34.31
30.41
27.66
26.07
25.44
24.07
23.19
22.90
22.57
22.35
22.03
21.90
21.79
21.94
22.10
21.91
21.54
21.30
21.15
21.33
21.81
22.23
22.52
22.54
22.64
22.50
22.16
21.93
21.49
20.99
20.07
19.45
18.52
17.52
16.99
16.60
16.04
15.32
14.60
14.04
13.50
12.82
12.01
11.17
10.08
8.922
7.849
6.947
5.945
4.705
3.812
3.274
2.963
2.848
2.856
2.900
2.934
2.979
2.985
2.926
2.865
2.815
2.791
2.770
2.749
2.750
2.740
2.721
2.716
2.705
2.699
2.704
2.708
2.687
2.663
2.672
2.871
3.001
2.961
2.995
3.032
2.992
2.803
2.793
2.803
2.820
2.834
2.841
2.844
2.847
2.860
2.863
2.880
2.916
2.954
2.981
3.006
3.052
3.105
3.224
3.360
3.472
3.601
3.955
5.951
8.081
8.244
10.39
12.92
12.84
20.00
14.49
14.39
16.59
15.04
14.78
12.99
12.00
12.09
12.58
13.21
13.38
12.60
12.34
12.72
13.11
13.89
15.37
17.05
19.06
22.21
22.25
23.62
24.58
24.86
25.81
26.05
25.64
25.09
25.03
24.57
23.97
23.50
22.63
121.2
120.6
120.5
120.5
120.5
120.5
121.3
121.0
121.6
122.3
122.2
122.8
123.1
124.9
125.2
125.4
127.2
127.9
127.6
125.6
125.5
124.7
124.2
123.2
122.2
119.7
117.6
114.6
109.3
107.4
100.6
94.64
88.90
83.06
78.77
70.58
61.77
53.71
47.48
41.74
37.23
32.89
29.71
27.26
25.52
24.24
23.33
22.94
22.61
22.37
22.78
22.68
22.02
21.41
20.90
20.80
21.20
21.69
21.74
21.89
22.10
22.33
22.50
22.25
22.23
21.95
21.43
20.73
19.87
19.06
18.29
17.75
17.45
16.95
16.27
15.78
15.24
14.65
13.90
13.03
11.96
10.72
9.418
8.325
7.366
6.153
4.794
3.892
3.320
3.039
2.924
2.935
2.974
3.024
3.078
3.076
3.036
2.974
2.924
2.895
2.859
2.850
2.844
2.830
2.813
2.808
2.787
2.783
2.782
2.772
2.748
2.730
2.758
2.765
2.783
2.851
2.822
2.842
2.910
2.943
2.885
2.906
3.039
3.102
3.032
2.946
2.941
2.941
2.948
2.972
3.007
3.046
3.085
3.106
3.152
3.208
3.331
3.481
3.592
3.730
4.174
5.488
7.998
13.51
13.42
13.15
15.86
20.25
23.01
17.47
14.04
14.42
14.69
14.99
14.66
13.00
12.33
12.10
12.45
12.78
13.43
13.92
14.46
15.15
16.25
17.67
19.74
22.86
22.92
23.44
24.20
24.16
24.68
25.52
25.94
25.26
24.50
24.01
23.87
23.52
23.00
121.7
120.7
120.4
120.7
120.8
120.9
121.3
121.1
122.1
122.2
123.4
123.8
125.1
125.0
126.4
128.0
128.3
129.5
130.4
130.0
129.1
130.3
130.6
131.3
132.6
133.4
134.7
134.7
133.4
131.0
128.7
124.7
120.6
116.3
110.5
102.5
96.02
88.97
84.08
81.07
72.02
59.26
52.28
46.29
40.40
35.55
31.78
28.70
26.36
24.65
23.41
22.52
22.04
21.31
21.02
21.01
21.09
21.19
21.45
21.47
21.50
21.49
21.25
21.16
21.03
20.63
20.31
19.69
19.23
18.70
18.12
17.85
17.44
17.12
16.58
16.21
15.43
14.67
13.95
13.08
12.29
11.21
9.901
8.795
7.785
6.606
5.114
4.136
3.482
3.158
3.029
3.024
3.060
3.120
3.178
3.184
3.131
3.068
3.015
2.988
2.949
2.926
2.911
2.902
2.900
2.898
2.877
2.862
2.846
2.838
2.823
2.793
2.788
2.789
2.791
2.806
2.884
3.207
3.373
3.356
3.462
3.285
3.019
3.018
3.034
3.039
3.045
3.055
3.055
3.077
3.115
3.148
3.194
3.214
3.254
3.311
3.412
3.557
3.676
3.782
4.572
6.152
7.357
10.54
13.01
20.85
20.46
16.56
18.26
21.44
19.92
16.67
15.17
14.60
14.80
14.72
14.48
13.12
12.96
13.40
14.08
14.61
15.93
16.63
16.47
16.48
18.94
20.98
23.07
23.09
23.32
24.00
23.90
24.52
24.76
24.96
24.83
24.61
23.85
23.47
23.02
120.7
120.4
120.5
120.7
120.9
121.0
121.2
121.6
122.6
123.5
123.6
124.9
124.8
126.5
128.1
130.3
131.4
133.0
134.3
132.9
133.1
135.9
137.7
139.6
141.3
143.8
147.5
149.3
151.8
153.0
151.7
152.7
150.6
150.3
146.2
140.4
135.5
129.7
123.3
119.0
109.5
104.5
94.98
87.01
78.79
68.81
60.98
53.53
47.07
40.69
36.01
31.86
29.04
26.52
24.93
23.92
23.27
22.92
22.45
22.27
21.97
21.67
21.40
20.89
20.43
19.90
19.40
18.90
18.30
17.66
17.26
16.88
16.45
15.87
15.39
14.77
14.08
13.39
12.70
12.02
11.27
10.26
9.074
7.934
7.031
6.003
4.752
3.992
3.438
3.197
3.087
3.104
3.162
3.218
3.280
3.283
3.251
3.182
3.134
3.097
3.054
3.033
3.025
3.019
3.008
2.996
2.979
2.976
2.966
2.974
2.950
2.923
2.915
3.025
3.446
3.345
3.239
3.247
3.265
3.117
3.038
3.046
3.075
3.090
3.110
3.124
3.135
3.138
3.148
3.178
3.223
3.254
3.287
3.310
3.354
3.408
3.512
3.644
3.766
3.859
4.653
7.589
9.130
12.08
15.77
15.04
17.54
20.69
17.45
18.96
22.12
20.41
19.19
15.96
14.90
14.89
15.21
16.07
15.49
14.51
14.17
14.58
15.12
15.64
16.52
17.35
19.03
21.65
21.04
22.29
22.75
22.52
24.03
24.38
24.23
24.18
24.44
24.33
24.05
23.93
23.57
121.3
121.0
120.8
120.5
121.2
121.8
121.5
121.6
122.6
123.9
124.4
125.9
126.8
129.0
129.9
132.2
135.8
137.3
138.5
138.8
138.5
141.3
143.4
146.8
148.5
151.9
157.4
159.6
162.7
165.7
170.3
175.3
173.8
174.9
180.8
175.9
172.4
170.7
168.4
164.6
161.4
155.7
151.0
143.2
135.1
128.2
121.2
111.8
103.8
94.30
84.55
75.53
65.43
57.30
50.36
45.01
41.35
37.90
35.93
34.39
33.16
31.63
30.51
29.29
28.30
27.06
25.96
24.83
23.64
22.47
21.25
20.22
19.33
18.23
17.17
15.89
14.68
13.42
12.18
11.15
10.06
9.116
8.134
7.160
6.324
5.597
4.679
3.971
3.533
3.283
3.201
3.212
3.276
3.336
3.401
3.418
3.369
3.293
3.241
3.200
3.155
3.129
3.122
3.105
3.089
3.081
3.074
3.061
3.042
3.025
3.014
2.991
2.990
3.004
3.077
3.401
5.491
3.572
3.182
3.158
3.146
3.161
3.237
3.498
3.354
3.263
3.239
3.250
3.263
3.294
3.332
3.367
3.401
3.426
3.460
3.514
3.604
3.713
3.814
3.915
4.719
6.389
9.682
14.87
13.70
15.78
21.89
19.29
19.87
15.99
15.52
17.61
17.98
18.34
17.76
16.21
14.89
14.70
14.68
14.82
14.66
14.18
14.51
15.52
16.42
17.41
18.94
21.31
22.68
21.57
22.09
22.03
22.66
23.50
24.59
24.51
23.90
23.90
24.04
23.91
23.60
120.9
120.5
120.7
121.1
121.9
123.0
122.3
123.2
123.4
125.5
126.7
128.0
129.1
130.8
132.8
135.6
138.2
140.2
141.5
142.9
144.6
145.9
147.2
152.0
154.6
161.4
163.2
169.2
174.6
177.6
182.3
186.5
191.1
195.1
202.5
207.0
202.0
206.4
210.7
219.7
216.3
204.7
202.5
202.8
206.1
196.0
193.1
186.8
178.9
170.3
161.7
152.7
142.4
136.0
125.7
117.7
109.2
102.7
96.16
90.29
84.43
79.24
75.29
69.72
66.57
62.40
57.84
53.99
49.54
46.50
42.70
40.14
36.70
33.80
30.66
26.59
22.95
19.33
15.82
12.80
10.93
9.273
8.116
7.021
6.228
5.480
4.646
4.015
3.618
3.407
3.329
3.355
3.417
3.483
3.555
3.565
3.512
3.439
3.386
3.351
3.297
3.268
3.255
3.229
3.222
3.220
3.206
3.185
3.159
3.143
3.124
3.103
3.078
3.052
3.218
3.142
3.140
3.449
3.745
3.783
3.707
3.430
3.307
3.316
3.319
3.320
3.325
3.340
3.356
3.383
3.437
3.464
3.499
3.528
3.567
3.616
3.718
3.815
3.918
4.162
5.979
6.977
8.490
11.65
17.56
21.42
19.07
19.39
20.26
20.44
17.98
16.34
16.66
16.45
16.49
16.26
15.69
14.01
14.03
14.53
15.30
15.80
16.50
16.50
16.46
16.50
18.59
19.93
22.00
22.06
21.85
22.13
22.18
22.83
23.34
24.33
24.35
24.29
23.76
23.71
23.63
121.3
121.1
120.9
120.9
122.0
122.2
122.8
123.8
124.8
125.4
127.2
128.7
130.7
132.2
134.7
138.6
141.5
144.3
144.5
147.3
147.9
150.5
153.6
157.4
161.3
165.3
171.1
176.9
183.3
187.4
191.7
196.7
201.6
209.0
212.6
216.7
215.4
227.2
225.3
230.2
233.7
233.0
235.3
241.7
239.6
242.6
240.3
239.6
236.6
234.7
230.6
228.8
224.4
218.8
210.8
208.7
204.1
196.5
192.9
184.4
176.1
169.1
161.8
152.6
145.2
135.1
125.2
115.2
105.6
94.97
86.74
78.49
71.90
63.71
57.16
49.67
41.20
34.61
26.77
20.06
15.57
12.33
10.31
8.420
7.253
6.265
5.149
4.340
3.855
3.577
3.497
3.496
3.566
3.648
3.705
3.721
3.681
3.600
3.525
3.480
3.421
3.399
3.389
3.367
3.345
3.335
3.320
3.290
3.276
3.286
3.271
3.238
3.222
3.281
3.726
3.599
3.517
3.532
3.524
3.407
3.317
3.345
3.372
3.394
3.410
3.421
3.441
3.452
3.464
3.496
3.537
3.584
3.622
3.639
3.669
3.720
3.790
3.883
4.000
4.139
5.188
8.043
10.12
11.78
14.38
15.20
17.13
18.59
18.30
20.72
19.96
18.62
16.20
14.74
14.64
15.11
15.58
16.16
15.69
14.92
14.80
15.16
15.33
15.70
15.67
16.85
18.25
20.20
19.47
20.60
21.01
21.41
21.83
22.34
22.97
23.26
23.98
24.02
23.88
24.00
23.75
120.7
120.9
121.0
120.9
121.8
122.5
123.8
124.3
126.9
125.5
128.8
130.6
133.8
134.6
137.1
140.3
143.9
145.6
149.1
150.7
151.8
154.8
159.3
163.7
168.4
172.8
178.0
183.4
189.5
195.5
201.2
207.2
214.1
223.7
224.3
224.9
229.0
235.1
238.3
242.9
249.4
251.2
253.4
255.5
259.5
259.3
262.9
266.4
266.5
267.9
268.7
269.0
265.4
264.5
265.0
266.5
266.1
260.2
255.8
248.5
243.4
234.8
225.7
221.0
208.4
192.9
179.4
165.5
152.4
137.8
123.4
112.7
100.1
88.45
76.16
65.24
54.58
43.40
34.24
25.68
19.69
15.33
12.13
9.631
8.119
6.865
5.421
4.541
4.047
3.758
3.676
3.695
3.752
3.823
3.894
3.913
3.876
3.777
3.703
3.636
3.590
3.558
3.534
3.507
3.486
3.466
3.457
3.419
3.394
3.366
3.356
3.331
3.339
3.338
3.436
4.021
5.485
4.193
3.571
3.494
3.423
3.419
3.470
3.663
3.656
3.599
3.548
3.551
3.572
3.603
3.643
3.667
3.708
3.740
3.766
3.813
3.902
3.981
4.075
4.231
5.514
6.618
12.23
15.43
13.70
14.31
18.70
18.46
16.23
14.05
14.98
14.97
15.82
16.36
15.08
13.96
13.56
13.36
13.66
13.86
13.69
13.41
13.53
14.85
15.50
16.51
18.11
20.09
20.90
19.34
20.09
19.76
19.98
21.99
22.79
23.15
23.19
23.29
23.66
23.92
23.76
