SALVI
1
0
72
5.00
181
1.00
260105 ICON 2x2 5050 350mA F2M2 PMMA SC
ICON 2x2 5050 F2M2 PMMA SC

260105 ICON 2x2 5050 350mA F2M2 PMMA SC.ldt
26 Gener 2026/TB
570
0
235
360
0
0
0
0
0
96.1
100.0
1.000
0.0
1
1
24 LEDs 5050
4184.1
3000
70
25.8
0.201
0.283
0.368
0.445
0.503
0.595
0.648
0.699
0.760
0.799
0.0
5.0
10.0
15.0
20.0
25.0
30.0
35.0
40.0
45.0
50.0
55.0
60.0
65.0
70.0
75.0
80.0
85.0
90.0
95.0
100.0
105.0
110.0
115.0
120.0
125.0
130.0
135.0
140.0
145.0
150.0
155.0
160.0
165.0
170.0
175.0
180.0
185.0
190.0
195.0
200.0
205.0
210.0
215.0
220.0
225.0
230.0
235.0
240.0
245.0
250.0
255.0
260.0
265.0
270.0
275.0
280.0
285.0
290.0
295.0
300.0
305.0
310.0
315.0
320.0
325.0
330.0
335.0
340.0
345.0
350.0
355.0
0.0
1.0
2.0
3.0
4.0
5.0
6.0
7.0
8.0
9.0
10.0
11.0
12.0
13.0
14.0
15.0
16.0
17.0
18.0
19.0
20.0
21.0
22.0
23.0
24.0
25.0
26.0
27.0
28.0
29.0
30.0
31.0
32.0
33.0
34.0
35.0
36.0
37.0
38.0
39.0
40.0
41.0
42.0
43.0
44.0
45.0
46.0
47.0
48.0
49.0
50.0
51.0
52.0
53.0
54.0
55.0
56.0
57.0
58.0
59.0
60.0
61.0
62.0
63.0
64.0
65.0
66.0
67.0
68.0
69.0
70.0
71.0
72.0
73.0
74.0
75.0
76.0
77.0
78.0
79.0
80.0
81.0
82.0
83.0
84.0
85.0
86.0
87.0
88.0
89.0
90.0
91.0
92.0
93.0
94.0
95.0
96.0
97.0
98.0
99.0
100.0
101.0
102.0
103.0
104.0
105.0
106.0
107.0
108.0
109.0
110.0
111.0
112.0
113.0
114.0
115.0
116.0
117.0
118.0
119.0
120.0
121.0
122.0
123.0
124.0
125.0
126.0
127.0
128.0
129.0
130.0
131.0
132.0
133.0
134.0
135.0
136.0
137.0
138.0
139.0
140.0
141.0
142.0
143.0
144.0
145.0
146.0
147.0
148.0
149.0
150.0
151.0
152.0
153.0
154.0
155.0
156.0
157.0
158.0
159.0
160.0
161.0
162.0
163.0
164.0
165.0
166.0
167.0
168.0
169.0
170.0
171.0
172.0
173.0
174.0
175.0
176.0
177.0
178.0
179.0
180.0
211.9
212.5
212.1
212.3
211.7
212.2
212.5
209.1
210.1
210.9
210.6
210.6
209.3
210.3
209.4
211.8
209.5
209.5
206.9
206.5
202.6
202.0
201.1
201.9
204.4
206.6
207.8
212.0
214.4
217.7
219.1
221.5
226.5
228.1
231.6
238.5
248.9
251.9
260.4
261.4
269.8
271.0
268.0
274.0
281.8
285.5
290.4
294.3
297.8
302.0
303.0
308.7
314.0
322.0
329.2
336.6
345.6
355.8
363.5
364.1
365.0
366.0
372.4
371.4
369.4
370.8
368.4
361.7
355.6
349.7
347.4
340.2
335.4
326.5
309.5
286.6
251.8
206.2
151.8
99.42
60.90
41.96
26.50
13.49
9.874
8.063
6.608
5.608
4.905
4.546
4.351
4.316
4.344
4.401
4.511
4.598
4.535
4.388
4.278
4.200
4.111
4.037
3.991
3.936
3.884
3.848
3.812
3.756
3.716
3.679
3.641
3.583
3.530
3.468
3.448
3.747
3.965
4.052
4.492
4.572
4.135
3.805
3.589
3.595
3.613
3.629
3.640
3.654
3.668
3.686
3.718
3.750
3.788
3.810
3.832
3.865
3.931
3.996
4.078
4.282
5.400
6.118
7.473
7.641
7.944
10.91
11.72
13.23
11.65
10.97
10.43
10.15
9.787
9.452
8.938
8.506
8.307
8.705
9.093
9.301
9.468
10.07
10.53
11.17
11.58
12.74
16.41
18.01
18.72
17.75
17.24
16.94
17.69
19.51
21.38
22.50
23.09
23.27
23.74
24.21
24.30
211.1
211.4
212.2
212.0
212.1
212.8
212.1
209.9
210.7
211.5
212.3
212.7
212.6
213.2
211.1
212.6
213.0
213.0
210.7
207.9
205.9
205.0
205.5
205.3
208.1
208.3
210.9
212.8
217.3
221.0
222.5
224.0
229.5
235.7
236.9
241.8
239.4
245.4
246.3
251.6
257.8
262.1
266.9
272.2
275.4
281.7
285.6
290.1
293.8
297.7
303.9
311.5
317.1
322.2
326.4
339.1
349.2
351.8
358.7
365.3
367.3
370.0
373.0
376.5
377.5
381.2
374.8
375.9
372.6
368.2
361.6
357.9
357.1
342.7
330.5
303.6
265.2
213.3
159.5
105.7
64.46
38.39
24.06
15.81
11.42
8.870
7.117
5.971
5.098
4.724
4.502
4.454
4.475
4.527
4.625
4.697
4.657
4.500
4.382
4.291
4.210
4.133
4.125
4.123
4.028
3.949
3.894
3.844
3.813
3.760
3.728
3.673
3.650
3.860
4.018
4.000
3.981
3.978
3.859
3.674
3.582
3.672
3.753
3.763
3.678
3.667
3.683
3.686
3.696
3.709
3.737
3.766
3.798
3.811
3.833
3.867
3.924
3.970
4.044
4.122
5.113
6.647
6.891
9.621
9.656
10.37
9.305
9.964
9.521
10.31
9.214
8.779
8.497
8.600
8.144
8.295
8.115
7.947
8.011
8.229
8.336
8.760
9.205
9.489
10.11
10.69
12.59
14.74
17.53
18.72
17.73
17.58
17.26
18.89
20.38
22.05
22.81
23.40
23.65
24.02
24.13
211.1
211.3
212.8
212.5
213.5
214.2
213.2
212.6
213.0
213.3
213.6
215.0
215.3
216.2
215.2
215.6
217.7
214.1
214.9
213.1
208.6
209.4
208.1
208.5
211.5
211.4
211.6
216.2
218.5
220.5
224.9
230.0
235.1
240.4
239.1
239.1
239.9
244.7
249.6
252.7
260.2
261.3
268.4
271.3
275.0
277.3
282.7
288.7
296.4
303.1
308.7
317.5
318.9
321.9
332.7
344.1
358.1
363.2
370.7
374.0
379.7
383.9
393.8
396.4
396.9
400.9
396.4
399.3
391.0
394.9
389.3
392.0
378.9
373.0
351.9
317.6
275.6
209.9
151.8
94.36
59.73
39.99
26.96
15.26
11.36
8.918
7.069
5.909
5.142
4.756
4.543
4.493
4.516
4.570
4.667
4.723
4.664
4.511
4.412
4.305
4.224
4.152
4.146
4.097
4.008
3.955
3.914
3.863
3.822
3.767
3.748
3.719
3.816
3.881
4.054
3.955
3.863
3.843
4.016
3.871
3.576
3.658
3.797
3.965
3.799
3.716
3.672
3.674
3.678
3.697
3.736
3.756
3.794
3.808
3.820
3.856
3.923
3.958
4.025
4.270
4.789
6.082
7.770
10.62
8.573
10.09
11.51
9.942
9.969
9.555
9.590
8.885
8.234
8.006
8.122
8.065
8.044
8.284
8.454
8.439
8.722
9.063
9.263
10.00
10.94
11.48
13.48
15.26
16.00
16.60
17.76
17.69
17.29
18.84
20.23
21.80
22.86
23.30
23.73
23.86
24.08
211.4
211.9
213.5
212.9
213.9
215.4
214.6
215.4
215.1
215.0
214.4
217.0
216.2
218.2
217.9
217.8
219.6
219.3
219.1
215.9
211.6
210.9
211.7
211.3
211.7
214.6
215.5
219.3
218.7
221.9
224.6
231.4
229.7
229.9
235.4
245.3
248.6
255.3
274.3
267.0
267.4
274.5
272.9
274.3
289.8
290.8
298.0
302.5
304.9
313.3
318.5
321.3
328.9
338.0
345.9
358.6
367.4
380.9
394.9
403.2
407.2
417.5
423.2
425.4
428.7
436.8
437.3
435.8
428.1
424.0
422.5
413.8
410.8
401.0
377.6
337.4
285.7
224.2
160.2
96.45
52.01
30.98
21.09
14.86
11.45
9.223
7.363
6.116
5.204
4.798
4.525
4.483
4.498
4.533
4.623
4.705
4.683
4.522
4.398
4.298
4.216
4.135
4.078
4.039
3.982
3.927
3.886
3.837
3.780
3.735
3.698
3.655
3.582
3.532
3.496
3.651
4.193
4.456
4.450
4.398
4.175
3.900
3.629
3.632
3.644
3.651
3.657
3.667
3.682
3.699
3.722
3.746
3.780
3.798
3.818
3.852
3.899
3.948
4.021
4.217
5.217
5.837
7.310
7.512
8.603
12.25
11.05
12.78
10.97
10.19
9.849
9.407
9.308
8.979
8.982
8.546
8.334
8.367
8.557
8.748
9.156
9.116
9.683
10.42
10.92
11.88
15.08
16.68
18.39
17.09
16.24
16.55
17.36
18.54
20.54
21.72
22.50
23.02
23.67
23.99
24.15
211.3
212.0
214.3
213.5
214.5
216.2
215.8
217.2
216.8
217.0
216.2
217.3
219.1
218.9
219.9
219.8
220.3
220.9
219.9
216.5
214.6
211.8
210.4
212.1
213.2
215.8
217.2
218.7
221.8
223.6
228.4
231.0
233.4
236.5
241.8
248.9
243.8
247.2
252.9
255.8
262.5
263.6
265.5
274.5
281.6
283.2
286.6
291.8
299.0
304.6
311.4
318.0
327.2
332.8
338.8
352.5
366.5
372.8
382.9
389.8
397.6
401.4
407.4
413.7
418.3
418.5
417.1
414.3
408.4
399.2
391.7
384.4
371.3
348.4
323.8
283.7
223.4
163.7
109.5
70.86
46.07
30.64
17.06
13.00
10.68
8.770
7.101
5.886
5.053
4.628
4.412
4.378
4.397
4.455
4.541
4.620
4.578
4.414
4.329
4.228
4.153
4.097
4.121
4.073
3.965
3.906
3.848
3.791
3.772
3.738
3.707
3.651
3.639
3.866
4.145
3.991
3.912
3.849
3.753
3.654
3.557
3.562
3.703
3.726
3.677
3.684
3.651
3.647
3.659
3.681
3.708
3.734
3.769
3.785
3.795
3.824
3.891
3.934
4.008
4.081
4.989
6.723
7.660
9.819
10.05
10.34
9.988
9.849
11.16
10.83
9.339
8.910
8.851
8.745
8.370
8.268
8.394
8.202
8.415
8.564
8.781
9.226
9.701
10.18
10.89
12.00
14.06
15.34
18.45
18.65
17.10
19.55
17.66
18.77
20.11
21.69
22.55
23.19
23.46
23.96
24.06
211.5
212.1
214.2
215.4
215.3
217.8
217.2
219.6
219.0
219.1
219.3
218.8
221.2
220.4
219.1
221.1
222.8
222.9
222.6
220.4
216.2
215.6
215.9
214.9
214.2
217.6
216.6
221.3
222.6
226.8
228.3
231.2
237.9
243.4
244.7
241.6
241.4
245.2
247.7
259.5
262.1
267.0
272.1
274.3
278.1
284.1
286.9
293.0
301.0
303.6
316.6
321.5
324.9
328.6
340.0
353.3
365.3
373.7
381.4
383.6
391.6
393.1
393.7
398.8
398.5
392.1
388.0
381.6
373.7
365.2
348.3
338.6
321.4
302.4
272.4
229.3
176.4
123.5
70.83
35.61
19.05
14.08
12.39
10.87
9.570
8.261
6.902
5.761
4.916
4.507
4.280
4.243
4.270
4.333
4.419
4.509
4.477
4.339
4.239
4.150
4.076
4.015
4.015
3.990
3.900
3.851
3.802
3.742
3.705
3.683
3.654
3.613
3.585
3.755
3.867
3.929
3.825
3.767
3.737
3.677
3.522
3.610
3.825
3.719
3.698
3.637
3.630
3.642
3.657
3.669
3.704
3.735
3.772
3.783
3.801
3.825
3.887
3.946
4.020
4.128
4.747
6.104
7.641
10.83
9.939
9.642
11.58
12.62
12.77
11.22
10.66
9.855
8.787
8.499
8.513
8.718
8.605
8.629
8.968
9.403
9.773
10.05
10.29
10.93
12.04
12.73
14.46
16.55
17.41
17.42
18.30
17.39
17.75
19.04
20.10
21.62
22.63
23.26
23.50
23.80
23.93
211.1
212.2
214.6
215.9
216.3
218.3
219.2
219.7
219.7
219.5
220.7
220.4
222.8
222.7
223.1
224.4
225.8
224.4
222.8
221.7
217.8
216.5
216.7
216.7
216.6
219.0
221.0
223.3
225.8
229.3
231.0
233.1
237.0
240.1
246.0
247.2
252.1
254.1
280.0
290.4
273.4
272.8
281.8
287.9
294.3
297.8
303.7
307.7
315.5
319.8
322.5
326.2
334.0
343.5
348.8
357.8
365.8
375.1
385.0
389.3
386.7
387.3
384.6
376.3
374.1
366.8
357.7
347.6
330.5
315.6
302.5
280.3
264.4
236.4
202.2
162.7
112.7
77.61
52.69
27.97
13.99
12.07
10.60
9.336
8.214
7.117
6.054
5.134
4.554
4.211
4.076
4.051
4.094
4.170
4.279
4.365
4.294
4.177
4.090
4.015
3.939
3.880
3.837
3.797
3.764
3.731
3.690
3.644
3.607
3.567
3.533
3.491
3.437
3.383
3.359
3.407
4.123
4.341
4.150
4.418
4.315
4.013
3.666
3.610
3.611
3.612
3.602
3.614
3.622
3.642
3.681
3.707
3.747
3.762
3.777
3.801
3.866
3.931
4.010
4.170
5.511
6.061
7.842
8.429
8.834
13.25
15.26
15.77
14.43
12.49
12.61
11.84
11.54
10.51
9.744
9.681
9.440
9.364
9.722
10.34
10.65
10.95
11.71
12.65
13.37
14.38
16.20
16.68
18.83
19.32
16.64
17.12
17.80
18.96
20.59
21.91
22.51
22.79
23.49
23.80
24.05
211.2
212.4
213.8
217.0
217.2
219.3
220.5
220.6
220.2
220.7
222.1
223.0
222.2
224.7
225.7
226.0
224.2
227.0
225.1
225.1
221.8
218.2
216.9
218.1
219.1
220.8
223.8
226.4
228.4
232.7
232.9
237.0
241.1
244.9
246.2
252.3
255.5
255.3
259.6
262.9
269.6
274.1
276.6
280.5
285.3
292.4
295.6
299.3
304.1
309.1
312.7
320.4
323.1
324.8
329.1
335.6
341.1
344.1
343.4
338.5
335.7
333.0
329.3
320.2
312.4
301.5
288.3
276.0
266.3
239.4
221.4
206.5
184.1
156.9
129.8
102.5
70.79
43.66
23.74
14.88
11.89
10.64
9.564
8.584
7.712
6.998
6.082
5.168
4.444
4.102
3.890
3.873
3.921
4.008
4.117
4.211
4.200
4.073
3.993
3.924
3.852
3.794
3.799
3.764
3.706
3.660
3.625
3.571
3.555
3.552
3.545
3.524
3.470
3.721
3.769
3.894
3.839
3.807
3.683
3.651
3.573
3.496
3.533
3.686
3.696
3.633
3.612
3.605
3.624
3.641
3.653
3.705
3.737
3.754
3.774
3.800
3.856
3.925
4.003
4.071
4.520
6.363
8.003
10.61
13.64
14.48
13.03
13.85
14.31
15.30
12.73
11.73
11.64
11.55
11.10
10.78
10.31
10.19
10.22
10.49
10.62
11.02
11.54
11.88
12.64
13.46
14.98
16.67
18.09
18.90
17.03
17.72
18.15
19.00
19.94
21.79
22.44
23.03
23.12
23.56
23.91
211.7
212.6
214.2
217.9
218.2
219.7
221.1
221.1
222.1
221.5
224.0
225.0
222.9
225.4
226.8
228.3
226.5
227.1
226.5
224.2
222.4
220.0
220.6
220.5
221.9
224.1
224.9
228.4
233.2
234.3
237.3
239.4
243.2
250.3
252.6
258.3
252.4
258.6
265.3
269.7
276.9
279.6
284.8
285.0
287.7
295.6
298.8
303.1
307.1
310.5
314.4
317.7
315.9
316.0
318.5
320.9
325.7
319.2
312.0
305.7
298.9
291.3
280.8
271.5
258.3
243.2
225.3
208.0
189.6
173.4
156.8
141.1
125.9
105.2
86.48
66.46
45.76
25.05
15.79
12.01
10.59
9.748
9.193
8.758
8.280
7.558
6.262
5.095
4.287
3.898
3.713
3.711
3.776
3.870
3.991
4.087
4.046
3.950
3.868
3.804
3.748
3.708
3.692
3.671
3.649
3.597
3.561
3.510
3.492
3.495
3.476
3.433
3.394
3.692
3.865
3.695
3.692
3.743
4.018
4.142
3.866
3.969
3.727
3.599
3.597
3.558
3.560
3.572
3.592
3.612
3.648
3.686
3.723
3.741
3.758
3.782
3.850
3.937
4.014
4.090
4.668
6.662
9.739
12.33
13.85
14.68
16.64
18.76
18.65
16.91
14.52
13.38
11.84
11.50
11.41
11.86
11.98
11.81
11.40
11.94
12.48
12.88
12.86
13.60
14.23
14.85
16.27
18.44
17.65
17.89
19.61
18.09
18.13
19.08
20.02
21.22
22.46
22.94
23.18
23.40
23.58
211.5
212.8
214.6
216.9
218.7
219.2
221.8
223.2
223.1
222.9
224.6
226.0
225.9
225.7
228.0
228.2
228.2
229.9
229.9
227.9
224.3
221.1
221.5
220.6
223.0
224.1
226.7
231.0
233.2
239.3
241.4
244.1
249.7
253.7
256.7
262.5
266.1
264.8
280.4
319.2
317.6
283.7
294.6
302.9
311.1
312.8
317.0
322.5
319.5
317.5
315.5
314.5
315.3
316.1
314.5
307.9
304.7
301.9
294.2
283.5
272.2
258.9
243.2
228.2
211.4
195.5
180.0
161.3
147.6
133.8
120.1
107.1
93.35
80.16
64.98
48.04
32.66
22.23
15.85
12.70
11.86
11.88
11.63
10.85
9.953
8.661
6.924
5.385
4.338
3.851
3.590
3.582
3.635
3.723
3.849
3.973
3.966
3.867
3.802
3.718
3.667
3.600
3.574
3.558
3.551
3.521
3.488
3.446
3.417
3.399
3.372
3.351
3.310
3.263
3.258
3.427
3.932
4.224
4.703
4.527
4.008
3.649
3.473
3.504
3.525
3.527
3.533
3.555
3.566
3.586
3.623
3.670
3.707
3.724
3.739
3.779
3.840
3.935
4.031
4.100
5.113
7.375
9.382
10.22
11.26
16.64
21.67
24.34
21.90
19.36
18.56
17.02
15.49
14.57
13.51
13.06
12.61
12.28
12.53
13.41
13.71
14.19
14.60
15.68
16.16
17.11
17.32
17.23
18.91
19.93
18.81
17.57
17.76
18.58
20.51
21.41
21.86
21.93
23.02
23.48
23.66
211.4
213.3
215.9
217.8
219.5
220.6
222.9
224.0
225.0
226.0
226.5
227.9
227.2
227.6
229.7
229.7
229.4
231.4
230.9
229.4
226.9
222.8
224.3
224.8
226.8
228.9
230.4
232.6
236.1
240.1
247.3
250.1
254.9
259.6
267.8
272.4
269.2
277.8
281.1
289.9
293.2
295.7
298.8
301.5
304.9
310.2
304.5
305.4
305.0
304.4
307.0
303.2
296.1
289.3
281.1
281.2
269.1
262.1
251.7
236.3
220.7
205.5
190.6
175.6
161.6
146.8
134.5
125.1
115.2
103.1
93.18
82.29
72.42
61.39
50.34
38.26
27.38
20.82
15.86
13.71
12.69
12.01
11.09
10.05
8.948
7.564
5.980
4.686
3.940
3.595
3.446
3.457
3.530
3.624
3.759
3.850
3.804
3.720
3.673
3.615
3.563
3.516
3.505
3.501
3.483
3.453
3.427
3.377
3.360
3.343
3.348
3.338
3.391
3.542
3.848
3.813
3.770
4.042
4.535
4.028
3.422
3.412
3.586
3.759
3.703
3.577
3.543
3.548
3.564
3.572
3.608
3.656
3.689
3.705
3.732
3.767
3.842
3.948
4.028
4.104
4.840
6.678
9.593
15.77
19.25
19.95
18.44
21.72
21.61
21.72
18.47
16.64
16.51
15.91
14.91
14.26
14.00
13.46
13.39
13.19
12.95
13.17
13.63
14.43
14.86
16.03
16.65
18.31
19.30
18.78
16.52
16.90
18.23
18.97
19.68
21.34
21.79
22.00
22.24
23.36
23.63
211.2
213.1
215.1
217.9
219.6
221.7
223.2
224.7
225.1
226.2
227.7
227.5
228.1
228.9
229.5
232.5
231.9
231.0
231.2
230.5
227.9
225.6
224.8
226.3
228.1
230.6
233.7
236.9
240.3
245.3
249.1
255.3
259.1
265.1
272.2
280.5
278.6
278.6
288.9
300.3
302.1
304.4
310.4
308.1
313.8
310.4
308.7
306.6
302.0
303.0
299.7
291.1
284.2
273.7
267.8
260.8
255.3
239.1
226.5
207.3
194.7
181.0
168.2
156.1
144.4
132.8
123.7
114.2
103.4
93.45
84.40
74.63
65.85
56.51
46.57
37.60
28.53
22.60
17.88
14.95
13.17
12.02
10.78
9.488
8.385
7.004
5.588
4.441
3.791
3.465
3.342
3.360
3.425
3.519
3.637
3.736
3.711
3.635
3.572
3.515
3.467
3.416
3.396
3.391
3.385
3.360
3.335
3.309
3.282
3.294
3.325
3.300
3.278
3.344
3.873
3.759
3.618
3.555
3.580
3.514
3.383
3.458
3.526
3.635
3.616
3.529
3.523
3.523
3.543
3.560
3.600
3.640
3.674
3.692
3.729
3.767
3.826
3.945
4.036
4.111
4.372
7.292
11.85
14.87
16.64
20.36
22.88
25.26
25.71
24.09
19.16
17.42
15.67
15.08
15.33
15.88
15.46
15.04
14.34
14.75
15.24
15.52
15.63
15.33
15.47
15.57
16.58
17.61
17.03
16.58
17.28
17.03
17.80
19.16
19.57
20.22
21.49
22.01
22.29
22.38
22.79
211.7
213.1
215.8
218.7
220.2
222.5
224.1
223.7
226.3
227.5
227.5
228.7
228.5
229.7
231.1
231.7
232.9
234.2
233.0
230.4
227.5
225.2
224.5
223.3
228.3
230.1
234.8
240.1
243.2
247.0
253.2
261.2
264.0
270.0
278.6
287.1
292.7
291.1
304.1
337.2
319.6
319.6
323.9
321.0
321.6
321.6
320.4
315.4
309.5
301.3
296.3
286.2
278.4
269.8
260.8
250.6
239.2
225.2
211.1
198.1
182.8
170.6
156.3
146.9
134.8
127.1
117.1
105.7
95.69
89.40
78.36
70.09
61.89
53.69
45.88
38.08
29.83
24.28
19.59
15.82
13.83
12.18
10.60
9.056
7.748
6.535
5.179
4.228
3.662
3.361
3.271
3.289
3.368
3.451
3.583
3.692
3.658
3.572
3.516
3.461
3.414
3.371
3.349
3.337
3.329
3.326
3.300
3.272
3.244
3.232
3.220
3.192
3.177
3.161
3.144
3.149
3.235
3.934
4.858
4.936
4.485
3.703
3.474
3.487
3.482
3.483
3.483
3.491
3.515
3.529
3.550
3.607
3.648
3.673
3.700
3.744
3.830
3.959
4.027
4.139
5.245
8.585
11.81
12.80
15.01
21.31
28.01
31.79
28.04
23.25
21.94
20.73
19.36
17.53
16.66
15.78
14.96
14.99
15.17
15.26
15.95
16.27
17.16
17.74
17.76
17.35
17.55
16.76
16.98
17.23
18.53
17.48
17.78
18.22
20.20
20.41
20.89
20.76
22.01
22.48
22.73
211.1
213.4
215.8
218.2
220.7
223.2
223.2
224.5
226.4
228.8
228.8
228.9
230.4
230.3
231.8
232.2
232.5
233.9
233.2
232.1
229.3
226.8
226.9
228.4
231.2
233.0
235.6
240.9
243.8
250.4
256.4
260.4
266.5
274.9
284.2
290.6
289.1
288.3
299.4
308.2
311.0
309.4
308.1
308.8
309.7
308.2
302.4
296.7
291.9
283.4
277.6
268.3
258.8
251.3
235.2
227.0
219.2
202.9
189.4
174.9
162.5
154.8
144.6
134.5
124.4
116.0
106.6
97.71
90.16
80.93
73.82
67.77
59.10
51.94
46.23
38.38
30.90
25.21
20.83
17.13
14.23
12.22
10.65
9.276
7.982
6.851
5.506
4.366
3.714
3.343
3.217
3.235
3.299
3.386
3.507
3.626
3.604
3.532
3.466
3.422
3.374
3.338
3.332
3.338
3.313
3.297
3.269
3.254
3.229
3.243
3.260
3.248
3.248
3.458
3.851
3.673
3.618
3.635
3.633
3.379
3.341
3.365
3.410
3.475
3.565
3.563
3.487
3.496
3.506
3.520
3.546
3.605
3.641
3.666
3.695
3.742
3.809
3.940
4.035
4.144
4.768
6.469
10.27
17.76
22.60
24.25
22.38
21.20
24.59
24.01
22.92
20.03
18.99
17.71
17.31
16.48
16.57
15.70
14.87
14.46
14.19
14.77
15.97
16.55
16.89
16.62
17.36
17.85
18.68
18.87
17.05
16.66
18.01
18.59
18.98
20.06
20.52
21.06
21.36
22.05
22.48
212.2
214.1
216.0
218.9
221.4
224.2
223.9
226.5
227.6
229.0
230.7
229.9
230.5
230.0
230.3
232.7
235.4
233.5
233.3
231.2
229.5
227.7
227.6
230.2
231.4
235.2
238.0
240.8
246.9
252.8
259.6
265.4
272.4
278.5
285.9
291.3
291.1
302.5
305.1
308.1
311.1
306.0
308.4
305.8
305.7
301.7
294.6
286.6
281.7
273.3
262.6
256.7
245.8
229.8
220.8
210.3
200.2
188.5
174.7
162.4
151.8
142.1
134.3
128.3
117.6
108.6
101.2
93.15
84.60
76.69
70.62
64.58
58.54
51.72
45.73
38.72
31.79
26.26
21.68
17.53
14.34
12.56
10.81
9.420
8.299
7.043
5.454
4.317
3.660
3.271
3.169
3.199
3.260
3.353
3.487
3.591
3.558
3.491
3.443
3.401
3.342
3.304
3.293
3.297
3.287
3.279
3.262
3.232
3.220
3.243
3.262
3.264
3.235
3.468
3.836
3.794
3.634
3.616
3.561
3.380
3.354
3.370
3.436
3.648
3.573
3.489
3.483
3.485
3.489
3.498
3.534
3.602
3.634
3.649
3.679
3.735
3.822
3.948
4.018
4.113
4.504
8.071
13.33
17.70
20.22
22.12
23.68
26.00
25.63
24.24
21.43
18.92
17.13
16.25
15.82
16.46
16.30
16.14
15.72
15.55
15.66
15.55
15.12
14.86
15.04
15.47
16.15
16.66
16.90
17.02
17.12
16.91
17.53
18.42
18.68
19.26
20.31
21.03
21.42
21.08
21.62
211.4
213.9
215.1
218.3
221.3
224.3
225.3
226.5
228.1
228.2
228.8
229.9
232.0
233.3
231.2
232.7
237.1
238.1
236.6
233.7
229.6
226.2
227.9
229.6
232.3
233.7
237.3
242.2
248.7
254.0
258.9
267.5
271.1
276.0
283.3
294.5
301.6
299.7
303.4
318.9
324.4
309.4
307.5
306.8
303.6
300.2
293.7
284.9
279.7
270.3
255.6
244.9
234.3
226.6
214.6
200.2
191.8
181.1
171.5
162.3
151.8
143.6
135.4
125.3
117.9
109.0
102.6
93.09
85.24
80.07
72.40
66.18
61.98
54.97
49.20
41.66
35.11
29.18
23.47
18.98
15.58
13.26
11.48
9.846
8.432
7.247
5.702
4.428
3.742
3.256
3.136
3.170
3.226
3.308
3.423
3.555
3.534
3.474
3.417
3.377
3.315
3.269
3.245
3.238
3.254
3.251
3.230
3.219
3.189
3.178
3.166
3.144
3.129
3.122
3.126
3.156
3.236
3.862
5.039
5.027
4.293
3.574
3.433
3.461
3.474
3.474
3.477
3.482
3.487
3.507
3.531
3.587
3.623
3.640
3.673
3.715
3.795
3.923
4.004
4.117
4.870
7.952
12.35
14.02
15.95
22.35
29.92
33.84
27.85
22.14
19.33
18.47
18.53
18.08
16.85
16.17
14.75
14.67
15.48
15.79
15.69
15.77
15.76
15.59
15.86
16.10
16.86
16.36
16.58
16.78
17.62
17.21
17.62
17.70
19.44
19.63
19.79
19.72
21.01
21.26
21.62
211.8
214.3
215.9
218.8
221.4
224.4
225.8
227.5
229.1
229.1
228.8
231.0
231.3
230.6
231.3
234.2
235.6
236.5
236.2
233.4
230.2
230.1
230.0
231.1
233.2
235.8
239.5
244.2
249.5
255.1
262.9
266.7
274.0
280.6
291.7
295.0
291.4
294.6
297.8
305.4
306.8
301.6
294.2
292.1
286.9
281.4
275.4
265.3
258.5
249.7
239.8
229.8
215.2
203.6
191.7
184.7
174.2
163.5
155.5
145.1
138.0
129.7
122.5
115.8
109.2
100.2
92.81
87.04
81.84
74.27
68.99
63.72
58.10
52.88
46.35
39.53
33.25
27.74
23.00
18.61
15.01
13.07
11.53
9.754
8.510
7.153
5.471
4.297
3.632
3.227
3.120
3.145
3.214
3.294
3.436
3.543
3.509
3.453
3.400
3.355
3.293
3.246
3.239
3.235
3.249
3.253
3.228
3.212
3.202
3.198
3.244
3.253
3.234
3.568
3.854
3.733
3.658
3.614
3.621
3.371
3.360
3.381
3.432
3.543
3.548
3.536
3.477
3.478
3.481
3.488
3.529
3.593
3.610
3.629
3.663
3.717
3.800
3.921
4.003
4.088
4.486
6.686
11.90
19.69
24.02
25.22
22.71
20.81
24.38
23.10
21.33
19.40
18.17
17.01
16.66
16.19
15.97
14.69
13.94
14.31
14.41
15.62
15.87
16.05
16.04
16.02
16.50
16.67
17.46
17.99
17.05
16.86
17.69
17.72
17.97
19.25
19.77
20.52
20.69
20.70
21.13
211.2
213.6
215.4
219.3
222.1
225.1
225.1
226.3
227.3
228.5
229.1
230.3
232.1
231.6
231.9
233.5
236.3
235.0
236.0
234.4
230.6
230.0
229.6
230.3
231.4
235.5
241.3
245.0
249.6
254.0
262.1
268.1
273.1
279.8
287.8
291.9
290.4
294.4
299.3
303.5
300.9
300.0
289.2
286.0
280.9
276.0
267.6
259.0
250.0
242.7
231.9
219.2
207.1
194.7
186.7
177.1
167.3
161.1
151.4
143.2
135.0
128.8
119.4
113.0
107.0
99.09
93.02
86.62
81.71
75.37
69.77
64.58
58.90
53.40
47.89
40.50
33.69
28.73
24.02
18.83
15.19
13.23
11.61
9.838
8.556
7.281
5.656
4.315
3.677
3.221
3.113
3.131
3.189
3.270
3.388
3.506
3.492
3.424
3.355
3.328
3.274
3.225
3.227
3.222
3.241
3.249
3.218
3.201
3.193
3.198
3.241
3.237
3.235
3.457
3.833
3.738
3.644
3.619
3.636
3.411
3.364
3.387
3.429
3.533
3.524
3.532
3.468
3.471
3.486
3.488
3.530
3.582
3.608
3.626
3.669
3.702
3.778
3.910
4.001
4.074
4.300
6.464
11.93
18.14
21.53
23.94
22.58
23.33
23.62
23.05
21.58
20.66
17.95
15.42
15.46
15.52
15.77
15.64
14.80
14.79
14.65
14.99
14.82
15.18
15.22
15.11
15.78
16.36
17.33
17.51
17.26
16.72
17.45
17.60
17.67
18.62
19.50
20.44
20.90
20.36
20.66
211.2
214.3
215.0
219.6
223.1
225.4
225.7
225.7
227.9
228.5
227.7
229.5
233.4
232.4
232.9
235.1
235.8
233.7
234.2
233.0
230.8
226.8
229.1
230.2
232.3
236.4
242.7
248.8
248.0
255.6
265.4
269.4
274.0
276.7
283.9
296.4
302.6
297.3
295.7
305.9
331.9
300.9
293.7
288.8
284.9
279.3
273.9
268.0
255.4
242.4
232.3
218.0
210.0
198.1
184.8
177.8
165.3
160.6
153.4
145.5
136.7
130.0
123.1
111.9
107.9
103.8
94.89
86.73
81.85
77.98
71.90
65.81
59.73
54.86
49.44
41.67
34.79
29.11
23.87
18.57
15.09
13.08
11.15
9.633
8.246
6.859
5.291
4.207
3.584
3.203
3.101
3.128
3.189
3.264
3.396
3.489
3.481
3.404
3.371
3.324
3.274
3.236
3.209
3.204
3.222
3.229
3.229
3.211
3.197
3.182
3.171
3.145
3.126
3.124
3.112
3.132
3.261
4.084
5.332
4.864
4.274
3.516
3.442
3.452
3.455
3.453
3.453
3.453
3.475
3.488
3.507
3.565
3.579
3.621
3.654
3.701
3.787
3.908
3.988
4.089
4.678
8.418
12.57
15.30
15.95
21.16
28.60
32.00
27.65
22.18
21.20
20.02
18.94
17.81
15.33
15.00
14.22
15.52
15.79
15.87
15.63
15.34
15.15
15.33
15.41
16.02
17.45
16.94
16.62
16.65
17.07
17.30
17.41
17.32
19.18
19.11
19.19
19.40
20.62
20.78
21.18
211.2
213.6
215.4
219.3
222.1
225.1
225.1
226.3
227.3
228.5
229.1
230.3
232.1
231.6
231.9
233.5
236.3
235.0
236.0
234.4
230.6
230.0
229.6
230.3
231.4
235.5
241.3
245.0
249.6
254.0
262.1
268.1
273.1
279.8
287.8
291.9
290.4
294.4
299.3
303.5
300.9
300.0
289.2
286.0
280.9
276.0
267.6
259.0
250.0
242.7
231.9
219.2
207.1
194.7
186.7
177.1
167.3
161.1
151.4
143.2
135.0
128.8
119.4
113.0
107.0
99.09
93.02
86.62
81.71
75.37
69.77
64.58
58.90
53.40
47.89
40.50
33.69
28.73
24.02
18.83
15.19
13.23
11.61
9.838
8.556
7.281
5.656
4.315
3.677
3.221
3.113
3.131
3.189
3.270
3.388
3.506
3.492
3.424
3.355
3.328
3.274
3.225
3.227
3.222
3.241
3.249
3.218
3.201
3.193
3.198
3.241
3.237
3.235
3.457
3.833
3.738
3.644
3.619
3.636
3.411
3.364
3.387
3.429
3.533
3.524
3.532
3.468
3.471
3.486
3.488
3.530
3.582
3.608
3.626
3.669
3.702
3.778
3.910
4.001
4.074
4.300
6.464
11.93
18.14
21.53
23.94
22.58
23.33
23.62
23.05
21.58
20.66
17.95
15.42
15.46
15.52
15.77
15.64
14.80
14.79
14.65
14.99
14.82
15.18
15.22
15.11
15.78
16.36
17.33
17.51
17.26
16.72
17.45
17.60
17.67
18.62
19.50
20.44
20.90
20.36
20.66
211.8
214.3
215.9
218.8
221.4
224.4
225.8
227.5
229.1
229.1
228.8
231.0
231.3
230.6
231.3
234.2
235.6
236.5
236.2
233.4
230.2
230.1
230.0
231.1
233.2
235.8
239.5
244.2
249.5
255.1
262.9
266.7
274.0
280.6
291.7
295.0
291.4
294.6
297.8
305.4
306.8
301.6
294.2
292.1
286.9
281.4
275.4
265.3
258.5
249.7
239.8
229.8
215.2
203.6
191.7
184.7
174.2
163.5
155.5
145.1
138.0
129.7
122.5
115.8
109.2
100.2
92.81
87.04
81.84
74.27
68.99
63.72
58.10
52.88
46.35
39.53
33.25
27.74
23.00
18.61
15.01
13.07
11.53
9.754
8.510
7.153
5.471
4.297
3.632
3.227
3.120
3.145
3.214
3.294
3.436
3.543
3.509
3.453
3.400
3.355
3.293
3.246
3.239
3.235
3.249
3.253
3.228
3.212
3.202
3.198
3.244
3.253
3.234
3.568
3.854
3.733
3.658
3.614
3.621
3.371
3.360
3.381
3.432
3.543
3.548
3.536
3.477
3.478
3.481
3.488
3.529
3.593
3.610
3.629
3.663
3.717
3.800
3.921
4.003
4.088
4.486
6.686
11.90
19.69
24.02
25.22
22.71
20.81
24.38
23.10
21.33
19.40
18.17
17.01
16.66
16.19
15.97
14.69
13.94
14.31
14.41
15.62
15.87
16.05
16.04
16.02
16.50
16.67
17.46
17.99
17.05
16.86
17.69
17.72
17.97
19.25
19.77
20.52
20.69
20.70
21.13
211.4
213.9
215.1
218.3
221.3
224.3
225.3
226.5
228.1
228.2
228.8
229.9
232.0
233.3
231.2
232.7
237.1
238.1
236.6
233.7
229.6
226.2
227.9
229.6
232.3
233.7
237.3
242.2
248.7
254.0
258.9
267.5
271.1
276.0
283.3
294.5
301.6
299.7
303.4
318.9
324.4
309.4
307.5
306.8
303.6
300.2
293.7
284.9
279.7
270.3
255.6
244.9
234.3
226.6
214.6
200.2
191.8
181.1
171.5
162.3
151.8
143.6
135.4
125.3
117.9
109.0
102.6
93.09
85.24
80.07
72.40
66.18
61.98
54.97
49.20
41.66
35.11
29.18
23.47
18.98
15.58
13.26
11.48
9.846
8.432
7.247
5.702
4.428
3.742
3.256
3.136
3.170
3.226
3.308
3.423
3.555
3.534
3.474
3.417
3.377
3.315
3.269
3.245
3.238
3.254
3.251
3.230
3.219
3.189
3.178
3.166
3.144
3.129
3.122
3.126
3.156
3.236
3.862
5.039
5.027
4.293
3.574
3.433
3.461
3.474
3.474
3.477
3.482
3.487
3.507
3.531
3.587
3.623
3.640
3.673
3.715
3.795
3.923
4.004
4.117
4.870
7.952
12.35
14.02
15.95
22.35
29.92
33.84
27.85
22.14
19.33
18.47
18.53
18.08
16.85
16.17
14.75
14.67
15.48
15.79
15.69
15.77
15.76
15.59
15.86
16.10
16.86
16.36
16.58
16.78
17.62
17.21
17.62
17.70
19.44
19.63
19.79
19.72
21.01
21.26
21.62
212.2
214.1
216.0
218.9
221.4
224.2
223.9
226.5
227.6
229.0
230.7
229.9
230.5
230.0
230.3
232.7
235.4
233.5
233.3
231.2
229.5
227.7
227.6
230.2
231.4
235.2
238.0
240.8
246.9
252.8
259.6
265.4
272.4
278.5
285.9
291.3
291.1
302.5
305.1
308.1
311.1
306.0
308.4
305.8
305.7
301.7
294.6
286.6
281.7
273.3
262.6
256.7
245.8
229.8
220.8
210.3
200.2
188.5
174.7
162.4
151.8
142.1
134.3
128.3
117.6
108.6
101.2
93.15
84.60
76.69
70.62
64.58
58.54
51.72
45.73
38.72
31.79
26.26
21.68
17.53
14.34
12.56
10.81
9.420
8.299
7.043
5.454
4.317
3.660
3.271
3.169
3.199
3.260
3.353
3.487
3.591
3.558
3.491
3.443
3.401
3.342
3.304
3.293
3.297
3.287
3.279
3.262
3.232
3.220
3.243
3.262
3.264
3.235
3.468
3.836
3.794
3.634
3.616
3.561
3.380
3.354
3.370
3.436
3.648
3.573
3.489
3.483
3.485
3.489
3.498
3.534
3.602
3.634
3.649
3.679
3.735
3.822
3.948
4.018
4.113
4.504
8.071
13.33
17.70
20.22
22.12
23.68
26.00
25.63
24.24
21.43
18.92
17.13
16.25
15.82
16.46
16.30
16.14
15.72
15.55
15.66
15.55
15.12
14.86
15.04
15.47
16.15
16.66
16.90
17.02
17.12
16.91
17.53
18.42
18.68
19.26
20.31
21.03
21.42
21.08
21.62
211.1
213.4
215.8
218.2
220.7
223.2
223.2
224.5
226.4
228.8
228.8
228.9
230.4
230.3
231.8
232.2
232.5
233.9
233.2
232.1
229.3
226.8
226.9
228.4
231.2
233.0
235.6
240.9
243.8
250.4
256.4
260.4
266.5
274.9
284.2
290.6
289.1
288.3
299.4
308.2
311.0
309.4
308.1
308.8
309.7
308.2
302.4
296.7
291.9
283.4
277.6
268.3
258.8
251.3
235.2
227.0
219.2
202.9
189.4
174.9
162.5
154.8
144.6
134.5
124.4
116.0
106.6
97.71
90.16
80.93
73.82
67.77
59.10
51.94
46.23
38.38
30.90
25.21
20.83
17.13
14.23
12.22
10.65
9.276
7.982
6.851
5.506
4.366
3.714
3.343
3.217
3.235
3.299
3.386
3.507
3.626
3.604
3.532
3.466
3.422
3.374
3.338
3.332
3.338
3.313
3.297
3.269
3.254
3.229
3.243
3.260
3.248
3.248
3.458
3.851
3.673
3.618
3.635
3.633
3.379
3.341
3.365
3.410
3.475
3.565
3.563
3.487
3.496
3.506
3.520
3.546
3.605
3.641
3.666
3.695
3.742
3.809
3.940
4.035
4.144
4.768
6.469
10.27
17.76
22.60
24.25
22.38
21.20
24.59
24.01
22.92
20.03
18.99
17.71
17.31
16.48
16.57
15.70
14.87
14.46
14.19
14.77
15.97
16.55
16.89
16.62
17.36
17.85
18.68
18.87
17.05
16.66
18.01
18.59
18.98
20.06
20.52
21.06
21.36
22.05
22.48
211.7
213.1
215.8
218.7
220.2
222.5
224.1
223.7
226.3
227.5
227.5
228.7
228.5
229.7
231.1
231.7
232.9
234.2
233.0
230.4
227.5
225.2
224.5
223.3
228.3
230.1
234.8
240.1
243.2
247.0
253.2
261.2
264.0
270.0
278.6
287.1
292.7
291.1
304.1
337.2
319.6
319.6
323.9
321.0
321.6
321.6
320.4
315.4
309.5
301.3
296.3
286.2
278.4
269.8
260.8
250.6
239.2
225.2
211.1
198.1
182.8
170.6
156.3
146.9
134.8
127.1
117.1
105.7
95.69
89.40
78.36
70.09
61.89
53.69
45.88
38.08
29.83
24.28
19.59
15.82
13.83
12.18
10.60
9.056
7.748
6.535
5.179
4.228
3.662
3.361
3.271
3.289
3.368
3.451
3.583
3.692
3.658
3.572
3.516
3.461
3.414
3.371
3.349
3.337
3.329
3.326
3.300
3.272
3.244
3.232
3.220
3.192
3.177
3.161
3.144
3.149
3.235
3.934
4.858
4.936
4.485
3.703
3.474
3.487
3.482
3.483
3.483
3.491
3.515
3.529
3.550
3.607
3.648
3.673
3.700
3.744
3.830
3.959
4.027
4.139
5.245
8.585
11.81
12.80
15.01
21.31
28.01
31.79
28.04
23.25
21.94
20.73
19.36
17.53
16.66
15.78
14.96
14.99
15.17
15.26
15.95
16.27
17.16
17.74
17.76
17.35
17.55
16.76
16.98
17.23
18.53
17.48
17.78
18.22
20.20
20.41
20.89
20.76
22.01
22.48
22.73
211.2
213.1
215.1
217.9
219.6
221.7
223.2
224.7
225.1
226.2
227.7
227.5
228.1
228.9
229.5
232.5
231.9
231.0
231.2
230.5
227.9
225.6
224.8
226.3
228.1
230.6
233.7
236.9
240.3
245.3
249.1
255.3
259.1
265.1
272.2
280.5
278.6
278.6
288.9
300.3
302.1
304.4
310.4
308.1
313.8
310.4
308.7
306.6
302.0
303.0
299.7
291.1
284.2
273.7
267.8
260.8
255.3
239.1
226.5
207.3
194.7
181.0
168.2
156.1
144.4
132.8
123.7
114.2
103.4
93.45
84.40
74.63
65.85
56.51
46.57
37.60
28.53
22.60
17.88
14.95
13.17
12.02
10.78
9.488
8.385
7.004
5.588
4.441
3.791
3.465
3.342
3.360
3.425
3.519
3.637
3.736
3.711
3.635
3.572
3.515
3.467
3.416
3.396
3.391
3.385
3.360
3.335
3.309
3.282
3.294
3.325
3.300
3.278
3.344
3.873
3.759
3.618
3.555
3.580
3.514
3.383
3.458
3.526
3.635
3.616
3.529
3.523
3.523
3.543
3.560
3.600
3.640
3.674
3.692
3.729
3.767
3.826
3.945
4.036
4.111
4.372
7.292
11.85
14.87
16.64
20.36
22.88
25.26
25.71
24.09
19.16
17.42
15.67
15.08
15.33
15.88
15.46
15.04
14.34
14.75
15.24
15.52
15.63
15.33
15.47
15.57
16.58
17.61
17.03
16.58
17.28
17.03
17.80
19.16
19.57
20.22
21.49
22.01
22.29
22.38
22.79
211.4
213.3
215.9
217.8
219.5
220.6
222.9
224.0
225.0
226.0
226.5
227.9
227.2
227.6
229.7
229.7
229.4
231.4
230.9
229.4
226.9
222.8
224.3
224.8
226.8
228.9
230.4
232.6
236.1
240.1
247.3
250.1
254.9
259.6
267.8
272.4
269.2
277.8
281.1
289.9
293.2
295.7
298.8
301.5
304.9
310.2
304.5
305.4
305.0
304.4
307.0
303.2
296.1
289.3
281.1
281.2
269.1
262.1
251.7
236.3
220.7
205.5
190.6
175.6
161.6
146.8
134.5
125.1
115.2
103.1
93.18
82.29
72.42
61.39
50.34
38.26
27.38
20.82
15.86
13.71
12.69
12.01
11.09
10.05
8.948
7.564
5.980
4.686
3.940
3.595
3.446
3.457
3.530
3.624
3.759
3.850
3.804
3.720
3.673
3.615
3.563
3.516
3.505
3.501
3.483
3.453
3.427
3.377
3.360
3.343
3.348
3.338
3.391
3.542
3.848
3.813
3.770
4.042
4.535
4.028
3.422
3.412
3.586
3.759
3.703
3.577
3.543
3.548
3.564
3.572
3.608
3.656
3.689
3.705
3.732
3.767
3.842
3.948
4.028
4.104
4.840
6.678
9.593
15.77
19.25
19.95
18.44
21.72
21.61
21.72
18.47
16.64
16.51
15.91
14.91
14.26
14.00
13.46
13.39
13.19
12.95
13.17
13.63
14.43
14.86
16.03
16.65
18.31
19.30
18.78
16.52
16.90
18.23
18.97
19.68
21.34
21.79
22.00
22.24
23.36
23.63
211.5
212.8
214.6
216.9
218.7
219.2
221.8
223.2
223.1
222.9
224.6
226.0
225.9
225.7
228.0
228.2
228.2
229.9
229.9
227.9
224.3
221.1
221.5
220.6
223.0
224.1
226.7
231.0
233.2
239.3
241.4
244.1
249.7
253.7
256.7
262.5
266.1
264.8
280.4
319.2
317.6
283.7
294.6
302.9
311.1
312.8
317.0
322.5
319.5
317.5
315.5
314.5
315.3
316.1
314.5
307.9
304.7
301.9
294.2
283.5
272.2
258.9
243.2
228.2
211.4
195.5
180.0
161.3
147.6
133.8
120.1
107.1
93.35
80.16
64.98
48.04
32.66
22.23
15.85
12.70
11.86
11.88
11.63
10.85
9.953
8.661
6.924
5.385
4.338
3.851
3.590
3.582
3.635
3.723
3.849
3.973
3.966
3.867
3.802
3.718
3.667
3.600
3.574
3.558
3.551
3.521
3.488
3.446
3.417
3.399
3.372
3.351
3.310
3.263
3.258
3.427
3.932
4.224
4.703
4.527
4.008
3.649
3.473
3.504
3.525
3.527
3.533
3.555
3.566
3.586
3.623
3.670
3.707
3.724
3.739
3.779
3.840
3.935
4.031
4.100
5.113
7.375
9.382
10.22
11.26
16.64
21.67
24.34
21.90
19.36
18.56
17.02
15.49
14.57
13.51
13.06
12.61
12.28
12.53
13.41
13.71
14.19
14.60
15.68
16.16
17.11
17.32
17.23
18.91
19.93
18.81
17.57
17.76
18.58
20.51
21.41
21.86
21.93
23.02
23.48
23.66
211.7
212.6
214.2
217.9
218.2
219.7
221.1
221.1
222.1
221.5
224.0
225.0
222.9
225.4
226.8
228.3
226.5
227.1
226.5
224.2
222.4
220.0
220.6
220.5
221.9
224.1
224.9
228.4
233.2
234.3
237.3
239.4
243.2
250.3
252.6
258.3
252.4
258.6
265.3
269.7
276.9
279.6
284.8
285.0
287.7
295.6
298.8
303.1
307.1
310.5
314.4
317.7
315.9
316.0
318.5
320.9
325.7
319.2
312.0
305.7
298.9
291.3
280.8
271.5
258.3
243.2
225.3
208.0
189.6
173.4
156.8
141.1
125.9
105.2
86.48
66.46
45.76
25.05
15.79
12.01
10.59
9.748
9.193
8.758
8.280
7.558
6.262
5.095
4.287
3.898
3.713
3.711
3.776
3.870
3.991
4.087
4.046
3.950
3.868
3.804
3.748
3.708
3.692
3.671
3.649
3.597
3.561
3.510
3.492
3.495
3.476
3.433
3.394
3.692
3.865
3.695
3.692
3.743
4.018
4.142
3.866
3.969
3.727
3.599
3.597
3.558
3.560
3.572
3.592
3.612
3.648
3.686
3.723
3.741
3.758
3.782
3.850
3.937
4.014
4.090
4.668
6.662
9.739
12.33
13.85
14.68
16.64
18.76
18.65
16.91
14.52
13.38
11.84
11.50
11.41
11.86
11.98
11.81
11.40
11.94
12.48
12.88
12.86
13.60
14.23
14.85
16.27
18.44
17.65
17.89
19.61
18.09
18.13
19.08
20.02
21.22
22.46
22.94
23.18
23.40
23.58
211.2
212.4
213.8
217.0
217.2
219.3
220.5
220.6
220.2
220.7
222.1
223.0
222.2
224.7
225.7
226.0
224.2
227.0
225.1
225.1
221.8
218.2
216.9
218.1
219.1
220.8
223.8
226.4
228.4
232.7
232.9
237.0
241.1
244.9
246.2
252.3
255.5
255.3
259.6
262.9
269.6
274.1
276.6
280.5
285.3
292.4
295.6
299.3
304.1
309.1
312.7
320.4
323.1
324.8
329.1
335.6
341.1
344.1
343.4
338.5
335.7
333.0
329.3
320.2
312.4
301.5
288.3
276.0
266.3
239.4
221.4
206.5
184.1
156.9
129.8
102.5
70.79
43.66
23.74
14.88
11.89
10.64
9.564
8.584
7.712
6.998
6.082
5.168
4.444
4.102
3.890
3.873
3.921
4.008
4.117
4.211
4.200
4.073
3.993
3.924
3.852
3.794
3.799
3.764
3.706
3.660
3.625
3.571
3.555
3.552
3.545
3.524
3.470
3.721
3.769
3.894
3.839
3.807
3.683
3.651
3.573
3.496
3.533
3.686
3.696
3.633
3.612
3.605
3.624
3.641
3.653
3.705
3.737
3.754
3.774
3.800
3.856
3.925
4.003
4.071
4.520
6.363
8.003
10.61
13.64
14.48
13.03
13.85
14.31
15.30
12.73
11.73
11.64
11.55
11.10
10.78
10.31
10.19
10.22
10.49
10.62
11.02
11.54
11.88
12.64
13.46
14.98
16.67
18.09
18.90
17.03
17.72
18.15
19.00
19.94
21.79
22.44
23.03
23.12
23.56
23.91
211.1
212.2
214.6
215.9
216.3
218.3
219.2
219.7
219.7
219.5
220.7
220.4
222.8
222.7
223.1
224.4
225.8
224.4
222.8
221.7
217.8
216.5
216.7
216.7
216.6
219.0
221.0
223.3
225.8
229.3
231.0
233.1
237.0
240.1
246.0
247.2
252.1
254.1
280.0
290.4
273.4
272.8
281.8
287.9
294.3
297.8
303.7
307.7
315.5
319.8
322.5
326.2
334.0
343.5
348.8
357.8
365.8
375.1
385.0
389.3
386.7
387.3
384.6
376.3
374.1
366.8
357.7
347.6
330.5
315.6
302.5
280.3
264.4
236.4
202.2
162.7
112.7
77.61
52.69
27.97
13.99
12.07
10.60
9.336
8.214
7.117
6.054
5.134
4.554
4.211
4.076
4.051
4.094
4.170
4.279
4.365
4.294
4.177
4.090
4.015
3.939
3.880
3.837
3.797
3.764
3.731
3.690
3.644
3.607
3.567
3.533
3.491
3.437
3.383
3.359
3.407
4.123
4.341
4.150
4.418
4.315
4.013
3.666
3.610
3.611
3.612
3.602
3.614
3.622
3.642
3.681
3.707
3.747
3.762
3.777
3.801
3.866
3.931
4.010
4.170
5.511
6.061
7.842
8.429
8.834
13.25
15.26
15.77
14.43
12.49
12.61
11.84
11.54
10.51
9.744
9.681
9.440
9.364
9.722
10.34
10.65
10.95
11.71
12.65
13.37
14.38
16.20
16.68
18.83
19.32
16.64
17.12
17.80
18.96
20.59
21.91
22.51
22.79
23.49
23.80
24.05
211.5
212.1
214.2
215.4
215.3
217.8
217.2
219.6
219.0
219.1
219.3
218.8
221.2
220.4
219.1
221.1
222.8
222.9
222.6
220.4
216.2
215.6
215.9
214.9
214.2
217.6
216.6
221.3
222.6
226.8
228.3
231.2
237.9
243.4
244.7
241.6
241.4
245.2
247.7
259.5
262.1
267.0
272.1
274.3
278.1
284.1
286.9
293.0
301.0
303.6
316.6
321.5
324.9
328.6
340.0
353.3
365.3
373.7
381.4
383.6
391.6
393.1
393.7
398.8
398.5
392.1
388.0
381.6
373.7
365.2
348.3
338.6
321.4
302.4
272.4
229.3
176.4
123.5
70.83
35.61
19.05
14.08
12.39
10.87
9.570
8.261
6.902
5.761
4.916
4.507
4.280
4.243
4.270
4.333
4.419
4.509
4.477
4.339
4.239
4.150
4.076
4.015
4.015
3.990
3.900
3.851
3.802
3.742
3.705
3.683
3.654
3.613
3.585
3.755
3.867
3.929
3.825
3.767
3.737
3.677
3.522
3.610
3.825
3.719
3.698
3.637
3.630
3.642
3.657
3.669
3.704
3.735
3.772
3.783
3.801
3.825
3.887
3.946
4.020
4.128
4.747
6.104
7.641
10.83
9.939
9.642
11.58
12.62
12.77
11.22
10.66
9.855
8.787
8.499
8.513
8.718
8.605
8.629
8.968
9.403
9.773
10.05
10.29
10.93
12.04
12.73
14.46
16.55
17.41
17.42
18.30
17.39
17.75
19.04
20.10
21.62
22.63
23.26
23.50
23.80
23.93
211.3
212.0
214.3
213.5
214.5
216.2
215.8
217.2
216.8
217.0
216.2
217.3
219.1
218.9
219.9
219.8
220.3
220.9
219.9
216.5
214.6
211.8
210.4
212.1
213.2
215.8
217.2
218.7
221.8
223.6
228.4
231.0
233.4
236.5
241.8
248.9
243.8
247.2
252.9
255.8
262.5
263.6
265.5
274.5
281.6
283.2
286.6
291.8
299.0
304.6
311.4
318.0
327.2
332.8
338.8
352.5
366.5
372.8
382.9
389.8
397.6
401.4
407.4
413.7
418.3
418.5
417.1
414.3
408.4
399.2
391.7
384.4
371.3
348.4
323.8
283.7
223.4
163.7
109.5
70.86
46.07
30.64
17.06
13.00
10.68
8.770
7.101
5.886
5.053
4.628
4.412
4.378
4.397
4.455
4.541
4.620
4.578
4.414
4.329
4.228
4.153
4.097
4.121
4.073
3.965
3.906
3.848
3.791
3.772
3.738
3.707
3.651
3.639
3.866
4.145
3.991
3.912
3.849
3.753
3.654
3.557
3.562
3.703
3.726
3.677
3.684
3.651
3.647
3.659
3.681
3.708
3.734
3.769
3.785
3.795
3.824
3.891
3.934
4.008
4.081
4.989
6.723
7.660
9.819
10.05
10.34
9.988
9.849
11.16
10.83
9.339
8.910
8.851
8.745
8.370
8.268
8.394
8.202
8.415
8.564
8.781
9.226
9.701
10.18
10.89
12.00
14.06
15.34
18.45
18.65
17.10
19.55
17.66
18.77
20.11
21.69
22.55
23.19
23.46
23.96
24.06
211.4
211.9
213.5
212.9
213.9
215.4
214.6
215.4
215.1
215.0
214.4
217.0
216.2
218.2
217.9
217.8
219.6
219.3
219.1
215.9
211.6
210.9
211.7
211.3
211.7
214.6
215.5
219.3
218.7
221.9
224.6
231.4
229.7
229.9
235.4
245.3
248.6
255.3
274.3
267.0
267.4
274.5
272.9
274.3
289.8
290.8
298.0
302.5
304.9
313.3
318.5
321.3
328.9
338.0
345.9
358.6
367.4
380.9
394.9
403.2
407.2
417.5
423.2
425.4
428.7
436.8
437.3
435.8
428.1
424.0
422.5
413.8
410.8
401.0
377.6
337.4
285.7
224.2
160.2
96.45
52.01
30.98
21.09
14.86
11.45
9.223
7.363
6.116
5.204
4.798
4.525
4.483
4.498
4.533
4.623
4.705
4.683
4.522
4.398
4.298
4.216
4.135
4.078
4.039
3.982
3.927
3.886
3.837
3.780
3.735
3.698
3.655
3.582
3.532
3.496
3.651
4.193
4.456
4.450
4.398
4.175
3.900
3.629
3.632
3.644
3.651
3.657
3.667
3.682
3.699
3.722
3.746
3.780
3.798
3.818
3.852
3.899
3.948
4.021
4.217
5.217
5.837
7.310
7.512
8.603
12.25
11.05
12.78
10.97
10.19
9.849
9.407
9.308
8.979
8.982
8.546
8.334
8.367
8.557
8.748
9.156
9.116
9.683
10.42
10.92
11.88
15.08
16.68
18.39
17.09
16.24
16.55
17.36
18.54
20.54
21.72
22.50
23.02
23.67
23.99
24.15
211.1
211.3
212.8
212.5
213.5
214.2
213.2
212.6
213.0
213.3
213.6
215.0
215.3
216.2
215.2
215.6
217.7
214.1
214.9
213.1
208.6
209.4
208.1
208.5
211.5
211.4
211.6
216.2
218.5
220.5
224.9
230.0
235.1
240.4
239.1
239.1
239.9
244.7
249.6
252.7
260.2
261.3
268.4
271.3
275.0
277.3
282.7
288.7
296.4
303.1
308.7
317.5
318.9
321.9
332.7
344.1
358.1
363.2
370.7
374.0
379.7
383.9
393.8
396.4
396.9
400.9
396.4
399.3
391.0
394.9
389.3
392.0
378.9
373.0
351.9
317.6
275.6
209.9
151.8
94.36
59.73
39.99
26.96
15.26
11.36
8.918
7.069
5.909
5.142
4.756
4.543
4.493
4.516
4.570
4.667
4.723
4.664
4.511
4.412
4.305
4.224
4.152
4.146
4.097
4.008
3.955
3.914
3.863
3.822
3.767
3.748
3.719
3.816
3.881
4.054
3.955
3.863
3.843
4.016
3.871
3.576
3.658
3.797
3.965
3.799
3.716
3.672
3.674
3.678
3.697
3.736
3.756
3.794
3.808
3.820
3.856
3.923
3.958
4.025
4.270
4.789
6.082
7.770
10.62
8.573
10.09
11.51
9.942
9.969
9.555
9.590
8.885
8.234
8.006
8.122
8.065
8.044
8.284
8.454
8.439
8.722
9.063
9.263
10.00
10.94
11.48
13.48
15.26
16.00
16.60
17.76
17.69
17.29
18.84
20.23
21.80
22.86
23.30
23.73
23.86
24.08
211.1
211.4
212.2
212.0
212.1
212.8
212.1
209.9
210.7
211.5
212.3
212.7
212.6
213.2
211.1
212.6
213.0
213.0
210.7
207.9
205.9
205.0
205.5
205.3
208.1
208.3
210.9
212.8
217.3
221.0
222.5
224.0
229.5
235.7
236.9
241.8
239.4
245.4
246.3
251.6
257.8
262.1
266.9
272.2
275.4
281.7
285.6
290.1
293.8
297.7
303.9
311.5
317.1
322.2
326.4
339.1
349.2
351.8
358.7
365.3
367.3
370.0
373.0
376.5
377.5
381.2
374.8
375.9
372.6
368.2
361.6
357.9
357.1
342.7
330.5
303.6
265.2
213.3
159.5
105.7
64.46
38.39
24.06
15.81
11.42
8.870
7.117
5.971
5.098
4.724
4.502
4.454
4.475
4.527
4.625
4.697
4.657
4.500
4.382
4.291
4.210
4.133
4.125
4.123
4.028
3.949
3.894
3.844
3.813
3.760
3.728
3.673
3.650
3.860
4.018
4.000
3.981
3.978
3.859
3.674
3.582
3.672
3.753
3.763
3.678
3.667
3.683
3.686
3.696
3.709
3.737
3.766
3.798
3.811
3.833
3.867
3.924
3.970
4.044
4.122
5.113
6.647
6.891
9.621
9.656
10.37
9.305
9.964
9.521
10.31
9.214
8.779
8.497
8.600
8.144
8.295
8.115
7.947
8.011
8.229
8.336
8.760
9.205
9.489
10.11
10.69
12.59
14.74
17.53
18.72
17.73
17.58
17.26
18.89
20.38
22.05
22.81
23.40
23.65
24.02
24.13
211.9
212.5
212.1
212.3
211.7
212.2
212.5
209.1
210.1
210.9
210.6
210.6
209.3
210.3
209.4
211.8
209.5
209.5
206.9
206.5
202.6
202.0
201.1
201.9
204.4
206.6
207.8
212.0
214.4
217.7
219.1
221.5
226.5
228.1
231.6
238.5
248.9
251.9
260.4
261.4
269.8
271.0
268.0
274.0
281.8
285.5
290.4
294.3
297.8
302.0
303.0
308.7
314.0
322.0
329.2
336.6
345.6
355.8
363.5
364.1
365.0
366.0
372.4
371.4
369.4
370.8
368.4
361.7
355.6
349.7
347.4
340.2
335.4
326.5
309.5
286.6
251.8
206.2
151.8
99.42
60.90
41.96
26.50
13.49
9.874
8.063
6.608
5.608
4.905
4.546
4.351
4.316
4.344
4.401
4.511
4.598
4.535
4.388
4.278
4.200
4.111
4.037
3.991
3.936
3.884
3.848
3.812
3.756
3.716
3.679
3.641
3.583
3.530
3.468
3.448
3.747
3.965
4.052
4.492
4.572
4.135
3.805
3.589
3.595
3.613
3.629
3.640
3.654
3.668
3.686
3.718
3.750
3.788
3.810
3.832
3.865
3.931
3.996
4.078
4.282
5.400
6.118
7.473
7.641
7.944
10.91
11.72
13.23
11.65
10.97
10.43
10.15
9.787
9.452
8.938
8.506
8.307
8.705
9.093
9.301
9.468
10.07
10.53
11.17
11.58
12.74
16.41
18.01
18.72
17.75
17.24
16.94
17.69
19.51
21.38
22.50
23.09
23.27
23.74
24.21
24.30
211.1
210.6
211.0
210.3
209.5
208.9
209.6
207.6
208.3
207.1
208.4
207.5
204.7
205.5
206.2
205.9
206.4
205.7
202.6
201.9
196.9
197.7
195.9
197.5
198.9
200.7
202.4
204.9
209.2
209.7
214.7
217.3
219.1
220.6
228.8
227.1
227.8
233.5
235.1
238.0
242.7
247.4
252.7
252.8
258.1
262.6
266.1
273.9
275.9
279.8
286.8
289.9
289.8
296.5
301.4
309.1
317.8
318.1
319.8
318.7
320.6
320.8
322.1
319.2
318.0
315.1
311.0
304.5
299.2
293.6
284.8
281.0
271.3
253.6
242.2
222.4
195.6
156.7
115.9
82.69
53.33
31.33
17.73
11.98
9.398
7.828
6.456
5.445
4.717
4.367
4.194
4.174
4.215
4.283
4.402
4.441
4.389
4.258
4.158
4.091
4.009
3.951
3.929
3.891
3.827
3.790
3.744
3.716
3.673
3.638
3.620
3.585
3.703
3.727
3.832
3.854
3.781
4.180
4.265
3.827
3.510
3.516
3.642
3.805
3.803
3.673
3.627
3.636
3.646
3.672
3.710
3.745
3.784
3.796
3.816
3.872
3.944
4.000
4.071
4.230
4.855
6.083
8.184
11.15
9.742
9.904
11.89
11.58
11.46
10.40
10.08
9.423
8.979
9.155
8.315
8.462
8.800
8.704
8.564
8.598
8.559
8.786
9.719
10.28
10.69
11.83
14.51
17.17
20.03
20.79
18.08
17.10
17.72
19.72
21.12
22.35
22.94
23.47
23.87
24.04
24.13
211.1
210.8
209.8
209.3
208.0
207.7
207.5
206.7
205.4
204.7
204.2
203.5
201.1
200.7
199.6
201.9
201.1
200.6
199.4
195.3
193.4
192.7
190.7
190.8
193.3
194.6
197.2
198.5
200.5
204.7
205.4
209.4
213.1
217.0
216.4
218.5
220.4
227.2
221.6
234.9
235.7
235.9
241.9
242.6
245.0
249.5
250.0
252.8
258.7
262.2
262.9
269.0
270.5
274.1
277.0
282.4
287.5
286.3
290.9
287.3
286.7
282.8
281.3
281.0
275.6
273.2
260.7
258.6
250.8
241.4
233.2
228.3
218.0
206.1
188.0
169.0
143.9
118.8
90.82
59.01
38.66
23.10
15.14
10.99
9.062
7.737
6.396
5.364
4.538
4.190
4.016
4.002
4.056
4.119
4.230
4.318
4.274
4.139
4.039
3.981
3.901
3.855
3.821
3.825
3.762
3.704
3.666
3.632
3.612
3.600
3.573
3.516
3.492
3.712
3.909
3.851
3.794
3.828
3.769
3.581
3.505
3.648
3.618
3.569
3.569
3.579
3.595
3.615
3.631
3.651
3.697
3.726
3.765
3.794
3.813
3.859
3.934
4.005
4.088
4.185
4.880
7.241
7.981
9.333
13.87
10.86
11.00
11.58
12.28
12.39
10.62
10.16
9.170
8.745
9.141
9.447
9.235
9.327
8.994
9.235
9.532
9.743
9.860
10.25
11.69
12.27
14.37
18.15
19.42
19.04
19.80
20.07
18.42
20.10
21.24
22.25
23.07
23.60
23.94
24.15
24.11
211.4
209.6
209.3
208.8
207.1
205.8
206.0
205.1
203.1
200.9
200.3
199.3
197.7
197.1
195.1
196.3
196.8
194.4
192.9
190.5
187.9
186.4
184.5
185.1
186.4
187.7
188.5
190.3
192.2
195.7
198.9
199.1
200.9
204.4
209.2
215.9
215.9
218.7
219.7
223.7
239.7
228.4
229.5
234.3
242.5
242.0
243.5
245.5
244.8
245.5
248.6
249.6
251.5
253.8
258.8
260.5
262.9
263.6
264.0
263.8
262.6
256.5
250.0
247.4
242.0
235.7
228.0
218.0
207.4
200.6
194.1
182.5
176.1
161.3
146.6
132.5
111.3
87.91
62.77
42.96
28.67
16.72
11.78
9.599
8.357
7.152
5.959
4.913
4.290
3.972
3.833
3.838
3.895
3.975
4.116
4.161
4.104
3.998
3.913
3.851
3.788
3.737
3.708
3.664
3.639
3.609
3.573
3.540
3.522
3.490
3.454
3.411
3.364
3.312
3.325
3.565
3.537
3.860
4.256
4.247
3.993
3.660
3.508
3.500
3.523
3.532
3.538
3.555
3.586
3.618
3.654
3.689
3.732
3.761
3.782
3.842
3.932
4.018
4.111
4.400
6.036
6.771
8.745
9.487
11.17
15.64
17.26
17.30
15.13
13.62
11.79
11.31
10.69
10.41
10.19
9.634
9.121
9.117
9.888
10.30
10.94
11.54
12.32
13.08
13.90
14.86
17.74
18.66
20.01
20.22
20.18
18.33
18.92
20.45
21.76
22.82
23.29
23.51
23.75
24.04
24.14
211.3
210.3
207.8
207.6
205.7
204.7
203.9
202.2
202.7
198.6
198.6
195.8
196.2
193.6
191.4
191.4
191.9
188.5
187.8
183.8
180.3
178.3
179.0
177.9
179.5
178.7
179.8
182.7
184.5
185.7
186.3
189.6
191.2
196.4
199.7
194.4
194.2
195.6
197.9
199.8
202.4
203.2
205.8
208.5
209.5
209.9
211.7
212.1
211.9
215.7
217.3
217.6
216.5
218.9
219.9
222.6
223.0
222.9
219.2
215.2
211.9
209.4
204.4
200.5
193.7
183.8
176.7
171.7
163.2
154.5
146.5
139.3
130.2
121.3
107.4
94.90
76.94
59.73
41.62
27.66
19.57
14.42
11.64
9.919
8.700
7.414
6.000
4.894
4.141
3.788
3.632
3.644
3.710
3.803
3.931
4.004
3.958
3.858
3.781
3.730
3.672
3.630
3.616
3.568
3.526
3.504
3.480
3.448
3.421
3.404
3.393
3.361
3.404
3.482
3.579
3.657
3.651
4.397
4.185
3.749
3.395
3.403
3.474
3.646
3.650
3.563
3.509
3.522
3.542
3.574
3.614
3.654
3.699
3.719
3.753
3.807
3.900
4.006
4.104
4.288
5.382
6.540
10.21
14.34
13.38
17.41
16.84
17.29
17.00
13.57
13.91
12.86
12.57
12.10
11.30
10.48
10.52
10.59
10.56
10.34
10.04
10.41
11.64
12.52
13.26
14.79
17.16
19.49
21.34
20.93
18.25
17.96
19.26
20.78
21.94
22.83
23.24
23.64
23.81
24.04
24.06
211.5
209.6
207.2
206.4
204.6
204.3
201.7
200.1
198.6
194.8
195.6
192.3
191.3
189.5
188.3
186.9
187.1
183.2
180.5
177.6
174.5
171.9
171.0
170.5
171.3
171.3
171.3
172.6
175.7
175.2
178.2
180.9
176.2
178.8
183.5
186.4
184.2
189.0
185.8
189.1
187.5
188.6
190.3
190.0
192.8
192.8
192.1
193.2
192.4
191.3
192.5
191.8
191.3
190.1
190.6
191.7
192.9
190.2
186.7
183.1
177.6
174.6
171.0
164.3
156.6
151.8
144.6
138.4
129.8
125.2
116.9
108.9
101.1
88.63
78.83
66.57
52.57
39.03
28.08
20.21
16.27
13.42
11.31
9.835
8.737
7.276
5.819
4.630
3.971
3.598
3.481
3.497
3.576
3.671
3.816
3.883
3.811
3.744
3.669
3.610
3.562
3.535
3.514
3.502
3.458
3.423
3.399
3.369
3.352
3.365
3.345
3.313
3.283
3.534
3.837
3.667
3.610
3.606
3.590
3.393
3.341
3.347
3.415
3.497
3.449
3.442
3.452
3.476
3.489
3.523
3.575
3.615
3.653
3.680
3.725
3.786
3.890
4.007
4.098
4.214
5.844
8.745
10.71
14.87
18.18
15.50
19.97
20.46
18.10
21.83
17.83
15.21
13.82
12.82
12.84
13.05
12.95
12.58
12.02
11.91
12.36
12.32
12.65
13.56
15.08
15.21
17.05
20.29
19.68
19.84
20.50
19.11
19.91
21.40
22.29
22.82
23.46
23.77
23.93
24.17
23.95
211.1
210.2
206.6
205.4
203.6
203.0
199.6
197.4
196.0
192.8
191.3
187.9
187.8
185.2
182.6
181.7
180.2
177.9
174.3
170.0
166.1
164.4
161.5
161.9
160.1
162.7
162.4
163.0
164.9
165.1
164.4
164.4
168.4
167.6
168.8
178.8
166.6
168.3
169.0
183.4
190.1
172.9
172.3
175.2
179.7
177.7
178.4
178.3
179.0
174.1
174.3
172.5
171.3
170.9
171.4
169.0
170.2
170.8
165.2
162.4
159.7
157.3
151.1
144.0
137.7
132.9
126.2
119.2
109.4
105.9
99.58
91.65
83.76
73.55
64.66
55.15
43.84
32.80
25.09
19.89
16.15
13.19
11.16
9.661
8.497
7.134
5.699
4.566
3.883
3.483
3.337
3.358
3.431
3.526
3.672
3.754
3.691
3.607
3.545
3.507
3.438
3.394
3.390
3.361
3.318
3.306
3.279
3.252
3.232
3.225
3.199
3.167
3.140
3.116
3.108
3.132
3.354
3.749
4.012
4.135
3.910
3.510
3.374
3.388
3.394
3.400
3.402
3.421
3.434
3.464
3.509
3.562
3.601
3.633
3.678
3.738
3.836
3.957
4.072
4.219
5.909
7.512
10.86
12.64
15.07
23.87
25.46
21.89
27.34
24.61
19.71
18.67
17.64
16.13
15.19
14.21
13.13
12.66
13.15
13.64
14.41
15.14
15.65
16.28
16.82
17.45
19.38
19.61
21.55
21.58
21.79
20.09
20.32
21.49
22.49
23.32
23.77
23.54
23.57
24.06
24.08
211.2
209.2
206.1
203.8
201.8
200.7
197.3
195.3
191.3
189.7
186.7
184.4
182.5
179.8
176.2
174.7
173.2
170.3
166.3
162.6
158.4
156.9
156.0
154.4
153.5
152.7
154.2
152.5
154.6
155.3
154.7
156.3
155.3
158.2
161.8
154.8
155.8
153.7
155.2
155.8
156.1
152.8
154.4
155.4
153.5
154.9
154.1
151.7
151.9
151.6
151.0
148.8
150.4
145.3
146.0
145.1
146.9
141.6
139.7
136.0
130.7
125.3
124.1
118.1
113.0
108.4
102.3
98.10
90.14
85.70
81.15
73.51
66.25
59.21
51.41
44.61
35.32
27.11
21.48
17.98
14.87
12.65
10.91
9.480
8.321
6.837
5.328
4.239
3.655
3.281
3.196
3.225
3.309
3.417
3.571
3.616
3.545
3.470
3.417
3.371
3.324
3.291
3.315
3.288
3.238
3.228
3.211
3.177
3.168
3.157
3.150
3.121
3.149
3.237
3.385
3.453
3.367
3.309
3.266
3.304
3.276
3.271
3.439
3.507
3.411
3.354
3.354
3.354
3.376
3.396
3.449
3.494
3.531
3.571
3.628
3.682
3.792
3.930
4.010
4.137
5.210
7.639
12.10
18.53
17.65
18.84
26.41
31.16
27.87
19.93
22.02
20.45
18.78
18.12
16.68
15.37
14.87
14.42
14.07
13.78
13.60
14.09
15.53
16.29
16.28
17.58
19.63
21.87
22.88
22.23
19.84
19.77
21.14
22.09
22.60
23.08
23.56
23.64
23.87
23.95
23.97
211.7
209.8
205.6
202.9
201.5
198.4
196.3
193.3
189.3
187.2
184.6
181.6
177.7
175.3
173.3
171.0
165.8
164.4
161.2
154.8
151.2
149.2
147.9
145.9
144.7
143.4
144.7
143.8
144.1
145.5
144.6
143.9
143.9
144.3
146.6
147.0
144.8
146.5
147.3
145.3
145.3
145.0
139.8
141.8
140.8
139.7
141.3
139.4
138.8
137.5
136.9
135.9
133.6
133.8
131.4
131.0
130.8
128.6
126.2
121.0
118.3
114.2
109.2
106.1
103.4
96.97
92.61
88.25
81.91
77.12
71.56
66.40
61.42
53.50
47.84
40.65
32.80
25.91
21.06
17.70
14.83
12.41
10.77
9.274
8.122
6.796
5.329
4.229
3.607
3.204
3.090
3.113
3.194
3.301
3.440
3.503
3.424
3.361
3.299
3.276
3.225
3.190
3.205
3.209
3.161
3.143
3.124
3.103
3.101
3.096
3.084
3.061
3.075
3.383
3.470
3.383
3.383
3.439
3.463
3.249
3.225
3.427
3.274
3.271
3.280
3.280
3.294
3.315
3.331
3.354
3.386
3.438
3.480
3.510
3.560
3.619
3.724
3.850
3.938
4.061
4.987
8.157
10.93
13.64
21.55
21.22
24.78
27.99
24.33
28.40
28.11
21.27
19.44
16.95
16.45
16.79
17.06
16.93
16.17
15.02
15.38
15.73
15.92
15.75
16.84
17.09
18.53
20.79
20.02
20.35
20.49
20.45
21.28
22.01
22.46
22.88
23.48
23.63
23.89
23.83
23.51
211.5
209.4
204.9
201.7
199.4
196.0
194.1
191.5
188.0
183.8
181.8
175.8
174.5
171.2
166.9
164.3
159.8
157.3
154.0
147.9
144.3
141.1
139.3
138.1
135.9
135.7
136.2
135.4
135.5
134.5
134.6
134.2
134.7
135.5
136.5
132.2
131.4
129.6
131.6
154.1
136.6
132.6
132.7
134.2
135.1
135.3
135.7
132.6
131.8
130.5
129.5
128.4
126.4
127.5
125.9
126.5
124.7
124.0
120.8
117.5
114.7
111.0
107.0
103.2
99.35
93.45
87.94
83.07
78.91
74.86
69.20
63.51
57.73
51.92
45.38
39.71
32.34
25.78
20.82
17.37
14.32
12.04
10.05
8.664
7.499
6.252
4.900
3.967
3.411
3.063
2.990
3.028
3.107
3.218
3.364
3.398
3.318
3.255
3.209
3.185
3.137
3.102
3.090
3.079
3.065
3.055
3.045
3.025
3.016
3.006
2.990
2.968
2.940
2.934
3.019
3.188
3.355
3.788
3.952
3.573
3.403
3.176
3.174
3.195
3.212
3.214
3.215
3.224
3.249
3.277
3.324
3.371
3.396
3.434
3.490
3.544
3.660
3.790
3.864
4.013
5.747
7.378
10.27
12.83
17.28
27.21
27.27
24.76
32.12
30.72
23.46
21.18
19.74
18.89
18.30
17.13
16.03
15.70
16.14
16.15
16.30
16.96
17.26
17.35
17.27
16.95
19.19
19.19
20.91
20.51
21.51
20.68
21.22
21.72
22.83
23.38
23.40
22.89
23.21
23.54
23.64
211.4
209.7
206.0
201.5
199.1
194.8
193.0
190.1
187.7
182.2
178.5
173.8
169.3
167.1
163.2
159.9
155.8
152.7
149.8
144.8
139.8
134.8
134.1
131.8
130.3
130.3
128.3
128.4
127.1
127.7
127.3
128.9
128.2
129.3
133.5
125.5
125.1
124.5
125.2
124.4
125.3
125.4
125.7
122.6
121.1
122.3
121.6
121.8
120.9
119.7
121.3
121.6
117.6
118.1
116.4
115.1
115.6
115.0
111.3
111.7
105.5
102.2
100.7
97.09
93.03
87.52
82.92
79.18
74.50
69.70
64.72
59.92
54.22
50.31
44.95
38.93
32.25
26.75
21.67
17.47
14.85
12.22
10.27
8.754
7.518
6.342
4.873
3.932
3.364
2.992
2.906
2.946
3.020
3.123
3.246
3.304
3.233
3.164
3.111
3.079
3.033
3.007
2.997
2.983
2.968
2.967
2.947
2.938
2.934
2.929
2.920
2.895
2.919
3.027
3.151
3.210
3.298
3.931
3.648
3.274
3.085
3.112
3.254
3.353
3.283
3.172
3.171
3.185
3.197
3.219
3.259
3.298
3.337
3.370
3.416
3.462
3.573
3.689
3.765
3.873
4.323
6.384
10.59
17.00
17.50
16.78
24.17
29.89
29.83
21.41
21.54
21.90
20.44
19.72
18.19
16.23
16.07
16.03
15.77
15.77
15.53
15.93
16.49
17.08
16.89
17.58
19.17
20.06
20.61
21.62
20.16
20.38
21.41
22.07
22.20
22.47
22.94
23.20
23.40
23.29
23.55
211.2
209.4
204.8
201.0
197.6
193.9
190.7
187.4
183.5
179.3
176.2
169.2
165.1
161.9
159.4
154.3
150.1
146.5
141.0
136.4
132.2
128.6
127.0
124.0
123.7
123.3
122.0
120.6
120.6
121.9
119.9
122.0
119.8
119.9
123.4
118.2
118.4
121.0
122.0
120.7
119.3
116.7
118.3
118.5
118.5
119.9
118.6
116.4
116.0
114.3
114.4
113.1
112.7
110.7
113.1
111.3
111.1
109.4
108.0
104.8
101.4
98.82
94.57
91.54
88.23
83.66
79.60
76.72
72.94
68.28
63.60
58.57
54.76
48.56
44.06
37.84
31.55
26.05
21.53
17.84
14.90
12.17
10.32
8.565
7.182
5.873
4.537
3.703
3.188
2.895
2.843
2.884
2.965
3.069
3.188
3.206
3.138
3.075
3.045
3.005
2.941
2.927
2.916
2.906
2.899
2.898
2.887
2.879
2.877
2.876
2.876
2.854
2.853
2.974
3.270
3.200
3.147
3.195
3.218
3.052
3.080
3.238
3.142
3.170
3.157
3.151
3.141
3.132
3.124
3.142
3.190
3.230
3.252
3.289
3.334
3.387
3.505
3.619
3.682
3.800
4.572
7.273
10.74
13.15
19.72
19.56
21.34
25.16
22.10
24.53
22.42
20.23
18.40
16.33
16.67
17.10
16.83
16.28
15.61
14.82
15.36
15.94
16.03
16.42
17.28
17.33
18.70
20.09
19.93
20.41
20.58
20.51
20.55
21.65
21.94
22.32
22.77
23.27
23.36
23.40
22.79
211.7
209.9
206.5
201.0
197.6
193.0
188.5
185.5
181.3
177.2
173.5
167.1
163.3
158.7
154.8
148.9
146.7
141.9
136.2
131.9
126.9
123.2
121.1
120.3
118.2
117.2
116.9
116.8
116.7
114.8
115.4
114.5
114.2
115.5
116.5
113.7
112.5
111.9
113.0
118.1
114.9
117.2
116.9
116.8
118.6
117.4
116.1
116.3
116.7
115.4
113.7
113.1
113.1
113.0
112.5
110.7
112.2
112.1
109.4
107.9
105.8
102.4
98.51
95.13
91.47
88.14
84.87
78.67
74.20
70.80
64.67
61.78
57.19
52.14
45.96
40.52
33.61
27.68
23.09
19.28
15.40
12.88
10.38
8.410
6.923
5.772
4.440
3.668
3.148
2.849
2.790
2.824
2.898
2.997
3.121
3.137
3.063
3.010
2.963
2.925
2.881
2.858
2.847
2.833
2.830
2.827
2.822
2.808
2.798
2.783
2.774
2.759
2.750
2.750
2.792
2.927
2.938
3.019
3.292
3.535
3.489
3.263
3.079
3.076
3.055
3.050
3.054
3.060
3.064
3.096
3.130
3.161
3.185
3.224
3.264
3.311
3.415
3.533
3.606
3.739
4.781
6.495
8.712
11.49
14.50
20.65
24.58
21.34
23.60
22.09
19.56
17.20
16.46
16.08
16.25
15.84
15.21
14.59
15.38
15.39
15.33
16.26
16.83
16.73
16.76
17.16
19.14
19.40
21.02
20.08
19.65
20.41
20.65
20.88
22.10
22.71
22.84
22.34
22.01
22.67
22.69
211.1
209.3
205.9
200.6
197.0
191.1
186.3
182.8
180.2
173.9
170.8
164.4
159.8
155.4
149.8
147.6
141.3
136.9
132.5
126.2
123.2
119.3
116.9
115.9
114.8
113.7
111.9
110.7
110.9
110.7
111.2
111.0
111.0
114.0
112.0
110.4
110.4
110.0
111.3
111.3
111.1
109.6
109.9
110.6
108.1
110.1
109.3
109.4
110.2
109.0
108.7
109.0
107.8
107.7
107.5
105.9
105.5
104.9
103.2
102.4
99.45
96.30
93.42
89.44
87.44
83.85
80.84
75.44
71.58
67.73
64.29
60.64
55.47
50.77
45.02
37.90
31.62
27.05
22.27
18.73
14.76
12.04
9.953
8.184
6.829
5.508
4.194
3.518
3.038
2.784
2.740
2.779
2.865
2.966
3.066
3.081
3.000
2.942
2.907
2.874
2.825
2.801
2.803
2.790
2.788
2.782
2.774
2.763
2.758
2.755
2.740
2.729
2.742
2.770
2.917
3.043
2.995
3.145
3.159
2.930
2.913
2.937
2.971
3.009
3.019
3.013
3.004
3.004
3.004
3.028
3.060
3.102
3.129
3.159
3.202
3.249
3.353
3.461
3.531
3.634
4.024
6.152
9.981
14.64
14.50
14.79
20.26
21.59
20.92
16.59
16.17
15.39
15.56
15.89
14.65
13.53
13.43
13.52
13.94
14.56
14.73
14.75
15.62
16.12
16.64
17.18
18.40
19.35
20.22
20.46
19.69
19.79
20.95
21.32
21.36
21.25
22.01
22.21
22.26
22.13
22.45
212.2
209.8
206.2
202.2
197.6
191.7
187.7
183.2
179.4
172.7
167.5
163.6
158.5
152.4
148.4
143.4
138.5
133.5
129.7
124.2
119.0
116.7
114.2
111.7
111.5
109.7
109.7
107.8
108.4
107.7
108.0
107.9
107.5
108.5
111.9
106.5
106.3
107.6
109.4
108.6
108.2
109.9
109.0
108.1
106.4
107.7
107.9
108.0
107.6
108.9
109.4
107.2
107.4
107.6
106.6
107.5
105.4
105.8
102.8
100.8
98.62
96.08
93.38
92.17
88.82
84.79
80.36
75.76
72.87
68.49
64.76
61.90
58.28
52.74
46.62
39.93
33.10
27.87
23.16
18.83
15.42
12.87
10.46
8.550
7.037
5.608
4.263
3.527
3.010
2.762
2.712
2.741
2.816
2.916
3.016
3.035
2.960
2.891
2.859
2.823
2.778
2.749
2.749
2.745
2.743
2.739
2.726
2.717
2.711
2.707
2.695
2.683
2.688
2.787
2.964
2.951
2.910
2.981
2.990
2.910
2.888
3.026
3.010
2.974
2.957
2.959
2.960
2.963
2.971
2.992
3.021
3.071
3.086
3.113
3.154
3.197
3.286
3.399
3.452
3.535
3.913
5.501
8.664
10.98
17.63
16.80
13.28
17.63
16.94
17.84
15.89
15.55
14.31
12.60
12.93
13.19
13.45
13.86
13.25
12.78
13.85
14.77
14.97
15.39
15.69
16.53
17.99
19.18
19.17
20.24
20.05
19.97
19.80
20.52
20.72
20.97
21.56
22.28
22.25
22.07
21.64
211.4
209.0
205.5
200.9
195.8
190.5
187.2
182.4
176.8
171.4
166.1
160.7
155.2
150.0
145.2
139.3
135.8
130.9
125.4
120.3
117.2
114.6
109.6
108.7
107.9
106.2
106.0
106.1
104.7
105.3
105.3
104.0
103.8
105.0
107.7
108.3
105.0
104.0
111.4
106.5
107.3
108.5
107.8
109.3
109.0
111.9
111.7
110.7
110.3
109.4
108.2
109.1
108.0
108.0
107.0
109.5
109.0
109.2
106.9
103.8
101.9
98.84
97.54
94.00
89.27
86.74
82.32
79.44
74.67
70.68
66.72
65.46
60.12
54.84
48.68
40.74
34.06
28.24
22.72
19.29
15.81
12.78
10.05
8.032
6.639
5.305
4.047
3.424
2.926
2.717
2.674
2.711
2.793
2.890
2.987
2.995
2.909
2.866
2.837
2.790
2.755
2.742
2.738
2.732
2.724
2.722
2.708
2.698
2.695
2.677
2.663
2.653
2.641
2.638
2.642
2.861
3.091
3.025
2.997
3.148
3.283
3.060
2.924
2.919
2.917
2.918
2.919
2.925
2.933
2.955
2.980
3.024
3.032
3.073
3.113
3.159
3.264
3.341
3.394
3.503
3.829
6.150
8.798
10.17
10.81
15.55
20.49
18.95
16.19
14.17
13.08
11.97
11.58
11.99
12.89
13.33
12.68
13.08
13.04
13.39
13.60
13.72
14.48
15.30
15.42
15.85
17.93
18.28
20.03
19.65
19.15
19.71
19.65
19.64
20.94
21.77
21.67
20.85
20.77
21.72
21.69
211.8
209.0
205.8
201.3
195.4
190.4
186.0
181.1
177.7
172.6
167.2
160.4
155.3
149.0
144.5
140.0
135.4
129.1
125.7
120.3
116.8
113.5
110.7
108.5
105.7
104.2
105.4
104.5
103.0
104.1
103.4
103.2
104.6
107.5
102.6
103.9
101.1
104.2
106.6
105.6
106.0
105.7
104.6
105.3
104.8
106.2
105.9
106.2
106.5
107.5
106.5
106.5
105.7
105.3
106.0
106.3
105.5
104.1
102.6
99.97
99.09
96.50
93.56
90.99
87.38
84.99
81.43
77.30
74.84
70.35
65.97
63.31
59.89
55.31
48.57
40.75
34.72
28.98
23.90
19.34
15.37
12.65
10.62
8.470
6.972
5.543
4.188
3.448
2.957
2.712
2.668
2.696
2.773
2.859
2.956
2.979
2.909
2.829
2.799
2.766
2.717
2.703
2.700
2.699
2.692
2.690
2.678
2.664
2.653
2.642
2.635
2.630
2.627
2.670
2.833
2.901
2.867
2.942
2.912
2.861
2.829
2.924
3.015
2.995
2.918
2.901
2.904
2.907
2.920
2.943
2.961
3.010
3.017
3.050
3.089
3.124
3.205
3.313
3.346
3.422
3.599
4.589
7.324
12.17
13.39
12.30
15.46
14.78
13.85
13.15
13.15
12.66
12.16
12.25
11.90
11.62
11.77
11.97
11.98
12.59
12.78
13.62
14.38
15.15
15.40
16.25
17.62
18.41
18.50
19.23
19.14
19.28
19.85
20.26
20.38
20.14
21.04
21.48
21.27
21.04
21.17
211.2
208.4
204.9
199.2
194.5
191.1
185.2
180.5
176.2
170.8
165.2
159.9
154.7
148.5
143.9
136.7
132.3
128.2
121.7
118.0
113.2
110.7
109.2
106.2
105.2
103.8
104.0
103.1
101.3
102.7
102.6
102.7
103.5
104.7
102.3
101.9
103.0
101.5
101.9
104.4
104.5
105.0
104.7
104.5
104.2
105.0
106.5
106.0
105.8
107.1
106.0
105.6
106.1
105.1
105.8
106.5
105.7
104.4
102.4
100.8
98.62
95.44
92.81
90.86
87.46
84.61
81.53
77.61
73.52
69.56
65.62
63.70
58.72
54.72
47.81
40.04
34.00
28.41
23.05
18.89
15.07
12.63
10.45
8.487
6.943
5.357
4.026
3.369
2.884
2.688
2.660
2.688
2.761
2.861
2.951
2.975
2.880
2.820
2.801
2.759
2.715
2.695
2.689
2.691
2.688
2.688
2.683
2.659
2.654
2.644
2.634
2.617
2.604
2.670
2.929
2.888
2.844
2.894
2.893
2.820
2.812
2.949
2.945
2.939
2.897
2.890
2.886
2.885
2.890
2.914
2.936
2.985
2.995
3.032
3.063
3.103
3.204
3.283
3.322
3.391
3.592
4.981
7.883
9.907
13.16
14.98
11.86
11.41
14.01
13.15
12.81
12.89
11.55
10.83
11.22
11.45
11.68
11.77
11.73
12.51
12.80
13.65
14.30
15.15
15.47
15.84
17.15
18.50
18.42
18.71
18.92
18.91
19.38
20.17
20.05
20.31
20.56
21.24
21.29
20.95
20.65
211.2
209.2
205.8
199.1
195.2
192.0
187.0
182.5
176.7
170.2
166.5
159.2
153.7
149.0
143.9
138.7
133.6
127.9
122.5
117.7
114.6
110.4
107.1
105.4
104.6
103.1
104.2
102.8
103.4
102.6
103.3
102.5
102.2
102.3
103.7
111.9
102.1
102.0
103.1
102.7
106.2
107.1
106.4
107.4
108.9
110.2
108.9
108.0
108.6
109.3
107.6
108.9
107.6
108.5
108.3
106.4
109.7
108.1
105.0
103.0
104.2
99.32
97.33
94.21
90.45
88.02
84.49
80.84
76.85
71.85
69.51
66.80
62.22
56.72
51.15
42.04
36.37
30.26
23.89
20.33
16.74
13.69
10.83
8.636
7.164
5.475
4.150
3.440
2.929
2.699
2.649
2.690
2.754
2.855
2.939
2.968
2.889
2.813
2.782
2.761
2.707
2.691
2.682
2.684
2.679
2.676
2.656
2.642
2.635
2.630
2.611
2.590
2.585
2.588
2.600
2.741
3.047
3.008
2.935
2.935
3.340
3.063
2.877
2.877
2.886
2.886
2.886
2.886
2.891
2.918
2.946
2.985
3.002
3.017
3.063
3.096
3.175
3.289
3.313
3.400
3.573
5.009
8.510
8.712
8.473
8.530
14.38
20.58
15.54
14.74
13.66
12.63
12.86
12.92
13.21
11.96
11.83
12.03
12.38
12.49
12.80
13.33
13.79
14.59
15.08
15.60
17.14
17.77
19.21
18.85
18.02
19.21
19.25
19.30
20.78
21.10
20.91
19.87
19.90
21.10
21.21
211.2
208.4
204.9
199.2
194.5
191.1
185.2
180.5
176.2
170.8
165.2
159.9
154.7
148.5
143.9
136.7
132.3
128.2
121.7
118.0
113.2
110.7
109.2
106.2
105.2
103.8
104.0
103.1
101.3
102.7
102.6
102.7
103.5
104.7
102.3
101.9
103.0
101.5
101.9
104.4
104.5
105.0
104.7
104.5
104.2
105.0
106.5
106.0
105.8
107.1
106.0
105.6
106.1
105.1
105.8
106.5
105.7
104.4
102.4
100.8
98.62
95.44
92.81
90.86
87.46
84.61
81.53
77.61
73.52
69.56
65.62
63.70
58.72
54.72
47.81
40.04
34.00
28.41
23.05
18.89
15.07
12.63
10.45
8.487
6.943
5.357
4.026
3.369
2.884
2.688
2.660
2.688
2.761
2.861
2.951
2.975
2.880
2.820
2.801
2.759
2.715
2.695
2.689
2.691
2.688
2.688
2.683
2.659
2.654
2.644
2.634
2.617
2.604
2.670
2.929
2.888
2.844
2.894
2.893
2.820
2.812
2.949
2.945
2.939
2.897
2.890
2.886
2.885
2.890
2.914
2.936
2.985
2.995
3.032
3.063
3.103
3.204
3.283
3.322
3.391
3.592
4.981
7.883
9.907
13.16
14.98
11.86
11.41
14.01
13.15
12.81
12.89
11.55
10.83
11.22
11.45
11.68
11.77
11.73
12.51
12.80
13.65
14.30
15.15
15.47
15.84
17.15
18.50
18.42
18.71
18.92
18.91
19.38
20.17
20.05
20.31
20.56
21.24
21.29
20.95
20.65
211.8
209.0
205.8
201.3
195.4
190.4
186.0
181.1
177.7
172.6
167.2
160.4
155.3
149.0
144.5
140.0
135.4
129.1
125.7
120.3
116.8
113.5
110.7
108.5
105.7
104.2
105.4
104.5
103.0
104.1
103.4
103.2
104.6
107.5
102.6
103.9
101.1
104.2
106.6
105.6
106.0
105.7
104.6
105.3
104.8
106.2
105.9
106.2
106.5
107.5
106.5
106.5
105.7
105.3
106.0
106.3
105.5
104.1
102.6
99.97
99.09
96.50
93.56
90.99
87.38
84.99
81.43
77.30
74.84
70.35
65.97
63.31
59.89
55.31
48.57
40.75
34.72
28.98
23.90
19.34
15.37
12.65
10.62
8.470
6.972
5.543
4.188
3.448
2.957
2.712
2.668
2.696
2.773
2.859
2.956
2.979
2.909
2.829
2.799
2.766
2.717
2.703
2.700
2.699
2.692
2.690
2.678
2.664
2.653
2.642
2.635
2.630
2.627
2.670
2.833
2.901
2.867
2.942
2.912
2.861
2.829
2.924
3.015
2.995
2.918
2.901
2.904
2.907
2.920
2.943
2.961
3.010
3.017
3.050
3.089
3.124
3.205
3.313
3.346
3.422
3.599
4.589
7.324
12.17
13.39
12.30
15.46
14.78
13.85
13.15
13.15
12.66
12.16
12.25
11.90
11.62
11.77
11.97
11.98
12.59
12.78
13.62
14.38
15.15
15.40
16.25
17.62
18.41
18.50
19.23
19.14
19.28
19.85
20.26
20.38
20.14
21.04
21.48
21.27
21.04
21.17
211.4
209.0
205.5
200.9
195.8
190.5
187.2
182.4
176.8
171.4
166.1
160.7
155.2
150.0
145.2
139.3
135.8
130.9
125.4
120.3
117.2
114.6
109.6
108.7
107.9
106.2
106.0
106.1
104.7
105.3
105.3
104.0
103.8
105.0
107.7
108.3
105.0
104.0
111.4
106.5
107.3
108.5
107.8
109.3
109.0
111.9
111.7
110.7
110.3
109.4
108.2
109.1
108.0
108.0
107.0
109.5
109.0
109.2
106.9
103.8
101.9
98.84
97.54
94.00
89.27
86.74
82.32
79.44
74.67
70.68
66.72
65.46
60.12
54.84
48.68
40.74
34.06
28.24
22.72
19.29
15.81
12.78
10.05
8.032
6.639
5.305
4.047
3.424
2.926
2.717
2.674
2.711
2.793
2.890
2.987
2.995
2.909
2.866
2.837
2.790
2.755
2.742
2.738
2.732
2.724
2.722
2.708
2.698
2.695
2.677
2.663
2.653
2.641
2.638
2.642
2.861
3.091
3.025
2.997
3.148
3.283
3.060
2.924
2.919
2.917
2.918
2.919
2.925
2.933
2.955
2.980
3.024
3.032
3.073
3.113
3.159
3.264
3.341
3.394
3.503
3.829
6.150
8.798
10.17
10.81
15.55
20.49
18.95
16.19
14.17
13.08
11.97
11.58
11.99
12.89
13.33
12.68
13.08
13.04
13.39
13.60
13.72
14.48
15.30
15.42
15.85
17.93
18.28
20.03
19.65
19.15
19.71
19.65
19.64
20.94
21.77
21.67
20.85
20.77
21.72
21.69
212.2
209.8
206.2
202.2
197.6
191.7
187.7
183.2
179.4
172.7
167.5
163.6
158.5
152.4
148.4
143.4
138.5
133.5
129.7
124.2
119.0
116.7
114.2
111.7
111.5
109.7
109.7
107.8
108.4
107.7
108.0
107.9
107.5
108.5
111.9
106.5
106.3
107.6
109.4
108.6
108.2
109.9
109.0
108.1
106.4
107.7
107.9
108.0
107.6
108.9
109.4
107.2
107.4
107.6
106.6
107.5
105.4
105.8
102.8
100.8
98.62
96.08
93.38
92.17
88.82
84.79
80.36
75.76
72.87
68.49
64.76
61.90
58.28
52.74
46.62
39.93
33.10
27.87
23.16
18.83
15.42
12.87
10.46
8.550
7.037
5.608
4.263
3.527
3.010
2.762
2.712
2.741
2.816
2.916
3.016
3.035
2.960
2.891
2.859
2.823
2.778
2.749
2.749
2.745
2.743
2.739
2.726
2.717
2.711
2.707
2.695
2.683
2.688
2.787
2.964
2.951
2.910
2.981
2.990
2.910
2.888
3.026
3.010
2.974
2.957
2.959
2.960
2.963
2.971
2.992
3.021
3.071
3.086
3.113
3.154
3.197
3.286
3.399
3.452
3.535
3.913
5.501
8.664
10.98
17.63
16.80
13.28
17.63
16.94
17.84
15.89
15.55
14.31
12.60
12.93
13.19
13.45
13.86
13.25
12.78
13.85
14.77
14.97
15.39
15.69
16.53
17.99
19.18
19.17
20.24
20.05
19.97
19.80
20.52
20.72
20.97
21.56
22.28
22.25
22.07
21.64
211.1
209.3
205.9
200.6
197.0
191.1
186.3
182.8
180.2
173.9
170.8
164.4
159.8
155.4
149.8
147.6
141.3
136.9
132.5
126.2
123.2
119.3
116.9
115.9
114.8
113.7
111.9
110.7
110.9
110.7
111.2
111.0
111.0
114.0
112.0
110.4
110.4
110.0
111.3
111.3
111.1
109.6
109.9
110.6
108.1
110.1
109.3
109.4
110.2
109.0
108.7
109.0
107.8
107.7
107.5
105.9
105.5
104.9
103.2
102.4
99.45
96.30
93.42
89.44
87.44
83.85
80.84
75.44
71.58
67.73
64.29
60.64
55.47
50.77
45.02
37.90
31.62
27.05
22.27
18.73
14.76
12.04
9.953
8.184
6.829
5.508
4.194
3.518
3.038
2.784
2.740
2.779
2.865
2.966
3.066
3.081
3.000
2.942
2.907
2.874
2.825
2.801
2.803
2.790
2.788
2.782
2.774
2.763
2.758
2.755
2.740
2.729
2.742
2.770
2.917
3.043
2.995
3.145
3.159
2.930
2.913
2.937
2.971
3.009
3.019
3.013
3.004
3.004
3.004
3.028
3.060
3.102
3.129
3.159
3.202
3.249
3.353
3.461
3.531
3.634
4.024
6.152
9.981
14.64
14.50
14.79
20.26
21.59
20.92
16.59
16.17
15.39
15.56
15.89
14.65
13.53
13.43
13.52
13.94
14.56
14.73
14.75
15.62
16.12
16.64
17.18
18.40
19.35
20.22
20.46
19.69
19.79
20.95
21.32
21.36
21.25
22.01
22.21
22.26
22.13
22.45
211.7
209.9
206.5
201.0
197.6
193.0
188.5
185.5
181.3
177.2
173.5
167.1
163.3
158.7
154.8
148.9
146.7
141.9
136.2
131.9
126.9
123.2
121.1
120.3
118.2
117.2
116.9
116.8
116.7
114.8
115.4
114.5
114.2
115.5
116.5
113.7
112.5
111.9
113.0
118.1
114.9
117.2
116.9
116.8
118.6
117.4
116.1
116.3
116.7
115.4
113.7
113.1
113.1
113.0
112.5
110.7
112.2
112.1
109.4
107.9
105.8
102.4
98.51
95.13
91.47
88.14
84.87
78.67
74.20
70.80
64.67
61.78
57.19
52.14
45.96
40.52
33.61
27.68
23.09
19.28
15.40
12.88
10.38
8.410
6.923
5.772
4.440
3.668
3.148
2.849
2.790
2.824
2.898
2.997
3.121
3.137
3.063
3.010
2.963
2.925
2.881
2.858
2.847
2.833
2.830
2.827
2.822
2.808
2.798
2.783
2.774
2.759
2.750
2.750
2.792
2.927
2.938
3.019
3.292
3.535
3.489
3.263
3.079
3.076
3.055
3.050
3.054
3.060
3.064
3.096
3.130
3.161
3.185
3.224
3.264
3.311
3.415
3.533
3.606
3.739
4.781
6.495
8.712
11.49
14.50
20.65
24.58
21.34
23.60
22.09
19.56
17.20
16.46
16.08
16.25
15.84
15.21
14.59
15.38
15.39
15.33
16.26
16.83
16.73
16.76
17.16
19.14
19.40
21.02
20.08
19.65
20.41
20.65
20.88
22.10
22.71
22.84
22.34
22.01
22.67
22.69
211.2
209.4
204.8
201.0
197.6
193.9
190.7
187.4
183.5
179.3
176.2
169.2
165.1
161.9
159.4
154.3
150.1
146.5
141.0
136.4
132.2
128.6
127.0
124.0
123.7
123.3
122.0
120.6
120.6
121.9
119.9
122.0
119.8
119.9
123.4
118.2
118.4
121.0
122.0
120.7
119.3
116.7
118.3
118.5
118.5
119.9
118.6
116.4
116.0
114.3
114.4
113.1
112.7
110.7
113.1
111.3
111.1
109.4
108.0
104.8
101.4
98.82
94.57
91.54
88.23
83.66
79.60
76.72
72.94
68.28
63.60
58.57
54.76
48.56
44.06
37.84
31.55
26.05
21.53
17.84
14.90
12.17
10.32
8.565
7.182
5.873
4.537
3.703
3.188
2.895
2.843
2.884
2.965
3.069
3.188
3.206
3.138
3.075
3.045
3.005
2.941
2.927
2.916
2.906
2.899
2.898
2.887
2.879
2.877
2.876
2.876
2.854
2.853
2.974
3.270
3.200
3.147
3.195
3.218
3.052
3.080
3.238
3.142
3.170
3.157
3.151
3.141
3.132
3.124
3.142
3.190
3.230
3.252
3.289
3.334
3.387
3.505
3.619
3.682
3.800
4.572
7.273
10.74
13.15
19.72
19.56
21.34
25.16
22.10
24.53
22.42
20.23
18.40
16.33
16.67
17.10
16.83
16.28
15.61
14.82
15.36
15.94
16.03
16.42
17.28
17.33
18.70
20.09
19.93
20.41
20.58
20.51
20.55
21.65
21.94
22.32
22.77
23.27
23.36
23.40
22.79
211.4
209.7
206.0
201.5
199.1
194.8
193.0
190.1
187.7
182.2
178.5
173.8
169.3
167.1
163.2
159.9
155.8
152.7
149.8
144.8
139.8
134.8
134.1
131.8
130.3
130.3
128.3
128.4
127.1
127.7
127.3
128.9
128.2
129.3
133.5
125.5
125.1
124.5
125.2
124.4
125.3
125.4
125.7
122.6
121.1
122.3
121.6
121.8
120.9
119.7
121.3
121.6
117.6
118.1
116.4
115.1
115.6
115.0
111.3
111.7
105.5
102.2
100.7
97.09
93.03
87.52
82.92
79.18
74.50
69.70
64.72
59.92
54.22
50.31
44.95
38.93
32.25
26.75
21.67
17.47
14.85
12.22
10.27
8.754
7.518
6.342
4.873
3.932
3.364
2.992
2.906
2.946
3.020
3.123
3.246
3.304
3.233
3.164
3.111
3.079
3.033
3.007
2.997
2.983
2.968
2.967
2.947
2.938
2.934
2.929
2.920
2.895
2.919
3.027
3.151
3.210
3.298
3.931
3.648
3.274
3.085
3.112
3.254
3.353
3.283
3.172
3.171
3.185
3.197
3.219
3.259
3.298
3.337
3.370
3.416
3.462
3.573
3.689
3.765
3.873
4.323
6.384
10.59
17.00
17.50
16.78
24.17
29.89
29.83
21.41
21.54
21.90
20.44
19.72
18.19
16.23
16.07
16.03
15.77
15.77
15.53
15.93
16.49
17.08
16.89
17.58
19.17
20.06
20.61
21.62
20.16
20.38
21.41
22.07
22.20
22.47
22.94
23.20
23.40
23.29
23.55
211.5
209.4
204.9
201.7
199.4
196.0
194.1
191.5
188.0
183.8
181.8
175.8
174.5
171.2
166.9
164.3
159.8
157.3
154.0
147.9
144.3
141.1
139.3
138.1
135.9
135.7
136.2
135.4
135.5
134.5
134.6
134.2
134.7
135.5
136.5
132.2
131.4
129.6
131.6
154.1
136.6
132.6
132.7
134.2
135.1
135.3
135.7
132.6
131.8
130.5
129.5
128.4
126.4
127.5
125.9
126.5
124.7
124.0
120.8
117.5
114.7
111.0
107.0
103.2
99.35
93.45
87.94
83.07
78.91
74.86
69.20
63.51
57.73
51.92
45.38
39.71
32.34
25.78
20.82
17.37
14.32
12.04
10.05
8.664
7.499
6.252
4.900
3.967
3.411
3.063
2.990
3.028
3.107
3.218
3.364
3.398
3.318
3.255
3.209
3.185
3.137
3.102
3.090
3.079
3.065
3.055
3.045
3.025
3.016
3.006
2.990
2.968
2.940
2.934
3.019
3.188
3.355
3.788
3.952
3.573
3.403
3.176
3.174
3.195
3.212
3.214
3.215
3.224
3.249
3.277
3.324
3.371
3.396
3.434
3.490
3.544
3.660
3.790
3.864
4.013
5.747
7.378
10.27
12.83
17.28
27.21
27.27
24.76
32.12
30.72
23.46
21.18
19.74
18.89
18.30
17.13
16.03
15.70
16.14
16.15
16.30
16.96
17.26
17.35
17.27
16.95
19.19
19.19
20.91
20.51
21.51
20.68
21.22
21.72
22.83
23.38
23.40
22.89
23.21
23.54
23.64
211.7
209.8
205.6
202.9
201.5
198.4
196.3
193.3
189.3
187.2
184.6
181.6
177.7
175.3
173.3
171.0
165.8
164.4
161.2
154.8
151.2
149.2
147.9
145.9
144.7
143.4
144.7
143.8
144.1
145.5
144.6
143.9
143.9
144.3
146.6
147.0
144.8
146.5
147.3
145.3
145.3
145.0
139.8
141.8
140.8
139.7
141.3
139.4
138.8
137.5
136.9
135.9
133.6
133.8
131.4
131.0
130.8
128.6
126.2
121.0
118.3
114.2
109.2
106.1
103.4
96.97
92.61
88.25
81.91
77.12
71.56
66.40
61.42
53.50
47.84
40.65
32.80
25.91
21.06
17.70
14.83
12.41
10.77
9.274
8.122
6.796
5.329
4.229
3.607
3.204
3.090
3.113
3.194
3.301
3.440
3.503
3.424
3.361
3.299
3.276
3.225
3.190
3.205
3.209
3.161
3.143
3.124
3.103
3.101
3.096
3.084
3.061
3.075
3.383
3.470
3.383
3.383
3.439
3.463
3.249
3.225
3.427
3.274
3.271
3.280
3.280
3.294
3.315
3.331
3.354
3.386
3.438
3.480
3.510
3.560
3.619
3.724
3.850
3.938
4.061
4.987
8.157
10.93
13.64
21.55
21.22
24.78
27.99
24.33
28.40
28.11
21.27
19.44
16.95
16.45
16.79
17.06
16.93
16.17
15.02
15.38
15.73
15.92
15.75
16.84
17.09
18.53
20.79
20.02
20.35
20.49
20.45
21.28
22.01
22.46
22.88
23.48
23.63
23.89
23.83
23.51
211.2
209.2
206.1
203.8
201.8
200.7
197.3
195.3
191.3
189.7
186.7
184.4
182.5
179.8
176.2
174.7
173.2
170.3
166.3
162.6
158.4
156.9
156.0
154.4
153.5
152.7
154.2
152.5
154.6
155.3
154.7
156.3
155.3
158.2
161.8
154.8
155.8
153.7
155.2
155.8
156.1
152.8
154.4
155.4
153.5
154.9
154.1
151.7
151.9
151.6
151.0
148.8
150.4
145.3
146.0
145.1
146.9
141.6
139.7
136.0
130.7
125.3
124.1
118.1
113.0
108.4
102.3
98.10
90.14
85.70
81.15
73.51
66.25
59.21
51.41
44.61
35.32
27.11
21.48
17.98
14.87
12.65
10.91
9.480
8.321
6.837
5.328
4.239
3.655
3.281
3.196
3.225
3.309
3.417
3.571
3.616
3.545
3.470
3.417
3.371
3.324
3.291
3.315
3.288
3.238
3.228
3.211
3.177
3.168
3.157
3.150
3.121
3.149
3.237
3.385
3.453
3.367
3.309
3.266
3.304
3.276
3.271
3.439
3.507
3.411
3.354
3.354
3.354
3.376
3.396
3.449
3.494
3.531
3.571
3.628
3.682
3.792
3.930
4.010
4.137
5.210
7.639
12.10
18.53
17.65
18.84
26.41
31.16
27.87
19.93
22.02
20.45
18.78
18.12
16.68
15.37
14.87
14.42
14.07
13.78
13.60
14.09
15.53
16.29
16.28
17.58
19.63
21.87
22.88
22.23
19.84
19.77
21.14
22.09
22.60
23.08
23.56
23.64
23.87
23.95
23.97
211.1
210.2
206.6
205.4
203.6
203.0
199.6
197.4
196.0
192.8
191.3
187.9
187.8
185.2
182.6
181.7
180.2
177.9
174.3
170.0
166.1
164.4
161.5
161.9
160.1
162.7
162.4
163.0
164.9
165.1
164.4
164.4
168.4
167.6
168.8
178.8
166.6
168.3
169.0
183.4
190.1
172.9
172.3
175.2
179.7
177.7
178.4
178.3
179.0
174.1
174.3
172.5
171.3
170.9
171.4
169.0
170.2
170.8
165.2
162.4
159.7
157.3
151.1
144.0
137.7
132.9
126.2
119.2
109.4
105.9
99.58
91.65
83.76
73.55
64.66
55.15
43.84
32.80
25.09
19.89
16.15
13.19
11.16
9.661
8.497
7.134
5.699
4.566
3.883
3.483
3.337
3.358
3.431
3.526
3.672
3.754
3.691
3.607
3.545
3.507
3.438
3.394
3.390
3.361
3.318
3.306
3.279
3.252
3.232
3.225
3.199
3.167
3.140
3.116
3.108
3.132
3.354
3.749
4.012
4.135
3.910
3.510
3.374
3.388
3.394
3.400
3.402
3.421
3.434
3.464
3.509
3.562
3.601
3.633
3.678
3.738
3.836
3.957
4.072
4.219
5.909
7.512
10.86
12.64
15.07
23.87
25.46
21.89
27.34
24.61
19.71
18.67
17.64
16.13
15.19
14.21
13.13
12.66
13.15
13.64
14.41
15.14
15.65
16.28
16.82
17.45
19.38
19.61
21.55
21.58
21.79
20.09
20.32
21.49
22.49
23.32
23.77
23.54
23.57
24.06
24.08
211.5
209.6
207.2
206.4
204.6
204.3
201.7
200.1
198.6
194.8
195.6
192.3
191.3
189.5
188.3
186.9
187.1
183.2
180.5
177.6
174.5
171.9
171.0
170.5
171.3
171.3
171.3
172.6
175.7
175.2
178.2
180.9
176.2
178.8
183.5
186.4
184.2
189.0
185.8
189.1
187.5
188.6
190.3
190.0
192.8
192.8
192.1
193.2
192.4
191.3
192.5
191.8
191.3
190.1
190.6
191.7
192.9
190.2
186.7
183.1
177.6
174.6
171.0
164.3
156.6
151.8
144.6
138.4
129.8
125.2
116.9
108.9
101.1
88.63
78.83
66.57
52.57
39.03
28.08
20.21
16.27
13.42
11.31
9.835
8.737
7.276
5.819
4.630
3.971
3.598
3.481
3.497
3.576
3.671
3.816
3.883
3.811
3.744
3.669
3.610
3.562
3.535
3.514
3.502
3.458
3.423
3.399
3.369
3.352
3.365
3.345
3.313
3.283
3.534
3.837
3.667
3.610
3.606
3.590
3.393
3.341
3.347
3.415
3.497
3.449
3.442
3.452
3.476
3.489
3.523
3.575
3.615
3.653
3.680
3.725
3.786
3.890
4.007
4.098
4.214
5.844
8.745
10.71
14.87
18.18
15.50
19.97
20.46
18.10
21.83
17.83
15.21
13.82
12.82
12.84
13.05
12.95
12.58
12.02
11.91
12.36
12.32
12.65
13.56
15.08
15.21
17.05
20.29
19.68
19.84
20.50
19.11
19.91
21.40
22.29
22.82
23.46
23.77
23.93
24.17
23.95
211.3
210.3
207.8
207.6
205.7
204.7
203.9
202.2
202.7
198.6
198.6
195.8
196.2
193.6
191.4
191.4
191.9
188.5
187.8
183.8
180.3
178.3
179.0
177.9
179.5
178.7
179.8
182.7
184.5
185.7
186.3
189.6
191.2
196.4
199.7
194.4
194.2
195.6
197.9
199.8
202.4
203.2
205.8
208.5
209.5
209.9
211.7
212.1
211.9
215.7
217.3
217.6
216.5
218.9
219.9
222.6
223.0
222.9
219.2
215.2
211.9
209.4
204.4
200.5
193.7
183.8
176.7
171.7
163.2
154.5
146.5
139.3
130.2
121.3
107.4
94.90
76.94
59.73
41.62
27.66
19.57
14.42
11.64
9.919
8.700
7.414
6.000
4.894
4.141
3.788
3.632
3.644
3.710
3.803
3.931
4.004
3.958
3.858
3.781
3.730
3.672
3.630
3.616
3.568
3.526
3.504
3.480
3.448
3.421
3.404
3.393
3.361
3.404
3.482
3.579
3.657
3.651
4.397
4.185
3.749
3.395
3.403
3.474
3.646
3.650
3.563
3.509
3.522
3.542
3.574
3.614
3.654
3.699
3.719
3.753
3.807
3.900
4.006
4.104
4.288
5.382
6.540
10.21
14.34
13.38
17.41
16.84
17.29
17.00
13.57
13.91
12.86
12.57
12.10
11.30
10.48
10.52
10.59
10.56
10.34
10.04
10.41
11.64
12.52
13.26
14.79
17.16
19.49
21.34
20.93
18.25
17.96
19.26
20.78
21.94
22.83
23.24
23.64
23.81
24.04
24.06
211.4
209.6
209.3
208.8
207.1
205.8
206.0
205.1
203.1
200.9
200.3
199.3
197.7
197.1
195.1
196.3
196.8
194.4
192.9
190.5
187.9
186.4
184.5
185.1
186.4
187.7
188.5
190.3
192.2
195.7
198.9
199.1
200.9
204.4
209.2
215.9
215.9
218.7
219.7
223.7
239.7
228.4
229.5
234.3
242.5
242.0
243.5
245.5
244.8
245.5
248.6
249.6
251.5
253.8
258.8
260.5
262.9
263.6
264.0
263.8
262.6
256.5
250.0
247.4
242.0
235.7
228.0
218.0
207.4
200.6
194.1
182.5
176.1
161.3
146.6
132.5
111.3
87.91
62.77
42.96
28.67
16.72
11.78
9.599
8.357
7.152
5.959
4.913
4.290
3.972
3.833
3.838
3.895
3.975
4.116
4.161
4.104
3.998
3.913
3.851
3.788
3.737
3.708
3.664
3.639
3.609
3.573
3.540
3.522
3.490
3.454
3.411
3.364
3.312
3.325
3.565
3.537
3.860
4.256
4.247
3.993
3.660
3.508
3.500
3.523
3.532
3.538
3.555
3.586
3.618
3.654
3.689
3.732
3.761
3.782
3.842
3.932
4.018
4.111
4.400
6.036
6.771
8.745
9.487
11.17
15.64
17.26
17.30
15.13
13.62
11.79
11.31
10.69
10.41
10.19
9.634
9.121
9.117
9.888
10.30
10.94
11.54
12.32
13.08
13.90
14.86
17.74
18.66
20.01
20.22
20.18
18.33
18.92
20.45
21.76
22.82
23.29
23.51
23.75
24.04
24.14
211.1
210.8
209.8
209.3
208.0
207.7
207.5
206.7
205.4
204.7
204.2
203.5
201.1
200.7
199.6
201.9
201.1
200.6
199.4
195.3
193.4
192.7
190.7
190.8
193.3
194.6
197.2
198.5
200.5
204.7
205.4
209.4
213.1
217.0
216.4
218.5
220.4
227.2
221.6
234.9
235.7
235.9
241.9
242.6
245.0
249.5
250.0
252.8
258.7
262.2
262.9
269.0
270.5
274.1
277.0
282.4
287.5
286.3
290.9
287.3
286.7
282.8
281.3
281.0
275.6
273.2
260.7
258.6
250.8
241.4
233.2
228.3
218.0
206.1
188.0
169.0
143.9
118.8
90.82
59.01
38.66
23.10
15.14
10.99
9.062
7.737
6.396
5.364
4.538
4.190
4.016
4.002
4.056
4.119
4.230
4.318
4.274
4.139
4.039
3.981
3.901
3.855
3.821
3.825
3.762
3.704
3.666
3.632
3.612
3.600
3.573
3.516
3.492
3.712
3.909
3.851
3.794
3.828
3.769
3.581
3.505
3.648
3.618
3.569
3.569
3.579
3.595
3.615
3.631
3.651
3.697
3.726
3.765
3.794
3.813
3.859
3.934
4.005
4.088
4.185
4.880
7.241
7.981
9.333
13.87
10.86
11.00
11.58
12.28
12.39
10.62
10.16
9.170
8.745
9.141
9.447
9.235
9.327
8.994
9.235
9.532
9.743
9.860
10.25
11.69
12.27
14.37
18.15
19.42
19.04
19.80
20.07
18.42
20.10
21.24
22.25
23.07
23.60
23.94
24.15
24.11
211.1
210.6
211.0
210.3
209.5
208.9
209.6
207.6
208.3
207.1
208.4
207.5
204.7
205.5
206.2
205.9
206.4
205.7
202.6
201.9
196.9
197.7
195.9
197.5
198.9
200.7
202.4
204.9
209.2
209.7
214.7
217.3
219.1
220.6
228.8
227.1
227.8
233.5
235.1
238.0
242.7
247.4
252.7
252.8
258.1
262.6
266.1
273.9
275.9
279.8
286.8
289.9
289.8
296.5
301.4
309.1
317.8
318.1
319.8
318.7
320.6
320.8
322.1
319.2
318.0
315.1
311.0
304.5
299.2
293.6
284.8
281.0
271.3
253.6
242.2
222.4
195.6
156.7
115.9
82.69
53.33
31.33
17.73
11.98
9.398
7.828
6.456
5.445
4.717
4.367
4.194
4.174
4.215
4.283
4.402
4.441
4.389
4.258
4.158
4.091
4.009
3.951
3.929
3.891
3.827
3.790
3.744
3.716
3.673
3.638
3.620
3.585
3.703
3.727
3.832
3.854
3.781
4.180
4.265
3.827
3.510
3.516
3.642
3.805
3.803
3.673
3.627
3.636
3.646
3.672
3.710
3.745
3.784
3.796
3.816
3.872
3.944
4.000
4.071
4.230
4.855
6.083
8.184
11.15
9.742
9.904
11.89
11.58
11.46
10.40
10.08
9.423
8.979
9.155
8.315
8.462
8.800
8.704
8.564
8.598
8.559
8.786
9.719
10.28
10.69
11.83
14.51
17.17
20.03
20.79
18.08
17.10
17.72
19.72
21.12
22.35
22.94
23.47
23.87
24.04
24.13
