SALVI
1
0
72
5.00
181
1.00
260105 ICON 2x2 5050 350mA F4M2 COMFORT
ICON 2x2 5050 F4M2 COMFORT

260105 ICON 2x2 5050 350mA F4M2 COMFORT.ldt
2 Febrer 2026/TB
570
0
235
360
0
0
0
0
0
93.7
100.0
1.000
0.0
1
1
24 LEDs 5050
3206.5
3000
70
25.9
0.251
0.333
0.415
0.485
0.536
0.615
0.658
0.700
0.751
0.783
0.0
5.0
10.0
15.0
20.0
25.0
30.0
35.0
40.0
45.0
50.0
55.0
60.0
65.0
70.0
75.0
80.0
85.0
90.0
95.0
100.0
105.0
110.0
115.0
120.0
125.0
130.0
135.0
140.0
145.0
150.0
155.0
160.0
165.0
170.0
175.0
180.0
185.0
190.0
195.0
200.0
205.0
210.0
215.0
220.0
225.0
230.0
235.0
240.0
245.0
250.0
255.0
260.0
265.0
270.0
275.0
280.0
285.0
290.0
295.0
300.0
305.0
310.0
315.0
320.0
325.0
330.0
335.0
340.0
345.0
350.0
355.0
0.0
1.0
2.0
3.0
4.0
5.0
6.0
7.0
8.0
9.0
10.0
11.0
12.0
13.0
14.0
15.0
16.0
17.0
18.0
19.0
20.0
21.0
22.0
23.0
24.0
25.0
26.0
27.0
28.0
29.0
30.0
31.0
32.0
33.0
34.0
35.0
36.0
37.0
38.0
39.0
40.0
41.0
42.0
43.0
44.0
45.0
46.0
47.0
48.0
49.0
50.0
51.0
52.0
53.0
54.0
55.0
56.0
57.0
58.0
59.0
60.0
61.0
62.0
63.0
64.0
65.0
66.0
67.0
68.0
69.0
70.0
71.0
72.0
73.0
74.0
75.0
76.0
77.0
78.0
79.0
80.0
81.0
82.0
83.0
84.0
85.0
86.0
87.0
88.0
89.0
90.0
91.0
92.0
93.0
94.0
95.0
96.0
97.0
98.0
99.0
100.0
101.0
102.0
103.0
104.0
105.0
106.0
107.0
108.0
109.0
110.0
111.0
112.0
113.0
114.0
115.0
116.0
117.0
118.0
119.0
120.0
121.0
122.0
123.0
124.0
125.0
126.0
127.0
128.0
129.0
130.0
131.0
132.0
133.0
134.0
135.0
136.0
137.0
138.0
139.0
140.0
141.0
142.0
143.0
144.0
145.0
146.0
147.0
148.0
149.0
150.0
151.0
152.0
153.0
154.0
155.0
156.0
157.0
158.0
159.0
160.0
161.0
162.0
163.0
164.0
165.0
166.0
167.0
168.0
169.0
170.0
171.0
172.0
173.0
174.0
175.0
176.0
177.0
178.0
179.0
180.0
241.9
241.8
241.9
242.1
242.3
242.9
243.4
243.9
244.0
244.6
245.4
246.2
246.6
247.1
248.0
248.3
248.8
248.6
248.7
248.4
248.2
248.5
248.5
248.7
249.5
250.2
250.9
251.6
252.6
252.7
253.6
254.2
254.5
254.1
253.6
252.8
252.9
252.1
251.8
252.6
251.1
246.6
243.3
240.1
237.6
234.7
231.4
228.0
224.2
220.1
215.9
211.7
207.5
203.6
199.7
195.8
191.5
187.2
182.7
177.6
171.5
165.1
158.5
151.5
144.5
137.2
130.0
122.9
115.9
109.4
102.9
96.75
91.12
85.72
80.17
74.59
68.92
63.35
58.15
53.04
48.22
43.84
39.22
34.74
30.36
25.70
20.85
16.62
12.63
9.926
8.435
8.035
7.977
8.203
8.552
8.942
9.481
9.543
9.205
9.033
8.687
8.434
8.238
8.125
8.163
8.216
8.259
8.293
8.322
8.334
8.371
8.422
8.474
8.536
8.620
8.725
8.783
8.819
8.837
8.782
8.667
8.532
8.416
8.335
8.266
8.230
8.215
8.217
8.237
8.285
8.351
8.418
8.508
8.587
8.669
8.786
8.953
9.173
9.439
9.784
10.29
10.98
11.70
12.43
13.19
13.92
14.49
14.55
14.40
14.33
14.20
14.16
14.14
14.15
14.21
14.30
14.47
14.70
15.05
15.47
15.91
16.50
17.12
17.70
18.29
18.90
19.89
20.22
20.07
19.54
19.24
19.21
19.21
19.31
19.50
19.57
19.64
19.69
19.79
19.89
19.95
241.7
241.8
241.7
241.9
242.1
242.9
243.4
243.9
244.6
245.0
246.0
246.4
248.0
248.2
249.3
249.7
250.3
250.2
250.6
251.0
250.9
251.0
251.3
251.4
252.2
253.7
254.4
254.9
256.3
257.1
257.5
258.4
258.6
259.0
258.7
258.0
257.0
256.0
255.3
253.6
250.8
249.1
247.2
244.7
241.5
239.1
235.6
232.6
228.9
225.2
221.5
217.2
213.3
209.5
205.8
201.9
198.3
193.6
188.9
183.2
176.9
170.6
164.0
157.0
150.0
142.8
135.4
128.0
120.9
114.0
107.5
101.2
95.18
89.30
83.52
77.63
71.68
66.05
60.41
55.23
50.28
45.74
41.17
36.47
31.71
27.02
22.02
17.60
13.42
10.53
8.791
8.341
8.203
8.426
8.770
9.239
9.824
9.913
9.479
9.296
8.913
8.671
8.461
8.339
8.362
8.400
8.438
8.492
8.502
8.520
8.558
8.594
8.674
8.827
8.976
9.040
9.065
9.086
9.004
8.889
8.748
8.623
8.532
8.484
8.433
8.398
8.375
8.357
8.375
8.406
8.481
8.547
8.627
8.686
8.763
8.858
9.025
9.227
9.475
9.797
10.29
10.94
11.77
12.51
13.03
13.31
13.55
13.78
13.85
13.83
13.70
13.52
13.34
13.34
13.37
13.44
13.55
13.71
13.99
14.39
14.79
15.18
15.58
15.96
16.43
17.03
17.91
18.56
18.72
18.51
18.22
18.14
18.28
18.47
18.58
18.85
19.03
19.16
19.22
19.34
19.47
241.5
241.8
242.0
242.2
242.9
243.6
244.3
245.3
245.9
246.8
247.4
248.2
249.0
249.9
250.9
252.0
252.3
253.0
253.4
253.5
253.7
253.6
254.1
254.7
255.6
256.6
257.4
258.4
259.4
260.6
261.8
262.5
263.0
263.7
262.4
261.9
261.1
259.9
258.8
257.9
256.4
254.7
251.8
249.3
246.6
243.9
240.8
237.7
234.8
231.4
227.7
223.7
219.6
215.5
212.0
208.1
204.0
199.5
194.7
189.3
183.0
176.4
169.5
162.5
155.3
147.8
140.3
132.8
125.3
118.5
111.4
104.8
98.55
92.36
86.18
79.92
73.91
67.94
62.36
56.84
51.74
46.96
42.19
37.36
32.50
27.50
22.37
17.80
13.42
10.53
8.871
8.505
8.373
8.595
8.932
9.498
10.07
10.00
9.595
9.355
9.024
8.778
8.518
8.418
8.461
8.517
8.565
8.571
8.572
8.584
8.617
8.665
8.766
8.862
8.957
9.053
9.091
9.038
8.944
8.850
8.743
8.665
8.597
8.547
8.517
8.467
8.430
8.431
8.458
8.483
8.544
8.589
8.682
8.754
8.836
8.921
9.072
9.265
9.512
9.824
10.29
11.01
11.78
12.53
13.27
13.76
13.86
13.67
13.57
13.51
13.42
13.39
13.32
13.25
13.24
13.36
13.54
13.71
13.97
14.33
14.74
15.21
15.65
16.16
16.67
17.17
17.95
18.59
18.41
18.33
18.22
18.05
18.15
18.42
18.53
18.69
18.94
19.15
19.24
19.31
19.41
241.3
241.7
242.3
242.7
243.3
244.0
245.1
245.9
246.7
247.5
248.6
249.6
250.6
251.5
252.5
253.3
254.5
255.0
255.4
255.6
256.1
256.3
256.5
257.2
258.5
259.3
260.2
261.6
263.3
264.2
265.4
265.2
266.4
266.7
266.7
266.5
266.5
266.6
266.5
266.6
265.9
263.5
259.8
257.4
254.8
252.1
249.5
246.7
243.0
239.9
235.8
232.0
228.1
224.2
220.4
216.9
213.1
209.0
204.5
198.7
192.7
186.1
179.0
171.9
164.6
157.0
149.0
141.4
133.5
125.8
118.4
111.4
104.7
98.18
91.59
84.88
78.27
71.86
65.85
60.03
54.68
49.66
44.44
39.39
34.45
29.27
23.94
19.09
14.34
11.08
9.154
8.620
8.484
8.668
9.010
9.480
10.19
10.39
9.751
9.490
9.206
8.911
8.635
8.504
8.550
8.625
8.656
8.641
8.616
8.623
8.649
8.683
8.730
8.789
8.863
8.974
9.061
9.131
9.142
9.100
8.952
8.817
8.695
8.604
8.553
8.515
8.501
8.500
8.513
8.550
8.594
8.643
8.716
8.784
8.860
8.964
9.117
9.287
9.518
9.810
10.23
10.85
11.59
12.28
12.96
13.56
14.03
14.25
14.15
13.80
13.60
13.51
13.45
13.46
13.47
13.47
13.57
13.73
13.97
14.32
14.75
15.17
15.73
16.31
16.82
17.41
18.29
18.61
18.55
18.11
18.06
18.11
18.11
18.23
18.56
18.75
18.82
18.93
19.21
19.37
19.44
241.7
242.0
242.7
243.2
244.0
244.7
245.8
246.7
247.9
248.9
249.9
251.0
252.1
253.1
254.6
255.4
256.4
256.7
257.3
258.2
258.5
258.5
259.2
260.0
260.8
262.5
263.9
265.1
266.3
268.1
269.1
268.8
269.8
270.6
270.7
270.3
269.2
269.1
268.9
267.6
265.2
263.3
261.6
259.9
257.4
255.2
252.4
249.7
246.4
242.6
239.6
235.9
232.2
228.5
224.7
221.3
217.2
213.4
208.3
202.8
196.3
189.7
182.9
175.7
168.5
160.7
152.9
144.8
137.0
129.3
121.7
114.7
107.6
100.8
93.85
86.90
80.13
73.51
67.23
61.47
56.10
50.88
45.53
40.57
35.38
29.81
24.26
19.16
14.27
11.09
9.197
8.808
8.648
8.866
9.174
9.729
10.44
10.50
9.838
9.541
9.324
9.016
8.712
8.598
8.687
8.760
8.765
8.729
8.698
8.702
8.739
8.788
8.865
8.994
9.147
9.219
9.252
9.251
9.161
9.046
8.914
8.800
8.716
8.668
8.615
8.588
8.575
8.564
8.596
8.641
8.676
8.730
8.804
8.866
8.951
9.066
9.235
9.411
9.624
9.918
10.37
10.96
11.83
12.50
12.84
13.15
13.48
13.78
13.92
13.94
13.74
13.46
13.35
13.32
13.39
13.47
13.57
13.71
14.02
14.37
14.81
15.21
15.72
16.15
16.59
17.20
18.05
18.45
18.49
18.23
18.01
18.09
18.13
18.21
18.32
18.61
18.83
18.98
19.07
19.23
19.43
241.3
241.8
242.3
243.6
244.3
244.8
245.9
246.9
248.0
249.0
250.6
251.7
253.3
254.3
255.7
256.6
257.3
258.7
259.2
259.7
260.1
260.7
261.1
262.4
263.4
264.4
266.1
267.2
268.5
270.0
271.4
272.2
273.3
273.8
272.8
272.9
272.3
271.6
271.0
270.2
269.4
267.9
265.6
263.5
261.1
258.8
255.7
253.5
250.4
247.3
244.2
240.5
236.8
233.4
229.8
226.4
222.7
219.0
214.6
209.1
203.0
196.4
189.5
182.4
175.0
167.3
159.7
151.8
143.8
135.8
128.1
120.6
113.3
105.8
98.30
90.88
83.61
76.75
70.29
64.25
58.68
53.28
47.80
42.75
37.54
31.66
25.81
20.39
15.34
11.71
9.484
8.938
8.768
8.974
9.230
9.691
10.49
10.88
10.03
9.647
9.511
9.191
8.847
8.685
8.764
8.834
8.843
8.797
8.760
8.743
8.774
8.816
8.886
8.996
9.102
9.215
9.262
9.233
9.150
9.039
8.928
8.842
8.779
8.738
8.692
8.654
8.639
8.636
8.651
8.696
8.748
8.811
8.865
8.928
9.003
9.103
9.270
9.444
9.651
9.898
10.29
10.90
11.60
12.33
13.13
13.68
13.87
13.85
13.80
13.70
13.64
13.54
13.40
13.26
13.29
13.40
13.55
13.71
13.99
14.34
14.82
15.25
15.69
16.23
16.81
17.34
18.05
18.61
18.37
18.23
18.08
17.91
18.12
18.24
18.33
18.44
18.69
18.96
19.12
19.15
19.30
241.5
242.5
243.1
243.7
244.9
245.6
246.9
248.4
249.5
250.7
251.9
253.1
254.4
255.8
257.1
258.4
259.8
260.6
261.1
261.3
261.4
262.4
263.2
264.1
265.5
266.7
268.5
269.8
271.3
272.4
273.1
274.5
275.1
275.6
276.7
275.3
275.5
276.2
276.5
276.1
274.6
272.3
270.6
268.3
266.5
264.1
262.2
259.2
256.3
252.5
249.1
245.9
242.4
239.0
236.1
232.7
229.4
225.9
221.5
216.5
210.8
204.0
197.3
190.0
181.7
173.8
165.6
157.3
148.7
140.4
132.0
124.6
116.8
108.9
101.1
93.45
85.98
78.84
72.04
65.89
59.96
54.05
48.71
43.26
37.85
31.92
25.85
20.21
15.22
11.66
9.487
9.063
8.910
9.117
9.312
9.874
10.65
10.97
10.05
9.716
9.602
9.254
8.873
8.751
8.833
8.897
8.887
8.824
8.792
8.777
8.796
8.846
8.886
8.947
9.027
9.122
9.200
9.262
9.312
9.275
9.136
8.999
8.883
8.789
8.725
8.701
8.686
8.694
8.713
8.749
8.803
8.867
8.919
8.957
9.018
9.108
9.280
9.467
9.689
9.983
10.40
11.02
11.72
12.45
13.18
13.90
14.60
14.80
14.50
13.99
13.78
13.70
13.66
13.65
13.59
13.53
13.65
13.85
14.10
14.47
14.94
15.35
15.85
16.36
16.89
17.48
18.43
18.77
18.65
18.19
17.97
17.94
17.95
18.13
18.43
18.56
18.66
18.74
19.05
19.21
19.32
241.4
241.9
243.0
243.6
244.7
245.8
247.6
248.7
249.9
251.4
252.8
253.8
255.8
257.4
258.7
259.7
260.7
261.9
262.5
262.6
263.5
264.1
264.7
265.7
266.9
268.3
269.8
271.4
273.0
273.8
274.8
275.8
276.8
277.8
278.0
278.2
277.0
276.5
276.5
275.4
274.2
272.3
270.3
268.6
267.4
265.5
263.3
261.0
257.9
254.7
252.1
248.3
245.1
241.9
238.4
235.2
231.9
228.8
224.8
219.9
214.1
207.7
200.6
193.3
185.9
178.0
170.0
161.7
153.0
144.2
135.7
127.6
119.8
111.9
104.0
95.99
88.25
80.98
74.11
67.71
61.64
55.87
50.44
45.07
39.55
33.72
27.41
21.47
16.22
12.21
9.726
9.113
8.981
9.188
9.361
9.786
10.57
11.20
10.33
9.809
9.719
9.432
9.003
8.817
8.887
8.970
8.966
8.902
8.854
8.841
8.864
8.904
8.976
9.109
9.257
9.341
9.377
9.384
9.321
9.210
9.086
9.003
8.933
8.868
8.815
8.782
8.748
8.754
8.772
8.804
8.852
8.914
8.987
9.027
9.073
9.158
9.304
9.484
9.721
10.02
10.48
11.13
11.95
12.70
13.13
13.49
13.89
14.25
14.54
14.50
14.18
13.81
13.68
13.63
13.62
13.67
13.76
13.93
14.13
14.43
14.87
15.36
15.82
16.26
16.79
17.36
18.14
18.67
18.64
18.31
17.94
17.87
17.97
18.07
18.19
18.50
18.70
18.83
18.92
19.06
19.28
241.4
242.5
243.6
244.4
245.6
246.6
248.0
249.5
250.7
252.3
253.6
255.3
256.6
258.5
259.7
261.2
262.6
263.4
264.4
264.9
265.2
265.4
266.4
266.9
268.0
269.3
271.2
273.2
274.5
276.1
277.3
277.8
278.4
278.6
278.1
278.4
278.1
278.1
277.3
277.3
276.0
274.3
272.2
270.3
268.8
266.5
263.8
262.1
259.7
256.6
253.8
250.7
247.4
243.9
240.7
237.5
234.6
230.6
225.9
221.1
215.3
208.5
201.9
194.4
186.9
178.9
170.8
162.3
153.5
144.8
135.9
127.6
119.3
111.4
103.6
95.73
88.10
81.00
74.09
67.67
61.51
55.85
50.52
45.11
39.67
33.52
27.05
21.03
15.86
12.03
9.694
9.163
9.096
9.301
9.408
9.846
10.69
11.25
10.30
9.874
9.772
9.472
9.018
8.867
8.941
8.994
8.971
8.905
8.874
8.865
8.889
8.935
9.011
9.150
9.305
9.407
9.491
9.508
9.433
9.312
9.171
9.042
8.948
8.890
8.841
8.815
8.807
8.801
8.826
8.857
8.902
8.979
9.036
9.082
9.143
9.235
9.386
9.594
9.825
10.15
10.63
11.37
12.14
13.00
13.75
14.11
14.27
14.39
14.38
14.33
14.24
14.05
13.80
13.61
13.62
13.71
13.81
13.95
14.14
14.45
14.92
15.49
16.01
16.46
17.15
17.67
18.23
18.70
18.48
18.22
17.97
17.77
17.94
18.10
18.16
18.32
18.66
18.85
18.96
19.03
19.16
241.0
242.3
243.4
244.5
245.9
246.6
248.5
249.6
251.2
252.8
254.6
255.6
257.4
259.1
260.3
261.7
262.7
264.1
264.9
265.9
266.2
266.6
267.2
268.1
269.3
270.7
272.4
273.8
275.4
276.7
277.8
278.9
279.7
280.2
280.9
280.9
281.0
281.4
281.0
281.6
281.4
279.4
277.4
275.3
273.6
271.8
269.8
267.7
264.9
261.9
258.3
255.1
251.4
248.3
245.2
242.3
239.4
235.9
231.8
226.4
220.8
214.0
207.1
199.2
191.1
182.8
174.3
165.6
156.7
147.2
138.0
129.3
121.0
112.9
104.9
96.94
89.22
81.83
75.02
68.65
62.44
56.69
51.52
46.13
40.36
34.35
27.91
21.94
16.59
12.41
9.768
9.086
9.071
9.285
9.389
9.648
10.59
11.29
10.53
9.929
9.782
9.590
9.096
8.871
8.914
8.983
8.971
8.924
8.882
8.876
8.901
8.930
8.995
9.052
9.154
9.292
9.433
9.493
9.457
9.366
9.212
9.061
8.952
8.890
8.857
8.842
8.839
8.841
8.852
8.894
8.939
9.007
9.080
9.117
9.172
9.253
9.393
9.620
9.863
10.18
10.66
11.35
12.10
12.85
13.66
14.59
15.30
15.40
15.09
14.62
14.36
14.22
14.12
14.04
13.92
13.80
13.87
14.06
14.30
14.60
14.97
15.40
15.91
16.81
17.36
17.76
18.24
18.69
18.60
18.18
17.90
17.78
17.82
18.00
18.31
18.42
18.54
18.66
18.95
19.08
19.22
241.5
242.4
243.6
244.8
246.3
247.7
249.4
250.8
252.1
253.4
255.1
256.6
258.5
260.0
261.8
263.1
264.0
265.1
266.3
266.9
267.4
268.0
268.7
269.6
270.9
271.9
273.5
275.5
277.2
278.3
279.9
280.5
281.2
282.3
283.1
283.3
283.4
282.2
281.8
281.8
281.3
280.3
278.1
276.9
274.8
272.7
270.3
268.3
265.2
263.0
259.7
256.6
253.2
249.7
246.4
243.1
239.7
235.6
231.2
225.3
219.1
212.0
204.3
196.6
188.5
180.0
171.4
162.3
153.0
143.6
134.4
126.0
117.6
109.6
102.1
94.83
87.57
80.65
73.89
67.55
61.64
56.18
51.04
45.55
39.97
33.78
27.30
21.37
16.13
12.08
9.644
9.053
9.107
9.323
9.393
9.654
10.67
11.28
10.48
9.892
9.753
9.538
9.065
8.875
8.921
8.983
8.983
8.923
8.916
8.918
8.978
9.009
9.074
9.223
9.359
9.449
9.488
9.487
9.419
9.296
9.157
9.068
9.022
8.977
8.924
8.876
8.860
8.869
8.886
8.921
8.974
9.040
9.109
9.131
9.200
9.286
9.434
9.677
9.956
10.33
10.93
11.78
12.71
13.39
13.83
14.28
14.69
15.12
15.31
15.10
14.73
14.37
14.19
14.05
14.03
14.07
14.05
14.23
14.46
14.78
15.18
15.64
16.17
16.58
16.96
17.49
18.27
18.85
18.68
18.19
17.80
17.76
17.86
17.99
18.09
18.41
18.64
18.76
18.87
19.04
19.20
241.4
242.5
243.8
244.9
245.9
247.6
248.9
250.9
252.5
254.1
255.8
257.5
259.4
260.7
262.2
263.7
264.9
265.7
266.7
267.7
268.1
268.5
269.2
270.2
271.3
272.7
274.5
276.0
277.7
279.4
281.0
282.1
282.8
283.6
284.7
284.6
284.5
284.7
285.0
284.2
283.5
282.8
281.2
279.7
277.6
275.5
272.7
270.5
268.4
265.8
262.4
259.4
255.6
251.9
248.4
245.1
242.0
237.6
232.3
227.0
220.5
213.4
205.5
197.2
189.0
180.0
170.6
161.3
151.9
142.4
133.6
124.8
116.7
109.2
102.0
94.96
87.86
81.06
74.37
68.15
62.13
56.84
51.69
46.32
40.93
34.82
28.29
22.21
16.86
12.48
9.733
8.965
9.040
9.272
9.389
9.526
10.43
11.27
10.64
9.898
9.669
9.549
9.106
8.862
8.885
8.929
8.963
8.941
8.928
8.951
9.005
9.029
9.053
9.134
9.252
9.330
9.376
9.398
9.384
9.288
9.183
9.095
9.021
8.967
8.935
8.906
8.877
8.885
8.903
8.927
8.973
9.040
9.108
9.149
9.209
9.283
9.430
9.669
9.975
10.35
10.93
11.83
12.74
13.73
14.57
14.90
15.01
15.13
15.17
15.14
14.97
14.70
14.41
14.12
14.08
14.13
14.26
14.37
14.50
14.84
15.29
15.79
16.28
16.68
17.15
17.63
18.46
19.11
18.81
18.22
17.88
17.72
17.87
18.03
18.10
18.28
18.58
18.81
18.93
18.99
19.16
241.4
242.5
243.8
245.5
246.9
248.1
249.7
251.7
253.5
254.8
256.4
258.1
259.9
261.7
263.1
264.8
266.0
267.0
268.2
269.0
269.1
269.9
270.5
271.1
272.6
273.9
275.3
276.7
278.5
280.3
281.7
282.8
284.2
285.3
285.8
286.4
285.9
285.6
286.1
286.4
286.4
284.5
283.4
281.3
280.2
279.2
277.5
274.8
272.0
268.3
264.9
261.1
257.7
254.3
251.0
247.7
244.2
240.3
235.1
229.0
221.7
213.7
205.9
197.2
187.7
177.6
167.6
158.0
148.3
138.7
129.3
121.3
114.0
106.9
99.99
93.30
86.46
79.72
73.43
67.30
61.33
56.04
50.72
45.21
39.74
33.70
27.41
21.55
16.27
12.03
9.512
8.886
8.984
9.265
9.401
9.530
10.56
11.14
10.51
9.762
9.546
9.421
8.998
8.809
8.844
8.890
8.926
8.930
8.941
8.988
9.020
9.021
9.005
9.022
9.072
9.160
9.261
9.379
9.470
9.419
9.310
9.148
9.021
8.952
8.911
8.882
8.880
8.901
8.927
8.946
9.003
9.078
9.137
9.192
9.249
9.319
9.458
9.742
10.07
10.48
11.14
12.04
12.93
13.83
14.81
15.86
16.45
16.23
15.64
15.15
14.93
14.82
14.76
14.64
14.42
14.27
14.33
14.54
14.79
15.09
15.40
15.86
16.47
17.05
17.54
18.10
18.72
18.97
18.77
18.17
17.82
17.73
17.78
17.96
18.27
18.43
18.54
18.66
18.90
19.08
19.23
241.4
242.8
244.1
245.3
246.5
248.2
249.8
251.7
253.2
255.3
256.9
258.9
260.3
261.8
263.4
265.1
265.9
267.5
268.4
268.9
269.7
270.2
270.9
272.1
273.4
274.1
275.3
276.9
278.9
280.6
281.8
283.4
284.4
285.6
286.3
287.0
286.7
286.7
286.4
285.7
285.6
284.4
282.7
280.7
279.5
278.1
275.4
273.3
270.5
267.7
265.2
261.7
258.4
254.5
250.5
247.4
243.2
239.4
233.7
227.2
220.2
212.5
203.8
195.0
185.3
175.5
165.6
155.5
145.7
136.3
127.8
120.0
112.8
106.4
99.95
93.34
86.47
79.76
73.50
67.38
61.55
56.16
51.34
46.07
40.78
34.78
28.34
22.43
16.92
12.37
9.519
8.794
8.839
9.246
9.418
9.458
10.32
11.16
10.63
9.804
9.474
9.355
9.006
8.778
8.796
8.854
8.910
8.954
8.990
9.044
9.079
9.045
9.016
9.066
9.233
9.321
9.386
9.451
9.451
9.333
9.195
9.091
9.030
8.991
8.953
8.908
8.893
8.905
8.922
8.959
8.997
9.056
9.136
9.189
9.253
9.342
9.462
9.733
10.10
10.55
11.24
12.31
13.37
14.17
14.74
15.24
15.64
16.05
16.12
15.79
15.34
14.97
14.79
14.69
14.67
14.65
14.58
14.67
14.91
15.19
15.55
15.96
16.50
16.88
17.29
17.79
18.43
18.94
18.86
18.40
17.96
17.72
17.83
17.94
18.06
18.36
18.60
18.79
18.91
19.01
19.19
241.3
242.9
244.3
245.6
247.0
248.8
250.4
252.2
254.1
256.0
257.1
258.9
260.9
262.3
264.1
265.7
267.1
268.2
268.5
269.7
270.3
270.9
271.4
272.5
273.6
275.1
276.6
278.3
279.6
281.1
282.5
283.5
284.8
286.0
286.3
286.9
287.1
287.3
286.4
286.7
286.1
285.2
283.0
280.9
279.2
277.7
274.8
273.2
271.0
267.9
264.7
261.5
257.3
253.2
249.5
245.7
242.2
237.6
231.8
225.5
218.8
210.9
201.9
192.4
182.8
172.5
162.2
152.4
142.7
133.6
125.3
117.8
110.9
104.4
98.04
91.55
85.06
78.59
72.33
66.39
60.71
55.53
50.55
45.36
40.10
33.94
27.48
21.63
16.31
11.89
9.253
8.647
8.862
9.277
9.404
9.440
10.54
11.02
10.51
9.650
9.359
9.221
8.896
8.727
8.743
8.797
8.894
8.964
9.030
9.091
9.090
9.029
8.986
9.056
9.217
9.348
9.456
9.502
9.471
9.366
9.206
9.093
9.023
8.997
8.962
8.924
8.911
8.917
8.930
8.971
9.010
9.063
9.146
9.200
9.279
9.374
9.503
9.819
10.20
10.72
11.54
12.57
13.70
14.74
15.39
15.59
15.85
16.01
16.00
15.88
15.58
15.20
14.86
14.66
14.65
14.75
14.86
14.93
15.01
15.32
15.76
16.25
16.71
17.09
17.48
17.98
18.75
19.28
19.00
18.44
18.03
17.79
17.83
17.92
18.08
18.28
18.56
18.81
18.94
19.05
19.20
241.2
242.3
244.0
245.6
246.9
248.5
250.5
252.4
254.1
255.8
257.4
259.0
260.5
262.5
264.5
265.7
267.1
268.1
269.2
269.8
270.0
270.6
271.7
272.7
273.9
275.0
276.6
277.7
279.8
281.5
282.9
284.0
285.0
285.6
286.7
286.4
286.6
287.1
286.9
287.3
286.9
285.5
283.9
282.3
280.9
279.1
277.7
275.7
272.9
269.6
266.0
262.1
258.4
254.4
250.6
247.1
243.2
238.7
234.1
228.0
221.1
212.9
203.7
194.3
184.2
174.0
163.6
153.5
143.9
134.8
126.5
118.9
112.0
105.6
99.44
92.84
85.98
79.31
72.91
66.91
61.38
55.92
50.67
45.47
40.30
34.60
28.27
22.34
16.94
12.37
9.294
8.563
8.678
9.237
9.413
9.377
10.33
11.03
10.61
9.682
9.301
9.136
8.871
8.678
8.670
8.730
8.828
8.960
9.031
9.073
9.075
9.004
8.946
8.951
9.027
9.157
9.309
9.445
9.512
9.481
9.368
9.212
9.055
8.985
8.951
8.909
8.915
8.914
8.924
8.951
8.994
9.054
9.138
9.197
9.265
9.370
9.506
9.761
10.15
10.63
11.40
12.41
13.42
14.52
15.72
16.94
17.16
16.64
16.10
15.66
15.49
15.37
15.22
15.08
14.88
14.73
14.83
15.02
15.26
15.51
15.73
16.06
16.60
17.13
17.61
18.24
19.00
19.42
19.15
18.43
17.96
17.81
17.79
17.91
18.19
18.36
18.46
18.61
18.92
19.12
19.26
241.7
243.1
244.2
246.1
247.6
249.1
250.8
252.3
254.3
256.0
257.6
259.6
261.8
263.3
264.8
266.4
267.7
268.6
269.5
270.6
270.1
271.0
271.9
272.9
274.1
275.8
277.6
279.5
281.1
282.6
283.9
285.3
285.9
286.3
287.1
287.9
287.6
287.0
286.8
286.6
286.1
284.4
282.2
280.8
278.8
276.9
274.7
272.8
270.0
266.8
262.9
259.2
255.6
251.3
246.9
243.5
239.9
235.7
230.4
224.2
216.6
208.3
199.0
189.7
179.7
169.7
159.7
150.0
140.8
132.1
124.0
116.6
110.0
103.6
97.38
90.85
84.31
77.87
71.73
65.96
60.22
55.06
50.29
45.21
39.92
33.91
27.46
21.62
16.30
11.79
9.017
8.475
8.719
9.294
9.400
9.359
10.55
10.93
10.48
9.558
9.268
9.078
8.780
8.649
8.645
8.693
8.830
8.962
9.053
9.107
9.078
9.008
8.974
9.056
9.232
9.352
9.445
9.512
9.500
9.384
9.237
9.121
9.054
9.016
8.968
8.918
8.914
8.918
8.940
8.966
8.999
9.061
9.146
9.207
9.290
9.404
9.528
9.823
10.21
10.74
11.49
12.67
13.88
14.91
15.54
15.97
16.50
16.60
16.39
16.10
15.78
15.47
15.36
15.21
15.11
15.09
15.06
15.18
15.33
15.58
15.89
16.30
16.81
17.26
17.62
18.15
18.64
19.16
18.94
18.42
17.93
17.78
17.77
17.91
18.07
18.34
18.58
18.79
18.89
19.04
19.21
241.5
242.5
244.1
245.6
247.3
249.1
250.5
252.5
254.0
256.0
257.7
259.6
261.3
262.9
264.4
266.3
267.7
268.7
269.1
270.1
271.0
271.3
272.1
272.8
274.0
275.2
277.6
279.1
280.6
282.1
283.7
285.4
286.2
287.1
287.2
287.8
287.5
287.0
287.4
287.3
287.0
284.8
282.7
281.4
279.3
277.2
274.6
271.9
269.4
266.1
262.9
258.8
255.0
250.7
246.5
243.2
239.1
235.5
230.0
224.1
217.0
208.5
199.9
190.0
180.2
170.3
160.6
150.7
141.4
132.8
124.8
117.4
110.7
104.4
98.09
91.78
85.13
78.53
72.29
66.40
60.75
55.57
50.73
45.64
40.51
34.69
28.29
22.41
16.96
12.39
9.145
8.412
8.562
9.207
9.413
9.325
10.26
11.02
10.57
9.607
9.254
9.050
8.781
8.624
8.603
8.653
8.796
8.942
9.038
9.102
9.085
9.021
8.973
9.021
9.187
9.319
9.420
9.492
9.493
9.386
9.250
9.132
9.068
9.044
9.001
8.943
8.909
8.915
8.922
8.945
8.987
9.040
9.133
9.192
9.299
9.410
9.549
9.805
10.20
10.67
11.35
12.37
13.42
14.37
15.40
15.89
16.15
16.55
16.56
16.30
16.04
15.73
15.41
15.18
15.16
15.18
15.22
15.25
15.34
15.59
15.93
16.29
16.76
17.18
17.50
17.91
18.55
19.19
19.11
18.50
18.00
17.78
17.76
17.91
18.07
18.30
18.55
18.79
18.92
19.02
19.18
241.6
243.0
244.8
246.2
247.8
249.5
251.0
253.0
254.6
256.2
257.9
259.5
261.3
262.9
264.6
266.8
268.3
269.0
269.6
269.9
270.2
270.8
271.9
273.1
274.4
275.8
277.5
279.3
281.0
282.6
283.7
285.1
286.0
286.9
287.1
288.4
289.0
287.8
287.1
287.3
287.6
285.8
283.8
281.5
279.7
278.3
276.1
274.1
271.0
267.2
263.5
259.2
255.2
251.9
247.9
244.1
240.5
236.6
231.8
225.6
217.9
209.7
200.6
190.6
180.5
169.9
159.7
150.1
140.6
132.1
124.1
116.9
110.2
103.7
97.56
91.06
84.56
78.01
71.84
65.95
60.35
55.03
49.93
44.59
39.61
33.78
27.52
21.61
16.30
11.84
8.940
8.380
8.627
9.279
9.391
9.319
10.57
10.91
10.42
9.524
9.235
8.998
8.719
8.597
8.593
8.661
8.795
8.944
9.043
9.077
9.041
8.983
8.955
8.949
9.029
9.157
9.307
9.428
9.489
9.446
9.355
9.203
9.073
9.011
8.965
8.928
8.915
8.912
8.930
8.955
8.982
9.048
9.148
9.205
9.316
9.435
9.584
9.871
10.25
10.71
11.42
12.31
13.16
14.14
15.05
16.33
16.99
16.79
16.57
16.26
15.91
15.72
15.53
15.36
15.16
15.01
15.07
15.24
15.45
15.71
15.91
16.21
16.66
17.11
17.53
18.11
18.91
19.49
19.16
18.47
17.86
17.84
17.79
17.93
18.24
18.39
18.47
18.60
18.91
19.13
19.27
241.5
242.5
244.1
245.6
247.3
249.1
250.5
252.5
254.0
256.0
257.7
259.6
261.3
262.9
264.4
266.3
267.7
268.7
269.1
270.1
271.0
271.3
272.1
272.8
274.0
275.2
277.6
279.1
280.6
282.1
283.7
285.4
286.2
287.1
287.2
287.8
287.5
287.0
287.4
287.3
287.0
284.8
282.7
281.4
279.3
277.2
274.6
271.9
269.4
266.1
262.9
258.8
255.0
250.7
246.5
243.2
239.1
235.5
230.0
224.1
217.0
208.5
199.9
190.0
180.2
170.3
160.6
150.7
141.4
132.8
124.8
117.4
110.7
104.4
98.09
91.78
85.13
78.53
72.29
66.40
60.75
55.57
50.73
45.64
40.51
34.69
28.29
22.41
16.96
12.39
9.145
8.412
8.562
9.207
9.413
9.325
10.26
11.02
10.57
9.607
9.254
9.050
8.781
8.624
8.603
8.653
8.796
8.942
9.038
9.102
9.085
9.021
8.973
9.021
9.187
9.319
9.420
9.492
9.493
9.386
9.250
9.132
9.068
9.044
9.001
8.943
8.909
8.915
8.922
8.945
8.987
9.040
9.133
9.192
9.299
9.410
9.549
9.805
10.20
10.67
11.35
12.37
13.42
14.37
15.40
15.89
16.15
16.55
16.56
16.30
16.04
15.73
15.41
15.18
15.16
15.18
15.22
15.25
15.34
15.59
15.93
16.29
16.76
17.18
17.50
17.91
18.55
19.19
19.11
18.50
18.00
17.78
17.76
17.91
18.07
18.30
18.55
18.79
18.92
19.02
19.18
241.7
243.1
244.2
246.1
247.6
249.1
250.8
252.3
254.3
256.0
257.6
259.6
261.8
263.3
264.8
266.4
267.7
268.6
269.5
270.6
270.1
271.0
271.9
272.9
274.1
275.8
277.6
279.5
281.1
282.6
283.9
285.3
285.9
286.3
287.1
287.9
287.6
287.0
286.8
286.6
286.1
284.4
282.2
280.8
278.8
276.9
274.7
272.8
270.0
266.8
262.9
259.2
255.6
251.3
246.9
243.5
239.9
235.7
230.4
224.2
216.6
208.3
199.0
189.7
179.7
169.7
159.7
150.0
140.8
132.1
124.0
116.6
110.0
103.6
97.38
90.85
84.31
77.87
71.73
65.96
60.22
55.06
50.29
45.21
39.92
33.91
27.46
21.62
16.30
11.79
9.017
8.475
8.719
9.294
9.400
9.359
10.55
10.93
10.48
9.558
9.268
9.078
8.780
8.649
8.645
8.693
8.830
8.962
9.053
9.107
9.078
9.008
8.974
9.056
9.232
9.352
9.445
9.512
9.500
9.384
9.237
9.121
9.054
9.016
8.968
8.918
8.914
8.918
8.940
8.966
8.999
9.061
9.146
9.207
9.290
9.404
9.528
9.823
10.21
10.74
11.49
12.67
13.88
14.91
15.54
15.97
16.50
16.60
16.39
16.10
15.78
15.47
15.36
15.21
15.11
15.09
15.06
15.18
15.33
15.58
15.89
16.30
16.81
17.26
17.62
18.15
18.64
19.16
18.94
18.42
17.93
17.78
17.77
17.91
18.07
18.34
18.58
18.79
18.89
19.04
19.21
241.2
242.3
244.0
245.6
246.9
248.5
250.5
252.4
254.1
255.8
257.4
259.0
260.5
262.5
264.5
265.7
267.1
268.1
269.2
269.8
270.0
270.6
271.7
272.7
273.9
275.0
276.6
277.7
279.8
281.5
282.9
284.0
285.0
285.6
286.7
286.4
286.6
287.1
286.9
287.3
286.9
285.5
283.9
282.3
280.9
279.1
277.7
275.7
272.9
269.6
266.0
262.1
258.4
254.4
250.6
247.1
243.2
238.7
234.1
228.0
221.1
212.9
203.7
194.3
184.2
174.0
163.6
153.5
143.9
134.8
126.5
118.9
112.0
105.6
99.44
92.84
85.98
79.31
72.91
66.91
61.38
55.92
50.67
45.47
40.30
34.60
28.27
22.34
16.94
12.37
9.294
8.563
8.678
9.237
9.413
9.377
10.33
11.03
10.61
9.682
9.301
9.136
8.871
8.678
8.670
8.730
8.828
8.960
9.031
9.073
9.075
9.004
8.946
8.951
9.027
9.157
9.309
9.445
9.512
9.481
9.368
9.212
9.055
8.985
8.951
8.909
8.915
8.914
8.924
8.951
8.994
9.054
9.138
9.197
9.265
9.370
9.506
9.761
10.15
10.63
11.40
12.41
13.42
14.52
15.72
16.94
17.16
16.64
16.10
15.66
15.49
15.37
15.22
15.08
14.88
14.73
14.83
15.02
15.26
15.51
15.73
16.06
16.60
17.13
17.61
18.24
19.00
19.42
19.15
18.43
17.96
17.81
17.79
17.91
18.19
18.36
18.46
18.61
18.92
19.12
19.26
241.3
242.9
244.3
245.6
247.0
248.8
250.4
252.2
254.1
256.0
257.1
258.9
260.9
262.3
264.1
265.7
267.1
268.2
268.5
269.7
270.3
270.9
271.4
272.5
273.6
275.1
276.6
278.3
279.6
281.1
282.5
283.5
284.8
286.0
286.3
286.9
287.1
287.3
286.4
286.7
286.1
285.2
283.0
280.9
279.2
277.7
274.8
273.2
271.0
267.9
264.7
261.5
257.3
253.2
249.5
245.7
242.2
237.6
231.8
225.5
218.8
210.9
201.9
192.4
182.8
172.5
162.2
152.4
142.7
133.6
125.3
117.8
110.9
104.4
98.04
91.55
85.06
78.59
72.33
66.39
60.71
55.53
50.55
45.36
40.10
33.94
27.48
21.63
16.31
11.89
9.253
8.647
8.862
9.277
9.404
9.440
10.54
11.02
10.51
9.650
9.359
9.221
8.896
8.727
8.743
8.797
8.894
8.964
9.030
9.091
9.090
9.029
8.986
9.056
9.217
9.348
9.456
9.502
9.471
9.366
9.206
9.093
9.023
8.997
8.962
8.924
8.911
8.917
8.930
8.971
9.010
9.063
9.146
9.200
9.279
9.374
9.503
9.819
10.20
10.72
11.54
12.57
13.70
14.74
15.39
15.59
15.85
16.01
16.00
15.88
15.58
15.20
14.86
14.66
14.65
14.75
14.86
14.93
15.01
15.32
15.76
16.25
16.71
17.09
17.48
17.98
18.75
19.28
19.00
18.44
18.03
17.79
17.83
17.92
18.08
18.28
18.56
18.81
18.94
19.05
19.20
241.4
242.8
244.1
245.3
246.5
248.2
249.8
251.7
253.2
255.3
256.9
258.9
260.3
261.8
263.4
265.1
265.9
267.5
268.4
268.9
269.7
270.2
270.9
272.1
273.4
274.1
275.3
276.9
278.9
280.6
281.8
283.4
284.4
285.6
286.3
287.0
286.7
286.7
286.4
285.7
285.6
284.4
282.7
280.7
279.5
278.1
275.4
273.3
270.5
267.7
265.2
261.7
258.4
254.5
250.5
247.4
243.2
239.4
233.7
227.2
220.2
212.5
203.8
195.0
185.3
175.5
165.6
155.5
145.7
136.3
127.8
120.0
112.8
106.4
99.95
93.34
86.47
79.76
73.50
67.38
61.55
56.16
51.34
46.07
40.78
34.78
28.34
22.43
16.92
12.37
9.519
8.794
8.839
9.246
9.418
9.458
10.32
11.16
10.63
9.804
9.474
9.355
9.006
8.778
8.796
8.854
8.910
8.954
8.990
9.044
9.079
9.045
9.016
9.066
9.233
9.321
9.386
9.451
9.451
9.333
9.195
9.091
9.030
8.991
8.953
8.908
8.893
8.905
8.922
8.959
8.997
9.056
9.136
9.189
9.253
9.342
9.462
9.733
10.10
10.55
11.24
12.31
13.37
14.17
14.74
15.24
15.64
16.05
16.12
15.79
15.34
14.97
14.79
14.69
14.67
14.65
14.58
14.67
14.91
15.19
15.55
15.96
16.50
16.88
17.29
17.79
18.43
18.94
18.86
18.40
17.96
17.72
17.83
17.94
18.06
18.36
18.60
18.79
18.91
19.01
19.19
241.4
242.5
243.8
245.5
246.9
248.1
249.7
251.7
253.5
254.8
256.4
258.1
259.9
261.7
263.1
264.8
266.0
267.0
268.2
269.0
269.1
269.9
270.5
271.1
272.6
273.9
275.3
276.7
278.5
280.3
281.7
282.8
284.2
285.3
285.8
286.4
285.9
285.6
286.1
286.4
286.4
284.5
283.4
281.3
280.2
279.2
277.5
274.8
272.0
268.3
264.9
261.1
257.7
254.3
251.0
247.7
244.2
240.3
235.1
229.0
221.7
213.7
205.9
197.2
187.7
177.6
167.6
158.0
148.3
138.7
129.3
121.3
114.0
106.9
99.99
93.30
86.46
79.72
73.43
67.30
61.33
56.04
50.72
45.21
39.74
33.70
27.41
21.55
16.27
12.03
9.512
8.886
8.984
9.265
9.401
9.530
10.56
11.14
10.51
9.762
9.546
9.421
8.998
8.809
8.844
8.890
8.926
8.930
8.941
8.988
9.020
9.021
9.005
9.022
9.072
9.160
9.261
9.379
9.470
9.419
9.310
9.148
9.021
8.952
8.911
8.882
8.880
8.901
8.927
8.946
9.003
9.078
9.137
9.192
9.249
9.319
9.458
9.742
10.07
10.48
11.14
12.04
12.93
13.83
14.81
15.86
16.45
16.23
15.64
15.15
14.93
14.82
14.76
14.64
14.42
14.27
14.33
14.54
14.79
15.09
15.40
15.86
16.47
17.05
17.54
18.10
18.72
18.97
18.77
18.17
17.82
17.73
17.78
17.96
18.27
18.43
18.54
18.66
18.90
19.08
19.23
241.4
242.5
243.8
244.9
245.9
247.6
248.9
250.9
252.5
254.1
255.8
257.5
259.4
260.7
262.2
263.7
264.9
265.7
266.7
267.7
268.1
268.5
269.2
270.2
271.3
272.7
274.5
276.0
277.7
279.4
281.0
282.1
282.8
283.6
284.7
284.6
284.5
284.7
285.0
284.2
283.5
282.8
281.2
279.7
277.6
275.5
272.7
270.5
268.4
265.8
262.4
259.4
255.6
251.9
248.4
245.1
242.0
237.6
232.3
227.0
220.5
213.4
205.5
197.2
189.0
180.0
170.6
161.3
151.9
142.4
133.6
124.8
116.7
109.2
102.0
94.96
87.86
81.06
74.37
68.15
62.13
56.84
51.69
46.32
40.93
34.82
28.29
22.21
16.86
12.48
9.733
8.965
9.040
9.272
9.389
9.526
10.43
11.27
10.64
9.898
9.669
9.549
9.106
8.862
8.885
8.929
8.963
8.941
8.928
8.951
9.005
9.029
9.053
9.134
9.252
9.330
9.376
9.398
9.384
9.288
9.183
9.095
9.021
8.967
8.935
8.906
8.877
8.885
8.903
8.927
8.973
9.040
9.108
9.149
9.209
9.283
9.430
9.669
9.975
10.35
10.93
11.83
12.74
13.73
14.57
14.90
15.01
15.13
15.17
15.14
14.97
14.70
14.41
14.12
14.08
14.13
14.26
14.37
14.50
14.84
15.29
15.79
16.28
16.68
17.15
17.63
18.46
19.11
18.81
18.22
17.88
17.72
17.87
18.03
18.10
18.28
18.58
18.81
18.93
18.99
19.16
241.5
242.4
243.6
244.8
246.3
247.7
249.4
250.8
252.1
253.4
255.1
256.6
258.5
260.0
261.8
263.1
264.0
265.1
266.3
266.9
267.4
268.0
268.7
269.6
270.9
271.9
273.5
275.5
277.2
278.3
279.9
280.5
281.2
282.3
283.1
283.3
283.4
282.2
281.8
281.8
281.3
280.3
278.1
276.9
274.8
272.7
270.3
268.3
265.2
263.0
259.7
256.6
253.2
249.7
246.4
243.1
239.7
235.6
231.2
225.3
219.1
212.0
204.3
196.6
188.5
180.0
171.4
162.3
153.0
143.6
134.4
126.0
117.6
109.6
102.1
94.83
87.57
80.65
73.89
67.55
61.64
56.18
51.04
45.55
39.97
33.78
27.30
21.37
16.13
12.08
9.644
9.053
9.107
9.323
9.393
9.654
10.67
11.28
10.48
9.892
9.753
9.538
9.065
8.875
8.921
8.983
8.983
8.923
8.916
8.918
8.978
9.009
9.074
9.223
9.359
9.449
9.488
9.487
9.419
9.296
9.157
9.068
9.022
8.977
8.924
8.876
8.860
8.869
8.886
8.921
8.974
9.040
9.109
9.131
9.200
9.286
9.434
9.677
9.956
10.33
10.93
11.78
12.71
13.39
13.83
14.28
14.69
15.12
15.31
15.10
14.73
14.37
14.19
14.05
14.03
14.07
14.05
14.23
14.46
14.78
15.18
15.64
16.17
16.58
16.96
17.49
18.27
18.85
18.68
18.19
17.80
17.76
17.86
17.99
18.09
18.41
18.64
18.76
18.87
19.04
19.20
241.0
242.3
243.4
244.5
245.9
246.6
248.5
249.6
251.2
252.8
254.6
255.6
257.4
259.1
260.3
261.7
262.7
264.1
264.9
265.9
266.2
266.6
267.2
268.1
269.3
270.7
272.4
273.8
275.4
276.7
277.8
278.9
279.7
280.2
280.9
280.9
281.0
281.4
281.0
281.6
281.4
279.4
277.4
275.3
273.6
271.8
269.8
267.7
264.9
261.9
258.3
255.1
251.4
248.3
245.2
242.3
239.4
235.9
231.8
226.4
220.8
214.0
207.1
199.2
191.1
182.8
174.3
165.6
156.7
147.2
138.0
129.3
121.0
112.9
104.9
96.94
89.22
81.83
75.02
68.65
62.44
56.69
51.52
46.13
40.36
34.35
27.91
21.94
16.59
12.41
9.768
9.086
9.071
9.285
9.389
9.648
10.59
11.29
10.53
9.929
9.782
9.590
9.096
8.871
8.914
8.983
8.971
8.924
8.882
8.876
8.901
8.930
8.995
9.052
9.154
9.292
9.433
9.493
9.457
9.366
9.212
9.061
8.952
8.890
8.857
8.842
8.839
8.841
8.852
8.894
8.939
9.007
9.080
9.117
9.172
9.253
9.393
9.620
9.863
10.18
10.66
11.35
12.10
12.85
13.66
14.59
15.30
15.40
15.09
14.62
14.36
14.22
14.12
14.04
13.92
13.80
13.87
14.06
14.30
14.60
14.97
15.40
15.91
16.81
17.36
17.76
18.24
18.69
18.60
18.18
17.90
17.78
17.82
18.00
18.31
18.42
18.54
18.66
18.95
19.08
19.22
241.4
242.5
243.6
244.4
245.6
246.6
248.0
249.5
250.7
252.3
253.6
255.3
256.6
258.5
259.7
261.2
262.6
263.4
264.4
264.9
265.2
265.4
266.4
266.9
268.0
269.3
271.2
273.2
274.5
276.1
277.3
277.8
278.4
278.6
278.1
278.4
278.1
278.1
277.3
277.3
276.0
274.3
272.2
270.3
268.8
266.5
263.8
262.1
259.7
256.6
253.8
250.7
247.4
243.9
240.7
237.5
234.6
230.6
225.9
221.1
215.3
208.5
201.9
194.4
186.9
178.9
170.8
162.3
153.5
144.8
135.9
127.6
119.3
111.4
103.6
95.73
88.10
81.00
74.09
67.67
61.51
55.85
50.52
45.11
39.67
33.52
27.05
21.03
15.86
12.03
9.694
9.163
9.096
9.301
9.408
9.846
10.69
11.25
10.30
9.874
9.772
9.472
9.018
8.867
8.941
8.994
8.971
8.905
8.874
8.865
8.889
8.935
9.011
9.150
9.305
9.407
9.491
9.508
9.433
9.312
9.171
9.042
8.948
8.890
8.841
8.815
8.807
8.801
8.826
8.857
8.902
8.979
9.036
9.082
9.143
9.235
9.386
9.594
9.825
10.15
10.63
11.37
12.14
13.00
13.75
14.11
14.27
14.39
14.38
14.33
14.24
14.05
13.80
13.61
13.62
13.71
13.81
13.95
14.14
14.45
14.92
15.49
16.01
16.46
17.15
17.67
18.23
18.70
18.48
18.22
17.97
17.77
17.94
18.10
18.16
18.32
18.66
18.85
18.96
19.03
19.16
241.4
241.9
243.0
243.6
244.7
245.8
247.6
248.7
249.9
251.4
252.8
253.8
255.8
257.4
258.7
259.7
260.7
261.9
262.5
262.6
263.5
264.1
264.7
265.7
266.9
268.3
269.8
271.4
273.0
273.8
274.8
275.8
276.8
277.8
278.0
278.2
277.0
276.5
276.5
275.4
274.2
272.3
270.3
268.6
267.4
265.5
263.3
261.0
257.9
254.7
252.1
248.3
245.1
241.9
238.4
235.2
231.9
228.8
224.8
219.9
214.1
207.7
200.6
193.3
185.9
178.0
170.0
161.7
153.0
144.2
135.7
127.6
119.8
111.9
104.0
95.99
88.25
80.98
74.11
67.71
61.64
55.87
50.44
45.07
39.55
33.72
27.41
21.47
16.22
12.21
9.726
9.113
8.981
9.188
9.361
9.786
10.57
11.20
10.33
9.809
9.719
9.432
9.003
8.817
8.887
8.970
8.966
8.902
8.854
8.841
8.864
8.904
8.976
9.109
9.257
9.341
9.377
9.384
9.321
9.210
9.086
9.003
8.933
8.868
8.815
8.782
8.748
8.754
8.772
8.804
8.852
8.914
8.987
9.027
9.073
9.158
9.304
9.484
9.721
10.02
10.48
11.13
11.95
12.70
13.13
13.49
13.89
14.25
14.54
14.50
14.18
13.81
13.68
13.63
13.62
13.67
13.76
13.93
14.13
14.43
14.87
15.36
15.82
16.26
16.79
17.36
18.14
18.67
18.64
18.31
17.94
17.87
17.97
18.07
18.19
18.50
18.70
18.83
18.92
19.06
19.28
241.5
242.5
243.1
243.7
244.9
245.6
246.9
248.4
249.5
250.7
251.9
253.1
254.4
255.8
257.1
258.4
259.8
260.6
261.1
261.3
261.4
262.4
263.2
264.1
265.5
266.7
268.5
269.8
271.3
272.4
273.1
274.5
275.1
275.6
276.7
275.3
275.5
276.2
276.5
276.1
274.6
272.3
270.6
268.3
266.5
264.1
262.2
259.2
256.3
252.5
249.1
245.9
242.4
239.0
236.1
232.7
229.4
225.9
221.5
216.5
210.8
204.0
197.3
190.0
181.7
173.8
165.6
157.3
148.7
140.4
132.0
124.6
116.8
108.9
101.1
93.45
85.98
78.84
72.04
65.89
59.96
54.05
48.71
43.26
37.85
31.92
25.85
20.21
15.22
11.66
9.487
9.063
8.910
9.117
9.312
9.874
10.65
10.97
10.05
9.716
9.602
9.254
8.873
8.751
8.833
8.897
8.887
8.824
8.792
8.777
8.796
8.846
8.886
8.947
9.027
9.122
9.200
9.262
9.312
9.275
9.136
8.999
8.883
8.789
8.725
8.701
8.686
8.694
8.713
8.749
8.803
8.867
8.919
8.957
9.018
9.108
9.280
9.467
9.689
9.983
10.40
11.02
11.72
12.45
13.18
13.90
14.60
14.80
14.50
13.99
13.78
13.70
13.66
13.65
13.59
13.53
13.65
13.85
14.10
14.47
14.94
15.35
15.85
16.36
16.89
17.48
18.43
18.77
18.65
18.19
17.97
17.94
17.95
18.13
18.43
18.56
18.66
18.74
19.05
19.21
19.32
241.3
241.8
242.3
243.6
244.3
244.8
245.9
246.9
248.0
249.0
250.6
251.7
253.3
254.3
255.7
256.6
257.3
258.7
259.2
259.7
260.1
260.7
261.1
262.4
263.4
264.4
266.1
267.2
268.5
270.0
271.4
272.2
273.3
273.8
272.8
272.9
272.3
271.6
271.0
270.2
269.4
267.9
265.6
263.5
261.1
258.8
255.7
253.5
250.4
247.3
244.2
240.5
236.8
233.4
229.8
226.4
222.7
219.0
214.6
209.1
203.0
196.4
189.5
182.4
175.0
167.3
159.7
151.8
143.8
135.8
128.1
120.6
113.3
105.8
98.30
90.88
83.61
76.75
70.29
64.25
58.68
53.28
47.80
42.75
37.54
31.66
25.81
20.39
15.34
11.71
9.484
8.938
8.768
8.974
9.230
9.691
10.49
10.88
10.03
9.647
9.511
9.191
8.847
8.685
8.764
8.834
8.843
8.797
8.760
8.743
8.774
8.816
8.886
8.996
9.102
9.215
9.262
9.233
9.150
9.039
8.928
8.842
8.779
8.738
8.692
8.654
8.639
8.636
8.651
8.696
8.748
8.811
8.865
8.928
9.003
9.103
9.270
9.444
9.651
9.898
10.29
10.90
11.60
12.33
13.13
13.68
13.87
13.85
13.80
13.70
13.64
13.54
13.40
13.26
13.29
13.40
13.55
13.71
13.99
14.34
14.82
15.25
15.69
16.23
16.81
17.34
18.05
18.61
18.37
18.23
18.08
17.91
18.12
18.24
18.33
18.44
18.69
18.96
19.12
19.15
19.30
241.7
242.0
242.7
243.2
244.0
244.7
245.8
246.7
247.9
248.9
249.9
251.0
252.1
253.1
254.6
255.4
256.4
256.7
257.3
258.2
258.5
258.5
259.2
260.0
260.8
262.5
263.9
265.1
266.3
268.1
269.1
268.8
269.8
270.6
270.7
270.3
269.2
269.1
268.9
267.6
265.2
263.3
261.6
259.9
257.4
255.2
252.4
249.7
246.4
242.6
239.6
235.9
232.2
228.5
224.7
221.3
217.2
213.4
208.3
202.8
196.3
189.7
182.9
175.7
168.5
160.7
152.9
144.8
137.0
129.3
121.7
114.7
107.6
100.8
93.85
86.90
80.13
73.51
67.23
61.47
56.10
50.88
45.53
40.57
35.38
29.81
24.26
19.16
14.27
11.09
9.197
8.808
8.648
8.866
9.174
9.729
10.44
10.50
9.838
9.541
9.324
9.016
8.712
8.598
8.687
8.760
8.765
8.729
8.698
8.702
8.739
8.788
8.865
8.994
9.147
9.219
9.252
9.251
9.161
9.046
8.914
8.800
8.716
8.668
8.615
8.588
8.575
8.564
8.596
8.641
8.676
8.730
8.804
8.866
8.951
9.066
9.235
9.411
9.624
9.918
10.37
10.96
11.83
12.50
12.84
13.15
13.48
13.78
13.92
13.94
13.74
13.46
13.35
13.32
13.39
13.47
13.57
13.71
14.02
14.37
14.81
15.21
15.72
16.15
16.59
17.20
18.05
18.45
18.49
18.23
18.01
18.09
18.13
18.21
18.32
18.61
18.83
18.98
19.07
19.23
19.43
241.3
241.7
242.3
242.7
243.3
244.0
245.1
245.9
246.7
247.5
248.6
249.6
250.6
251.5
252.5
253.3
254.5
255.0
255.4
255.6
256.1
256.3
256.5
257.2
258.5
259.3
260.2
261.6
263.3
264.2
265.4
265.2
266.4
266.7
266.7
266.5
266.5
266.6
266.5
266.6
265.9
263.5
259.8
257.4
254.8
252.1
249.5
246.7
243.0
239.9
235.8
232.0
228.1
224.2
220.4
216.9
213.1
209.0
204.5
198.7
192.7
186.1
179.0
171.9
164.6
157.0
149.0
141.4
133.5
125.8
118.4
111.4
104.7
98.18
91.59
84.88
78.27
71.86
65.85
60.03
54.68
49.66
44.44
39.39
34.45
29.27
23.94
19.09
14.34
11.08
9.154
8.620
8.484
8.668
9.010
9.480
10.19
10.39
9.751
9.490
9.206
8.911
8.635
8.504
8.550
8.625
8.656
8.641
8.616
8.623
8.649
8.683
8.730
8.789
8.863
8.974
9.061
9.131
9.142
9.100
8.952
8.817
8.695
8.604
8.553
8.515
8.501
8.500
8.513
8.550
8.594
8.643
8.716
8.784
8.860
8.964
9.117
9.287
9.518
9.810
10.23
10.85
11.59
12.28
12.96
13.56
14.03
14.25
14.15
13.80
13.60
13.51
13.45
13.46
13.47
13.47
13.57
13.73
13.97
14.32
14.75
15.17
15.73
16.31
16.82
17.41
18.29
18.61
18.55
18.11
18.06
18.11
18.11
18.23
18.56
18.75
18.82
18.93
19.21
19.37
19.44
241.5
241.8
242.0
242.2
242.9
243.6
244.3
245.3
245.9
246.8
247.4
248.2
249.0
249.9
250.9
252.0
252.3
253.0
253.4
253.5
253.7
253.6
254.1
254.7
255.6
256.6
257.4
258.4
259.4
260.6
261.8
262.5
263.0
263.7
262.4
261.9
261.1
259.9
258.8
257.9
256.4
254.7
251.8
249.3
246.6
243.9
240.8
237.7
234.8
231.4
227.7
223.7
219.6
215.5
212.0
208.1
204.0
199.5
194.7
189.3
183.0
176.4
169.5
162.5
155.3
147.8
140.3
132.8
125.3
118.5
111.4
104.8
98.55
92.36
86.18
79.92
73.91
67.94
62.36
56.84
51.74
46.96
42.19
37.36
32.50
27.50
22.37
17.80
13.42
10.53
8.871
8.505
8.373
8.595
8.932
9.498
10.07
10.00
9.595
9.355
9.024
8.778
8.518
8.418
8.461
8.517
8.565
8.571
8.572
8.584
8.617
8.665
8.766
8.862
8.957
9.053
9.091
9.038
8.944
8.850
8.743
8.665
8.597
8.547
8.517
8.467
8.430
8.431
8.458
8.483
8.544
8.589
8.682
8.754
8.836
8.921
9.072
9.265
9.512
9.824
10.29
11.01
11.78
12.53
13.27
13.76
13.86
13.67
13.57
13.51
13.42
13.39
13.32
13.25
13.24
13.36
13.54
13.71
13.97
14.33
14.74
15.21
15.65
16.16
16.67
17.17
17.95
18.59
18.41
18.33
18.22
18.05
18.15
18.42
18.53
18.69
18.94
19.15
19.24
19.31
19.41
241.7
241.8
241.7
241.9
242.1
242.9
243.4
243.9
244.6
245.0
246.0
246.4
248.0
248.2
249.3
249.7
250.3
250.2
250.6
251.0
250.9
251.0
251.3
251.4
252.2
253.7
254.4
254.9
256.3
257.1
257.5
258.4
258.6
259.0
258.7
258.0
257.0
256.0
255.3
253.6
250.8
249.1
247.2
244.7
241.5
239.1
235.6
232.6
228.9
225.2
221.5
217.2
213.3
209.5
205.8
201.9
198.3
193.6
188.9
183.2
176.9
170.6
164.0
157.0
150.0
142.8
135.4
128.0
120.9
114.0
107.5
101.2
95.18
89.30
83.52
77.63
71.68
66.05
60.41
55.23
50.28
45.74
41.17
36.47
31.71
27.02
22.02
17.60
13.42
10.53
8.791
8.341
8.203
8.426
8.770
9.239
9.824
9.913
9.479
9.296
8.913
8.671
8.461
8.339
8.362
8.400
8.438
8.492
8.502
8.520
8.558
8.594
8.674
8.827
8.976
9.040
9.065
9.086
9.004
8.889
8.748
8.623
8.532
8.484
8.433
8.398
8.375
8.357
8.375
8.406
8.481
8.547
8.627
8.686
8.763
8.858
9.025
9.227
9.475
9.797
10.29
10.94
11.77
12.51
13.03
13.31
13.55
13.78
13.85
13.83
13.70
13.52
13.34
13.34
13.37
13.44
13.55
13.71
13.99
14.39
14.79
15.18
15.58
15.96
16.43
17.03
17.91
18.56
18.72
18.51
18.22
18.14
18.28
18.47
18.58
18.85
19.03
19.16
19.22
19.34
19.47
241.9
241.8
241.9
242.1
242.3
242.9
243.4
243.9
244.0
244.6
245.4
246.2
246.6
247.1
248.0
248.3
248.8
248.6
248.7
248.4
248.2
248.5
248.5
248.7
249.5
250.2
250.9
251.6
252.6
252.7
253.6
254.2
254.5
254.1
253.6
252.8
252.9
252.1
251.8
252.6
251.1
246.6
243.3
240.1
237.6
234.7
231.4
228.0
224.2
220.1
215.9
211.7
207.5
203.6
199.7
195.8
191.5
187.2
182.7
177.6
171.5
165.1
158.5
151.5
144.5
137.2
130.0
122.9
115.9
109.4
102.9
96.75
91.12
85.72
80.17
74.59
68.92
63.35
58.15
53.04
48.22
43.84
39.22
34.74
30.36
25.70
20.85
16.62
12.63
9.926
8.435
8.035
7.977
8.203
8.552
8.942
9.481
9.543
9.205
9.033
8.687
8.434
8.238
8.125
8.163
8.216
8.259
8.293
8.322
8.334
8.371
8.422
8.474
8.536
8.620
8.725
8.783
8.819
8.837
8.782
8.667
8.532
8.416
8.335
8.266
8.230
8.215
8.217
8.237
8.285
8.351
8.418
8.508
8.587
8.669
8.786
8.953
9.173
9.439
9.784
10.29
10.98
11.70
12.43
13.19
13.92
14.49
14.55
14.40
14.33
14.20
14.16
14.14
14.15
14.21
14.30
14.47
14.70
15.05
15.47
15.91
16.50
17.12
17.70
18.29
18.90
19.89
20.22
20.07
19.54
19.24
19.21
19.21
19.31
19.50
19.57
19.64
19.69
19.79
19.89
19.95
241.7
241.1
241.3
241.2
241.5
241.8
242.3
242.6
242.3
243.2
243.5
244.1
244.4
243.9
244.9
245.3
245.6
245.6
245.3
244.9
244.7
244.5
244.7
245.0
245.2
245.8
246.3
246.8
247.3
247.3
247.9
248.0
247.7
247.8
246.6
245.4
244.6
242.7
241.6
239.5
237.8
235.4
232.8
230.0
226.7
223.2
220.4
217.5
214.1
209.7
205.7
202.2
198.0
193.7
189.8
185.7
181.6
177.1
172.3
166.9
161.0
155.1
148.6
142.2
135.8
129.2
122.4
115.6
109.2
103.2
97.27
91.74
86.64
81.55
76.26
70.92
65.69
60.50
55.49
50.68
46.20
42.19
38.02
33.86
29.30
24.74
20.00
15.93
12.17
9.723
8.256
7.904
7.870
8.113
8.409
8.888
9.247
9.258
9.020
8.861
8.473
8.286
8.119
8.015
8.035
8.091
8.133
8.168
8.211
8.236
8.297
8.348
8.463
8.538
8.639
8.738
8.733
8.693
8.597
8.500
8.409
8.333
8.279
8.233
8.171
8.119
8.092
8.086
8.125
8.168
8.238
8.314
8.406
8.478
8.580
8.706
8.883
9.111
9.411
9.798
10.35
11.11
11.97
12.78
13.55
14.08
14.23
14.08
13.91
13.71
13.56
13.49
13.46
13.37
13.34
13.45
13.60
13.83
14.14
14.45
14.71
15.08
15.59
16.17
16.73
17.37
18.15
18.76
18.92
18.65
18.52
18.50
18.58
18.80
18.97
19.02
19.10
19.21
19.32
19.43
19.50
241.5
241.0
241.1
240.8
241.0
241.0
241.0
241.3
241.5
241.8
241.5
242.2
242.6
242.8
243.0
243.1
243.1
243.2
242.7
242.0
241.5
241.1
240.6
240.6
240.6
241.2
241.4
241.6
241.6
242.4
242.7
242.5
242.2
242.1
240.6
239.2
237.9
236.3
235.0
233.2
230.7
227.8
225.0
222.4
219.6
216.5
213.0
209.7
205.9
202.4
198.3
194.4
190.5
186.3
182.2
178.3
174.4
170.0
165.2
159.9
154.0
148.2
142.4
136.1
130.0
123.4
117.3
111.1
104.9
99.15
93.59
88.24
83.33
78.46
73.47
68.42
63.48
58.43
53.74
49.31
44.82
41.04
36.81
32.82
28.62
24.32
19.63
15.75
12.12
9.673
8.182
7.747
7.712
7.961
8.282
8.675
9.061
9.179
8.911
8.790
8.409
8.204
8.049
7.928
7.947
7.989
8.043
8.077
8.134
8.168
8.214
8.281
8.376
8.527
8.688
8.753
8.760
8.767
8.699
8.571
8.419
8.298
8.199
8.130
8.087
8.059
8.034
8.028
8.047
8.100
8.173
8.230
8.332
8.415
8.523
8.671
8.856
9.092
9.420
9.838
10.43
11.18
12.08
12.84
13.53
13.76
13.93
14.08
14.05
13.91
13.74
13.51
13.29
13.26
13.34
13.44
13.57
13.72
13.92
14.27
14.75
15.21
15.55
15.93
16.37
17.01
17.82
18.74
18.78
18.74
18.74
18.59
18.73
18.88
18.95
19.03
19.19
19.34
19.39
19.41
19.42
241.3
241.0
240.9
240.9
240.7
240.4
240.6
240.7
240.6
240.3
240.5
240.3
240.7
241.1
241.0
240.8
240.5
240.4
239.9
238.7
238.0
237.6
237.0
236.4
236.5
236.8
236.9
236.9
237.0
236.9
236.6
236.2
235.9
234.9
233.8
232.8
231.5
230.2
230.5
229.2
227.5
222.0
218.6
216.1
212.9
209.6
206.8
203.4
199.1
195.2
191.1
187.1
182.9
178.6
174.8
170.9
167.0
162.8
158.1
152.9
147.5
141.7
136.0
129.7
123.8
117.7
111.6
105.5
99.94
94.51
89.39
84.37
79.53
74.89
70.20
65.43
60.62
55.83
51.50
46.88
42.68
38.92
34.66
30.72
26.82
22.49
18.17
14.57
11.28
9.093
7.882
7.615
7.636
7.907
8.232
8.707
8.963
9.040
8.790
8.608
8.259
8.085
7.934
7.848
7.859
7.911
7.953
8.007
8.048
8.094
8.141
8.189
8.268
8.341
8.426
8.513
8.574
8.624
8.618
8.549
8.420
8.266
8.152
8.067
8.020
7.988
7.967
7.981
8.012
8.066
8.137
8.204
8.302
8.403
8.506
8.660
8.874
9.151
9.513
9.932
10.57
11.37
12.23
13.02
13.70
14.29
14.49
14.25
14.00
13.75
13.48
13.35
13.31
13.29
13.31
13.34
13.36
13.56
13.82
14.19
14.62
15.13
15.65
16.16
16.53
17.01
18.17
18.80
18.91
18.77
18.65
18.84
18.87
18.88
19.04
19.22
19.27
19.22
19.25
19.36
19.44
241.7
241.2
240.9
240.5
239.8
239.7
240.0
239.8
239.5
239.3
238.9
238.8
239.1
238.8
238.5
238.6
238.2
237.3
236.3
235.7
234.9
234.1
233.4
232.7
232.8
232.3
231.7
231.9
231.5
231.0
231.0
230.4
229.6
228.3
227.0
225.6
224.2
222.5
220.0
217.8
215.8
212.9
210.1
207.0
203.7
200.4
197.5
194.1
190.4
186.6
182.6
178.8
174.7
170.7
166.8
162.8
159.0
154.9
150.4
145.7
140.3
135.1
129.7
123.9
118.4
112.6
106.9
101.3
95.94
90.77
85.72
81.01
76.42
72.17
67.70
63.15
58.57
54.18
50.16
45.53
41.72
37.98
34.34
30.49
26.46
22.44
18.06
14.47
11.26
9.055
7.823
7.509
7.505
7.788
8.124
8.522
8.864
9.015
8.723
8.540
8.204
8.013
7.881
7.791
7.798
7.831
7.875
7.923
7.981
8.026
8.084
8.155
8.280
8.380
8.476
8.546
8.577
8.538
8.452
8.345
8.241
8.168
8.109
8.062
8.009
7.956
7.928
7.927
7.949
7.995
8.067
8.133
8.240
8.340
8.454
8.617
8.827
9.122
9.523
9.994
10.64
11.43
12.29
13.01
13.50
13.67
13.67
13.70
13.59
13.47
13.35
13.28
13.22
13.13
13.04
13.08
13.20
13.43
13.75
14.01
14.28
14.75
15.33
15.92
16.43
17.06
17.97
18.81
19.04
18.94
18.93
18.87
18.92
18.98
19.09
19.12
19.19
19.26
19.34
19.39
19.42
241.3
240.8
240.4
239.8
239.5
239.1
238.7
238.4
237.8
237.7
237.7
237.5
237.1
236.9
236.8
235.7
235.4
234.7
233.8
232.5
230.8
230.4
229.4
228.5
228.3
227.7
227.2
226.8
226.3
225.9
225.3
224.9
224.0
222.7
221.1
219.1
217.2
215.0
213.0
210.9
208.6
205.5
202.5
199.7
196.4
192.9
189.4
185.7
182.2
178.3
174.6
170.7
166.7
162.3
158.9
155.4
151.4
147.5
143.5
138.7
133.6
128.3
123.2
117.7
112.5
106.8
101.7
96.37
91.03
86.38
81.78
77.33
73.21
68.98
64.67
60.25
55.89
51.77
47.54
43.73
39.63
36.24
33.04
29.09
24.96
20.97
16.89
13.49
10.52
8.559
7.594
7.398
7.440
7.749
8.096
8.524
8.852
8.909
8.637
8.396
8.108
7.926
7.788
7.725
7.748
7.788
7.824
7.868
7.910
7.963
8.019
8.111
8.241
8.411
8.544
8.601
8.600
8.600
8.510
8.365
8.209
8.093
8.007
7.955
7.925
7.899
7.871
7.880
7.920
7.947
8.026
8.100
8.196
8.304
8.423
8.585
8.822
9.130
9.535
10.02
10.71
11.53
12.23
12.72
13.24
13.50
13.68
13.76
13.72
13.58
13.44
13.23
13.03
12.94
12.95
13.06
13.20
13.29
13.49
13.86
14.41
14.80
15.26
15.84
16.41
16.92
17.90
18.93
18.96
19.10
19.08
18.89
18.98
19.08
19.06
19.11
19.26
19.31
19.34
19.32
19.30
241.5
240.6
240.2
239.5
238.8
238.4
237.9
237.8
237.3
236.8
236.3
236.0
235.5
235.0
234.7
234.1
233.3
232.5
231.1
229.6
228.4
226.7
225.7
225.1
224.5
223.7
223.0
222.2
221.8
221.1
220.1
219.2
217.9
216.8
215.5
214.2
212.5
210.2
208.4
207.2
204.1
200.5
197.5
194.7
191.6
188.3
184.5
181.1
177.6
174.0
169.8
165.4
161.6
157.9
154.5
150.8
147.3
143.5
139.6
135.2
130.5
125.7
120.7
115.4
110.1
104.9
99.48
94.37
89.25
84.40
79.86
75.54
71.51
67.52
63.36
59.14
54.96
50.98
47.18
42.99
39.30
35.68
32.12
28.38
24.43
20.66
16.77
13.36
10.44
8.548
7.514
7.285
7.339
7.636
7.988
8.367
8.785
8.914
8.595
8.343
8.069
7.859
7.707
7.651
7.688
7.720
7.763
7.795
7.843
7.888
7.959
8.036
8.117
8.186
8.252
8.332
8.395
8.471
8.469
8.412
8.265
8.123
8.004
7.934
7.877
7.844
7.824
7.830
7.857
7.897
7.967
8.042
8.140
8.247
8.378
8.539
8.766
9.059
9.441
9.885
10.50
11.23
11.92
12.63
13.25
13.70
14.03
13.84
13.63
13.44
13.16
12.96
12.88
12.88
12.90
12.93
12.94
13.15
13.42
13.78
14.18
14.63
15.08
15.56
16.14
16.86
17.99
18.92
19.28
19.06
18.88
18.98
19.05
19.07
19.16
19.30
19.26
19.20
19.15
19.25
19.31
241.4
240.2
239.7
239.1
238.4
237.9
237.4
236.7
236.3
235.7
235.1
234.1
233.8
233.2
232.3
231.7
230.6
229.7
228.4
227.0
225.1
223.5
222.4
221.4
220.6
219.7
218.5
217.7
216.8
215.9
215.1
214.1
212.6
211.0
209.0
207.5
204.8
202.7
200.5
197.9
195.6
192.7
189.4
186.3
182.9
179.8
176.6
173.1
169.5
166.1
162.4
158.7
154.7
151.0
147.4
144.1
140.6
137.0
133.0
128.8
124.3
119.7
115.1
110.1
105.0
100.00
95.18
90.37
85.62
81.07
76.85
72.70
68.79
64.95
60.97
56.87
52.83
49.24
45.36
41.47
37.48
34.46
30.95
27.43
23.45
19.63
15.90
12.58
9.833
8.141
7.313
7.194
7.311
7.640
7.990
8.400
8.841
8.850
8.511
8.218
8.000
7.801
7.660
7.611
7.657
7.698
7.723
7.773
7.822
7.884
7.959
8.055
8.176
8.296
8.383
8.419
8.407
8.369
8.289
8.206
8.117
8.051
7.981
7.928
7.867
7.814
7.793
7.790
7.814
7.860
7.927
8.015
8.104
8.217
8.351
8.517
8.764
9.069
9.470
9.944
10.58
11.32
12.09
12.59
13.06
13.31
13.38
13.49
13.30
13.13
12.99
12.86
12.78
12.69
12.63
12.72
12.90
13.13
13.39
13.69
13.95
14.34
14.93
15.51
16.12
16.95
18.06
18.96
19.19
19.12
19.03
18.99
19.11
19.22
19.13
19.10
19.13
19.21
19.26
19.28
19.28
241.4
240.3
239.7
239.1
238.2
237.4
237.0
236.2
235.3
234.4
233.7
232.9
232.3
231.9
230.7
230.0
228.8
227.3
225.9
224.3
222.1
220.5
219.2
217.9
216.9
215.9
215.2
214.2
213.0
211.7
210.5
209.3
207.4
205.6
204.0
202.1
200.2
197.3
195.1
192.6
190.2
187.4
184.3
181.2
177.9
174.8
171.4
168.2
164.7
161.5
158.1
154.3
150.7
147.1
143.4
140.0
136.7
133.0
129.3
125.2
121.0
116.6
112.0
107.3
102.4
97.54
92.81
88.12
83.61
79.22
75.03
71.10
67.35
63.61
59.75
55.79
52.07
48.72
44.83
40.81
36.79
34.02
30.56
26.96
23.37
19.58
15.89
12.64
9.839
8.127
7.245
7.100
7.213
7.517
7.894
8.261
8.772
8.843
8.502
8.184
7.969
7.774
7.614
7.561
7.609
7.658
7.692
7.728
7.780
7.849
7.943
8.039
8.194
8.360
8.497
8.560
8.582
8.566
8.451
8.288
8.129
8.003
7.924
7.861
7.809
7.777
7.756
7.747
7.767
7.806
7.883
7.961
8.049
8.162
8.311
8.481
8.713
9.003
9.375
9.807
10.42
11.11
11.75
12.27
12.82
13.15
13.35
13.37
13.37
13.17
12.99
12.83
12.62
12.55
12.59
12.68
12.82
12.96
13.13
13.46
13.88
14.37
14.78
15.22
15.85
16.58
17.73
18.92
19.01
19.14
19.19
19.05
19.11
19.18
19.07
19.10
19.20
19.24
19.25
19.19
19.16
241.0
240.2
239.4
238.5
237.5
236.7
236.0
235.3
234.3
233.0
232.5
231.6
230.8
229.9
229.0
227.9
226.8
225.3
223.7
221.8
219.9
218.2
216.6
215.1
213.6
212.5
211.2
210.3
209.1
207.7
206.5
204.8
203.2
201.4
199.7
197.7
195.6
193.3
191.4
188.9
186.6
183.0
180.0
177.0
173.9
171.1
167.8
164.3
160.9
157.1
153.4
150.0
146.5
143.1
139.8
136.5
133.3
129.7
125.8
122.1
117.8
113.6
109.1
104.3
99.53
95.09
90.61
85.97
81.49
77.19
73.09
69.21
65.60
61.89
58.09
54.37
51.02
47.81
43.62
39.09
35.73
32.09
29.41
25.98
22.35
18.51
14.99
11.88
9.277
7.772
7.093
7.007
7.160
7.511
7.871
8.294
8.820
8.796
8.390
8.082
7.907
7.710
7.549
7.521
7.561
7.623
7.662
7.693
7.746
7.825
7.915
8.022
8.119
8.216
8.324
8.410
8.481
8.518
8.436
8.289
8.117
7.978
7.866
7.800
7.753
7.719
7.706
7.706
7.733
7.777
7.847
7.924
8.022
8.134
8.282
8.460
8.712
9.018
9.390
9.829
10.42
11.06
11.68
12.31
12.83
13.17
13.42
13.26
13.08
12.85
12.57
12.45
12.45
12.46
12.47
12.49
12.56
12.81
13.10
13.46
13.82
14.43
14.96
15.49
15.78
16.39
17.89
18.76
19.16
19.02
18.94
19.15
19.15
19.15
19.22
19.23
19.16
19.04
19.07
19.17
19.22
241.5
239.9
239.5
238.5
237.7
236.6
235.6
234.8
233.7
232.5
231.4
230.3
229.7
228.6
227.8
226.4
225.1
223.5
222.0
220.0
218.0
216.1
214.4
212.5
211.2
209.7
207.9
206.9
205.9
204.6
203.2
201.6
199.8
198.6
196.4
193.9
191.2
188.8
186.5
184.0
181.4
178.8
176.0
172.7
169.6
166.5
163.3
160.2
157.1
153.7
150.4
147.0
143.6
140.1
136.7
133.4
130.2
126.9
123.5
119.8
115.7
111.5
107.1
102.7
97.98
93.38
88.86
84.50
80.09
76.01
71.92
68.20
64.63
61.01
57.46
53.78
50.76
47.92
43.05
39.05
35.56
32.22
29.43
26.29
22.52
18.66
15.21
12.01
9.392
7.797
7.070
6.945
7.078
7.404
7.786
8.186
8.785
8.822
8.398
8.058
7.891
7.690
7.515
7.487
7.532
7.590
7.612
7.651
7.698
7.764
7.870
8.000
8.152
8.307
8.418
8.452
8.452
8.408
8.303
8.179
8.066
7.964
7.886
7.825
7.757
7.700
7.665
7.663
7.688
7.727
7.778
7.869
7.962
8.076
8.211
8.384
8.618
8.929
9.278
9.708
10.29
10.93
11.62
12.04
12.41
12.68
12.78
12.92
12.80
12.64
12.55
12.49
12.42
12.34
12.23
12.31
12.45
12.66
12.93
13.29
13.60
14.08
14.64
15.18
15.76
16.47
17.74
18.63
18.90
18.99
19.04
19.11
19.21
19.32
19.18
19.05
19.10
19.17
19.20
19.20
19.18
241.4
240.3
239.1
238.0
236.9
235.7
235.3
233.8
232.7
231.6
230.5
229.4
228.7
227.4
226.3
225.0
223.5
221.8
219.7
217.8
215.7
213.6
211.6
210.2
208.7
207.0
205.5
203.9
202.5
201.5
199.9
198.1
196.6
194.4
191.9
189.9
187.8
185.5
183.0
180.4
178.2
175.2
172.2
169.1
165.8
163.0
159.5
156.6
153.5
150.4
147.0
143.7
140.2
136.8
133.8
130.6
127.4
124.0
120.5
117.0
113.1
109.0
104.6
100.1
95.76
91.39
86.93
82.63
78.38
74.30
70.49
66.81
63.30
59.73
56.21
52.78
50.53
46.77
41.89
38.37
34.36
31.76
28.98
25.28
21.59
17.80
14.38
11.34
8.909
7.517
6.969
6.875
7.074
7.420
7.794
8.233
8.833
8.766
8.282
7.997
7.820
7.620
7.466
7.446
7.498
7.559
7.597
7.616
7.669
7.753
7.856
7.973
8.112
8.312
8.453
8.463
8.445
8.390
8.285
8.124
7.988
7.870
7.789
7.726
7.679
7.642
7.623
7.626
7.650
7.680
7.745
7.846
7.935
8.045
8.183
8.360
8.613
8.933
9.282
9.707
10.29
10.91
11.46
11.91
12.31
12.64
12.81
12.78
12.81
12.66
12.51
12.31
12.13
12.08
12.15
12.29
12.44
12.60
12.77
13.12
13.64
14.27
14.81
15.38
16.05
16.58
17.68
18.76
18.83
19.06
19.12
19.07
19.22
19.33
19.19
19.10
19.19
19.25
19.22
19.18
19.15
241.4
240.4
239.1
237.8
237.0
235.6
234.5
233.6
232.1
231.3
229.8
228.6
227.4
226.4
225.2
224.0
222.4
220.5
218.7
216.4
214.2
211.8
209.7
208.0
206.5
204.8
203.6
202.1
200.6
199.4
197.8
196.1
194.2
192.0
190.0
188.2
186.0
183.9
181.8
179.7
177.5
173.7
170.9
167.9
165.1
162.1
159.2
155.9
152.5
149.2
145.8
142.5
139.1
136.0
132.7
129.7
126.7
123.7
120.4
116.8
113.1
109.2
104.9
100.6
96.03
91.50
87.01
82.65
78.42
74.22
70.36
66.87
63.36
59.82
56.34
53.12
51.02
47.19
42.59
38.10
34.54
31.45
28.43
25.52
21.77
17.94
14.57
11.39
8.983
7.535
6.943
6.822
6.985
7.317
7.701
8.122
8.760
8.785
8.274
7.984
7.800
7.596
7.419
7.395
7.445
7.505
7.545
7.559
7.602
7.696
7.789
7.893
7.986
8.076
8.151
8.195
8.229
8.230
8.218
8.144
8.040
7.890
7.769
7.686
7.631
7.598
7.580
7.579
7.594
7.628
7.690
7.785
7.870
7.975
8.114
8.298
8.522
8.826
9.165
9.569
10.11
10.72
11.27
11.79
12.33
12.63
12.84
12.74
12.49
12.30
11.99
11.92
11.90
11.91
11.97
12.06
12.16
12.43
12.75
13.17
13.63
14.24
14.71
15.23
15.55
16.20
17.65
18.62
19.11
19.01
18.93
19.18
19.28
19.33
19.34
19.30
19.21
19.11
19.07
19.19
19.21
241.4
240.0
238.7
237.6
236.2
235.2
233.9
233.0
231.6
230.3
229.1
227.8
227.0
225.9
224.2
223.0
221.1
219.2
216.8
214.9
212.5
210.3
208.0
206.3
204.4
202.8
200.9
199.5
198.4
196.7
195.0
193.5
191.7
189.9
187.9
185.4
183.0
180.7
178.1
175.8
173.1
170.2
167.1
164.2
161.2
158.1
155.2
152.1
149.0
145.9
142.9
139.7
136.1
132.9
130.1
127.1
123.9
120.8
117.6
114.1
110.4
106.5
102.3
97.99
93.74
89.50
85.21
81.00
76.81
72.77
69.05
65.57
62.10
58.59
55.16
52.94
50.78
46.15
41.60
37.15
33.78
31.02
28.31
25.78
21.04
17.33
13.98
10.92
8.644
7.364
6.877
6.779
6.983
7.351
7.730
8.187
8.843
8.722
8.193
7.942
7.761
7.549
7.393
7.385
7.445
7.500
7.539
7.543
7.608
7.701
7.814
7.939
8.080
8.222
8.297
8.310
8.281
8.224
8.122
8.000
7.892
7.797
7.733
7.670
7.621
7.571
7.551
7.549
7.573
7.613
7.677
7.773
7.857
7.968
8.097
8.266
8.512
8.832
9.168
9.583
10.12
10.73
11.35
11.70
12.03
12.29
12.31
12.38
12.24
12.12
12.05
11.98
11.91
11.90
11.86
11.95
12.13
12.38
12.66
13.05
13.45
13.93
14.61
15.09
15.70
16.59
17.82
18.68
18.93
19.06
19.05
19.05
19.30
19.60
19.38
19.10
19.14
19.27
19.27
19.22
19.18
241.3
239.9
238.5
237.6
236.3
235.6
233.8
232.6
231.1
229.8
228.4
227.4
226.3
224.9
223.3
222.2
220.3
218.6
216.4
214.0
211.5
209.2
207.4
205.4
203.3
201.4
200.1
198.3
197.1
195.5
193.9
192.4
190.7
188.6
186.4
184.0
181.6
179.3
177.0
174.6
172.1
169.3
166.1
163.3
160.1
157.2
154.2
151.4
148.1
145.3
141.9
138.8
135.6
132.3
129.5
126.4
123.5
120.5
117.3
113.9
110.2
106.3
102.3
98.02
93.78
89.46
85.12
80.77
76.56
72.62
68.93
65.44
61.90
58.48
55.26
53.41
51.08
45.97
41.36
37.10
33.60
30.84
29.14
26.14
21.34
17.66
14.29
11.14
8.748
7.353
6.864
6.726
6.906
7.251
7.647
8.078
8.768
8.761
8.199
7.938
7.768
7.552
7.381
7.363
7.418
7.480
7.519
7.525
7.576
7.676
7.795
7.921
8.046
8.246
8.368
8.397
8.407
8.373
8.265
8.074
7.907
7.783
7.704
7.636
7.586
7.541
7.517
7.519
7.536
7.571
7.635
7.731
7.801
7.916
8.061
8.223
8.464
8.792
9.093
9.460
9.955
10.54
11.06
11.51
11.89
12.11
12.26
12.26
12.24
12.19
12.08
11.93
11.77
11.71
11.76
11.91
12.10
12.31
12.53
12.86
13.35
14.00
14.72
15.34
16.09
16.69
17.58
18.62
18.78
19.05
19.10
19.05
19.28
19.55
19.38
19.17
19.25
19.32
19.28
19.23
19.21
241.2
240.0
238.5
237.3
236.2
235.1
233.7
232.4
230.6
229.3
228.5
226.8
225.4
224.0
222.8
221.3
219.2
217.2
214.9
212.7
210.3
208.2
205.7
204.0
202.2
200.5
198.8
197.0
195.3
193.4
191.8
190.2
188.3
186.8
184.8
182.7
180.4
178.0
176.1
174.2
170.7
167.7
165.1
162.3
159.4
156.2
153.2
150.2
147.2
143.8
140.6
137.2
134.3
131.4
128.5
125.7
122.7
119.7
116.6
113.3
109.4
105.8
101.5
97.32
93.09
88.87
84.56
80.24
76.04
72.23
68.38
65.04
61.51
58.21
55.25
54.23
50.66
45.25
40.41
36.77
32.81
30.03
27.58
24.97
20.32
17.02
13.67
10.63
8.403
7.228
6.797
6.704
6.915
7.286
7.676
8.160
8.794
8.642
8.136
7.897
7.721
7.507
7.342
7.333
7.401
7.464
7.501
7.506
7.567
7.668
7.784
7.897
8.002
8.103
8.184
8.217
8.236
8.209
8.142
8.033
7.930
7.783
7.671
7.599
7.545
7.510
7.496
7.498
7.522
7.556
7.612
7.709
7.790
7.911
8.053
8.220
8.468
8.776
9.098
9.478
9.963
10.53
11.03
11.48
11.94
12.23
12.38
12.37
12.12
11.87
11.62
11.53
11.55
11.61
11.68
11.75
11.90
12.23
12.60
12.99
13.47
14.03
14.49
15.10
15.52
16.17
17.77
18.53
19.01
19.00
18.99
19.24
19.30
19.43
19.57
19.44
19.30
19.19
19.11
19.27
19.26
241.7
239.9
238.8
237.3
236.4
234.4
233.4
231.8
230.4
229.5
227.7
226.7
225.1
223.9
222.4
221.0
219.2
217.2
214.7
212.2
209.6
207.6
205.6
203.8
202.0
200.0
198.3
196.7
194.8
193.4
191.7
190.0
188.6
186.4
184.1
181.8
179.5
177.1
175.0
172.5
169.9
166.9
164.2
161.3
158.1
155.1
152.2
149.3
146.2
143.4
140.5
137.1
134.1
130.9
127.9
124.9
122.1
119.2
116.0
112.5
108.9
105.2
101.3
97.00
92.88
88.58
84.39
80.12
76.03
72.16
68.48
65.00
61.47
58.15
55.26
54.78
51.24
45.58
40.61
36.94
33.11
30.48
28.79
26.05
21.25
17.44
14.15
10.97
8.630
7.290
6.812
6.655
6.867
7.208
7.607
8.092
8.742
8.711
8.181
7.903
7.719
7.524
7.355
7.324
7.383
7.449
7.488
7.512
7.568
7.670
7.795
7.925
8.064
8.244
8.336
8.352
8.326
8.253
8.136
7.987
7.868
7.765
7.696
7.619
7.551
7.501
7.480
7.474
7.494
7.526
7.581
7.677
7.756
7.866
8.003
8.162
8.386
8.694
9.012
9.383
9.855
10.41
10.95
11.37
11.65
11.96
12.08
12.10
12.04
11.90
11.85
11.75
11.68
11.68
11.67
11.77
11.97
12.20
12.43
12.78
13.21
13.82
14.56
15.21
15.82
16.53
17.71
18.59
18.79
19.01
19.07
19.10
19.33
19.64
19.61
19.25
19.28
19.35
19.33
19.24
19.20
241.5
240.0
238.3
236.8
236.0
234.7
233.3
231.9
230.3
228.7
227.6
226.3
224.8
223.6
221.8
220.2
218.2
216.6
213.8
211.6
209.0
206.8
204.5
203.0
201.2
199.3
197.1
195.9
194.4
192.9
190.9
189.2
187.3
185.4
183.3
180.9
178.3
176.0
174.0
171.3
168.7
166.1
163.1
160.4
157.2
154.2
151.4
148.5
145.3
142.3
139.3
136.1
132.7
129.6
126.6
123.8
121.0
118.2
115.1
111.7
108.1
104.3
100.2
96.08
91.99
87.91
83.67
79.46
75.39
71.55
67.93
64.46
60.92
57.64
55.30
55.27
50.23
44.46
40.18
36.31
32.92
30.20
28.42
25.79
20.41
17.00
13.66
10.57
8.381
7.192
6.754
6.668
6.905
7.257
7.653
8.158
8.780
8.619
8.119
7.876
7.711
7.501
7.336
7.324
7.387
7.460
7.498
7.503
7.576
7.681
7.819
7.951
8.078
8.262
8.363
8.385
8.362
8.281
8.159
7.981
7.841
7.738
7.655
7.589
7.530
7.487
7.468
7.471
7.488
7.518
7.582
7.685
7.748
7.869
8.007
8.161
8.410
8.714
9.024
9.402
9.889
10.44
10.91
11.40
11.67
11.98
12.12
12.11
12.09
12.01
11.93
11.82
11.72
11.66
11.71
11.84
12.01
12.20
12.46
12.85
13.32
13.93
14.67
15.26
15.99
16.70
17.81
18.68
18.81
19.01
19.06
19.05
19.33
19.66
19.63
19.36
19.31
19.32
19.30
19.24
19.19
241.6
240.2
238.6
237.5
235.9
234.8
233.5
231.7
230.6
229.2
228.0
226.7
225.2
223.7
221.7
220.3
218.3
216.5
214.5
211.9
208.9
206.7
204.8
202.9
201.0
199.3
197.9
196.5
194.6
192.9
191.3
188.9
187.2
185.5
183.4
181.3
179.2
177.1
175.1
173.0
169.9
167.2
164.1
161.5
159.0
155.8
152.9
149.7
146.6
143.3
139.9
136.9
133.8
130.9
128.0
125.1
122.1
119.3
116.4
113.1
109.6
105.7
101.8
97.70
93.42
88.93
84.61
80.33
76.30
72.38
68.53
65.05
61.70
58.25
55.76
55.86
51.23
45.18
41.07
36.58
33.34
29.97
27.55
25.59
20.69
17.40
14.03
10.86
8.596
7.284
6.773
6.651
6.858
7.212
7.604
8.068
8.716
8.673
8.163
7.883
7.709
7.526
7.336
7.304
7.362
7.435
7.471
7.477
7.545
7.660
7.782
7.899
7.989
8.086
8.162
8.210
8.225
8.196
8.129
8.025
7.928
7.783
7.671
7.599
7.525
7.486
7.462
7.468
7.483
7.511
7.565
7.665
7.729
7.850
7.985
8.135
8.358
8.670
8.963
9.320
9.780
10.35
10.83
11.27
11.71
12.18
12.36
12.49
12.24
12.03
11.72
11.62
11.62
11.69
11.73
11.79
11.97
12.23
12.56
12.99
13.42
13.98
14.43
15.08
15.51
16.12
17.66
18.48
19.03
19.01
18.94
19.22
19.26
19.46
19.78
19.58
19.32
19.18
19.10
19.20
19.29
241.5
240.0
238.3
236.8
236.0
234.7
233.3
231.9
230.3
228.7
227.6
226.3
224.8
223.6
221.8
220.2
218.2
216.6
213.8
211.6
209.0
206.8
204.5
203.0
201.2
199.3
197.1
195.9
194.4
192.9
190.9
189.2
187.3
185.4
183.3
180.9
178.3
176.0
174.0
171.3
168.7
166.1
163.1
160.4
157.2
154.2
151.4
148.5
145.3
142.3
139.3
136.1
132.7
129.6
126.6
123.8
121.0
118.2
115.1
111.7
108.1
104.3
100.2
96.08
91.99
87.91
83.67
79.46
75.39
71.55
67.93
64.46
60.92
57.64
55.30
55.27
50.23
44.46
40.18
36.31
32.92
30.20
28.42
25.79
20.41
17.00
13.66
10.57
8.381
7.192
6.754
6.668
6.905
7.257
7.653
8.158
8.780
8.619
8.119
7.876
7.711
7.501
7.336
7.324
7.387
7.460
7.498
7.503
7.576
7.681
7.819
7.951
8.078
8.262
8.363
8.385
8.362
8.281
8.159
7.981
7.841
7.738
7.655
7.589
7.530
7.487
7.468
7.471
7.488
7.518
7.582
7.685
7.748
7.869
8.007
8.161
8.410
8.714
9.024
9.402
9.889
10.44
10.91
11.40
11.67
11.98
12.12
12.11
12.09
12.01
11.93
11.82
11.72
11.66
11.71
11.84
12.01
12.20
12.46
12.85
13.32
13.93
14.67
15.26
15.99
16.70
17.81
18.68
18.81
19.01
19.06
19.05
19.33
19.66
19.63
19.36
19.31
19.32
19.30
19.24
19.19
241.7
239.9
238.8
237.3
236.4
234.4
233.4
231.8
230.4
229.5
227.7
226.7
225.1
223.9
222.4
221.0
219.2
217.2
214.7
212.2
209.6
207.6
205.6
203.8
202.0
200.0
198.3
196.7
194.8
193.4
191.7
190.0
188.6
186.4
184.1
181.8
179.5
177.1
175.0
172.5
169.9
166.9
164.2
161.3
158.1
155.1
152.2
149.3
146.2
143.4
140.5
137.1
134.1
130.9
127.9
124.9
122.1
119.2
116.0
112.5
108.9
105.2
101.3
97.00
92.88
88.58
84.39
80.12
76.03
72.16
68.48
65.00
61.47
58.15
55.26
54.78
51.24
45.58
40.61
36.94
33.11
30.48
28.79
26.05
21.25
17.44
14.15
10.97
8.630
7.290
6.812
6.655
6.867
7.208
7.607
8.092
8.742
8.711
8.181
7.903
7.719
7.524
7.355
7.324
7.383
7.449
7.488
7.512
7.568
7.670
7.795
7.925
8.064
8.244
8.336
8.352
8.326
8.253
8.136
7.987
7.868
7.765
7.696
7.619
7.551
7.501
7.480
7.474
7.494
7.526
7.581
7.677
7.756
7.866
8.003
8.162
8.386
8.694
9.012
9.383
9.855
10.41
10.95
11.37
11.65
11.96
12.08
12.10
12.04
11.90
11.85
11.75
11.68
11.68
11.67
11.77
11.97
12.20
12.43
12.78
13.21
13.82
14.56
15.21
15.82
16.53
17.71
18.59
18.79
19.01
19.07
19.10
19.33
19.64
19.61
19.25
19.28
19.35
19.33
19.24
19.20
241.2
240.0
238.5
237.3
236.2
235.1
233.7
232.4
230.6
229.3
228.5
226.8
225.4
224.0
222.8
221.3
219.2
217.2
214.9
212.7
210.3
208.2
205.7
204.0
202.2
200.5
198.8
197.0
195.3
193.4
191.8
190.2
188.3
186.8
184.8
182.7
180.4
178.0
176.1
174.2
170.7
167.7
165.1
162.3
159.4
156.2
153.2
150.2
147.2
143.8
140.6
137.2
134.3
131.4
128.5
125.7
122.7
119.7
116.6
113.3
109.4
105.8
101.5
97.32
93.09
88.87
84.56
80.24
76.04
72.23
68.38
65.04
61.51
58.21
55.25
54.23
50.66
45.25
40.41
36.77
32.81
30.03
27.58
24.97
20.32
17.02
13.67
10.63
8.403
7.228
6.797
6.704
6.915
7.286
7.676
8.160
8.794
8.642
8.136
7.897
7.721
7.507
7.342
7.333
7.401
7.464
7.501
7.506
7.567
7.668
7.784
7.897
8.002
8.103
8.184
8.217
8.236
8.209
8.142
8.033
7.930
7.783
7.671
7.599
7.545
7.510
7.496
7.498
7.522
7.556
7.612
7.709
7.790
7.911
8.053
8.220
8.468
8.776
9.098
9.478
9.963
10.53
11.03
11.48
11.94
12.23
12.38
12.37
12.12
11.87
11.62
11.53
11.55
11.61
11.68
11.75
11.90
12.23
12.60
12.99
13.47
14.03
14.49
15.10
15.52
16.17
17.77
18.53
19.01
19.00
18.99
19.24
19.30
19.43
19.57
19.44
19.30
19.19
19.11
19.27
19.26
241.3
239.9
238.5
237.6
236.3
235.6
233.8
232.6
231.1
229.8
228.4
227.4
226.3
224.9
223.3
222.2
220.3
218.6
216.4
214.0
211.5
209.2
207.4
205.4
203.3
201.4
200.1
198.3
197.1
195.5
193.9
192.4
190.7
188.6
186.4
184.0
181.6
179.3
177.0
174.6
172.1
169.3
166.1
163.3
160.1
157.2
154.2
151.4
148.1
145.3
141.9
138.8
135.6
132.3
129.5
126.4
123.5
120.5
117.3
113.9
110.2
106.3
102.3
98.02
93.78
89.46
85.12
80.77
76.56
72.62
68.93
65.44
61.90
58.48
55.26
53.41
51.08
45.97
41.36
37.10
33.60
30.84
29.14
26.14
21.34
17.66
14.29
11.14
8.748
7.353
6.864
6.726
6.906
7.251
7.647
8.078
8.768
8.761
8.199
7.938
7.768
7.552
7.381
7.363
7.418
7.480
7.519
7.525
7.576
7.676
7.795
7.921
8.046
8.246
8.368
8.397
8.407
8.373
8.265
8.074
7.907
7.783
7.704
7.636
7.586
7.541
7.517
7.519
7.536
7.571
7.635
7.731
7.801
7.916
8.061
8.223
8.464
8.792
9.093
9.460
9.955
10.54
11.06
11.51
11.89
12.11
12.26
12.26
12.24
12.19
12.08
11.93
11.77
11.71
11.76
11.91
12.10
12.31
12.53
12.86
13.35
14.00
14.72
15.34
16.09
16.69
17.58
18.62
18.78
19.05
19.10
19.05
19.28
19.55
19.38
19.17
19.25
19.32
19.28
19.23
19.21
241.4
240.0
238.7
237.6
236.2
235.2
233.9
233.0
231.6
230.3
229.1
227.8
227.0
225.9
224.2
223.0
221.1
219.2
216.8
214.9
212.5
210.3
208.0
206.3
204.4
202.8
200.9
199.5
198.4
196.7
195.0
193.5
191.7
189.9
187.9
185.4
183.0
180.7
178.1
175.8
173.1
170.2
167.1
164.2
161.2
158.1
155.2
152.1
149.0
145.9
142.9
139.7
136.1
132.9
130.1
127.1
123.9
120.8
117.6
114.1
110.4
106.5
102.3
97.99
93.74
89.50
85.21
81.00
76.81
72.77
69.05
65.57
62.10
58.59
55.16
52.94
50.78
46.15
41.60
37.15
33.78
31.02
28.31
25.78
21.04
17.33
13.98
10.92
8.644
7.364
6.877
6.779
6.983
7.351
7.730
8.187
8.843
8.722
8.193
7.942
7.761
7.549
7.393
7.385
7.445
7.500
7.539
7.543
7.608
7.701
7.814
7.939
8.080
8.222
8.297
8.310
8.281
8.224
8.122
8.000
7.892
7.797
7.733
7.670
7.621
7.571
7.551
7.549
7.573
7.613
7.677
7.773
7.857
7.968
8.097
8.266
8.512
8.832
9.168
9.583
10.12
10.73
11.35
11.70
12.03
12.29
12.31
12.38
12.24
12.12
12.05
11.98
11.91
11.90
11.86
11.95
12.13
12.38
12.66
13.05
13.45
13.93
14.61
15.09
15.70
16.59
17.82
18.68
18.93
19.06
19.05
19.05
19.30
19.60
19.38
19.10
19.14
19.27
19.27
19.22
19.18
241.4
240.4
239.1
237.8
237.0
235.6
234.5
233.6
232.1
231.3
229.8
228.6
227.4
226.4
225.2
224.0
222.4
220.5
218.7
216.4
214.2
211.8
209.7
208.0
206.5
204.8
203.6
202.1
200.6
199.4
197.8
196.1
194.2
192.0
190.0
188.2
186.0
183.9
181.8
179.7
177.5
173.7
170.9
167.9
165.1
162.1
159.2
155.9
152.5
149.2
145.8
142.5
139.1
136.0
132.7
129.7
126.7
123.7
120.4
116.8
113.1
109.2
104.9
100.6
96.03
91.50
87.01
82.65
78.42
74.22
70.36
66.87
63.36
59.82
56.34
53.12
51.02
47.19
42.59
38.10
34.54
31.45
28.43
25.52
21.77
17.94
14.57
11.39
8.983
7.535
6.943
6.822
6.985
7.317
7.701
8.122
8.760
8.785
8.274
7.984
7.800
7.596
7.419
7.395
7.445
7.505
7.545
7.559
7.602
7.696
7.789
7.893
7.986
8.076
8.151
8.195
8.229
8.230
8.218
8.144
8.040
7.890
7.769
7.686
7.631
7.598
7.580
7.579
7.594
7.628
7.690
7.785
7.870
7.975
8.114
8.298
8.522
8.826
9.165
9.569
10.11
10.72
11.27
11.79
12.33
12.63
12.84
12.74
12.49
12.30
11.99
11.92
11.90
11.91
11.97
12.06
12.16
12.43
12.75
13.17
13.63
14.24
14.71
15.23
15.55
16.20
17.65
18.62
19.11
19.01
18.93
19.18
19.28
19.33
19.34
19.30
19.21
19.11
19.07
19.19
19.21
241.4
240.3
239.1
238.0
236.9
235.7
235.3
233.8
232.7
231.6
230.5
229.4
228.7
227.4
226.3
225.0
223.5
221.8
219.7
217.8
215.7
213.6
211.6
210.2
208.7
207.0
205.5
203.9
202.5
201.5
199.9
198.1
196.6
194.4
191.9
189.9
187.8
185.5
183.0
180.4
178.2
175.2
172.2
169.1
165.8
163.0
159.5
156.6
153.5
150.4
147.0
143.7
140.2
136.8
133.8
130.6
127.4
124.0
120.5
117.0
113.1
109.0
104.6
100.1
95.76
91.39
86.93
82.63
78.38
74.30
70.49
66.81
63.30
59.73
56.21
52.78
50.53
46.77
41.89
38.37
34.36
31.76
28.98
25.28
21.59
17.80
14.38
11.34
8.909
7.517
6.969
6.875
7.074
7.420
7.794
8.233
8.833
8.766
8.282
7.997
7.820
7.620
7.466
7.446
7.498
7.559
7.597
7.616
7.669
7.753
7.856
7.973
8.112
8.312
8.453
8.463
8.445
8.390
8.285
8.124
7.988
7.870
7.789
7.726
7.679
7.642
7.623
7.626
7.650
7.680
7.745
7.846
7.935
8.045
8.183
8.360
8.613
8.933
9.282
9.707
10.29
10.91
11.46
11.91
12.31
12.64
12.81
12.78
12.81
12.66
12.51
12.31
12.13
12.08
12.15
12.29
12.44
12.60
12.77
13.12
13.64
14.27
14.81
15.38
16.05
16.58
17.68
18.76
18.83
19.06
19.12
19.07
19.22
19.33
19.19
19.10
19.19
19.25
19.22
19.18
19.15
241.5
239.9
239.5
238.5
237.7
236.6
235.6
234.8
233.7
232.5
231.4
230.3
229.7
228.6
227.8
226.4
225.1
223.5
222.0
220.0
218.0
216.1
214.4
212.5
211.2
209.7
207.9
206.9
205.9
204.6
203.2
201.6
199.8
198.6
196.4
193.9
191.2
188.8
186.5
184.0
181.4
178.8
176.0
172.7
169.6
166.5
163.3
160.2
157.1
153.7
150.4
147.0
143.6
140.1
136.7
133.4
130.2
126.9
123.5
119.8
115.7
111.5
107.1
102.7
97.98
93.38
88.86
84.50
80.09
76.01
71.92
68.20
64.63
61.01
57.46
53.78
50.76
47.92
43.05
39.05
35.56
32.22
29.43
26.29
22.52
18.66
15.21
12.01
9.392
7.797
7.070
6.945
7.078
7.404
7.786
8.186
8.785
8.822
8.398
8.058
7.891
7.690
7.515
7.487
7.532
7.590
7.612
7.651
7.698
7.764
7.870
8.000
8.152
8.307
8.418
8.452
8.452
8.408
8.303
8.179
8.066
7.964
7.886
7.825
7.757
7.700
7.665
7.663
7.688
7.727
7.778
7.869
7.962
8.076
8.211
8.384
8.618
8.929
9.278
9.708
10.29
10.93
11.62
12.04
12.41
12.68
12.78
12.92
12.80
12.64
12.55
12.49
12.42
12.34
12.23
12.31
12.45
12.66
12.93
13.29
13.60
14.08
14.64
15.18
15.76
16.47
17.74
18.63
18.90
18.99
19.04
19.11
19.21
19.32
19.18
19.05
19.10
19.17
19.20
19.20
19.18
241.0
240.2
239.4
238.5
237.5
236.7
236.0
235.3
234.3
233.0
232.5
231.6
230.8
229.9
229.0
227.9
226.8
225.3
223.7
221.8
219.9
218.2
216.6
215.1
213.6
212.5
211.2
210.3
209.1
207.7
206.5
204.8
203.2
201.4
199.7
197.7
195.6
193.3
191.4
188.9
186.6
183.0
180.0
177.0
173.9
171.1
167.8
164.3
160.9
157.1
153.4
150.0
146.5
143.1
139.8
136.5
133.3
129.7
125.8
122.1
117.8
113.6
109.1
104.3
99.53
95.09
90.61
85.97
81.49
77.19
73.09
69.21
65.60
61.89
58.09
54.37
51.02
47.81
43.62
39.09
35.73
32.09
29.41
25.98
22.35
18.51
14.99
11.88
9.277
7.772
7.093
7.007
7.160
7.511
7.871
8.294
8.820
8.796
8.390
8.082
7.907
7.710
7.549
7.521
7.561
7.623
7.662
7.693
7.746
7.825
7.915
8.022
8.119
8.216
8.324
8.410
8.481
8.518
8.436
8.289
8.117
7.978
7.866
7.800
7.753
7.719
7.706
7.706
7.733
7.777
7.847
7.924
8.022
8.134
8.282
8.460
8.712
9.018
9.390
9.829
10.42
11.06
11.68
12.31
12.83
13.17
13.42
13.26
13.08
12.85
12.57
12.45
12.45
12.46
12.47
12.49
12.56
12.81
13.10
13.46
13.82
14.43
14.96
15.49
15.78
16.39
17.89
18.76
19.16
19.02
18.94
19.15
19.15
19.15
19.22
19.23
19.16
19.04
19.07
19.17
19.22
241.4
240.3
239.7
239.1
238.2
237.4
237.0
236.2
235.3
234.4
233.7
232.9
232.3
231.9
230.7
230.0
228.8
227.3
225.9
224.3
222.1
220.5
219.2
217.9
216.9
215.9
215.2
214.2
213.0
211.7
210.5
209.3
207.4
205.6
204.0
202.1
200.2
197.3
195.1
192.6
190.2
187.4
184.3
181.2
177.9
174.8
171.4
168.2
164.7
161.5
158.1
154.3
150.7
147.1
143.4
140.0
136.7
133.0
129.3
125.2
121.0
116.6
112.0
107.3
102.4
97.54
92.81
88.12
83.61
79.22
75.03
71.10
67.35
63.61
59.75
55.79
52.07
48.72
44.83
40.81
36.79
34.02
30.56
26.96
23.37
19.58
15.89
12.64
9.839
8.127
7.245
7.100
7.213
7.517
7.894
8.261
8.772
8.843
8.502
8.184
7.969
7.774
7.614
7.561
7.609
7.658
7.692
7.728
7.780
7.849
7.943
8.039
8.194
8.360
8.497
8.560
8.582
8.566
8.451
8.288
8.129
8.003
7.924
7.861
7.809
7.777
7.756
7.747
7.767
7.806
7.883
7.961
8.049
8.162
8.311
8.481
8.713
9.003
9.375
9.807
10.42
11.11
11.75
12.27
12.82
13.15
13.35
13.37
13.37
13.17
12.99
12.83
12.62
12.55
12.59
12.68
12.82
12.96
13.13
13.46
13.88
14.37
14.78
15.22
15.85
16.58
17.73
18.92
19.01
19.14
19.19
19.05
19.11
19.18
19.07
19.10
19.20
19.24
19.25
19.19
19.16
241.4
240.2
239.7
239.1
238.4
237.9
237.4
236.7
236.3
235.7
235.1
234.1
233.8
233.2
232.3
231.7
230.6
229.7
228.4
227.0
225.1
223.5
222.4
221.4
220.6
219.7
218.5
217.7
216.8
215.9
215.1
214.1
212.6
211.0
209.0
207.5
204.8
202.7
200.5
197.9
195.6
192.7
189.4
186.3
182.9
179.8
176.6
173.1
169.5
166.1
162.4
158.7
154.7
151.0
147.4
144.1
140.6
137.0
133.0
128.8
124.3
119.7
115.1
110.1
105.0
100.00
95.18
90.37
85.62
81.07
76.85
72.70
68.79
64.95
60.97
56.87
52.83
49.24
45.36
41.47
37.48
34.46
30.95
27.43
23.45
19.63
15.90
12.58
9.833
8.141
7.313
7.194
7.311
7.640
7.990
8.400
8.841
8.850
8.511
8.218
8.000
7.801
7.660
7.611
7.657
7.698
7.723
7.773
7.822
7.884
7.959
8.055
8.176
8.296
8.383
8.419
8.407
8.369
8.289
8.206
8.117
8.051
7.981
7.928
7.867
7.814
7.793
7.790
7.814
7.860
7.927
8.015
8.104
8.217
8.351
8.517
8.764
9.069
9.470
9.944
10.58
11.32
12.09
12.59
13.06
13.31
13.38
13.49
13.30
13.13
12.99
12.86
12.78
12.69
12.63
12.72
12.90
13.13
13.39
13.69
13.95
14.34
14.93
15.51
16.12
16.95
18.06
18.96
19.19
19.12
19.03
18.99
19.11
19.22
19.13
19.10
19.13
19.21
19.26
19.28
19.28
241.5
240.6
240.2
239.5
238.8
238.4
237.9
237.8
237.3
236.8
236.3
236.0
235.5
235.0
234.7
234.1
233.3
232.5
231.1
229.6
228.4
226.7
225.7
225.1
224.5
223.7
223.0
222.2
221.8
221.1
220.1
219.2
217.9
216.8
215.5
214.2
212.5
210.2
208.4
207.2
204.1
200.5
197.5
194.7
191.6
188.3
184.5
181.1
177.6
174.0
169.8
165.4
161.6
157.9
154.5
150.8
147.3
143.5
139.6
135.2
130.5
125.7
120.7
115.4
110.1
104.9
99.48
94.37
89.25
84.40
79.86
75.54
71.51
67.52
63.36
59.14
54.96
50.98
47.18
42.99
39.30
35.68
32.12
28.38
24.43
20.66
16.77
13.36
10.44
8.548
7.514
7.285
7.339
7.636
7.988
8.367
8.785
8.914
8.595
8.343
8.069
7.859
7.707
7.651
7.688
7.720
7.763
7.795
7.843
7.888
7.959
8.036
8.117
8.186
8.252
8.332
8.395
8.471
8.469
8.412
8.265
8.123
8.004
7.934
7.877
7.844
7.824
7.830
7.857
7.897
7.967
8.042
8.140
8.247
8.378
8.539
8.766
9.059
9.441
9.885
10.50
11.23
11.92
12.63
13.25
13.70
14.03
13.84
13.63
13.44
13.16
12.96
12.88
12.88
12.90
12.93
12.94
13.15
13.42
13.78
14.18
14.63
15.08
15.56
16.14
16.86
17.99
18.92
19.28
19.06
18.88
18.98
19.05
19.07
19.16
19.30
19.26
19.20
19.15
19.25
19.31
241.3
240.8
240.4
239.8
239.5
239.1
238.7
238.4
237.8
237.7
237.7
237.5
237.1
236.9
236.8
235.7
235.4
234.7
233.8
232.5
230.8
230.4
229.4
228.5
228.3
227.7
227.2
226.8
226.3
225.9
225.3
224.9
224.0
222.7
221.1
219.1
217.2
215.0
213.0
210.9
208.6
205.5
202.5
199.7
196.4
192.9
189.4
185.7
182.2
178.3
174.6
170.7
166.7
162.3
158.9
155.4
151.4
147.5
143.5
138.7
133.6
128.3
123.2
117.7
112.5
106.8
101.7
96.37
91.03
86.38
81.78
77.33
73.21
68.98
64.67
60.25
55.89
51.77
47.54
43.73
39.63
36.24
33.04
29.09
24.96
20.97
16.89
13.49
10.52
8.559
7.594
7.398
7.440
7.749
8.096
8.524
8.852
8.909
8.637
8.396
8.108
7.926
7.788
7.725
7.748
7.788
7.824
7.868
7.910
7.963
8.019
8.111
8.241
8.411
8.544
8.601
8.600
8.600
8.510
8.365
8.209
8.093
8.007
7.955
7.925
7.899
7.871
7.880
7.920
7.947
8.026
8.100
8.196
8.304
8.423
8.585
8.822
9.130
9.535
10.02
10.71
11.53
12.23
12.72
13.24
13.50
13.68
13.76
13.72
13.58
13.44
13.23
13.03
12.94
12.95
13.06
13.20
13.29
13.49
13.86
14.41
14.80
15.26
15.84
16.41
16.92
17.90
18.93
18.96
19.10
19.08
18.89
18.98
19.08
19.06
19.11
19.26
19.31
19.34
19.32
19.30
241.7
241.2
240.9
240.5
239.8
239.7
240.0
239.8
239.5
239.3
238.9
238.8
239.1
238.8
238.5
238.6
238.2
237.3
236.3
235.7
234.9
234.1
233.4
232.7
232.8
232.3
231.7
231.9
231.5
231.0
231.0
230.4
229.6
228.3
227.0
225.6
224.2
222.5
220.0
217.8
215.8
212.9
210.1
207.0
203.7
200.4
197.5
194.1
190.4
186.6
182.6
178.8
174.7
170.7
166.8
162.8
159.0
154.9
150.4
145.7
140.3
135.1
129.7
123.9
118.4
112.6
106.9
101.3
95.94
90.77
85.72
81.01
76.42
72.17
67.70
63.15
58.57
54.18
50.16
45.53
41.72
37.98
34.34
30.49
26.46
22.44
18.06
14.47
11.26
9.055
7.823
7.509
7.505
7.788
8.124
8.522
8.864
9.015
8.723
8.540
8.204
8.013
7.881
7.791
7.798
7.831
7.875
7.923
7.981
8.026
8.084
8.155
8.280
8.380
8.476
8.546
8.577
8.538
8.452
8.345
8.241
8.168
8.109
8.062
8.009
7.956
7.928
7.927
7.949
7.995
8.067
8.133
8.240
8.340
8.454
8.617
8.827
9.122
9.523
9.994
10.64
11.43
12.29
13.01
13.50
13.67
13.67
13.70
13.59
13.47
13.35
13.28
13.22
13.13
13.04
13.08
13.20
13.43
13.75
14.01
14.28
14.75
15.33
15.92
16.43
17.06
17.97
18.81
19.04
18.94
18.93
18.87
18.92
18.98
19.09
19.12
19.19
19.26
19.34
19.39
19.42
241.3
241.0
240.9
240.9
240.7
240.4
240.6
240.7
240.6
240.3
240.5
240.3
240.7
241.1
241.0
240.8
240.5
240.4
239.9
238.7
238.0
237.6
237.0
236.4
236.5
236.8
236.9
236.9
237.0
236.9
236.6
236.2
235.9
234.9
233.8
232.8
231.5
230.2
230.5
229.2
227.5
222.0
218.6
216.1
212.9
209.6
206.8
203.4
199.1
195.2
191.1
187.1
182.9
178.6
174.8
170.9
167.0
162.8
158.1
152.9
147.5
141.7
136.0
129.7
123.8
117.7
111.6
105.5
99.94
94.51
89.39
84.37
79.53
74.89
70.20
65.43
60.62
55.83
51.50
46.88
42.68
38.92
34.66
30.72
26.82
22.49
18.17
14.57
11.28
9.093
7.882
7.615
7.636
7.907
8.232
8.707
8.963
9.040
8.790
8.608
8.259
8.085
7.934
7.848
7.859
7.911
7.953
8.007
8.048
8.094
8.141
8.189
8.268
8.341
8.426
8.513
8.574
8.624
8.618
8.549
8.420
8.266
8.152
8.067
8.020
7.988
7.967
7.981
8.012
8.066
8.137
8.204
8.302
8.403
8.506
8.660
8.874
9.151
9.513
9.932
10.57
11.37
12.23
13.02
13.70
14.29
14.49
14.25
14.00
13.75
13.48
13.35
13.31
13.29
13.31
13.34
13.36
13.56
13.82
14.19
14.62
15.13
15.65
16.16
16.53
17.01
18.17
18.80
18.91
18.77
18.65
18.84
18.87
18.88
19.04
19.22
19.27
19.22
19.25
19.36
19.44
241.5
241.0
241.1
240.8
241.0
241.0
241.0
241.3
241.5
241.8
241.5
242.2
242.6
242.8
243.0
243.1
243.1
243.2
242.7
242.0
241.5
241.1
240.6
240.6
240.6
241.2
241.4
241.6
241.6
242.4
242.7
242.5
242.2
242.1
240.6
239.2
237.9
236.3
235.0
233.2
230.7
227.8
225.0
222.4
219.6
216.5
213.0
209.7
205.9
202.4
198.3
194.4
190.5
186.3
182.2
178.3
174.4
170.0
165.2
159.9
154.0
148.2
142.4
136.1
130.0
123.4
117.3
111.1
104.9
99.15
93.59
88.24
83.33
78.46
73.47
68.42
63.48
58.43
53.74
49.31
44.82
41.04
36.81
32.82
28.62
24.32
19.63
15.75
12.12
9.673
8.182
7.747
7.712
7.961
8.282
8.675
9.061
9.179
8.911
8.790
8.409
8.204
8.049
7.928
7.947
7.989
8.043
8.077
8.134
8.168
8.214
8.281
8.376
8.527
8.688
8.753
8.760
8.767
8.699
8.571
8.419
8.298
8.199
8.130
8.087
8.059
8.034
8.028
8.047
8.100
8.173
8.230
8.332
8.415
8.523
8.671
8.856
9.092
9.420
9.838
10.43
11.18
12.08
12.84
13.53
13.76
13.93
14.08
14.05
13.91
13.74
13.51
13.29
13.26
13.34
13.44
13.57
13.72
13.92
14.27
14.75
15.21
15.55
15.93
16.37
17.01
17.82
18.74
18.78
18.74
18.74
18.59
18.73
18.88
18.95
19.03
19.19
19.34
19.39
19.41
19.42
241.7
241.1
241.3
241.2
241.5
241.8
242.3
242.6
242.3
243.2
243.5
244.1
244.4
243.9
244.9
245.3
245.6
245.6
245.3
244.9
244.7
244.5
244.7
245.0
245.2
245.8
246.3
246.8
247.3
247.3
247.9
248.0
247.7
247.8
246.6
245.4
244.6
242.7
241.6
239.5
237.8
235.4
232.8
230.0
226.7
223.2
220.4
217.5
214.1
209.7
205.7
202.2
198.0
193.7
189.8
185.7
181.6
177.1
172.3
166.9
161.0
155.1
148.6
142.2
135.8
129.2
122.4
115.6
109.2
103.2
97.27
91.74
86.64
81.55
76.26
70.92
65.69
60.50
55.49
50.68
46.20
42.19
38.02
33.86
29.30
24.74
20.00
15.93
12.17
9.723
8.256
7.904
7.870
8.113
8.409
8.888
9.247
9.258
9.020
8.861
8.473
8.286
8.119
8.015
8.035
8.091
8.133
8.168
8.211
8.236
8.297
8.348
8.463
8.538
8.639
8.738
8.733
8.693
8.597
8.500
8.409
8.333
8.279
8.233
8.171
8.119
8.092
8.086
8.125
8.168
8.238
8.314
8.406
8.478
8.580
8.706
8.883
9.111
9.411
9.798
10.35
11.11
11.97
12.78
13.55
14.08
14.23
14.08
13.91
13.71
13.56
13.49
13.46
13.37
13.34
13.45
13.60
13.83
14.14
14.45
14.71
15.08
15.59
16.17
16.73
17.37
18.15
18.76
18.92
18.65
18.52
18.50
18.58
18.80
18.97
19.02
19.10
19.21
19.32
19.43
19.50
