SALVI
1
0
72
5.00
181
1.00
260105 ICON 2x2 5050 350mA F4MC PMMA SC
ICON 2x2 5050 F4MC PMMA SC

260105 ICON 2x2 5050 350mA F4MC PMMA SC.ldt
28 Gener 2026/TB
570
0
235
360
0
0
0
0
0
96.2
100.0
1.000
0.0
1
1
24 LEDs 5050
3924.1
3000
70
25.9
0.135
0.227
0.329
0.417
0.481
0.585
0.642
0.696
0.759
0.798
0.0
5.0
10.0
15.0
20.0
25.0
30.0
35.0
40.0
45.0
50.0
55.0
60.0
65.0
70.0
75.0
80.0
85.0
90.0
95.0
100.0
105.0
110.0
115.0
120.0
125.0
130.0
135.0
140.0
145.0
150.0
155.0
160.0
165.0
170.0
175.0
180.0
185.0
190.0
195.0
200.0
205.0
210.0
215.0
220.0
225.0
230.0
235.0
240.0
245.0
250.0
255.0
260.0
265.0
270.0
275.0
280.0
285.0
290.0
295.0
300.0
305.0
310.0
315.0
320.0
325.0
330.0
335.0
340.0
345.0
350.0
355.0
0.0
1.0
2.0
3.0
4.0
5.0
6.0
7.0
8.0
9.0
10.0
11.0
12.0
13.0
14.0
15.0
16.0
17.0
18.0
19.0
20.0
21.0
22.0
23.0
24.0
25.0
26.0
27.0
28.0
29.0
30.0
31.0
32.0
33.0
34.0
35.0
36.0
37.0
38.0
39.0
40.0
41.0
42.0
43.0
44.0
45.0
46.0
47.0
48.0
49.0
50.0
51.0
52.0
53.0
54.0
55.0
56.0
57.0
58.0
59.0
60.0
61.0
62.0
63.0
64.0
65.0
66.0
67.0
68.0
69.0
70.0
71.0
72.0
73.0
74.0
75.0
76.0
77.0
78.0
79.0
80.0
81.0
82.0
83.0
84.0
85.0
86.0
87.0
88.0
89.0
90.0
91.0
92.0
93.0
94.0
95.0
96.0
97.0
98.0
99.0
100.0
101.0
102.0
103.0
104.0
105.0
106.0
107.0
108.0
109.0
110.0
111.0
112.0
113.0
114.0
115.0
116.0
117.0
118.0
119.0
120.0
121.0
122.0
123.0
124.0
125.0
126.0
127.0
128.0
129.0
130.0
131.0
132.0
133.0
134.0
135.0
136.0
137.0
138.0
139.0
140.0
141.0
142.0
143.0
144.0
145.0
146.0
147.0
148.0
149.0
150.0
151.0
152.0
153.0
154.0
155.0
156.0
157.0
158.0
159.0
160.0
161.0
162.0
163.0
164.0
165.0
166.0
167.0
168.0
169.0
170.0
171.0
172.0
173.0
174.0
175.0
176.0
177.0
178.0
179.0
180.0
122.3
121.6
122.8
123.1
123.6
125.5
125.8
129.1
129.8
130.8
132.3
134.3
136.7
139.1
142.7
145.5
149.4
151.8
153.5
155.9
157.7
160.6
163.2
168.0
171.1
178.9
185.9
192.1
195.8
201.8
209.1
213.0
219.9
226.3
228.5
236.6
236.4
240.0
252.9
321.2
266.0
260.7
269.5
275.7
279.6
281.5
284.9
286.0
289.1
288.4
286.4
283.1
285.5
285.1
284.6
284.2
280.7
274.1
265.6
253.6
242.4
230.9
213.5
193.8
182.5
165.0
145.6
128.1
111.3
99.12
79.85
67.12
56.93
45.54
36.24
28.50
22.37
17.71
13.86
11.28
9.574
8.293
7.251
6.508
5.847
5.120
4.302
3.767
3.442
3.255
3.220
3.242
3.301
3.369
3.435
3.454
3.395
3.309
3.253
3.208
3.148
3.114
3.088
3.071
3.064
3.060
3.045
3.016
2.996
2.973
2.946
2.916
2.881
2.868
2.871
3.040
3.672
3.241
3.225
3.622
3.764
3.534
3.215
3.183
3.180
3.169
3.178
3.189
3.216
3.253
3.285
3.350
3.389
3.412
3.451
3.485
3.563
3.699
3.784
3.899
4.292
7.071
9.322
10.92
13.75
18.01
24.79
26.29
25.92
20.74
17.75
17.40
17.74
18.46
18.73
18.87
19.38
19.95
20.44
20.94
22.11
22.80
23.62
25.16
25.39
24.81
26.26
26.03
26.41
27.46
25.44
24.23
24.19
24.51
24.78
25.03
25.36
25.83
25.92
26.06
26.21
121.8
121.7
122.6
123.0
123.7
125.6
126.3
128.2
130.1
131.3
133.4
135.4
137.6
140.2
144.5
147.4
150.8
155.0
157.2
158.5
161.2
164.7
168.3
173.9
177.2
182.0
190.0
196.6
201.2
207.2
214.6
221.2
225.0
232.5
241.9
240.5
241.2
247.1
253.2
259.0
265.9
268.5
272.6
274.3
275.4
281.9
284.3
290.2
292.3
294.7
297.7
299.9
300.0
302.7
307.9
311.0
311.8
317.1
310.0
305.3
299.4
293.1
283.4
274.4
260.2
241.7
227.3
208.4
186.9
165.7
144.6
123.5
103.1
82.30
66.57
50.27
38.71
28.96
20.90
15.72
12.46
10.29
8.506
7.558
6.784
5.915
4.884
4.204
3.766
3.542
3.484
3.511
3.566
3.640
3.708
3.727
3.654
3.565
3.508
3.458
3.394
3.350
3.320
3.310
3.299
3.284
3.264
3.229
3.215
3.209
3.181
3.147
3.122
3.164
3.768
3.668
3.493
3.506
3.407
3.313
3.213
3.308
3.638
3.475
3.372
3.344
3.337
3.356
3.377
3.407
3.432
3.494
3.520
3.548
3.583
3.612
3.677
3.809
3.888
3.983
4.219
6.213
13.41
17.12
15.42
13.04
10.93
12.92
19.58
24.76
25.55
22.41
15.66
13.68
13.53
13.89
14.71
15.42
15.61
15.56
15.71
15.51
16.07
16.13
16.77
17.98
18.69
19.30
18.77
18.18
17.53
17.19
18.57
19.05
19.51
20.73
21.75
22.36
22.76
23.22
24.08
122.1
121.8
123.0
123.7
124.5
125.9
127.3
129.3
131.0
132.6
133.9
137.3
140.3
142.8
146.5
150.4
154.7
158.3
159.9
162.7
165.2
167.8
172.9
176.7
182.9
189.4
194.7
199.9
204.3
212.0
219.7
226.9
229.1
236.3
250.5
249.9
250.9
256.6
259.1
269.3
267.7
281.2
279.5
280.4
283.9
288.8
292.8
298.4
302.4
308.0
311.9
310.4
315.5
318.7
317.3
325.8
327.4
336.9
331.9
326.8
321.5
318.2
309.2
304.4
291.2
277.0
264.3
247.4
228.9
203.2
185.3
164.0
139.3
119.2
93.98
75.62
59.64
43.71
30.46
21.28
15.54
12.16
9.856
8.389
7.433
6.471
5.103
4.482
3.966
3.737
3.700
3.721
3.769
3.853
3.923
3.938
3.847
3.761
3.702
3.643
3.570
3.528
3.503
3.498
3.474
3.449
3.419
3.374
3.357
3.323
3.277
3.244
3.227
3.533
3.527
3.524
3.579
3.798
4.253
3.799
3.358
3.320
3.363
3.405
3.424
3.439
3.449
3.464
3.492
3.528
3.560
3.626
3.640
3.666
3.695
3.735
3.833
3.936
4.033
4.133
4.394
6.887
9.366
19.39
24.47
16.48
11.15
9.695
10.17
12.01
16.31
19.05
19.59
18.62
14.89
14.15
14.06
13.79
13.41
13.54
13.49
13.89
14.01
14.38
15.10
15.44
16.11
17.49
18.77
18.18
16.37
16.32
17.13
18.56
19.04
19.42
20.47
21.99
22.56
22.99
23.83
121.8
121.9
123.0
124.2
125.3
127.8
128.4
129.3
131.3
134.6
136.0
138.0
140.6
145.2
148.0
152.9
157.1
161.2
162.7
164.9
166.4
172.7
176.5
179.5
184.7
191.5
196.2
201.4
209.7
214.5
219.4
226.8
232.2
238.3
249.3
255.7
254.4
256.5
270.3
320.8
281.4
277.3
293.8
299.5
304.5
307.6
311.5
315.0
318.4
320.8
321.3
323.9
332.8
336.3
343.7
346.0
353.0
361.2
356.6
354.6
352.8
351.9
346.3
332.7
319.8
312.1
295.2
270.5
251.4
237.9
210.0
194.8
170.8
146.8
122.8
95.78
73.50
54.66
39.97
28.98
20.02
15.09
11.44
9.478
8.166
6.876
5.475
4.769
4.199
3.941
3.891
3.912
3.960
4.032
4.108
4.117
4.021
3.916
3.858
3.787
3.712
3.668
3.640
3.619
3.597
3.573
3.541
3.496
3.457
3.422
3.379
3.344
3.303
3.281
3.300
3.621
4.038
3.830
3.960
4.445
4.158
3.653
3.510
3.541
3.555
3.563
3.585
3.607
3.633
3.668
3.701
3.768
3.793
3.810
3.843
3.879
3.953
4.068
4.139
4.248
4.881
8.668
10.17
10.14
13.46
23.94
23.83
15.26
11.27
9.895
10.41
11.61
13.01
14.36
15.62
14.54
13.02
13.10
13.34
13.54
13.49
13.71
13.70
14.38
14.56
14.89
15.87
16.09
17.28
18.16
15.72
15.79
16.18
16.92
18.48
19.32
19.98
20.74
22.22
22.88
23.56
121.9
122.5
123.1
124.8
126.2
128.3
129.0
130.2
132.8
136.5
137.6
140.5
144.7
147.4
149.9
155.5
159.5
162.3
166.0
169.1
171.0
174.6
178.8
182.7
187.6
193.6
200.7
205.9
212.7
219.0
223.5
231.0
239.6
242.5
247.7
252.5
255.7
262.8
267.4
275.4
277.0
281.5
286.9
288.0
297.3
299.9
303.3
308.4
315.3
316.3
323.7
327.0
330.7
335.3
342.2
351.1
354.8
357.2
356.5
360.5
356.7
353.4
346.1
341.3
331.0
317.1
304.2
287.7
266.8
251.3
232.5
207.9
182.8
153.7
127.2
96.82
73.90
55.57
37.24
26.97
19.77
15.08
11.64
9.926
8.525
7.205
5.617
4.990
4.357
4.134
4.072
4.103
4.167
4.246
4.342
4.334
4.206
4.121
4.048
3.965
3.887
3.842
3.825
3.825
3.782
3.739
3.689
3.643
3.613
3.608
3.575
3.529
3.506
3.834
3.971
3.796
3.802
3.804
3.724
3.601
3.557
3.980
3.890
3.836
3.728
3.695
3.700
3.732
3.766
3.801
3.834
3.904
3.914
3.943
3.972
4.012
4.117
4.217
4.292
4.375
4.850
9.838
15.39
13.31
9.894
8.177
13.23
21.99
22.03
17.83
14.43
12.60
11.67
11.46
12.29
13.47
14.06
13.25
13.49
13.46
13.39
13.94
14.24
14.32
14.52
15.19
16.19
16.59
16.98
16.46
14.37
15.01
15.74
16.38
17.18
18.33
19.71
20.49
21.41
22.15
23.56
122.1
121.9
123.3
125.0
126.4
127.9
129.8
131.1
134.6
136.5
138.1
142.9
145.0
149.0
152.3
156.0
160.4
164.2
167.6
171.7
173.9
176.3
180.6
183.8
188.9
195.5
201.8
207.6
212.4
218.5
224.5
231.4
238.3
242.9
253.1
252.9
254.0
262.5
264.7
269.0
283.4
284.2
289.4
292.8
298.4
301.9
305.9
314.5
319.1
324.2
331.0
334.0
337.3
343.1
353.0
362.2
369.1
378.4
380.9
378.2
379.1
380.2
376.2
374.3
366.1
357.6
345.0
330.9
314.4
290.0
267.7
243.1
212.1
177.9
143.7
109.5
80.13
56.60
39.30
28.01
20.06
15.40
11.99
10.13
9.011
7.622
5.951
5.264
4.553
4.301
4.249
4.279
4.332
4.424
4.532
4.517
4.412
4.300
4.222
4.135
4.054
4.002
4.010
3.979
3.936
3.892
3.824
3.776
3.753
3.705
3.643
3.612
3.621
3.976
3.890
3.895
3.981
4.490
5.079
4.427
3.755
3.671
3.730
3.781
3.805
3.825
3.843
3.877
3.907
3.948
3.978
4.055
4.063
4.091
4.120
4.144
4.248
4.368
4.467
4.557
5.151
9.543
12.57
16.83
17.09
11.06
8.324
8.302
10.46
14.99
17.18
16.19
14.77
13.32
12.37
12.06
12.32
12.81
12.69
12.68
12.78
12.96
13.10
13.77
14.00
14.02
14.49
16.03
16.89
16.94
14.22
14.00
14.92
16.17
16.91
17.43
18.34
20.25
21.11
22.00
23.00
122.4
123.0
124.3
125.3
127.5
128.9
130.7
132.3
134.4
138.3
140.4
144.2
147.3
150.9
154.6
158.7
162.5
166.0
170.3
170.8
174.3
177.6
182.4
186.7
191.2
195.9
201.5
208.0
214.2
218.5
226.3
229.0
237.2
240.0
248.0
260.2
260.6
260.1
280.8
283.8
284.6
297.5
298.4
310.0
313.7
322.7
331.1
335.6
345.0
346.1
352.0
356.8
364.2
376.2
384.9
394.3
404.8
412.1
415.3
423.3
424.0
427.9
424.8
414.6
411.7
411.3
401.9
381.1
357.7
326.0
300.6
273.3
235.2
191.9
155.3
117.2
85.76
65.42
45.18
29.01
20.07
14.95
11.93
10.29
9.096
7.648
5.891
5.321
4.626
4.420
4.412
4.446
4.519
4.595
4.703
4.650
4.520
4.432
4.347
4.255
4.190
4.134
4.113
4.085
4.050
4.001
3.948
3.891
3.849
3.798
3.754
3.716
3.668
3.643
3.706
4.332
4.361
4.339
4.457
4.286
4.317
4.265
4.007
3.950
3.942
3.956
3.988
4.020
4.059
4.101
4.141
4.189
4.213
4.233
4.257
4.300
4.427
4.518
4.606
4.887
7.703
10.41
12.14
14.77
14.31
18.96
16.75
12.19
10.41
9.566
10.94
13.01
14.33
13.81
13.27
12.01
12.13
12.50
12.58
12.83
13.00
13.10
13.86
14.19
14.53
14.48
14.49
15.22
17.15
16.65
13.87
13.92
14.10
15.02
17.05
17.55
18.42
19.12
20.82
22.01
23.12
122.0
122.4
124.1
124.8
126.9
129.6
131.5
133.1
135.9
138.2
141.4
145.7
149.3
152.9
156.2
159.8
163.8
166.2
171.7
172.7
175.3
178.9
182.3
188.1
190.8
196.1
200.8
206.5
213.5
220.8
224.4
229.6
237.2
246.1
249.4
252.8
255.4
264.1
269.0
278.0
283.2
288.2
296.2
303.9
311.6
322.3
332.4
343.8
353.2
363.5
373.8
380.8
391.3
396.8
406.5
423.9
434.4
438.5
439.7
437.7
441.1
437.9
442.0
437.6
426.9
416.0
406.2
388.2
368.0
339.1
304.9
275.8
237.8
195.5
158.0
120.6
85.22
58.15
41.20
29.69
21.44
16.67
13.39
11.46
10.17
8.363
6.272
5.600
4.808
4.568
4.563
4.611
4.665
4.759
4.879
4.826
4.705
4.592
4.517
4.414
4.334
4.288
4.279
4.281
4.220
4.148
4.079
4.025
3.996
3.949
3.909
3.863
3.849
4.066
4.251
4.215
4.186
4.137
4.086
3.992
4.071
4.479
4.469
4.309
4.136
4.132
4.156
4.187
4.219
4.253
4.284
4.357
4.370
4.390
4.424
4.467
4.593
4.708
4.916
6.387
7.908
12.35
14.76
12.04
10.69
12.71
15.39
19.16
18.18
14.36
13.14
11.68
11.70
12.99
13.81
13.25
12.85
12.61
12.41
12.38
12.66
13.42
14.01
13.82
14.25
14.24
14.48
15.35
16.35
14.66
12.98
13.43
13.85
14.64
15.76
17.54
18.50
19.47
20.17
21.13
23.13
122.4
123.1
124.6
125.5
128.0
130.4
132.8
134.4
138.2
141.0
143.3
146.5
150.1
153.7
157.1
162.0
164.8
169.2
172.7
174.9
178.0
181.6
185.0
188.8
192.5
196.1
201.4
209.5
214.9
222.1
227.6
232.4
240.2
243.6
249.5
249.4
260.8
261.2
272.9
280.0
290.9
294.5
303.6
314.9
326.6
337.0
354.3
370.2
385.3
398.5
414.6
422.6
434.8
444.3
458.8
474.7
482.7
486.0
483.8
482.2
480.6
472.3
471.0
462.5
449.6
437.0
416.3
393.3
363.3
335.1
300.0
265.6
217.5
180.2
142.0
104.4
76.94
57.04
37.27
28.60
21.36
17.03
14.00
12.28
11.09
8.743
6.410
5.583
4.868
4.695
4.689
4.746
4.823
4.938
5.045
4.946
4.829
4.727
4.640
4.538
4.472
4.440
4.441
4.404
4.342
4.266
4.205
4.149
4.112
4.058
4.007
3.969
4.140
4.173
4.136
4.350
6.496
4.872
4.635
4.370
4.089
4.225
4.514
4.353
4.263
4.254
4.280
4.322
4.361
4.413
4.456
4.509
4.515
4.547
4.569
4.614
4.783
4.934
5.273
8.309
13.08
12.07
14.77
19.51
14.27
9.034
9.082
11.37
13.80
15.62
15.01
14.04
13.75
12.27
12.22
12.34
12.24
12.10
12.21
12.24
12.39
12.78
13.22
13.49
13.75
13.81
14.11
15.13
16.04
15.49
12.80
12.70
13.79
14.89
15.56
16.56
18.19
19.40
20.46
21.62
22.62
122.1
122.4
124.4
125.7
128.0
130.1
132.6
134.7
138.5
141.3
144.7
147.2
151.3
154.5
158.8
162.5
165.5
169.9
172.2
175.6
177.3
180.9
182.2
188.0
194.1
199.1
203.0
208.6
217.0
221.9
227.4
229.7
235.6
242.3
249.5
267.1
261.2
269.9
287.9
287.1
309.1
310.1
319.0
336.6
353.4
373.4
395.4
415.3
434.5
452.1
465.7
480.8
496.6
515.9
528.3
539.9
554.4
567.3
566.8
562.8
548.3
541.3
531.7
518.4
505.5
486.6
460.0
428.1
396.0
350.2
301.6
264.0
220.8
179.0
137.2
95.62
67.27
49.67
37.14
28.46
21.82
17.40
14.28
12.37
10.70
8.842
6.446
5.842
4.982
4.806
4.815
4.868
4.949
5.054
5.167
5.092
4.971
4.872
4.772
4.684
4.613
4.568
4.536
4.507
4.462
4.403
4.325
4.274
4.221
4.176
4.146
4.092
4.065
4.081
4.379
4.903
5.109
4.819
4.836
4.707
4.413
4.304
4.263
4.288
4.327
4.357
4.393
4.446
4.502
4.545
4.587
4.654
4.667
4.704
4.723
4.795
4.950
5.262
6.545
7.397
10.12
16.29
20.38
13.77
15.48
21.04
15.89
12.30
11.74
11.96
13.49
13.87
13.73
12.95
11.64
11.73
12.11
12.33
12.66
13.11
13.19
13.53
14.10
14.46
14.89
15.02
15.53
16.23
16.01
13.51
12.36
12.49
12.85
14.22
15.92
16.69
17.62
18.50
20.41
21.85
23.26
122.5
123.1
124.9
126.7
129.0
131.8
134.3
136.9
140.0
142.9
145.1
149.3
153.5
157.7
161.0
165.5
168.2
170.5
174.5
176.3
178.9
180.5
186.0
190.5
194.0
199.5
206.1
210.5
216.4
223.1
228.2
234.2
240.9
248.4
258.3
259.6
263.2
272.9
287.3
292.1
303.1
313.6
327.9
344.9
365.7
392.3
418.6
441.9
467.5
497.3
515.6
533.6
551.5
573.3
591.3
611.9
628.1
626.7
622.5
615.1
600.6
589.4
561.7
537.1
509.5
481.3
454.9
418.2
369.3
321.6
278.4
234.9
188.1
140.0
103.8
79.75
61.72
43.82
33.73
26.11
20.84
17.36
14.51
12.62
10.88
8.374
6.429
5.718
5.064
4.920
4.943
5.010
5.099
5.221
5.335
5.239
5.106
5.005
4.896
4.801
4.737
4.724
4.719
4.670
4.591
4.519
4.452
4.390
4.350
4.333
4.267
4.227
4.386
4.531
4.512
4.512
4.582
4.979
5.367
5.191
4.686
4.639
4.564
4.594
4.460
4.489
4.543
4.601
4.655
4.690
4.749
4.805
4.824
4.855
4.891
4.982
5.229
6.570
8.965
9.308
11.48
16.10
15.40
16.36
17.16
15.58
19.33
19.56
16.22
15.16
14.24
13.20
12.93
13.14
13.24
13.00
13.04
12.61
12.74
13.07
13.60
14.01
14.62
15.09
14.49
14.57
14.96
15.16
14.26
12.63
12.11
12.52
12.88
13.94
15.07
16.93
17.99
18.86
20.11
21.81
23.39
122.2
122.7
124.6
126.6
128.5
130.9
133.6
136.7
138.9
142.7
144.2
148.5
153.2
156.9
161.0
166.7
170.5
173.4
175.5
177.8
180.4
183.8
188.0
191.9
196.6
200.4
206.1
211.5
218.0
223.4
227.8
237.8
242.8
251.4
256.9
260.9
261.5
281.9
287.7
301.7
306.9
323.1
338.2
358.1
385.0
407.3
434.3
464.3
496.7
532.8
568.0
594.2
619.5
636.9
659.4
688.1
705.0
711.2
708.5
694.9
672.7
649.3
626.2
596.3
557.8
516.6
469.1
417.4
359.4
308.4
263.6
212.1
169.6
127.1
96.00
75.14
57.42
43.31
33.97
27.60
22.36
18.94
16.06
14.02
12.24
9.666
7.038
6.110
5.299
5.055
5.068
5.132
5.228
5.354
5.494
5.414
5.280
5.159
5.061
4.969
4.891
4.857
4.858
4.830
4.752
4.655
4.559
4.508
4.468
4.414
4.358
4.315
4.419
4.697
4.602
4.904
5.074
5.229
5.353
4.766
4.475
4.481
4.590
4.657
4.645
4.621
4.658
4.719
4.754
4.808
4.860
4.926
4.946
4.984
5.029
5.106
5.320
6.015
9.294
13.39
14.41
14.28
18.69
21.91
16.07
14.05
15.54
15.38
16.48
16.20
15.30
15.41
14.50
12.99
13.14
13.18
13.52
13.25
13.76
13.15
13.14
13.07
12.93
12.94
12.75
13.23
13.49
14.69
16.58
14.48
11.78
12.21
13.28
14.26
15.07
16.15
17.79
19.03
20.42
21.79
23.38
122.7
123.5
125.1
127.6
129.2
131.3
134.5
137.5
139.9
143.9
147.5
151.2
154.8
158.9
162.8
167.1
169.8
174.9
176.0
177.8
180.5
185.1
187.9
192.0
197.1
204.2
208.8
212.9
220.8
227.5
233.5
238.3
244.0
251.8
261.8
277.5
277.9
284.2
293.9
313.8
341.3
349.7
364.1
385.6
414.0
443.8
482.2
516.9
554.5
592.2
629.0
672.0
710.7
740.4
761.8
796.6
817.9
828.8
829.8
819.6
789.4
758.0
716.2
661.5
606.6
543.0
469.7
400.7
339.5
276.0
217.1
172.2
139.2
113.8
92.29
75.53
61.00
46.48
37.47
30.79
25.57
21.13
17.94
15.50
13.27
9.836
7.424
6.189
5.421
5.163
5.203
5.267
5.363
5.516
5.657
5.567
5.422
5.308
5.193
5.089
5.030
4.972
4.937
4.915
4.852
4.755
4.669
4.610
4.540
4.481
4.426
4.384
4.327
4.325
4.438
4.643
5.073
5.466
5.596
5.154
4.687
4.545
4.576
4.623
4.657
4.707
4.748
4.800
4.872
4.915
4.989
5.034
5.069
5.123
5.169
5.274
6.040
7.614
8.094
10.84
16.69
23.63
19.00
15.84
25.16
26.10
17.73
16.35
16.10
16.13
16.28
15.52
14.89
13.96
13.27
13.65
14.07
14.51
14.72
14.58
15.15
14.45
14.92
14.96
15.12
15.68
16.41
17.13
15.14
12.21
11.66
12.17
12.70
14.21
15.72
16.70
17.70
18.78
20.46
22.06
23.83
122.4
123.2
124.7
126.8
129.0
131.4
135.7
137.9
140.6
143.5
147.3
149.9
154.6
159.5
162.8
167.4
170.8
174.6
177.1
179.7
180.7
184.5
187.1
192.4
196.8
203.8
207.9
213.4
219.5
226.2
231.2
237.9
245.6
253.0
266.2
267.1
271.9
280.7
294.1
309.1
319.9
339.4
357.0
374.1
402.5
437.4
476.5
524.0
565.9
617.2
664.0
712.7
753.6
801.7
840.8
868.2
894.5
904.7
897.0
884.3
852.8
807.6
758.6
692.5
616.9
536.5
452.8
376.6
303.2
236.9
192.8
159.3
126.0
102.5
86.26
69.02
55.42
45.63
37.62
32.22
27.88
23.95
20.74
18.23
15.58
11.74
8.354
6.767
5.773
5.314
5.295
5.368
5.470
5.629
5.783
5.742
5.605
5.475
5.373
5.261
5.178
5.149
5.144
5.112
5.039
4.921
4.809
4.728
4.686
4.638
4.587
4.524
4.559
4.899
4.811
4.757
4.800
4.791
4.683
4.596
4.666
4.803
4.770
4.776
4.763
4.793
4.846
4.905
4.962
5.028
5.081
5.154
5.186
5.222
5.285
5.390
6.019
8.851
8.974
10.82
16.48
19.66
21.02
25.40
17.62
16.39
22.57
24.21
20.20
17.58
15.80
15.91
16.47
16.38
16.12
14.44
14.10
13.25
13.72
14.22
14.67
14.60
15.01
14.62
14.93
15.45
15.94
15.07
14.49
13.48
11.61
11.93
12.82
14.05
15.29
16.68
18.01
19.19
20.67
21.94
23.90
122.7
123.7
125.4
127.7
129.6
132.9
136.8
139.3
141.9
144.7
148.3
152.0
155.6
160.6
164.6
169.5
170.8
175.1
178.0
179.5
181.4
186.8
190.6
193.0
198.6
203.9
209.0
214.5
219.8
228.4
236.5
242.6
244.6
252.6
265.7
269.5
276.5
283.5
298.4
305.7
321.2
337.6
357.4
379.6
406.3
441.5
481.9
525.5
574.4
635.4
697.7
748.3
801.1
853.9
890.5
924.8
953.3
959.7
943.8
911.2
874.0
817.6
745.7
667.7
580.4
488.0
409.7
330.1
253.9
193.5
153.3
126.7
106.2
90.07
76.95
64.96
52.99
44.58
37.59
32.53
28.39
24.75
21.68
19.14
16.61
12.44
8.726
7.043
5.905
5.411
5.395
5.480
5.577
5.752
5.916
5.896
5.746
5.617
5.494
5.369
5.307
5.286
5.257
5.226
5.158
5.023
4.912
4.831
4.780
4.720
4.657
4.612
4.955
5.012
4.968
5.055
5.153
5.909
6.012
5.339
4.664
4.771
5.053
5.021
4.907
4.877
4.916
4.996
5.044
5.101
5.190
5.238
5.271
5.305
5.378
5.485
6.188
6.878
8.781
11.64
18.34
24.35
26.04
21.31
15.57
19.31
23.52
21.04
19.77
17.98
17.41
17.19
16.48
16.07
16.33
15.92
15.44
14.62
14.10
13.67
13.57
13.63
13.67
13.50
13.17
13.24
13.26
14.51
15.71
13.86
11.91
12.57
13.09
14.13
15.29
16.49
17.98
19.42
20.89
22.44
24.23
122.3
123.2
124.7
128.1
129.0
133.6
135.6
137.9
141.9
145.8
148.0
151.7
155.4
159.0
163.3
168.6
172.5
177.0
179.8
179.7
181.7
186.5
190.1
193.4
198.8
204.4
208.9
213.7
222.2
226.3
232.9
237.6
244.6
254.2
263.4
265.7
269.7
280.1
292.4
320.5
324.1
337.4
361.6
390.6
423.0
458.7
510.3
560.1
615.4
677.9
735.3
790.5
848.2
901.1
949.3
988.3
1017
1031
1020
975.5
928.0
854.9
765.5
671.7
572.4
477.5
378.7
294.9
224.6
190.0
155.5
121.2
106.3
94.45
81.66
69.35
57.51
48.97
42.16
36.28
31.38
26.98
23.39
20.59
17.90
13.80
9.578
7.552
6.166
5.492
5.462
5.534
5.631
5.808
6.045
6.055
5.920
5.790
5.649
5.514
5.410
5.364
5.342
5.307
5.265
5.124
4.999
4.898
4.821
4.762
4.697
4.630
4.575
4.550
4.734
5.346
5.799
5.757
5.425
5.050
4.833
4.721
4.765
4.830
4.879
4.927
4.971
5.045
5.103
5.169
5.232
5.296
5.330
5.359
5.420
5.513
6.059
6.257
6.715
11.21
17.11
16.48
15.29
22.02
38.78
34.08
20.54
17.67
18.73
20.21
19.19
17.86
16.43
14.59
14.58
14.93
16.31
16.57
16.85
16.58
16.80
16.18
16.04
16.13
16.19
16.74
16.84
15.94
13.39
11.81
11.83
12.06
12.99
14.57
15.63
16.88
17.74
19.29
20.80
22.51
24.68
122.6
124.0
125.3
128.9
131.0
133.9
135.7
139.1
142.8
145.3
149.3
153.3
157.4
162.6
164.5
169.9
173.2
177.2
181.5
182.5
183.7
186.2
191.6
195.8
200.6
206.0
211.6
217.9
225.0
229.7
238.0
241.3
246.8
254.8
264.6
267.0
268.1
280.3
293.7
301.9
314.4
330.3
351.7
378.6
416.1
457.0
501.6
552.2
619.9
681.1
740.1
802.0
853.5
903.1
944.7
975.8
1000
998.1
969.7
920.9
859.7
779.1
690.0
586.0
477.4
384.7
308.3
238.8
181.7
144.5
123.6
110.0
96.37
85.67
74.76
63.85
52.94
45.25
39.52
34.58
30.18
26.21
22.93
20.54
17.42
13.13
9.136
7.454
6.018
5.497
5.482
5.571
5.676
5.877
6.106
6.088
5.934
5.797
5.678
5.540
5.458
5.429
5.471
5.423
5.334
5.166
5.026
4.936
4.901
4.840
4.763
4.701
4.903
5.008
4.943
4.989
5.012
4.977
5.061
5.043
4.934
5.169
5.253
4.996
4.938
4.969
5.024
5.092
5.158
5.214
5.295
5.341
5.365
5.412
5.454
5.533
5.704
6.326
6.822
8.771
14.50
20.62
28.62
25.94
21.13
24.95
24.89
22.21
19.84
19.93
19.30
19.28
17.96
18.10
17.44
17.26
15.54
14.83
14.28
14.55
15.38
15.88
16.51
15.85
15.47
15.24
14.66
14.19
14.51
13.36
11.86
12.35
13.19
14.40
15.83
17.08
18.30
19.99
20.91
22.57
24.45
122.4
123.2
125.1
127.4
130.5
133.6
135.6
138.4
141.2
144.5
147.6
152.2
156.6
160.2
164.1
169.5
173.4
177.5
179.7
182.0
184.0
187.6
192.2
196.1
199.6
204.3
213.2
218.7
223.9
229.6
236.0
242.6
249.5
255.7
268.3
267.4
275.4
279.7
291.5
300.8
307.6
325.0
344.5
370.6
410.8
456.9
503.4
561.0
623.1
677.8
740.0
797.2
858.7
907.2
946.2
970.6
980.6
973.0
953.9
907.6
845.5
765.9
670.6
558.3
445.8
359.2
290.7
231.4
195.0
158.7
122.6
109.3
97.39
87.10
77.06
65.40
53.64
45.71
39.64
34.43
30.02
25.94
22.25
20.06
16.94
12.93
8.973
7.406
6.060
5.479
5.466
5.542
5.664
5.839
6.085
6.085
5.922
5.796
5.664
5.543
5.437
5.401
5.425
5.397
5.320
5.163
5.031
4.934
4.894
4.831
4.764
4.702
4.925
5.023
4.953
5.031
5.089
5.218
5.810
5.375
4.857
4.998
5.185
5.169
5.000
4.996
5.039
5.113
5.172
5.230
5.300
5.361
5.377
5.418
5.464
5.521
5.724
6.011
6.314
8.512
16.57
19.93
23.03
26.61
18.84
17.52
23.86
24.54
21.65
20.65
20.46
19.59
18.90
18.21
17.84
17.55
16.24
15.43
14.69
13.89
14.08
14.19
14.76
14.23
14.21
13.81
13.60
14.22
15.08
14.25
11.94
12.63
13.30
14.12
15.55
16.84
18.15
19.94
21.11
22.77
24.57
122.5
124.3
125.4
128.5
130.9
133.7
136.6
138.9
142.4
145.0
149.2
153.4
157.7
159.8
165.3
169.8
173.7
177.6
180.4
181.1
185.5
188.6
192.5
195.0
197.9
206.1
212.2
217.0
222.3
231.8
234.5
245.2
246.9
249.9
271.7
264.0
267.0
276.1
296.1
320.3
317.6
336.6
359.8
395.1
439.8
479.6
537.4
599.1
660.5
719.5
775.2
831.9
887.4
935.0
972.4
1001
1015
1015
987.1
941.5
876.0
783.7
671.9
556.9
445.3
358.0
292.8
225.3
174.8
143.2
126.2
114.1
102.1
91.03
80.47
68.01
55.52
45.66
40.32
34.12
28.99
24.70
21.28
19.12
15.98
11.59
8.497
7.101
5.885
5.478
5.483
5.552
5.667
5.851
6.082
6.046
5.865
5.744
5.627
5.490
5.420
5.379
5.345
5.348
5.247
5.129
4.981
4.915
4.838
4.790
4.705
4.662
4.604
4.569
4.790
5.485
6.078
5.694
5.193
5.134
4.834
4.769
4.836
4.874
4.928
4.984
5.043
5.121
5.181
5.222
5.321
5.357
5.388
5.425
5.457
5.544
5.739
6.009
6.630
11.66
16.07
16.88
16.85
14.76
26.75
25.32
19.75
22.76
25.70
23.52
20.67
19.57
18.31
16.03
15.49
15.56
16.78
17.08
17.65
16.99
16.57
15.27
15.30
14.97
14.98
15.59
15.86
16.61
13.12
12.01
12.04
12.32
13.27
14.88
15.69
16.91
17.95
19.59
21.19
22.88
25.04
122.4
123.2
125.1
127.4
130.5
133.6
135.6
138.4
141.2
144.5
147.6
152.2
156.6
160.2
164.1
169.5
173.4
177.5
179.7
182.0
184.0
187.6
192.2
196.1
199.6
204.3
213.2
218.7
223.9
229.6
236.0
242.6
249.5
255.7
268.3
267.4
275.4
279.7
291.5
300.8
307.6
325.0
344.5
370.6
410.8
456.9
503.4
561.0
623.1
677.8
740.0
797.2
858.7
907.2
946.2
970.6
980.6
973.0
953.9
907.6
845.5
765.9
670.6
558.3
445.8
359.2
290.7
231.4
195.0
158.7
122.6
109.3
97.39
87.10
77.06
65.40
53.64
45.71
39.64
34.43
30.02
25.94
22.25
20.06
16.94
12.93
8.973
7.406
6.060
5.479
5.466
5.542
5.664
5.839
6.085
6.085
5.922
5.796
5.664
5.543
5.437
5.401
5.425
5.397
5.320
5.163
5.031
4.934
4.894
4.831
4.764
4.702
4.925
5.023
4.953
5.031
5.089
5.218
5.810
5.375
4.857
4.998
5.185
5.169
5.000
4.996
5.039
5.113
5.172
5.230
5.300
5.361
5.377
5.418
5.464
5.521
5.724
6.011
6.314
8.512
16.57
19.93
23.03
26.61
18.84
17.52
23.86
24.54
21.65
20.65
20.46
19.59
18.90
18.21
17.84
17.55
16.24
15.43
14.69
13.89
14.08
14.19
14.76
14.23
14.21
13.81
13.60
14.22
15.08
14.25
11.94
12.63
13.30
14.12
15.55
16.84
18.15
19.94
21.11
22.77
24.57
122.6
124.0
125.3
128.9
131.0
133.9
135.7
139.1
142.8
145.3
149.3
153.3
157.4
162.6
164.5
169.9
173.2
177.2
181.5
182.5
183.7
186.2
191.6
195.8
200.6
206.0
211.6
217.9
225.0
229.7
238.0
241.3
246.8
254.8
264.6
267.0
268.1
280.3
293.7
301.9
314.4
330.3
351.7
378.6
416.1
457.0
501.6
552.2
619.9
681.1
740.1
802.0
853.5
903.1
944.7
975.8
1000
998.1
969.7
920.9
859.7
779.1
690.0
586.0
477.4
384.7
308.3
238.8
181.7
144.5
123.6
110.0
96.37
85.67
74.76
63.85
52.94
45.25
39.52
34.58
30.18
26.21
22.93
20.54
17.42
13.13
9.136
7.454
6.018
5.497
5.482
5.571
5.676
5.877
6.106
6.088
5.934
5.797
5.678
5.540
5.458
5.429
5.471
5.423
5.334
5.166
5.026
4.936
4.901
4.840
4.763
4.701
4.903
5.008
4.943
4.989
5.012
4.977
5.061
5.043
4.934
5.169
5.253
4.996
4.938
4.969
5.024
5.092
5.158
5.214
5.295
5.341
5.365
5.412
5.454
5.533
5.704
6.326
6.822
8.771
14.50
20.62
28.62
25.94
21.13
24.95
24.89
22.21
19.84
19.93
19.30
19.28
17.96
18.10
17.44
17.26
15.54
14.83
14.28
14.55
15.38
15.88
16.51
15.85
15.47
15.24
14.66
14.19
14.51
13.36
11.86
12.35
13.19
14.40
15.83
17.08
18.30
19.99
20.91
22.57
24.45
122.3
123.2
124.7
128.1
129.0
133.6
135.6
137.9
141.9
145.8
148.0
151.7
155.4
159.0
163.3
168.6
172.5
177.0
179.8
179.7
181.7
186.5
190.1
193.4
198.8
204.4
208.9
213.7
222.2
226.3
232.9
237.6
244.6
254.2
263.4
265.7
269.7
280.1
292.4
320.5
324.1
337.4
361.6
390.6
423.0
458.7
510.3
560.1
615.4
677.9
735.3
790.5
848.2
901.1
949.3
988.3
1017
1031
1020
975.5
928.0
854.9
765.5
671.7
572.4
477.5
378.7
294.9
224.6
190.0
155.5
121.2
106.3
94.45
81.66
69.35
57.51
48.97
42.16
36.28
31.38
26.98
23.39
20.59
17.90
13.80
9.578
7.552
6.166
5.492
5.462
5.534
5.631
5.808
6.045
6.055
5.920
5.790
5.649
5.514
5.410
5.364
5.342
5.307
5.265
5.124
4.999
4.898
4.821
4.762
4.697
4.630
4.575
4.550
4.734
5.346
5.799
5.757
5.425
5.050
4.833
4.721
4.765
4.830
4.879
4.927
4.971
5.045
5.103
5.169
5.232
5.296
5.330
5.359
5.420
5.513
6.059
6.257
6.715
11.21
17.11
16.48
15.29
22.02
38.78
34.08
20.54
17.67
18.73
20.21
19.19
17.86
16.43
14.59
14.58
14.93
16.31
16.57
16.85
16.58
16.80
16.18
16.04
16.13
16.19
16.74
16.84
15.94
13.39
11.81
11.83
12.06
12.99
14.57
15.63
16.88
17.74
19.29
20.80
22.51
24.68
122.7
123.7
125.4
127.7
129.6
132.9
136.8
139.3
141.9
144.7
148.3
152.0
155.6
160.6
164.6
169.5
170.8
175.1
178.0
179.5
181.4
186.8
190.6
193.0
198.6
203.9
209.0
214.5
219.8
228.4
236.5
242.6
244.6
252.6
265.7
269.5
276.5
283.5
298.4
305.7
321.2
337.6
357.4
379.6
406.3
441.5
481.9
525.5
574.4
635.4
697.7
748.3
801.1
853.9
890.5
924.8
953.3
959.7
943.8
911.2
874.0
817.6
745.7
667.7
580.4
488.0
409.7
330.1
253.9
193.5
153.3
126.7
106.2
90.07
76.95
64.96
52.99
44.58
37.59
32.53
28.39
24.75
21.68
19.14
16.61
12.44
8.726
7.043
5.905
5.411
5.395
5.480
5.577
5.752
5.916
5.896
5.746
5.617
5.494
5.369
5.307
5.286
5.257
5.226
5.158
5.023
4.912
4.831
4.780
4.720
4.657
4.612
4.955
5.012
4.968
5.055
5.153
5.909
6.012
5.339
4.664
4.771
5.053
5.021
4.907
4.877
4.916
4.996
5.044
5.101
5.190
5.238
5.271
5.305
5.378
5.485
6.188
6.878
8.781
11.64
18.34
24.35
26.04
21.31
15.57
19.31
23.52
21.04
19.77
17.98
17.41
17.19
16.48
16.07
16.33
15.92
15.44
14.62
14.10
13.67
13.57
13.63
13.67
13.50
13.17
13.24
13.26
14.51
15.71
13.86
11.91
12.57
13.09
14.13
15.29
16.49
17.98
19.42
20.89
22.44
24.23
122.4
123.2
124.7
126.8
129.0
131.4
135.7
137.9
140.6
143.5
147.3
149.9
154.6
159.5
162.8
167.4
170.8
174.6
177.1
179.7
180.7
184.5
187.1
192.4
196.8
203.8
207.9
213.4
219.5
226.2
231.2
237.9
245.6
253.0
266.2
267.1
271.9
280.7
294.1
309.1
319.9
339.4
357.0
374.1
402.5
437.4
476.5
524.0
565.9
617.2
664.0
712.7
753.6
801.7
840.8
868.2
894.5
904.7
897.0
884.3
852.8
807.6
758.6
692.5
616.9
536.5
452.8
376.6
303.2
236.9
192.8
159.3
126.0
102.5
86.26
69.02
55.42
45.63
37.62
32.22
27.88
23.95
20.74
18.23
15.58
11.74
8.354
6.767
5.773
5.314
5.295
5.368
5.470
5.629
5.783
5.742
5.605
5.475
5.373
5.261
5.178
5.149
5.144
5.112
5.039
4.921
4.809
4.728
4.686
4.638
4.587
4.524
4.559
4.899
4.811
4.757
4.800
4.791
4.683
4.596
4.666
4.803
4.770
4.776
4.763
4.793
4.846
4.905
4.962
5.028
5.081
5.154
5.186
5.222
5.285
5.390
6.019
8.851
8.974
10.82
16.48
19.66
21.02
25.40
17.62
16.39
22.57
24.21
20.20
17.58
15.80
15.91
16.47
16.38
16.12
14.44
14.10
13.25
13.72
14.22
14.67
14.60
15.01
14.62
14.93
15.45
15.94
15.07
14.49
13.48
11.61
11.93
12.82
14.05
15.29
16.68
18.01
19.19
20.67
21.94
23.90
122.7
123.5
125.1
127.6
129.2
131.3
134.5
137.5
139.9
143.9
147.5
151.2
154.8
158.9
162.8
167.1
169.8
174.9
176.0
177.8
180.5
185.1
187.9
192.0
197.1
204.2
208.8
212.9
220.8
227.5
233.5
238.3
244.0
251.8
261.8
277.5
277.9
284.2
293.9
313.8
341.3
349.7
364.1
385.6
414.0
443.8
482.2
516.9
554.5
592.2
629.0
672.0
710.7
740.4
761.8
796.6
817.9
828.8
829.8
819.6
789.4
758.0
716.2
661.5
606.6
543.0
469.7
400.7
339.5
276.0
217.1
172.2
139.2
113.8
92.29
75.53
61.00
46.48
37.47
30.79
25.57
21.13
17.94
15.50
13.27
9.836
7.424
6.189
5.421
5.163
5.203
5.267
5.363
5.516
5.657
5.567
5.422
5.308
5.193
5.089
5.030
4.972
4.937
4.915
4.852
4.755
4.669
4.610
4.540
4.481
4.426
4.384
4.327
4.325
4.438
4.643
5.073
5.466
5.596
5.154
4.687
4.545
4.576
4.623
4.657
4.707
4.748
4.800
4.872
4.915
4.989
5.034
5.069
5.123
5.169
5.274
6.040
7.614
8.094
10.84
16.69
23.63
19.00
15.84
25.16
26.10
17.73
16.35
16.10
16.13
16.28
15.52
14.89
13.96
13.27
13.65
14.07
14.51
14.72
14.58
15.15
14.45
14.92
14.96
15.12
15.68
16.41
17.13
15.14
12.21
11.66
12.17
12.70
14.21
15.72
16.70
17.70
18.78
20.46
22.06
23.83
122.2
122.7
124.6
126.6
128.5
130.9
133.6
136.7
138.9
142.7
144.2
148.5
153.2
156.9
161.0
166.7
170.5
173.4
175.5
177.8
180.4
183.8
188.0
191.9
196.6
200.4
206.1
211.5
218.0
223.4
227.8
237.8
242.8
251.4
256.9
260.9
261.5
281.9
287.7
301.7
306.9
323.1
338.2
358.1
385.0
407.3
434.3
464.3
496.7
532.8
568.0
594.2
619.5
636.9
659.4
688.1
705.0
711.2
708.5
694.9
672.7
649.3
626.2
596.3
557.8
516.6
469.1
417.4
359.4
308.4
263.6
212.1
169.6
127.1
96.00
75.14
57.42
43.31
33.97
27.60
22.36
18.94
16.06
14.02
12.24
9.666
7.038
6.110
5.299
5.055
5.068
5.132
5.228
5.354
5.494
5.414
5.280
5.159
5.061
4.969
4.891
4.857
4.858
4.830
4.752
4.655
4.559
4.508
4.468
4.414
4.358
4.315
4.419
4.697
4.602
4.904
5.074
5.229
5.353
4.766
4.475
4.481
4.590
4.657
4.645
4.621
4.658
4.719
4.754
4.808
4.860
4.926
4.946
4.984
5.029
5.106
5.320
6.015
9.294
13.39
14.41
14.28
18.69
21.91
16.07
14.05
15.54
15.38
16.48
16.20
15.30
15.41
14.50
12.99
13.14
13.18
13.52
13.25
13.76
13.15
13.14
13.07
12.93
12.94
12.75
13.23
13.49
14.69
16.58
14.48
11.78
12.21
13.28
14.26
15.07
16.15
17.79
19.03
20.42
21.79
23.38
122.5
123.1
124.9
126.7
129.0
131.8
134.3
136.9
140.0
142.9
145.1
149.3
153.5
157.7
161.0
165.5
168.2
170.5
174.5
176.3
178.9
180.5
186.0
190.5
194.0
199.5
206.1
210.5
216.4
223.1
228.2
234.2
240.9
248.4
258.3
259.6
263.2
272.9
287.3
292.1
303.1
313.6
327.9
344.9
365.7
392.3
418.6
441.9
467.5
497.3
515.6
533.6
551.5
573.3
591.3
611.9
628.1
626.7
622.5
615.1
600.6
589.4
561.7
537.1
509.5
481.3
454.9
418.2
369.3
321.6
278.4
234.9
188.1
140.0
103.8
79.75
61.72
43.82
33.73
26.11
20.84
17.36
14.51
12.62
10.88
8.374
6.429
5.718
5.064
4.920
4.943
5.010
5.099
5.221
5.335
5.239
5.106
5.005
4.896
4.801
4.737
4.724
4.719
4.670
4.591
4.519
4.452
4.390
4.350
4.333
4.267
4.227
4.386
4.531
4.512
4.512
4.582
4.979
5.367
5.191
4.686
4.639
4.564
4.594
4.460
4.489
4.543
4.601
4.655
4.690
4.749
4.805
4.824
4.855
4.891
4.982
5.229
6.570
8.965
9.308
11.48
16.10
15.40
16.36
17.16
15.58
19.33
19.56
16.22
15.16
14.24
13.20
12.93
13.14
13.24
13.00
13.04
12.61
12.74
13.07
13.60
14.01
14.62
15.09
14.49
14.57
14.96
15.16
14.26
12.63
12.11
12.52
12.88
13.94
15.07
16.93
17.99
18.86
20.11
21.81
23.39
122.1
122.4
124.4
125.7
128.0
130.1
132.6
134.7
138.5
141.3
144.7
147.2
151.3
154.5
158.8
162.5
165.5
169.9
172.2
175.6
177.3
180.9
182.2
188.0
194.1
199.1
203.0
208.6
217.0
221.9
227.4
229.7
235.6
242.3
249.5
267.1
261.2
269.9
287.9
287.1
309.1
310.1
319.0
336.6
353.4
373.4
395.4
415.3
434.5
452.1
465.7
480.8
496.6
515.9
528.3
539.9
554.4
567.3
566.8
562.8
548.3
541.3
531.7
518.4
505.5
486.6
460.0
428.1
396.0
350.2
301.6
264.0
220.8
179.0
137.2
95.62
67.27
49.67
37.14
28.46
21.82
17.40
14.28
12.37
10.70
8.842
6.446
5.842
4.982
4.806
4.815
4.868
4.949
5.054
5.167
5.092
4.971
4.872
4.772
4.684
4.613
4.568
4.536
4.507
4.462
4.403
4.325
4.274
4.221
4.176
4.146
4.092
4.065
4.081
4.379
4.903
5.109
4.819
4.836
4.707
4.413
4.304
4.263
4.288
4.327
4.357
4.393
4.446
4.502
4.545
4.587
4.654
4.667
4.704
4.723
4.795
4.950
5.262
6.545
7.397
10.12
16.29
20.38
13.77
15.48
21.04
15.89
12.30
11.74
11.96
13.49
13.87
13.73
12.95
11.64
11.73
12.11
12.33
12.66
13.11
13.19
13.53
14.10
14.46
14.89
15.02
15.53
16.23
16.01
13.51
12.36
12.49
12.85
14.22
15.92
16.69
17.62
18.50
20.41
21.85
23.26
122.4
123.1
124.6
125.5
128.0
130.4
132.8
134.4
138.2
141.0
143.3
146.5
150.1
153.7
157.1
162.0
164.8
169.2
172.7
174.9
178.0
181.6
185.0
188.8
192.5
196.1
201.4
209.5
214.9
222.1
227.6
232.4
240.2
243.6
249.5
249.4
260.8
261.2
272.9
280.0
290.9
294.5
303.6
314.9
326.6
337.0
354.3
370.2
385.3
398.5
414.6
422.6
434.8
444.3
458.8
474.7
482.7
486.0
483.8
482.2
480.6
472.3
471.0
462.5
449.6
437.0
416.3
393.3
363.3
335.1
300.0
265.6
217.5
180.2
142.0
104.4
76.94
57.04
37.27
28.60
21.36
17.03
14.00
12.28
11.09
8.743
6.410
5.583
4.868
4.695
4.689
4.746
4.823
4.938
5.045
4.946
4.829
4.727
4.640
4.538
4.472
4.440
4.441
4.404
4.342
4.266
4.205
4.149
4.112
4.058
4.007
3.969
4.140
4.173
4.136
4.350
6.496
4.872
4.635
4.370
4.089
4.225
4.514
4.353
4.263
4.254
4.280
4.322
4.361
4.413
4.456
4.509
4.515
4.547
4.569
4.614
4.783
4.934
5.273
8.309
13.08
12.07
14.77
19.51
14.27
9.034
9.082
11.37
13.80
15.62
15.01
14.04
13.75
12.27
12.22
12.34
12.24
12.10
12.21
12.24
12.39
12.78
13.22
13.49
13.75
13.81
14.11
15.13
16.04
15.49
12.80
12.70
13.79
14.89
15.56
16.56
18.19
19.40
20.46
21.62
22.62
122.0
122.4
124.1
124.8
126.9
129.6
131.5
133.1
135.9
138.2
141.4
145.7
149.3
152.9
156.2
159.8
163.8
166.2
171.7
172.7
175.3
178.9
182.3
188.1
190.8
196.1
200.8
206.5
213.5
220.8
224.4
229.6
237.2
246.1
249.4
252.8
255.4
264.1
269.0
278.0
283.2
288.2
296.2
303.9
311.6
322.3
332.4
343.8
353.2
363.5
373.8
380.8
391.3
396.8
406.5
423.9
434.4
438.5
439.7
437.7
441.1
437.9
442.0
437.6
426.9
416.0
406.2
388.2
368.0
339.1
304.9
275.8
237.8
195.5
158.0
120.6
85.22
58.15
41.20
29.69
21.44
16.67
13.39
11.46
10.17
8.363
6.272
5.600
4.808
4.568
4.563
4.611
4.665
4.759
4.879
4.826
4.705
4.592
4.517
4.414
4.334
4.288
4.279
4.281
4.220
4.148
4.079
4.025
3.996
3.949
3.909
3.863
3.849
4.066
4.251
4.215
4.186
4.137
4.086
3.992
4.071
4.479
4.469
4.309
4.136
4.132
4.156
4.187
4.219
4.253
4.284
4.357
4.370
4.390
4.424
4.467
4.593
4.708
4.916
6.387
7.908
12.35
14.76
12.04
10.69
12.71
15.39
19.16
18.18
14.36
13.14
11.68
11.70
12.99
13.81
13.25
12.85
12.61
12.41
12.38
12.66
13.42
14.01
13.82
14.25
14.24
14.48
15.35
16.35
14.66
12.98
13.43
13.85
14.64
15.76
17.54
18.50
19.47
20.17
21.13
23.13
122.4
123.0
124.3
125.3
127.5
128.9
130.7
132.3
134.4
138.3
140.4
144.2
147.3
150.9
154.6
158.7
162.5
166.0
170.3
170.8
174.3
177.6
182.4
186.7
191.2
195.9
201.5
208.0
214.2
218.5
226.3
229.0
237.2
240.0
248.0
260.2
260.6
260.1
280.8
283.8
284.6
297.5
298.4
310.0
313.7
322.7
331.1
335.6
345.0
346.1
352.0
356.8
364.2
376.2
384.9
394.3
404.8
412.1
415.3
423.3
424.0
427.9
424.8
414.6
411.7
411.3
401.9
381.1
357.7
326.0
300.6
273.3
235.2
191.9
155.3
117.2
85.76
65.42
45.18
29.01
20.07
14.95
11.93
10.29
9.096
7.648
5.891
5.321
4.626
4.420
4.412
4.446
4.519
4.595
4.703
4.650
4.520
4.432
4.347
4.255
4.190
4.134
4.113
4.085
4.050
4.001
3.948
3.891
3.849
3.798
3.754
3.716
3.668
3.643
3.706
4.332
4.361
4.339
4.457
4.286
4.317
4.265
4.007
3.950
3.942
3.956
3.988
4.020
4.059
4.101
4.141
4.189
4.213
4.233
4.257
4.300
4.427
4.518
4.606
4.887
7.703
10.41
12.14
14.77
14.31
18.96
16.75
12.19
10.41
9.566
10.94
13.01
14.33
13.81
13.27
12.01
12.13
12.50
12.58
12.83
13.00
13.10
13.86
14.19
14.53
14.48
14.49
15.22
17.15
16.65
13.87
13.92
14.10
15.02
17.05
17.55
18.42
19.12
20.82
22.01
23.12
122.1
121.9
123.3
125.0
126.4
127.9
129.8
131.1
134.6
136.5
138.1
142.9
145.0
149.0
152.3
156.0
160.4
164.2
167.6
171.7
173.9
176.3
180.6
183.8
188.9
195.5
201.8
207.6
212.4
218.5
224.5
231.4
238.3
242.9
253.1
252.9
254.0
262.5
264.7
269.0
283.4
284.2
289.4
292.8
298.4
301.9
305.9
314.5
319.1
324.2
331.0
334.0
337.3
343.1
353.0
362.2
369.1
378.4
380.9
378.2
379.1
380.2
376.2
374.3
366.1
357.6
345.0
330.9
314.4
290.0
267.7
243.1
212.1
177.9
143.7
109.5
80.13
56.60
39.30
28.01
20.06
15.40
11.99
10.13
9.011
7.622
5.951
5.264
4.553
4.301
4.249
4.279
4.332
4.424
4.532
4.517
4.412
4.300
4.222
4.135
4.054
4.002
4.010
3.979
3.936
3.892
3.824
3.776
3.753
3.705
3.643
3.612
3.621
3.976
3.890
3.895
3.981
4.490
5.079
4.427
3.755
3.671
3.730
3.781
3.805
3.825
3.843
3.877
3.907
3.948
3.978
4.055
4.063
4.091
4.120
4.144
4.248
4.368
4.467
4.557
5.151
9.543
12.57
16.83
17.09
11.06
8.324
8.302
10.46
14.99
17.18
16.19
14.77
13.32
12.37
12.06
12.32
12.81
12.69
12.68
12.78
12.96
13.10
13.77
14.00
14.02
14.49
16.03
16.89
16.94
14.22
14.00
14.92
16.17
16.91
17.43
18.34
20.25
21.11
22.00
23.00
121.9
122.5
123.1
124.8
126.2
128.3
129.0
130.2
132.8
136.5
137.6
140.5
144.7
147.4
149.9
155.5
159.5
162.3
166.0
169.1
171.0
174.6
178.8
182.7
187.6
193.6
200.7
205.9
212.7
219.0
223.5
231.0
239.6
242.5
247.7
252.5
255.7
262.8
267.4
275.4
277.0
281.5
286.9
288.0
297.3
299.9
303.3
308.4
315.3
316.3
323.7
327.0
330.7
335.3
342.2
351.1
354.8
357.2
356.5
360.5
356.7
353.4
346.1
341.3
331.0
317.1
304.2
287.7
266.8
251.3
232.5
207.9
182.8
153.7
127.2
96.82
73.90
55.57
37.24
26.97
19.77
15.08
11.64
9.926
8.525
7.205
5.617
4.990
4.357
4.134
4.072
4.103
4.167
4.246
4.342
4.334
4.206
4.121
4.048
3.965
3.887
3.842
3.825
3.825
3.782
3.739
3.689
3.643
3.613
3.608
3.575
3.529
3.506
3.834
3.971
3.796
3.802
3.804
3.724
3.601
3.557
3.980
3.890
3.836
3.728
3.695
3.700
3.732
3.766
3.801
3.834
3.904
3.914
3.943
3.972
4.012
4.117
4.217
4.292
4.375
4.850
9.838
15.39
13.31
9.894
8.177
13.23
21.99
22.03
17.83
14.43
12.60
11.67
11.46
12.29
13.47
14.06
13.25
13.49
13.46
13.39
13.94
14.24
14.32
14.52
15.19
16.19
16.59
16.98
16.46
14.37
15.01
15.74
16.38
17.18
18.33
19.71
20.49
21.41
22.15
23.56
121.8
121.9
123.0
124.2
125.3
127.8
128.4
129.3
131.3
134.6
136.0
138.0
140.6
145.2
148.0
152.9
157.1
161.2
162.7
164.9
166.4
172.7
176.5
179.5
184.7
191.5
196.2
201.4
209.7
214.5
219.4
226.8
232.2
238.3
249.3
255.7
254.4
256.5
270.3
320.8
281.4
277.3
293.8
299.5
304.5
307.6
311.5
315.0
318.4
320.8
321.3
323.9
332.8
336.3
343.7
346.0
353.0
361.2
356.6
354.6
352.8
351.9
346.3
332.7
319.8
312.1
295.2
270.5
251.4
237.9
210.0
194.8
170.8
146.8
122.8
95.78
73.50
54.66
39.97
28.98
20.02
15.09
11.44
9.478
8.166
6.876
5.475
4.769
4.199
3.941
3.891
3.912
3.960
4.032
4.108
4.117
4.021
3.916
3.858
3.787
3.712
3.668
3.640
3.619
3.597
3.573
3.541
3.496
3.457
3.422
3.379
3.344
3.303
3.281
3.300
3.621
4.038
3.830
3.960
4.445
4.158
3.653
3.510
3.541
3.555
3.563
3.585
3.607
3.633
3.668
3.701
3.768
3.793
3.810
3.843
3.879
3.953
4.068
4.139
4.248
4.881
8.668
10.17
10.14
13.46
23.94
23.83
15.26
11.27
9.895
10.41
11.61
13.01
14.36
15.62
14.54
13.02
13.10
13.34
13.54
13.49
13.71
13.70
14.38
14.56
14.89
15.87
16.09
17.28
18.16
15.72
15.79
16.18
16.92
18.48
19.32
19.98
20.74
22.22
22.88
23.56
122.1
121.8
123.0
123.7
124.5
125.9
127.3
129.3
131.0
132.6
133.9
137.3
140.3
142.8
146.5
150.4
154.7
158.3
159.9
162.7
165.2
167.8
172.9
176.7
182.9
189.4
194.7
199.9
204.3
212.0
219.7
226.9
229.1
236.3
250.5
249.9
250.9
256.6
259.1
269.3
267.7
281.2
279.5
280.4
283.9
288.8
292.8
298.4
302.4
308.0
311.9
310.4
315.5
318.7
317.3
325.8
327.4
336.9
331.9
326.8
321.5
318.2
309.2
304.4
291.2
277.0
264.3
247.4
228.9
203.2
185.3
164.0
139.3
119.2
93.98
75.62
59.64
43.71
30.46
21.28
15.54
12.16
9.856
8.389
7.433
6.471
5.103
4.482
3.966
3.737
3.700
3.721
3.769
3.853
3.923
3.938
3.847
3.761
3.702
3.643
3.570
3.528
3.503
3.498
3.474
3.449
3.419
3.374
3.357
3.323
3.277
3.244
3.227
3.533
3.527
3.524
3.579
3.798
4.253
3.799
3.358
3.320
3.363
3.405
3.424
3.439
3.449
3.464
3.492
3.528
3.560
3.626
3.640
3.666
3.695
3.735
3.833
3.936
4.033
4.133
4.394
6.887
9.366
19.39
24.47
16.48
11.15
9.695
10.17
12.01
16.31
19.05
19.59
18.62
14.89
14.15
14.06
13.79
13.41
13.54
13.49
13.89
14.01
14.38
15.10
15.44
16.11
17.49
18.77
18.18
16.37
16.32
17.13
18.56
19.04
19.42
20.47
21.99
22.56
22.99
23.83
121.8
121.7
122.6
123.0
123.7
125.6
126.3
128.2
130.1
131.3
133.4
135.4
137.6
140.2
144.5
147.4
150.8
155.0
157.2
158.5
161.2
164.7
168.3
173.9
177.2
182.0
190.0
196.6
201.2
207.2
214.6
221.2
225.0
232.5
241.9
240.5
241.2
247.1
253.2
259.0
265.9
268.5
272.6
274.3
275.4
281.9
284.3
290.2
292.3
294.7
297.7
299.9
300.0
302.7
307.9
311.0
311.8
317.1
310.0
305.3
299.4
293.1
283.4
274.4
260.2
241.7
227.3
208.4
186.9
165.7
144.6
123.5
103.1
82.30
66.57
50.27
38.71
28.96
20.90
15.72
12.46
10.29
8.506
7.558
6.784
5.915
4.884
4.204
3.766
3.542
3.484
3.511
3.566
3.640
3.708
3.727
3.654
3.565
3.508
3.458
3.394
3.350
3.320
3.310
3.299
3.284
3.264
3.229
3.215
3.209
3.181
3.147
3.122
3.164
3.768
3.668
3.493
3.506
3.407
3.313
3.213
3.308
3.638
3.475
3.372
3.344
3.337
3.356
3.377
3.407
3.432
3.494
3.520
3.548
3.583
3.612
3.677
3.809
3.888
3.983
4.219
6.213
13.41
17.12
15.42
13.04
10.93
12.92
19.58
24.76
25.55
22.41
15.66
13.68
13.53
13.89
14.71
15.42
15.61
15.56
15.71
15.51
16.07
16.13
16.77
17.98
18.69
19.30
18.77
18.18
17.53
17.19
18.57
19.05
19.51
20.73
21.75
22.36
22.76
23.22
24.08
122.3
121.6
122.8
123.1
123.6
125.5
125.8
129.1
129.8
130.8
132.3
134.3
136.7
139.1
142.7
145.5
149.4
151.8
153.5
155.9
157.7
160.6
163.2
168.0
171.1
178.9
185.9
192.1
195.8
201.8
209.1
213.0
219.9
226.3
228.5
236.6
236.4
240.0
252.9
321.2
266.0
260.7
269.5
275.7
279.6
281.5
284.9
286.0
289.1
288.4
286.4
283.1
285.5
285.1
284.6
284.2
280.7
274.1
265.6
253.6
242.4
230.9
213.5
193.8
182.5
165.0
145.6
128.1
111.3
99.12
79.85
67.12
56.93
45.54
36.24
28.50
22.37
17.71
13.86
11.28
9.574
8.293
7.251
6.508
5.847
5.120
4.302
3.767
3.442
3.255
3.220
3.242
3.301
3.369
3.435
3.454
3.395
3.309
3.253
3.208
3.148
3.114
3.088
3.071
3.064
3.060
3.045
3.016
2.996
2.973
2.946
2.916
2.881
2.868
2.871
3.040
3.672
3.241
3.225
3.622
3.764
3.534
3.215
3.183
3.180
3.169
3.178
3.189
3.216
3.253
3.285
3.350
3.389
3.412
3.451
3.485
3.563
3.699
3.784
3.899
4.292
7.071
9.322
10.92
13.75
18.01
24.79
26.29
25.92
20.74
17.75
17.40
17.74
18.46
18.73
18.87
19.38
19.95
20.44
20.94
22.11
22.80
23.62
25.16
25.39
24.81
26.26
26.03
26.41
27.46
25.44
24.23
24.19
24.51
24.78
25.03
25.36
25.83
25.92
26.06
26.21
121.8
121.2
122.5
122.6
123.1
124.1
126.2
127.5
128.5
127.9
130.6
132.0
133.7
137.2
139.3
142.0
145.3
147.7
149.7
151.0
154.2
156.1
158.7
164.2
167.1
173.2
177.3
183.2
187.8
194.7
199.5
204.4
211.0
218.1
220.4
231.3
222.8
228.5
237.9
237.6
244.1
242.0
247.4
248.3
246.9
246.5
242.1
244.9
240.1
230.4
230.0
221.1
210.9
199.6
191.9
183.5
174.5
163.3
149.3
137.2
124.8
109.5
97.09
86.82
77.33
66.85
56.37
48.35
42.45
35.81
30.50
26.26
22.80
19.19
16.68
14.32
12.22
10.47
9.242
8.394
7.602
6.977
6.367
5.811
5.329
4.735
4.090
3.593
3.313
3.146
3.105
3.129
3.192
3.264
3.320
3.343
3.288
3.206
3.155
3.111
3.062
3.028
3.019
2.999
2.994
2.982
2.966
2.948
2.933
2.920
2.889
2.858
2.833
3.044
3.073
3.043
3.154
3.268
3.551
3.340
3.029
2.992
3.029
3.062
3.072
3.085
3.099
3.105
3.115
3.149
3.179
3.245
3.275
3.298
3.336
3.374
3.446
3.580
3.647
3.740
3.924
5.487
7.933
11.87
20.55
23.34
21.49
17.67
17.31
16.72
16.61
17.67
18.64
17.52
16.83
16.65
16.36
16.63
16.40
16.63
16.22
15.67
15.98
16.22
17.07
17.54
19.52
20.98
21.49
23.08
20.64
20.47
21.78
22.60
22.35
22.50
23.16
24.11
24.08
24.09
24.07
122.1
121.3
122.5
121.9
122.4
123.5
124.9
126.0
127.9
127.4
129.5
130.2
132.6
134.2
136.7
140.0
142.2
144.1
145.0
147.4
148.0
149.3
153.9
158.1
161.7
165.5
169.4
173.8
179.2
183.8
189.7
194.6
200.0
204.7
217.2
211.4
212.4
215.9
215.4
220.8
222.8
220.6
217.7
214.7
207.4
199.5
191.7
183.3
174.9
163.1
151.3
139.4
125.3
112.3
101.7
87.90
78.02
67.30
58.54
50.52
44.55
38.96
35.31
31.83
28.04
25.07
22.65
20.67
18.92
17.28
15.87
14.87
13.81
12.85
11.99
11.06
10.18
9.280
8.492
7.800
7.232
6.755
6.271
5.687
5.219
4.707
4.042
3.506
3.207
3.029
2.955
2.976
3.033
3.101
3.162
3.178
3.139
3.059
3.006
2.964
2.920
2.875
2.858
2.851
2.847
2.845
2.837
2.826
2.814
2.806
2.785
2.766
2.743
2.759
3.189
3.558
3.307
3.255
3.148
3.035
2.892
2.899
2.938
3.007
2.995
2.997
3.005
3.011
3.020
3.051
3.083
3.120
3.169
3.193
3.228
3.270
3.333
3.458
3.541
3.615
3.781
4.506
9.673
15.81
14.91
15.58
15.14
20.46
21.56
20.13
22.92
21.89
19.22
17.45
16.92
16.43
17.09
18.34
18.44
17.75
17.58
17.79
18.59
18.92
18.69
20.06
21.45
23.54
23.42
22.33
21.68
22.80
22.67
22.71
22.70
24.04
24.47
24.52
24.29
23.92
23.81
121.8
120.8
122.0
121.4
122.2
122.6
123.4
124.7
125.8
127.2
127.5
128.0
130.3
131.2
132.9
134.7
138.3
140.8
142.6
142.0
142.4
146.0
148.0
151.7
155.4
158.0
161.3
165.6
171.4
174.0
180.9
183.0
188.4
189.8
195.0
195.7
193.2
189.9
191.4
229.4
181.8
173.0
170.3
162.6
152.1
143.1
132.8
118.8
106.3
89.86
76.65
65.21
53.79
45.68
38.29
32.04
28.80
25.86
23.36
21.84
21.00
20.00
19.13
18.26
17.40
16.90
16.21
15.39
14.72
14.11
13.60
13.11
12.79
12.30
11.66
11.03
10.32
9.554
8.794
8.106
7.474
6.916
6.351
5.683
5.174
4.586
3.895
3.388
3.092
2.915
2.849
2.863
2.916
2.981
3.036
3.056
3.007
2.939
2.895
2.860
2.819
2.783
2.765
2.753
2.749
2.749
2.745
2.738
2.727
2.714
2.695
2.679
2.652
2.629
2.616
2.634
2.873
2.910
2.882
3.225
3.587
3.350
3.045
2.951
2.936
2.907
2.905
2.909
2.917
2.942
2.969
3.019
3.057
3.077
3.119
3.160
3.229
3.365
3.440
3.529
3.695
6.090
9.342
10.21
12.82
21.10
25.85
19.41
17.89
18.68
20.26
19.25
17.56
16.12
15.51
15.50
15.08
14.40
14.33
15.14
16.21
17.47
18.06
19.10
19.36
19.84
21.04
21.71
23.08
22.71
24.57
23.35
23.16
23.46
24.96
25.12
24.89
24.40
24.07
23.95
23.59
121.9
121.0
121.6
120.9
121.2
121.7
121.8
123.4
124.1
124.5
125.5
126.6
128.3
129.5
131.4
132.2
134.5
137.8
136.8
138.1
139.5
139.4
142.6
145.4
147.7
150.9
153.8
156.7
161.7
164.5
167.2
167.0
169.9
166.9
167.6
164.8
161.0
153.9
146.9
139.9
132.4
123.3
114.5
103.0
91.74
78.40
66.65
55.39
45.95
38.19
32.24
27.81
24.59
22.13
20.54
19.78
19.30
18.90
18.79
18.25
17.75
17.32
16.85
16.44
15.97
15.49
14.95
14.43
13.90
13.47
13.04
12.66
12.39
12.05
11.60
11.06
10.51
9.946
9.266
8.632
8.005
7.342
6.685
5.964
5.358
4.854
4.151
3.498
3.099
2.905
2.763
2.766
2.819
2.872
2.925
2.947
2.913
2.839
2.789
2.752
2.716
2.678
2.658
2.653
2.651
2.651
2.650
2.648
2.643
2.637
2.616
2.591
2.588
2.643
2.817
2.763
2.806
2.886
2.956
3.021
2.774
2.751
2.780
2.808
2.824
2.826
2.828
2.837
2.838
2.854
2.881
2.913
2.967
2.983
3.026
3.064
3.116
3.250
3.354
3.384
3.496
4.321
7.594
12.02
19.53
18.96
13.98
13.19
12.77
19.29
17.53
15.17
14.54
14.75
15.78
16.08
15.31
15.34
15.66
15.72
15.12
15.60
15.96
17.01
18.71
19.74
20.60
22.45
23.23
25.15
24.73
24.06
24.13
25.90
25.21
25.05
24.71
24.90
24.51
24.10
23.53
122.1
120.3
121.2
121.1
120.6
121.5
121.9
122.2
122.5
124.2
125.1
126.0
126.7
127.5
127.4
129.7
132.9
131.8
134.3
133.8
134.3
134.4
136.4
140.1
140.8
142.3
144.1
147.5
148.7
148.3
148.3
147.7
143.0
141.6
137.2
129.0
118.8
110.9
102.8
96.99
85.56
74.72
63.90
53.07
44.03
37.14
31.07
26.39
23.06
21.37
20.22
19.82
19.84
18.96
18.44
18.01
17.86
17.66
17.47
17.16
16.78
16.41
16.10
15.82
15.35
14.95
14.43
13.94
13.48
13.03
12.56
12.28
12.05
11.73
11.41
11.00
10.59
10.16
9.666
9.186
8.714
8.111
7.469
6.551
5.852
5.277
4.400
3.581
3.115
2.877
2.711
2.697
2.737
2.788
2.830
2.864
2.836
2.766
2.733
2.694
2.646
2.612
2.600
2.585
2.585
2.586
2.594
2.593
2.588
2.586
2.579
2.568
2.543
2.535
2.878
3.393
3.018
2.874
2.861
2.806
2.675
2.668
2.681
2.711
2.723
2.728
2.732
2.734
2.740
2.754
2.779
2.818
2.853
2.879
2.916
2.958
3.018
3.155
3.235
3.316
3.460
4.256
9.752
14.41
13.44
11.66
10.80
13.82
22.39
18.57
15.76
15.92
15.23
15.36
14.32
14.34
14.92
16.05
16.09
16.13
16.15
16.72
17.40
18.24
19.04
19.92
21.59
23.70
25.59
25.60
25.11
25.06
26.19
25.91
25.50
25.88
25.85
25.23
24.78
24.02
23.01
122.4
121.0
120.7
121.2
120.8
121.9
122.5
122.3
122.8
122.4
123.3
124.4
123.6
125.2
125.8
128.0
128.5
129.9
130.2
129.4
129.2
130.2
129.4
131.6
132.4
132.3
132.8
133.4
132.7
128.7
125.1
122.9
115.0
108.7
102.5
97.34
88.52
78.78
69.64
63.67
51.87
41.53
34.64
29.49
25.71
23.07
21.54
20.72
20.28
19.84
19.41
19.13
18.93
18.37
18.05
17.91
17.78
17.64
17.47
17.27
16.99
16.77
16.49
16.21
15.82
15.40
14.94
14.50
14.05
13.45
12.98
12.50
12.15
11.97
11.62
11.30
10.86
10.36
9.870
9.430
8.945
8.349
7.750
6.984
6.161
5.613
4.751
3.799
3.187
2.935
2.701
2.667
2.693
2.734
2.780
2.804
2.781
2.711
2.661
2.630
2.586
2.550
2.532
2.527
2.529
2.537
2.536
2.532
2.524
2.520
2.508
2.486
2.464
2.441
2.441
2.458
2.490
2.530
2.587
2.849
3.309
3.294
3.014
2.706
2.664
2.658
2.657
2.662
2.669
2.683
2.703
2.724
2.779
2.793
2.834
2.866
2.923
3.039
3.154
3.215
3.328
4.083
7.415
8.605
9.826
11.27
20.29
22.56
15.49
12.65
14.85
17.67
16.53
14.91
14.53
14.38
13.11
13.32
13.62
14.39
14.91
16.04
16.41
17.17
18.43
19.86
21.49
23.25
25.33
25.23
25.42
27.31
26.81
26.55
27.15
27.23
26.41
24.82
24.15
24.03
23.10
122.0
120.7
120.1
120.1
120.7
122.0
121.6
121.2
122.0
121.2
121.9
122.0
121.6
121.8
123.5
123.2
124.8
125.8
126.0
124.8
123.8
124.1
122.2
123.0
121.6
121.0
117.4
114.4
112.5
105.3
99.24
94.47
85.84
81.04
72.27
63.42
54.58
47.83
40.07
33.91
29.61
26.13
23.80
22.48
21.77
21.07
20.74
20.46
20.08
19.88
19.81
19.96
20.17
19.30
18.71
18.39
18.17
18.13
18.08
17.80
17.50
17.27
16.97
16.73
16.40
16.12
15.72
15.26
14.51
13.93
13.25
12.53
12.05
11.57
10.99
10.62
10.25
9.703
9.267
8.774
8.282
7.721
7.253
6.603
5.901
5.467
4.759
3.817
3.188
2.907
2.673
2.629
2.642
2.686
2.727
2.750
2.733
2.670
2.621
2.589
2.546
2.509
2.496
2.484
2.480
2.483
2.486
2.493
2.491
2.489
2.469
2.449
2.433
2.415
2.463
2.513
2.526
2.558
2.583
2.637
2.574
2.553
2.566
2.580
2.594
2.591
2.589
2.589
2.583
2.591
2.606
2.630
2.677
2.694
2.733
2.778
2.832
2.962
3.059
3.093
3.175
3.444
5.677
7.506
14.18
19.85
11.26
8.906
8.936
15.39
15.74
12.89
11.76
12.35
12.00
12.17
12.40
12.63
12.80
13.40
13.06
13.55
14.02
15.36
17.63
18.89
21.01
24.06
24.62
25.66
28.11
27.90
27.46
28.93
28.09
26.92
25.86
25.42
25.01
24.33
23.15
122.4
121.1
120.5
119.9
120.6
121.6
120.5
120.6
120.6
119.8
121.2
121.5
121.5
120.7
121.1
121.6
122.4
122.5
122.6
121.3
120.5
118.8
116.1
114.8
112.9
107.7
103.2
97.93
91.95
85.03
79.11
71.95
65.82
57.83
50.03
42.90
36.20
31.09
27.23
24.44
23.20
22.57
22.15
21.68
21.36
21.01
20.74
20.36
20.15
20.07
19.93
20.17
21.02
20.35
19.02
18.68
18.36
18.36
18.44
18.14
17.74
17.29
16.75
16.41
16.04
15.60
15.03
14.52
13.98
13.23
12.56
11.95
11.39
11.00
10.52
10.16
9.776
9.277
8.897
8.464
8.020
7.556
7.109
6.584
5.956
5.445
4.874
4.011
3.223
2.946
2.699
2.599
2.614
2.648
2.687
2.711
2.698
2.635
2.579
2.539
2.508
2.470
2.450
2.443
2.446
2.447
2.460
2.461
2.457
2.444
2.426
2.413
2.400
2.405
2.719
2.895
2.872
2.751
2.731
2.623
2.535
2.491
2.498
2.515
2.519
2.519
2.519
2.518
2.520
2.524
2.544
2.556
2.607
2.628
2.651
2.697
2.732
2.836
2.967
3.008
3.091
3.285
4.597
10.97
10.83
8.061
7.225
7.388
16.54
19.43
13.65
11.77
10.91
10.92
11.09
11.35
11.91
12.78
12.37
12.51
12.76
13.26
13.99
15.21
16.28
17.43
20.04
23.51
24.80
27.70
28.28
28.24
29.74
28.96
28.21
27.71
27.42
26.18
25.29
24.08
22.59
122.1
120.4
120.2
119.8
120.1
120.6
119.6
118.8
119.8
120.6
120.1
121.0
119.8
119.7
119.9
119.5
120.2
119.8
120.0
117.7
114.5
112.1
109.7
105.5
100.1
94.55
88.51
82.15
75.38
68.60
61.83
54.37
46.94
40.35
34.67
30.21
27.04
24.71
23.42
22.67
22.29
22.32
22.08
21.59
21.24
21.06
20.81
20.61
20.51
20.25
19.99
19.78
19.74
19.04
18.76
18.44
18.23
18.10
17.79
17.46
17.07
16.67
16.25
15.81
15.33
14.89
14.41
13.96
13.35
12.71
12.13
11.70
11.24
10.96
10.65
10.37
9.953
9.466
9.089
8.690
8.222
7.731
7.262
6.650
6.062
5.509
4.913
4.067
3.268
2.991
2.690
2.604
2.609
2.631
2.664
2.690
2.695
2.623
2.579
2.535
2.502
2.469
2.446
2.431
2.427
2.430
2.447
2.450
2.446
2.440
2.426
2.406
2.393
2.364
2.360
2.357
2.390
2.509
2.747
2.730
2.865
2.799
2.629
2.473
2.462
2.461
2.460
2.447
2.442
2.443
2.455
2.470
2.501
2.521
2.557
2.590
2.641
2.746
2.865
2.912
3.030
3.380
5.868
6.821
7.053
7.936
11.51
22.90
16.09
11.14
9.481
11.64
12.21
11.33
11.55
11.82
10.69
10.55
10.78
11.18
11.82
12.95
13.81
14.15
14.88
16.59
20.15
23.51
27.21
27.95
27.80
30.31
30.03
29.35
29.55
29.66
28.05
25.79
24.86
24.32
23.21
122.5
121.1
120.6
119.9
120.2
120.5
119.0
119.7
120.7
120.0
118.6
118.9
118.5
119.4
118.7
118.8
118.3
119.0
116.5
115.1
109.8
106.3
101.8
96.92
91.16
84.74
76.58
69.74
63.09
56.90
50.04
42.86
36.53
31.84
28.12
25.78
23.99
23.29
22.77
22.51
22.45
22.39
22.26
21.75
21.44
21.21
20.98
20.77
20.52
20.37
20.39
20.38
20.93
21.06
19.12
18.32
17.83
17.42
17.16
16.93
16.45
16.17
15.88
15.40
14.89
14.49
14.09
13.64
13.13
12.60
12.11
11.57
11.40
11.27
10.97
10.63
10.26
9.702
9.339
8.958
8.578
8.161
7.623
7.065
6.459
5.969
5.272
4.349
3.437
3.062
2.725
2.573
2.590
2.624
2.650
2.681
2.679
2.610
2.547
2.505
2.468
2.426
2.401
2.393
2.391
2.395
2.403
2.407
2.394
2.388
2.379
2.353
2.333
2.331
2.371
2.357
2.368
2.413
2.544
2.613
2.426
2.401
2.396
2.428
2.420
2.418
2.379
2.378
2.368
2.372
2.381
2.399
2.436
2.454
2.484
2.520
2.561
2.644
2.787
2.845
2.927
3.197
4.450
6.282
7.450
15.88
15.64
8.758
6.660
6.237
9.667
10.40
9.608
9.444
8.795
8.280
8.367
8.588
8.854
9.663
10.27
10.90
11.95
13.02
14.88
16.34
18.59
23.31
25.76
27.26
30.43
30.90
30.38
30.76
31.01
29.58
27.94
26.95
26.09
24.97
23.44
122.2
120.6
120.0
119.9
120.4
120.0
118.5
119.7
119.3
118.0
117.9
118.1
117.8
117.7
117.6
117.6
117.4
115.5
113.6
109.9
104.8
99.95
94.46
87.55
79.58
72.64
65.72
59.10
52.20
45.34
39.06
33.58
29.35
26.50
24.66
23.72
23.32
23.09
22.88
22.59
22.52
22.44
22.32
21.98
21.73
21.63
21.48
21.08
20.87
20.89
20.58
20.45
20.81
19.99
18.89
18.11
17.70
17.29
17.16
16.89
16.52
15.98
15.61
15.13
14.74
14.30
13.74
13.23
12.81
12.32
11.83
11.42
11.32
11.42
11.38
11.13
10.85
10.35
9.947
9.497
9.070
8.706
8.023
7.331
6.665
6.009
5.110
4.132
3.397
2.994
2.687
2.582
2.576
2.602
2.630
2.655
2.647
2.588
2.529
2.490
2.454
2.414
2.390
2.375
2.372
2.366
2.368
2.383
2.386
2.385
2.377
2.352
2.336
2.312
2.471
2.532
2.676
2.593
2.529
2.486
2.409
2.340
2.351
2.363
2.349
2.338
2.323
2.318
2.309
2.303
2.306
2.313
2.351
2.359
2.393
2.421
2.460
2.572
2.705
2.766
2.881
3.067
3.791
9.228
10.70
7.436
5.468
4.463
6.680
11.95
10.89
9.300
7.744
7.274
7.805
8.199
8.294
8.441
7.931
7.706
8.533
9.626
10.93
12.62
14.55
15.75
18.26
23.58
25.52
28.81
30.79
30.91
31.24
31.72
31.16
30.17
29.23
28.03
26.51
25.11
23.36
122.7
120.6
120.7
120.1
120.8
120.7
119.1
118.9
119.3
118.5
117.7
117.4
117.1
117.3
117.1
117.0
115.3
113.8
110.5
106.8
100.6
93.94
86.89
79.65
71.72
65.37
57.92
51.86
45.14
38.42
33.09
29.02
26.28
24.59
23.76
23.30
23.19
23.13
22.92
22.76
22.71
22.72
22.89
22.38
22.18
22.05
21.79
21.48
21.44
21.12
20.76
20.72
20.53
19.64
18.81
18.30
17.84
17.52
17.25
16.86
16.42
15.80
15.26
14.78
14.20
13.64
13.09
12.57
12.17
11.64
11.28
11.07
10.90
10.91
11.04
10.90
10.84
10.39
10.21
9.881
9.462
8.987
8.325
7.609
6.706
6.110
5.332
4.300
3.498
3.029
2.730
2.567
2.567
2.594
2.628
2.634
2.622
2.567
2.495
2.457
2.422
2.378
2.348
2.337
2.337
2.341
2.346
2.351
2.348
2.343
2.324
2.305
2.281
2.250
2.220
2.218
2.222
2.243
2.287
2.464
2.440
2.435
2.453
2.353
2.295
2.264
2.258
2.253
2.245
2.245
2.251
2.257
2.291
2.316
2.333
2.367
2.396
2.466
2.601
2.686
2.774
2.963
4.198
5.889
5.188
4.425
4.515
10.09
11.77
9.309
7.511
6.326
6.871
7.659
7.935
7.820
7.649
6.965
7.178
7.897
8.776
9.279
10.08
10.85
11.97
14.20
17.16
22.87
26.42
28.94
29.31
31.53
32.61
32.17
31.99
31.53
30.15
28.55
26.40
25.40
23.87
122.4
120.5
119.9
119.9
120.9
119.9
119.2
118.0
118.6
118.0
117.3
116.3
117.0
115.4
115.9
116.8
114.8
110.3
107.7
101.0
94.46
86.47
78.90
71.77
64.63
57.58
51.18
44.36
37.81
32.61
28.70
26.04
24.52
23.80
23.55
23.38
23.31
23.25
23.12
22.93
22.85
22.77
22.68
22.44
22.25
22.02
21.78
21.62
21.34
21.06
21.13
21.01
21.53
20.90
19.26
18.50
17.90
17.65
17.21
16.73
16.22
15.68
15.11
14.53
13.94
13.47
12.91
12.43
11.92
11.43
11.17
10.84
10.73
10.70
10.78
10.68
10.69
10.24
10.21
9.936
9.688
9.315
8.652
7.941
7.008
6.368
5.384
4.277
3.416
2.925
2.684
2.555
2.547
2.568
2.599
2.610
2.605
2.543
2.482
2.442
2.406
2.368
2.335
2.319
2.312
2.311
2.319
2.323
2.327
2.327
2.323
2.295
2.277
2.248
2.243
2.231
2.225
2.230
2.249
2.257
2.253
2.243
2.240
2.242
2.238
2.238
2.230
2.217
2.205
2.192
2.189
2.196
2.229
2.256
2.275
2.299
2.330
2.420
2.545
2.593
2.683
2.871
3.393
3.435
3.552
8.817
8.608
5.118
4.132
3.854
4.317
5.434
6.495
6.793
6.142
5.565
5.518
5.675
6.463
7.530
8.589
9.201
9.610
10.35
12.36
13.81
16.59
22.78
26.80
28.54
30.36
31.96
32.59
33.33
33.04
31.64
30.05
29.21
27.60
25.74
23.91
122.7
120.9
120.6
119.8
120.6
119.4
118.7
119.0
119.2
118.5
117.4
116.5
116.6
116.2
116.1
116.7
113.8
110.2
105.2
98.89
91.84
83.53
74.38
67.35
60.26
53.69
46.54
39.93
34.18
29.97
26.79
25.01
24.15
23.74
23.60
23.49
23.48
23.36
23.09
22.94
22.87
22.92
22.79
22.57
22.35
22.19
21.93
21.65
21.31
21.22
21.14
21.76
21.79
21.11
19.51
18.85
18.41
18.11
17.75
17.34
16.82
16.32
15.71
15.25
14.79
14.27
13.74
13.15
12.80
12.37
11.96
11.70
11.53
11.46
11.63
11.46
11.44
11.03
10.86
10.56
10.31
10.03
9.483
8.603
7.236
6.249
5.155
4.059
3.366
2.937
2.706
2.561
2.561
2.585
2.605
2.611
2.605
2.542
2.473
2.429
2.387
2.350
2.308
2.298
2.296
2.303
2.313
2.321
2.319
2.318
2.310
2.282
2.262
2.254
2.295
2.389
2.357
2.348
2.345
2.325
2.215
2.194
2.193
2.193
2.190
2.183
2.174
2.163
2.158
2.153
2.154
2.168
2.194
2.214
2.232
2.262
2.286
2.350
2.472
2.541
2.610
2.742
2.950
3.843
4.134
3.340
3.524
3.711
3.822
4.541
5.994
6.718
6.121
5.274
5.126
5.158
5.508
6.173
6.557
6.664
7.324
7.887
8.967
10.29
11.69
13.06
15.47
22.12
26.23
28.61
31.59
32.02
33.28
33.43
33.21
32.00
31.51
29.83
27.86
25.81
24.20
122.3
120.7
120.4
119.3
120.2
119.3
118.5
117.8
118.5
117.2
117.6
115.4
115.6
115.6
114.3
113.4
111.7
108.9
102.7
94.69
85.87
78.20
70.50
62.81
55.33
48.70
42.10
35.78
30.96
27.58
25.38
24.32
23.84
23.68
23.58
23.44
23.41
23.30
23.16
23.01
23.12
23.32
23.17
22.71
22.46
22.38
22.03
21.79
21.52
21.28
20.90
20.99
21.32
19.97
19.32
18.90
18.59
18.24
17.76
17.41
17.01
16.44
15.89
15.37
14.72
14.10
13.63
13.06
12.64
12.19
11.99
11.76
11.59
11.52
11.72
11.50
11.47
11.26
11.00
10.73
10.20
9.700
9.087
8.108
7.118
6.329
5.477
4.516
3.583
3.021
2.784
2.583
2.567
2.571
2.592
2.606
2.610
2.557
2.485
2.444
2.408
2.360
2.327
2.309
2.292
2.291
2.305
2.313
2.318
2.317
2.307
2.280
2.250
2.206
2.172
2.154
2.147
2.148
2.163
2.217
2.223
2.205
2.180
2.174
2.172
2.168
2.164
2.148
2.138
2.127
2.126
2.125
2.156
2.170
2.179
2.214
2.236
2.306
2.428
2.491
2.555
2.629
2.754
2.848
3.197
3.425
3.490
4.070
5.615
6.833
6.621
5.342
5.004
4.879
5.187
5.407
5.760
6.122
6.486
6.876
7.141
7.631
8.489
9.961
11.00
12.38
16.22
22.36
26.39
29.68
30.79
33.19
33.79
33.67
33.48
33.43
31.71
29.91
27.73
26.41
24.69
122.6
120.7
121.0
120.1
120.3
120.1
120.7
118.5
118.2
117.8
117.0
116.3
115.5
116.3
114.1
112.5
110.8
107.7
101.9
94.82
84.87
76.46
69.32
61.58
53.96
46.99
40.34
34.04
29.88
26.96
25.03
24.14
23.95
23.82
23.77
23.64
23.61
23.49
23.29
23.10
23.19
23.31
23.07
22.79
22.56
22.32
22.08
21.82
21.46
21.14
21.11
21.58
22.21
21.55
19.71
19.01
18.57
18.18
17.88
17.57
17.18
16.73
16.42
15.90
15.42
14.81
14.18
13.64
13.25
12.90
12.61
12.43
12.49
12.46
12.44
12.28
12.03
11.75
11.30
10.99
10.28
9.486
8.863
8.112
7.195
6.560
5.859
4.977
3.931
3.157
2.925
2.600
2.565
2.582
2.605
2.615
2.615
2.565
2.493
2.443
2.402
2.362
2.317
2.303
2.296
2.302
2.318
2.323
2.320
2.315
2.302
2.272
2.241
2.214
2.218
2.212
2.213
2.215
2.215
2.206
2.169
2.161
2.153
2.150
2.148
2.145
2.138
2.129
2.111
2.109
2.113
2.117
2.149
2.167
2.174
2.205
2.229
2.278
2.398
2.463
2.518
2.629
2.780
2.860
2.937
3.288
4.147
3.870
3.489
3.386
3.317
3.330
3.387
3.531
3.645
3.956
4.364
4.770
5.461
6.432
7.359
8.166
8.891
9.522
11.28
13.62
15.69
21.95
26.55
29.69
31.64
32.60
33.84
34.82
34.53
33.09
32.02
31.07
28.74
26.47
24.48
122.4
120.3
120.9
120.0
119.2
119.3
118.5
118.6
118.4
117.5
116.2
116.4
116.0
115.1
114.3
112.6
110.0
105.0
98.73
91.84
82.71
74.70
66.72
58.74
51.58
44.87
37.92
32.48
28.67
25.99
24.67
24.06
23.95
23.89
23.73
23.66
23.68
23.61
23.38
23.16
23.18
23.26
23.16
22.88
22.64
22.40
22.13
21.78
21.38
21.23
21.32
22.12
22.19
20.92
19.49
18.83
18.38
18.05
17.83
17.57
17.29
17.04
16.65
16.24
16.00
15.70
15.18
14.77
14.37
14.01
13.88
13.75
13.59
13.37
13.05
12.67
12.37
11.71
11.24
10.44
9.839
9.235
8.702
8.265
7.436
6.821
6.246
5.227
4.011
3.234
2.887
2.600
2.573
2.584
2.600
2.610
2.624
2.582
2.511
2.459
2.420
2.373
2.331
2.316
2.297
2.294
2.304
2.319
2.322
2.318
2.307
2.275
2.249
2.216
2.225
2.273
2.269
2.265
2.245
2.225
2.168
2.163
2.155
2.148
2.148
2.145
2.136
2.131
2.112
2.099
2.099
2.098
2.121
2.141
2.150
2.171
2.198
2.263
2.388
2.432
2.510
2.605
2.763
2.838
2.832
2.836
3.090
3.281
3.235
3.232
3.284
3.393
3.506
3.709
4.105
4.489
5.079
5.660
6.083
6.442
6.780
7.438
8.619
9.513
11.54
13.53
16.00
23.10
27.56
29.95
32.01
32.43
34.05
35.16
34.48
33.29
32.47
30.64
28.70
26.43
24.54
122.5
121.1
121.1
120.7
119.2
118.8
118.4
119.5
118.6
117.5
117.0
116.6
115.3
114.8
114.2
111.5
108.8
106.3
100.7
91.80
82.47
74.61
66.58
59.05
51.40
44.84
38.22
32.85
28.84
26.27
24.75
24.17
23.94
23.81
23.67
23.59
23.49
23.59
23.33
23.26
23.34
23.77
23.82
22.83
22.84
22.59
22.37
22.07
21.64
21.40
21.02
20.99
21.60
20.34
19.24
18.90
18.59
18.17
17.77
17.55
17.31
17.01
16.72
16.69
16.41
15.94
15.67
15.32
15.00
14.58
14.55
14.77
13.82
13.51
13.12
12.51
12.26
11.64
11.13
10.35
9.652
9.087
8.687
8.294
7.431
7.045
6.667
5.739
4.658
3.434
3.206
2.630
2.582
2.594
2.604
2.619
2.635
2.587
2.513
2.454
2.409
2.360
2.323
2.298
2.290
2.289
2.311
2.318
2.318
2.313
2.303
2.277
2.239
2.194
2.137
2.118
2.115
2.118
2.138
2.158
2.155
2.145
2.140
2.140
2.147
2.130
2.120
2.115
2.097
2.093
2.095
2.096
2.120
2.138
2.148
2.180
2.193
2.249
2.365
2.440
2.508
2.589
2.697
2.749
2.909
3.110
3.039
3.215
3.208
3.239
3.484
3.840
4.423
4.849
5.489
5.817
5.954
5.889
5.988
6.184
6.554
7.044
7.703
9.859
11.18
12.27
16.42
22.80
27.71
30.52
31.27
33.64
34.10
34.34
34.72
34.14
32.65
30.62
28.30
26.55
25.05
122.4
120.3
120.9
120.0
119.2
119.3
118.5
118.6
118.4
117.5
116.2
116.4
116.0
115.1
114.3
112.6
110.0
105.0
98.73
91.84
82.71
74.70
66.72
58.74
51.58
44.87
37.92
32.48
28.67
25.99
24.67
24.06
23.95
23.89
23.73
23.66
23.68
23.61
23.38
23.16
23.18
23.26
23.16
22.88
22.64
22.40
22.13
21.78
21.38
21.23
21.32
22.12
22.19
20.92
19.49
18.83
18.38
18.05
17.83
17.57
17.29
17.04
16.65
16.24
16.00
15.70
15.18
14.77
14.37
14.01
13.88
13.75
13.59
13.37
13.05
12.67
12.37
11.71
11.24
10.44
9.839
9.235
8.702
8.265
7.436
6.821
6.246
5.227
4.011
3.234
2.887
2.600
2.573
2.584
2.600
2.610
2.624
2.582
2.511
2.459
2.420
2.373
2.331
2.316
2.297
2.294
2.304
2.319
2.322
2.318
2.307
2.275
2.249
2.216
2.225
2.273
2.269
2.265
2.245
2.225
2.168
2.163
2.155
2.148
2.148
2.145
2.136
2.131
2.112
2.099
2.099
2.098
2.121
2.141
2.150
2.171
2.198
2.263
2.388
2.432
2.510
2.605
2.763
2.838
2.832
2.836
3.090
3.281
3.235
3.232
3.284
3.393
3.506
3.709
4.105
4.489
5.079
5.660
6.083
6.442
6.780
7.438
8.619
9.513
11.54
13.53
16.00
23.10
27.56
29.95
32.01
32.43
34.05
35.16
34.48
33.29
32.47
30.64
28.70
26.43
24.54
122.6
120.7
121.0
120.1
120.3
120.1
120.7
118.5
118.2
117.8
117.0
116.3
115.5
116.3
114.1
112.5
110.8
107.7
101.9
94.82
84.87
76.46
69.32
61.58
53.96
46.99
40.34
34.04
29.88
26.96
25.03
24.14
23.95
23.82
23.77
23.64
23.61
23.49
23.29
23.10
23.19
23.31
23.07
22.79
22.56
22.32
22.08
21.82
21.46
21.14
21.11
21.58
22.21
21.55
19.71
19.01
18.57
18.18
17.88
17.57
17.18
16.73
16.42
15.90
15.42
14.81
14.18
13.64
13.25
12.90
12.61
12.43
12.49
12.46
12.44
12.28
12.03
11.75
11.30
10.99
10.28
9.486
8.863
8.112
7.195
6.560
5.859
4.977
3.931
3.157
2.925
2.600
2.565
2.582
2.605
2.615
2.615
2.565
2.493
2.443
2.402
2.362
2.317
2.303
2.296
2.302
2.318
2.323
2.320
2.315
2.302
2.272
2.241
2.214
2.218
2.212
2.213
2.215
2.215
2.206
2.169
2.161
2.153
2.150
2.148
2.145
2.138
2.129
2.111
2.109
2.113
2.117
2.149
2.167
2.174
2.205
2.229
2.278
2.398
2.463
2.518
2.629
2.780
2.860
2.937
3.288
4.147
3.870
3.489
3.386
3.317
3.330
3.387
3.531
3.645
3.956
4.364
4.770
5.461
6.432
7.359
8.166
8.891
9.522
11.28
13.62
15.69
21.95
26.55
29.69
31.64
32.60
33.84
34.82
34.53
33.09
32.02
31.07
28.74
26.47
24.48
122.3
120.7
120.4
119.3
120.2
119.3
118.5
117.8
118.5
117.2
117.6
115.4
115.6
115.6
114.3
113.4
111.7
108.9
102.7
94.69
85.87
78.20
70.50
62.81
55.33
48.70
42.10
35.78
30.96
27.58
25.38
24.32
23.84
23.68
23.58
23.44
23.41
23.30
23.16
23.01
23.12
23.32
23.17
22.71
22.46
22.38
22.03
21.79
21.52
21.28
20.90
20.99
21.32
19.97
19.32
18.90
18.59
18.24
17.76
17.41
17.01
16.44
15.89
15.37
14.72
14.10
13.63
13.06
12.64
12.19
11.99
11.76
11.59
11.52
11.72
11.50
11.47
11.26
11.00
10.73
10.20
9.700
9.087
8.108
7.118
6.329
5.477
4.516
3.583
3.021
2.784
2.583
2.567
2.571
2.592
2.606
2.610
2.557
2.485
2.444
2.408
2.360
2.327
2.309
2.292
2.291
2.305
2.313
2.318
2.317
2.307
2.280
2.250
2.206
2.172
2.154
2.147
2.148
2.163
2.217
2.223
2.205
2.180
2.174
2.172
2.168
2.164
2.148
2.138
2.127
2.126
2.125
2.156
2.170
2.179
2.214
2.236
2.306
2.428
2.491
2.555
2.629
2.754
2.848
3.197
3.425
3.490
4.070
5.615
6.833
6.621
5.342
5.004
4.879
5.187
5.407
5.760
6.122
6.486
6.876
7.141
7.631
8.489
9.961
11.00
12.38
16.22
22.36
26.39
29.68
30.79
33.19
33.79
33.67
33.48
33.43
31.71
29.91
27.73
26.41
24.69
122.7
120.9
120.6
119.8
120.6
119.4
118.7
119.0
119.2
118.5
117.4
116.5
116.6
116.2
116.1
116.7
113.8
110.2
105.2
98.89
91.84
83.53
74.38
67.35
60.26
53.69
46.54
39.93
34.18
29.97
26.79
25.01
24.15
23.74
23.60
23.49
23.48
23.36
23.09
22.94
22.87
22.92
22.79
22.57
22.35
22.19
21.93
21.65
21.31
21.22
21.14
21.76
21.79
21.11
19.51
18.85
18.41
18.11
17.75
17.34
16.82
16.32
15.71
15.25
14.79
14.27
13.74
13.15
12.80
12.37
11.96
11.70
11.53
11.46
11.63
11.46
11.44
11.03
10.86
10.56
10.31
10.03
9.483
8.603
7.236
6.249
5.155
4.059
3.366
2.937
2.706
2.561
2.561
2.585
2.605
2.611
2.605
2.542
2.473
2.429
2.387
2.350
2.308
2.298
2.296
2.303
2.313
2.321
2.319
2.318
2.310
2.282
2.262
2.254
2.295
2.389
2.357
2.348
2.345
2.325
2.215
2.194
2.193
2.193
2.190
2.183
2.174
2.163
2.158
2.153
2.154
2.168
2.194
2.214
2.232
2.262
2.286
2.350
2.472
2.541
2.610
2.742
2.950
3.843
4.134
3.340
3.524
3.711
3.822
4.541
5.994
6.718
6.121
5.274
5.126
5.158
5.508
6.173
6.557
6.664
7.324
7.887
8.967
10.29
11.69
13.06
15.47
22.12
26.23
28.61
31.59
32.02
33.28
33.43
33.21
32.00
31.51
29.83
27.86
25.81
24.20
122.4
120.5
119.9
119.9
120.9
119.9
119.2
118.0
118.6
118.0
117.3
116.3
117.0
115.4
115.9
116.8
114.8
110.3
107.7
101.0
94.46
86.47
78.90
71.77
64.63
57.58
51.18
44.36
37.81
32.61
28.70
26.04
24.52
23.80
23.55
23.38
23.31
23.25
23.12
22.93
22.85
22.77
22.68
22.44
22.25
22.02
21.78
21.62
21.34
21.06
21.13
21.01
21.53
20.90
19.26
18.50
17.90
17.65
17.21
16.73
16.22
15.68
15.11
14.53
13.94
13.47
12.91
12.43
11.92
11.43
11.17
10.84
10.73
10.70
10.78
10.68
10.69
10.24
10.21
9.936
9.688
9.315
8.652
7.941
7.008
6.368
5.384
4.277
3.416
2.925
2.684
2.555
2.547
2.568
2.599
2.610
2.605
2.543
2.482
2.442
2.406
2.368
2.335
2.319
2.312
2.311
2.319
2.323
2.327
2.327
2.323
2.295
2.277
2.248
2.243
2.231
2.225
2.230
2.249
2.257
2.253
2.243
2.240
2.242
2.238
2.238
2.230
2.217
2.205
2.192
2.189
2.196
2.229
2.256
2.275
2.299
2.330
2.420
2.545
2.593
2.683
2.871
3.393
3.435
3.552
8.817
8.608
5.118
4.132
3.854
4.317
5.434
6.495
6.793
6.142
5.565
5.518
5.675
6.463
7.530
8.589
9.201
9.610
10.35
12.36
13.81
16.59
22.78
26.80
28.54
30.36
31.96
32.59
33.33
33.04
31.64
30.05
29.21
27.60
25.74
23.91
122.7
120.6
120.7
120.1
120.8
120.7
119.1
118.9
119.3
118.5
117.7
117.4
117.1
117.3
117.1
117.0
115.3
113.8
110.5
106.8
100.6
93.94
86.89
79.65
71.72
65.37
57.92
51.86
45.14
38.42
33.09
29.02
26.28
24.59
23.76
23.30
23.19
23.13
22.92
22.76
22.71
22.72
22.89
22.38
22.18
22.05
21.79
21.48
21.44
21.12
20.76
20.72
20.53
19.64
18.81
18.30
17.84
17.52
17.25
16.86
16.42
15.80
15.26
14.78
14.20
13.64
13.09
12.57
12.17
11.64
11.28
11.07
10.90
10.91
11.04
10.90
10.84
10.39
10.21
9.881
9.462
8.987
8.325
7.609
6.706
6.110
5.332
4.300
3.498
3.029
2.730
2.567
2.567
2.594
2.628
2.634
2.622
2.567
2.495
2.457
2.422
2.378
2.348
2.337
2.337
2.341
2.346
2.351
2.348
2.343
2.324
2.305
2.281
2.250
2.220
2.218
2.222
2.243
2.287
2.464
2.440
2.435
2.453
2.353
2.295
2.264
2.258
2.253
2.245
2.245
2.251
2.257
2.291
2.316
2.333
2.367
2.396
2.466
2.601
2.686
2.774
2.963
4.198
5.889
5.188
4.425
4.515
10.09
11.77
9.309
7.511
6.326
6.871
7.659
7.935
7.820
7.649
6.965
7.178
7.897
8.776
9.279
10.08
10.85
11.97
14.20
17.16
22.87
26.42
28.94
29.31
31.53
32.61
32.17
31.99
31.53
30.15
28.55
26.40
25.40
23.87
122.2
120.6
120.0
119.9
120.4
120.0
118.5
119.7
119.3
118.0
117.9
118.1
117.8
117.7
117.6
117.6
117.4
115.5
113.6
109.9
104.8
99.95
94.46
87.55
79.58
72.64
65.72
59.10
52.20
45.34
39.06
33.58
29.35
26.50
24.66
23.72
23.32
23.09
22.88
22.59
22.52
22.44
22.32
21.98
21.73
21.63
21.48
21.08
20.87
20.89
20.58
20.45
20.81
19.99
18.89
18.11
17.70
17.29
17.16
16.89
16.52
15.98
15.61
15.13
14.74
14.30
13.74
13.23
12.81
12.32
11.83
11.42
11.32
11.42
11.38
11.13
10.85
10.35
9.947
9.497
9.070
8.706
8.023
7.331
6.665
6.009
5.110
4.132
3.397
2.994
2.687
2.582
2.576
2.602
2.630
2.655
2.647
2.588
2.529
2.490
2.454
2.414
2.390
2.375
2.372
2.366
2.368
2.383
2.386
2.385
2.377
2.352
2.336
2.312
2.471
2.532
2.676
2.593
2.529
2.486
2.409
2.340
2.351
2.363
2.349
2.338
2.323
2.318
2.309
2.303
2.306
2.313
2.351
2.359
2.393
2.421
2.460
2.572
2.705
2.766
2.881
3.067
3.791
9.228
10.70
7.436
5.468
4.463
6.680
11.95
10.89
9.300
7.744
7.274
7.805
8.199
8.294
8.441
7.931
7.706
8.533
9.626
10.93
12.62
14.55
15.75
18.26
23.58
25.52
28.81
30.79
30.91
31.24
31.72
31.16
30.17
29.23
28.03
26.51
25.11
23.36
122.5
121.1
120.6
119.9
120.2
120.5
119.0
119.7
120.7
120.0
118.6
118.9
118.5
119.4
118.7
118.8
118.3
119.0
116.5
115.1
109.8
106.3
101.8
96.92
91.16
84.74
76.58
69.74
63.09
56.90
50.04
42.86
36.53
31.84
28.12
25.78
23.99
23.29
22.77
22.51
22.45
22.39
22.26
21.75
21.44
21.21
20.98
20.77
20.52
20.37
20.39
20.38
20.93
21.06
19.12
18.32
17.83
17.42
17.16
16.93
16.45
16.17
15.88
15.40
14.89
14.49
14.09
13.64
13.13
12.60
12.11
11.57
11.40
11.27
10.97
10.63
10.26
9.702
9.339
8.958
8.578
8.161
7.623
7.065
6.459
5.969
5.272
4.349
3.437
3.062
2.725
2.573
2.590
2.624
2.650
2.681
2.679
2.610
2.547
2.505
2.468
2.426
2.401
2.393
2.391
2.395
2.403
2.407
2.394
2.388
2.379
2.353
2.333
2.331
2.371
2.357
2.368
2.413
2.544
2.613
2.426
2.401
2.396
2.428
2.420
2.418
2.379
2.378
2.368
2.372
2.381
2.399
2.436
2.454
2.484
2.520
2.561
2.644
2.787
2.845
2.927
3.197
4.450
6.282
7.450
15.88
15.64
8.758
6.660
6.237
9.667
10.40
9.608
9.444
8.795
8.280
8.367
8.588
8.854
9.663
10.27
10.90
11.95
13.02
14.88
16.34
18.59
23.31
25.76
27.26
30.43
30.90
30.38
30.76
31.01
29.58
27.94
26.95
26.09
24.97
23.44
122.1
120.4
120.2
119.8
120.1
120.6
119.6
118.8
119.8
120.6
120.1
121.0
119.8
119.7
119.9
119.5
120.2
119.8
120.0
117.7
114.5
112.1
109.7
105.5
100.1
94.55
88.51
82.15
75.38
68.60
61.83
54.37
46.94
40.35
34.67
30.21
27.04
24.71
23.42
22.67
22.29
22.32
22.08
21.59
21.24
21.06
20.81
20.61
20.51
20.25
19.99
19.78
19.74
19.04
18.76
18.44
18.23
18.10
17.79
17.46
17.07
16.67
16.25
15.81
15.33
14.89
14.41
13.96
13.35
12.71
12.13
11.70
11.24
10.96
10.65
10.37
9.953
9.466
9.089
8.690
8.222
7.731
7.262
6.650
6.062
5.509
4.913
4.067
3.268
2.991
2.690
2.604
2.609
2.631
2.664
2.690
2.695
2.623
2.579
2.535
2.502
2.469
2.446
2.431
2.427
2.430
2.447
2.450
2.446
2.440
2.426
2.406
2.393
2.364
2.360
2.357
2.390
2.509
2.747
2.730
2.865
2.799
2.629
2.473
2.462
2.461
2.460
2.447
2.442
2.443
2.455
2.470
2.501
2.521
2.557
2.590
2.641
2.746
2.865
2.912
3.030
3.380
5.868
6.821
7.053
7.936
11.51
22.90
16.09
11.14
9.481
11.64
12.21
11.33
11.55
11.82
10.69
10.55
10.78
11.18
11.82
12.95
13.81
14.15
14.88
16.59
20.15
23.51
27.21
27.95
27.80
30.31
30.03
29.35
29.55
29.66
28.05
25.79
24.86
24.32
23.21
122.4
121.1
120.5
119.9
120.6
121.6
120.5
120.6
120.6
119.8
121.2
121.5
121.5
120.7
121.1
121.6
122.4
122.5
122.6
121.3
120.5
118.8
116.1
114.8
112.9
107.7
103.2
97.93
91.95
85.03
79.11
71.95
65.82
57.83
50.03
42.90
36.20
31.09
27.23
24.44
23.20
22.57
22.15
21.68
21.36
21.01
20.74
20.36
20.15
20.07
19.93
20.17
21.02
20.35
19.02
18.68
18.36
18.36
18.44
18.14
17.74
17.29
16.75
16.41
16.04
15.60
15.03
14.52
13.98
13.23
12.56
11.95
11.39
11.00
10.52
10.16
9.776
9.277
8.897
8.464
8.020
7.556
7.109
6.584
5.956
5.445
4.874
4.011
3.223
2.946
2.699
2.599
2.614
2.648
2.687
2.711
2.698
2.635
2.579
2.539
2.508
2.470
2.450
2.443
2.446
2.447
2.460
2.461
2.457
2.444
2.426
2.413
2.400
2.405
2.719
2.895
2.872
2.751
2.731
2.623
2.535
2.491
2.498
2.515
2.519
2.519
2.519
2.518
2.520
2.524
2.544
2.556
2.607
2.628
2.651
2.697
2.732
2.836
2.967
3.008
3.091
3.285
4.597
10.97
10.83
8.061
7.225
7.388
16.54
19.43
13.65
11.77
10.91
10.92
11.09
11.35
11.91
12.78
12.37
12.51
12.76
13.26
13.99
15.21
16.28
17.43
20.04
23.51
24.80
27.70
28.28
28.24
29.74
28.96
28.21
27.71
27.42
26.18
25.29
24.08
22.59
122.0
120.7
120.1
120.1
120.7
122.0
121.6
121.2
122.0
121.2
121.9
122.0
121.6
121.8
123.5
123.2
124.8
125.8
126.0
124.8
123.8
124.1
122.2
123.0
121.6
121.0
117.4
114.4
112.5
105.3
99.24
94.47
85.84
81.04
72.27
63.42
54.58
47.83
40.07
33.91
29.61
26.13
23.80
22.48
21.77
21.07
20.74
20.46
20.08
19.88
19.81
19.96
20.17
19.30
18.71
18.39
18.17
18.13
18.08
17.80
17.50
17.27
16.97
16.73
16.40
16.12
15.72
15.26
14.51
13.93
13.25
12.53
12.05
11.57
10.99
10.62
10.25
9.703
9.267
8.774
8.282
7.721
7.253
6.603
5.901
5.467
4.759
3.817
3.188
2.907
2.673
2.629
2.642
2.686
2.727
2.750
2.733
2.670
2.621
2.589
2.546
2.509
2.496
2.484
2.480
2.483
2.486
2.493
2.491
2.489
2.469
2.449
2.433
2.415
2.463
2.513
2.526
2.558
2.583
2.637
2.574
2.553
2.566
2.580
2.594
2.591
2.589
2.589
2.583
2.591
2.606
2.630
2.677
2.694
2.733
2.778
2.832
2.962
3.059
3.093
3.175
3.444
5.677
7.506
14.18
19.85
11.26
8.906
8.936
15.39
15.74
12.89
11.76
12.35
12.00
12.17
12.40
12.63
12.80
13.40
13.06
13.55
14.02
15.36
17.63
18.89
21.01
24.06
24.62
25.66
28.11
27.90
27.46
28.93
28.09
26.92
25.86
25.42
25.01
24.33
23.15
122.4
121.0
120.7
121.2
120.8
121.9
122.5
122.3
122.8
122.4
123.3
124.4
123.6
125.2
125.8
128.0
128.5
129.9
130.2
129.4
129.2
130.2
129.4
131.6
132.4
132.3
132.8
133.4
132.7
128.7
125.1
122.9
115.0
108.7
102.5
97.34
88.52
78.78
69.64
63.67
51.87
41.53
34.64
29.49
25.71
23.07
21.54
20.72
20.28
19.84
19.41
19.13
18.93
18.37
18.05
17.91
17.78
17.64
17.47
17.27
16.99
16.77
16.49
16.21
15.82
15.40
14.94
14.50
14.05
13.45
12.98
12.50
12.15
11.97
11.62
11.30
10.86
10.36
9.870
9.430
8.945
8.349
7.750
6.984
6.161
5.613
4.751
3.799
3.187
2.935
2.701
2.667
2.693
2.734
2.780
2.804
2.781
2.711
2.661
2.630
2.586
2.550
2.532
2.527
2.529
2.537
2.536
2.532
2.524
2.520
2.508
2.486
2.464
2.441
2.441
2.458
2.490
2.530
2.587
2.849
3.309
3.294
3.014
2.706
2.664
2.658
2.657
2.662
2.669
2.683
2.703
2.724
2.779
2.793
2.834
2.866
2.923
3.039
3.154
3.215
3.328
4.083
7.415
8.605
9.826
11.27
20.29
22.56
15.49
12.65
14.85
17.67
16.53
14.91
14.53
14.38
13.11
13.32
13.62
14.39
14.91
16.04
16.41
17.17
18.43
19.86
21.49
23.25
25.33
25.23
25.42
27.31
26.81
26.55
27.15
27.23
26.41
24.82
24.15
24.03
23.10
122.1
120.3
121.2
121.1
120.6
121.5
121.9
122.2
122.5
124.2
125.1
126.0
126.7
127.5
127.4
129.7
132.9
131.8
134.3
133.8
134.3
134.4
136.4
140.1
140.8
142.3
144.1
147.5
148.7
148.3
148.3
147.7
143.0
141.6
137.2
129.0
118.8
110.9
102.8
96.99
85.56
74.72
63.90
53.07
44.03
37.14
31.07
26.39
23.06
21.37
20.22
19.82
19.84
18.96
18.44
18.01
17.86
17.66
17.47
17.16
16.78
16.41
16.10
15.82
15.35
14.95
14.43
13.94
13.48
13.03
12.56
12.28
12.05
11.73
11.41
11.00
10.59
10.16
9.666
9.186
8.714
8.111
7.469
6.551
5.852
5.277
4.400
3.581
3.115
2.877
2.711
2.697
2.737
2.788
2.830
2.864
2.836
2.766
2.733
2.694
2.646
2.612
2.600
2.585
2.585
2.586
2.594
2.593
2.588
2.586
2.579
2.568
2.543
2.535
2.878
3.393
3.018
2.874
2.861
2.806
2.675
2.668
2.681
2.711
2.723
2.728
2.732
2.734
2.740
2.754
2.779
2.818
2.853
2.879
2.916
2.958
3.018
3.155
3.235
3.316
3.460
4.256
9.752
14.41
13.44
11.66
10.80
13.82
22.39
18.57
15.76
15.92
15.23
15.36
14.32
14.34
14.92
16.05
16.09
16.13
16.15
16.72
17.40
18.24
19.04
19.92
21.59
23.70
25.59
25.60
25.11
25.06
26.19
25.91
25.50
25.88
25.85
25.23
24.78
24.02
23.01
121.9
121.0
121.6
120.9
121.2
121.7
121.8
123.4
124.1
124.5
125.5
126.6
128.3
129.5
131.4
132.2
134.5
137.8
136.8
138.1
139.5
139.4
142.6
145.4
147.7
150.9
153.8
156.7
161.7
164.5
167.2
167.0
169.9
166.9
167.6
164.8
161.0
153.9
146.9
139.9
132.4
123.3
114.5
103.0
91.74
78.40
66.65
55.39
45.95
38.19
32.24
27.81
24.59
22.13
20.54
19.78
19.30
18.90
18.79
18.25
17.75
17.32
16.85
16.44
15.97
15.49
14.95
14.43
13.90
13.47
13.04
12.66
12.39
12.05
11.60
11.06
10.51
9.946
9.266
8.632
8.005
7.342
6.685
5.964
5.358
4.854
4.151
3.498
3.099
2.905
2.763
2.766
2.819
2.872
2.925
2.947
2.913
2.839
2.789
2.752
2.716
2.678
2.658
2.653
2.651
2.651
2.650
2.648
2.643
2.637
2.616
2.591
2.588
2.643
2.817
2.763
2.806
2.886
2.956
3.021
2.774
2.751
2.780
2.808
2.824
2.826
2.828
2.837
2.838
2.854
2.881
2.913
2.967
2.983
3.026
3.064
3.116
3.250
3.354
3.384
3.496
4.321
7.594
12.02
19.53
18.96
13.98
13.19
12.77
19.29
17.53
15.17
14.54
14.75
15.78
16.08
15.31
15.34
15.66
15.72
15.12
15.60
15.96
17.01
18.71
19.74
20.60
22.45
23.23
25.15
24.73
24.06
24.13
25.90
25.21
25.05
24.71
24.90
24.51
24.10
23.53
121.8
120.8
122.0
121.4
122.2
122.6
123.4
124.7
125.8
127.2
127.5
128.0
130.3
131.2
132.9
134.7
138.3
140.8
142.6
142.0
142.4
146.0
148.0
151.7
155.4
158.0
161.3
165.6
171.4
174.0
180.9
183.0
188.4
189.8
195.0
195.7
193.2
189.9
191.4
229.4
181.8
173.0
170.3
162.6
152.1
143.1
132.8
118.8
106.3
89.86
76.65
65.21
53.79
45.68
38.29
32.04
28.80
25.86
23.36
21.84
21.00
20.00
19.13
18.26
17.40
16.90
16.21
15.39
14.72
14.11
13.60
13.11
12.79
12.30
11.66
11.03
10.32
9.554
8.794
8.106
7.474
6.916
6.351
5.683
5.174
4.586
3.895
3.388
3.092
2.915
2.849
2.863
2.916
2.981
3.036
3.056
3.007
2.939
2.895
2.860
2.819
2.783
2.765
2.753
2.749
2.749
2.745
2.738
2.727
2.714
2.695
2.679
2.652
2.629
2.616
2.634
2.873
2.910
2.882
3.225
3.587
3.350
3.045
2.951
2.936
2.907
2.905
2.909
2.917
2.942
2.969
3.019
3.057
3.077
3.119
3.160
3.229
3.365
3.440
3.529
3.695
6.090
9.342
10.21
12.82
21.10
25.85
19.41
17.89
18.68
20.26
19.25
17.56
16.12
15.51
15.50
15.08
14.40
14.33
15.14
16.21
17.47
18.06
19.10
19.36
19.84
21.04
21.71
23.08
22.71
24.57
23.35
23.16
23.46
24.96
25.12
24.89
24.40
24.07
23.95
23.59
122.1
121.3
122.5
121.9
122.4
123.5
124.9
126.0
127.9
127.4
129.5
130.2
132.6
134.2
136.7
140.0
142.2
144.1
145.0
147.4
148.0
149.3
153.9
158.1
161.7
165.5
169.4
173.8
179.2
183.8
189.7
194.6
200.0
204.7
217.2
211.4
212.4
215.9
215.4
220.8
222.8
220.6
217.7
214.7
207.4
199.5
191.7
183.3
174.9
163.1
151.3
139.4
125.3
112.3
101.7
87.90
78.02
67.30
58.54
50.52
44.55
38.96
35.31
31.83
28.04
25.07
22.65
20.67
18.92
17.28
15.87
14.87
13.81
12.85
11.99
11.06
10.18
9.280
8.492
7.800
7.232
6.755
6.271
5.687
5.219
4.707
4.042
3.506
3.207
3.029
2.955
2.976
3.033
3.101
3.162
3.178
3.139
3.059
3.006
2.964
2.920
2.875
2.858
2.851
2.847
2.845
2.837
2.826
2.814
2.806
2.785
2.766
2.743
2.759
3.189
3.558
3.307
3.255
3.148
3.035
2.892
2.899
2.938
3.007
2.995
2.997
3.005
3.011
3.020
3.051
3.083
3.120
3.169
3.193
3.228
3.270
3.333
3.458
3.541
3.615
3.781
4.506
9.673
15.81
14.91
15.58
15.14
20.46
21.56
20.13
22.92
21.89
19.22
17.45
16.92
16.43
17.09
18.34
18.44
17.75
17.58
17.79
18.59
18.92
18.69
20.06
21.45
23.54
23.42
22.33
21.68
22.80
22.67
22.71
22.70
24.04
24.47
24.52
24.29
23.92
23.81
121.8
121.2
122.5
122.6
123.1
124.1
126.2
127.5
128.5
127.9
130.6
132.0
133.7
137.2
139.3
142.0
145.3
147.7
149.7
151.0
154.2
156.1
158.7
164.2
167.1
173.2
177.3
183.2
187.8
194.7
199.5
204.4
211.0
218.1
220.4
231.3
222.8
228.5
237.9
237.6
244.1
242.0
247.4
248.3
246.9
246.5
242.1
244.9
240.1
230.4
230.0
221.1
210.9
199.6
191.9
183.5
174.5
163.3
149.3
137.2
124.8
109.5
97.09
86.82
77.33
66.85
56.37
48.35
42.45
35.81
30.50
26.26
22.80
19.19
16.68
14.32
12.22
10.47
9.242
8.394
7.602
6.977
6.367
5.811
5.329
4.735
4.090
3.593
3.313
3.146
3.105
3.129
3.192
3.264
3.320
3.343
3.288
3.206
3.155
3.111
3.062
3.028
3.019
2.999
2.994
2.982
2.966
2.948
2.933
2.920
2.889
2.858
2.833
3.044
3.073
3.043
3.154
3.268
3.551
3.340
3.029
2.992
3.029
3.062
3.072
3.085
3.099
3.105
3.115
3.149
3.179
3.245
3.275
3.298
3.336
3.374
3.446
3.580
3.647
3.740
3.924
5.487
7.933
11.87
20.55
23.34
21.49
17.67
17.31
16.72
16.61
17.67
18.64
17.52
16.83
16.65
16.36
16.63
16.40
16.63
16.22
15.67
15.98
16.22
17.07
17.54
19.52
20.98
21.49
23.08
20.64
20.47
21.78
22.60
22.35
22.50
23.16
24.11
24.08
24.09
24.07
