SALVI
1
0
72
5.00
181
1.00
260105 ICON 2x2 5050 350mA F151 CONFORT
ICON 2x2 5050 F151 CONFORT

260105 ICON 2x2 5050 350mA F151 CONFORT.ldt
23 Gener 2026/TB
570
0
235
360
0
0
0
0
0
93.0
100.0
1.000
0.0
1
1
24 LEDs 5050
3125.0
3000
70
25.8
0.280
0.360
0.437
0.504
0.552
0.625
0.666
0.706
0.754
0.784
0.0
5.0
10.0
15.0
20.0
25.0
30.0
35.0
40.0
45.0
50.0
55.0
60.0
65.0
70.0
75.0
80.0
85.0
90.0
95.0
100.0
105.0
110.0
115.0
120.0
125.0
130.0
135.0
140.0
145.0
150.0
155.0
160.0
165.0
170.0
175.0
180.0
185.0
190.0
195.0
200.0
205.0
210.0
215.0
220.0
225.0
230.0
235.0
240.0
245.0
250.0
255.0
260.0
265.0
270.0
275.0
280.0
285.0
290.0
295.0
300.0
305.0
310.0
315.0
320.0
325.0
330.0
335.0
340.0
345.0
350.0
355.0
0.0
1.0
2.0
3.0
4.0
5.0
6.0
7.0
8.0
9.0
10.0
11.0
12.0
13.0
14.0
15.0
16.0
17.0
18.0
19.0
20.0
21.0
22.0
23.0
24.0
25.0
26.0
27.0
28.0
29.0
30.0
31.0
32.0
33.0
34.0
35.0
36.0
37.0
38.0
39.0
40.0
41.0
42.0
43.0
44.0
45.0
46.0
47.0
48.0
49.0
50.0
51.0
52.0
53.0
54.0
55.0
56.0
57.0
58.0
59.0
60.0
61.0
62.0
63.0
64.0
65.0
66.0
67.0
68.0
69.0
70.0
71.0
72.0
73.0
74.0
75.0
76.0
77.0
78.0
79.0
80.0
81.0
82.0
83.0
84.0
85.0
86.0
87.0
88.0
89.0
90.0
91.0
92.0
93.0
94.0
95.0
96.0
97.0
98.0
99.0
100.0
101.0
102.0
103.0
104.0
105.0
106.0
107.0
108.0
109.0
110.0
111.0
112.0
113.0
114.0
115.0
116.0
117.0
118.0
119.0
120.0
121.0
122.0
123.0
124.0
125.0
126.0
127.0
128.0
129.0
130.0
131.0
132.0
133.0
134.0
135.0
136.0
137.0
138.0
139.0
140.0
141.0
142.0
143.0
144.0
145.0
146.0
147.0
148.0
149.0
150.0
151.0
152.0
153.0
154.0
155.0
156.0
157.0
158.0
159.0
160.0
161.0
162.0
163.0
164.0
165.0
166.0
167.0
168.0
169.0
170.0
171.0
172.0
173.0
174.0
175.0
176.0
177.0
178.0
179.0
180.0
297.3
297.0
297.0
296.9
297.1
297.4
297.3
296.8
297.1
296.7
296.5
296.0
296.0
295.7
294.7
294.6
293.5
291.9
290.8
289.0
286.7
285.7
284.0
283.7
283.1
283.3
282.6
283.0
283.0
282.9
282.8
282.6
281.5
281.5
279.9
279.7
279.5
277.8
277.2
273.8
272.2
270.4
267.3
265.2
262.5
260.3
257.0
254.7
251.3
248.0
244.9
241.6
238.5
235.7
233.3
230.0
227.1
223.8
219.8
216.2
211.2
205.8
200.1
193.6
187.4
180.0
173.1
165.4
158.2
150.8
144.0
137.2
130.5
123.5
115.7
107.8
100.2
92.99
86.22
79.35
73.12
67.33
60.37
53.49
45.45
38.02
29.66
23.05
17.07
13.26
10.98
10.14
10.24
10.81
11.37
12.17
12.97
13.43
13.28
12.57
11.96
11.51
11.18
10.84
10.71
10.64
10.64
10.68
10.74
10.80
10.91
10.96
10.99
10.97
10.99
10.99
11.01
11.01
11.02
10.97
10.88
10.75
10.63
10.59
10.50
10.50
10.49
10.49
10.53
10.57
10.65
10.69
10.77
10.82
10.90
10.98
11.07
11.21
11.35
11.52
11.76
12.05
12.37
12.72
13.09
13.29
13.46
13.51
13.48
13.46
13.42
13.39
13.39
13.44
13.55
13.72
13.98
14.27
14.58
14.93
15.36
16.02
16.82
17.75
18.55
19.49
20.88
21.40
21.29
20.60
20.03
19.75
19.54
19.46
19.49
19.45
19.45
19.51
19.60
19.68
19.71
293.4
294.0
294.8
295.5
296.0
297.0
297.6
298.0
298.7
299.1
299.2
299.7
299.7
299.8
300.5
299.8
299.9
299.3
298.6
297.0
295.6
294.0
293.5
293.5
293.3
293.4
294.0
294.7
295.4
295.4
295.9
296.6
296.7
296.5
295.8
295.1
293.2
291.9
290.8
289.4
287.7
286.0
284.4
282.7
280.1
277.6
275.7
273.2
271.0
268.2
265.7
263.4
260.7
258.0
255.2
252.6
250.1
247.1
243.8
239.6
234.9
229.4
223.7
216.9
210.5
202.9
195.2
187.7
179.7
171.6
163.6
155.0
146.6
137.9
128.7
119.1
109.7
102.4
94.05
85.76
79.46
72.73
65.64
58.21
49.42
40.98
32.48
25.09
18.51
14.23
11.54
10.50
10.53
11.09
11.63
12.57
13.18
13.64
13.80
13.07
12.33
11.78
11.50
11.10
10.90
10.81
10.78
10.83
10.87
10.95
11.05
11.18
11.28
11.37
11.49
11.56
11.57
11.51
11.39
11.18
10.91
10.73
10.61
10.56
10.55
10.55
10.53
10.55
10.58
10.61
10.66
10.72
10.80
10.84
10.91
10.98
11.10
11.19
11.34
11.48
11.72
11.95
12.23
12.54
12.75
12.95
13.12
13.17
13.18
13.11
13.02
12.95
12.90
12.91
13.00
13.15
13.29
13.47
13.70
14.14
14.63
15.36
16.01
16.54
16.84
17.45
18.38
19.24
19.75
19.29
18.90
18.92
18.93
18.91
18.91
18.96
18.99
19.05
19.19
19.27
19.34
294.0
295.4
296.5
297.7
298.8
300.0
301.4
302.9
303.8
304.9
305.7
306.7
307.3
308.4
308.7
309.0
309.1
309.0
308.7
307.7
306.5
305.7
305.2
305.5
306.0
306.3
307.1
307.7
309.2
310.3
311.2
311.9
312.6
312.7
312.1
311.0
310.5
309.4
308.7
307.9
307.2
306.1
303.6
302.2
300.3
298.3
296.2
295.0
292.6
290.7
288.3
285.8
283.2
280.3
278.3
276.0
273.7
271.1
266.9
263.8
258.7
253.1
247.3
240.6
233.2
225.7
217.0
208.6
199.5
190.9
181.6
172.0
161.3
150.8
140.1
128.9
118.5
110.6
100.7
91.73
83.98
75.65
67.53
60.73
51.55
41.49
32.31
25.31
18.42
14.17
11.59
10.66
10.78
11.41
11.97
13.05
13.51
14.06
14.03
13.35
12.43
11.95
11.65
11.24
11.03
10.93
10.92
10.97
11.02
11.09
11.21
11.30
11.40
11.49
11.62
11.74
11.79
11.75
11.60
11.31
11.03
10.86
10.75
10.70
10.64
10.60
10.59
10.61
10.64
10.68
10.74
10.80
10.87
10.93
10.98
11.06
11.15
11.25
11.40
11.59
11.78
12.01
12.29
12.48
12.66
12.86
12.96
13.05
13.06
13.01
12.94
12.87
12.83
12.86
12.96
13.11
13.27
13.45
13.76
14.20
14.75
15.42
15.95
16.53
16.91
17.64
18.70
19.59
19.68
19.23
18.90
18.80
18.80
18.87
18.87
18.89
18.96
19.06
19.18
19.25
19.34
293.7
295.2
297.5
299.3
301.1
303.7
305.0
306.9
308.7
310.2
311.6
313.2
314.4
315.4
316.7
318.0
318.5
318.7
318.6
318.2
317.3
317.0
316.3
317.1
317.5
318.9
319.4
320.8
321.9
323.0
323.8
325.0
325.4
325.6
326.4
327.4
328.3
328.3
328.3
327.3
324.3
323.4
320.9
319.5
318.0
316.9
314.9
313.2
310.6
307.8
304.9
302.0
299.9
297.7
295.6
293.2
290.9
288.1
285.2
281.3
275.9
270.6
264.4
257.8
249.6
241.5
232.4
223.5
214.1
204.4
194.6
184.5
173.8
162.8
150.6
138.5
127.2
119.0
108.2
98.57
89.51
79.39
69.06
61.60
53.19
43.84
34.20
26.80
19.43
14.63
11.92
10.80
10.83
11.45
12.04
13.03
13.63
14.13
14.29
13.62
12.64
12.04
11.78
11.38
11.11
11.00
10.97
10.99
11.01
11.08
11.17
11.24
11.23
11.19
11.19
11.18
11.22
11.25
11.21
11.15
11.04
10.92
10.80
10.71
10.65
10.63
10.61
10.64
10.67
10.71
10.76
10.81
10.90
10.95
11.01
11.06
11.13
11.25
11.41
11.57
11.79
12.01
12.24
12.47
12.71
12.86
12.97
13.04
12.99
12.97
12.93
12.90
12.90
12.91
12.96
13.09
13.28
13.51
13.77
14.10
14.50
14.87
15.46
16.45
17.38
18.17
19.44
19.99
19.95
19.41
19.04
18.76
18.62
18.80
18.87
18.86
18.86
19.00
19.16
19.25
19.30
293.5
296.3
298.9
301.5
303.6
306.3
308.7
311.1
313.2
315.6
317.9
319.9
321.2
323.2
324.4
326.6
326.6
327.5
327.7
327.0
327.1
326.4
325.6
326.3
327.0
328.9
329.7
331.4
331.8
333.6
334.7
336.5
337.1
337.6
338.6
337.7
335.8
334.8
334.4
333.8
331.2
329.5
328.4
325.5
323.9
321.4
318.7
316.1
313.6
311.4
308.3
305.8
302.3
299.1
295.7
293.5
290.5
287.1
283.1
277.9
272.3
266.6
259.6
252.6
245.4
237.4
228.8
219.3
209.6
199.7
190.6
181.8
171.3
160.1
147.7
135.2
125.0
117.5
108.8
99.20
86.73
77.88
69.56
61.51
51.81
42.53
33.07
25.64
18.46
14.18
11.66
10.78
10.86
11.55
12.19
13.29
13.67
14.20
14.12
13.54
12.52
11.99
11.72
11.36
11.13
11.01
10.99
11.00
11.07
11.12
11.23
11.32
11.40
11.53
11.65
11.72
11.72
11.63
11.47
11.22
10.97
10.80
10.68
10.66
10.63
10.62
10.62
10.66
10.68
10.72
10.78
10.84
10.93
10.98
11.04
11.10
11.17
11.26
11.43
11.59
11.81
11.99
12.23
12.45
12.66
12.85
12.99
13.06
13.07
13.02
12.96
12.92
12.91
12.95
13.05
13.17
13.32
13.56
13.84
14.20
14.68
15.30
15.88
16.35
16.96
17.82
18.73
19.36
19.79
19.34
18.80
18.51
18.51
18.71
18.77
18.80
18.81
18.94
19.07
19.20
19.27
293.1
296.1
300.0
302.6
306.0
308.9
312.2
314.9
317.4
320.7
323.2
325.5
328.2
330.0
331.7
333.7
334.7
335.8
336.4
335.9
336.3
335.1
334.5
334.8
335.6
336.7
338.0
338.9
340.4
341.9
342.7
343.2
344.9
345.3
344.4
343.3
341.6
340.2
339.2
338.4
336.9
335.2
332.0
329.6
325.5
323.3
319.8
316.7
313.7
310.3
306.9
303.2
299.0
295.9
292.1
289.3
285.5
282.3
276.9
271.4
265.2
258.6
252.0
244.5
236.9
228.9
219.6
210.7
200.5
190.6
180.6
171.3
161.6
151.8
140.6
129.9
120.0
113.2
105.9
94.70
81.97
73.53
67.45
60.69
50.97
41.94
32.72
25.35
18.38
14.07
11.62
10.61
10.67
11.32
12.02
12.88
13.49
13.92
13.92
13.42
12.45
11.87
11.61
11.27
11.08
10.98
10.95
10.97
11.00
11.03
11.10
11.22
11.35
11.55
11.80
11.99
11.97
11.92
11.75
11.56
11.16
10.88
10.75
10.67
10.62
10.59
10.61
10.63
10.67
10.70
10.77
10.81
10.89
10.94
11.00
11.03
11.13
11.23
11.40
11.55
11.73
11.94
12.21
12.44
12.64
12.82
12.99
13.09
13.15
13.13
13.07
13.03
12.97
13.01
13.08
13.22
13.41
13.58
13.88
14.38
15.22
15.72
16.52
16.86
17.40
18.02
18.54
19.10
18.99
18.84
18.54
18.40
18.44
18.64
18.68
18.69
18.71
18.90
19.04
19.13
19.24
293.6
297.2
301.3
305.0
308.4
312.2
316.0
319.2
322.4
326.2
328.7
331.8
334.8
337.0
339.4
340.5
343.0
343.6
343.8
344.0
343.0
342.6
342.6
342.8
343.3
344.0
345.1
346.5
347.6
348.2
349.1
348.5
349.5
348.7
348.4
347.3
346.6
345.7
345.7
344.4
343.6
337.0
332.4
329.7
325.7
323.4
318.9
314.7
310.6
305.8
301.2
296.3
292.0
287.0
283.4
278.8
275.5
270.1
264.3
258.4
251.3
243.5
235.3
227.0
217.5
208.0
198.4
188.7
179.1
169.2
160.6
151.7
143.3
134.5
125.2
116.2
107.8
102.5
94.94
84.91
75.29
66.77
60.02
53.89
46.66
37.57
29.87
23.10
16.88
13.12
11.10
10.35
10.53
11.21
11.83
12.70
13.28
13.57
13.41
12.97
12.05
11.59
11.34
11.04
10.91
10.85
10.82
10.84
10.84
10.90
10.93
11.02
11.05
11.06
11.07
11.10
11.16
11.18
11.14
11.12
11.03
10.93
10.78
10.67
10.62
10.59
10.58
10.58
10.65
10.68
10.75
10.79
10.85
10.92
10.96
11.00
11.08
11.21
11.36
11.53
11.75
12.00
12.26
12.51
12.75
12.97
13.17
13.29
13.34
13.33
13.29
13.26
13.20
13.22
13.29
13.43
13.64
13.90
14.19
14.54
14.95
15.50
16.24
17.40
17.41
18.19
18.96
19.42
19.35
18.73
18.38
18.15
18.17
18.52
18.69
18.60
18.63
18.78
18.98
19.11
19.17
293.5
297.4
301.8
306.0
310.1
314.8
318.4
322.1
326.8
329.7
334.0
337.0
340.2
343.4
345.9
347.5
349.5
350.7
351.2
351.1
350.4
349.9
349.3
348.6
349.1
349.6
349.9
350.6
351.0
351.9
352.0
351.3
350.8
350.6
348.7
346.9
345.3
341.3
338.3
336.6
332.9
329.2
326.2
320.6
316.3
311.9
306.8
302.4
297.7
293.1
287.3
282.5
276.2
270.1
264.5
259.0
254.0
247.8
241.3
234.1
226.2
218.1
209.7
200.9
191.8
182.8
173.7
165.0
156.2
147.4
139.5
131.9
124.5
117.4
109.9
102.4
95.42
89.77
83.62
74.96
66.64
60.54
55.16
49.99
43.27
36.08
28.49
22.19
16.47
12.80
10.92
10.14
10.19
10.85
11.48
12.06
12.86
13.13
12.99
12.64
11.89
11.32
11.12
10.87
10.72
10.69
10.69
10.71
10.73
10.75
10.82
10.90
11.03
11.25
11.43
11.51
11.52
11.43
11.27
11.06
10.86
10.74
10.66
10.62
10.57
10.54
10.53
10.55
10.58
10.62
10.67
10.72
10.79
10.86
10.91
10.93
11.02
11.16
11.32
11.49
11.73
11.98
12.25
12.54
12.84
13.12
13.42
13.60
13.72
13.72
13.65
13.55
13.54
13.50
13.52
13.64
13.82
14.09
14.45
14.93
15.39
15.78
16.21
16.66
17.25
17.82
18.68
19.50
19.71
18.94
18.17
18.05
18.14
18.29
18.49
18.54
18.57
18.69
18.84
19.02
19.12
293.8
298.5
303.2
308.2
312.5
317.7
321.9
326.1
330.7
335.0
338.2
342.4
345.8
349.3
352.4
354.1
355.6
357.6
357.7
356.9
356.0
355.8
354.0
353.6
353.1
353.8
353.1
353.3
353.6
353.1
352.2
351.5
349.8
348.3
346.1
343.3
338.3
335.0
331.8
327.5
323.5
319.0
314.0
308.4
302.7
297.3
292.1
286.5
280.8
274.8
267.9
261.5
254.5
247.8
241.5
236.0
229.8
223.1
216.1
208.6
200.5
192.3
184.0
175.6
167.1
158.7
150.7
142.5
134.9
127.3
120.6
114.0
107.8
101.6
95.48
89.40
83.32
77.88
72.10
65.07
58.65
53.09
48.07
43.16
37.64
31.13
25.18
19.78
14.83
11.78
10.29
9.797
10.01
10.64
11.19
11.75
12.48
12.68
12.45
12.14
11.45
11.03
10.82
10.59
10.54
10.55
10.54
10.58
10.62
10.64
10.68
10.78
11.09
11.47
11.99
12.19
12.11
11.97
11.77
11.35
11.02
10.78
10.62
10.55
10.51
10.47
10.47
10.50
10.53
10.58
10.63
10.71
10.76
10.83
10.85
10.90
10.98
11.13
11.30
11.47
11.73
12.01
12.35
12.73
13.05
13.47
13.79
14.05
14.18
14.14
14.01
13.90
13.78
13.77
13.78
13.90
14.06
14.31
14.64
15.10
15.68
16.40
16.94
17.45
18.11
18.24
18.67
19.12
19.06
18.82
18.45
17.90
18.02
18.23
18.28
18.22
18.49
18.66
18.77
18.86
19.01
293.7
298.5
303.6
308.9
314.0
319.0
324.2
329.3
333.6
338.0
342.3
346.4
350.6
354.2
356.8
359.5
361.7
362.7
363.3
362.2
361.9
359.9
358.7
357.6
356.1
356.0
355.1
354.6
354.1
353.9
352.2
350.8
348.6
345.9
342.8
339.5
335.5
330.9
327.6
324.9
320.8
313.5
305.2
298.4
292.7
286.7
280.4
274.0
266.9
259.5
252.2
244.9
238.3
231.6
225.2
218.8
212.6
205.7
199.0
191.3
183.5
175.7
168.1
160.1
152.3
144.6
137.0
129.6
122.6
115.9
109.4
103.5
98.11
92.62
87.17
81.59
76.14
70.86
65.41
59.48
54.06
49.02
44.18
39.60
34.67
29.01
23.89
18.82
14.40
11.48
10.02
9.538
9.681
10.25
10.81
11.22
12.04
12.28
12.01
11.73
11.22
10.76
10.54
10.35
10.30
10.33
10.34
10.36
10.39
10.42
10.45
10.52
10.60
10.70
10.86
11.03
11.15
11.18
11.20
11.13
10.95
10.74
10.57
10.50
10.44
10.41
10.41
10.43
10.45
10.49
10.54
10.61
10.67
10.72
10.77
10.82
10.93
11.10
11.28
11.49
11.81
12.14
12.51
12.93
13.44
13.93
14.40
14.64
14.74
14.63
14.52
14.39
14.24
14.18
14.22
14.34
14.53
14.75
14.99
15.28
15.67
16.23
16.89
17.41
17.90
18.27
18.65
18.83
18.75
18.45
18.20
17.81
17.70
18.00
18.23
18.14
18.15
18.46
18.74
18.82
18.91
294.5
300.0
305.7
311.1
316.4
321.9
328.0
333.0
337.1
342.5
347.0
350.8
355.2
359.1
361.9
365.1
366.7
367.4
368.0
367.2
365.8
363.7
362.1
361.0
359.0
357.4
356.0
355.5
353.9
352.2
350.4
348.1
345.4
342.3
338.3
334.5
328.2
322.3
316.9
311.6
304.2
298.5
292.0
283.7
276.1
269.1
261.6
255.2
248.1
241.4
234.2
226.9
220.2
212.9
206.1
199.9
193.3
186.9
180.6
173.6
166.9
159.6
152.7
145.5
138.2
131.3
124.5
117.9
111.4
105.2
99.50
94.53
89.57
84.59
79.75
74.64
69.67
64.64
59.62
54.46
49.45
44.87
40.61
36.10
31.22
26.26
21.43
16.99
13.15
10.71
9.572
9.322
9.575
10.16
10.61
11.04
11.76
11.96
11.59
11.33
10.87
10.52
10.30
10.15
10.16
10.21
10.22
10.23
10.27
10.30
10.34
10.42
10.61
10.92
11.25
11.42
11.46
11.39
11.20
10.94
10.72
10.58
10.52
10.48
10.41
10.36
10.34
10.36
10.39
10.43
10.49
10.55
10.61
10.66
10.72
10.75
10.86
11.04
11.25
11.53
11.88
12.32
12.86
13.45
14.02
14.64
15.18
15.42
15.46
15.26
15.00
14.80
14.69
14.65
14.69
14.79
14.95
15.21
15.52
15.79
16.06
16.35
16.85
17.48
17.98
18.33
18.81
18.83
18.52
18.01
17.48
17.51
17.68
17.83
17.88
18.04
18.13
18.25
18.43
18.76
18.88
293.4
299.6
305.5
311.9
317.7
323.6
328.9
334.6
339.3
344.6
349.4
354.1
358.2
362.4
365.9
368.7
370.8
371.4
371.9
370.8
369.3
367.3
364.6
362.4
360.7
358.7
357.3
355.7
354.0
351.9
349.5
346.5
342.5
338.0
333.9
329.4
322.9
315.2
309.3
303.0
295.7
288.1
280.5
273.1
265.8
258.2
250.8
243.2
236.1
229.0
221.8
214.4
207.3
200.4
194.1
187.9
181.6
175.9
170.0
163.7
157.3
150.7
144.1
137.2
130.6
124.1
117.7
111.5
105.5
99.71
94.52
89.42
84.64
80.09
75.46
70.61
65.92
61.10
56.53
51.66
47.08
42.77
38.58
34.45
29.88
25.29
20.88
16.59
13.00
10.58
9.389
9.068
9.316
9.850
10.33
10.64
11.38
11.65
11.30
11.03
10.69
10.36
10.12
9.965
9.982
10.05
10.09
10.12
10.15
10.16
10.20
10.24
10.39
11.44
12.15
12.38
12.03
11.64
11.35
11.06
10.77
10.53
10.41
10.37
10.34
10.30
10.28
10.28
10.33
10.36
10.41
10.48
10.54
10.60
10.66
10.71
10.84
11.06
11.27
11.55
11.96
12.51
13.12
13.79
14.50
15.30
15.84
16.05
16.12
15.85
15.54
15.24
15.01
14.91
14.88
14.94
15.09
15.35
15.73
16.15
16.55
16.90
17.14
17.40
17.82
18.33
18.67
18.90
18.20
17.62
17.37
17.30
17.51
17.78
17.71
17.69
17.99
18.25
18.37
18.42
18.69
294.3
301.0
306.9
313.2
319.6
325.5
331.8
337.7
343.0
348.0
352.8
357.5
361.9
365.2
368.8
371.5
373.4
373.8
374.3
373.2
371.0
368.3
365.6
362.9
360.3
358.2
355.9
354.3
351.9
349.1
346.5
342.9
337.9
333.1
328.3
322.8
316.2
309.2
302.8
298.2
290.8
281.6
272.5
264.4
256.3
248.5
241.0
234.0
226.0
218.4
210.9
204.0
197.0
190.6
184.6
179.0
173.3
167.8
161.9
156.2
150.0
143.7
137.2
130.6
124.1
117.8
111.6
105.8
100.2
94.94
89.70
84.82
80.36
75.81
71.43
66.86
62.10
57.53
53.23
48.86
44.48
40.25
36.35
32.20
27.89
23.67
19.46
15.48
12.24
10.09
9.097
8.881
9.200
9.737
10.14
10.45
11.12
11.37
10.99
10.72
10.42
10.14
9.891
9.780
9.812
9.888
9.937
9.959
9.973
9.988
10.03
10.08
10.14
10.23
10.37
10.56
10.71
10.90
11.01
10.98
10.82
10.56
10.38
10.29
10.24
10.22
10.21
10.23
10.27
10.30
10.36
10.42
10.47
10.53
10.59
10.64
10.79
11.01
11.31
11.70
12.23
12.91
13.69
14.65
15.77
16.59
17.06
17.19
16.74
16.35
16.07
15.84
15.64
15.42
15.31
15.33
15.44
15.65
15.94
16.32
16.74
17.13
17.50
17.59
17.79
18.12
18.38
18.45
18.30
17.60
17.38
17.32
17.41
17.51
17.66
17.66
17.73
17.96
18.29
18.40
18.49
293.3
299.8
306.6
313.1
319.5
325.8
332.7
338.4
344.2
349.6
354.4
358.5
363.4
367.3
371.0
373.6
375.3
376.3
375.5
374.3
372.1
369.6
366.5
363.4
360.4
357.9
354.6
351.8
349.2
345.8
342.3
338.6
333.9
328.7
323.6
318.2
310.5
302.1
295.4
289.0
281.1
272.0
264.3
255.4
247.5
239.3
231.4
224.1
216.5
209.8
202.9
196.4
190.0
183.5
177.3
171.8
166.5
161.1
156.0
150.3
144.4
138.4
132.2
126.1
120.1
114.1
108.1
102.5
96.99
91.63
86.72
82.18
77.83
73.39
69.22
64.83
60.31
55.90
51.58
47.47
43.33
39.44
35.52
31.69
27.57
23.40
19.50
15.55
12.36
10.13
8.992
8.696
9.019
9.520
9.945
10.19
10.83
11.18
10.85
10.54
10.29
10.07
9.807
9.683
9.726
9.793
9.850
9.872
9.892
9.927
9.947
9.991
10.11
10.43
10.78
10.92
10.95
10.94
10.84
10.65
10.50
10.39
10.33
10.31
10.27
10.20
10.18
10.19
10.22
10.25
10.30
10.37
10.40
10.47
10.54
10.61
10.78
11.03
11.31
11.70
12.28
13.08
14.20
15.32
16.39
17.26
17.93
17.93
17.65
17.14
16.65
16.26
15.98
15.86
15.80
15.84
15.85
15.97
16.14
16.44
16.71
17.06
17.38
17.64
17.88
18.09
18.22
18.57
18.50
17.83
17.27
17.19
17.40
17.41
17.34
17.50
17.70
17.86
18.01
18.29
18.48
294.2
301.0
307.4
314.2
321.2
328.2
334.6
340.1
346.1
352.1
356.9
361.1
365.7
369.8
372.6
375.2
376.6
377.0
376.8
374.5
372.0
369.4
366.2
362.5
359.4
356.1
353.0
349.6
346.1
343.1
338.8
333.7
328.8
323.2
317.7
310.9
303.2
296.0
288.4
279.9
271.3
263.4
255.6
246.5
238.2
230.2
223.1
215.7
209.1
202.1
195.5
189.0
182.9
176.9
171.1
165.8
160.3
155.2
150.0
144.7
138.9
133.3
127.2
121.2
115.2
109.5
103.7
98.44
93.30
88.15
83.42
79.05
74.76
70.66
66.77
62.49
58.08
53.70
49.48
45.63
41.63
37.99
34.23
30.41
26.34
22.33
18.55
14.79
11.82
9.771
8.803
8.583
8.958
9.459
9.813
10.10
10.73
10.99
10.66
10.32
10.13
9.933
9.682
9.578
9.631
9.718
9.787
9.817
9.837
9.848
9.867
9.923
10.30
12.03
12.52
12.22
11.77
11.43
11.10
10.80
10.52
10.34
10.28
10.26
10.19
10.17
10.15
10.15
10.18
10.22
10.26
10.33
10.36
10.42
10.50
10.57
10.76
11.09
11.50
12.06
12.89
13.97
15.09
16.20
17.16
18.07
18.42
18.36
17.90
17.47
16.98
16.53
16.13
15.96
15.88
15.90
15.99
16.14
16.32
16.54
16.85
17.11
17.37
17.56
17.80
18.04
18.13
18.05
17.76
17.41
17.21
17.14
17.14
17.18
17.22
17.32
17.59
17.88
18.08
18.08
18.24
293.4
300.4
306.7
313.8
321.2
327.7
334.2
340.3
347.0
351.8
357.2
362.3
366.7
370.9
373.8
376.7
377.9
378.1
377.2
375.5
373.2
369.3
366.1
362.4
358.8
355.0
351.6
348.2
344.8
340.8
336.6
331.5
326.1
320.5
314.2
307.9
300.4
292.8
284.9
277.3
269.3
260.9
251.9
243.4
235.2
227.2
219.6
212.9
206.3
199.6
193.0
186.5
179.9
173.9
168.4
163.2
158.1
153.2
148.0
142.8
137.3
131.6
125.6
119.8
114.0
108.3
102.6
97.13
91.96
87.10
82.35
77.93
73.77
69.78
65.79
61.73
57.42
53.18
48.88
44.98
41.19
37.55
34.01
30.10
26.18
22.33
18.71
14.98
11.95
9.844
8.734
8.433
8.793
9.286
9.664
9.912
10.45
10.80
10.57
10.17
10.01
9.850
9.583
9.462
9.515
9.587
9.668
9.699
9.702
9.724
9.760
9.805
9.855
9.954
10.13
10.39
10.61
10.80
10.95
10.87
10.67
10.39
10.22
10.16
10.13
10.11
10.10
10.12
10.14
10.17
10.21
10.27
10.30
10.35
10.42
10.49
10.68
11.01
11.41
12.08
12.90
14.10
15.49
16.94
18.41
19.32
19.47
18.98
18.28
17.53
17.09
16.87
16.67
16.42
16.16
16.07
16.01
16.15
16.38
16.62
16.82
17.00
17.19
17.41
17.61
17.86
18.03
17.90
17.50
17.25
17.12
17.08
17.12
17.16
17.23
17.35
17.42
17.60
17.90
18.13
18.28
293.7
301.0
307.9
315.3
322.2
328.9
335.5
342.2
348.4
353.6
358.5
364.3
368.1
372.0
374.6
377.1
378.2
378.3
378.2
376.4
373.0
370.0
365.8
362.2
358.4
354.0
350.0
346.9
342.8
338.5
333.9
328.6
323.4
317.6
311.3
304.2
295.4
286.9
279.2
273.0
263.6
255.0
246.6
237.6
228.8
222.0
214.7
207.6
201.0
194.4
188.1
182.0
176.3
170.2
164.6
159.4
154.3
149.1
144.2
139.1
133.6
128.3
122.3
116.7
111.0
105.5
100.2
95.09
89.99
85.17
80.54
76.27
72.11
68.21
64.43
60.31
56.04
51.87
47.74
43.89
40.05
36.56
32.96
29.36
25.50
21.71
18.11
14.50
11.59
9.588
8.602
8.378
8.786
9.306
9.635
9.859
10.47
10.72
10.45
10.05
9.923
9.791
9.531
9.446
9.506
9.595
9.668
9.716
9.716
9.738
9.773
9.801
9.938
10.39
10.79
10.89
10.91
10.91
10.82
10.65
10.49
10.35
10.27
10.21
10.16
10.10
10.08
10.09
10.12
10.15
10.18
10.24
10.27
10.32
10.39
10.45
10.65
11.03
11.52
12.29
13.45
14.94
16.50
17.86
18.71
18.98
18.86
18.56
18.31
18.01
17.64
17.26
17.01
16.78
16.57
16.46
16.34
16.27
16.40
16.62
16.74
16.96
17.14
17.35
17.64
17.92
18.06
17.83
17.46
17.21
17.02
16.99
17.01
17.02
17.08
17.26
17.50
17.74
17.81
17.99
18.11
293.0
300.0
307.3
314.4
321.3
328.4
335.3
342.4
348.2
353.4
358.9
363.9
368.3
371.8
374.8
376.8
378.6
378.9
377.9
375.9
373.0
369.9
366.5
362.6
358.3
353.9
350.6
346.6
342.2
338.1
333.8
328.4
322.4
316.0
309.5
302.9
295.0
286.5
278.1
270.8
262.3
253.7
244.9
236.0
228.1
220.6
213.5
206.6
200.1
193.7
187.2
180.8
174.8
168.8
163.4
158.3
153.4
148.4
143.5
138.5
133.2
127.7
122.0
116.4
110.8
105.3
99.80
94.70
89.76
84.85
80.24
76.01
71.99
67.92
64.19
60.14
55.98
51.91
47.80
43.86
40.08
36.58
32.98
29.37
25.70
22.04
18.47
14.84
11.80
9.748
8.631
8.321
8.676
9.214
9.583
9.764
10.27
10.66
10.44
10.02
9.884
9.778
9.540
9.411
9.468
9.550
9.626
9.696
9.696
9.726
9.742
9.778
9.892
10.61
11.28
11.34
11.26
11.18
11.00
10.72
10.49
10.32
10.25
10.19
10.13
10.08
10.05
10.07
10.10
10.11
10.16
10.22
10.26
10.29
10.35
10.41
10.57
10.92
11.44
12.23
13.45
15.06
16.61
17.79
18.36
18.62
18.70
18.66
18.48
18.18
17.94
17.60
17.07
16.70
16.58
16.49
16.47
16.44
16.44
16.56
16.69
16.85
17.06
17.27
17.55
17.85
18.10
17.94
17.53
17.25
17.04
16.95
16.90
16.89
17.03
17.25
17.45
17.76
17.92
17.94
17.97
293.8
300.8
307.9
315.5
323.2
329.5
336.0
342.7
348.6
354.6
359.6
364.2
368.6
371.7
375.4
377.5
378.5
377.8
376.9
375.1
372.6
368.7
364.5
361.8
357.2
354.3
349.9
345.5
341.0
337.4
332.5
327.5
320.8
313.6
307.6
301.8
293.6
285.1
276.4
269.6
261.6
253.1
244.0
235.2
227.9
219.8
213.0
205.9
199.3
192.5
186.2
180.0
173.9
168.1
162.7
157.6
152.7
147.8
142.7
137.7
132.6
127.1
121.2
115.5
109.8
104.5
98.76
93.83
88.93
84.06
79.49
75.30
71.29
67.27
63.57
59.50
55.28
51.14
47.09
43.23
39.37
35.77
32.25
28.68
24.97
21.43
17.89
14.23
11.46
9.511
8.519
8.309
8.721
9.255
9.585
9.770
10.34
10.58
10.33
9.936
9.839
9.718
9.469
9.379
9.437
9.516
9.591
9.632
9.639
9.664
9.695
9.746
9.786
9.882
10.07
10.33
10.56
10.77
10.90
10.81
10.59
10.30
10.15
10.10
10.06
10.04
10.04
10.06
10.08
10.11
10.15
10.21
10.27
10.31
10.36
10.42
10.62
11.00
11.52
12.40
13.54
15.01
16.29
17.42
18.43
19.02
19.25
19.02
18.71
18.33
17.78
17.37
17.13
16.78
16.59
16.41
16.34
16.45
16.54
16.68
16.75
16.82
17.01
17.33
17.64
17.94
18.08
17.85
17.43
17.11
16.91
16.92
17.01
17.12
17.18
17.27
17.35
17.47
17.81
18.05
18.19
293.0
300.0
307.3
314.4
321.3
328.4
335.3
342.4
348.2
353.4
358.9
363.9
368.3
371.8
374.8
376.8
378.6
378.9
377.9
375.9
373.0
369.9
366.5
362.6
358.3
353.9
350.6
346.6
342.2
338.1
333.8
328.4
322.4
316.0
309.5
302.9
295.0
286.5
278.1
270.8
262.3
253.7
244.9
236.0
228.1
220.6
213.5
206.6
200.1
193.7
187.2
180.8
174.8
168.8
163.4
158.3
153.4
148.4
143.5
138.5
133.2
127.7
122.0
116.4
110.8
105.3
99.80
94.70
89.76
84.85
80.24
76.01
71.99
67.92
64.19
60.14
55.98
51.91
47.80
43.86
40.08
36.58
32.98
29.37
25.70
22.04
18.47
14.84
11.80
9.748
8.631
8.321
8.676
9.214
9.583
9.764
10.27
10.66
10.44
10.02
9.884
9.778
9.540
9.411
9.468
9.550
9.626
9.696
9.696
9.726
9.742
9.778
9.892
10.61
11.28
11.34
11.26
11.18
11.00
10.72
10.49
10.32
10.25
10.19
10.13
10.08
10.05
10.07
10.10
10.11
10.16
10.22
10.26
10.29
10.35
10.41
10.57
10.92
11.44
12.23
13.45
15.06
16.61
17.79
18.36
18.62
18.70
18.66
18.48
18.18
17.94
17.60
17.07
16.70
16.58
16.49
16.47
16.44
16.44
16.56
16.69
16.85
17.06
17.27
17.55
17.85
18.10
17.94
17.53
17.25
17.04
16.95
16.90
16.89
17.03
17.25
17.45
17.76
17.92
17.94
17.97
293.7
301.0
307.9
315.3
322.2
328.9
335.5
342.2
348.4
353.6
358.5
364.3
368.1
372.0
374.6
377.1
378.2
378.3
378.2
376.4
373.0
370.0
365.8
362.2
358.4
354.0
350.0
346.9
342.8
338.5
333.9
328.6
323.4
317.6
311.3
304.2
295.4
286.9
279.2
273.0
263.6
255.0
246.6
237.6
228.8
222.0
214.7
207.6
201.0
194.4
188.1
182.0
176.3
170.2
164.6
159.4
154.3
149.1
144.2
139.1
133.6
128.3
122.3
116.7
111.0
105.5
100.2
95.09
89.99
85.17
80.54
76.27
72.11
68.21
64.43
60.31
56.04
51.87
47.74
43.89
40.05
36.56
32.96
29.36
25.50
21.71
18.11
14.50
11.59
9.588
8.602
8.378
8.786
9.306
9.635
9.859
10.47
10.72
10.45
10.05
9.923
9.791
9.531
9.446
9.506
9.595
9.668
9.716
9.716
9.738
9.773
9.801
9.938
10.39
10.79
10.89
10.91
10.91
10.82
10.65
10.49
10.35
10.27
10.21
10.16
10.10
10.08
10.09
10.12
10.15
10.18
10.24
10.27
10.32
10.39
10.45
10.65
11.03
11.52
12.29
13.45
14.94
16.50
17.86
18.71
18.98
18.86
18.56
18.31
18.01
17.64
17.26
17.01
16.78
16.57
16.46
16.34
16.27
16.40
16.62
16.74
16.96
17.14
17.35
17.64
17.92
18.06
17.83
17.46
17.21
17.02
16.99
17.01
17.02
17.08
17.26
17.50
17.74
17.81
17.99
18.11
293.4
300.4
306.7
313.8
321.2
327.7
334.2
340.3
347.0
351.8
357.2
362.3
366.7
370.9
373.8
376.7
377.9
378.1
377.2
375.5
373.2
369.3
366.1
362.4
358.8
355.0
351.6
348.2
344.8
340.8
336.6
331.5
326.1
320.5
314.2
307.9
300.4
292.8
284.9
277.3
269.3
260.9
251.9
243.4
235.2
227.2
219.6
212.9
206.3
199.6
193.0
186.5
179.9
173.9
168.4
163.2
158.1
153.2
148.0
142.8
137.3
131.6
125.6
119.8
114.0
108.3
102.6
97.13
91.96
87.10
82.35
77.93
73.77
69.78
65.79
61.73
57.42
53.18
48.88
44.98
41.19
37.55
34.01
30.10
26.18
22.33
18.71
14.98
11.95
9.844
8.734
8.433
8.793
9.286
9.664
9.912
10.45
10.80
10.57
10.17
10.01
9.850
9.583
9.462
9.515
9.587
9.668
9.699
9.702
9.724
9.760
9.805
9.855
9.954
10.13
10.39
10.61
10.80
10.95
10.87
10.67
10.39
10.22
10.16
10.13
10.11
10.10
10.12
10.14
10.17
10.21
10.27
10.30
10.35
10.42
10.49
10.68
11.01
11.41
12.08
12.90
14.10
15.49
16.94
18.41
19.32
19.47
18.98
18.28
17.53
17.09
16.87
16.67
16.42
16.16
16.07
16.01
16.15
16.38
16.62
16.82
17.00
17.19
17.41
17.61
17.86
18.03
17.90
17.50
17.25
17.12
17.08
17.12
17.16
17.23
17.35
17.42
17.60
17.90
18.13
18.28
294.2
301.0
307.4
314.2
321.2
328.2
334.6
340.1
346.1
352.1
356.9
361.1
365.7
369.8
372.6
375.2
376.6
377.0
376.8
374.5
372.0
369.4
366.2
362.5
359.4
356.1
353.0
349.6
346.1
343.1
338.8
333.7
328.8
323.2
317.7
310.9
303.2
296.0
288.4
279.9
271.3
263.4
255.6
246.5
238.2
230.2
223.1
215.7
209.1
202.1
195.5
189.0
182.9
176.9
171.1
165.8
160.3
155.2
150.0
144.7
138.9
133.3
127.2
121.2
115.2
109.5
103.7
98.44
93.30
88.15
83.42
79.05
74.76
70.66
66.77
62.49
58.08
53.70
49.48
45.63
41.63
37.99
34.23
30.41
26.34
22.33
18.55
14.79
11.82
9.771
8.803
8.583
8.958
9.459
9.813
10.10
10.73
10.99
10.66
10.32
10.13
9.933
9.682
9.578
9.631
9.718
9.787
9.817
9.837
9.848
9.867
9.923
10.30
12.03
12.52
12.22
11.77
11.43
11.10
10.80
10.52
10.34
10.28
10.26
10.19
10.17
10.15
10.15
10.18
10.22
10.26
10.33
10.36
10.42
10.50
10.57
10.76
11.09
11.50
12.06
12.89
13.97
15.09
16.20
17.16
18.07
18.42
18.36
17.90
17.47
16.98
16.53
16.13
15.96
15.88
15.90
15.99
16.14
16.32
16.54
16.85
17.11
17.37
17.56
17.80
18.04
18.13
18.05
17.76
17.41
17.21
17.14
17.14
17.18
17.22
17.32
17.59
17.88
18.08
18.08
18.24
293.3
299.8
306.6
313.1
319.5
325.8
332.7
338.4
344.2
349.6
354.4
358.5
363.4
367.3
371.0
373.6
375.3
376.3
375.5
374.3
372.1
369.6
366.5
363.4
360.4
357.9
354.6
351.8
349.2
345.8
342.3
338.6
333.9
328.7
323.6
318.2
310.5
302.1
295.4
289.0
281.1
272.0
264.3
255.4
247.5
239.3
231.4
224.1
216.5
209.8
202.9
196.4
190.0
183.5
177.3
171.8
166.5
161.1
156.0
150.3
144.4
138.4
132.2
126.1
120.1
114.1
108.1
102.5
96.99
91.63
86.72
82.18
77.83
73.39
69.22
64.83
60.31
55.90
51.58
47.47
43.33
39.44
35.52
31.69
27.57
23.40
19.50
15.55
12.36
10.13
8.992
8.696
9.019
9.520
9.945
10.19
10.83
11.18
10.85
10.54
10.29
10.07
9.807
9.683
9.726
9.793
9.850
9.872
9.892
9.927
9.947
9.991
10.11
10.43
10.78
10.92
10.95
10.94
10.84
10.65
10.50
10.39
10.33
10.31
10.27
10.20
10.18
10.19
10.22
10.25
10.30
10.37
10.40
10.47
10.54
10.61
10.78
11.03
11.31
11.70
12.28
13.08
14.20
15.32
16.39
17.26
17.93
17.93
17.65
17.14
16.65
16.26
15.98
15.86
15.80
15.84
15.85
15.97
16.14
16.44
16.71
17.06
17.38
17.64
17.88
18.09
18.22
18.57
18.50
17.83
17.27
17.19
17.40
17.41
17.34
17.50
17.70
17.86
18.01
18.29
18.48
294.3
301.0
306.9
313.2
319.6
325.5
331.8
337.7
343.0
348.0
352.8
357.5
361.9
365.2
368.8
371.5
373.4
373.8
374.3
373.2
371.0
368.3
365.6
362.9
360.3
358.2
355.9
354.3
351.9
349.1
346.5
342.9
337.9
333.1
328.3
322.8
316.2
309.2
302.8
298.2
290.8
281.6
272.5
264.4
256.3
248.5
241.0
234.0
226.0
218.4
210.9
204.0
197.0
190.6
184.6
179.0
173.3
167.8
161.9
156.2
150.0
143.7
137.2
130.6
124.1
117.8
111.6
105.8
100.2
94.94
89.70
84.82
80.36
75.81
71.43
66.86
62.10
57.53
53.23
48.86
44.48
40.25
36.35
32.20
27.89
23.67
19.46
15.48
12.24
10.09
9.097
8.881
9.200
9.737
10.14
10.45
11.12
11.37
10.99
10.72
10.42
10.14
9.891
9.780
9.812
9.888
9.937
9.959
9.973
9.988
10.03
10.08
10.14
10.23
10.37
10.56
10.71
10.90
11.01
10.98
10.82
10.56
10.38
10.29
10.24
10.22
10.21
10.23
10.27
10.30
10.36
10.42
10.47
10.53
10.59
10.64
10.79
11.01
11.31
11.70
12.23
12.91
13.69
14.65
15.77
16.59
17.06
17.19
16.74
16.35
16.07
15.84
15.64
15.42
15.31
15.33
15.44
15.65
15.94
16.32
16.74
17.13
17.50
17.59
17.79
18.12
18.38
18.45
18.30
17.60
17.38
17.32
17.41
17.51
17.66
17.66
17.73
17.96
18.29
18.40
18.49
293.4
299.6
305.5
311.9
317.7
323.6
328.9
334.6
339.3
344.6
349.4
354.1
358.2
362.4
365.9
368.7
370.8
371.4
371.9
370.8
369.3
367.3
364.6
362.4
360.7
358.7
357.3
355.7
354.0
351.9
349.5
346.5
342.5
338.0
333.9
329.4
322.9
315.2
309.3
303.0
295.7
288.1
280.5
273.1
265.8
258.2
250.8
243.2
236.1
229.0
221.8
214.4
207.3
200.4
194.1
187.9
181.6
175.9
170.0
163.7
157.3
150.7
144.1
137.2
130.6
124.1
117.7
111.5
105.5
99.71
94.52
89.42
84.64
80.09
75.46
70.61
65.92
61.10
56.53
51.66
47.08
42.77
38.58
34.45
29.88
25.29
20.88
16.59
13.00
10.58
9.389
9.068
9.316
9.850
10.33
10.64
11.38
11.65
11.30
11.03
10.69
10.36
10.12
9.965
9.982
10.05
10.09
10.12
10.15
10.16
10.20
10.24
10.39
11.44
12.15
12.38
12.03
11.64
11.35
11.06
10.77
10.53
10.41
10.37
10.34
10.30
10.28
10.28
10.33
10.36
10.41
10.48
10.54
10.60
10.66
10.71
10.84
11.06
11.27
11.55
11.96
12.51
13.12
13.79
14.50
15.30
15.84
16.05
16.12
15.85
15.54
15.24
15.01
14.91
14.88
14.94
15.09
15.35
15.73
16.15
16.55
16.90
17.14
17.40
17.82
18.33
18.67
18.90
18.20
17.62
17.37
17.30
17.51
17.78
17.71
17.69
17.99
18.25
18.37
18.42
18.69
294.5
300.0
305.7
311.1
316.4
321.9
328.0
333.0
337.1
342.5
347.0
350.8
355.2
359.1
361.9
365.1
366.7
367.4
368.0
367.2
365.8
363.7
362.1
361.0
359.0
357.4
356.0
355.5
353.9
352.2
350.4
348.1
345.4
342.3
338.3
334.5
328.2
322.3
316.9
311.6
304.2
298.5
292.0
283.7
276.1
269.1
261.6
255.2
248.1
241.4
234.2
226.9
220.2
212.9
206.1
199.9
193.3
186.9
180.6
173.6
166.9
159.6
152.7
145.5
138.2
131.3
124.5
117.9
111.4
105.2
99.50
94.53
89.57
84.59
79.75
74.64
69.67
64.64
59.62
54.46
49.45
44.87
40.61
36.10
31.22
26.26
21.43
16.99
13.15
10.71
9.572
9.322
9.575
10.16
10.61
11.04
11.76
11.96
11.59
11.33
10.87
10.52
10.30
10.15
10.16
10.21
10.22
10.23
10.27
10.30
10.34
10.42
10.61
10.92
11.25
11.42
11.46
11.39
11.20
10.94
10.72
10.58
10.52
10.48
10.41
10.36
10.34
10.36
10.39
10.43
10.49
10.55
10.61
10.66
10.72
10.75
10.86
11.04
11.25
11.53
11.88
12.32
12.86
13.45
14.02
14.64
15.18
15.42
15.46
15.26
15.00
14.80
14.69
14.65
14.69
14.79
14.95
15.21
15.52
15.79
16.06
16.35
16.85
17.48
17.98
18.33
18.81
18.83
18.52
18.01
17.48
17.51
17.68
17.83
17.88
18.04
18.13
18.25
18.43
18.76
18.88
293.7
298.5
303.6
308.9
314.0
319.0
324.2
329.3
333.6
338.0
342.3
346.4
350.6
354.2
356.8
359.5
361.7
362.7
363.3
362.2
361.9
359.9
358.7
357.6
356.1
356.0
355.1
354.6
354.1
353.9
352.2
350.8
348.6
345.9
342.8
339.5
335.5
330.9
327.6
324.9
320.8
313.5
305.2
298.4
292.7
286.7
280.4
274.0
266.9
259.5
252.2
244.9
238.3
231.6
225.2
218.8
212.6
205.7
199.0
191.3
183.5
175.7
168.1
160.1
152.3
144.6
137.0
129.6
122.6
115.9
109.4
103.5
98.11
92.62
87.17
81.59
76.14
70.86
65.41
59.48
54.06
49.02
44.18
39.60
34.67
29.01
23.89
18.82
14.40
11.48
10.02
9.538
9.681
10.25
10.81
11.22
12.04
12.28
12.01
11.73
11.22
10.76
10.54
10.35
10.30
10.33
10.34
10.36
10.39
10.42
10.45
10.52
10.60
10.70
10.86
11.03
11.15
11.18
11.20
11.13
10.95
10.74
10.57
10.50
10.44
10.41
10.41
10.43
10.45
10.49
10.54
10.61
10.67
10.72
10.77
10.82
10.93
11.10
11.28
11.49
11.81
12.14
12.51
12.93
13.44
13.93
14.40
14.64
14.74
14.63
14.52
14.39
14.24
14.18
14.22
14.34
14.53
14.75
14.99
15.28
15.67
16.23
16.89
17.41
17.90
18.27
18.65
18.83
18.75
18.45
18.20
17.81
17.70
18.00
18.23
18.14
18.15
18.46
18.74
18.82
18.91
293.8
298.5
303.2
308.2
312.5
317.7
321.9
326.1
330.7
335.0
338.2
342.4
345.8
349.3
352.4
354.1
355.6
357.6
357.7
356.9
356.0
355.8
354.0
353.6
353.1
353.8
353.1
353.3
353.6
353.1
352.2
351.5
349.8
348.3
346.1
343.3
338.3
335.0
331.8
327.5
323.5
319.0
314.0
308.4
302.7
297.3
292.1
286.5
280.8
274.8
267.9
261.5
254.5
247.8
241.5
236.0
229.8
223.1
216.1
208.6
200.5
192.3
184.0
175.6
167.1
158.7
150.7
142.5
134.9
127.3
120.6
114.0
107.8
101.6
95.48
89.40
83.32
77.88
72.10
65.07
58.65
53.09
48.07
43.16
37.64
31.13
25.18
19.78
14.83
11.78
10.29
9.797
10.01
10.64
11.19
11.75
12.48
12.68
12.45
12.14
11.45
11.03
10.82
10.59
10.54
10.55
10.54
10.58
10.62
10.64
10.68
10.78
11.09
11.47
11.99
12.19
12.11
11.97
11.77
11.35
11.02
10.78
10.62
10.55
10.51
10.47
10.47
10.50
10.53
10.58
10.63
10.71
10.76
10.83
10.85
10.90
10.98
11.13
11.30
11.47
11.73
12.01
12.35
12.73
13.05
13.47
13.79
14.05
14.18
14.14
14.01
13.90
13.78
13.77
13.78
13.90
14.06
14.31
14.64
15.10
15.68
16.40
16.94
17.45
18.11
18.24
18.67
19.12
19.06
18.82
18.45
17.90
18.02
18.23
18.28
18.22
18.49
18.66
18.77
18.86
19.01
293.5
297.4
301.8
306.0
310.1
314.8
318.4
322.1
326.8
329.7
334.0
337.0
340.2
343.4
345.9
347.5
349.5
350.7
351.2
351.1
350.4
349.9
349.3
348.6
349.1
349.6
349.9
350.6
351.0
351.9
352.0
351.3
350.8
350.6
348.7
346.9
345.3
341.3
338.3
336.6
332.9
329.2
326.2
320.6
316.3
311.9
306.8
302.4
297.7
293.1
287.3
282.5
276.2
270.1
264.5
259.0
254.0
247.8
241.3
234.1
226.2
218.1
209.7
200.9
191.8
182.8
173.7
165.0
156.2
147.4
139.5
131.9
124.5
117.4
109.9
102.4
95.42
89.77
83.62
74.96
66.64
60.54
55.16
49.99
43.27
36.08
28.49
22.19
16.47
12.80
10.92
10.14
10.19
10.85
11.48
12.06
12.86
13.13
12.99
12.64
11.89
11.32
11.12
10.87
10.72
10.69
10.69
10.71
10.73
10.75
10.82
10.90
11.03
11.25
11.43
11.51
11.52
11.43
11.27
11.06
10.86
10.74
10.66
10.62
10.57
10.54
10.53
10.55
10.58
10.62
10.67
10.72
10.79
10.86
10.91
10.93
11.02
11.16
11.32
11.49
11.73
11.98
12.25
12.54
12.84
13.12
13.42
13.60
13.72
13.72
13.65
13.55
13.54
13.50
13.52
13.64
13.82
14.09
14.45
14.93
15.39
15.78
16.21
16.66
17.25
17.82
18.68
19.50
19.71
18.94
18.17
18.05
18.14
18.29
18.49
18.54
18.57
18.69
18.84
19.02
19.12
293.6
297.2
301.3
305.0
308.4
312.2
316.0
319.2
322.4
326.2
328.7
331.8
334.8
337.0
339.4
340.5
343.0
343.6
343.8
344.0
343.0
342.6
342.6
342.8
343.3
344.0
345.1
346.5
347.6
348.2
349.1
348.5
349.5
348.7
348.4
347.3
346.6
345.7
345.7
344.4
343.6
337.0
332.4
329.7
325.7
323.4
318.9
314.7
310.6
305.8
301.2
296.3
292.0
287.0
283.4
278.8
275.5
270.1
264.3
258.4
251.3
243.5
235.3
227.0
217.5
208.0
198.4
188.7
179.1
169.2
160.6
151.7
143.3
134.5
125.2
116.2
107.8
102.5
94.94
84.91
75.29
66.77
60.02
53.89
46.66
37.57
29.87
23.10
16.88
13.12
11.10
10.35
10.53
11.21
11.83
12.70
13.28
13.57
13.41
12.97
12.05
11.59
11.34
11.04
10.91
10.85
10.82
10.84
10.84
10.90
10.93
11.02
11.05
11.06
11.07
11.10
11.16
11.18
11.14
11.12
11.03
10.93
10.78
10.67
10.62
10.59
10.58
10.58
10.65
10.68
10.75
10.79
10.85
10.92
10.96
11.00
11.08
11.21
11.36
11.53
11.75
12.00
12.26
12.51
12.75
12.97
13.17
13.29
13.34
13.33
13.29
13.26
13.20
13.22
13.29
13.43
13.64
13.90
14.19
14.54
14.95
15.50
16.24
17.40
17.41
18.19
18.96
19.42
19.35
18.73
18.38
18.15
18.17
18.52
18.69
18.60
18.63
18.78
18.98
19.11
19.17
293.1
296.1
300.0
302.6
306.0
308.9
312.2
314.9
317.4
320.7
323.2
325.5
328.2
330.0
331.7
333.7
334.7
335.8
336.4
335.9
336.3
335.1
334.5
334.8
335.6
336.7
338.0
338.9
340.4
341.9
342.7
343.2
344.9
345.3
344.4
343.3
341.6
340.2
339.2
338.4
336.9
335.2
332.0
329.6
325.5
323.3
319.8
316.7
313.7
310.3
306.9
303.2
299.0
295.9
292.1
289.3
285.5
282.3
276.9
271.4
265.2
258.6
252.0
244.5
236.9
228.9
219.6
210.7
200.5
190.6
180.6
171.3
161.6
151.8
140.6
129.9
120.0
113.2
105.9
94.70
81.97
73.53
67.45
60.69
50.97
41.94
32.72
25.35
18.38
14.07
11.62
10.61
10.67
11.32
12.02
12.88
13.49
13.92
13.92
13.42
12.45
11.87
11.61
11.27
11.08
10.98
10.95
10.97
11.00
11.03
11.10
11.22
11.35
11.55
11.80
11.99
11.97
11.92
11.75
11.56
11.16
10.88
10.75
10.67
10.62
10.59
10.61
10.63
10.67
10.70
10.77
10.81
10.89
10.94
11.00
11.03
11.13
11.23
11.40
11.55
11.73
11.94
12.21
12.44
12.64
12.82
12.99
13.09
13.15
13.13
13.07
13.03
12.97
13.01
13.08
13.22
13.41
13.58
13.88
14.38
15.22
15.72
16.52
16.86
17.40
18.02
18.54
19.10
18.99
18.84
18.54
18.40
18.44
18.64
18.68
18.69
18.71
18.90
19.04
19.13
19.24
293.5
296.3
298.9
301.5
303.6
306.3
308.7
311.1
313.2
315.6
317.9
319.9
321.2
323.2
324.4
326.6
326.6
327.5
327.7
327.0
327.1
326.4
325.6
326.3
327.0
328.9
329.7
331.4
331.8
333.6
334.7
336.5
337.1
337.6
338.6
337.7
335.8
334.8
334.4
333.8
331.2
329.5
328.4
325.5
323.9
321.4
318.7
316.1
313.6
311.4
308.3
305.8
302.3
299.1
295.7
293.5
290.5
287.1
283.1
277.9
272.3
266.6
259.6
252.6
245.4
237.4
228.8
219.3
209.6
199.7
190.6
181.8
171.3
160.1
147.7
135.2
125.0
117.5
108.8
99.20
86.73
77.88
69.56
61.51
51.81
42.53
33.07
25.64
18.46
14.18
11.66
10.78
10.86
11.55
12.19
13.29
13.67
14.20
14.12
13.54
12.52
11.99
11.72
11.36
11.13
11.01
10.99
11.00
11.07
11.12
11.23
11.32
11.40
11.53
11.65
11.72
11.72
11.63
11.47
11.22
10.97
10.80
10.68
10.66
10.63
10.62
10.62
10.66
10.68
10.72
10.78
10.84
10.93
10.98
11.04
11.10
11.17
11.26
11.43
11.59
11.81
11.99
12.23
12.45
12.66
12.85
12.99
13.06
13.07
13.02
12.96
12.92
12.91
12.95
13.05
13.17
13.32
13.56
13.84
14.20
14.68
15.30
15.88
16.35
16.96
17.82
18.73
19.36
19.79
19.34
18.80
18.51
18.51
18.71
18.77
18.80
18.81
18.94
19.07
19.20
19.27
293.7
295.2
297.5
299.3
301.1
303.7
305.0
306.9
308.7
310.2
311.6
313.2
314.4
315.4
316.7
318.0
318.5
318.7
318.6
318.2
317.3
317.0
316.3
317.1
317.5
318.9
319.4
320.8
321.9
323.0
323.8
325.0
325.4
325.6
326.4
327.4
328.3
328.3
328.3
327.3
324.3
323.4
320.9
319.5
318.0
316.9
314.9
313.2
310.6
307.8
304.9
302.0
299.9
297.7
295.6
293.2
290.9
288.1
285.2
281.3
275.9
270.6
264.4
257.8
249.6
241.5
232.4
223.5
214.1
204.4
194.6
184.5
173.8
162.8
150.6
138.5
127.2
119.0
108.2
98.57
89.51
79.39
69.06
61.60
53.19
43.84
34.20
26.80
19.43
14.63
11.92
10.80
10.83
11.45
12.04
13.03
13.63
14.13
14.29
13.62
12.64
12.04
11.78
11.38
11.11
11.00
10.97
10.99
11.01
11.08
11.17
11.24
11.23
11.19
11.19
11.18
11.22
11.25
11.21
11.15
11.04
10.92
10.80
10.71
10.65
10.63
10.61
10.64
10.67
10.71
10.76
10.81
10.90
10.95
11.01
11.06
11.13
11.25
11.41
11.57
11.79
12.01
12.24
12.47
12.71
12.86
12.97
13.04
12.99
12.97
12.93
12.90
12.90
12.91
12.96
13.09
13.28
13.51
13.77
14.10
14.50
14.87
15.46
16.45
17.38
18.17
19.44
19.99
19.95
19.41
19.04
18.76
18.62
18.80
18.87
18.86
18.86
19.00
19.16
19.25
19.30
294.0
295.4
296.5
297.7
298.8
300.0
301.4
302.9
303.8
304.9
305.7
306.7
307.3
308.4
308.7
309.0
309.1
309.0
308.7
307.7
306.5
305.7
305.2
305.5
306.0
306.3
307.1
307.7
309.2
310.3
311.2
311.9
312.6
312.7
312.1
311.0
310.5
309.4
308.7
307.9
307.2
306.1
303.6
302.2
300.3
298.3
296.2
295.0
292.6
290.7
288.3
285.8
283.2
280.3
278.3
276.0
273.7
271.1
266.9
263.8
258.7
253.1
247.3
240.6
233.2
225.7
217.0
208.6
199.5
190.9
181.6
172.0
161.3
150.8
140.1
128.9
118.5
110.6
100.7
91.73
83.98
75.65
67.53
60.73
51.55
41.49
32.31
25.31
18.42
14.17
11.59
10.66
10.78
11.41
11.97
13.05
13.51
14.06
14.03
13.35
12.43
11.95
11.65
11.24
11.03
10.93
10.92
10.97
11.02
11.09
11.21
11.30
11.40
11.49
11.62
11.74
11.79
11.75
11.60
11.31
11.03
10.86
10.75
10.70
10.64
10.60
10.59
10.61
10.64
10.68
10.74
10.80
10.87
10.93
10.98
11.06
11.15
11.25
11.40
11.59
11.78
12.01
12.29
12.48
12.66
12.86
12.96
13.05
13.06
13.01
12.94
12.87
12.83
12.86
12.96
13.11
13.27
13.45
13.76
14.20
14.75
15.42
15.95
16.53
16.91
17.64
18.70
19.59
19.68
19.23
18.90
18.80
18.80
18.87
18.87
18.89
18.96
19.06
19.18
19.25
19.34
293.4
294.0
294.8
295.5
296.0
297.0
297.6
298.0
298.7
299.1
299.2
299.7
299.7
299.8
300.5
299.8
299.9
299.3
298.6
297.0
295.6
294.0
293.5
293.5
293.3
293.4
294.0
294.7
295.4
295.4
295.9
296.6
296.7
296.5
295.8
295.1
293.2
291.9
290.8
289.4
287.7
286.0
284.4
282.7
280.1
277.6
275.7
273.2
271.0
268.2
265.7
263.4
260.7
258.0
255.2
252.6
250.1
247.1
243.8
239.6
234.9
229.4
223.7
216.9
210.5
202.9
195.2
187.7
179.7
171.6
163.6
155.0
146.6
137.9
128.7
119.1
109.7
102.4
94.05
85.76
79.46
72.73
65.64
58.21
49.42
40.98
32.48
25.09
18.51
14.23
11.54
10.50
10.53
11.09
11.63
12.57
13.18
13.64
13.80
13.07
12.33
11.78
11.50
11.10
10.90
10.81
10.78
10.83
10.87
10.95
11.05
11.18
11.28
11.37
11.49
11.56
11.57
11.51
11.39
11.18
10.91
10.73
10.61
10.56
10.55
10.55
10.53
10.55
10.58
10.61
10.66
10.72
10.80
10.84
10.91
10.98
11.10
11.19
11.34
11.48
11.72
11.95
12.23
12.54
12.75
12.95
13.12
13.17
13.18
13.11
13.02
12.95
12.90
12.91
13.00
13.15
13.29
13.47
13.70
14.14
14.63
15.36
16.01
16.54
16.84
17.45
18.38
19.24
19.75
19.29
18.90
18.92
18.93
18.91
18.91
18.96
18.99
19.05
19.19
19.27
19.34
297.3
297.0
297.0
296.9
297.1
297.4
297.3
296.8
297.1
296.7
296.5
296.0
296.0
295.7
294.7
294.6
293.5
291.9
290.8
289.0
286.7
285.7
284.0
283.7
283.1
283.3
282.6
283.0
283.0
282.9
282.8
282.6
281.5
281.5
279.9
279.7
279.5
277.8
277.2
273.8
272.2
270.4
267.3
265.2
262.5
260.3
257.0
254.7
251.3
248.0
244.9
241.6
238.5
235.7
233.3
230.0
227.1
223.8
219.8
216.2
211.2
205.8
200.1
193.6
187.4
180.0
173.1
165.4
158.2
150.8
144.0
137.2
130.5
123.5
115.7
107.8
100.2
92.99
86.22
79.35
73.12
67.33
60.37
53.49
45.45
38.02
29.66
23.05
17.07
13.26
10.98
10.14
10.24
10.81
11.37
12.17
12.97
13.43
13.28
12.57
11.96
11.51
11.18
10.84
10.71
10.64
10.64
10.68
10.74
10.80
10.91
10.96
10.99
10.97
10.99
10.99
11.01
11.01
11.02
10.97
10.88
10.75
10.63
10.59
10.50
10.50
10.49
10.49
10.53
10.57
10.65
10.69
10.77
10.82
10.90
10.98
11.07
11.21
11.35
11.52
11.76
12.05
12.37
12.72
13.09
13.29
13.46
13.51
13.48
13.46
13.42
13.39
13.39
13.44
13.55
13.72
13.98
14.27
14.58
14.93
15.36
16.02
16.82
17.75
18.55
19.49
20.88
21.40
21.29
20.60
20.03
19.75
19.54
19.46
19.49
19.45
19.45
19.51
19.60
19.68
19.71
293.4
293.1
292.4
291.8
291.7
290.3
289.8
289.0
288.2
288.0
286.7
285.8
285.1
284.0
282.8
281.8
280.7
279.1
277.0
275.0
273.2
271.2
269.2
267.9
267.4
266.2
265.7
264.7
264.8
263.8
263.2
262.6
261.3
260.2
259.3
257.2
255.0
252.5
250.6
248.7
246.1
243.6
241.3
238.4
235.5
232.6
229.6
226.5
223.8
220.8
217.5
214.0
210.6
207.4
204.0
201.1
197.9
194.6
190.7
186.1
181.5
176.6
170.8
165.2
159.3
153.6
147.3
141.3
135.2
129.2
123.4
117.9
112.3
106.7
101.0
95.08
88.80
82.53
76.26
70.24
64.80
59.49
54.74
49.88
43.01
35.90
27.85
21.33
16.00
12.60
10.47
9.786
9.957
10.55
11.07
11.90
12.42
12.81
12.78
12.03
11.46
11.03
10.76
10.57
10.47
10.44
10.45
10.52
10.63
10.71
10.81
10.88
10.99
11.03
11.11
11.20
11.27
11.09
10.94
10.79
10.70
10.62
10.59
10.53
10.47
10.42
10.40
10.42
10.45
10.49
10.55
10.61
10.67
10.74
10.80
10.88
10.98
11.10
11.27
11.47
11.72
12.00
12.38
12.66
12.98
13.32
13.51
13.57
13.57
13.54
13.44
13.36
13.31
13.30
13.33
13.44
13.65
13.92
14.29
14.66
15.01
15.49
15.88
16.39
17.07
18.01
19.23
20.29
20.70
20.07
19.56
19.33
19.09
19.06
19.09
19.10
19.07
19.08
19.21
19.26
19.32
294.0
292.2
291.1
290.1
288.6
287.7
286.7
285.2
283.5
282.4
281.3
279.9
278.4
276.7
274.6
272.8
271.2
269.2
267.2
264.6
262.5
259.7
257.7
256.0
254.1
252.7
251.4
250.3
249.3
248.3
246.6
244.9
243.6
241.8
239.9
237.7
235.5
232.7
229.7
227.5
224.2
221.6
218.7
215.9
212.6
209.6
206.7
203.4
200.7
197.4
193.9
190.6
187.1
183.5
180.1
176.8
173.3
169.8
166.2
162.1
157.7
153.0
148.2
143.0
137.6
132.4
127.0
121.6
116.3
111.1
106.2
101.5
96.91
92.52
87.69
82.71
77.40
71.89
66.57
61.45
56.90
53.17
49.52
45.05
38.25
33.10
25.94
20.03
15.35
12.16
10.19
9.440
9.568
10.10
10.60
11.30
11.92
12.20
12.26
11.54
11.07
10.68
10.42
10.29
10.24
10.22
10.22
10.27
10.37
10.45
10.55
10.63
10.72
10.82
10.95
11.06
11.10
11.07
10.99
10.83
10.62
10.44
10.32
10.28
10.26
10.26
10.25
10.26
10.29
10.34
10.40
10.45
10.51
10.59
10.64
10.73
10.85
10.96
11.15
11.35
11.63
11.94
12.29
12.71
13.06
13.39
13.67
13.80
13.89
13.79
13.70
13.61
13.48
13.44
13.47
13.56
13.73
13.95
14.20
14.59
15.37
15.86
16.46
17.23
17.82
18.23
19.10
20.21
20.53
20.13
19.81
19.61
19.20
19.03
19.04
19.07
19.09
19.12
19.21
19.29
19.32
293.7
292.0
289.8
287.9
286.3
284.3
282.3
280.6
278.6
276.5
275.0
272.6
270.9
268.5
266.5
264.4
261.9
259.8
257.1
254.0
251.4
248.6
245.8
242.9
241.6
239.5
237.4
235.8
234.4
232.5
230.8
228.9
226.6
224.3
222.2
219.7
217.7
215.3
211.9
209.2
207.1
203.9
200.7
197.1
193.5
190.5
187.5
184.1
180.9
176.8
173.3
169.6
166.0
162.9
159.3
156.0
152.5
149.1
145.6
141.9
138.0
133.7
129.5
124.7
120.1
115.2
110.1
105.3
100.6
96.13
91.73
87.67
83.68
79.81
75.57
71.29
66.56
62.08
57.50
53.27
49.04
45.04
41.51
37.54
31.87
27.93
21.83
17.39
13.48
11.00
9.510
9.074
9.263
9.759
10.26
11.00
11.43
11.66
11.53
10.90
10.52
10.24
10.04
9.949
9.932
9.922
9.936
10.02
10.11
10.22
10.31
10.37
10.38
10.37
10.40
10.45
10.48
10.51
10.50
10.47
10.38
10.30
10.19
10.12
10.09
10.07
10.08
10.11
10.15
10.18
10.25
10.30
10.38
10.42
10.48
10.57
10.69
10.83
11.03
11.29
11.60
11.97
12.41
12.90
13.41
13.77
14.04
14.12
14.06
13.94
13.84
13.74
13.67
13.66
13.70
13.82
13.94
14.07
14.26
14.59
15.08
15.60
16.20
16.79
17.44
18.38
19.65
20.24
20.36
20.15
19.75
19.42
19.13
18.99
19.04
19.11
19.10
19.11
19.16
19.24
19.30
293.5
291.1
288.9
286.4
283.8
281.8
279.4
276.4
274.1
271.8
269.5
266.9
264.8
261.8
259.2
256.4
253.8
251.3
248.0
245.0
241.4
238.2
235.2
232.6
229.7
227.4
225.3
223.1
221.0
219.1
216.4
214.2
212.1
209.9
207.3
204.3
201.2
198.0
195.0
192.0
188.8
185.6
182.5
179.4
176.0
172.7
169.5
166.1
162.9
159.4
156.0
152.5
149.2
145.8
142.5
139.1
136.0
133.0
129.8
126.4
122.9
119.1
115.0
110.9
106.4
102.3
97.97
93.63
89.40
85.42
81.55
77.91
74.38
70.96
67.35
63.63
59.67
55.70
51.92
47.96
44.32
40.67
37.04
33.28
29.36
25.14
20.24
16.39
12.95
10.59
9.216
8.728
8.895
9.346
9.812
10.44
10.99
11.13
11.01
10.48
10.15
9.903
9.739
9.678
9.669
9.669
9.684
9.761
9.840
9.919
10.03
10.12
10.24
10.39
10.46
10.54
10.67
10.52
10.34
10.25
10.18
10.11
10.05
10.00
9.931
9.897
9.889
9.904
9.934
9.995
10.06
10.09
10.16
10.23
10.28
10.38
10.51
10.65
10.86
11.14
11.49
11.97
12.53
12.97
13.51
14.05
14.38
14.50
14.50
14.38
14.18
13.94
13.84
13.82
13.85
13.96
14.12
14.33
14.56
14.88
15.10
15.46
15.96
16.45
17.06
17.95
19.40
20.48
20.54
20.05
19.65
19.26
19.04
18.98
19.04
19.07
19.06
19.11
19.19
19.26
19.28
293.1
290.6
287.2
284.4
281.3
278.6
275.2
272.9
269.5
266.7
263.3
260.6
257.5
254.5
251.5
248.9
245.7
242.5
238.6
235.2
231.7
228.0
224.7
221.5
218.9
216.1
213.4
210.9
208.5
206.4
204.0
201.0
198.7
195.6
193.1
189.7
186.6
183.5
180.4
177.1
174.3
170.7
167.5
164.1
160.9
157.5
154.5
151.4
148.0
144.8
141.2
138.1
134.9
131.8
128.8
125.7
122.8
119.8
117.0
113.9
110.6
107.0
103.6
99.66
95.88
92.05
88.32
84.35
80.59
77.04
73.48
70.26
67.12
63.93
60.89
57.49
54.10
50.43
47.09
43.79
40.49
37.00
33.74
30.16
26.29
22.19
18.14
14.78
11.74
9.852
8.713
8.434
8.648
9.075
9.524
10.19
10.58
10.66
10.41
10.01
9.750
9.554
9.447
9.374
9.401
9.414
9.459
9.533
9.632
9.718
9.804
9.909
10.01
10.17
10.30
10.37
10.40
10.39
10.29
10.12
9.955
9.823
9.739
9.713
9.696
9.694
9.685
9.700
9.748
9.824
9.876
9.929
9.997
10.05
10.13
10.22
10.35
10.52
10.75
11.05
11.50
12.04
12.72
13.36
13.98
14.64
14.95
15.03
15.11
14.89
14.57
14.33
14.11
13.93
13.86
13.95
14.15
14.41
14.70
15.03
15.53
16.08
16.17
16.63
17.67
18.13
19.06
20.20
20.18
19.95
19.70
19.27
18.99
18.98
18.99
19.00
19.04
19.12
19.16
19.23
19.23
293.6
290.5
286.5
282.8
279.6
275.5
272.7
269.4
265.7
262.3
258.8
255.4
252.0
248.6
245.2
242.1
238.7
234.9
231.6
227.3
223.8
219.5
216.0
213.0
209.5
206.5
203.9
201.1
198.5
196.0
193.5
190.6
187.7
184.7
181.8
179.0
175.7
172.5
169.5
166.5
163.9
160.9
157.5
154.2
150.6
147.5
144.2
141.2
137.9
134.9
131.6
128.6
125.6
122.6
119.8
117.1
114.5
111.8
109.2
106.6
103.7
100.6
97.29
93.79
90.09
86.51
82.94
79.26
75.81
72.42
69.24
66.15
63.10
60.17
57.28
54.12
51.00
47.69
44.61
41.45
38.43
35.67
32.48
29.20
25.07
21.17
17.32
14.14
11.33
9.504
8.463
8.145
8.337
8.724
9.145
9.733
10.19
10.24
10.01
9.675
9.425
9.258
9.152
9.081
9.096
9.143
9.181
9.245
9.343
9.418
9.512
9.580
9.646
9.678
9.735
9.765
9.823
9.837
9.841
9.800
9.762
9.668
9.580
9.523
9.489
9.462
9.488
9.494
9.538
9.591
9.661
9.713
9.783
9.840
9.919
10.01
10.15
10.33
10.57
10.86
11.34
12.01
12.78
13.74
14.73
15.22
15.28
15.55
15.47
14.97
14.67
14.50
14.36
14.21
14.12
14.09
14.10
14.15
14.33
14.68
15.18
15.83
16.42
16.89
17.29
17.56
18.59
19.74
20.04
19.94
19.62
19.25
18.98
18.93
18.95
19.01
19.04
19.08
19.12
19.15
19.17
293.5
288.8
285.0
280.7
276.8
272.8
269.2
265.2
261.8
257.3
253.3
250.5
245.9
242.5
238.8
235.0
231.1
227.6
223.2
219.7
215.5
211.5
207.7
204.1
200.7
197.7
194.5
191.9
189.1
186.1
183.4
180.7
177.7
174.7
171.7
168.5
165.3
162.2
159.2
155.9
153.1
150.1
147.0
143.8
140.7
137.9
134.8
131.8
129.0
126.2
123.3
120.4
117.9
115.0
112.4
109.8
107.3
105.0
102.5
99.85
97.31
94.51
91.63
88.45
85.33
81.84
78.59
75.42
72.09
69.26
66.33
63.58
60.84
58.11
55.28
52.30
48.94
45.72
42.49
39.39
36.42
33.80
30.73
27.53
23.78
19.79
16.14
13.15
10.58
8.979
8.119
7.940
8.154
8.521
8.936
9.553
9.861
9.838
9.599
9.303
9.121
8.991
8.899
8.847
8.877
8.940
8.983
9.061
9.133
9.221
9.312
9.402
9.529
9.668
9.745
9.809
9.808
9.732
9.659
9.578
9.524
9.466
9.416
9.350
9.308
9.284
9.277
9.296
9.357
9.393
9.466
9.533
9.606
9.664
9.773
9.868
10.03
10.24
10.51
10.84
11.39
12.31
13.27
14.03
14.74
15.49
16.00
15.92
15.33
14.94
14.75
14.52
14.38
14.33
14.23
14.18
14.20
14.32
14.47
14.67
15.00
15.45
15.92
16.47
17.18
18.00
18.87
19.59
19.79
19.68
19.29
19.01
18.94
18.91
18.95
18.94
18.97
19.01
19.06
19.10
19.14
293.8
289.4
284.5
279.9
275.7
271.1
266.9
262.8
258.2
254.2
249.6
245.4
241.6
237.2
233.5
229.8
225.7
221.8
217.5
213.6
209.3
205.0
201.1
197.6
194.2
190.9
187.6
184.4
181.5
178.8
175.9
173.0
170.1
166.9
163.9
160.9
157.7
154.5
151.4
148.6
145.6
142.7
139.9
137.0
134.1
131.3
128.7
125.9
123.2
120.3
117.7
115.1
112.6
109.8
107.3
104.8
102.4
100.0
97.79
95.38
92.73
90.09
87.26
84.11
80.99
77.95
75.06
72.24
69.41
66.82
64.37
61.92
59.47
56.90
54.04
51.01
47.81
44.48
41.31
38.15
35.15
32.22
29.36
26.49
23.12
19.44
15.84
12.85
10.44
8.772
7.898
7.680
7.835
8.198
8.605
9.133
9.490
9.499
9.237
8.983
8.838
8.719
8.619
8.578
8.608
8.682
8.733
8.812
8.916
9.015
9.116
9.235
9.381
9.566
9.741
9.793
9.810
9.772
9.676
9.510
9.364
9.252
9.164
9.116
9.094
9.091
9.073
9.105
9.135
9.191
9.257
9.317
9.383
9.447
9.544
9.630
9.787
10.02
10.29
10.68
11.29
12.10
13.03
14.07
14.92
15.51
15.76
15.56
15.42
15.34
15.03
14.63
14.33
14.08
14.01
14.03
14.13
14.31
14.51
14.75
15.05
15.47
15.73
16.08
16.59
17.22
18.12
19.13
19.23
19.13
19.08
18.89
18.86
18.82
18.82
18.82
18.92
18.99
19.05
19.05
19.00
293.7
288.2
283.3
278.1
273.0
268.2
263.7
258.8
254.2
250.0
245.3
240.6
236.4
232.3
228.1
223.9
220.1
215.7
211.2
206.7
202.7
198.4
194.5
190.6
187.1
183.6
180.4
177.5
174.4
171.3
168.4
165.6
162.5
159.5
156.5
153.5
150.6
147.3
144.4
141.8
139.2
136.9
134.2
131.4
128.5
125.6
123.0
120.2
117.5
115.0
112.3
109.6
107.3
104.7
102.2
99.87
97.62
95.38
93.15
90.88
88.46
85.82
83.06
80.17
77.15
74.03
71.02
67.98
64.98
62.14
59.54
57.01
54.51
52.02
49.44
46.79
43.94
40.98
38.08
35.24
32.40
29.73
27.25
24.63
21.39
17.91
14.63
11.90
9.682
8.278
7.577
7.445
7.640
8.000
8.361
8.868
9.173
9.060
8.820
8.593
8.496
8.415
8.319
8.289
8.332
8.415
8.476
8.554
8.656
8.746
8.860
8.959
9.050
9.138
9.248
9.308
9.319
9.310
9.272
9.206
9.132
9.020
8.933
8.886
8.876
8.859
8.854
8.891
8.933
8.993
9.057
9.132
9.201
9.265
9.363
9.458
9.644
9.901
10.21
10.66
11.34
12.17
13.09
14.14
14.88
15.06
15.03
15.11
15.28
14.92
14.53
14.30
14.13
14.01
13.92
13.85
13.85
13.98
14.25
14.47
14.72
15.12
15.60
15.73
16.18
16.77
17.88
18.75
19.06
18.94
18.77
18.71
18.66
18.66
18.75
18.83
18.90
18.89
18.83
18.87
18.90
294.5
288.8
283.2
277.4
271.9
267.0
261.8
257.0
252.5
247.3
242.1
237.7
233.3
228.4
224.4
220.2
215.9
211.8
207.0
203.1
198.5
194.2
190.3
186.4
182.5
179.0
175.6
172.5
169.3
166.2
163.3
160.3
157.7
154.6
151.6
148.9
146.2
143.0
140.1
137.6
135.1
132.5
130.0
127.6
124.7
121.9
119.3
116.7
114.2
111.7
109.3
106.7
104.3
101.7
99.07
96.70
94.61
92.27
90.13
88.07
85.65
83.14
80.53
77.64
74.74
71.66
68.75
65.72
62.73
59.94
57.40
54.80
52.29
49.96
47.48
44.93
42.17
39.40
36.64
33.99
31.40
28.93
26.60
24.30
21.36
17.97
14.59
11.86
9.712
8.228
7.431
7.238
7.403
7.733
8.059
8.485
8.868
8.775
8.556
8.356
8.247
8.182
8.073
8.049
8.094
8.172
8.257
8.327
8.424
8.524
8.639
8.769
8.925
9.083
9.207
9.296
9.352
9.328
9.193
9.070
8.967
8.884
8.816
8.752
8.714
8.696
8.687
8.700
8.733
8.787
8.848
8.917
8.997
9.076
9.184
9.291
9.469
9.751
10.10
10.53
11.13
11.97
12.83
13.46
13.91
14.44
14.84
15.02
14.59
14.21
14.14
14.10
14.01
13.94
13.76
13.58
13.65
13.70
13.82
14.13
14.49
14.77
15.05
15.81
16.16
16.69
17.56
18.44
18.55
18.70
18.57
18.54
18.60
18.59
18.64
18.64
18.66
18.69
18.76
18.85
18.89
293.4
287.5
281.5
275.8
270.4
264.5
259.2
254.1
248.7
243.3
238.2
233.6
228.6
224.0
219.9
215.8
211.2
206.7
202.3
197.8
193.4
189.3
185.1
181.1
177.4
173.7
170.4
167.1
164.0
160.9
158.0
155.0
152.2
149.5
146.6
143.9
141.3
138.6
136.2
133.4
131.0
128.5
126.1
123.6
121.0
118.4
115.8
113.3
110.8
108.2
105.7
103.3
100.7
98.39
96.03
93.79
91.55
89.33
87.25
85.17
82.91
80.35
77.69
74.94
71.98
69.10
66.12
63.21
60.39
57.62
55.03
52.56
50.15
47.79
45.41
42.97
40.29
37.53
34.95
32.37
29.78
27.35
24.95
22.55
19.79
16.70
13.59
11.02
9.078
7.763
7.149
7.056
7.245
7.562
7.858
8.264
8.559
8.391
8.205
8.032
7.973
7.891
7.816
7.809
7.885
7.953
8.034
8.109
8.203
8.299
8.409
8.529
8.682
8.854
9.029
9.091
9.078
9.039
8.946
8.836
8.732
8.639
8.573
8.544
8.520
8.498
8.500
8.521
8.571
8.623
8.699
8.767
8.839
8.924
9.027
9.170
9.395
9.694
10.04
10.46
11.05
11.73
12.40
13.13
13.66
14.00
14.20
14.03
13.90
14.08
14.02
13.84
13.55
13.28
13.28
13.29
13.36
13.50
13.64
13.85
14.12
14.56
14.99
15.37
15.93
16.48
17.13
18.07
18.29
18.34
18.51
18.37
18.27
18.37
18.42
18.48
18.61
18.74
18.81
18.81
18.70
294.3
287.5
281.3
275.2
269.4
263.4
257.9
252.5
247.0
241.4
236.2
231.1
226.5
221.9
216.8
212.6
208.3
204.1
199.3
195.0
190.5
186.1
181.6
177.6
173.9
170.2
166.8
163.6
160.4
157.4
154.4
151.6
148.9
146.2
143.6
141.1
138.7
136.2
133.7
131.3
128.8
126.6
124.3
121.7
119.2
116.5
113.9
111.4
109.0
106.5
103.9
101.5
99.08
96.72
94.34
92.07
89.84
87.67
85.48
83.43
81.25
78.90
76.21
73.36
70.54
67.69
64.73
61.83
59.07
56.39
53.85
51.30
48.94
46.63
44.29
41.82
39.24
36.60
33.99
31.48
28.95
26.44
24.01
21.68
19.17
16.32
13.42
10.88
9.000
7.649
6.992
6.875
7.043
7.333
7.607
7.946
8.308
8.148
7.960
7.790
7.749
7.680
7.598
7.591
7.652
7.729
7.811
7.888
7.978
8.074
8.179
8.284
8.404
8.504
8.582
8.630
8.649
8.651
8.644
8.600
8.560
8.504
8.430
8.375
8.344
8.350
8.345
8.361
8.395
8.449
8.509
8.588
8.672
8.772
8.901
9.037
9.251
9.571
9.920
10.34
10.85
11.40
11.98
12.55
13.05
13.18
13.12
13.16
13.44
13.39
13.15
12.91
12.77
12.70
12.72
12.76
12.81
12.94
13.19
13.54
13.94
14.36
14.64
14.94
15.37
15.94
16.76
17.63
18.06
18.02
17.89
18.11
18.15
18.20
18.37
18.53
18.59
18.55
18.47
18.48
18.50
293.3
286.4
280.2
273.5
267.0
261.2
255.3
249.2
244.0
238.5
232.9
227.8
223.1
218.0
213.4
208.6
204.7
199.9
195.5
190.9
186.2
181.8
177.8
173.7
169.9
166.1
162.8
159.6
156.3
153.4
150.6
148.1
145.4
142.9
140.4
137.9
135.6
133.2
130.8
128.3
125.8
123.8
121.4
119.0
116.4
113.9
111.6
109.1
106.8
104.5
102.1
99.68
97.27
94.86
92.63
90.31
88.11
86.05
83.79
81.81
79.53
77.07
74.43
71.67
68.71
65.98
63.00
60.13
57.40
54.85
52.34
49.90
47.63
45.38
43.05
40.58
37.91
35.30
32.84
30.38
27.80
25.41
23.08
20.74
18.31
15.47
12.69
10.28
8.511
7.284
6.782
6.734
6.924
7.206
7.475
7.814
8.065
7.849
7.670
7.552
7.534
7.452
7.409
7.436
7.500
7.580
7.650
7.724
7.821
7.927
8.052
8.197
8.386
8.542
8.619
8.667
8.702
8.633
8.540
8.438
8.384
8.314
8.261
8.222
8.201
8.191
8.182
8.206
8.246
8.322
8.376
8.468
8.545
8.644
8.795
8.978
9.240
9.564
9.897
10.26
10.71
11.19
11.69
12.05
12.29
12.52
12.82
12.83
12.68
12.51
12.45
12.52
12.51
12.41
12.28
12.25
12.37
12.57
12.86
13.23
13.60
14.01
14.60
15.01
15.42
15.88
16.47
17.22
17.52
17.83
17.81
17.85
18.13
18.20
18.18
18.25
18.33
18.34
18.38
18.43
18.48
294.2
287.0
280.1
273.7
267.3
260.6
254.6
248.6
242.9
237.1
231.4
226.0
221.2
216.2
211.9
207.3
202.6
198.3
193.6
188.9
184.3
179.8
175.7
171.7
167.8
164.1
160.7
157.5
154.4
151.6
148.8
146.1
143.7
141.2
138.7
136.5
134.2
131.9
129.5
127.1
124.8
122.6
120.2
118.0
115.5
113.1
110.7
108.2
105.9
103.7
101.2
98.75
96.48
94.18
91.89
89.56
87.42
85.30
83.19
81.10
78.86
76.51
73.85
71.13
68.37
65.49
62.80
60.01
57.33
54.73
52.20
49.75
47.38
45.07
42.69
40.21
37.62
35.08
32.54
30.08
27.60
25.23
22.86
20.48
18.14
15.49
12.75
10.28
8.503
7.234
6.671
6.601
6.766
7.023
7.265
7.542
7.870
7.689
7.506
7.389
7.378
7.310
7.249
7.284
7.351
7.435
7.510
7.569
7.650
7.745
7.863
8.004
8.186
8.382
8.535
8.594
8.590
8.559
8.482
8.354
8.274
8.196
8.131
8.076
8.070
8.058
8.066
8.088
8.131
8.184
8.258
8.357
8.450
8.571
8.722
8.885
9.128
9.437
9.738
10.08
10.47
10.86
11.22
11.56
11.89
12.05
12.11
12.15
12.14
12.18
12.19
12.10
11.93
11.75
11.78
11.92
12.11
12.33
12.53
12.78
13.22
13.73
14.28
14.78
15.22
15.58
16.14
16.83
17.28
17.50
17.82
17.81
17.72
17.93
18.05
18.07
18.17
18.36
18.45
18.38
18.22
293.4
285.9
278.8
271.8
265.0
258.8
252.6
246.4
240.2
234.8
229.1
224.1
219.1
213.9
209.2
204.3
199.7
195.6
191.0
186.2
181.6
177.1
173.0
169.0
165.1
161.3
157.9
154.9
151.8
149.0
146.4
143.9
141.5
139.2
136.8
134.4
132.6
130.0
127.7
125.5
123.1
120.9
118.8
116.4
113.8
111.6
109.0
106.7
104.3
102.1
99.73
97.46
95.19
92.93
90.66
88.52
86.34
84.32
82.29
80.26
78.01
75.66
73.03
70.33
67.60
64.78
62.06
59.33
56.68
53.99
51.51
49.08
46.70
44.24
41.86
39.44
36.86
34.29
31.81
29.38
26.86
24.45
22.12
19.79
17.44
14.81
12.16
9.810
8.162
6.962
6.540
6.508
6.696
6.930
7.155
7.463
7.726
7.522
7.334
7.274
7.242
7.157
7.124
7.169
7.232
7.321
7.398
7.458
7.529
7.631
7.760
7.900
8.070
8.220
8.330
8.368
8.366
8.328
8.280
8.211
8.141
8.079
8.017
7.968
7.955
7.943
7.955
7.978
8.022
8.094
8.172
8.279
8.380
8.518
8.694
8.877
9.156
9.465
9.800
10.13
10.44
10.74
11.04
11.27
11.42
11.53
11.54
11.59
11.60
11.56
11.40
11.19
11.17
11.25
11.35
11.47
11.63
11.89
12.31
12.76
13.19
13.61
14.01
14.47
14.95
15.42
16.05
16.69
17.07
17.27
17.35
17.68
17.72
17.69
17.88
18.14
18.16
18.09
18.05
18.23
18.29
293.7
286.2
279.1
272.3
265.5
258.8
252.2
246.2
240.1
234.9
228.8
223.4
218.3
213.4
208.4
203.8
199.3
195.2
190.4
185.7
180.9
176.4
172.2
168.2
164.3
160.5
157.1
153.8
150.9
148.3
145.7
143.3
140.9
138.5
136.1
133.9
131.6
129.3
127.1
124.8
122.4
120.3
118.0
115.8
113.4
110.9
108.6
106.2
103.9
101.7
99.46
96.94
94.66
92.35
90.00
87.85
85.75
83.68
81.66
79.62
77.52
75.16
72.67
69.98
67.29
64.56
61.89
59.15
56.52
53.90
51.42
48.86
46.38
43.97
41.62
39.28
36.75
34.17
31.69
29.30
26.87
24.48
22.19
19.83
17.64
15.06
12.36
9.912
8.215
6.971
6.473
6.435
6.606
6.832
7.038
7.301
7.615
7.443
7.241
7.176
7.163
7.072
7.031
7.080
7.156
7.240
7.306
7.359
7.442
7.527
7.652
7.819
8.036
8.257
8.385
8.416
8.420
8.366
8.279
8.170
8.096
8.022
7.965
7.911
7.892
7.880
7.885
7.915
7.958
8.018
8.094
8.203
8.310
8.447
8.620
8.829
9.097
9.421
9.691
9.983
10.29
10.58
10.80
11.01
11.15
11.27
11.36
11.36
11.30
11.16
11.11
11.10
11.11
11.15
11.21
11.30
11.52
11.79
12.09
12.47
12.90
13.43
14.03
14.56
14.96
15.33
15.83
16.45
16.75
17.04
17.26
17.35
17.63
17.71
17.78
17.79
18.04
18.13
18.18
18.15
18.12
293.0
285.1
278.2
271.0
264.6
257.8
251.4
244.9
238.9
232.9
227.3
222.1
217.3
212.0
207.2
202.2
197.7
193.0
188.4
183.8
179.5
175.0
170.7
166.5
162.8
159.1
155.7
152.5
149.7
147.2
144.5
142.1
139.5
137.4
135.4
132.9
130.7
128.2
125.9
123.7
121.3
119.3
117.1
114.8
112.5
109.9
107.4
105.1
102.9
100.6
98.39
96.13
93.87
91.52
89.24
87.10
85.03
83.05
81.01
78.97
76.88
74.60
72.08
69.42
66.76
64.07
61.34
58.72
56.12
53.61
51.05
48.37
45.82
43.40
41.10
38.80
36.21
33.63
31.19
28.80
26.36
24.03
21.75
19.45
17.18
14.60
11.93
9.551
7.979
6.802
6.425
6.415
6.584
6.812
7.011
7.295
7.537
7.366
7.152
7.123
7.104
7.008
6.979
7.034
7.110
7.199
7.261
7.318
7.388
7.478
7.600
7.770
7.994
8.234
8.366
8.392
8.377
8.326
8.234
8.119
8.049
7.972
7.915
7.865
7.840
7.836
7.839
7.868
7.919
7.985
8.060
8.174
8.278
8.433
8.619
8.847
9.143
9.432
9.701
9.977
10.27
10.54
10.77
10.92
11.08
11.20
11.22
11.22
11.18
11.14
11.09
11.04
10.99
10.99
11.11
11.28
11.50
11.77
12.06
12.45
12.96
13.53
14.09
14.51
14.87
15.23
15.74
16.41
16.72
16.92
17.18
17.27
17.31
17.66
17.79
17.79
18.01
18.10
18.18
18.09
17.98
293.8
286.7
279.2
272.2
265.7
258.3
251.5
245.5
239.2
233.5
227.5
222.3
217.6
212.4
207.5
202.7
198.2
193.6
188.9
184.3
179.7
175.2
171.0
167.0
163.0
159.3
156.2
153.0
149.9
147.3
144.7
142.5
140.0
137.8
135.4
133.0
130.9
129.0
126.8
124.2
121.9
119.7
117.5
115.3
113.0
110.5
107.9
105.6
103.5
101.1
98.74
96.30
93.97
91.67
89.39
87.27
85.13
83.17
81.19
79.23
77.17
75.01
72.51
69.89
67.23
64.44
61.79
59.14
56.48
53.95
51.32
48.72
46.04
43.74
41.46
39.08
36.46
33.95
31.40
28.96
26.61
24.24
21.93
19.62
17.43
14.88
12.20
9.779
8.124
6.868
6.394
6.372
6.546
6.762
6.968
7.226
7.502
7.367
7.130
7.108
7.081
6.995
6.958
7.002
7.074
7.163
7.233
7.283
7.350
7.440
7.547
7.705
7.909
8.110
8.232
8.260
8.252
8.200
8.161
8.075
8.027
7.960
7.904
7.854
7.817
7.820
7.827
7.846
7.884
7.953
8.022
8.144
8.240
8.390
8.567
8.753
9.036
9.398
9.712
10.03
10.32
10.55
10.73
10.99
11.11
11.14
11.20
11.23
11.12
11.00
10.87
10.75
10.75
10.77
10.85
11.02
11.31
11.76
12.22
12.70
13.12
13.50
13.87
14.30
14.70
15.15
15.71
16.32
16.64
16.92
16.95
17.20
17.45
17.46
17.71
18.09
18.02
17.88
17.80
18.06
18.21
293.0
285.1
278.2
271.0
264.6
257.8
251.4
244.9
238.9
232.9
227.3
222.1
217.3
212.0
207.2
202.2
197.7
193.0
188.4
183.8
179.5
175.0
170.7
166.5
162.8
159.1
155.7
152.5
149.7
147.2
144.5
142.1
139.5
137.4
135.4
132.9
130.7
128.2
125.9
123.7
121.3
119.3
117.1
114.8
112.5
109.9
107.4
105.1
102.9
100.6
98.39
96.13
93.87
91.52
89.24
87.10
85.03
83.05
81.01
78.97
76.88
74.60
72.08
69.42
66.76
64.07
61.34
58.72
56.12
53.61
51.05
48.37
45.82
43.40
41.10
38.80
36.21
33.63
31.19
28.80
26.36
24.03
21.75
19.45
17.18
14.60
11.93
9.551
7.979
6.802
6.425
6.415
6.584
6.812
7.011
7.295
7.537
7.366
7.152
7.123
7.104
7.008
6.979
7.034
7.110
7.199
7.261
7.318
7.388
7.478
7.600
7.770
7.994
8.234
8.366
8.392
8.377
8.326
8.234
8.119
8.049
7.972
7.915
7.865
7.840
7.836
7.839
7.868
7.919
7.985
8.060
8.174
8.278
8.433
8.619
8.847
9.143
9.432
9.701
9.977
10.27
10.54
10.77
10.92
11.08
11.20
11.22
11.22
11.18
11.14
11.09
11.04
10.99
10.99
11.11
11.28
11.50
11.77
12.06
12.45
12.96
13.53
14.09
14.51
14.87
15.23
15.74
16.41
16.72
16.92
17.18
17.27
17.31
17.66
17.79
17.79
18.01
18.10
18.18
18.09
17.98
293.7
286.2
279.1
272.3
265.5
258.8
252.2
246.2
240.1
234.9
228.8
223.4
218.3
213.4
208.4
203.8
199.3
195.2
190.4
185.7
180.9
176.4
172.2
168.2
164.3
160.5
157.1
153.8
150.9
148.3
145.7
143.3
140.9
138.5
136.1
133.9
131.6
129.3
127.1
124.8
122.4
120.3
118.0
115.8
113.4
110.9
108.6
106.2
103.9
101.7
99.46
96.94
94.66
92.35
90.00
87.85
85.75
83.68
81.66
79.62
77.52
75.16
72.67
69.98
67.29
64.56
61.89
59.15
56.52
53.90
51.42
48.86
46.38
43.97
41.62
39.28
36.75
34.17
31.69
29.30
26.87
24.48
22.19
19.83
17.64
15.06
12.36
9.912
8.215
6.971
6.473
6.435
6.606
6.832
7.038
7.301
7.615
7.443
7.241
7.176
7.163
7.072
7.031
7.080
7.156
7.240
7.306
7.359
7.442
7.527
7.652
7.819
8.036
8.257
8.385
8.416
8.420
8.366
8.279
8.170
8.096
8.022
7.965
7.911
7.892
7.880
7.885
7.915
7.958
8.018
8.094
8.203
8.310
8.447
8.620
8.829
9.097
9.421
9.691
9.983
10.29
10.58
10.80
11.01
11.15
11.27
11.36
11.36
11.30
11.16
11.11
11.10
11.11
11.15
11.21
11.30
11.52
11.79
12.09
12.47
12.90
13.43
14.03
14.56
14.96
15.33
15.83
16.45
16.75
17.04
17.26
17.35
17.63
17.71
17.78
17.79
18.04
18.13
18.18
18.15
18.12
293.4
285.9
278.8
271.8
265.0
258.8
252.6
246.4
240.2
234.8
229.1
224.1
219.1
213.9
209.2
204.3
199.7
195.6
191.0
186.2
181.6
177.1
173.0
169.0
165.1
161.3
157.9
154.9
151.8
149.0
146.4
143.9
141.5
139.2
136.8
134.4
132.6
130.0
127.7
125.5
123.1
120.9
118.8
116.4
113.8
111.6
109.0
106.7
104.3
102.1
99.73
97.46
95.19
92.93
90.66
88.52
86.34
84.32
82.29
80.26
78.01
75.66
73.03
70.33
67.60
64.78
62.06
59.33
56.68
53.99
51.51
49.08
46.70
44.24
41.86
39.44
36.86
34.29
31.81
29.38
26.86
24.45
22.12
19.79
17.44
14.81
12.16
9.810
8.162
6.962
6.540
6.508
6.696
6.930
7.155
7.463
7.726
7.522
7.334
7.274
7.242
7.157
7.124
7.169
7.232
7.321
7.398
7.458
7.529
7.631
7.760
7.900
8.070
8.220
8.330
8.368
8.366
8.328
8.280
8.211
8.141
8.079
8.017
7.968
7.955
7.943
7.955
7.978
8.022
8.094
8.172
8.279
8.380
8.518
8.694
8.877
9.156
9.465
9.800
10.13
10.44
10.74
11.04
11.27
11.42
11.53
11.54
11.59
11.60
11.56
11.40
11.19
11.17
11.25
11.35
11.47
11.63
11.89
12.31
12.76
13.19
13.61
14.01
14.47
14.95
15.42
16.05
16.69
17.07
17.27
17.35
17.68
17.72
17.69
17.88
18.14
18.16
18.09
18.05
18.23
18.29
294.2
287.0
280.1
273.7
267.3
260.6
254.6
248.6
242.9
237.1
231.4
226.0
221.2
216.2
211.9
207.3
202.6
198.3
193.6
188.9
184.3
179.8
175.7
171.7
167.8
164.1
160.7
157.5
154.4
151.6
148.8
146.1
143.7
141.2
138.7
136.5
134.2
131.9
129.5
127.1
124.8
122.6
120.2
118.0
115.5
113.1
110.7
108.2
105.9
103.7
101.2
98.75
96.48
94.18
91.89
89.56
87.42
85.30
83.19
81.10
78.86
76.51
73.85
71.13
68.37
65.49
62.80
60.01
57.33
54.73
52.20
49.75
47.38
45.07
42.69
40.21
37.62
35.08
32.54
30.08
27.60
25.23
22.86
20.48
18.14
15.49
12.75
10.28
8.503
7.234
6.671
6.601
6.766
7.023
7.265
7.542
7.870
7.689
7.506
7.389
7.378
7.310
7.249
7.284
7.351
7.435
7.510
7.569
7.650
7.745
7.863
8.004
8.186
8.382
8.535
8.594
8.590
8.559
8.482
8.354
8.274
8.196
8.131
8.076
8.070
8.058
8.066
8.088
8.131
8.184
8.258
8.357
8.450
8.571
8.722
8.885
9.128
9.437
9.738
10.08
10.47
10.86
11.22
11.56
11.89
12.05
12.11
12.15
12.14
12.18
12.19
12.10
11.93
11.75
11.78
11.92
12.11
12.33
12.53
12.78
13.22
13.73
14.28
14.78
15.22
15.58
16.14
16.83
17.28
17.50
17.82
17.81
17.72
17.93
18.05
18.07
18.17
18.36
18.45
18.38
18.22
293.3
286.4
280.2
273.5
267.0
261.2
255.3
249.2
244.0
238.5
232.9
227.8
223.1
218.0
213.4
208.6
204.7
199.9
195.5
190.9
186.2
181.8
177.8
173.7
169.9
166.1
162.8
159.6
156.3
153.4
150.6
148.1
145.4
142.9
140.4
137.9
135.6
133.2
130.8
128.3
125.8
123.8
121.4
119.0
116.4
113.9
111.6
109.1
106.8
104.5
102.1
99.68
97.27
94.86
92.63
90.31
88.11
86.05
83.79
81.81
79.53
77.07
74.43
71.67
68.71
65.98
63.00
60.13
57.40
54.85
52.34
49.90
47.63
45.38
43.05
40.58
37.91
35.30
32.84
30.38
27.80
25.41
23.08
20.74
18.31
15.47
12.69
10.28
8.511
7.284
6.782
6.734
6.924
7.206
7.475
7.814
8.065
7.849
7.670
7.552
7.534
7.452
7.409
7.436
7.500
7.580
7.650
7.724
7.821
7.927
8.052
8.197
8.386
8.542
8.619
8.667
8.702
8.633
8.540
8.438
8.384
8.314
8.261
8.222
8.201
8.191
8.182
8.206
8.246
8.322
8.376
8.468
8.545
8.644
8.795
8.978
9.240
9.564
9.897
10.26
10.71
11.19
11.69
12.05
12.29
12.52
12.82
12.83
12.68
12.51
12.45
12.52
12.51
12.41
12.28
12.25
12.37
12.57
12.86
13.23
13.60
14.01
14.60
15.01
15.42
15.88
16.47
17.22
17.52
17.83
17.81
17.85
18.13
18.20
18.18
18.25
18.33
18.34
18.38
18.43
18.48
294.3
287.5
281.3
275.2
269.4
263.4
257.9
252.5
247.0
241.4
236.2
231.1
226.5
221.9
216.8
212.6
208.3
204.1
199.3
195.0
190.5
186.1
181.6
177.6
173.9
170.2
166.8
163.6
160.4
157.4
154.4
151.6
148.9
146.2
143.6
141.1
138.7
136.2
133.7
131.3
128.8
126.6
124.3
121.7
119.2
116.5
113.9
111.4
109.0
106.5
103.9
101.5
99.08
96.72
94.34
92.07
89.84
87.67
85.48
83.43
81.25
78.90
76.21
73.36
70.54
67.69
64.73
61.83
59.07
56.39
53.85
51.30
48.94
46.63
44.29
41.82
39.24
36.60
33.99
31.48
28.95
26.44
24.01
21.68
19.17
16.32
13.42
10.88
9.000
7.649
6.992
6.875
7.043
7.333
7.607
7.946
8.308
8.148
7.960
7.790
7.749
7.680
7.598
7.591
7.652
7.729
7.811
7.888
7.978
8.074
8.179
8.284
8.404
8.504
8.582
8.630
8.649
8.651
8.644
8.600
8.560
8.504
8.430
8.375
8.344
8.350
8.345
8.361
8.395
8.449
8.509
8.588
8.672
8.772
8.901
9.037
9.251
9.571
9.920
10.34
10.85
11.40
11.98
12.55
13.05
13.18
13.12
13.16
13.44
13.39
13.15
12.91
12.77
12.70
12.72
12.76
12.81
12.94
13.19
13.54
13.94
14.36
14.64
14.94
15.37
15.94
16.76
17.63
18.06
18.02
17.89
18.11
18.15
18.20
18.37
18.53
18.59
18.55
18.47
18.48
18.50
293.4
287.5
281.5
275.8
270.4
264.5
259.2
254.1
248.7
243.3
238.2
233.6
228.6
224.0
219.9
215.8
211.2
206.7
202.3
197.8
193.4
189.3
185.1
181.1
177.4
173.7
170.4
167.1
164.0
160.9
158.0
155.0
152.2
149.5
146.6
143.9
141.3
138.6
136.2
133.4
131.0
128.5
126.1
123.6
121.0
118.4
115.8
113.3
110.8
108.2
105.7
103.3
100.7
98.39
96.03
93.79
91.55
89.33
87.25
85.17
82.91
80.35
77.69
74.94
71.98
69.10
66.12
63.21
60.39
57.62
55.03
52.56
50.15
47.79
45.41
42.97
40.29
37.53
34.95
32.37
29.78
27.35
24.95
22.55
19.79
16.70
13.59
11.02
9.078
7.763
7.149
7.056
7.245
7.562
7.858
8.264
8.559
8.391
8.205
8.032
7.973
7.891
7.816
7.809
7.885
7.953
8.034
8.109
8.203
8.299
8.409
8.529
8.682
8.854
9.029
9.091
9.078
9.039
8.946
8.836
8.732
8.639
8.573
8.544
8.520
8.498
8.500
8.521
8.571
8.623
8.699
8.767
8.839
8.924
9.027
9.170
9.395
9.694
10.04
10.46
11.05
11.73
12.40
13.13
13.66
14.00
14.20
14.03
13.90
14.08
14.02
13.84
13.55
13.28
13.28
13.29
13.36
13.50
13.64
13.85
14.12
14.56
14.99
15.37
15.93
16.48
17.13
18.07
18.29
18.34
18.51
18.37
18.27
18.37
18.42
18.48
18.61
18.74
18.81
18.81
18.70
294.5
288.8
283.2
277.4
271.9
267.0
261.8
257.0
252.5
247.3
242.1
237.7
233.3
228.4
224.4
220.2
215.9
211.8
207.0
203.1
198.5
194.2
190.3
186.4
182.5
179.0
175.6
172.5
169.3
166.2
163.3
160.3
157.7
154.6
151.6
148.9
146.2
143.0
140.1
137.6
135.1
132.5
130.0
127.6
124.7
121.9
119.3
116.7
114.2
111.7
109.3
106.7
104.3
101.7
99.07
96.70
94.61
92.27
90.13
88.07
85.65
83.14
80.53
77.64
74.74
71.66
68.75
65.72
62.73
59.94
57.40
54.80
52.29
49.96
47.48
44.93
42.17
39.40
36.64
33.99
31.40
28.93
26.60
24.30
21.36
17.97
14.59
11.86
9.712
8.228
7.431
7.238
7.403
7.733
8.059
8.485
8.868
8.775
8.556
8.356
8.247
8.182
8.073
8.049
8.094
8.172
8.257
8.327
8.424
8.524
8.639
8.769
8.925
9.083
9.207
9.296
9.352
9.328
9.193
9.070
8.967
8.884
8.816
8.752
8.714
8.696
8.687
8.700
8.733
8.787
8.848
8.917
8.997
9.076
9.184
9.291
9.469
9.751
10.10
10.53
11.13
11.97
12.83
13.46
13.91
14.44
14.84
15.02
14.59
14.21
14.14
14.10
14.01
13.94
13.76
13.58
13.65
13.70
13.82
14.13
14.49
14.77
15.05
15.81
16.16
16.69
17.56
18.44
18.55
18.70
18.57
18.54
18.60
18.59
18.64
18.64
18.66
18.69
18.76
18.85
18.89
293.7
288.2
283.3
278.1
273.0
268.2
263.7
258.8
254.2
250.0
245.3
240.6
236.4
232.3
228.1
223.9
220.1
215.7
211.2
206.7
202.7
198.4
194.5
190.6
187.1
183.6
180.4
177.5
174.4
171.3
168.4
165.6
162.5
159.5
156.5
153.5
150.6
147.3
144.4
141.8
139.2
136.9
134.2
131.4
128.5
125.6
123.0
120.2
117.5
115.0
112.3
109.6
107.3
104.7
102.2
99.87
97.62
95.38
93.15
90.88
88.46
85.82
83.06
80.17
77.15
74.03
71.02
67.98
64.98
62.14
59.54
57.01
54.51
52.02
49.44
46.79
43.94
40.98
38.08
35.24
32.40
29.73
27.25
24.63
21.39
17.91
14.63
11.90
9.682
8.278
7.577
7.445
7.640
8.000
8.361
8.868
9.173
9.060
8.820
8.593
8.496
8.415
8.319
8.289
8.332
8.415
8.476
8.554
8.656
8.746
8.860
8.959
9.050
9.138
9.248
9.308
9.319
9.310
9.272
9.206
9.132
9.020
8.933
8.886
8.876
8.859
8.854
8.891
8.933
8.993
9.057
9.132
9.201
9.265
9.363
9.458
9.644
9.901
10.21
10.66
11.34
12.17
13.09
14.14
14.88
15.06
15.03
15.11
15.28
14.92
14.53
14.30
14.13
14.01
13.92
13.85
13.85
13.98
14.25
14.47
14.72
15.12
15.60
15.73
16.18
16.77
17.88
18.75
19.06
18.94
18.77
18.71
18.66
18.66
18.75
18.83
18.90
18.89
18.83
18.87
18.90
293.8
289.4
284.5
279.9
275.7
271.1
266.9
262.8
258.2
254.2
249.6
245.4
241.6
237.2
233.5
229.8
225.7
221.8
217.5
213.6
209.3
205.0
201.1
197.6
194.2
190.9
187.6
184.4
181.5
178.8
175.9
173.0
170.1
166.9
163.9
160.9
157.7
154.5
151.4
148.6
145.6
142.7
139.9
137.0
134.1
131.3
128.7
125.9
123.2
120.3
117.7
115.1
112.6
109.8
107.3
104.8
102.4
100.0
97.79
95.38
92.73
90.09
87.26
84.11
80.99
77.95
75.06
72.24
69.41
66.82
64.37
61.92
59.47
56.90
54.04
51.01
47.81
44.48
41.31
38.15
35.15
32.22
29.36
26.49
23.12
19.44
15.84
12.85
10.44
8.772
7.898
7.680
7.835
8.198
8.605
9.133
9.490
9.499
9.237
8.983
8.838
8.719
8.619
8.578
8.608
8.682
8.733
8.812
8.916
9.015
9.116
9.235
9.381
9.566
9.741
9.793
9.810
9.772
9.676
9.510
9.364
9.252
9.164
9.116
9.094
9.091
9.073
9.105
9.135
9.191
9.257
9.317
9.383
9.447
9.544
9.630
9.787
10.02
10.29
10.68
11.29
12.10
13.03
14.07
14.92
15.51
15.76
15.56
15.42
15.34
15.03
14.63
14.33
14.08
14.01
14.03
14.13
14.31
14.51
14.75
15.05
15.47
15.73
16.08
16.59
17.22
18.12
19.13
19.23
19.13
19.08
18.89
18.86
18.82
18.82
18.82
18.92
18.99
19.05
19.05
19.00
293.5
288.8
285.0
280.7
276.8
272.8
269.2
265.2
261.8
257.3
253.3
250.5
245.9
242.5
238.8
235.0
231.1
227.6
223.2
219.7
215.5
211.5
207.7
204.1
200.7
197.7
194.5
191.9
189.1
186.1
183.4
180.7
177.7
174.7
171.7
168.5
165.3
162.2
159.2
155.9
153.1
150.1
147.0
143.8
140.7
137.9
134.8
131.8
129.0
126.2
123.3
120.4
117.9
115.0
112.4
109.8
107.3
105.0
102.5
99.85
97.31
94.51
91.63
88.45
85.33
81.84
78.59
75.42
72.09
69.26
66.33
63.58
60.84
58.11
55.28
52.30
48.94
45.72
42.49
39.39
36.42
33.80
30.73
27.53
23.78
19.79
16.14
13.15
10.58
8.979
8.119
7.940
8.154
8.521
8.936
9.553
9.861
9.838
9.599
9.303
9.121
8.991
8.899
8.847
8.877
8.940
8.983
9.061
9.133
9.221
9.312
9.402
9.529
9.668
9.745
9.809
9.808
9.732
9.659
9.578
9.524
9.466
9.416
9.350
9.308
9.284
9.277
9.296
9.357
9.393
9.466
9.533
9.606
9.664
9.773
9.868
10.03
10.24
10.51
10.84
11.39
12.31
13.27
14.03
14.74
15.49
16.00
15.92
15.33
14.94
14.75
14.52
14.38
14.33
14.23
14.18
14.20
14.32
14.47
14.67
15.00
15.45
15.92
16.47
17.18
18.00
18.87
19.59
19.79
19.68
19.29
19.01
18.94
18.91
18.95
18.94
18.97
19.01
19.06
19.10
19.14
293.6
290.5
286.5
282.8
279.6
275.5
272.7
269.4
265.7
262.3
258.8
255.4
252.0
248.6
245.2
242.1
238.7
234.9
231.6
227.3
223.8
219.5
216.0
213.0
209.5
206.5
203.9
201.1
198.5
196.0
193.5
190.6
187.7
184.7
181.8
179.0
175.7
172.5
169.5
166.5
163.9
160.9
157.5
154.2
150.6
147.5
144.2
141.2
137.9
134.9
131.6
128.6
125.6
122.6
119.8
117.1
114.5
111.8
109.2
106.6
103.7
100.6
97.29
93.79
90.09
86.51
82.94
79.26
75.81
72.42
69.24
66.15
63.10
60.17
57.28
54.12
51.00
47.69
44.61
41.45
38.43
35.67
32.48
29.20
25.07
21.17
17.32
14.14
11.33
9.504
8.463
8.145
8.337
8.724
9.145
9.733
10.19
10.24
10.01
9.675
9.425
9.258
9.152
9.081
9.096
9.143
9.181
9.245
9.343
9.418
9.512
9.580
9.646
9.678
9.735
9.765
9.823
9.837
9.841
9.800
9.762
9.668
9.580
9.523
9.489
9.462
9.488
9.494
9.538
9.591
9.661
9.713
9.783
9.840
9.919
10.01
10.15
10.33
10.57
10.86
11.34
12.01
12.78
13.74
14.73
15.22
15.28
15.55
15.47
14.97
14.67
14.50
14.36
14.21
14.12
14.09
14.10
14.15
14.33
14.68
15.18
15.83
16.42
16.89
17.29
17.56
18.59
19.74
20.04
19.94
19.62
19.25
18.98
18.93
18.95
19.01
19.04
19.08
19.12
19.15
19.17
293.1
290.6
287.2
284.4
281.3
278.6
275.2
272.9
269.5
266.7
263.3
260.6
257.5
254.5
251.5
248.9
245.7
242.5
238.6
235.2
231.7
228.0
224.7
221.5
218.9
216.1
213.4
210.9
208.5
206.4
204.0
201.0
198.7
195.6
193.1
189.7
186.6
183.5
180.4
177.1
174.3
170.7
167.5
164.1
160.9
157.5
154.5
151.4
148.0
144.8
141.2
138.1
134.9
131.8
128.8
125.7
122.8
119.8
117.0
113.9
110.6
107.0
103.6
99.66
95.88
92.05
88.32
84.35
80.59
77.04
73.48
70.26
67.12
63.93
60.89
57.49
54.10
50.43
47.09
43.79
40.49
37.00
33.74
30.16
26.29
22.19
18.14
14.78
11.74
9.852
8.713
8.434
8.648
9.075
9.524
10.19
10.58
10.66
10.41
10.01
9.750
9.554
9.447
9.374
9.401
9.414
9.459
9.533
9.632
9.718
9.804
9.909
10.01
10.17
10.30
10.37
10.40
10.39
10.29
10.12
9.955
9.823
9.739
9.713
9.696
9.694
9.685
9.700
9.748
9.824
9.876
9.929
9.997
10.05
10.13
10.22
10.35
10.52
10.75
11.05
11.50
12.04
12.72
13.36
13.98
14.64
14.95
15.03
15.11
14.89
14.57
14.33
14.11
13.93
13.86
13.95
14.15
14.41
14.70
15.03
15.53
16.08
16.17
16.63
17.67
18.13
19.06
20.20
20.18
19.95
19.70
19.27
18.99
18.98
18.99
19.00
19.04
19.12
19.16
19.23
19.23
293.5
291.1
288.9
286.4
283.8
281.8
279.4
276.4
274.1
271.8
269.5
266.9
264.8
261.8
259.2
256.4
253.8
251.3
248.0
245.0
241.4
238.2
235.2
232.6
229.7
227.4
225.3
223.1
221.0
219.1
216.4
214.2
212.1
209.9
207.3
204.3
201.2
198.0
195.0
192.0
188.8
185.6
182.5
179.4
176.0
172.7
169.5
166.1
162.9
159.4
156.0
152.5
149.2
145.8
142.5
139.1
136.0
133.0
129.8
126.4
122.9
119.1
115.0
110.9
106.4
102.3
97.97
93.63
89.40
85.42
81.55
77.91
74.38
70.96
67.35
63.63
59.67
55.70
51.92
47.96
44.32
40.67
37.04
33.28
29.36
25.14
20.24
16.39
12.95
10.59
9.216
8.728
8.895
9.346
9.812
10.44
10.99
11.13
11.01
10.48
10.15
9.903
9.739
9.678
9.669
9.669
9.684
9.761
9.840
9.919
10.03
10.12
10.24
10.39
10.46
10.54
10.67
10.52
10.34
10.25
10.18
10.11
10.05
10.00
9.931
9.897
9.889
9.904
9.934
9.995
10.06
10.09
10.16
10.23
10.28
10.38
10.51
10.65
10.86
11.14
11.49
11.97
12.53
12.97
13.51
14.05
14.38
14.50
14.50
14.38
14.18
13.94
13.84
13.82
13.85
13.96
14.12
14.33
14.56
14.88
15.10
15.46
15.96
16.45
17.06
17.95
19.40
20.48
20.54
20.05
19.65
19.26
19.04
18.98
19.04
19.07
19.06
19.11
19.19
19.26
19.28
293.7
292.0
289.8
287.9
286.3
284.3
282.3
280.6
278.6
276.5
275.0
272.6
270.9
268.5
266.5
264.4
261.9
259.8
257.1
254.0
251.4
248.6
245.8
242.9
241.6
239.5
237.4
235.8
234.4
232.5
230.8
228.9
226.6
224.3
222.2
219.7
217.7
215.3
211.9
209.2
207.1
203.9
200.7
197.1
193.5
190.5
187.5
184.1
180.9
176.8
173.3
169.6
166.0
162.9
159.3
156.0
152.5
149.1
145.6
141.9
138.0
133.7
129.5
124.7
120.1
115.2
110.1
105.3
100.6
96.13
91.73
87.67
83.68
79.81
75.57
71.29
66.56
62.08
57.50
53.27
49.04
45.04
41.51
37.54
31.87
27.93
21.83
17.39
13.48
11.00
9.510
9.074
9.263
9.759
10.26
11.00
11.43
11.66
11.53
10.90
10.52
10.24
10.04
9.949
9.932
9.922
9.936
10.02
10.11
10.22
10.31
10.37
10.38
10.37
10.40
10.45
10.48
10.51
10.50
10.47
10.38
10.30
10.19
10.12
10.09
10.07
10.08
10.11
10.15
10.18
10.25
10.30
10.38
10.42
10.48
10.57
10.69
10.83
11.03
11.29
11.60
11.97
12.41
12.90
13.41
13.77
14.04
14.12
14.06
13.94
13.84
13.74
13.67
13.66
13.70
13.82
13.94
14.07
14.26
14.59
15.08
15.60
16.20
16.79
17.44
18.38
19.65
20.24
20.36
20.15
19.75
19.42
19.13
18.99
19.04
19.11
19.10
19.11
19.16
19.24
19.30
294.0
292.2
291.1
290.1
288.6
287.7
286.7
285.2
283.5
282.4
281.3
279.9
278.4
276.7
274.6
272.8
271.2
269.2
267.2
264.6
262.5
259.7
257.7
256.0
254.1
252.7
251.4
250.3
249.3
248.3
246.6
244.9
243.6
241.8
239.9
237.7
235.5
232.7
229.7
227.5
224.2
221.6
218.7
215.9
212.6
209.6
206.7
203.4
200.7
197.4
193.9
190.6
187.1
183.5
180.1
176.8
173.3
169.8
166.2
162.1
157.7
153.0
148.2
143.0
137.6
132.4
127.0
121.6
116.3
111.1
106.2
101.5
96.91
92.52
87.69
82.71
77.40
71.89
66.57
61.45
56.90
53.17
49.52
45.05
38.25
33.10
25.94
20.03
15.35
12.16
10.19
9.440
9.568
10.10
10.60
11.30
11.92
12.20
12.26
11.54
11.07
10.68
10.42
10.29
10.24
10.22
10.22
10.27
10.37
10.45
10.55
10.63
10.72
10.82
10.95
11.06
11.10
11.07
10.99
10.83
10.62
10.44
10.32
10.28
10.26
10.26
10.25
10.26
10.29
10.34
10.40
10.45
10.51
10.59
10.64
10.73
10.85
10.96
11.15
11.35
11.63
11.94
12.29
12.71
13.06
13.39
13.67
13.80
13.89
13.79
13.70
13.61
13.48
13.44
13.47
13.56
13.73
13.95
14.20
14.59
15.37
15.86
16.46
17.23
17.82
18.23
19.10
20.21
20.53
20.13
19.81
19.61
19.20
19.03
19.04
19.07
19.09
19.12
19.21
19.29
19.32
293.4
293.1
292.4
291.8
291.7
290.3
289.8
289.0
288.2
288.0
286.7
285.8
285.1
284.0
282.8
281.8
280.7
279.1
277.0
275.0
273.2
271.2
269.2
267.9
267.4
266.2
265.7
264.7
264.8
263.8
263.2
262.6
261.3
260.2
259.3
257.2
255.0
252.5
250.6
248.7
246.1
243.6
241.3
238.4
235.5
232.6
229.6
226.5
223.8
220.8
217.5
214.0
210.6
207.4
204.0
201.1
197.9
194.6
190.7
186.1
181.5
176.6
170.8
165.2
159.3
153.6
147.3
141.3
135.2
129.2
123.4
117.9
112.3
106.7
101.0
95.08
88.80
82.53
76.26
70.24
64.80
59.49
54.74
49.88
43.01
35.90
27.85
21.33
16.00
12.60
10.47
9.786
9.957
10.55
11.07
11.90
12.42
12.81
12.78
12.03
11.46
11.03
10.76
10.57
10.47
10.44
10.45
10.52
10.63
10.71
10.81
10.88
10.99
11.03
11.11
11.20
11.27
11.09
10.94
10.79
10.70
10.62
10.59
10.53
10.47
10.42
10.40
10.42
10.45
10.49
10.55
10.61
10.67
10.74
10.80
10.88
10.98
11.10
11.27
11.47
11.72
12.00
12.38
12.66
12.98
13.32
13.51
13.57
13.57
13.54
13.44
13.36
13.31
13.30
13.33
13.44
13.65
13.92
14.29
14.66
15.01
15.49
15.88
16.39
17.07
18.01
19.23
20.29
20.70
20.07
19.56
19.33
19.09
19.06
19.09
19.10
19.07
19.08
19.21
19.26
19.32
