SALVI
1
0
72
5.00
181
1.00
260105 ICON 2x2 5050 350mA F151 PMMA SC
ICON 2x2 5050 F151 PMMA SC

260105 ICON 2x2 5050 350mA F151 PMMA SC.ldt
23 Gener 2026/TB
570
0
235
360
0
0
0
0
0
95.2
100.0
1.000
0.0
1
1
24 LEDs 5050
4008.2
3000
70
25.8
0.249
0.319
0.390
0.457
0.509
0.590
0.641
0.688
0.747
0.786
0.0
5.0
10.0
15.0
20.0
25.0
30.0
35.0
40.0
45.0
50.0
55.0
60.0
65.0
70.0
75.0
80.0
85.0
90.0
95.0
100.0
105.0
110.0
115.0
120.0
125.0
130.0
135.0
140.0
145.0
150.0
155.0
160.0
165.0
170.0
175.0
180.0
185.0
190.0
195.0
200.0
205.0
210.0
215.0
220.0
225.0
230.0
235.0
240.0
245.0
250.0
255.0
260.0
265.0
270.0
275.0
280.0
285.0
290.0
295.0
300.0
305.0
310.0
315.0
320.0
325.0
330.0
335.0
340.0
345.0
350.0
355.0
0.0
1.0
2.0
3.0
4.0
5.0
6.0
7.0
8.0
9.0
10.0
11.0
12.0
13.0
14.0
15.0
16.0
17.0
18.0
19.0
20.0
21.0
22.0
23.0
24.0
25.0
26.0
27.0
28.0
29.0
30.0
31.0
32.0
33.0
34.0
35.0
36.0
37.0
38.0
39.0
40.0
41.0
42.0
43.0
44.0
45.0
46.0
47.0
48.0
49.0
50.0
51.0
52.0
53.0
54.0
55.0
56.0
57.0
58.0
59.0
60.0
61.0
62.0
63.0
64.0
65.0
66.0
67.0
68.0
69.0
70.0
71.0
72.0
73.0
74.0
75.0
76.0
77.0
78.0
79.0
80.0
81.0
82.0
83.0
84.0
85.0
86.0
87.0
88.0
89.0
90.0
91.0
92.0
93.0
94.0
95.0
96.0
97.0
98.0
99.0
100.0
101.0
102.0
103.0
104.0
105.0
106.0
107.0
108.0
109.0
110.0
111.0
112.0
113.0
114.0
115.0
116.0
117.0
118.0
119.0
120.0
121.0
122.0
123.0
124.0
125.0
126.0
127.0
128.0
129.0
130.0
131.0
132.0
133.0
134.0
135.0
136.0
137.0
138.0
139.0
140.0
141.0
142.0
143.0
144.0
145.0
146.0
147.0
148.0
149.0
150.0
151.0
152.0
153.0
154.0
155.0
156.0
157.0
158.0
159.0
160.0
161.0
162.0
163.0
164.0
165.0
166.0
167.0
168.0
169.0
170.0
171.0
172.0
173.0
174.0
175.0
176.0
177.0
178.0
179.0
180.0
225.4
226.8
226.4
227.2
228.1
229.1
230.8
230.7
231.2
231.0
231.9
232.0
231.2
230.4
230.0
228.2
226.3
225.0
224.8
222.2
219.8
218.5
220.1
221.1
223.8
226.9
229.8
233.7
236.6
242.5
245.0
251.4
254.0
255.9
259.4
264.4
268.8
268.2
273.1
278.9
283.0
274.1
267.4
270.1
271.6
272.4
273.1
271.3
268.4
267.9
269.1
269.0
271.3
275.1
279.0
285.6
293.8
302.6
308.9
317.3
327.2
340.8
351.1
357.1
366.2
372.5
379.6
371.9
363.5
367.8
360.6
357.0
346.9
331.7
308.4
283.3
258.7
235.5
205.5
177.6
147.5
115.8
92.92
67.95
53.38
40.26
24.17
14.64
10.15
7.083
6.266
6.249
6.319
6.398
6.707
7.224
7.162
6.977
6.679
6.503
6.332
6.250
6.313
6.224
6.102
5.990
5.899
5.772
5.672
5.589
5.526
5.462
5.354
5.257
5.226
5.332
5.402
5.736
6.005
6.007
5.883
5.483
5.273
5.311
5.278
5.279
5.271
5.289
5.318
5.347
5.379
5.425
5.445
5.469
5.474
5.490
5.527
5.573
5.601
5.631
6.084
6.591
6.841
7.356
8.065
10.03
10.84
9.600
10.62
10.69
10.66
10.26
10.26
9.835
9.758
9.810
9.968
9.889
10.05
10.04
10.54
11.25
12.51
14.88
16.45
17.34
21.22
22.37
25.79
27.01
23.55
20.13
20.78
22.51
23.75
24.68
25.51
26.25
26.87
27.17
27.20
223.2
226.2
226.7
229.1
231.8
234.0
236.5
237.9
241.3
241.8
243.5
246.1
245.5
246.4
246.7
245.4
245.7
244.9
245.2
243.0
241.0
242.2
242.5
245.9
249.9
254.5
257.6
264.0
267.8
271.8
280.4
287.0
291.2
296.9
304.6
299.6
299.8
303.5
306.5
307.4
311.8
312.6
308.6
314.2
311.4
311.4
314.3
318.2
322.1
326.9
329.9
334.6
341.0
342.0
352.3
365.1
382.3
397.3
411.8
428.2
445.4
457.5
476.4
504.1
517.9
518.3
520.7
525.4
530.3
531.6
530.1
520.3
493.7
452.0
403.3
354.9
305.6
260.0
215.6
183.1
152.1
121.3
95.68
73.33
55.58
42.33
25.37
15.13
10.30
7.566
6.625
6.562
6.639
6.745
6.951
7.453
7.387
7.152
6.875
6.668
6.498
6.398
6.456
6.440
6.242
6.099
5.971
5.857
5.816
5.738
5.700
5.605
5.495
5.706
6.154
6.098
5.861
5.773
5.625
5.388
5.164
5.205
5.158
5.186
5.221
5.225
5.235
5.262
5.294
5.328
5.343
5.374
5.401
5.393
5.397
5.394
5.422
5.476
5.506
5.537
5.887
6.649
7.352
7.673
7.797
7.967
9.087
10.27
9.812
10.25
10.36
9.908
9.497
9.185
9.015
9.159
9.180
8.883
8.774
9.190
9.910
10.91
11.95
12.18
12.82
14.35
16.15
18.79
19.50
18.59
19.76
18.40
20.10
21.91
23.17
24.36
25.29
26.09
26.79
26.99
27.04
223.3
227.2
229.7
233.4
238.0
240.9
245.1
248.3
253.2
256.0
259.2
261.4
261.8
265.2
266.3
267.7
267.3
265.9
267.5
265.3
264.5
264.0
265.9
271.1
275.7
281.2
286.1
290.7
298.6
303.0
311.5
319.5
326.5
334.6
345.3
341.4
342.4
342.5
359.5
351.6
358.2
357.4
359.8
363.1
365.4
372.3
377.1
377.3
387.4
392.7
399.0
406.5
414.2
423.1
437.8
457.8
481.2
500.7
522.1
542.6
569.5
596.7
623.2
652.7
673.6
681.7
692.0
694.8
709.9
715.7
726.4
707.5
650.8
583.4
511.3
440.1
366.5
290.4
235.2
186.2
141.6
111.4
83.91
68.06
52.48
36.91
23.14
14.67
10.26
7.569
6.823
6.763
6.781
6.879
7.211
7.583
7.400
7.165
6.923
6.745
6.558
6.488
6.516
6.461
6.276
6.179
6.017
5.930
5.823
5.721
5.660
5.527
5.587
6.005
5.935
6.019
5.843
6.572
6.587
6.065
5.395
5.245
5.254
5.295
5.233
5.184
5.203
5.221
5.253
5.284
5.326
5.358
5.362
5.361
5.344
5.329
5.377
5.427
5.482
5.517
5.858
6.253
7.710
7.540
8.764
8.230
8.232
8.933
9.922
10.44
10.43
9.756
9.578
9.132
9.003
9.167
9.147
8.804
8.941
9.451
10.19
10.61
10.56
10.23
11.26
12.35
14.06
16.23
18.59
19.36
17.19
18.04
19.77
21.77
23.18
24.24
25.23
26.09
26.87
26.98
27.00
223.5
228.5
231.9
237.0
243.2
248.1
254.0
257.7
263.7
269.3
273.8
277.7
279.9
284.5
284.9
287.3
288.2
288.9
287.9
288.4
286.7
287.3
291.1
296.4
299.0
306.1
312.5
318.1
327.7
335.1
339.6
346.2
354.9
362.6
372.3
379.8
388.1
385.8
405.0
412.0
412.4
403.6
407.0
413.8
416.8
428.6
436.0
438.3
441.8
446.3
452.9
457.5
470.6
486.1
500.9
512.8
536.0
562.1
580.9
607.8
635.2
665.8
701.3
722.7
753.0
775.4
793.8
783.5
779.2
789.9
796.7
791.1
760.1
693.4
606.1
517.9
435.3
350.6
276.5
216.2
168.6
121.1
85.33
61.29
45.89
32.43
20.29
13.43
9.826
7.558
6.829
6.764
6.794
6.867
7.138
7.481
7.307
7.048
6.792
6.625
6.451
6.334
6.323
6.295
6.147
6.074
5.927
5.749
5.607
5.526
5.448
5.360
5.284
5.199
5.169
5.543
5.689
5.921
6.068
5.861
5.530
5.186
5.109
5.115
5.114
5.111
5.146
5.173
5.205
5.231
5.268
5.290
5.296
5.292
5.282
5.275
5.312
5.373
5.420
5.537
5.970
6.253
6.723
6.928
8.421
8.576
10.14
9.942
10.69
11.20
10.16
10.09
9.866
9.322
9.015
9.321
9.255
8.712
8.549
9.053
9.804
10.10
10.94
11.95
12.68
12.37
14.04
15.43
18.85
18.75
18.08
17.59
19.55
21.49
23.17
24.26
25.04
25.95
26.85
27.03
27.06
223.9
230.4
235.2
241.7
248.7
255.2
262.9
268.0
276.4
281.3
288.2
293.7
299.6
303.5
305.2
307.2
309.6
310.6
311.4
310.0
308.7
311.7
313.6
318.4
322.4
328.6
336.9
341.0
352.3
361.3
368.3
376.7
386.4
395.5
402.2
396.6
401.3
409.8
416.3
414.9
423.3
425.8
424.7
424.2
426.8
431.9
433.3
440.1
445.1
452.2
459.1
470.9
469.3
476.7
486.1
500.4
521.7
540.3
556.1
567.5
591.6
613.5
638.8
687.7
709.6
743.2
754.8
769.0
775.9
757.4
768.1
771.3
748.7
688.3
598.9
513.1
428.0
344.4
272.9
206.3
158.6
119.0
84.87
66.46
48.44
31.30
18.11
12.15
8.962
7.113
6.678
6.635
6.652
6.782
7.066
7.256
7.040
6.811
6.589
6.448
6.288
6.198
6.259
6.172
6.024
5.922
5.779
5.602
5.490
5.405
5.366
5.276
5.316
5.856
5.934
5.792
5.704
5.536
5.387
5.093
4.970
5.056
5.108
5.080
5.069
5.046
5.068
5.103
5.145
5.184
5.214
5.229
5.232
5.225
5.219
5.223
5.283
5.342
5.395
5.480
6.099
6.426
7.164
7.162
7.335
7.869
8.973
9.886
9.589
9.305
9.011
9.127
8.846
8.511
8.703
9.025
9.007
8.502
8.623
8.607
9.110
9.465
10.58
11.75
13.22
14.98
16.89
17.80
18.24
17.68
17.59
17.54
19.74
21.58
23.00
24.30
25.15
26.13
26.73
27.01
27.05
223.1
230.9
237.1
244.7
254.1
260.7
269.1
277.1
285.9
293.6
300.8
308.6
313.5
321.2
324.8
328.0
331.6
331.3
335.6
331.5
330.7
329.2
333.9
337.3
340.5
348.7
352.5
361.6
368.2
374.5
380.0
390.3
397.8
400.6
417.3
411.8
420.2
421.0
427.7
433.7
432.0
430.4
429.8
437.1
439.2
445.0
443.9
450.8
450.4
454.7
459.4
462.8
465.9
475.7
489.8
504.3
521.1
534.3
542.7
553.8
572.0
596.5
619.7
637.5
658.8
674.6
690.9
690.7
673.2
651.8
627.4
612.4
578.1
536.1
488.1
428.8
367.5
306.4
243.0
192.5
152.5
112.5
80.75
58.59
42.47
29.83
18.16
11.94
8.862
6.874
6.410
6.357
6.415
6.545
6.808
6.976
6.821
6.638
6.393
6.263
6.113
6.035
6.136
6.031
5.913
5.822
5.665
5.493
5.405
5.350
5.254
5.169
5.399
6.094
6.393
6.323
6.120
5.983
5.891
5.706
4.982
4.966
5.048
5.064
4.975
4.949
4.980
5.018
5.061
5.098
5.133
5.156
5.154
5.150
5.146
5.155
5.219
5.301
5.369
5.487
5.795
6.168
7.472
7.172
8.039
7.924
7.930
8.712
8.840
9.226
9.209
8.825
8.538
8.680
8.768
8.676
8.587
8.647
9.290
9.745
10.48
10.48
10.47
10.72
11.82
13.02
14.47
16.91
18.98
19.37
17.64
16.63
19.57
21.64
23.00
24.08
25.07
26.20
26.72
26.87
26.95
223.8
232.8
240.7
249.9
259.8
268.9
277.8
287.2
298.1
306.4
315.0
324.8
331.5
338.8
344.6
348.5
351.8
354.7
354.0
353.7
350.4
349.3
351.9
356.0
358.5
362.9
368.8
374.5
382.4
387.8
391.8
399.3
400.4
408.7
419.1
424.6
426.3
432.6
449.9
476.9
446.9
437.0
445.4
444.1
450.5
449.5
458.0
457.8
455.0
459.2
462.1
464.5
469.8
477.9
478.4
487.1
498.5
506.0
509.9
511.3
513.2
510.4
510.9
501.0
496.4
494.7
487.4
466.4
452.7
445.2
417.0
399.8
376.5
334.7
306.4
265.0
227.1
190.1
155.1
120.3
94.68
74.99
57.16
39.35
29.79
20.03
12.79
9.266
7.133
6.060
5.883
5.905
6.010
6.219
6.441
6.494
6.363
6.173
6.015
5.893
5.755
5.673
5.661
5.594
5.508
5.433
5.343
5.203
5.104
5.035
4.961
4.895
4.833
4.793
4.861
5.357
5.748
5.674
5.446
5.297
5.346
5.218
4.984
4.923
4.882
4.866
4.891
4.925
4.970
5.006
5.041
5.062
5.064
5.076
5.075
5.095
5.208
5.275
5.343
5.549
5.884
6.229
6.609
6.808
8.221
8.340
9.628
9.607
10.24
10.65
10.29
9.818
9.395
9.470
9.801
9.334
8.922
9.207
9.901
11.08
12.10
12.49
13.43
12.82
12.72
13.44
15.14
17.11
16.79
16.14
17.60
17.28
19.03
21.44
23.28
24.30
25.14
25.91
26.75
26.96
26.99
223.3
233.0
241.2
252.7
262.5
274.0
284.0
294.4
304.6
316.4
326.7
336.1
346.3
355.0
362.8
369.9
374.3
374.7
376.3
374.9
373.9
370.2
371.2
372.4
376.7
376.4
379.2
382.3
383.8
390.2
394.0
397.4
400.5
408.3
408.6
412.7
407.4
412.4
416.9
421.6
420.8
425.6
423.4
418.8
420.2
421.3
422.4
424.2
420.1
425.4
421.8
420.3
414.2
408.4
404.9
401.9
393.1
385.9
368.1
350.6
335.9
325.4
317.0
312.6
298.2
286.5
276.6
266.5
250.2
232.2
218.1
196.8
178.6
163.7
148.8
134.0
119.1
99.33
81.82
64.66
52.80
41.26
32.17
25.70
19.58
13.88
9.543
7.408
6.038
5.423
5.329
5.407
5.546
5.747
5.954
6.028
5.863
5.740
5.612
5.499
5.403
5.336
5.385
5.344
5.210
5.131
5.049
4.984
4.897
4.839
4.788
4.732
4.879
5.116
5.572
5.633
5.291
5.101
5.003
4.937
4.828
4.873
4.979
4.985
4.882
4.799
4.812
4.856
4.889
4.933
4.965
5.000
5.009
5.022
5.029
5.056
5.142
5.273
5.356
5.438
5.996
6.538
6.909
7.302
7.455
8.036
9.431
10.92
11.11
11.35
11.18
10.81
10.29
10.20
10.24
10.32
10.19
9.529
9.998
10.76
11.74
12.85
13.91
14.41
15.62
15.73
16.17
17.79
20.90
16.52
14.94
17.43
19.30
20.73
22.14
24.23
25.10
25.99
26.37
26.68
26.96
224.4
235.5
245.1
257.4
268.2
280.8
291.5
304.1
314.4
327.5
339.3
348.9
360.3
369.8
379.1
387.6
394.7
395.9
395.8
393.1
389.0
389.2
387.4
387.3
389.3
392.0
393.1
394.8
393.5
398.7
394.8
397.1
398.4
402.5
400.7
399.0
396.8
400.1
405.0
405.7
410.5
406.5
402.1
403.7
395.0
394.3
387.0
382.0
374.3
366.1
356.9
346.9
328.5
317.9
310.4
297.4
288.0
277.6
266.4
251.9
235.8
222.0
207.3
192.3
174.1
160.7
146.9
135.9
127.7
120.7
112.6
106.2
94.73
85.39
77.85
69.82
61.78
50.46
40.66
33.98
28.22
23.83
19.63
16.54
13.38
9.846
7.282
5.957
5.157
4.852
4.867
4.990
5.166
5.370
5.583
5.591
5.448
5.344
5.251
5.158
5.092
5.077
5.104
5.013
4.938
4.881
4.834
4.802
4.761
4.702
4.648
4.640
5.093
5.388
6.405
5.997
7.136
6.837
5.719
5.003
5.149
4.824
4.774
4.685
4.692
4.710
4.737
4.772
4.810
4.848
4.910
4.946
4.950
4.976
4.994
5.031
5.154
5.236
5.326
5.470
5.999
6.515
8.148
8.217
9.481
9.648
11.85
14.58
15.32
13.78
12.77
12.27
11.91
11.54
11.09
11.08
11.15
11.64
12.01
11.95
12.92
13.95
14.51
14.78
15.20
16.30
17.22
19.58
21.86
18.71
15.87
16.50
19.62
21.06
21.96
22.86
25.12
26.06
26.36
26.42
26.50
223.1
234.9
245.8
259.5
270.7
283.4
296.0
307.7
321.8
334.7
348.6
358.7
370.3
380.4
392.8
400.9
408.8
416.8
414.9
411.3
409.4
406.7
403.6
403.5
404.9
404.5
405.3
406.0
406.0
405.2
402.0
400.4
397.5
391.9
394.0
404.1
397.9
389.1
394.0
439.9
389.1
384.7
377.5
373.3
365.3
355.4
344.3
331.1
320.6
307.0
294.9
283.7
274.6
263.0
253.2
243.7
232.2
216.9
200.2
177.7
165.4
152.2
139.0
127.4
119.2
110.2
102.1
92.99
88.19
79.05
73.19
68.33
62.38
56.49
51.31
46.70
39.86
33.97
29.21
25.31
22.90
20.19
17.43
14.74
12.10
9.067
6.679
5.485
4.770
4.485
4.498
4.618
4.805
5.016
5.232
5.261
5.129
5.041
4.958
4.875
4.807
4.776
4.752
4.709
4.679
4.630
4.577
4.529
4.491
4.478
4.439
4.400
4.378
4.414
5.026
5.947
5.363
5.385
5.418
5.416
4.958
4.649
4.587
4.596
4.608
4.623
4.651
4.693
4.727
4.775
4.843
4.882
4.904
4.930
4.961
5.004
5.128
5.269
5.363
5.657
6.354
7.022
8.169
8.874
10.50
12.67
16.75
18.02
18.89
17.59
15.96
14.41
13.79
12.71
12.93
12.33
12.81
13.77
14.35
14.51
14.69
15.05
16.30
17.26
18.00
19.01
21.04
20.98
18.94
20.08
17.92
17.00
18.38
20.56
22.24
22.86
23.72
25.29
26.20
26.34
26.33
224.7
237.3
250.1
263.8
277.0
289.8
302.9
318.0
330.6
342.9
356.3
370.5
382.9
393.6
403.8
416.2
421.9
429.0
431.6
429.4
428.2
422.8
421.4
416.5
415.2
416.2
414.8
412.6
410.8
409.8
408.2
406.9
408.3
405.4
400.5
385.3
379.0
373.0
369.3
364.5
357.5
345.5
331.2
318.9
307.0
294.5
281.2
271.8
263.0
251.7
241.7
228.8
215.7
197.0
185.2
170.2
156.8
145.3
135.6
126.6
119.6
111.2
104.3
97.22
91.97
84.49
79.53
74.18
68.82
63.46
59.06
54.00
50.77
47.04
42.58
38.05
31.58
26.97
23.32
21.16
19.78
18.26
16.04
13.59
10.76
8.026
6.013
5.015
4.409
4.196
4.250
4.389
4.582
4.791
4.996
4.958
4.862
4.781
4.717
4.646
4.589
4.581
4.583
4.534
4.492
4.453
4.410
4.395
4.376
4.393
4.353
4.339
4.587
5.300
5.425
5.182
5.313
5.987
5.510
4.693
4.749
4.937
4.855
4.712
4.588
4.572
4.610
4.647
4.680
4.734
4.804
4.833
4.857
4.889
4.927
5.003
5.132
5.261
5.390
5.834
6.868
8.405
9.478
11.28
13.94
16.03
18.59
19.25
19.48
18.29
17.37
16.28
15.80
15.17
15.12
14.58
14.53
14.34
14.02
13.90
14.60
15.85
17.77
18.38
18.41
18.85
18.61
20.13
20.79
17.03
15.67
17.77
19.05
20.02
21.02
23.02
24.02
24.55
24.72
26.23
26.26
222.9
236.1
250.7
263.6
277.7
293.0
305.9
320.3
334.7
348.7
361.6
374.0
387.8
401.2
412.1
422.3
430.9
436.5
438.3
436.1
436.6
432.8
429.6
427.6
427.4
422.0
421.6
420.0
416.5
413.5
409.1
407.5
404.2
401.2
392.8
384.3
378.0
367.2
353.7
342.2
324.9
315.2
302.2
292.1
277.4
265.3
253.4
244.0
231.0
214.4
196.1
180.1
167.9
157.9
149.9
141.9
134.4
125.8
119.0
110.4
106.2
99.59
93.01
87.91
81.89
76.10
71.02
67.03
63.23
59.44
54.35
50.05
45.09
40.68
36.07
31.46
26.46
23.09
19.68
17.72
16.14
14.53
12.84
11.19
9.195
7.085
5.513
4.687
4.173
3.957
4.012
4.138
4.327
4.545
4.737
4.727
4.630
4.564
4.512
4.453
4.409
4.417
4.424
4.404
4.351
4.298
4.277
4.298
4.364
4.310
4.268
4.276
4.671
7.139
6.692
6.140
5.929
6.061
5.693
4.876
4.779
4.459
4.620
4.545
4.541
4.544
4.557
4.610
4.647
4.692
4.760
4.797
4.823
4.863
4.912
4.980
5.109
5.245
5.387
5.673
6.982
9.096
11.62
15.01
17.03
19.09
23.60
23.93
21.61
19.32
18.71
17.39
16.73
16.83
17.39
16.81
16.44
16.76
16.60
16.95
16.76
16.38
16.52
16.67
17.62
18.63
18.87
19.03
17.33
15.78
16.19
17.27
19.22
20.42
20.78
21.45
23.67
24.48
24.51
24.60
25.65
224.2
238.4
253.9
268.4
282.6
298.0
312.7
327.2
341.4
356.0
369.9
384.0
397.5
410.6
422.7
428.6
437.8
440.2
441.8
439.9
438.8
432.6
432.2
427.1
423.5
421.1
421.0
418.3
413.6
411.2
405.9
400.8
395.7
389.8
385.7
374.6
361.8
360.7
359.6
330.0
308.6
297.9
284.4
272.8
255.3
243.9
228.1
206.8
188.9
174.5
164.4
156.7
150.4
142.7
135.5
130.7
124.7
119.8
113.5
106.5
100.7
94.49
89.42
83.45
78.26
72.67
67.07
62.22
58.71
52.46
48.77
44.88
40.81
36.94
33.21
28.85
24.65
21.01
17.86
15.20
13.33
11.46
9.931
8.691
7.364
5.892
4.856
4.229
3.856
3.767
3.837
3.983
4.188
4.390
4.544
4.501
4.416
4.358
4.321
4.250
4.219
4.204
4.195
4.181
4.165
4.131
4.114
4.104
4.093
4.086
4.091
4.088
4.081
4.119
4.192
4.572
5.398
5.556
5.770
5.491
5.139
4.535
4.432
4.439
4.448
4.479
4.518
4.546
4.590
4.634
4.715
4.741
4.782
4.831
4.881
4.985
5.135
5.288
5.467
6.231
8.161
10.66
13.60
16.65
22.02
29.11
31.91
29.28
26.78
25.98
23.49
21.97
20.02
18.83
18.03
18.07
18.60
19.77
21.15
21.81
21.40
21.07
20.59
20.98
21.68
23.07
20.76
18.98
18.33
17.92
17.21
18.16
18.83
20.16
21.27
21.70
22.24
23.27
24.47
24.52
24.49
222.9
236.4
253.1
268.7
283.7
298.9
315.0
329.3
342.5
359.1
374.0
387.5
400.5
411.8
423.5
433.3
441.6
443.7
443.7
443.1
437.9
432.7
430.1
424.3
419.6
418.1
413.6
407.7
405.5
403.7
398.2
391.0
383.3
385.3
370.8
348.7
337.6
325.9
313.8
302.5
287.1
272.1
256.7
243.5
227.0
206.3
189.4
175.9
168.3
159.5
151.6
143.7
135.8
131.0
129.9
122.3
115.9
110.3
103.9
99.04
93.20
90.03
86.44
79.60
73.33
67.10
62.24
57.25
51.21
47.54
44.58
41.21
37.24
33.50
30.31
26.20
22.43
19.64
16.79
15.00
13.22
11.55
10.13
8.897
7.544
5.989
4.893
4.167
3.750
3.638
3.692
3.821
4.014
4.222
4.371
4.354
4.268
4.216
4.190
4.123
4.104
4.117
4.157
4.126
4.087
4.054
4.040
4.046
4.070
4.113
4.095
4.110
4.524
5.246
5.058
4.749
4.661
4.581
4.362
4.293
4.350
4.518
4.549
4.521
4.435
4.436
4.471
4.510
4.559
4.598
4.675
4.711
4.752
4.807
4.862
4.961
5.114
5.254
5.494
6.221
8.184
11.35
17.09
21.47
29.96
33.66
35.61
33.89
34.47
30.26
26.74
25.66
25.08
23.86
22.75
21.50
20.57
19.19
19.52
20.61
21.15
20.73
20.12
20.31
20.17
20.23
20.20
20.38
19.73
17.58
17.64
18.56
19.42
19.87
20.33
21.69
22.17
22.63
22.95
24.20
24.18
224.4
239.0
256.7
272.1
288.0
304.4
320.2
333.4
348.6
364.9
379.4
393.8
408.2
418.8
428.0
437.0
444.9
445.0
444.3
442.3
439.8
432.8
423.3
422.3
415.7
410.9
405.7
401.8
399.3
394.9
387.5
378.6
371.3
364.2
353.7
334.8
318.9
310.3
295.5
279.7
265.6
250.9
234.5
214.7
198.1
182.2
170.9
161.3
154.2
146.6
138.6
131.7
127.3
122.3
117.4
112.5
106.8
100.7
94.86
91.15
87.74
83.23
78.39
72.65
66.89
62.04
56.75
51.17
47.11
43.77
40.76
37.51
34.55
31.32
27.87
24.14
21.01
18.34
15.99
13.99
12.58
11.10
9.825
8.561
7.148
5.678
4.677
3.990
3.614
3.530
3.593
3.750
3.939
4.131
4.248
4.220
4.151
4.123
4.085
4.035
4.023
4.043
4.072
4.051
4.018
3.997
4.005
4.027
4.069
4.067
4.068
4.313
8.371
10.88
8.925
6.913
5.414
4.808
4.595
4.397
4.312
4.348
4.449
4.405
4.378
4.394
4.433
4.472
4.516
4.573
4.647
4.675
4.719
4.780
4.855
4.971
5.123
5.325
5.543
6.128
9.531
15.83
22.24
28.00
31.57
37.43
42.30
41.60
37.03
31.22
28.07
26.25
24.70
24.21
24.83
24.07
24.48
23.32
21.85
21.48
20.49
19.73
19.60
20.10
20.07
19.99
19.30
18.59
18.41
17.83
18.37
19.17
19.74
19.74
20.14
21.00
21.99
22.68
22.60
22.74
23.57
222.5
237.3
254.3
271.1
286.9
303.1
318.7
335.7
349.7
365.6
379.9
392.2
405.7
418.7
430.0
437.6
443.6
445.7
443.7
440.5
436.9
432.6
426.5
418.6
412.5
407.5
402.0
396.0
392.5
388.4
379.2
367.8
360.2
351.0
342.3
327.0
307.6
299.9
297.1
280.9
253.3
237.0
217.9
202.0
189.0
178.0
166.8
158.7
151.0
143.3
135.5
129.2
123.4
119.1
113.5
109.1
104.2
99.63
95.37
90.40
86.95
81.94
77.82
72.93
66.76
61.69
55.14
50.49
47.05
43.27
40.83
38.18
34.42
31.36
28.29
24.01
20.71
18.30
15.97
13.70
12.11
10.56
9.435
8.343
7.155
5.672
4.616
3.892
3.521
3.432
3.493
3.632
3.822
4.007
4.127
4.108
4.031
4.004
3.968
3.913
3.901
3.904
3.916
3.921
3.911
3.899
3.904
3.913
3.944
3.958
3.972
3.985
4.004
4.053
4.154
4.535
5.569
5.935
5.932
5.468
4.532
4.309
4.324
4.337
4.350
4.375
4.398
4.453
4.501
4.549
4.620
4.660
4.706
4.760
4.829
4.945
5.115
5.291
5.555
6.766
10.04
15.76
21.22
27.76
37.65
48.23
47.31
41.18
35.50
31.37
30.30
29.03
27.89
25.35
22.88
22.21
22.71
23.42
22.99
22.14
22.03
21.37
21.04
20.59
19.86
19.35
19.00
18.79
18.59
18.46
19.08
19.46
19.86
20.70
20.89
21.11
20.81
21.53
22.41
22.88
23.14
224.2
239.8
257.0
274.2
290.0
306.2
323.0
340.9
355.4
370.4
386.4
400.6
413.5
422.7
432.5
438.7
442.3
444.5
445.2
440.5
435.8
429.9
422.8
417.4
412.7
406.5
401.2
392.5
385.0
380.8
373.4
361.7
353.0
347.2
332.6
309.0
291.8
286.1
270.2
255.7
235.2
214.5
197.3
185.1
173.2
164.6
154.3
145.0
141.5
134.3
127.9
121.6
117.0
110.6
106.0
102.4
98.88
93.65
87.69
85.33
80.68
76.68
71.41
66.11
62.27
58.13
53.30
48.48
44.71
41.72
39.59
36.76
34.00
30.73
26.70
22.25
19.04
16.39
14.32
12.70
11.32
9.871
8.649
7.676
6.609
5.263
4.296
3.737
3.421
3.372
3.451
3.610
3.788
3.956
4.064
4.026
3.962
3.945
3.903
3.856
3.852
3.888
3.919
3.902
3.887
3.879
3.891
3.949
4.031
4.041
4.038
4.062
4.774
5.216
4.873
4.737
4.722
4.663
4.516
4.382
4.388
4.483
4.477
4.435
4.349
4.346
4.390
4.435
4.478
4.537
4.602
4.636
4.699
4.750
4.827
4.969
5.126
5.343
5.608
7.085
11.08
18.35
26.43
36.23
39.83
36.77
32.60
34.63
33.02
32.50
31.90
31.08
28.06
26.25
24.23
23.92
22.16
20.72
20.57
20.65
20.97
21.30
21.26
20.52
20.02
19.74
19.61
19.58
19.46
19.26
18.93
19.72
19.62
19.67
20.58
21.30
21.94
22.37
21.79
22.56
22.22
222.8
237.6
255.2
272.6
288.0
307.2
323.5
338.2
354.9
369.0
387.1
401.1
414.3
424.6
434.7
441.3
447.7
448.1
444.4
438.8
433.6
430.7
423.2
415.8
411.2
405.6
398.9
392.2
386.1
379.7
371.3
363.4
352.5
344.0
324.8
308.7
295.9
280.6
265.7
251.0
235.4
210.5
193.5
180.0
170.0
160.1
152.4
144.7
137.1
130.6
124.8
118.5
113.7
109.9
105.2
100.5
95.50
91.30
88.18
83.99
79.92
76.07
71.26
66.30
61.98
57.18
52.91
47.95
43.87
41.29
38.89
36.20
33.32
30.47
26.14
22.18
19.29
16.29
13.98
12.47
11.24
9.916
8.709
7.724
6.694
5.400
4.395
3.782
3.402
3.345
3.405
3.548
3.724
3.899
4.026
3.992
3.913
3.905
3.877
3.820
3.830
3.859
3.891
3.884
3.857
3.859
3.915
3.985
4.034
4.037
4.052
4.113
4.808
6.214
6.156
5.712
5.440
5.225
4.585
4.397
4.379
4.375
4.571
4.396
4.334
4.346
4.377
4.420
4.473
4.519
4.599
4.633
4.684
4.742
4.811
4.934
5.111
5.304
5.546
6.686
10.80
19.97
27.52
31.32
30.14
29.08
32.02
33.03
32.70
31.57
30.66
28.02
24.41
24.00
24.29
24.04
23.49
22.10
20.65
19.79
19.97
20.03
20.35
20.01
20.00
19.71
19.56
19.90
19.62
19.28
19.07
19.74
19.35
19.33
20.18
21.21
21.74
22.67
22.07
21.98
21.86
224.9
239.8
257.5
274.1
289.8
309.8
328.2
343.2
360.0
373.3
388.3
402.3
417.2
425.0
437.1
442.7
444.9
445.5
446.3
440.0
432.5
428.3
422.5
414.8
404.8
399.2
402.0
393.7
387.9
378.9
370.0
356.4
345.8
336.9
326.6
311.5
290.6
276.5
294.8
251.1
225.8
212.2
196.2
182.9
170.1
165.2
153.5
144.8
138.3
131.1
124.4
120.7
115.2
110.5
107.3
100.9
98.35
94.22
89.08
84.37
80.46
74.74
71.02
67.31
63.25
57.67
52.33
48.03
44.70
41.26
38.12
35.74
33.03
29.23
25.50
21.88
18.84
16.12
13.80
11.96
10.48
9.304
8.260
7.488
6.405
5.194
4.222
3.698
3.357
3.328
3.404
3.552
3.736
3.899
4.017
3.978
3.909
3.896
3.858
3.804
3.796
3.793
3.795
3.817
3.822
3.825
3.830
3.854
3.902
3.930
3.954
3.970
3.996
4.081
4.234
4.737
5.418
5.785
5.831
5.108
4.435
4.288
4.286
4.301
4.310
4.333
4.371
4.413
4.460
4.521
4.589
4.622
4.668
4.732
4.811
4.968
5.130
5.302
5.691
8.301
13.59
17.65
18.80
24.08
32.95
38.45
39.43
33.44
31.25
31.33
28.73
28.23
26.78
23.68
22.85
21.44
21.77
22.40
20.82
19.78
20.25
19.83
19.92
20.78
21.23
21.13
19.93
19.91
19.04
18.87
18.98
19.02
19.95
21.55
21.14
20.94
20.58
21.24
22.15
22.74
22.78
222.8
237.6
255.2
272.6
288.0
307.2
323.5
338.2
354.9
369.0
387.1
401.1
414.3
424.6
434.7
441.3
447.7
448.1
444.4
438.8
433.6
430.7
423.2
415.8
411.2
405.6
398.9
392.2
386.1
379.7
371.3
363.4
352.5
344.0
324.8
308.7
295.9
280.6
265.7
251.0
235.4
210.5
193.5
180.0
170.0
160.1
152.4
144.7
137.1
130.6
124.8
118.5
113.7
109.9
105.2
100.5
95.50
91.30
88.18
83.99
79.92
76.07
71.26
66.30
61.98
57.18
52.91
47.95
43.87
41.29
38.89
36.20
33.32
30.47
26.14
22.18
19.29
16.29
13.98
12.47
11.24
9.916
8.709
7.724
6.694
5.400
4.395
3.782
3.402
3.345
3.405
3.548
3.724
3.899
4.026
3.992
3.913
3.905
3.877
3.820
3.830
3.859
3.891
3.884
3.857
3.859
3.915
3.985
4.034
4.037
4.052
4.113
4.808
6.214
6.156
5.712
5.440
5.225
4.585
4.397
4.379
4.375
4.571
4.396
4.334
4.346
4.377
4.420
4.473
4.519
4.599
4.633
4.684
4.742
4.811
4.934
5.111
5.304
5.546
6.686
10.80
19.97
27.52
31.32
30.14
29.08
32.02
33.03
32.70
31.57
30.66
28.02
24.41
24.00
24.29
24.04
23.49
22.10
20.65
19.79
19.97
20.03
20.35
20.01
20.00
19.71
19.56
19.90
19.62
19.28
19.07
19.74
19.35
19.33
20.18
21.21
21.74
22.67
22.07
21.98
21.86
224.2
239.8
257.0
274.2
290.0
306.2
323.0
340.9
355.4
370.4
386.4
400.6
413.5
422.7
432.5
438.7
442.3
444.5
445.2
440.5
435.8
429.9
422.8
417.4
412.7
406.5
401.2
392.5
385.0
380.8
373.4
361.7
353.0
347.2
332.6
309.0
291.8
286.1
270.2
255.7
235.2
214.5
197.3
185.1
173.2
164.6
154.3
145.0
141.5
134.3
127.9
121.6
117.0
110.6
106.0
102.4
98.88
93.65
87.69
85.33
80.68
76.68
71.41
66.11
62.27
58.13
53.30
48.48
44.71
41.72
39.59
36.76
34.00
30.73
26.70
22.25
19.04
16.39
14.32
12.70
11.32
9.871
8.649
7.676
6.609
5.263
4.296
3.737
3.421
3.372
3.451
3.610
3.788
3.956
4.064
4.026
3.962
3.945
3.903
3.856
3.852
3.888
3.919
3.902
3.887
3.879
3.891
3.949
4.031
4.041
4.038
4.062
4.774
5.216
4.873
4.737
4.722
4.663
4.516
4.382
4.388
4.483
4.477
4.435
4.349
4.346
4.390
4.435
4.478
4.537
4.602
4.636
4.699
4.750
4.827
4.969
5.126
5.343
5.608
7.085
11.08
18.35
26.43
36.23
39.83
36.77
32.60
34.63
33.02
32.50
31.90
31.08
28.06
26.25
24.23
23.92
22.16
20.72
20.57
20.65
20.97
21.30
21.26
20.52
20.02
19.74
19.61
19.58
19.46
19.26
18.93
19.72
19.62
19.67
20.58
21.30
21.94
22.37
21.79
22.56
22.22
222.5
237.3
254.3
271.1
286.9
303.1
318.7
335.7
349.7
365.6
379.9
392.2
405.7
418.7
430.0
437.6
443.6
445.7
443.7
440.5
436.9
432.6
426.5
418.6
412.5
407.5
402.0
396.0
392.5
388.4
379.2
367.8
360.2
351.0
342.3
327.0
307.6
299.9
297.1
280.9
253.3
237.0
217.9
202.0
189.0
178.0
166.8
158.7
151.0
143.3
135.5
129.2
123.4
119.1
113.5
109.1
104.2
99.63
95.37
90.40
86.95
81.94
77.82
72.93
66.76
61.69
55.14
50.49
47.05
43.27
40.83
38.18
34.42
31.36
28.29
24.01
20.71
18.30
15.97
13.70
12.11
10.56
9.435
8.343
7.155
5.672
4.616
3.892
3.521
3.432
3.493
3.632
3.822
4.007
4.127
4.108
4.031
4.004
3.968
3.913
3.901
3.904
3.916
3.921
3.911
3.899
3.904
3.913
3.944
3.958
3.972
3.985
4.004
4.053
4.154
4.535
5.569
5.935
5.932
5.468
4.532
4.309
4.324
4.337
4.350
4.375
4.398
4.453
4.501
4.549
4.620
4.660
4.706
4.760
4.829
4.945
5.115
5.291
5.555
6.766
10.04
15.76
21.22
27.76
37.65
48.23
47.31
41.18
35.50
31.37
30.30
29.03
27.89
25.35
22.88
22.21
22.71
23.42
22.99
22.14
22.03
21.37
21.04
20.59
19.86
19.35
19.00
18.79
18.59
18.46
19.08
19.46
19.86
20.70
20.89
21.11
20.81
21.53
22.41
22.88
23.14
224.4
239.0
256.7
272.1
288.0
304.4
320.2
333.4
348.6
364.9
379.4
393.8
408.2
418.8
428.0
437.0
444.9
445.0
444.3
442.3
439.8
432.8
423.3
422.3
415.7
410.9
405.7
401.8
399.3
394.9
387.5
378.6
371.3
364.2
353.7
334.8
318.9
310.3
295.5
279.7
265.6
250.9
234.5
214.7
198.1
182.2
170.9
161.3
154.2
146.6
138.6
131.7
127.3
122.3
117.4
112.5
106.8
100.7
94.86
91.15
87.74
83.23
78.39
72.65
66.89
62.04
56.75
51.17
47.11
43.77
40.76
37.51
34.55
31.32
27.87
24.14
21.01
18.34
15.99
13.99
12.58
11.10
9.825
8.561
7.148
5.678
4.677
3.990
3.614
3.530
3.593
3.750
3.939
4.131
4.248
4.220
4.151
4.123
4.085
4.035
4.023
4.043
4.072
4.051
4.018
3.997
4.005
4.027
4.069
4.067
4.068
4.313
8.371
10.88
8.925
6.913
5.414
4.808
4.595
4.397
4.312
4.348
4.449
4.405
4.378
4.394
4.433
4.472
4.516
4.573
4.647
4.675
4.719
4.780
4.855
4.971
5.123
5.325
5.543
6.128
9.531
15.83
22.24
28.00
31.57
37.43
42.30
41.60
37.03
31.22
28.07
26.25
24.70
24.21
24.83
24.07
24.48
23.32
21.85
21.48
20.49
19.73
19.60
20.10
20.07
19.99
19.30
18.59
18.41
17.83
18.37
19.17
19.74
19.74
20.14
21.00
21.99
22.68
22.60
22.74
23.57
222.9
236.4
253.1
268.7
283.7
298.9
315.0
329.3
342.5
359.1
374.0
387.5
400.5
411.8
423.5
433.3
441.6
443.7
443.7
443.1
437.9
432.7
430.1
424.3
419.6
418.1
413.6
407.7
405.5
403.7
398.2
391.0
383.3
385.3
370.8
348.7
337.6
325.9
313.8
302.5
287.1
272.1
256.7
243.5
227.0
206.3
189.4
175.9
168.3
159.5
151.6
143.7
135.8
131.0
129.9
122.3
115.9
110.3
103.9
99.04
93.20
90.03
86.44
79.60
73.33
67.10
62.24
57.25
51.21
47.54
44.58
41.21
37.24
33.50
30.31
26.20
22.43
19.64
16.79
15.00
13.22
11.55
10.13
8.897
7.544
5.989
4.893
4.167
3.750
3.638
3.692
3.821
4.014
4.222
4.371
4.354
4.268
4.216
4.190
4.123
4.104
4.117
4.157
4.126
4.087
4.054
4.040
4.046
4.070
4.113
4.095
4.110
4.524
5.246
5.058
4.749
4.661
4.581
4.362
4.293
4.350
4.518
4.549
4.521
4.435
4.436
4.471
4.510
4.559
4.598
4.675
4.711
4.752
4.807
4.862
4.961
5.114
5.254
5.494
6.221
8.184
11.35
17.09
21.47
29.96
33.66
35.61
33.89
34.47
30.26
26.74
25.66
25.08
23.86
22.75
21.50
20.57
19.19
19.52
20.61
21.15
20.73
20.12
20.31
20.17
20.23
20.20
20.38
19.73
17.58
17.64
18.56
19.42
19.87
20.33
21.69
22.17
22.63
22.95
24.20
24.18
224.2
238.4
253.9
268.4
282.6
298.0
312.7
327.2
341.4
356.0
369.9
384.0
397.5
410.6
422.7
428.6
437.8
440.2
441.8
439.9
438.8
432.6
432.2
427.1
423.5
421.1
421.0
418.3
413.6
411.2
405.9
400.8
395.7
389.8
385.7
374.6
361.8
360.7
359.6
330.0
308.6
297.9
284.4
272.8
255.3
243.9
228.1
206.8
188.9
174.5
164.4
156.7
150.4
142.7
135.5
130.7
124.7
119.8
113.5
106.5
100.7
94.49
89.42
83.45
78.26
72.67
67.07
62.22
58.71
52.46
48.77
44.88
40.81
36.94
33.21
28.85
24.65
21.01
17.86
15.20
13.33
11.46
9.931
8.691
7.364
5.892
4.856
4.229
3.856
3.767
3.837
3.983
4.188
4.390
4.544
4.501
4.416
4.358
4.321
4.250
4.219
4.204
4.195
4.181
4.165
4.131
4.114
4.104
4.093
4.086
4.091
4.088
4.081
4.119
4.192
4.572
5.398
5.556
5.770
5.491
5.139
4.535
4.432
4.439
4.448
4.479
4.518
4.546
4.590
4.634
4.715
4.741
4.782
4.831
4.881
4.985
5.135
5.288
5.467
6.231
8.161
10.66
13.60
16.65
22.02
29.11
31.91
29.28
26.78
25.98
23.49
21.97
20.02
18.83
18.03
18.07
18.60
19.77
21.15
21.81
21.40
21.07
20.59
20.98
21.68
23.07
20.76
18.98
18.33
17.92
17.21
18.16
18.83
20.16
21.27
21.70
22.24
23.27
24.47
24.52
24.49
222.9
236.1
250.7
263.6
277.7
293.0
305.9
320.3
334.7
348.7
361.6
374.0
387.8
401.2
412.1
422.3
430.9
436.5
438.3
436.1
436.6
432.8
429.6
427.6
427.4
422.0
421.6
420.0
416.5
413.5
409.1
407.5
404.2
401.2
392.8
384.3
378.0
367.2
353.7
342.2
324.9
315.2
302.2
292.1
277.4
265.3
253.4
244.0
231.0
214.4
196.1
180.1
167.9
157.9
149.9
141.9
134.4
125.8
119.0
110.4
106.2
99.59
93.01
87.91
81.89
76.10
71.02
67.03
63.23
59.44
54.35
50.05
45.09
40.68
36.07
31.46
26.46
23.09
19.68
17.72
16.14
14.53
12.84
11.19
9.195
7.085
5.513
4.687
4.173
3.957
4.012
4.138
4.327
4.545
4.737
4.727
4.630
4.564
4.512
4.453
4.409
4.417
4.424
4.404
4.351
4.298
4.277
4.298
4.364
4.310
4.268
4.276
4.671
7.139
6.692
6.140
5.929
6.061
5.693
4.876
4.779
4.459
4.620
4.545
4.541
4.544
4.557
4.610
4.647
4.692
4.760
4.797
4.823
4.863
4.912
4.980
5.109
5.245
5.387
5.673
6.982
9.096
11.62
15.01
17.03
19.09
23.60
23.93
21.61
19.32
18.71
17.39
16.73
16.83
17.39
16.81
16.44
16.76
16.60
16.95
16.76
16.38
16.52
16.67
17.62
18.63
18.87
19.03
17.33
15.78
16.19
17.27
19.22
20.42
20.78
21.45
23.67
24.48
24.51
24.60
25.65
224.7
237.3
250.1
263.8
277.0
289.8
302.9
318.0
330.6
342.9
356.3
370.5
382.9
393.6
403.8
416.2
421.9
429.0
431.6
429.4
428.2
422.8
421.4
416.5
415.2
416.2
414.8
412.6
410.8
409.8
408.2
406.9
408.3
405.4
400.5
385.3
379.0
373.0
369.3
364.5
357.5
345.5
331.2
318.9
307.0
294.5
281.2
271.8
263.0
251.7
241.7
228.8
215.7
197.0
185.2
170.2
156.8
145.3
135.6
126.6
119.6
111.2
104.3
97.22
91.97
84.49
79.53
74.18
68.82
63.46
59.06
54.00
50.77
47.04
42.58
38.05
31.58
26.97
23.32
21.16
19.78
18.26
16.04
13.59
10.76
8.026
6.013
5.015
4.409
4.196
4.250
4.389
4.582
4.791
4.996
4.958
4.862
4.781
4.717
4.646
4.589
4.581
4.583
4.534
4.492
4.453
4.410
4.395
4.376
4.393
4.353
4.339
4.587
5.300
5.425
5.182
5.313
5.987
5.510
4.693
4.749
4.937
4.855
4.712
4.588
4.572
4.610
4.647
4.680
4.734
4.804
4.833
4.857
4.889
4.927
5.003
5.132
5.261
5.390
5.834
6.868
8.405
9.478
11.28
13.94
16.03
18.59
19.25
19.48
18.29
17.37
16.28
15.80
15.17
15.12
14.58
14.53
14.34
14.02
13.90
14.60
15.85
17.77
18.38
18.41
18.85
18.61
20.13
20.79
17.03
15.67
17.77
19.05
20.02
21.02
23.02
24.02
24.55
24.72
26.23
26.26
223.1
234.9
245.8
259.5
270.7
283.4
296.0
307.7
321.8
334.7
348.6
358.7
370.3
380.4
392.8
400.9
408.8
416.8
414.9
411.3
409.4
406.7
403.6
403.5
404.9
404.5
405.3
406.0
406.0
405.2
402.0
400.4
397.5
391.9
394.0
404.1
397.9
389.1
394.0
439.9
389.1
384.7
377.5
373.3
365.3
355.4
344.3
331.1
320.6
307.0
294.9
283.7
274.6
263.0
253.2
243.7
232.2
216.9
200.2
177.7
165.4
152.2
139.0
127.4
119.2
110.2
102.1
92.99
88.19
79.05
73.19
68.33
62.38
56.49
51.31
46.70
39.86
33.97
29.21
25.31
22.90
20.19
17.43
14.74
12.10
9.067
6.679
5.485
4.770
4.485
4.498
4.618
4.805
5.016
5.232
5.261
5.129
5.041
4.958
4.875
4.807
4.776
4.752
4.709
4.679
4.630
4.577
4.529
4.491
4.478
4.439
4.400
4.378
4.414
5.026
5.947
5.363
5.385
5.418
5.416
4.958
4.649
4.587
4.596
4.608
4.623
4.651
4.693
4.727
4.775
4.843
4.882
4.904
4.930
4.961
5.004
5.128
5.269
5.363
5.657
6.354
7.022
8.169
8.874
10.50
12.67
16.75
18.02
18.89
17.59
15.96
14.41
13.79
12.71
12.93
12.33
12.81
13.77
14.35
14.51
14.69
15.05
16.30
17.26
18.00
19.01
21.04
20.98
18.94
20.08
17.92
17.00
18.38
20.56
22.24
22.86
23.72
25.29
26.20
26.34
26.33
224.4
235.5
245.1
257.4
268.2
280.8
291.5
304.1
314.4
327.5
339.3
348.9
360.3
369.8
379.1
387.6
394.7
395.9
395.8
393.1
389.0
389.2
387.4
387.3
389.3
392.0
393.1
394.8
393.5
398.7
394.8
397.1
398.4
402.5
400.7
399.0
396.8
400.1
405.0
405.7
410.5
406.5
402.1
403.7
395.0
394.3
387.0
382.0
374.3
366.1
356.9
346.9
328.5
317.9
310.4
297.4
288.0
277.6
266.4
251.9
235.8
222.0
207.3
192.3
174.1
160.7
146.9
135.9
127.7
120.7
112.6
106.2
94.73
85.39
77.85
69.82
61.78
50.46
40.66
33.98
28.22
23.83
19.63
16.54
13.38
9.846
7.282
5.957
5.157
4.852
4.867
4.990
5.166
5.370
5.583
5.591
5.448
5.344
5.251
5.158
5.092
5.077
5.104
5.013
4.938
4.881
4.834
4.802
4.761
4.702
4.648
4.640
5.093
5.388
6.405
5.997
7.136
6.837
5.719
5.003
5.149
4.824
4.774
4.685
4.692
4.710
4.737
4.772
4.810
4.848
4.910
4.946
4.950
4.976
4.994
5.031
5.154
5.236
5.326
5.470
5.999
6.515
8.148
8.217
9.481
9.648
11.85
14.58
15.32
13.78
12.77
12.27
11.91
11.54
11.09
11.08
11.15
11.64
12.01
11.95
12.92
13.95
14.51
14.78
15.20
16.30
17.22
19.58
21.86
18.71
15.87
16.50
19.62
21.06
21.96
22.86
25.12
26.06
26.36
26.42
26.50
223.3
233.0
241.2
252.7
262.5
274.0
284.0
294.4
304.6
316.4
326.7
336.1
346.3
355.0
362.8
369.9
374.3
374.7
376.3
374.9
373.9
370.2
371.2
372.4
376.7
376.4
379.2
382.3
383.8
390.2
394.0
397.4
400.5
408.3
408.6
412.7
407.4
412.4
416.9
421.6
420.8
425.6
423.4
418.8
420.2
421.3
422.4
424.2
420.1
425.4
421.8
420.3
414.2
408.4
404.9
401.9
393.1
385.9
368.1
350.6
335.9
325.4
317.0
312.6
298.2
286.5
276.6
266.5
250.2
232.2
218.1
196.8
178.6
163.7
148.8
134.0
119.1
99.33
81.82
64.66
52.80
41.26
32.17
25.70
19.58
13.88
9.543
7.408
6.038
5.423
5.329
5.407
5.546
5.747
5.954
6.028
5.863
5.740
5.612
5.499
5.403
5.336
5.385
5.344
5.210
5.131
5.049
4.984
4.897
4.839
4.788
4.732
4.879
5.116
5.572
5.633
5.291
5.101
5.003
4.937
4.828
4.873
4.979
4.985
4.882
4.799
4.812
4.856
4.889
4.933
4.965
5.000
5.009
5.022
5.029
5.056
5.142
5.273
5.356
5.438
5.996
6.538
6.909
7.302
7.455
8.036
9.431
10.92
11.11
11.35
11.18
10.81
10.29
10.20
10.24
10.32
10.19
9.529
9.998
10.76
11.74
12.85
13.91
14.41
15.62
15.73
16.17
17.79
20.90
16.52
14.94
17.43
19.30
20.73
22.14
24.23
25.10
25.99
26.37
26.68
26.96
223.8
232.8
240.7
249.9
259.8
268.9
277.8
287.2
298.1
306.4
315.0
324.8
331.5
338.8
344.6
348.5
351.8
354.7
354.0
353.7
350.4
349.3
351.9
356.0
358.5
362.9
368.8
374.5
382.4
387.8
391.8
399.3
400.4
408.7
419.1
424.6
426.3
432.6
449.9
476.9
446.9
437.0
445.4
444.1
450.5
449.5
458.0
457.8
455.0
459.2
462.1
464.5
469.8
477.9
478.4
487.1
498.5
506.0
509.9
511.3
513.2
510.4
510.9
501.0
496.4
494.7
487.4
466.4
452.7
445.2
417.0
399.8
376.5
334.7
306.4
265.0
227.1
190.1
155.1
120.3
94.68
74.99
57.16
39.35
29.79
20.03
12.79
9.266
7.133
6.060
5.883
5.905
6.010
6.219
6.441
6.494
6.363
6.173
6.015
5.893
5.755
5.673
5.661
5.594
5.508
5.433
5.343
5.203
5.104
5.035
4.961
4.895
4.833
4.793
4.861
5.357
5.748
5.674
5.446
5.297
5.346
5.218
4.984
4.923
4.882
4.866
4.891
4.925
4.970
5.006
5.041
5.062
5.064
5.076
5.075
5.095
5.208
5.275
5.343
5.549
5.884
6.229
6.609
6.808
8.221
8.340
9.628
9.607
10.24
10.65
10.29
9.818
9.395
9.470
9.801
9.334
8.922
9.207
9.901
11.08
12.10
12.49
13.43
12.82
12.72
13.44
15.14
17.11
16.79
16.14
17.60
17.28
19.03
21.44
23.28
24.30
25.14
25.91
26.75
26.96
26.99
223.1
230.9
237.1
244.7
254.1
260.7
269.1
277.1
285.9
293.6
300.8
308.6
313.5
321.2
324.8
328.0
331.6
331.3
335.6
331.5
330.7
329.2
333.9
337.3
340.5
348.7
352.5
361.6
368.2
374.5
380.0
390.3
397.8
400.6
417.3
411.8
420.2
421.0
427.7
433.7
432.0
430.4
429.8
437.1
439.2
445.0
443.9
450.8
450.4
454.7
459.4
462.8
465.9
475.7
489.8
504.3
521.1
534.3
542.7
553.8
572.0
596.5
619.7
637.5
658.8
674.6
690.9
690.7
673.2
651.8
627.4
612.4
578.1
536.1
488.1
428.8
367.5
306.4
243.0
192.5
152.5
112.5
80.75
58.59
42.47
29.83
18.16
11.94
8.862
6.874
6.410
6.357
6.415
6.545
6.808
6.976
6.821
6.638
6.393
6.263
6.113
6.035
6.136
6.031
5.913
5.822
5.665
5.493
5.405
5.350
5.254
5.169
5.399
6.094
6.393
6.323
6.120
5.983
5.891
5.706
4.982
4.966
5.048
5.064
4.975
4.949
4.980
5.018
5.061
5.098
5.133
5.156
5.154
5.150
5.146
5.155
5.219
5.301
5.369
5.487
5.795
6.168
7.472
7.172
8.039
7.924
7.930
8.712
8.840
9.226
9.209
8.825
8.538
8.680
8.768
8.676
8.587
8.647
9.290
9.745
10.48
10.48
10.47
10.72
11.82
13.02
14.47
16.91
18.98
19.37
17.64
16.63
19.57
21.64
23.00
24.08
25.07
26.20
26.72
26.87
26.95
223.9
230.4
235.2
241.7
248.7
255.2
262.9
268.0
276.4
281.3
288.2
293.7
299.6
303.5
305.2
307.2
309.6
310.6
311.4
310.0
308.7
311.7
313.6
318.4
322.4
328.6
336.9
341.0
352.3
361.3
368.3
376.7
386.4
395.5
402.2
396.6
401.3
409.8
416.3
414.9
423.3
425.8
424.7
424.2
426.8
431.9
433.3
440.1
445.1
452.2
459.1
470.9
469.3
476.7
486.1
500.4
521.7
540.3
556.1
567.5
591.6
613.5
638.8
687.7
709.6
743.2
754.8
769.0
775.9
757.4
768.1
771.3
748.7
688.3
598.9
513.1
428.0
344.4
272.9
206.3
158.6
119.0
84.87
66.46
48.44
31.30
18.11
12.15
8.962
7.113
6.678
6.635
6.652
6.782
7.066
7.256
7.040
6.811
6.589
6.448
6.288
6.198
6.259
6.172
6.024
5.922
5.779
5.602
5.490
5.405
5.366
5.276
5.316
5.856
5.934
5.792
5.704
5.536
5.387
5.093
4.970
5.056
5.108
5.080
5.069
5.046
5.068
5.103
5.145
5.184
5.214
5.229
5.232
5.225
5.219
5.223
5.283
5.342
5.395
5.480
6.099
6.426
7.164
7.162
7.335
7.869
8.973
9.886
9.589
9.305
9.011
9.127
8.846
8.511
8.703
9.025
9.007
8.502
8.623
8.607
9.110
9.465
10.58
11.75
13.22
14.98
16.89
17.80
18.24
17.68
17.59
17.54
19.74
21.58
23.00
24.30
25.15
26.13
26.73
27.01
27.05
223.5
228.5
231.9
237.0
243.2
248.1
254.0
257.7
263.7
269.3
273.8
277.7
279.9
284.5
284.9
287.3
288.2
288.9
287.9
288.4
286.7
287.3
291.1
296.4
299.0
306.1
312.5
318.1
327.7
335.1
339.6
346.2
354.9
362.6
372.3
379.8
388.1
385.8
405.0
412.0
412.4
403.6
407.0
413.8
416.8
428.6
436.0
438.3
441.8
446.3
452.9
457.5
470.6
486.1
500.9
512.8
536.0
562.1
580.9
607.8
635.2
665.8
701.3
722.7
753.0
775.4
793.8
783.5
779.2
789.9
796.7
791.1
760.1
693.4
606.1
517.9
435.3
350.6
276.5
216.2
168.6
121.1
85.33
61.29
45.89
32.43
20.29
13.43
9.826
7.558
6.829
6.764
6.794
6.867
7.138
7.481
7.307
7.048
6.792
6.625
6.451
6.334
6.323
6.295
6.147
6.074
5.927
5.749
5.607
5.526
5.448
5.360
5.284
5.199
5.169
5.543
5.689
5.921
6.068
5.861
5.530
5.186
5.109
5.115
5.114
5.111
5.146
5.173
5.205
5.231
5.268
5.290
5.296
5.292
5.282
5.275
5.312
5.373
5.420
5.537
5.970
6.253
6.723
6.928
8.421
8.576
10.14
9.942
10.69
11.20
10.16
10.09
9.866
9.322
9.015
9.321
9.255
8.712
8.549
9.053
9.804
10.10
10.94
11.95
12.68
12.37
14.04
15.43
18.85
18.75
18.08
17.59
19.55
21.49
23.17
24.26
25.04
25.95
26.85
27.03
27.06
223.3
227.2
229.7
233.4
238.0
240.9
245.1
248.3
253.2
256.0
259.2
261.4
261.8
265.2
266.3
267.7
267.3
265.9
267.5
265.3
264.5
264.0
265.9
271.1
275.7
281.2
286.1
290.7
298.6
303.0
311.5
319.5
326.5
334.6
345.3
341.4
342.4
342.5
359.5
351.6
358.2
357.4
359.8
363.1
365.4
372.3
377.1
377.3
387.4
392.7
399.0
406.5
414.2
423.1
437.8
457.8
481.2
500.7
522.1
542.6
569.5
596.7
623.2
652.7
673.6
681.7
692.0
694.8
709.9
715.7
726.4
707.5
650.8
583.4
511.3
440.1
366.5
290.4
235.2
186.2
141.6
111.4
83.91
68.06
52.48
36.91
23.14
14.67
10.26
7.569
6.823
6.763
6.781
6.879
7.211
7.583
7.400
7.165
6.923
6.745
6.558
6.488
6.516
6.461
6.276
6.179
6.017
5.930
5.823
5.721
5.660
5.527
5.587
6.005
5.935
6.019
5.843
6.572
6.587
6.065
5.395
5.245
5.254
5.295
5.233
5.184
5.203
5.221
5.253
5.284
5.326
5.358
5.362
5.361
5.344
5.329
5.377
5.427
5.482
5.517
5.858
6.253
7.710
7.540
8.764
8.230
8.232
8.933
9.922
10.44
10.43
9.756
9.578
9.132
9.003
9.167
9.147
8.804
8.941
9.451
10.19
10.61
10.56
10.23
11.26
12.35
14.06
16.23
18.59
19.36
17.19
18.04
19.77
21.77
23.18
24.24
25.23
26.09
26.87
26.98
27.00
223.2
226.2
226.7
229.1
231.8
234.0
236.5
237.9
241.3
241.8
243.5
246.1
245.5
246.4
246.7
245.4
245.7
244.9
245.2
243.0
241.0
242.2
242.5
245.9
249.9
254.5
257.6
264.0
267.8
271.8
280.4
287.0
291.2
296.9
304.6
299.6
299.8
303.5
306.5
307.4
311.8
312.6
308.6
314.2
311.4
311.4
314.3
318.2
322.1
326.9
329.9
334.6
341.0
342.0
352.3
365.1
382.3
397.3
411.8
428.2
445.4
457.5
476.4
504.1
517.9
518.3
520.7
525.4
530.3
531.6
530.1
520.3
493.7
452.0
403.3
354.9
305.6
260.0
215.6
183.1
152.1
121.3
95.68
73.33
55.58
42.33
25.37
15.13
10.30
7.566
6.625
6.562
6.639
6.745
6.951
7.453
7.387
7.152
6.875
6.668
6.498
6.398
6.456
6.440
6.242
6.099
5.971
5.857
5.816
5.738
5.700
5.605
5.495
5.706
6.154
6.098
5.861
5.773
5.625
5.388
5.164
5.205
5.158
5.186
5.221
5.225
5.235
5.262
5.294
5.328
5.343
5.374
5.401
5.393
5.397
5.394
5.422
5.476
5.506
5.537
5.887
6.649
7.352
7.673
7.797
7.967
9.087
10.27
9.812
10.25
10.36
9.908
9.497
9.185
9.015
9.159
9.180
8.883
8.774
9.190
9.910
10.91
11.95
12.18
12.82
14.35
16.15
18.79
19.50
18.59
19.76
18.40
20.10
21.91
23.17
24.36
25.29
26.09
26.79
26.99
27.04
225.4
226.8
226.4
227.2
228.1
229.1
230.8
230.7
231.2
231.0
231.9
232.0
231.2
230.4
230.0
228.2
226.3
225.0
224.8
222.2
219.8
218.5
220.1
221.1
223.8
226.9
229.8
233.7
236.6
242.5
245.0
251.4
254.0
255.9
259.4
264.4
268.8
268.2
273.1
278.9
283.0
274.1
267.4
270.1
271.6
272.4
273.1
271.3
268.4
267.9
269.1
269.0
271.3
275.1
279.0
285.6
293.8
302.6
308.9
317.3
327.2
340.8
351.1
357.1
366.2
372.5
379.6
371.9
363.5
367.8
360.6
357.0
346.9
331.7
308.4
283.3
258.7
235.5
205.5
177.6
147.5
115.8
92.92
67.95
53.38
40.26
24.17
14.64
10.15
7.083
6.266
6.249
6.319
6.398
6.707
7.224
7.162
6.977
6.679
6.503
6.332
6.250
6.313
6.224
6.102
5.990
5.899
5.772
5.672
5.589
5.526
5.462
5.354
5.257
5.226
5.332
5.402
5.736
6.005
6.007
5.883
5.483
5.273
5.311
5.278
5.279
5.271
5.289
5.318
5.347
5.379
5.425
5.445
5.469
5.474
5.490
5.527
5.573
5.601
5.631
6.084
6.591
6.841
7.356
8.065
10.03
10.84
9.600
10.62
10.69
10.66
10.26
10.26
9.835
9.758
9.810
9.968
9.889
10.05
10.04
10.54
11.25
12.51
14.88
16.45
17.34
21.22
22.37
25.79
27.01
23.55
20.13
20.78
22.51
23.75
24.68
25.51
26.25
26.87
27.17
27.20
223.2
222.6
221.2
220.4
221.5
219.6
219.3
219.3
218.6
215.5
215.1
214.0
213.0
211.6
207.7
205.6
203.7
202.2
200.2
197.4
194.8
192.8
193.5
195.1
195.4
196.5
197.7
198.9
204.0
205.7
208.5
212.1
212.9
216.8
214.5
218.7
216.1
214.2
216.0
214.9
212.7
211.5
210.0
210.0
208.0
205.7
204.4
205.9
204.8
202.4
203.4
200.8
199.2
199.2
199.8
202.4
206.2
209.6
212.5
210.0
215.3
216.1
217.8
225.1
229.6
230.3
235.2
236.2
240.6
240.3
237.1
241.6
234.1
228.2
221.6
217.3
211.0
203.1
186.1
158.1
130.9
103.2
82.71
67.36
52.16
38.46
23.15
13.85
9.384
6.689
5.817
5.800
5.899
6.041
6.369
6.766
6.719
6.566
6.337
6.165
6.044
5.980
6.014
5.945
5.848
5.739
5.649
5.535
5.436
5.386
5.355
5.311
5.249
5.449
5.458
5.374
5.536
6.533
6.089
5.918
5.434
5.185
5.202
5.307
5.281
5.236
5.213
5.239
5.274
5.298
5.338
5.385
5.409
5.410
5.432
5.446
5.491
5.575
5.641
5.661
5.976
6.481
7.298
8.605
10.16
9.595
9.295
10.48
10.95
10.68
10.49
10.20
10.24
10.27
10.04
9.882
9.955
10.23
11.03
11.06
11.11
11.69
12.64
14.70
15.77
17.12
20.04
24.17
26.12
23.35
22.52
19.63
20.74
22.51
23.56
24.52
25.36
26.17
26.80
26.99
27.04
223.3
222.2
218.8
217.3
215.7
211.9
211.0
208.5
205.8
205.0
202.1
199.6
196.2
195.4
191.7
187.4
185.6
181.9
180.3
177.5
173.0
171.3
169.4
168.4
169.0
169.6
169.3
171.0
171.9
171.3
173.4
174.4
175.7
176.5
177.9
177.3
174.8
173.2
171.7
171.3
171.3
167.8
167.0
163.7
161.9
159.8
158.3
155.9
155.2
152.1
151.9
152.2
148.4
147.0
144.8
144.3
144.9
143.3
144.0
142.8
143.7
140.9
140.3
141.9
141.7
142.1
141.1
143.6
142.8
143.0
142.8
146.0
146.8
147.2
144.9
141.8
137.1
130.3
119.8
105.5
88.58
74.30
65.89
55.39
44.45
34.37
23.44
13.58
9.141
6.661
5.405
5.347
5.462
5.607
5.863
6.242
6.290
6.158
5.950
5.825
5.744
5.655
5.677
5.704
5.618
5.539
5.469
5.347
5.272
5.251
5.218
5.206
5.114
5.150
5.635
5.624
5.663
5.607
5.582
5.295
5.069
5.060
5.052
5.081
5.115
5.148
5.156
5.191
5.224
5.263
5.297
5.334
5.372
5.378
5.387
5.414
5.462
5.565
5.658
5.712
5.924
7.051
8.399
8.767
8.934
9.332
11.65
12.74
12.94
13.20
12.87
12.44
12.14
11.70
11.16
11.39
11.71
11.79
12.06
12.68
13.22
13.85
14.75
16.50
19.12
22.35
26.07
29.06
25.68
24.48
20.10
19.90
21.14
22.59
23.66
24.54
25.49
26.19
26.79
27.00
26.99
223.5
220.2
215.8
212.3
209.5
205.2
202.1
199.4
196.0
193.4
188.3
186.2
182.0
178.2
175.7
171.7
167.7
164.5
161.1
156.1
152.8
150.4
148.9
147.1
146.7
144.5
144.3
143.6
143.7
143.9
143.5
143.0
141.7
139.8
141.9
140.2
140.6
137.3
134.3
139.5
138.7
131.0
127.3
125.9
123.6
122.4
120.1
118.2
114.7
113.2
108.4
106.8
104.5
101.5
99.70
98.52
96.79
95.83
94.29
93.05
91.46
90.26
90.19
90.44
89.68
89.50
88.59
87.81
85.43
84.96
85.88
85.04
86.76
85.27
84.39
82.01
78.48
73.30
67.12
59.84
54.39
47.18
41.08
33.89
28.25
23.40
16.33
10.61
7.717
5.842
4.990
4.971
5.101
5.268
5.528
5.915
5.909
5.800
5.648
5.541
5.467
5.385
5.404
5.443
5.411
5.353
5.289
5.172
5.077
4.980
4.938
4.897
4.869
4.847
4.846
4.926
4.928
5.133
5.491
5.756
5.737
5.413
5.039
5.131
5.106
5.079
5.100
5.123
5.167
5.196
5.231
5.276
5.309
5.323
5.350
5.385
5.442
5.567
5.671
5.761
6.467
7.391
8.118
8.839
11.23
15.08
15.35
15.38
16.49
16.89
16.67
16.16
15.46
14.34
14.29
14.41
14.00
13.95
14.04
13.94
13.82
13.66
14.49
15.81
16.80
18.30
21.21
23.34
24.22
24.37
21.89
20.72
21.64
22.82
23.96
24.87
25.65
26.13
26.63
26.92
27.08
223.9
219.7
213.2
208.7
204.0
199.8
195.4
190.6
186.3
182.5
177.6
174.7
169.8
165.3
160.7
156.0
151.8
148.0
144.2
140.3
136.6
132.7
129.7
128.2
126.4
124.1
122.9
121.7
120.7
119.4
118.9
117.0
115.3
115.1
113.0
110.5
107.4
104.1
103.0
100.5
98.27
96.65
92.73
90.03
87.59
84.81
82.86
80.31
78.37
75.80
73.10
71.01
68.29
66.30
63.97
62.00
60.06
58.83
57.50
55.78
54.83
53.74
52.47
51.81
51.58
50.27
50.17
49.43
49.92
49.94
49.81
49.84
49.62
48.46
47.33
45.96
43.60
42.00
37.84
33.69
29.69
25.42
22.23
19.29
16.81
14.30
11.14
8.256
6.287
5.195
4.572
4.534
4.681
4.874
5.117
5.426
5.502
5.387
5.252
5.170
5.108
5.065
5.061
5.071
5.052
5.024
4.981
4.904
4.824
4.784
4.752
4.728
4.725
4.813
4.938
4.968
5.122
6.180
5.424
5.193
5.033
4.954
4.901
4.979
5.008
5.013
5.001
5.042
5.080
5.121
5.168
5.208
5.243
5.257
5.291
5.324
5.382
5.524
5.713
5.845
6.395
7.441
9.417
13.51
15.00
15.50
17.16
22.79
23.00
23.48
21.93
19.91
18.19
17.88
18.15
18.46
17.69
17.41
17.61
17.66
17.63
17.41
17.14
16.31
15.74
16.81
18.97
22.41
24.33
23.01
23.43
22.21
22.00
23.25
24.09
24.83
25.61
26.15
26.70
26.94
27.04
223.1
217.9
210.2
203.0
198.3
192.7
187.8
181.2
176.4
171.3
166.8
162.8
157.0
152.2
148.0
142.4
138.5
133.3
129.9
124.7
121.5
117.6
114.0
111.1
108.7
108.2
105.4
103.2
101.9
100.3
99.41
96.77
94.70
92.67
90.57
89.43
84.73
82.91
79.86
78.28
75.41
72.96
70.51
68.09
65.64
62.94
60.43
57.70
55.92
53.36
51.67
49.91
48.45
46.43
45.14
44.20
42.87
41.96
40.89
39.96
39.02
38.06
37.24
36.57
35.82
35.22
34.81
34.33
33.79
33.76
33.39
33.13
33.30
32.83
32.45
31.85
30.84
29.49
27.06
25.04
22.83
21.19
19.14
16.66
14.52
12.46
9.906
7.410
5.770
4.845
4.338
4.313
4.472
4.676
4.918
5.190
5.243
5.133
5.011
4.963
4.904
4.874
4.863
4.868
4.872
4.850
4.837
4.753
4.691
4.667
4.661
4.639
4.613
4.614
4.976
5.166
5.219
5.095
5.074
5.019
4.863
4.801
4.790
4.806
4.846
4.874
4.895
4.931
4.977
5.023
5.074
5.114
5.150
5.175
5.208
5.250
5.319
5.477
5.680
5.821
6.324
9.196
12.61
15.44
17.90
20.51
27.06
29.83
30.90
30.57
28.02
24.95
22.85
21.64
20.11
19.08
18.38
18.98
19.68
20.71
21.06
21.52
21.05
21.42
22.42
21.67
22.90
24.34
23.22
23.49
22.74
21.77
22.50
23.56
24.32
25.00
25.79
26.22
26.72
26.93
26.94
223.8
217.6
208.6
200.3
195.1
187.3
181.1
174.5
169.0
163.2
157.4
152.0
146.8
141.6
136.6
132.0
127.0
123.9
118.9
113.4
109.2
105.1
101.6
99.26
96.12
94.40
91.69
90.42
88.18
86.71
84.43
81.77
80.50
77.66
74.94
73.87
73.61
68.84
66.48
65.57
65.06
60.59
57.09
54.14
50.64
48.34
45.72
43.39
41.57
40.03
38.68
37.80
36.87
36.15
35.92
35.90
35.89
36.06
36.05
35.80
35.53
35.22
35.08
35.07
35.12
35.27
35.05
34.92
34.60
34.90
35.44
34.98
34.54
33.86
33.07
32.62
31.89
31.04
29.60
27.69
25.92
24.11
22.22
19.74
17.45
15.31
12.35
9.137
6.716
5.333
4.474
4.193
4.309
4.499
4.717
5.005
5.144
5.067
4.957
4.892
4.845
4.804
4.771
4.755
4.750
4.764
4.767
4.739
4.656
4.599
4.565
4.546
4.534
4.507
4.505
4.513
4.561
4.621
4.767
5.083
5.323
5.207
4.867
4.821
4.823
4.809
4.820
4.841
4.884
4.926
4.960
5.002
5.045
5.071
5.118
5.168
5.226
5.373
5.549
5.696
6.356
8.941
11.94
15.26
21.63
31.27
36.63
36.08
35.52
33.22
30.70
30.30
28.03
26.51
24.84
23.34
21.58
19.94
18.37
17.60
17.50
18.51
19.81
20.99
22.02
21.65
23.67
24.66
24.32
22.79
21.64
21.95
22.78
23.75
24.60
25.32
25.86
26.13
26.43
26.75
26.97
223.3
214.7
205.2
196.3
189.2
180.6
173.2
166.9
160.4
154.3
147.2
142.7
136.0
131.0
124.8
120.8
116.1
110.9
107.4
102.0
98.27
94.18
91.68
88.47
85.78
83.11
80.51
79.86
77.82
76.01
74.22
72.18
70.46
69.04
66.80
65.98
61.27
57.74
55.64
52.23
49.20
46.09
43.13
40.37
38.48
36.99
35.64
34.55
33.95
33.58
33.54
33.67
33.99
33.69
33.63
33.76
34.09
34.40
34.49
34.51
34.42
34.18
34.98
36.23
37.90
39.54
41.23
42.84
44.15
45.61
47.70
49.71
52.77
55.42
56.74
57.35
57.89
57.36
53.45
47.30
41.94
36.78
32.61
27.03
23.02
19.86
15.66
10.96
7.612
5.684
4.544
4.152
4.221
4.417
4.659
4.983
5.183
5.100
4.986
4.896
4.830
4.778
4.742
4.732
4.719
4.717
4.724
4.702
4.667
4.600
4.559
4.522
4.504
4.527
4.603
4.610
4.625
4.707
4.784
4.661
4.725
4.628
4.644
4.670
4.705
4.722
4.729
4.752
4.783
4.811
4.854
4.898
4.935
4.959
5.009
5.058
5.127
5.262
5.439
5.697
6.084
7.736
13.25
20.67
26.59
32.50
33.85
37.01
38.52
38.11
35.80
30.55
26.27
26.28
27.18
26.78
24.77
23.40
22.26
21.49
20.14
17.80
17.37
17.44
17.98
19.56
20.90
23.24
23.31
22.93
22.70
22.82
23.36
24.38
25.00
25.35
25.73
26.09
26.38
26.77
26.90
224.4
215.2
204.5
194.2
185.4
176.7
168.5
162.2
154.7
147.5
140.3
133.1
128.0
122.2
118.2
112.4
109.1
104.0
99.36
94.89
90.74
86.62
84.27
81.24
79.19
76.43
74.03
71.74
69.82
68.07
66.99
65.18
63.33
60.84
58.22
55.97
52.62
49.10
46.38
43.08
40.01
37.84
36.03
34.77
34.21
34.00
33.82
33.45
33.51
33.64
34.03
34.42
34.92
33.99
33.38
33.29
33.64
33.70
33.79
33.86
33.42
33.32
33.46
33.35
33.85
34.70
37.05
41.10
46.41
53.01
60.13
69.97
80.18
89.81
95.49
92.70
82.08
75.62
72.57
65.14
56.73
49.01
41.57
33.80
27.45
23.82
18.73
12.89
8.520
6.214
4.671
4.053
4.066
4.247
4.481
4.797
5.058
5.016
4.891
4.798
4.734
4.681
4.653
4.626
4.631
4.621
4.599
4.572
4.523
4.508
4.486
4.469
4.429
4.421
4.521
4.630
4.639
4.635
4.685
4.707
4.589
4.539
4.537
4.556
4.582
4.611
4.626
4.652
4.679
4.706
4.743
4.782
4.835
4.859
4.901
4.947
4.990
5.116
5.269
5.414
5.854
8.188
12.41
18.84
23.92
26.26
31.48
37.26
41.66
39.41
39.52
32.08
29.76
27.61
25.90
24.00
23.02
23.52
24.10
23.08
22.06
20.94
20.31
19.44
20.07
20.79
21.65
23.54
23.24
23.16
23.95
23.63
23.82
24.21
24.82
25.39
25.88
26.13
26.33
26.59
26.49
223.1
212.3
200.9
189.8
180.6
171.5
163.3
154.3
146.9
139.5
132.6
125.4
119.2
113.5
109.2
104.5
100.7
96.35
93.25
87.75
83.73
80.32
78.16
75.63
73.09
70.40
68.08
65.52
64.29
62.42
60.17
57.94
55.71
52.94
50.08
47.00
44.10
40.45
38.41
37.16
36.72
35.16
34.62
34.39
34.13
33.84
33.59
33.33
33.18
33.06
33.12
33.30
33.39
33.09
32.89
32.90
32.90
32.93
32.77
32.72
32.51
32.30
32.16
32.19
32.00
32.15
32.04
32.27
32.27
33.15
34.68
36.38
38.29
39.41
40.37
41.06
40.89
40.56
39.47
37.84
35.80
31.91
28.43
24.91
21.35
18.92
15.26
10.64
7.382
5.472
4.243
3.842
3.877
4.051
4.288
4.583
4.782
4.712
4.610
4.565
4.516
4.451
4.400
4.390
4.376
4.365
4.376
4.365
4.333
4.294
4.289
4.275
4.270
4.263
4.240
4.241
4.254
4.299
4.436
4.643
4.688
4.588
4.476
4.468
4.469
4.490
4.500
4.529
4.549
4.576
4.611
4.652
4.693
4.717
4.762
4.803
4.861
4.977
5.112
5.239
5.852
8.046
11.08
13.98
20.69
29.54
35.29
35.38
35.31
33.71
30.52
31.42
31.32
28.85
26.00
24.44
22.21
20.58
20.14
19.74
20.08
20.31
20.05
19.66
19.51
19.86
22.08
23.23
24.23
24.57
23.29
23.37
23.77
24.35
25.07
25.75
25.89
25.57
25.36
25.86
26.35
224.7
212.9
200.4
189.1
177.8
167.6
159.1
150.7
142.3
133.9
126.6
120.4
114.1
108.8
103.8
99.98
95.20
91.65
87.72
83.35
79.94
76.47
74.14
71.50
69.25
67.03
64.63
62.05
59.99
57.70
55.02
52.10
49.34
46.46
43.83
41.48
38.46
36.94
35.85
35.46
35.40
35.04
34.77
34.44
34.20
34.04
33.81
33.62
33.55
33.58
33.62
33.82
34.61
33.41
32.31
31.84
31.62
31.37
31.13
30.73
30.68
30.38
29.99
29.89
29.76
29.76
29.61
29.28
29.12
29.07
29.44
29.99
30.61
30.92
31.11
31.01
30.50
30.16
28.80
27.41
26.19
24.25
22.21
19.99
17.90
15.92
13.26
9.616
6.768
5.188
4.113
3.667
3.682
3.844
4.055
4.321
4.518
4.469
4.355
4.304
4.256
4.181
4.134
4.119
4.101
4.112
4.130
4.123
4.093
4.083
4.065
4.052
4.045
4.058
4.127
4.217
4.241
4.260
4.489
4.440
4.331
4.274
4.294
4.335
4.364
4.377
4.386
4.404
4.428
4.457
4.487
4.517
4.558
4.582
4.611
4.654
4.696
4.782
4.907
5.021
5.191
5.900
9.062
14.83
19.00
23.17
25.93
26.47
25.11
28.22
28.13
29.69
25.97
25.93
25.81
23.36
21.53
20.92
20.67
20.70
20.07
18.21
17.64
17.78
18.66
19.99
20.83
22.50
21.65
22.85
23.15
23.09
23.96
24.56
24.83
24.40
24.62
24.85
25.40
25.84
26.27
222.9
210.2
197.7
185.2
173.7
162.6
153.0
144.4
135.5
127.6
120.6
113.9
107.9
103.5
98.14
94.76
89.84
86.16
82.47
79.51
76.49
73.46
70.43
68.05
65.39
63.28
60.85
58.59
55.64
53.17
50.06
46.83
44.07
41.40
39.21
37.77
36.66
36.16
36.03
36.05
35.96
35.81
35.65
35.33
35.19
35.24
35.29
35.26
34.97
34.72
34.78
34.77
34.11
33.29
32.31
31.79
31.48
30.99
30.49
29.99
29.57
29.21
28.82
28.40
28.26
27.91
27.84
27.66
27.80
28.03
28.46
28.94
29.47
30.03
30.03
29.79
28.57
27.59
26.13
24.53
22.81
21.02
19.49
17.25
15.28
13.49
11.00
7.954
5.789
4.517
3.737
3.480
3.547
3.720
3.920
4.151
4.296
4.223
4.127
4.080
4.035
3.976
3.930
3.914
3.912
3.918
3.939
3.941
3.927
3.918
3.903
3.881
3.870
3.870
3.879
4.011
4.071
4.064
4.123
4.165
4.178
4.148
4.155
4.185
4.206
4.244
4.264
4.280
4.297
4.319
4.348
4.379
4.418
4.430
4.469
4.503
4.540
4.638
4.743
4.811
5.004
5.780
8.172
11.81
15.86
16.88
16.13
20.63
24.29
27.15
27.84
24.44
23.46
21.72
21.02
20.30
20.02
20.31
19.80
18.22
17.53
17.78
18.00
18.34
18.94
19.29
18.71
20.38
21.48
22.36
23.31
23.16
22.48
22.90
23.59
24.00
24.48
24.84
25.30
25.72
25.63
224.2
210.9
197.9
184.9
173.6
161.2
151.8
142.3
132.9
124.5
117.3
111.1
105.1
99.98
96.03
91.60
86.70
83.68
79.62
76.55
73.93
71.28
68.58
65.22
62.47
60.16
57.66
54.97
52.27
49.22
46.12
43.41
40.72
38.81
37.56
36.84
36.43
36.40
36.66
37.24
37.76
37.78
37.76
37.47
37.17
37.17
36.54
35.84
35.40
35.03
34.81
34.60
34.41
33.41
32.84
32.50
31.94
31.46
30.85
30.11
29.45
28.78
28.22
27.72
27.25
26.77
26.58
26.45
26.32
26.40
26.67
27.13
27.61
27.86
28.02
27.67
26.93
25.46
23.78
21.94
19.95
18.16
16.52
14.71
13.25
11.87
10.09
7.619
5.630
4.441
3.646
3.364
3.420
3.565
3.736
3.952
4.123
4.069
3.956
3.903
3.867
3.813
3.771
3.746
3.743
3.758
3.789
3.798
3.775
3.756
3.743
3.732
3.724
3.722
3.729
3.751
3.790
3.828
3.889
3.961
4.017
4.224
4.108
4.092
4.126
4.145
4.160
4.173
4.192
4.212
4.237
4.269
4.304
4.315
4.341
4.376
4.399
4.473
4.572
4.637
4.752
5.149
6.374
8.033
9.590
12.02
18.76
18.65
21.84
21.14
17.96
16.91
17.14
18.19
18.48
18.23
17.03
15.68
15.42
16.28
17.37
17.59
17.51
17.22
17.34
17.81
19.21
20.35
21.60
21.45
20.30
21.27
21.69
22.47
23.04
24.10
24.34
24.45
23.64
23.81
24.49
222.9
208.5
195.1
182.0
169.0
157.7
146.6
136.8
128.6
121.0
113.2
106.3
101.1
96.31
92.04
88.25
84.45
80.50
77.78
74.50
71.23
68.06
65.21
62.59
59.51
56.85
54.34
51.59
48.43
45.37
42.51
39.93
38.35
37.35
36.79
36.81
36.71
36.94
37.63
38.49
39.19
39.52
39.55
39.64
39.47
38.99
38.56
38.51
38.42
38.39
38.44
38.50
39.59
38.07
36.66
36.02
35.29
34.35
33.29
32.26
31.29
30.16
29.15
28.29
27.52
26.66
25.98
25.24
24.92
24.82
24.97
25.86
27.77
29.43
30.18
29.69
27.62
25.17
22.53
20.42
18.87
17.62
16.24
14.65
13.08
11.97
10.07
7.684
5.616
4.409
3.597
3.317
3.357
3.499
3.663
3.874
4.019
3.968
3.868
3.820
3.786
3.721
3.681
3.662
3.650
3.668
3.700
3.711
3.698
3.678
3.652
3.634
3.624
3.620
3.643
3.718
3.762
3.800
3.868
3.949
3.899
3.913
3.943
3.979
4.007
4.040
4.054
4.076
4.090
4.109
4.134
4.162
4.192
4.198
4.227
4.255
4.289
4.363
4.430
4.473
4.573
4.789
5.432
6.971
9.865
10.69
13.00
15.11
12.15
12.74
13.92
15.64
15.74
16.16
15.68
13.77
13.48
13.84
14.46
15.52
16.11
14.91
15.47
16.51
17.69
18.69
19.18
19.00
18.87
20.20
20.03
20.05
21.54
22.46
22.99
22.64
22.62
22.88
23.09
23.57
24.18
224.4
209.8
195.7
182.7
168.4
157.5
146.5
135.6
126.8
118.1
111.3
104.6
99.15
94.61
89.83
85.93
82.55
80.05
76.22
73.10
69.87
66.71
63.28
60.74
57.80
55.16
52.34
49.15
46.03
42.93
40.36
38.42
37.41
36.90
36.77
36.69
36.77
37.07
38.24
39.30
40.16
40.81
41.26
40.68
40.30
40.32
40.37
40.16
40.18
40.17
40.21
40.65
40.19
40.26
39.04
38.22
37.32
36.43
35.08
33.90
32.70
31.41
30.14
29.22
28.36
27.89
27.95
28.81
30.13
31.84
33.28
34.76
36.64
36.39
35.15
32.16
27.90
24.35
21.97
20.33
18.67
17.42
16.16
14.55
13.08
11.93
10.27
7.983
5.888
4.532
3.684
3.275
3.291
3.412
3.568
3.752
3.940
3.903
3.786
3.740
3.706
3.639
3.603
3.575
3.572
3.594
3.634
3.634
3.614
3.587
3.556
3.540
3.533
3.534
3.558
3.644
3.659
3.707
3.741
3.821
3.817
3.834
3.864
3.903
3.930
3.966
3.987
4.003
4.020
4.036
4.057
4.080
4.110
4.116
4.135
4.160
4.179
4.238
4.320
4.354
4.433
4.595
5.142
6.242
7.289
8.590
8.294
8.598
10.93
12.77
14.34
14.63
14.34
12.62
11.92
12.45
13.44
14.20
14.51
13.49
13.86
14.50
15.14
15.93
17.08
17.38
17.45
18.21
18.78
18.94
20.05
20.28
20.55
20.73
21.47
21.64
21.93
22.50
23.11
23.50
23.55
222.5
207.7
193.6
179.1
166.0
153.5
142.4
132.6
123.3
115.3
107.4
101.8
95.65
91.15
87.96
83.30
79.84
77.74
74.35
70.93
67.21
64.62
61.08
58.32
55.65
52.76
49.85
46.61
43.71
40.70
38.60
37.33
36.56
36.34
36.35
36.30
36.42
36.79
37.75
39.10
40.19
40.60
40.49
40.24
40.22
40.26
40.01
39.87
39.88
40.06
39.91
40.17
40.37
39.14
38.26
37.35
36.39
35.41
34.45
33.30
32.15
31.03
30.13
29.44
29.09
29.14
29.85
31.48
33.18
35.28
37.05
39.06
40.36
39.33
36.11
29.96
25.56
22.77
21.16
19.63
18.14
16.87
15.58
13.86
12.51
11.63
9.678
7.481
5.474
4.367
3.512
3.222
3.263
3.382
3.537
3.726
3.890
3.836
3.729
3.693
3.651
3.589
3.554
3.529
3.526
3.534
3.577
3.580
3.559
3.526
3.504
3.479
3.467
3.457
3.463
3.475
3.513
3.554
3.662
3.728
3.752
3.831
3.822
3.843
3.863
3.890
3.914
3.928
3.943
3.961
3.982
3.999
4.026
4.029
4.048
4.077
4.100
4.158
4.229
4.259
4.332
4.460
4.809
5.418
6.071
6.403
7.921
10.06
11.58
11.83
11.38
10.29
9.744
10.16
10.90
11.61
12.24
12.55
13.13
13.69
13.83
13.87
14.33
15.30
16.31
17.10
18.15
18.21
18.34
18.57
18.39
19.67
19.90
19.96
20.19
21.86
22.03
22.05
21.32
22.44
23.15
224.2
209.1
194.8
180.4
166.7
155.0
143.4
131.8
122.8
115.1
108.1
101.5
95.79
90.96
86.28
82.98
79.75
76.47
73.94
70.87
67.13
63.38
60.18
57.43
54.72
51.98
48.47
45.36
42.16
39.69
37.90
36.91
36.25
36.15
35.97
36.09
36.08
36.28
36.80
37.93
39.34
39.17
38.90
38.86
38.80
38.54
38.38
38.17
38.13
38.08
38.49
38.16
38.36
37.89
35.86
34.76
33.79
32.98
32.02
31.01
29.95
28.96
28.12
27.69
27.65
28.06
29.34
31.47
33.82
36.53
39.20
41.55
42.86
40.31
33.59
26.99
23.65
21.65
20.51
19.18
17.83
16.57
15.40
13.87
12.53
11.63
9.947
7.886
5.839
4.501
3.653
3.202
3.214
3.326
3.473
3.636
3.827
3.784
3.683
3.637
3.600
3.535
3.485
3.476
3.473
3.493
3.518
3.513
3.489
3.459
3.437
3.414
3.404
3.405
3.437
3.472
3.525
3.570
3.627
3.662
3.690
3.717
3.749
3.795
3.831
3.855
3.880
3.893
3.909
3.925
3.947
3.965
3.986
3.991
4.006
4.025
4.043
4.083
4.164
4.184
4.246
4.394
4.648
4.991
5.652
6.773
7.735
9.805
8.873
8.656
9.186
9.615
10.29
10.48
10.82
10.28
10.63
11.77
12.41
12.62
12.65
13.15
14.57
15.62
16.34
16.92
16.97
17.38
17.25
17.83
18.20
18.12
19.74
20.23
20.39
19.89
21.03
21.74
22.16
22.01
22.24
222.8
206.6
192.7
177.8
164.4
151.2
140.3
130.0
120.3
113.0
105.4
99.03
94.09
89.98
85.41
81.57
78.23
75.15
72.07
69.00
65.21
61.81
58.91
56.26
53.52
50.42
47.04
43.94
41.10
38.79
37.40
36.42
35.96
35.85
35.75
35.66
35.77
35.97
36.61
37.31
38.39
38.59
38.23
38.16
37.91
37.86
37.66
37.61
37.47
37.53
37.93
38.08
36.93
36.54
35.07
33.90
32.86
32.06
31.09
30.16
29.14
28.26
27.53
27.26
27.60
28.64
30.30
32.81
35.88
40.03
43.61
46.83
46.27
39.94
31.33
26.07
23.53
21.81
20.56
18.92
17.52
16.27
15.02
13.62
12.35
11.32
9.571
7.442
5.388
4.351
3.478
3.167
3.200
3.327
3.476
3.637
3.786
3.707
3.630
3.598
3.563
3.502
3.460
3.442
3.429
3.440
3.472
3.484
3.475
3.443
3.412
3.386
3.369
3.365
3.388
3.425
3.468
3.516
3.587
3.637
3.643
3.673
3.708
3.756
3.782
3.809
3.834
3.852
3.862
3.874
3.901
3.920
3.944
3.953
3.968
3.983
3.999
4.063
4.120
4.138
4.223
4.395
4.729
5.506
6.460
6.632
8.849
9.914
8.827
9.508
10.02
10.87
11.44
11.02
10.39
10.38
10.90
11.83
12.37
12.59
12.97
13.72
14.58
15.57
16.32
16.27
16.02
16.57
17.09
17.81
18.12
18.38
18.59
19.83
20.04
19.86
21.09
21.05
22.00
22.03
21.86
224.9
209.1
194.3
179.8
165.8
154.0
142.1
130.3
121.7
113.1
106.8
100.3
93.72
89.64
86.15
81.62
78.44
75.49
72.89
69.43
65.50
62.69
59.05
56.61
53.36
50.36
47.05
43.98
41.18
38.83
37.30
36.37
35.87
35.69
35.54
35.49
35.56
35.68
36.34
37.48
38.35
38.09
38.48
38.30
38.17
38.00
37.81
37.68
37.87
38.25
37.75
37.42
38.34
36.36
34.93
34.02
32.87
31.97
31.22
30.21
29.31
28.52
27.70
27.48
27.84
29.03
30.90
33.69
37.48
41.58
44.80
48.50
46.92
40.22
31.50
26.82
24.35
22.24
20.40
18.53
17.09
15.91
14.66
13.32
12.23
11.04
9.475
7.366
5.438
4.370
3.533
3.153
3.178
3.293
3.440
3.590
3.756
3.716
3.593
3.552
3.512
3.469
3.432
3.420
3.423
3.443
3.457
3.459
3.435
3.413
3.381
3.356
3.354
3.352
3.359
3.387
3.419
3.456
3.529
3.624
3.647
3.691
3.715
3.748
3.791
3.810
3.832
3.850
3.862
3.877
3.894
3.914
3.948
3.953
3.960
3.982
3.992
4.035
4.115
4.142
4.218
4.391
4.759
5.395
6.636
9.380
8.884
8.296
10.90
10.87
11.52
11.92
12.06
12.47
11.91
12.26
12.92
13.20
13.71
13.82
13.17
13.56
14.27
15.21
16.22
16.04
16.21
16.56
17.11
17.61
17.78
18.34
18.76
18.67
19.26
21.61
21.34
20.81
20.20
21.16
22.79
222.8
206.6
192.7
177.8
164.4
151.2
140.3
130.0
120.3
113.0
105.4
99.03
94.09
89.98
85.41
81.57
78.23
75.15
72.07
69.00
65.21
61.81
58.91
56.26
53.52
50.42
47.04
43.94
41.10
38.79
37.40
36.42
35.96
35.85
35.75
35.66
35.77
35.97
36.61
37.31
38.39
38.59
38.23
38.16
37.91
37.86
37.66
37.61
37.47
37.53
37.93
38.08
36.93
36.54
35.07
33.90
32.86
32.06
31.09
30.16
29.14
28.26
27.53
27.26
27.60
28.64
30.30
32.81
35.88
40.03
43.61
46.83
46.27
39.94
31.33
26.07
23.53
21.81
20.56
18.92
17.52
16.27
15.02
13.62
12.35
11.32
9.571
7.442
5.388
4.351
3.478
3.167
3.200
3.327
3.476
3.637
3.786
3.707
3.630
3.598
3.563
3.502
3.460
3.442
3.429
3.440
3.472
3.484
3.475
3.443
3.412
3.386
3.369
3.365
3.388
3.425
3.468
3.516
3.587
3.637
3.643
3.673
3.708
3.756
3.782
3.809
3.834
3.852
3.862
3.874
3.901
3.920
3.944
3.953
3.968
3.983
3.999
4.063
4.120
4.138
4.223
4.395
4.729
5.506
6.460
6.632
8.849
9.914
8.827
9.508
10.02
10.87
11.44
11.02
10.39
10.38
10.90
11.83
12.37
12.59
12.97
13.72
14.58
15.57
16.32
16.27
16.02
16.57
17.09
17.81
18.12
18.38
18.59
19.83
20.04
19.86
21.09
21.05
22.00
22.03
21.86
224.2
209.1
194.8
180.4
166.7
155.0
143.4
131.8
122.8
115.1
108.1
101.5
95.79
90.96
86.28
82.98
79.75
76.47
73.94
70.87
67.13
63.38
60.18
57.43
54.72
51.98
48.47
45.36
42.16
39.69
37.90
36.91
36.25
36.15
35.97
36.09
36.08
36.28
36.80
37.93
39.34
39.17
38.90
38.86
38.80
38.54
38.38
38.17
38.13
38.08
38.49
38.16
38.36
37.89
35.86
34.76
33.79
32.98
32.02
31.01
29.95
28.96
28.12
27.69
27.65
28.06
29.34
31.47
33.82
36.53
39.20
41.55
42.86
40.31
33.59
26.99
23.65
21.65
20.51
19.18
17.83
16.57
15.40
13.87
12.53
11.63
9.947
7.886
5.839
4.501
3.653
3.202
3.214
3.326
3.473
3.636
3.827
3.784
3.683
3.637
3.600
3.535
3.485
3.476
3.473
3.493
3.518
3.513
3.489
3.459
3.437
3.414
3.404
3.405
3.437
3.472
3.525
3.570
3.627
3.662
3.690
3.717
3.749
3.795
3.831
3.855
3.880
3.893
3.909
3.925
3.947
3.965
3.986
3.991
4.006
4.025
4.043
4.083
4.164
4.184
4.246
4.394
4.648
4.991
5.652
6.773
7.735
9.805
8.873
8.656
9.186
9.615
10.29
10.48
10.82
10.28
10.63
11.77
12.41
12.62
12.65
13.15
14.57
15.62
16.34
16.92
16.97
17.38
17.25
17.83
18.20
18.12
19.74
20.23
20.39
19.89
21.03
21.74
22.16
22.01
22.24
222.5
207.7
193.6
179.1
166.0
153.5
142.4
132.6
123.3
115.3
107.4
101.8
95.65
91.15
87.96
83.30
79.84
77.74
74.35
70.93
67.21
64.62
61.08
58.32
55.65
52.76
49.85
46.61
43.71
40.70
38.60
37.33
36.56
36.34
36.35
36.30
36.42
36.79
37.75
39.10
40.19
40.60
40.49
40.24
40.22
40.26
40.01
39.87
39.88
40.06
39.91
40.17
40.37
39.14
38.26
37.35
36.39
35.41
34.45
33.30
32.15
31.03
30.13
29.44
29.09
29.14
29.85
31.48
33.18
35.28
37.05
39.06
40.36
39.33
36.11
29.96
25.56
22.77
21.16
19.63
18.14
16.87
15.58
13.86
12.51
11.63
9.678
7.481
5.474
4.367
3.512
3.222
3.263
3.382
3.537
3.726
3.890
3.836
3.729
3.693
3.651
3.589
3.554
3.529
3.526
3.534
3.577
3.580
3.559
3.526
3.504
3.479
3.467
3.457
3.463
3.475
3.513
3.554
3.662
3.728
3.752
3.831
3.822
3.843
3.863
3.890
3.914
3.928
3.943
3.961
3.982
3.999
4.026
4.029
4.048
4.077
4.100
4.158
4.229
4.259
4.332
4.460
4.809
5.418
6.071
6.403
7.921
10.06
11.58
11.83
11.38
10.29
9.744
10.16
10.90
11.61
12.24
12.55
13.13
13.69
13.83
13.87
14.33
15.30
16.31
17.10
18.15
18.21
18.34
18.57
18.39
19.67
19.90
19.96
20.19
21.86
22.03
22.05
21.32
22.44
23.15
224.4
209.8
195.7
182.7
168.4
157.5
146.5
135.6
126.8
118.1
111.3
104.6
99.15
94.61
89.83
85.93
82.55
80.05
76.22
73.10
69.87
66.71
63.28
60.74
57.80
55.16
52.34
49.15
46.03
42.93
40.36
38.42
37.41
36.90
36.77
36.69
36.77
37.07
38.24
39.30
40.16
40.81
41.26
40.68
40.30
40.32
40.37
40.16
40.18
40.17
40.21
40.65
40.19
40.26
39.04
38.22
37.32
36.43
35.08
33.90
32.70
31.41
30.14
29.22
28.36
27.89
27.95
28.81
30.13
31.84
33.28
34.76
36.64
36.39
35.15
32.16
27.90
24.35
21.97
20.33
18.67
17.42
16.16
14.55
13.08
11.93
10.27
7.983
5.888
4.532
3.684
3.275
3.291
3.412
3.568
3.752
3.940
3.903
3.786
3.740
3.706
3.639
3.603
3.575
3.572
3.594
3.634
3.634
3.614
3.587
3.556
3.540
3.533
3.534
3.558
3.644
3.659
3.707
3.741
3.821
3.817
3.834
3.864
3.903
3.930
3.966
3.987
4.003
4.020
4.036
4.057
4.080
4.110
4.116
4.135
4.160
4.179
4.238
4.320
4.354
4.433
4.595
5.142
6.242
7.289
8.590
8.294
8.598
10.93
12.77
14.34
14.63
14.34
12.62
11.92
12.45
13.44
14.20
14.51
13.49
13.86
14.50
15.14
15.93
17.08
17.38
17.45
18.21
18.78
18.94
20.05
20.28
20.55
20.73
21.47
21.64
21.93
22.50
23.11
23.50
23.55
222.9
208.5
195.1
182.0
169.0
157.7
146.6
136.8
128.6
121.0
113.2
106.3
101.1
96.31
92.04
88.25
84.45
80.50
77.78
74.50
71.23
68.06
65.21
62.59
59.51
56.85
54.34
51.59
48.43
45.37
42.51
39.93
38.35
37.35
36.79
36.81
36.71
36.94
37.63
38.49
39.19
39.52
39.55
39.64
39.47
38.99
38.56
38.51
38.42
38.39
38.44
38.50
39.59
38.07
36.66
36.02
35.29
34.35
33.29
32.26
31.29
30.16
29.15
28.29
27.52
26.66
25.98
25.24
24.92
24.82
24.97
25.86
27.77
29.43
30.18
29.69
27.62
25.17
22.53
20.42
18.87
17.62
16.24
14.65
13.08
11.97
10.07
7.684
5.616
4.409
3.597
3.317
3.357
3.499
3.663
3.874
4.019
3.968
3.868
3.820
3.786
3.721
3.681
3.662
3.650
3.668
3.700
3.711
3.698
3.678
3.652
3.634
3.624
3.620
3.643
3.718
3.762
3.800
3.868
3.949
3.899
3.913
3.943
3.979
4.007
4.040
4.054
4.076
4.090
4.109
4.134
4.162
4.192
4.198
4.227
4.255
4.289
4.363
4.430
4.473
4.573
4.789
5.432
6.971
9.865
10.69
13.00
15.11
12.15
12.74
13.92
15.64
15.74
16.16
15.68
13.77
13.48
13.84
14.46
15.52
16.11
14.91
15.47
16.51
17.69
18.69
19.18
19.00
18.87
20.20
20.03
20.05
21.54
22.46
22.99
22.64
22.62
22.88
23.09
23.57
24.18
224.2
210.9
197.9
184.9
173.6
161.2
151.8
142.3
132.9
124.5
117.3
111.1
105.1
99.98
96.03
91.60
86.70
83.68
79.62
76.55
73.93
71.28
68.58
65.22
62.47
60.16
57.66
54.97
52.27
49.22
46.12
43.41
40.72
38.81
37.56
36.84
36.43
36.40
36.66
37.24
37.76
37.78
37.76
37.47
37.17
37.17
36.54
35.84
35.40
35.03
34.81
34.60
34.41
33.41
32.84
32.50
31.94
31.46
30.85
30.11
29.45
28.78
28.22
27.72
27.25
26.77
26.58
26.45
26.32
26.40
26.67
27.13
27.61
27.86
28.02
27.67
26.93
25.46
23.78
21.94
19.95
18.16
16.52
14.71
13.25
11.87
10.09
7.619
5.630
4.441
3.646
3.364
3.420
3.565
3.736
3.952
4.123
4.069
3.956
3.903
3.867
3.813
3.771
3.746
3.743
3.758
3.789
3.798
3.775
3.756
3.743
3.732
3.724
3.722
3.729
3.751
3.790
3.828
3.889
3.961
4.017
4.224
4.108
4.092
4.126
4.145
4.160
4.173
4.192
4.212
4.237
4.269
4.304
4.315
4.341
4.376
4.399
4.473
4.572
4.637
4.752
5.149
6.374
8.033
9.590
12.02
18.76
18.65
21.84
21.14
17.96
16.91
17.14
18.19
18.48
18.23
17.03
15.68
15.42
16.28
17.37
17.59
17.51
17.22
17.34
17.81
19.21
20.35
21.60
21.45
20.30
21.27
21.69
22.47
23.04
24.10
24.34
24.45
23.64
23.81
24.49
222.9
210.2
197.7
185.2
173.7
162.6
153.0
144.4
135.5
127.6
120.6
113.9
107.9
103.5
98.14
94.76
89.84
86.16
82.47
79.51
76.49
73.46
70.43
68.05
65.39
63.28
60.85
58.59
55.64
53.17
50.06
46.83
44.07
41.40
39.21
37.77
36.66
36.16
36.03
36.05
35.96
35.81
35.65
35.33
35.19
35.24
35.29
35.26
34.97
34.72
34.78
34.77
34.11
33.29
32.31
31.79
31.48
30.99
30.49
29.99
29.57
29.21
28.82
28.40
28.26
27.91
27.84
27.66
27.80
28.03
28.46
28.94
29.47
30.03
30.03
29.79
28.57
27.59
26.13
24.53
22.81
21.02
19.49
17.25
15.28
13.49
11.00
7.954
5.789
4.517
3.737
3.480
3.547
3.720
3.920
4.151
4.296
4.223
4.127
4.080
4.035
3.976
3.930
3.914
3.912
3.918
3.939
3.941
3.927
3.918
3.903
3.881
3.870
3.870
3.879
4.011
4.071
4.064
4.123
4.165
4.178
4.148
4.155
4.185
4.206
4.244
4.264
4.280
4.297
4.319
4.348
4.379
4.418
4.430
4.469
4.503
4.540
4.638
4.743
4.811
5.004
5.780
8.172
11.81
15.86
16.88
16.13
20.63
24.29
27.15
27.84
24.44
23.46
21.72
21.02
20.30
20.02
20.31
19.80
18.22
17.53
17.78
18.00
18.34
18.94
19.29
18.71
20.38
21.48
22.36
23.31
23.16
22.48
22.90
23.59
24.00
24.48
24.84
25.30
25.72
25.63
224.7
212.9
200.4
189.1
177.8
167.6
159.1
150.7
142.3
133.9
126.6
120.4
114.1
108.8
103.8
99.98
95.20
91.65
87.72
83.35
79.94
76.47
74.14
71.50
69.25
67.03
64.63
62.05
59.99
57.70
55.02
52.10
49.34
46.46
43.83
41.48
38.46
36.94
35.85
35.46
35.40
35.04
34.77
34.44
34.20
34.04
33.81
33.62
33.55
33.58
33.62
33.82
34.61
33.41
32.31
31.84
31.62
31.37
31.13
30.73
30.68
30.38
29.99
29.89
29.76
29.76
29.61
29.28
29.12
29.07
29.44
29.99
30.61
30.92
31.11
31.01
30.50
30.16
28.80
27.41
26.19
24.25
22.21
19.99
17.90
15.92
13.26
9.616
6.768
5.188
4.113
3.667
3.682
3.844
4.055
4.321
4.518
4.469
4.355
4.304
4.256
4.181
4.134
4.119
4.101
4.112
4.130
4.123
4.093
4.083
4.065
4.052
4.045
4.058
4.127
4.217
4.241
4.260
4.489
4.440
4.331
4.274
4.294
4.335
4.364
4.377
4.386
4.404
4.428
4.457
4.487
4.517
4.558
4.582
4.611
4.654
4.696
4.782
4.907
5.021
5.191
5.900
9.062
14.83
19.00
23.17
25.93
26.47
25.11
28.22
28.13
29.69
25.97
25.93
25.81
23.36
21.53
20.92
20.67
20.70
20.07
18.21
17.64
17.78
18.66
19.99
20.83
22.50
21.65
22.85
23.15
23.09
23.96
24.56
24.83
24.40
24.62
24.85
25.40
25.84
26.27
223.1
212.3
200.9
189.8
180.6
171.5
163.3
154.3
146.9
139.5
132.6
125.4
119.2
113.5
109.2
104.5
100.7
96.35
93.25
87.75
83.73
80.32
78.16
75.63
73.09
70.40
68.08
65.52
64.29
62.42
60.17
57.94
55.71
52.94
50.08
47.00
44.10
40.45
38.41
37.16
36.72
35.16
34.62
34.39
34.13
33.84
33.59
33.33
33.18
33.06
33.12
33.30
33.39
33.09
32.89
32.90
32.90
32.93
32.77
32.72
32.51
32.30
32.16
32.19
32.00
32.15
32.04
32.27
32.27
33.15
34.68
36.38
38.29
39.41
40.37
41.06
40.89
40.56
39.47
37.84
35.80
31.91
28.43
24.91
21.35
18.92
15.26
10.64
7.382
5.472
4.243
3.842
3.877
4.051
4.288
4.583
4.782
4.712
4.610
4.565
4.516
4.451
4.400
4.390
4.376
4.365
4.376
4.365
4.333
4.294
4.289
4.275
4.270
4.263
4.240
4.241
4.254
4.299
4.436
4.643
4.688
4.588
4.476
4.468
4.469
4.490
4.500
4.529
4.549
4.576
4.611
4.652
4.693
4.717
4.762
4.803
4.861
4.977
5.112
5.239
5.852
8.046
11.08
13.98
20.69
29.54
35.29
35.38
35.31
33.71
30.52
31.42
31.32
28.85
26.00
24.44
22.21
20.58
20.14
19.74
20.08
20.31
20.05
19.66
19.51
19.86
22.08
23.23
24.23
24.57
23.29
23.37
23.77
24.35
25.07
25.75
25.89
25.57
25.36
25.86
26.35
224.4
215.2
204.5
194.2
185.4
176.7
168.5
162.2
154.7
147.5
140.3
133.1
128.0
122.2
118.2
112.4
109.1
104.0
99.36
94.89
90.74
86.62
84.27
81.24
79.19
76.43
74.03
71.74
69.82
68.07
66.99
65.18
63.33
60.84
58.22
55.97
52.62
49.10
46.38
43.08
40.01
37.84
36.03
34.77
34.21
34.00
33.82
33.45
33.51
33.64
34.03
34.42
34.92
33.99
33.38
33.29
33.64
33.70
33.79
33.86
33.42
33.32
33.46
33.35
33.85
34.70
37.05
41.10
46.41
53.01
60.13
69.97
80.18
89.81
95.49
92.70
82.08
75.62
72.57
65.14
56.73
49.01
41.57
33.80
27.45
23.82
18.73
12.89
8.520
6.214
4.671
4.053
4.066
4.247
4.481
4.797
5.058
5.016
4.891
4.798
4.734
4.681
4.653
4.626
4.631
4.621
4.599
4.572
4.523
4.508
4.486
4.469
4.429
4.421
4.521
4.630
4.639
4.635
4.685
4.707
4.589
4.539
4.537
4.556
4.582
4.611
4.626
4.652
4.679
4.706
4.743
4.782
4.835
4.859
4.901
4.947
4.990
5.116
5.269
5.414
5.854
8.188
12.41
18.84
23.92
26.26
31.48
37.26
41.66
39.41
39.52
32.08
29.76
27.61
25.90
24.00
23.02
23.52
24.10
23.08
22.06
20.94
20.31
19.44
20.07
20.79
21.65
23.54
23.24
23.16
23.95
23.63
23.82
24.21
24.82
25.39
25.88
26.13
26.33
26.59
26.49
223.3
214.7
205.2
196.3
189.2
180.6
173.2
166.9
160.4
154.3
147.2
142.7
136.0
131.0
124.8
120.8
116.1
110.9
107.4
102.0
98.27
94.18
91.68
88.47
85.78
83.11
80.51
79.86
77.82
76.01
74.22
72.18
70.46
69.04
66.80
65.98
61.27
57.74
55.64
52.23
49.20
46.09
43.13
40.37
38.48
36.99
35.64
34.55
33.95
33.58
33.54
33.67
33.99
33.69
33.63
33.76
34.09
34.40
34.49
34.51
34.42
34.18
34.98
36.23
37.90
39.54
41.23
42.84
44.15
45.61
47.70
49.71
52.77
55.42
56.74
57.35
57.89
57.36
53.45
47.30
41.94
36.78
32.61
27.03
23.02
19.86
15.66
10.96
7.612
5.684
4.544
4.152
4.221
4.417
4.659
4.983
5.183
5.100
4.986
4.896
4.830
4.778
4.742
4.732
4.719
4.717
4.724
4.702
4.667
4.600
4.559
4.522
4.504
4.527
4.603
4.610
4.625
4.707
4.784
4.661
4.725
4.628
4.644
4.670
4.705
4.722
4.729
4.752
4.783
4.811
4.854
4.898
4.935
4.959
5.009
5.058
5.127
5.262
5.439
5.697
6.084
7.736
13.25
20.67
26.59
32.50
33.85
37.01
38.52
38.11
35.80
30.55
26.27
26.28
27.18
26.78
24.77
23.40
22.26
21.49
20.14
17.80
17.37
17.44
17.98
19.56
20.90
23.24
23.31
22.93
22.70
22.82
23.36
24.38
25.00
25.35
25.73
26.09
26.38
26.77
26.90
223.8
217.6
208.6
200.3
195.1
187.3
181.1
174.5
169.0
163.2
157.4
152.0
146.8
141.6
136.6
132.0
127.0
123.9
118.9
113.4
109.2
105.1
101.6
99.26
96.12
94.40
91.69
90.42
88.18
86.71
84.43
81.77
80.50
77.66
74.94
73.87
73.61
68.84
66.48
65.57
65.06
60.59
57.09
54.14
50.64
48.34
45.72
43.39
41.57
40.03
38.68
37.80
36.87
36.15
35.92
35.90
35.89
36.06
36.05
35.80
35.53
35.22
35.08
35.07
35.12
35.27
35.05
34.92
34.60
34.90
35.44
34.98
34.54
33.86
33.07
32.62
31.89
31.04
29.60
27.69
25.92
24.11
22.22
19.74
17.45
15.31
12.35
9.137
6.716
5.333
4.474
4.193
4.309
4.499
4.717
5.005
5.144
5.067
4.957
4.892
4.845
4.804
4.771
4.755
4.750
4.764
4.767
4.739
4.656
4.599
4.565
4.546
4.534
4.507
4.505
4.513
4.561
4.621
4.767
5.083
5.323
5.207
4.867
4.821
4.823
4.809
4.820
4.841
4.884
4.926
4.960
5.002
5.045
5.071
5.118
5.168
5.226
5.373
5.549
5.696
6.356
8.941
11.94
15.26
21.63
31.27
36.63
36.08
35.52
33.22
30.70
30.30
28.03
26.51
24.84
23.34
21.58
19.94
18.37
17.60
17.50
18.51
19.81
20.99
22.02
21.65
23.67
24.66
24.32
22.79
21.64
21.95
22.78
23.75
24.60
25.32
25.86
26.13
26.43
26.75
26.97
223.1
217.9
210.2
203.0
198.3
192.7
187.8
181.2
176.4
171.3
166.8
162.8
157.0
152.2
148.0
142.4
138.5
133.3
129.9
124.7
121.5
117.6
114.0
111.1
108.7
108.2
105.4
103.2
101.9
100.3
99.41
96.77
94.70
92.67
90.57
89.43
84.73
82.91
79.86
78.28
75.41
72.96
70.51
68.09
65.64
62.94
60.43
57.70
55.92
53.36
51.67
49.91
48.45
46.43
45.14
44.20
42.87
41.96
40.89
39.96
39.02
38.06
37.24
36.57
35.82
35.22
34.81
34.33
33.79
33.76
33.39
33.13
33.30
32.83
32.45
31.85
30.84
29.49
27.06
25.04
22.83
21.19
19.14
16.66
14.52
12.46
9.906
7.410
5.770
4.845
4.338
4.313
4.472
4.676
4.918
5.190
5.243
5.133
5.011
4.963
4.904
4.874
4.863
4.868
4.872
4.850
4.837
4.753
4.691
4.667
4.661
4.639
4.613
4.614
4.976
5.166
5.219
5.095
5.074
5.019
4.863
4.801
4.790
4.806
4.846
4.874
4.895
4.931
4.977
5.023
5.074
5.114
5.150
5.175
5.208
5.250
5.319
5.477
5.680
5.821
6.324
9.196
12.61
15.44
17.90
20.51
27.06
29.83
30.90
30.57
28.02
24.95
22.85
21.64
20.11
19.08
18.38
18.98
19.68
20.71
21.06
21.52
21.05
21.42
22.42
21.67
22.90
24.34
23.22
23.49
22.74
21.77
22.50
23.56
24.32
25.00
25.79
26.22
26.72
26.93
26.94
223.9
219.7
213.2
208.7
204.0
199.8
195.4
190.6
186.3
182.5
177.6
174.7
169.8
165.3
160.7
156.0
151.8
148.0
144.2
140.3
136.6
132.7
129.7
128.2
126.4
124.1
122.9
121.7
120.7
119.4
118.9
117.0
115.3
115.1
113.0
110.5
107.4
104.1
103.0
100.5
98.27
96.65
92.73
90.03
87.59
84.81
82.86
80.31
78.37
75.80
73.10
71.01
68.29
66.30
63.97
62.00
60.06
58.83
57.50
55.78
54.83
53.74
52.47
51.81
51.58
50.27
50.17
49.43
49.92
49.94
49.81
49.84
49.62
48.46
47.33
45.96
43.60
42.00
37.84
33.69
29.69
25.42
22.23
19.29
16.81
14.30
11.14
8.256
6.287
5.195
4.572
4.534
4.681
4.874
5.117
5.426
5.502
5.387
5.252
5.170
5.108
5.065
5.061
5.071
5.052
5.024
4.981
4.904
4.824
4.784
4.752
4.728
4.725
4.813
4.938
4.968
5.122
6.180
5.424
5.193
5.033
4.954
4.901
4.979
5.008
5.013
5.001
5.042
5.080
5.121
5.168
5.208
5.243
5.257
5.291
5.324
5.382
5.524
5.713
5.845
6.395
7.441
9.417
13.51
15.00
15.50
17.16
22.79
23.00
23.48
21.93
19.91
18.19
17.88
18.15
18.46
17.69
17.41
17.61
17.66
17.63
17.41
17.14
16.31
15.74
16.81
18.97
22.41
24.33
23.01
23.43
22.21
22.00
23.25
24.09
24.83
25.61
26.15
26.70
26.94
27.04
223.5
220.2
215.8
212.3
209.5
205.2
202.1
199.4
196.0
193.4
188.3
186.2
182.0
178.2
175.7
171.7
167.7
164.5
161.1
156.1
152.8
150.4
148.9
147.1
146.7
144.5
144.3
143.6
143.7
143.9
143.5
143.0
141.7
139.8
141.9
140.2
140.6
137.3
134.3
139.5
138.7
131.0
127.3
125.9
123.6
122.4
120.1
118.2
114.7
113.2
108.4
106.8
104.5
101.5
99.70
98.52
96.79
95.83
94.29
93.05
91.46
90.26
90.19
90.44
89.68
89.50
88.59
87.81
85.43
84.96
85.88
85.04
86.76
85.27
84.39
82.01
78.48
73.30
67.12
59.84
54.39
47.18
41.08
33.89
28.25
23.40
16.33
10.61
7.717
5.842
4.990
4.971
5.101
5.268
5.528
5.915
5.909
5.800
5.648
5.541
5.467
5.385
5.404
5.443
5.411
5.353
5.289
5.172
5.077
4.980
4.938
4.897
4.869
4.847
4.846
4.926
4.928
5.133
5.491
5.756
5.737
5.413
5.039
5.131
5.106
5.079
5.100
5.123
5.167
5.196
5.231
5.276
5.309
5.323
5.350
5.385
5.442
5.567
5.671
5.761
6.467
7.391
8.118
8.839
11.23
15.08
15.35
15.38
16.49
16.89
16.67
16.16
15.46
14.34
14.29
14.41
14.00
13.95
14.04
13.94
13.82
13.66
14.49
15.81
16.80
18.30
21.21
23.34
24.22
24.37
21.89
20.72
21.64
22.82
23.96
24.87
25.65
26.13
26.63
26.92
27.08
223.3
222.2
218.8
217.3
215.7
211.9
211.0
208.5
205.8
205.0
202.1
199.6
196.2
195.4
191.7
187.4
185.6
181.9
180.3
177.5
173.0
171.3
169.4
168.4
169.0
169.6
169.3
171.0
171.9
171.3
173.4
174.4
175.7
176.5
177.9
177.3
174.8
173.2
171.7
171.3
171.3
167.8
167.0
163.7
161.9
159.8
158.3
155.9
155.2
152.1
151.9
152.2
148.4
147.0
144.8
144.3
144.9
143.3
144.0
142.8
143.7
140.9
140.3
141.9
141.7
142.1
141.1
143.6
142.8
143.0
142.8
146.0
146.8
147.2
144.9
141.8
137.1
130.3
119.8
105.5
88.58
74.30
65.89
55.39
44.45
34.37
23.44
13.58
9.141
6.661
5.405
5.347
5.462
5.607
5.863
6.242
6.290
6.158
5.950
5.825
5.744
5.655
5.677
5.704
5.618
5.539
5.469
5.347
5.272
5.251
5.218
5.206
5.114
5.150
5.635
5.624
5.663
5.607
5.582
5.295
5.069
5.060
5.052
5.081
5.115
5.148
5.156
5.191
5.224
5.263
5.297
5.334
5.372
5.378
5.387
5.414
5.462
5.565
5.658
5.712
5.924
7.051
8.399
8.767
8.934
9.332
11.65
12.74
12.94
13.20
12.87
12.44
12.14
11.70
11.16
11.39
11.71
11.79
12.06
12.68
13.22
13.85
14.75
16.50
19.12
22.35
26.07
29.06
25.68
24.48
20.10
19.90
21.14
22.59
23.66
24.54
25.49
26.19
26.79
27.00
26.99
223.2
222.6
221.2
220.4
221.5
219.6
219.3
219.3
218.6
215.5
215.1
214.0
213.0
211.6
207.7
205.6
203.7
202.2
200.2
197.4
194.8
192.8
193.5
195.1
195.4
196.5
197.7
198.9
204.0
205.7
208.5
212.1
212.9
216.8
214.5
218.7
216.1
214.2
216.0
214.9
212.7
211.5
210.0
210.0
208.0
205.7
204.4
205.9
204.8
202.4
203.4
200.8
199.2
199.2
199.8
202.4
206.2
209.6
212.5
210.0
215.3
216.1
217.8
225.1
229.6
230.3
235.2
236.2
240.6
240.3
237.1
241.6
234.1
228.2
221.6
217.3
211.0
203.1
186.1
158.1
130.9
103.2
82.71
67.36
52.16
38.46
23.15
13.85
9.384
6.689
5.817
5.800
5.899
6.041
6.369
6.766
6.719
6.566
6.337
6.165
6.044
5.980
6.014
5.945
5.848
5.739
5.649
5.535
5.436
5.386
5.355
5.311
5.249
5.449
5.458
5.374
5.536
6.533
6.089
5.918
5.434
5.185
5.202
5.307
5.281
5.236
5.213
5.239
5.274
5.298
5.338
5.385
5.409
5.410
5.432
5.446
5.491
5.575
5.641
5.661
5.976
6.481
7.298
8.605
10.16
9.595
9.295
10.48
10.95
10.68
10.49
10.20
10.24
10.27
10.04
9.882
9.955
10.23
11.03
11.06
11.11
11.69
12.64
14.70
15.77
17.12
20.04
24.17
26.12
23.35
22.52
19.63
20.74
22.51
23.56
24.52
25.36
26.17
26.80
26.99
27.04
