SALVI
1
0
24
15.0
181
1.0
240306 Biro 5050 F2MD 350
BIRO 5050 F2MD 350

BIRO-5050-F2MD.ldt
09 May 2024/TB
180
0
900
160
10
0
0
0
0
85.09
100.00
1.00
0.00
1
1
5050
4397.20
3000
70
36.40
0.11
0.17
0.24
0.30
0.35
0.43
0.48
0.53
0.59
0.63
0.00
15.00
30.00
45.00
60.00
75.00
90.00
105.00
120.00
135.00
150.00
165.00
180.00
195.00
210.00
225.00
240.00
255.00
270.00
285.00
300.00
315.00
330.00
345.00
0.00
1.00
2.00
3.00
4.00
5.00
6.00
7.00
8.00
9.00
10.00
11.00
12.00
13.00
14.00
15.00
16.00
17.00
18.00
19.00
20.00
21.00
22.00
23.00
24.00
25.00
26.00
27.00
28.00
29.00
30.00
31.00
32.00
33.00
34.00
35.00
36.00
37.00
38.00
39.00
40.00
41.00
42.00
43.00
44.00
45.00
46.00
47.00
48.00
49.00
50.00
51.00
52.00
53.00
54.00
55.00
56.00
57.00
58.00
59.00
60.00
61.00
62.00
63.00
64.00
65.00
66.00
67.00
68.00
69.00
70.00
71.00
72.00
73.00
74.00
75.00
76.00
77.00
78.00
79.00
80.00
81.00
82.00
83.00
84.00
85.00
86.00
87.00
88.00
89.00
90.00
91.00
92.00
93.00
94.00
95.00
96.00
97.00
98.00
99.00
100.00
101.00
102.00
103.00
104.00
105.00
106.00
107.00
108.00
109.00
110.00
111.00
112.00
113.00
114.00
115.00
116.00
117.00
118.00
119.00
120.00
121.00
122.00
123.00
124.00
125.00
126.00
127.00
128.00
129.00
130.00
131.00
132.00
133.00
134.00
135.00
136.00
137.00
138.00
139.00
140.00
141.00
142.00
143.00
144.00
145.00
146.00
147.00
148.00
149.00
150.00
151.00
152.00
153.00
154.00
155.00
156.00
157.00
158.00
159.00
160.00
161.00
162.00
163.00
164.00
165.00
166.00
167.00
168.00
169.00
170.00
171.00
172.00
173.00
174.00
175.00
176.00
177.00
178.00
179.00
180.00
0.13
0.36
1.60
4.29
7.98
13.09
18.79
25.92
32.98
36.53
40.96
45.96
51.14
56.59
62.27
68.20
73.87
79.64
85.30
90.86
96.26
101.70
107.10
112.40
117.70
122.80
128.00
133.10
138.10
143.00
147.70
152.30
156.90
161.50
166.00
170.30
174.60
178.80
182.90
186.80
190.80
194.50
198.20
201.80
205.30
208.70
212.20
215.40
218.30
221.40
224.20
226.80
229.30
231.70
234.00
236.00
237.80
239.50
240.70
241.80
242.60
243.10
243.20
243.10
242.50
241.60
240.20
238.30
235.90
232.90
229.20
225.00
220.00
214.20
207.60
200.40
192.40
183.70
174.40
164.60
154.40
144.40
134.40
124.60
115.50
107.00
99.09
91.99
85.52
79.70
74.50
70.01
65.77
62.04
58.68
55.65
52.88
50.38
48.10
45.99
44.07
42.27
40.60
39.05
37.60
36.24
34.96
33.74
32.60
31.52
30.50
29.52
28.59
27.72
26.87
26.07
25.30
24.58
23.88
23.21
22.56
21.94
21.35
20.78
20.22
19.69
19.18
18.68
18.20
17.73
17.27
16.83
16.40
15.98
15.57
15.16
14.77
14.38
13.99
13.62
13.25
12.88
12.52
12.16
11.81
11.45
11.10
10.75
10.40
10.05
9.70
9.35
9.00
8.65
8.29
7.94
7.57
7.21
6.85
6.48
6.11
5.75
5.38
5.01
4.64
4.27
3.91
3.55
3.19
2.85
2.50
2.16
1.84
1.53
1.27
1.04
0.85
0.69
0.59
0.54
0.53
0.23
0.44
1.74
4.43
8.46
14.02
19.69
27.55
31.86
39.59
44.85
50.59
55.80
61.54
67.19
73.50
79.57
85.82
92.08
98.23
104.30
110.40
116.40
122.30
128.30
134.10
139.90
145.60
151.30
156.80
162.40
167.90
173.20
178.40
183.60
188.70
193.80
198.80
203.70
208.40
213.30
218.00
222.60
227.30
231.80
236.30
240.70
245.10
249.30
253.40
257.50
261.30
265.00
268.50
271.80
275.00
277.80
280.40
282.70
284.50
285.90
286.90
287.60
287.70
287.10
286.10
284.30
281.90
278.70
274.50
269.70
264.00
257.20
249.60
240.90
231.40
220.80
210.00
198.40
186.40
174.20
162.10
150.20
138.60
127.90
117.50
108.30
100.00
92.47
85.78
79.89
74.60
69.93
65.77
62.03
58.69
55.68
52.95
50.46
48.20
46.15
44.22
42.44
40.78
39.24
37.79
36.46
35.18
33.97
32.83
31.77
30.75
29.78
28.87
28.00
27.17
26.37
25.61
24.89
24.19
23.52
22.88
22.28
21.69
21.12
20.57
20.04
19.53
19.03
18.55
18.08
17.63
17.18
16.75
16.32
15.91
15.50
15.11
14.71
14.32
13.93
13.56
13.18
12.80
12.44
12.07
11.71
11.34
10.97
10.60
10.24
9.87
9.50
9.13
8.76
8.38
8.01
7.62
7.25
6.86
6.48
6.09
5.69
5.30
4.91
4.52
4.14
3.76
3.38
3.02
2.66
2.31
1.98
1.67
1.38
1.13
0.91
0.72
0.60
0.53
0.51
0.24
0.50
1.99
4.86
9.37
14.38
22.44
27.52
35.45
40.01
45.25
51.28
57.53
63.22
69.87
76.69
83.24
89.94
96.62
103.20
109.60
116.10
122.50
128.90
135.20
141.40
147.60
153.60
159.60
165.40
171.20
177.00
182.50
188.10
193.70
199.10
204.30
209.70
214.90
219.90
225.10
230.00
234.80
239.70
244.50
249.20
253.80
258.20
262.50
266.70
270.50
274.20
277.60
280.70
283.40
285.90
287.80
289.30
290.20
290.50
290.40
289.60
288.20
286.10
283.10
279.50
275.10
270.00
264.00
257.20
249.80
241.60
232.60
223.00
213.00
202.40
191.40
180.30
169.20
158.40
147.70
137.60
127.90
118.80
110.50
102.70
95.74
89.45
83.66
78.49
73.84
69.72
66.07
62.54
59.42
56.55
53.95
51.54
49.34
47.28
45.41
43.65
41.99
40.47
39.03
37.66
36.40
35.18
34.04
32.95
31.93
30.95
30.02
29.15
28.30
27.48
26.72
25.98
25.28
24.59
23.95
23.33
22.73
22.14
21.58
21.03
20.50
20.00
19.50
19.02
18.56
18.10
17.65
17.21
16.78
16.36
15.95
15.55
15.14
14.75
14.36
13.97
13.59
13.21
12.83
12.45
12.08
11.70
11.32
10.95
10.56
10.19
9.81
9.42
9.03
8.65
8.26
7.87
7.47
7.07
6.66
6.26
5.86
5.45
5.05
4.65
4.25
3.86
3.47
3.09
2.72
2.37
2.03
1.70
1.42
1.15
0.93
0.75
0.63
0.55
0.51
0.26
0.45
1.81
4.65
9.15
14.70
21.41
28.35
36.23
42.56
47.73
52.75
59.26
65.54
71.95
78.51
85.40
92.19
99.12
105.90
112.80
119.60
126.30
132.90
139.60
146.00
152.50
159.00
165.30
171.50
177.80
183.90
189.80
195.80
201.80
207.40
213.10
218.70
224.10
229.30
234.40
239.30
243.90
248.40
252.60
256.50
260.10
263.20
266.10
268.50
270.60
272.20
273.20
273.60
273.70
273.10
272.00
270.30
268.00
265.10
261.70
257.60
252.80
247.60
241.90
235.50
228.70
221.50
213.70
205.70
197.40
188.80
180.20
171.50
162.80
154.10
145.80
137.40
129.50
122.00
114.80
108.10
101.80
96.00
90.60
85.64
81.08
76.86
72.92
69.35
66.07
62.99
60.15
57.52
55.05
52.75
50.64
48.67
46.81
45.09
43.47
41.94
40.50
39.17
37.89
36.68
35.54
34.45
33.41
32.43
31.49
30.59
29.73
28.91
28.12
27.37
26.65
25.96
25.29
24.65
24.03
23.43
22.86
22.30
21.76
21.23
20.72
20.23
19.74
19.28
18.81
18.37
17.94
17.50
17.07
16.66
16.25
15.85
15.46
15.06
14.67
14.28
13.90
13.51
13.13
12.75
12.36
11.99
11.60
11.22
10.84
10.46
10.07
9.68
9.29
8.89
8.49
8.09
7.69
7.29
6.88
6.46
6.05
5.64
5.23
4.81
4.40
3.99
3.59
3.20
2.82
2.45
2.10
1.76
1.46
1.19
0.95
0.76
0.62
0.53
0.50
0.29
0.52
2.03
4.96
9.94
15.87
22.03
30.54
38.57
46.03
51.33
56.73
62.01
68.90
74.56
81.19
87.99
94.78
101.70
108.60
115.40
122.30
129.20
136.10
142.90
149.40
156.00
162.50
169.10
175.40
181.80
188.00
194.20
200.40
206.20
212.10
217.70
223.10
228.20
233.20
237.70
242.00
245.90
249.40
252.50
255.30
257.40
258.90
260.20
261.00
261.10
260.60
259.50
257.90
255.60
252.80
249.30
245.20
240.50
235.50
229.80
223.70
217.30
210.30
203.20
195.90
188.50
180.90
173.50
165.90
158.40
151.10
143.80
136.90
130.10
123.70
117.40
111.40
105.80
100.50
95.43
90.71
86.27
82.08
78.21
74.52
71.21
68.10
65.10
62.30
59.72
57.28
54.98
52.86
50.86
48.97
47.21
45.55
43.99
42.51
41.14
39.84
38.59
37.43
36.31
35.25
34.24
33.26
32.34
31.45
30.62
29.81
29.03
28.29
27.56
26.87
26.20
25.56
24.94
24.34
23.77
23.20
22.65
22.13
21.61
21.12
20.64
20.15
19.69
19.24
18.80
18.36
17.93
17.51
17.10
16.69
16.29
15.89
15.50
15.11
14.72
14.34
13.95
13.57
13.19
12.81
12.43
12.05
11.67
11.28
10.90
10.51
10.12
9.73
9.33
8.93
8.53
8.12
7.72
7.31
6.90
6.48
6.06
5.64
5.23
4.81
4.39
3.99
3.58
3.19
2.81
2.44
2.09
1.76
1.46
1.19
0.96
0.77
0.64
0.55
0.50
0.30
0.48
1.88
4.71
9.50
14.87
22.40
28.91
37.60
43.16
47.88
54.06
60.06
65.75
72.13
79.19
86.04
92.90
99.77
106.70
113.50
120.40
127.10
133.90
140.50
147.10
153.60
160.10
166.30
172.60
178.70
184.60
190.30
196.10
201.60
206.80
211.90
216.70
221.20
225.30
229.20
232.60
235.70
238.20
240.40
241.90
243.20
243.90
244.00
243.60
242.60
241.20
239.10
236.40
233.20
229.50
225.20
220.50
215.30
209.80
203.90
197.70
191.30
184.80
178.20
171.40
164.80
158.20
151.70
145.30
139.00
132.90
127.00
121.30
115.80
110.50
105.40
100.60
96.04
91.62
87.45
83.49
79.71
76.17
72.85
69.63
66.70
63.88
61.25
58.79
56.48
54.32
52.27
50.34
48.52
46.82
45.24
43.73
42.32
41.00
39.73
38.54
37.41
36.35
35.32
34.34
33.43
32.52
31.66
30.84
30.07
29.31
28.58
27.88
27.20
26.55
25.92
25.31
24.72
24.15
23.59
23.05
22.53
22.03
21.53
21.05
20.58
20.11
19.67
19.23
18.80
18.37
17.96
17.54
17.14
16.74
16.35
15.95
15.57
15.18
14.79
14.41
14.03
13.65
13.27
12.89
12.51
12.13
11.75
11.37
10.98
10.60
10.21
9.81
9.42
9.02
8.63
8.21
7.81
7.39
6.98
6.56
6.14
5.72
5.30
4.87
4.46
4.05
3.64
3.24
2.86
2.49
2.12
1.78
1.48
1.21
0.97
0.78
0.63
0.53
0.49
0.32
0.54
2.04
5.00
9.84
15.23
23.34
30.13
35.85
45.54
51.54
56.47
62.93
69.35
74.50
80.79
87.71
94.45
101.20
107.90
114.60
121.40
128.00
134.70
141.30
147.70
154.10
160.30
166.40
172.50
178.50
184.30
189.90
195.30
200.60
205.60
210.40
214.90
219.10
222.90
226.50
229.60
232.40
234.60
236.50
237.70
238.70
238.70
238.60
237.70
236.40
234.50
232.00
228.90
225.30
221.20
216.90
211.90
206.60
200.90
194.90
188.80
182.50
176.10
169.80
163.40
157.00
150.80
144.70
138.60
132.80
127.10
121.60
116.30
111.20
106.30
101.60
97.06
92.71
88.59
84.67
80.95
77.33
73.91
70.88
67.86
65.04
62.39
59.86
57.48
55.29
53.19
51.22
49.35
47.61
45.97
44.42
43.00
41.62
40.33
39.13
37.99
36.90
35.87
34.87
33.92
33.01
32.15
31.34
30.53
29.76
29.02
28.33
27.64
26.99
26.34
25.73
25.13
24.55
23.99
23.45
22.93
22.42
21.92
21.43
20.97
20.50
20.04
19.60
19.16
18.74
18.32
17.91
17.49
17.08
16.69
16.30
15.91
15.52
15.14
14.75
14.38
14.00
13.62
13.24
12.86
12.48
12.10
11.72
11.34
10.95
10.57
10.18
9.79
9.40
9.00
8.59
8.18
7.77
7.36
6.94
6.53
6.10
5.68
5.26
4.84
4.42
4.01
3.60
3.20
2.82
2.45
2.09
1.76
1.47
1.20
0.97
0.78
0.64
0.55
0.51
0.30
0.48
1.88
4.71
9.50
14.87
22.40
28.91
37.60
43.16
47.88
54.06
60.06
65.75
72.13
79.19
86.04
92.90
99.77
106.70
113.50
120.40
127.10
133.90
140.50
147.10
153.60
160.10
166.30
172.60
178.70
184.60
190.30
196.10
201.60
206.80
211.90
216.70
221.20
225.30
229.20
232.60
235.70
238.20
240.40
241.90
243.20
243.90
244.00
243.60
242.60
241.20
239.10
236.40
233.20
229.50
225.20
220.50
215.30
209.80
203.90
197.70
191.30
184.80
178.20
171.40
164.80
158.20
151.70
145.30
139.00
132.90
127.00
121.30
115.80
110.50
105.40
100.60
96.04
91.62
87.45
83.49
79.71
76.17
72.85
69.63
66.70
63.88
61.25
58.79
56.48
54.32
52.27
50.34
48.52
46.82
45.24
43.73
42.32
41.00
39.73
38.54
37.41
36.35
35.32
34.34
33.43
32.52
31.66
30.84
30.07
29.31
28.58
27.88
27.20
26.55
25.92
25.31
24.72
24.15
23.59
23.05
22.53
22.03
21.53
21.05
20.58
20.11
19.67
19.23
18.80
18.37
17.96
17.54
17.14
16.74
16.35
15.95
15.57
15.18
14.79
14.41
14.03
13.65
13.27
12.89
12.51
12.13
11.75
11.37
10.98
10.60
10.21
9.81
9.42
9.02
8.63
8.21
7.81
7.39
6.98
6.56
6.14
5.72
5.30
4.87
4.46
4.05
3.64
3.24
2.86
2.49
2.12
1.78
1.48
1.21
0.97
0.78
0.63
0.53
0.49
0.29
0.52
2.03
4.96
9.94
15.87
22.03
30.54
38.57
46.03
51.33
56.73
62.01
68.90
74.56
81.19
87.99
94.78
101.70
108.60
115.40
122.30
129.20
136.10
142.90
149.40
156.00
162.50
169.10
175.40
181.80
188.00
194.20
200.40
206.20
212.10
217.70
223.10
228.20
233.20
237.70
242.00
245.90
249.40
252.50
255.30
257.40
258.90
260.20
261.00
261.10
260.60
259.50
257.90
255.60
252.80
249.30
245.20
240.50
235.50
229.80
223.70
217.30
210.30
203.20
195.90
188.50
180.90
173.50
165.90
158.40
151.10
143.80
136.90
130.10
123.70
117.40
111.40
105.80
100.50
95.43
90.71
86.27
82.08
78.21
74.52
71.21
68.10
65.10
62.30
59.72
57.28
54.98
52.86
50.86
48.97
47.21
45.55
43.99
42.51
41.14
39.84
38.59
37.43
36.31
35.25
34.24
33.26
32.34
31.45
30.62
29.81
29.03
28.29
27.56
26.87
26.20
25.56
24.94
24.34
23.77
23.20
22.65
22.13
21.61
21.12
20.64
20.15
19.69
19.24
18.80
18.36
17.93
17.51
17.10
16.69
16.29
15.89
15.50
15.11
14.72
14.34
13.95
13.57
13.19
12.81
12.43
12.05
11.67
11.28
10.90
10.51
10.12
9.73
9.33
8.93
8.53
8.12
7.72
7.31
6.90
6.48
6.06
5.64
5.23
4.81
4.39
3.99
3.58
3.19
2.81
2.44
2.09
1.76
1.46
1.19
0.96
0.77
0.64
0.55
0.50
0.26
0.45
1.81
4.65
9.15
14.70
21.41
28.35
36.23
42.56
47.73
52.75
59.26
65.54
71.95
78.51
85.40
92.19
99.12
105.90
112.80
119.60
126.30
132.90
139.60
146.00
152.50
159.00
165.30
171.50
177.80
183.90
189.80
195.80
201.80
207.40
213.10
218.70
224.10
229.30
234.40
239.30
243.90
248.40
252.60
256.50
260.10
263.20
266.10
268.50
270.60
272.20
273.20
273.60
273.70
273.10
272.00
270.30
268.00
265.10
261.70
257.60
252.80
247.60
241.90
235.50
228.70
221.50
213.70
205.70
197.40
188.80
180.20
171.50
162.80
154.10
145.80
137.40
129.50
122.00
114.80
108.10
101.80
96.00
90.60
85.64
81.08
76.86
72.92
69.35
66.07
62.99
60.15
57.52
55.05
52.75
50.64
48.67
46.81
45.09
43.47
41.94
40.50
39.17
37.89
36.68
35.54
34.45
33.41
32.43
31.49
30.59
29.73
28.91
28.12
27.37
26.65
25.96
25.29
24.65
24.03
23.43
22.86
22.30
21.76
21.23
20.72
20.23
19.74
19.28
18.81
18.37
17.94
17.50
17.07
16.66
16.25
15.85
15.46
15.06
14.67
14.28
13.90
13.51
13.13
12.75
12.36
11.99
11.60
11.22
10.84
10.46
10.07
9.68
9.29
8.89
8.49
8.09
7.69
7.29
6.88
6.46
6.05
5.64
5.23
4.81
4.40
3.99
3.59
3.20
2.82
2.45
2.10
1.76
1.46
1.19
0.95
0.76
0.62
0.53
0.50
0.24
0.50
1.99
4.86
9.37
14.38
22.44
27.52
35.45
40.01
45.25
51.28
57.53
63.22
69.87
76.69
83.24
89.94
96.62
103.20
109.60
116.10
122.50
128.90
135.20
141.40
147.60
153.60
159.60
165.40
171.20
177.00
182.50
188.10
193.70
199.10
204.30
209.70
214.90
219.90
225.10
230.00
234.80
239.70
244.50
249.20
253.80
258.20
262.50
266.70
270.50
274.20
277.60
280.70
283.40
285.90
287.80
289.30
290.20
290.50
290.40
289.60
288.20
286.10
283.10
279.50
275.10
270.00
264.00
257.20
249.80
241.60
232.60
223.00
213.00
202.40
191.40
180.30
169.20
158.40
147.70
137.60
127.90
118.80
110.50
102.70
95.74
89.45
83.66
78.49
73.84
69.72
66.07
62.54
59.42
56.55
53.95
51.54
49.34
47.28
45.41
43.65
41.99
40.47
39.03
37.66
36.40
35.18
34.04
32.95
31.93
30.95
30.02
29.15
28.30
27.48
26.72
25.98
25.28
24.59
23.95
23.33
22.73
22.14
21.58
21.03
20.50
20.00
19.50
19.02
18.56
18.10
17.65
17.21
16.78
16.36
15.95
15.55
15.14
14.75
14.36
13.97
13.59
13.21
12.83
12.45
12.08
11.70
11.32
10.95
10.56
10.19
9.81
9.42
9.03
8.65
8.26
7.87
7.47
7.07
6.66
6.26
5.86
5.45
5.05
4.65
4.25
3.86
3.47
3.09
2.72
2.37
2.03
1.70
1.42
1.15
0.93
0.75
0.63
0.55
0.51
0.23
0.44
1.74
4.43
8.46
14.02
19.69
27.55
31.86
39.59
44.85
50.59
55.80
61.54
67.19
73.50
79.57
85.82
92.08
98.23
104.30
110.40
116.40
122.30
128.30
134.10
139.90
145.60
151.30
156.80
162.40
167.90
173.20
178.40
183.60
188.70
193.80
198.80
203.70
208.40
213.30
218.00
222.60
227.30
231.80
236.30
240.70
245.10
249.30
253.40
257.50
261.30
265.00
268.50
271.80
275.00
277.80
280.40
282.70
284.50
285.90
286.90
287.60
287.70
287.10
286.10
284.30
281.90
278.70
274.50
269.70
264.00
257.20
249.60
240.90
231.40
220.80
210.00
198.40
186.40
174.20
162.10
150.20
138.60
127.90
117.50
108.30
100.00
92.47
85.78
79.89
74.60
69.93
65.77
62.03
58.69
55.68
52.95
50.46
48.20
46.15
44.22
42.44
40.78
39.24
37.79
36.46
35.18
33.97
32.83
31.77
30.75
29.78
28.87
28.00
27.17
26.37
25.61
24.89
24.19
23.52
22.88
22.28
21.69
21.12
20.57
20.04
19.53
19.03
18.55
18.08
17.63
17.18
16.75
16.32
15.91
15.50
15.11
14.71
14.32
13.93
13.56
13.18
12.80
12.44
12.07
11.71
11.34
10.97
10.60
10.24
9.87
9.50
9.13
8.76
8.38
8.01
7.62
7.25
6.86
6.48
6.09
5.69
5.30
4.91
4.52
4.14
3.76
3.38
3.02
2.66
2.31
1.98
1.67
1.38
1.13
0.91
0.72
0.60
0.53
0.51
0.13
0.36
1.60
4.29
7.98
13.09
18.79
25.92
32.98
36.53
40.96
45.96
51.14
56.59
62.27
68.20
73.87
79.64
85.30
90.86
96.26
101.70
107.10
112.40
117.70
122.80
128.00
133.10
138.10
143.00
147.70
152.30
156.90
161.50
166.00
170.30
174.60
178.80
182.90
186.80
190.80
194.50
198.20
201.80
205.30
208.70
212.20
215.40
218.30
221.40
224.20
226.80
229.30
231.70
234.00
236.00
237.80
239.50
240.70
241.80
242.60
243.10
243.20
243.10
242.50
241.60
240.20
238.30
235.90
232.90
229.20
225.00
220.00
214.20
207.60
200.40
192.40
183.70
174.40
164.60
154.40
144.40
134.40
124.60
115.50
107.00
99.09
91.99
85.52
79.70
74.50
70.01
65.77
62.04
58.68
55.65
52.88
50.38
48.10
45.99
44.07
42.27
40.60
39.05
37.60
36.24
34.96
33.74
32.60
31.52
30.50
29.52
28.59
27.72
26.87
26.07
25.30
24.58
23.88
23.21
22.56
21.94
21.35
20.78
20.22
19.69
19.18
18.68
18.20
17.73
17.27
16.83
16.40
15.98
15.57
15.16
14.77
14.38
13.99
13.62
13.25
12.88
12.52
12.16
11.81
11.45
11.10
10.75
10.40
10.05
9.70
9.35
9.00
8.65
8.29
7.94
7.57
7.21
6.85
6.48
6.11
5.75
5.38
5.01
4.64
4.27
3.91
3.55
3.19
2.85
2.50
2.16
1.84
1.53
1.27
1.04
0.85
0.69
0.59
0.54
0.53
0.23
0.42
1.53
4.06
7.46
11.91
17.23
22.86
27.89
34.12
38.28
42.44
47.37
52.15
56.84
61.81
66.88
71.66
76.35
80.95
85.49
89.97
94.43
98.74
103.00
107.20
111.30
115.20
119.10
122.90
126.50
130.10
133.50
136.80
139.90
142.80
145.80
148.50
151.10
153.50
155.90
158.10
160.20
162.10
163.80
165.40
167.00
168.40
169.50
170.50
171.50
172.20
172.70
173.20
173.50
173.60
173.50
173.30
172.90
172.40
171.80
171.00
169.90
168.80
167.40
165.60
163.70
161.50
159.00
156.20
153.20
149.80
146.10
142.00
137.50
132.80
127.90
122.50
117.00
111.40
105.70
100.20
94.75
89.61
84.67
80.02
75.70
71.72
68.00
64.50
61.29
58.36
55.60
53.06
50.71
48.53
46.51
44.63
42.88
41.24
39.70
38.26
36.91
35.61
34.42
33.26
32.16
31.12
30.13
29.18
28.28
27.43
26.59
25.82
25.07
24.34
23.64
22.99
22.34
21.73
21.14
20.57
20.01
19.48
18.97
18.47
17.99
17.53
17.07
16.63
16.21
15.78
15.37
14.99
14.60
14.21
13.83
13.47
13.11
12.76
12.41
12.06
11.72
11.39
11.05
10.71
10.39
10.06
9.72
9.40
9.07
8.73
8.41
8.08
7.75
7.42
7.08
6.73
6.40
6.05
5.71
5.37
5.03
4.68
4.33
3.99
3.65
3.31
2.98
2.66
2.35
2.04
1.73
1.45
1.21
1.00
0.82
0.67
0.57
0.53
0.52
0.24
0.39
1.28
3.57
6.08
11.25
14.46
19.79
24.64
28.88
31.74
35.50
40.11
44.81
49.22
53.68
57.95
62.05
65.99
69.73
73.35
76.88
80.33
83.60
86.78
89.88
92.81
95.59
98.23
100.70
103.10
105.30
107.30
109.20
111.00
112.60
114.00
115.30
116.40
117.40
118.30
119.00
119.60
120.00
120.40
120.60
120.80
120.80
120.70
120.50
120.30
120.00
119.70
119.20
118.70
118.10
117.50
116.80
116.10
115.30
114.50
113.50
112.60
111.50
110.30
109.10
107.70
106.20
104.60
102.70
100.80
98.66
96.41
93.97
91.46
88.84
86.10
83.28
80.45
77.53
74.67
71.86
69.11
66.43
63.87
61.37
58.97
56.67
54.49
52.40
50.43
48.53
46.72
45.01
43.40
41.87
40.42
39.04
37.74
36.49
35.31
34.19
33.10
32.08
31.10
30.15
29.24
28.37
27.53
26.74
25.96
25.22
24.49
23.81
23.13
22.49
21.88
21.27
20.69
20.14
19.60
19.08
18.58
18.09
17.62
17.16
16.72
16.28
15.87
15.46
15.06
14.67
14.29
13.92
13.56
13.21
12.85
12.51
12.17
11.84
11.51
11.18
10.87
10.55
10.24
9.93
9.62
9.31
9.01
8.70
8.40
8.09
7.78
7.47
7.17
6.86
6.54
6.23
5.92
5.61
5.29
4.97
4.65
4.33
4.01
3.69
3.38
3.07
2.77
2.47
2.19
1.91
1.63
1.37
1.14
0.93
0.76
0.61
0.51
0.49
0.50
0.26
0.43
1.28
3.51
5.81
10.03
13.88
18.09
22.14
26.11
28.38
32.05
36.13
39.87
43.75
47.38
50.89
54.15
57.28
60.21
63.03
65.72
68.30
70.71
73.03
75.19
77.22
79.11
80.87
82.50
83.94
85.26
86.48
87.54
88.48
89.31
90.03
90.62
91.12
91.51
91.83
92.09
92.26
92.35
92.42
92.38
92.33
92.20
92.07
91.89
91.65
91.39
91.10
90.75
90.39
89.99
89.55
89.07
88.53
87.98
87.33
86.63
85.86
85.04
84.14
83.16
82.10
80.97
79.74
78.41
77.00
75.49
73.95
72.34
70.68
68.96
67.22
65.41
63.60
61.79
59.97
58.16
56.38
54.61
52.88
51.20
49.54
47.93
46.37
44.86
43.42
42.04
40.69
39.39
38.16
36.97
35.83
34.74
33.70
32.69
31.73
30.81
29.91
29.05
28.21
27.41
26.64
25.89
25.16
24.46
23.78
23.12
22.48
21.87
21.27
20.69
20.13
19.60
19.07
18.56
18.08
17.59
17.13
16.68
16.24
15.82
15.41
15.01
14.62
14.24
13.87
13.51
13.15
12.81
12.47
12.14
11.81
11.49
11.18
10.87
10.57
10.27
9.97
9.67
9.39
9.09
8.81
8.52
8.24
7.95
7.67
7.39
7.11
6.82
6.54
6.25
5.97
5.68
5.39
5.10
4.81
4.52
4.23
3.94
3.64
3.35
3.07
2.79
2.51
2.24
1.98
1.73
1.48
1.26
1.05
0.87
0.72
0.60
0.51
0.48
0.49
0.29
0.41
1.12
2.97
5.08
8.66
12.52
16.57
19.89
24.19
25.88
28.61
32.13
35.43
38.65
41.73
44.64
47.36
49.94
52.34
54.62
56.82
58.89
60.82
62.66
64.37
65.94
67.44
68.80
70.03
71.18
72.22
73.14
74.00
74.76
75.43
76.05
76.56
77.03
77.41
77.78
78.07
78.31
78.49
78.65
78.73
78.79
78.82
78.79
78.74
78.64
78.49
78.33
78.12
77.86
77.53
77.17
76.75
76.28
75.76
75.17
74.51
73.82
73.07
72.24
71.38
70.44
69.44
68.40
67.30
66.15
64.95
63.71
62.45
61.14
59.79
58.43
57.01
55.60
54.16
52.72
51.30
49.87
48.47
47.07
45.69
44.34
43.03
41.76
40.52
39.33
38.18
37.05
35.98
34.95
33.93
32.96
32.03
31.12
30.25
29.40
28.58
27.79
27.02
26.28
25.55
24.85
24.17
23.50
22.86
22.23
21.62
21.02
20.46
19.90
19.36
18.84
18.34
17.84
17.37
16.91
16.46
16.03
15.60
15.20
14.79
14.41
14.03
13.66
13.30
12.95
12.61
12.27
11.94
11.63
11.31
11.00
10.70
10.40
10.12
9.83
9.54
9.27
8.99
8.72
8.45
8.18
7.91
7.65
7.38
7.12
6.86
6.59
6.33
6.07
5.80
5.54
5.27
5.01
4.74
4.47
4.20
3.94
3.67
3.39
3.13
2.86
2.61
2.35
2.09
1.85
1.62
1.39
1.17
0.99
0.82
0.68
0.56
0.48
0.48
0.49
0.30
0.46
1.13
2.96
4.81
8.18
11.53
14.90
18.36
20.40
22.50
25.51
28.99
32.34
35.31
38.14
40.78
43.23
45.53
47.67
49.72
51.64
53.45
55.18
56.79
58.30
59.72
61.01
62.25
63.37
64.41
65.39
66.28
67.08
67.84
68.53
69.13
69.71
70.22
70.67
71.09
71.45
71.76
72.02
72.25
72.42
72.54
72.65
72.69
72.72
72.66
72.59
72.45
72.29
72.08
71.81
71.49
71.13
70.70
70.22
69.67
69.08
68.45
67.76
67.02
66.20
65.36
64.43
63.46
62.46
61.39
60.31
59.16
57.97
56.75
55.50
54.23
52.93
51.63
50.32
49.01
47.70
46.41
45.12
43.88
42.64
41.42
40.24
39.09
37.99
36.91
35.88
34.88
33.91
32.98
32.07
31.20
30.35
29.53
28.72
27.95
27.20
26.45
25.73
25.04
24.35
23.68
23.05
22.42
21.80
21.21
20.63
20.06
19.51
18.98
18.47
17.97
17.49
17.02
16.55
16.11
15.68
15.25
14.85
14.45
14.07
13.69
13.33
12.98
12.63
12.30
11.97
11.65
11.33
11.03
10.73
10.43
10.13
9.85
9.58
9.30
9.03
8.77
8.50
8.24
7.98
7.73
7.47
7.22
6.97
6.72
6.46
6.22
5.97
5.71
5.46
5.21
4.96
4.71
4.45
4.20
3.95
3.69
3.44
3.18
2.93
2.67
2.42
2.18
1.96
1.73
1.51
1.31
1.12
0.95
0.79
0.67
0.56
0.49
0.47
0.48
0.32
0.43
1.06
2.66
4.43
8.27
10.16
14.55
16.82
20.95
22.96
25.17
28.46
31.55
34.33
36.90
39.32
41.67
43.89
45.97
47.94
49.80
51.60
53.25
54.81
56.28
57.64
58.93
60.11
61.23
62.26
63.23
64.12
64.94
65.70
66.42
67.07
67.64
68.18
68.65
69.10
69.47
69.80
70.07
70.31
70.47
70.61
70.70
70.80
70.80
70.75
70.66
70.53
70.36
70.17
69.89
69.59
69.22
68.81
68.33
67.84
67.27
66.67
66.00
65.31
64.53
63.71
62.83
61.92
60.97
59.98
58.92
57.84
56.70
55.53
54.31
53.06
51.82
50.57
49.28
48.00
46.74
45.49
44.24
43.02
41.81
40.63
39.48
38.37
37.30
36.26
35.26
34.29
33.34
32.43
31.56
30.70
29.89
29.09
28.30
27.54
26.82
26.09
25.39
24.71
24.03
23.38
22.74
22.13
21.52
20.93
20.35
19.79
19.25
18.73
18.21
17.72
17.24
16.77
16.33
15.89
15.46
15.04
14.64
14.25
13.87
13.50
13.15
12.79
12.45
12.12
11.79
11.47
11.16
10.86
10.56
10.26
9.98
9.70
9.43
9.16
8.88
8.63
8.37
8.11
7.85
7.60
7.35
7.10
6.85
6.61
6.36
6.11
5.87
5.62
5.38
5.14
4.89
4.64
4.39
4.14
3.89
3.64
3.38
3.13
2.88
2.63
2.39
2.15
1.92
1.71
1.49
1.29
1.10
0.93
0.78
0.66
0.54
0.48
0.49
0.50
0.30
0.46
1.13
2.96
4.81
8.18
11.53
14.90
18.36
20.40
22.50
25.51
28.99
32.34
35.31
38.14
40.78
43.23
45.53
47.67
49.72
51.64
53.45
55.18
56.79
58.30
59.72
61.01
62.25
63.37
64.41
65.39
66.28
67.08
67.84
68.53
69.13
69.71
70.22
70.67
71.09
71.45
71.76
72.02
72.25
72.42
72.54
72.65
72.69
72.72
72.66
72.59
72.45
72.29
72.08
71.81
71.49
71.13
70.70
70.22
69.67
69.08
68.45
67.76
67.02
66.20
65.36
64.43
63.46
62.46
61.39
60.31
59.16
57.97
56.75
55.50
54.23
52.93
51.63
50.32
49.01
47.70
46.41
45.12
43.88
42.64
41.42
40.24
39.09
37.99
36.91
35.88
34.88
33.91
32.98
32.07
31.20
30.35
29.53
28.72
27.95
27.20
26.45
25.73
25.04
24.35
23.68
23.05
22.42
21.80
21.21
20.63
20.06
19.51
18.98
18.47
17.97
17.49
17.02
16.55
16.11
15.68
15.25
14.85
14.45
14.07
13.69
13.33
12.98
12.63
12.30
11.97
11.65
11.33
11.03
10.73
10.43
10.13
9.85
9.58
9.30
9.03
8.77
8.50
8.24
7.98
7.73
7.47
7.22
6.97
6.72
6.46
6.22
5.97
5.71
5.46
5.21
4.96
4.71
4.45
4.20
3.95
3.69
3.44
3.18
2.93
2.67
2.42
2.18
1.96
1.73
1.51
1.31
1.12
0.95
0.79
0.67
0.56
0.49
0.47
0.48
0.29
0.41
1.12
2.97
5.08
8.66
12.52
16.57
19.89
24.19
25.88
28.61
32.13
35.43
38.65
41.73
44.64
47.36
49.94
52.34
54.62
56.82
58.89
60.82
62.66
64.37
65.94
67.44
68.80
70.03
71.18
72.22
73.14
74.00
74.76
75.43
76.05
76.56
77.03
77.41
77.78
78.07
78.31
78.49
78.65
78.73
78.79
78.82
78.79
78.74
78.64
78.49
78.33
78.12
77.86
77.53
77.17
76.75
76.28
75.76
75.17
74.51
73.82
73.07
72.24
71.38
70.44
69.44
68.40
67.30
66.15
64.95
63.71
62.45
61.14
59.79
58.43
57.01
55.60
54.16
52.72
51.30
49.87
48.47
47.07
45.69
44.34
43.03
41.76
40.52
39.33
38.18
37.05
35.98
34.95
33.93
32.96
32.03
31.12
30.25
29.40
28.58
27.79
27.02
26.28
25.55
24.85
24.17
23.50
22.86
22.23
21.62
21.02
20.46
19.90
19.36
18.84
18.34
17.84
17.37
16.91
16.46
16.03
15.60
15.20
14.79
14.41
14.03
13.66
13.30
12.95
12.61
12.27
11.94
11.63
11.31
11.00
10.70
10.40
10.12
9.83
9.54
9.27
8.99
8.72
8.45
8.18
7.91
7.65
7.38
7.12
6.86
6.59
6.33
6.07
5.80
5.54
5.27
5.01
4.74
4.47
4.20
3.94
3.67
3.39
3.13
2.86
2.61
2.35
2.09
1.85
1.62
1.39
1.17
0.99
0.82
0.68
0.56
0.48
0.48
0.49
0.26
0.43
1.28
3.51
5.81
10.03
13.88
18.09
22.14
26.11
28.38
32.05
36.13
39.87
43.75
47.38
50.89
54.15
57.28
60.21
63.03
65.72
68.30
70.71
73.03
75.19
77.22
79.11
80.87
82.50
83.94
85.26
86.48
87.54
88.48
89.31
90.03
90.62
91.12
91.51
91.83
92.09
92.26
92.35
92.42
92.38
92.33
92.20
92.07
91.89
91.65
91.39
91.10
90.75
90.39
89.99
89.55
89.07
88.53
87.98
87.33
86.63
85.86
85.04
84.14
83.16
82.10
80.97
79.74
78.41
77.00
75.49
73.95
72.34
70.68
68.96
67.22
65.41
63.60
61.79
59.97
58.16
56.38
54.61
52.88
51.20
49.54
47.93
46.37
44.86
43.42
42.04
40.69
39.39
38.16
36.97
35.83
34.74
33.70
32.69
31.73
30.81
29.91
29.05
28.21
27.41
26.64
25.89
25.16
24.46
23.78
23.12
22.48
21.87
21.27
20.69
20.13
19.60
19.07
18.56
18.08
17.59
17.13
16.68
16.24
15.82
15.41
15.01
14.62
14.24
13.87
13.51
13.15
12.81
12.47
12.14
11.81
11.49
11.18
10.87
10.57
10.27
9.97
9.67
9.39
9.09
8.81
8.52
8.24
7.95
7.67
7.39
7.11
6.82
6.54
6.25
5.97
5.68
5.39
5.10
4.81
4.52
4.23
3.94
3.64
3.35
3.07
2.79
2.51
2.24
1.98
1.73
1.48
1.26
1.05
0.87
0.72
0.60
0.51
0.48
0.49
0.24
0.39
1.28
3.57
6.08
11.25
14.46
19.79
24.64
28.88
31.74
35.50
40.11
44.81
49.22
53.68
57.95
62.05
65.99
69.73
73.35
76.88
80.33
83.60
86.78
89.88
92.81
95.59
98.23
100.70
103.10
105.30
107.30
109.20
111.00
112.60
114.00
115.30
116.40
117.40
118.30
119.00
119.60
120.00
120.40
120.60
120.80
120.80
120.70
120.50
120.30
120.00
119.70
119.20
118.70
118.10
117.50
116.80
116.10
115.30
114.50
113.50
112.60
111.50
110.30
109.10
107.70
106.20
104.60
102.70
100.80
98.66
96.41
93.97
91.46
88.84
86.10
83.28
80.45
77.53
74.67
71.86
69.11
66.43
63.87
61.37
58.97
56.67
54.49
52.40
50.43
48.53
46.72
45.01
43.40
41.87
40.42
39.04
37.74
36.49
35.31
34.19
33.10
32.08
31.10
30.15
29.24
28.37
27.53
26.74
25.96
25.22
24.49
23.81
23.13
22.49
21.88
21.27
20.69
20.14
19.60
19.08
18.58
18.09
17.62
17.16
16.72
16.28
15.87
15.46
15.06
14.67
14.29
13.92
13.56
13.21
12.85
12.51
12.17
11.84
11.51
11.18
10.87
10.55
10.24
9.93
9.62
9.31
9.01
8.70
8.40
8.09
7.78
7.47
7.17
6.86
6.54
6.23
5.92
5.61
5.29
4.97
4.65
4.33
4.01
3.69
3.38
3.07
2.77
2.47
2.19
1.91
1.63
1.37
1.14
0.93
0.76
0.61
0.51
0.49
0.50
0.23
0.42
1.53
4.06
7.46
11.91
17.23
22.86
27.89
34.12
38.28
42.44
47.37
52.15
56.84
61.81
66.88
71.66
76.35
80.95
85.49
89.97
94.43
98.74
103.00
107.20
111.30
115.20
119.10
122.90
126.50
130.10
133.50
136.80
139.90
142.80
145.80
148.50
151.10
153.50
155.90
158.10
160.20
162.10
163.80
165.40
167.00
168.40
169.50
170.50
171.50
172.20
172.70
173.20
173.50
173.60
173.50
173.30
172.90
172.40
171.80
171.00
169.90
168.80
167.40
165.60
163.70
161.50
159.00
156.20
153.20
149.80
146.10
142.00
137.50
132.80
127.90
122.50
117.00
111.40
105.70
100.20
94.75
89.61
84.67
80.02
75.70
71.72
68.00
64.50
61.29
58.36
55.60
53.06
50.71
48.53
46.51
44.63
42.88
41.24
39.70
38.26
36.91
35.61
34.42
33.26
32.16
31.12
30.13
29.18
28.28
27.43
26.59
25.82
25.07
24.34
23.64
22.99
22.34
21.73
21.14
20.57
20.01
19.48
18.97
18.47
17.99
17.53
17.07
16.63
16.21
15.78
15.37
14.99
14.60
14.21
13.83
13.47
13.11
12.76
12.41
12.06
11.72
11.39
11.05
10.71
10.39
10.06
9.72
9.40
9.07
8.73
8.41
8.08
7.75
7.42
7.08
6.73
6.40
6.05
5.71
5.37
5.03
4.68
4.33
3.99
3.65
3.31
2.98
2.66
2.35
2.04
1.73
1.45
1.21
1.00
0.82
0.67
0.57
0.53
0.52
