SALVI
1
0
24
15.0
181
1.0
240306 Biro F1M6 350
BIRO F1M6 350

BIRO-5050-F1M6.ldt
09 May 2024/TB
180
0
900
160
10
0
0
0
0
84.75
100.00
1.00
0.00
1
1
5050
4527.80
3000
70
36.20
0.12
0.18
0.24
0.31
0.35
0.43
0.48
0.53
0.59
0.62
0.00
15.00
30.00
45.00
60.00
75.00
90.00
105.00
120.00
135.00
150.00
165.00
180.00
195.00
210.00
225.00
240.00
255.00
270.00
285.00
300.00
315.00
330.00
345.00
0.00
1.00
2.00
3.00
4.00
5.00
6.00
7.00
8.00
9.00
10.00
11.00
12.00
13.00
14.00
15.00
16.00
17.00
18.00
19.00
20.00
21.00
22.00
23.00
24.00
25.00
26.00
27.00
28.00
29.00
30.00
31.00
32.00
33.00
34.00
35.00
36.00
37.00
38.00
39.00
40.00
41.00
42.00
43.00
44.00
45.00
46.00
47.00
48.00
49.00
50.00
51.00
52.00
53.00
54.00
55.00
56.00
57.00
58.00
59.00
60.00
61.00
62.00
63.00
64.00
65.00
66.00
67.00
68.00
69.00
70.00
71.00
72.00
73.00
74.00
75.00
76.00
77.00
78.00
79.00
80.00
81.00
82.00
83.00
84.00
85.00
86.00
87.00
88.00
89.00
90.00
91.00
92.00
93.00
94.00
95.00
96.00
97.00
98.00
99.00
100.00
101.00
102.00
103.00
104.00
105.00
106.00
107.00
108.00
109.00
110.00
111.00
112.00
113.00
114.00
115.00
116.00
117.00
118.00
119.00
120.00
121.00
122.00
123.00
124.00
125.00
126.00
127.00
128.00
129.00
130.00
131.00
132.00
133.00
134.00
135.00
136.00
137.00
138.00
139.00
140.00
141.00
142.00
143.00
144.00
145.00
146.00
147.00
148.00
149.00
150.00
151.00
152.00
153.00
154.00
155.00
156.00
157.00
158.00
159.00
160.00
161.00
162.00
163.00
164.00
165.00
166.00
167.00
168.00
169.00
170.00
171.00
172.00
173.00
174.00
175.00
176.00
177.00
178.00
179.00
180.00
0.15
0.34
1.39
3.53
6.50
10.39
15.03
20.25
25.38
30.01
34.29
39.41
44.78
50.22
55.66
61.26
66.68
72.02
77.36
82.57
87.81
92.99
98.17
103.30
108.40
113.50
118.50
123.50
128.50
133.30
138.20
143.00
147.80
152.60
157.40
162.10
166.80
171.50
176.30
180.90
185.60
190.30
194.90
199.50
204.00
208.60
213.00
217.30
221.50
225.50
229.40
233.10
236.60
240.00
243.00
246.00
248.40
250.60
252.40
253.90
254.80
255.00
254.80
253.80
251.90
249.30
245.90
241.60
236.50
230.40
223.50
216.10
207.70
198.90
189.70
180.10
170.50
160.90
151.60
142.20
133.40
125.00
117.00
109.50
102.50
95.96
89.96
84.46
79.35
74.66
70.38
66.46
62.97
59.60
56.63
53.89
51.36
49.04
46.91
44.93
43.12
41.43
39.83
38.36
36.97
35.66
34.42
33.26
32.16
31.11
30.11
29.16
28.26
27.39
26.57
25.79
25.04
24.33
23.63
22.97
22.34
21.72
21.13
20.56
20.01
19.48
18.97
18.48
17.99
17.52
17.07
16.63
16.20
15.78
15.36
14.96
14.56
14.16
13.78
13.41
13.03
12.66
12.30
11.94
11.58
11.23
10.87
10.52
10.16
9.82
9.47
9.12
8.77
8.42
8.07
7.72
7.36
7.00
6.64
6.28
5.92
5.55
5.19
4.83
4.46
4.10
3.74
3.39
3.05
2.73
2.41
2.11
1.82
1.55
1.31
1.09
0.90
0.75
0.67
0.62
0.62
0.20
0.40
1.58
3.93
7.38
12.12
16.96
23.46
28.96
35.03
40.60
46.45
52.41
58.28
64.35
70.81
77.22
83.74
90.23
96.74
103.30
109.90
116.50
123.10
129.90
136.60
143.30
150.10
156.90
163.80
170.70
177.70
184.60
191.60
198.80
205.90
213.00
220.20
227.30
234.40
241.50
248.50
255.30
262.10
268.80
275.10
281.20
287.10
293.00
298.50
303.50
308.10
312.60
316.50
320.00
323.20
325.80
328.00
329.60
330.50
330.80
330.40
329.00
326.80
323.70
319.40
314.10
307.60
300.00
291.20
281.40
270.60
258.90
246.40
233.60
220.20
206.70
193.50
180.30
167.80
155.90
144.50
134.20
123.90
114.90
106.60
99.02
92.23
85.95
80.32
75.30
70.71
66.58
62.86
59.48
56.39
53.60
51.05
48.72
46.58
44.62
42.79
41.10
39.54
38.07
36.69
35.40
34.19
33.02
31.94
30.91
29.93
29.00
28.11
27.27
26.47
25.70
24.96
24.26
23.59
22.94
22.32
21.73
21.15
20.60
20.06
19.54
19.04
18.55
18.08
17.63
17.18
16.75
16.32
15.91
15.50
15.10
14.71
14.33
13.95
13.57
13.21
12.84
12.47
12.11
11.75
11.39
11.03
10.67
10.31
9.96
9.60
9.23
8.87
8.50
8.14
7.78
7.40
7.03
6.66
6.28
5.89
5.52
5.14
4.77
4.40
4.02
3.66
3.29
2.94
2.60
2.28
1.96
1.67
1.41
1.17
0.96
0.79
0.68
0.62
0.61
0.20
0.49
1.90
4.57
8.72
13.47
20.26
25.74
33.06
39.22
45.18
51.66
58.35
65.03
71.88
79.26
86.61
94.23
101.90
109.60
117.40
125.40
133.40
141.50
149.60
157.90
166.30
174.50
182.90
191.30
199.60
207.90
216.10
223.90
231.60
239.20
246.50
253.20
259.80
266.00
271.90
277.20
282.30
287.00
291.50
295.40
299.00
302.00
304.70
306.80
308.60
309.70
310.20
310.30
309.80
308.60
307.00
304.70
301.80
298.20
294.10
289.40
284.00
277.90
271.20
264.00
256.20
247.90
239.20
230.00
220.40
210.80
201.00
191.10
181.40
171.80
162.20
153.20
144.30
135.90
127.80
120.20
113.00
106.20
99.82
93.87
88.30
83.10
78.27
73.86
69.85
66.19
62.66
59.49
56.58
53.90
51.46
49.21
47.13
45.20
43.45
41.80
40.23
38.81
37.45
36.17
34.98
33.83
32.75
31.72
30.75
29.82
28.94
28.10
27.29
26.52
25.79
25.08
24.40
23.75
23.12
22.52
21.94
21.39
20.85
20.33
19.82
19.33
18.85
18.39
17.94
17.50
17.08
16.66
16.24
15.85
15.45
15.06
14.68
14.30
13.92
13.56
13.19
12.82
12.45
12.09
11.73
11.36
11.00
10.64
10.27
9.90
9.54
9.17
8.79
8.42
8.04
7.66
7.27
6.88
6.49
6.10
5.70
5.31
4.92
4.53
4.15
3.77
3.39
3.03
2.68
2.34
2.02
1.72
1.45
1.22
1.01
0.83
0.72
0.64
0.61
0.22
0.47
1.88
4.68
9.06
14.61
20.82
28.04
35.12
42.14
48.83
55.73
63.11
70.35
77.66
85.52
93.65
102.10
110.60
119.10
127.90
136.80
145.80
154.70
163.60
172.50
181.20
189.90
198.20
206.30
214.20
221.60
228.50
235.10
241.00
246.50
251.50
256.00
260.00
263.30
266.30
268.90
270.50
271.80
272.70
272.90
272.50
271.50
270.10
268.10
265.70
262.80
259.40
255.40
251.20
246.50
241.30
236.00
230.30
224.30
218.00
211.60
205.00
198.30
191.50
184.80
178.10
171.40
164.80
158.30
151.90
145.70
139.60
133.70
128.10
122.60
117.20
112.10
107.10
102.30
97.82
93.43
89.17
85.13
81.29
77.57
74.04
70.68
67.48
64.46
61.64
58.95
56.44
54.09
51.86
49.79
47.86
46.06
44.38
42.80
41.30
39.90
38.58
37.33
36.15
35.03
33.96
32.94
31.97
31.05
30.17
29.33
28.53
27.75
27.00
26.29
25.60
24.95
24.32
23.71
23.12
22.55
22.00
21.47
20.95
20.45
19.97
19.50
19.04
18.59
18.15
17.73
17.32
16.90
16.50
16.11
15.71
15.33
14.95
14.57
14.20
13.83
13.47
13.10
12.73
12.37
12.01
11.64
11.27
10.90
10.54
10.17
9.79
9.42
9.04
8.66
8.28
7.89
7.50
7.11
6.70
6.31
5.90
5.51
5.11
4.71
4.31
3.92
3.53
3.16
2.80
2.45
2.10
1.79
1.51
1.25
1.04
0.85
0.72
0.64
0.61
0.24
0.57
2.16
5.17
10.04
16.02
22.24
30.67
38.84
45.92
52.82
59.90
67.07
75.07
82.65
90.91
99.58
108.50
117.40
126.50
135.70
144.70
153.70
162.50
171.20
179.60
187.60
195.20
202.20
208.90
215.00
220.60
225.70
230.20
234.00
237.40
240.20
242.40
244.10
245.20
245.80
245.60
244.90
243.70
242.00
239.90
237.30
234.30
230.90
227.20
223.20
219.10
214.60
210.00
205.20
200.30
195.30
190.20
185.00
179.80
174.70
169.50
164.40
159.20
154.30
149.20
144.30
139.40
134.70
130.00
125.40
120.90
116.50
112.20
108.00
103.90
99.94
96.02
92.30
88.58
85.02
81.57
78.21
75.04
71.95
69.02
66.25
63.56
60.98
58.55
56.25
54.04
51.98
50.02
48.19
46.46
44.82
43.29
41.85
40.48
39.21
37.99
36.83
35.74
34.71
33.70
32.77
31.86
30.99
30.17
29.38
28.60
27.88
27.18
26.49
25.84
25.21
24.60
24.01
23.44
22.90
22.36
21.85
21.34
20.85
20.39
19.92
19.48
19.03
18.60
18.19
17.76
17.36
16.96
16.57
16.18
15.80
15.42
15.05
14.68
14.30
13.94
13.57
13.21
12.84
12.48
12.11
11.75
11.38
11.01
10.63
10.26
9.89
9.51
9.13
8.74
8.35
7.96
7.56
7.16
6.76
6.36
5.95
5.54
5.14
4.74
4.33
3.94
3.55
3.17
2.81
2.46
2.12
1.81
1.53
1.28
1.06
0.88
0.75
0.68
0.62
0.26
0.54
2.08
5.08
10.10
15.75
22.99
30.04
38.64
45.50
51.92
59.17
67.04
74.90
83.08
91.63
100.30
109.30
118.20
127.10
135.90
144.70
153.10
161.20
169.10
176.50
183.50
189.80
195.70
201.10
205.90
210.30
214.00
217.20
220.00
222.30
223.90
225.00
225.70
225.70
225.10
224.10
222.60
220.70
218.40
215.80
212.90
209.70
206.20
202.70
198.90
195.10
191.20
187.10
183.00
178.80
174.60
170.50
166.30
162.10
157.90
153.80
149.60
145.50
141.40
137.40
133.30
129.20
125.10
121.10
117.20
113.30
109.40
105.60
101.90
98.20
94.54
91.04
87.57
84.19
80.89
77.71
74.61
71.60
68.77
65.98
63.35
60.80
58.39
56.08
53.92
51.87
49.92
48.10
46.39
44.77
43.25
41.83
40.48
39.22
38.03
36.90
35.84
34.83
33.85
32.92
32.06
31.22
30.41
29.62
28.87
28.17
27.48
26.81
26.17
25.56
24.96
24.38
23.83
23.29
22.76
22.25
21.75
21.28
20.81
20.35
19.90
19.47
19.04
18.62
18.22
17.81
17.42
17.03
16.64
16.27
15.89
15.52
15.15
14.77
14.40
14.04
13.68
13.32
12.95
12.59
12.23
11.86
11.49
11.13
10.75
10.38
10.00
9.62
9.24
8.85
8.46
8.07
7.67
7.26
6.86
6.45
6.04
5.63
5.23
4.82
4.41
4.02
3.63
3.24
2.87
2.51
2.17
1.84
1.55
1.29
1.07
0.87
0.74
0.66
0.62
0.27
0.60
2.23
5.26
10.43
16.12
23.75
31.50
38.56
47.32
54.70
61.86
69.50
77.59
85.16
93.72
102.40
111.40
120.30
129.00
137.80
146.10
154.10
161.80
169.20
176.00
182.40
188.20
193.60
198.40
202.70
206.60
210.00
212.90
215.20
217.00
218.50
219.20
219.40
219.00
218.10
217.00
215.30
213.20
210.80
208.20
205.30
202.30
199.00
195.50
191.90
188.30
184.70
180.80
177.00
173.20
169.30
165.40
161.50
157.70
153.80
149.90
146.10
142.20
138.20
134.40
130.60
126.80
122.80
119.00
115.10
111.40
107.60
103.90
100.10
96.48
92.92
89.32
85.88
82.59
79.34
76.21
73.10
70.14
67.40
64.67
62.09
59.65
57.28
55.04
52.93
50.95
49.07
47.32
45.65
44.08
42.60
41.24
39.94
38.71
37.57
36.45
35.42
34.43
33.50
32.59
31.74
30.93
30.14
29.38
28.65
27.95
27.29
26.64
26.01
25.42
24.83
24.27
23.72
23.19
22.68
22.17
21.69
21.21
20.76
20.32
19.87
19.44
19.01
18.59
18.19
17.80
17.40
17.02
16.63
16.26
15.88
15.52
15.14
14.78
14.42
14.05
13.68
13.33
12.96
12.60
12.23
11.87
11.51
11.13
10.75
10.38
10.00
9.62
9.24
8.86
8.46
8.06
7.67
7.27
6.86
6.46
6.04
5.63
5.22
4.81
4.41
4.00
3.60
3.21
2.85
2.49
2.15
1.83
1.55
1.29
1.08
0.89
0.76
0.68
0.63
0.26
0.54
2.08
5.08
10.10
15.75
22.99
30.04
38.64
45.50
51.92
59.17
67.04
74.90
83.08
91.63
100.30
109.30
118.20
127.10
135.90
144.70
153.10
161.20
169.10
176.50
183.50
189.80
195.70
201.10
205.90
210.30
214.00
217.20
220.00
222.30
223.90
225.00
225.70
225.70
225.10
224.10
222.60
220.70
218.40
215.80
212.90
209.70
206.20
202.70
198.90
195.10
191.20
187.10
183.00
178.80
174.60
170.50
166.30
162.10
157.90
153.80
149.60
145.50
141.40
137.40
133.30
129.20
125.10
121.10
117.20
113.30
109.40
105.60
101.90
98.20
94.54
91.04
87.57
84.19
80.89
77.71
74.61
71.60
68.77
65.98
63.35
60.80
58.39
56.08
53.92
51.87
49.92
48.10
46.39
44.77
43.25
41.83
40.48
39.22
38.03
36.90
35.84
34.83
33.85
32.92
32.06
31.22
30.41
29.62
28.87
28.17
27.48
26.81
26.17
25.56
24.96
24.38
23.83
23.29
22.76
22.25
21.75
21.28
20.81
20.35
19.90
19.47
19.04
18.62
18.22
17.81
17.42
17.03
16.64
16.27
15.89
15.52
15.15
14.77
14.40
14.04
13.68
13.32
12.95
12.59
12.23
11.86
11.49
11.13
10.75
10.38
10.00
9.62
9.24
8.85
8.46
8.07
7.67
7.26
6.86
6.45
6.04
5.63
5.23
4.82
4.41
4.02
3.63
3.24
2.87
2.51
2.17
1.84
1.55
1.29
1.07
0.87
0.74
0.66
0.62
0.24
0.57
2.16
5.17
10.04
16.02
22.24
30.67
38.84
45.92
52.82
59.90
67.07
75.07
82.65
90.91
99.58
108.50
117.40
126.50
135.70
144.70
153.70
162.50
171.20
179.60
187.60
195.20
202.20
208.90
215.00
220.60
225.70
230.20
234.00
237.40
240.20
242.40
244.10
245.20
245.80
245.60
244.90
243.70
242.00
239.90
237.30
234.30
230.90
227.20
223.20
219.10
214.60
210.00
205.20
200.30
195.30
190.20
185.00
179.80
174.70
169.50
164.40
159.20
154.30
149.20
144.30
139.40
134.70
130.00
125.40
120.90
116.50
112.20
108.00
103.90
99.94
96.02
92.30
88.58
85.02
81.57
78.21
75.04
71.95
69.02
66.25
63.56
60.98
58.55
56.25
54.04
51.98
50.02
48.19
46.46
44.82
43.29
41.85
40.48
39.21
37.99
36.83
35.74
34.71
33.70
32.77
31.86
30.99
30.17
29.38
28.60
27.88
27.18
26.49
25.84
25.21
24.60
24.01
23.44
22.90
22.36
21.85
21.34
20.85
20.39
19.92
19.48
19.03
18.60
18.19
17.76
17.36
16.96
16.57
16.18
15.80
15.42
15.05
14.68
14.30
13.94
13.57
13.21
12.84
12.48
12.11
11.75
11.38
11.01
10.63
10.26
9.89
9.51
9.13
8.74
8.35
7.96
7.56
7.16
6.76
6.36
5.95
5.54
5.14
4.74
4.33
3.94
3.55
3.17
2.81
2.46
2.12
1.81
1.53
1.28
1.06
0.88
0.75
0.68
0.62
0.22
0.47
1.88
4.68
9.06
14.61
20.82
28.04
35.12
42.14
48.83
55.73
63.11
70.35
77.66
85.52
93.65
102.10
110.60
119.10
127.90
136.80
145.80
154.70
163.60
172.50
181.20
189.90
198.20
206.30
214.20
221.60
228.50
235.10
241.00
246.50
251.50
256.00
260.00
263.30
266.30
268.90
270.50
271.80
272.70
272.90
272.50
271.50
270.10
268.10
265.70
262.80
259.40
255.40
251.20
246.50
241.30
236.00
230.30
224.30
218.00
211.60
205.00
198.30
191.50
184.80
178.10
171.40
164.80
158.30
151.90
145.70
139.60
133.70
128.10
122.60
117.20
112.10
107.10
102.30
97.82
93.43
89.17
85.13
81.29
77.57
74.04
70.68
67.48
64.46
61.64
58.95
56.44
54.09
51.86
49.79
47.86
46.06
44.38
42.80
41.30
39.90
38.58
37.33
36.15
35.03
33.96
32.94
31.97
31.05
30.17
29.33
28.53
27.75
27.00
26.29
25.60
24.95
24.32
23.71
23.12
22.55
22.00
21.47
20.95
20.45
19.97
19.50
19.04
18.59
18.15
17.73
17.32
16.90
16.50
16.11
15.71
15.33
14.95
14.57
14.20
13.83
13.47
13.10
12.73
12.37
12.01
11.64
11.27
10.90
10.54
10.17
9.79
9.42
9.04
8.66
8.28
7.89
7.50
7.11
6.70
6.31
5.90
5.51
5.11
4.71
4.31
3.92
3.53
3.16
2.80
2.45
2.10
1.79
1.51
1.25
1.04
0.85
0.72
0.64
0.61
0.20
0.49
1.90
4.57
8.72
13.47
20.26
25.74
33.06
39.22
45.18
51.66
58.35
65.03
71.88
79.26
86.61
94.23
101.90
109.60
117.40
125.40
133.40
141.50
149.60
157.90
166.30
174.50
182.90
191.30
199.60
207.90
216.10
223.90
231.60
239.20
246.50
253.20
259.80
266.00
271.90
277.20
282.30
287.00
291.50
295.40
299.00
302.00
304.70
306.80
308.60
309.70
310.20
310.30
309.80
308.60
307.00
304.70
301.80
298.20
294.10
289.40
284.00
277.90
271.20
264.00
256.20
247.90
239.20
230.00
220.40
210.80
201.00
191.10
181.40
171.80
162.20
153.20
144.30
135.90
127.80
120.20
113.00
106.20
99.82
93.87
88.30
83.10
78.27
73.86
69.85
66.19
62.66
59.49
56.58
53.90
51.46
49.21
47.13
45.20
43.45
41.80
40.23
38.81
37.45
36.17
34.98
33.83
32.75
31.72
30.75
29.82
28.94
28.10
27.29
26.52
25.79
25.08
24.40
23.75
23.12
22.52
21.94
21.39
20.85
20.33
19.82
19.33
18.85
18.39
17.94
17.50
17.08
16.66
16.24
15.85
15.45
15.06
14.68
14.30
13.92
13.56
13.19
12.82
12.45
12.09
11.73
11.36
11.00
10.64
10.27
9.90
9.54
9.17
8.79
8.42
8.04
7.66
7.27
6.88
6.49
6.10
5.70
5.31
4.92
4.53
4.15
3.77
3.39
3.03
2.68
2.34
2.02
1.72
1.45
1.22
1.01
0.83
0.72
0.64
0.61
0.20
0.40
1.58
3.93
7.38
12.12
16.96
23.46
28.96
35.03
40.60
46.45
52.41
58.28
64.35
70.81
77.22
83.74
90.23
96.74
103.30
109.90
116.50
123.10
129.90
136.60
143.30
150.10
156.90
163.80
170.70
177.70
184.60
191.60
198.80
205.90
213.00
220.20
227.30
234.40
241.50
248.50
255.30
262.10
268.80
275.10
281.20
287.10
293.00
298.50
303.50
308.10
312.60
316.50
320.00
323.20
325.80
328.00
329.60
330.50
330.80
330.40
329.00
326.80
323.70
319.40
314.10
307.60
300.00
291.20
281.40
270.60
258.90
246.40
233.60
220.20
206.70
193.50
180.30
167.80
155.90
144.50
134.20
123.90
114.90
106.60
99.02
92.23
85.95
80.32
75.30
70.71
66.58
62.86
59.48
56.39
53.60
51.05
48.72
46.58
44.62
42.79
41.10
39.54
38.07
36.69
35.40
34.19
33.02
31.94
30.91
29.93
29.00
28.11
27.27
26.47
25.70
24.96
24.26
23.59
22.94
22.32
21.73
21.15
20.60
20.06
19.54
19.04
18.55
18.08
17.63
17.18
16.75
16.32
15.91
15.50
15.10
14.71
14.33
13.95
13.57
13.21
12.84
12.47
12.11
11.75
11.39
11.03
10.67
10.31
9.96
9.60
9.23
8.87
8.50
8.14
7.78
7.40
7.03
6.66
6.28
5.89
5.52
5.14
4.77
4.40
4.02
3.66
3.29
2.94
2.60
2.28
1.96
1.67
1.41
1.17
0.96
0.79
0.68
0.62
0.61
0.15
0.34
1.39
3.53
6.50
10.39
15.03
20.25
25.38
30.01
34.29
39.41
44.78
50.22
55.66
61.26
66.68
72.02
77.36
82.57
87.81
92.99
98.17
103.30
108.40
113.50
118.50
123.50
128.50
133.30
138.20
143.00
147.80
152.60
157.40
162.10
166.80
171.50
176.30
180.90
185.60
190.30
194.90
199.50
204.00
208.60
213.00
217.30
221.50
225.50
229.40
233.10
236.60
240.00
243.00
246.00
248.40
250.60
252.40
253.90
254.80
255.00
254.80
253.80
251.90
249.30
245.90
241.60
236.50
230.40
223.50
216.10
207.70
198.90
189.70
180.10
170.50
160.90
151.60
142.20
133.40
125.00
117.00
109.50
102.50
95.96
89.96
84.46
79.35
74.66
70.38
66.46
62.97
59.60
56.63
53.89
51.36
49.04
46.91
44.93
43.12
41.43
39.83
38.36
36.97
35.66
34.42
33.26
32.16
31.11
30.11
29.16
28.26
27.39
26.57
25.79
25.04
24.33
23.63
22.97
22.34
21.72
21.13
20.56
20.01
19.48
18.97
18.48
17.99
17.52
17.07
16.63
16.20
15.78
15.36
14.96
14.56
14.16
13.78
13.41
13.03
12.66
12.30
11.94
11.58
11.23
10.87
10.52
10.16
9.82
9.47
9.12
8.77
8.42
8.07
7.72
7.36
7.00
6.64
6.28
5.92
5.55
5.19
4.83
4.46
4.10
3.74
3.39
3.05
2.73
2.41
2.11
1.82
1.55
1.31
1.09
0.90
0.75
0.67
0.62
0.62
0.20
0.36
1.24
3.04
5.47
8.88
12.62
16.58
20.38
24.71
28.37
32.82
37.68
42.62
47.26
51.86
56.37
60.64
64.82
68.87
72.85
76.73
80.52
84.20
87.81
91.34
94.74
98.10
101.40
104.50
107.60
110.60
113.40
116.20
119.00
121.70
124.20
126.60
129.00
131.30
133.50
135.60
137.70
139.60
141.50
143.30
145.00
146.60
148.10
149.40
150.60
151.60
152.50
153.20
153.70
154.10
154.30
154.30
153.90
153.50
152.70
151.70
150.50
149.00
147.30
145.20
142.90
140.50
137.80
135.00
131.90
128.70
125.40
121.90
118.20
114.60
110.90
107.10
103.30
99.54
95.77
92.08
88.33
84.68
81.05
77.50
74.09
70.75
67.55
64.48
61.53
58.73
56.06
53.53
51.18
48.98
46.91
45.01
43.22
41.55
40.01
38.56
37.19
35.90
34.69
33.53
32.44
31.40
30.41
29.46
28.55
27.69
26.86
26.07
25.31
24.58
23.88
23.20
22.56
21.93
21.33
20.74
20.18
19.64
19.11
18.61
18.11
17.64
17.16
16.71
16.27
15.84
15.42
15.01
14.60
14.21
13.81
13.44
13.07
12.70
12.34
11.98
11.63
11.29
10.94
10.59
10.25
9.91
9.58
9.24
8.90
8.57
8.24
7.90
7.57
7.23
6.90
6.55
6.22
5.88
5.54
5.20
4.87
4.53
4.18
3.84
3.50
3.17
2.85
2.53
2.23
1.94
1.68
1.44
1.22
1.02
0.85
0.72
0.65
0.61
0.61
0.20
0.31
1.00
2.53
4.39
7.44
10.15
13.43
16.64
19.80
23.14
27.09
31.65
36.01
40.16
44.20
48.02
51.61
55.05
58.31
61.45
64.51
67.47
70.30
73.03
75.66
78.18
80.60
82.95
85.17
87.31
89.36
91.29
93.12
94.91
96.57
98.14
99.61
101.00
102.30
103.50
104.70
105.70
106.70
107.60
108.40
109.10
109.70
110.30
110.70
111.00
111.20
111.30
111.30
111.20
110.90
110.50
110.00
109.30
108.60
107.70
106.70
105.70
104.60
103.40
102.20
100.90
99.58
98.27
96.94
95.60
94.27
92.88
91.51
90.12
88.66
87.13
85.55
83.92
82.21
80.40
78.54
76.56
74.43
72.24
69.91
67.52
65.07
62.61
60.12
57.60
55.14
52.71
50.38
48.17
46.09
44.14
42.33
40.64
39.08
37.64
36.28
35.01
33.82
32.70
31.63
30.64
29.67
28.76
27.89
27.04
26.25
25.47
24.74
24.03
23.34
22.68
22.05
21.43
20.84
20.27
19.71
19.17
18.66
18.15
17.66
17.18
16.73
16.27
15.84
15.41
14.99
14.59
14.20
13.81
13.43
13.04
12.67
12.31
11.96
11.62
11.27
10.93
10.59
10.26
9.93
9.60
9.28
8.96
8.64
8.32
8.00
7.69
7.37
7.05
6.74
6.42
6.10
5.79
5.47
5.15
4.85
4.54
4.22
3.90
3.58
3.27
2.97
2.68
2.39
2.11
1.85
1.59
1.36
1.15
0.97
0.80
0.68
0.61
0.60
0.60
0.22
0.35
0.98
2.34
3.94
6.51
9.00
11.62
14.38
17.16
20.07
23.86
28.10
32.09
35.87
39.45
42.86
46.03
49.07
51.91
54.64
57.28
59.83
62.26
64.61
66.90
69.06
71.15
73.14
75.09
76.92
78.68
80.38
81.97
83.49
84.94
86.29
87.58
88.78
89.92
90.96
91.97
92.90
93.73
94.50
95.20
95.82
96.37
96.83
97.20
97.47
97.68
97.78
97.79
97.68
97.47
97.16
96.74
96.25
95.69
95.05
94.36
93.62
92.85
92.05
91.23
90.41
89.56
88.70
87.90
87.05
86.20
85.33
84.45
83.57
82.62
81.64
80.53
79.39
78.17
76.84
75.40
73.85
72.15
70.27
68.27
66.14
63.90
61.60
59.21
56.77
54.29
51.82
49.41
47.12
44.93
42.89
41.00
39.26
37.65
36.15
34.78
33.51
32.32
31.23
30.17
29.19
28.27
27.38
26.53
25.73
24.96
24.21
23.50
22.82
22.16
21.53
20.92
20.33
19.75
19.20
18.66
18.15
17.65
17.16
16.69
16.23
15.78
15.35
14.92
14.51
14.10
13.72
13.33
12.96
12.58
12.22
11.87
11.52
11.19
10.85
10.52
10.20
9.88
9.56
9.25
8.93
8.63
8.32
8.02
7.72
7.41
7.11
6.82
6.52
6.22
5.92
5.62
5.32
5.03
4.74
4.45
4.16
3.86
3.57
3.29
3.01
2.74
2.47
2.21
1.96
1.72
1.50
1.29
1.10
0.93
0.78
0.67
0.62
0.60
0.61
0.24
0.33
0.86
2.05
3.50
5.57
7.85
10.27
12.61
15.36
18.06
21.55
25.66
29.50
33.00
36.34
39.49
42.47
45.30
47.97
50.53
53.03
55.45
57.75
60.00
62.16
64.27
66.28
68.26
70.15
71.94
73.68
75.34
76.93
78.41
79.85
81.20
82.49
83.69
84.82
85.87
86.87
87.79
88.62
89.37
90.06
90.64
91.18
91.63
91.99
92.26
92.46
92.59
92.65
92.63
92.51
92.33
92.10
91.79
91.44
91.08
90.65
90.21
89.72
89.23
88.69
88.15
87.62
87.03
86.40
85.80
85.14
84.46
83.73
82.96
82.11
81.22
80.21
79.14
77.98
76.70
75.34
73.86
72.24
70.49
68.58
66.52
64.37
62.13
59.80
57.40
54.91
52.39
49.86
47.43
45.11
42.94
40.88
38.99
37.26
35.68
34.21
32.86
31.63
30.49
29.41
28.41
27.47
26.58
25.73
24.92
24.14
23.40
22.70
22.02
21.37
20.74
20.14
19.55
18.98
18.44
17.91
17.40
16.90
16.43
15.96
15.51
15.07
14.65
14.24
13.83
13.44
13.06
12.69
12.32
11.96
11.60
11.27
10.93
10.60
10.28
9.96
9.65
9.34
9.04
8.74
8.44
8.15
7.85
7.56
7.27
6.99
6.71
6.43
6.14
5.86
5.58
5.30
5.01
4.73
4.45
4.18
3.90
3.63
3.36
3.10
2.83
2.57
2.32
2.08
1.85
1.63
1.42
1.23
1.06
0.90
0.76
0.65
0.59
0.60
0.62
0.26
0.37
0.89
2.03
3.36
5.35
7.39
9.72
12.02
14.44
17.21
20.72
24.79
28.62
32.07
35.28
38.33
41.18
43.91
46.52
49.02
51.44
53.79
56.06
58.25
60.39
62.46
64.45
66.38
68.24
70.01
71.73
73.38
74.92
76.42
77.85
79.18
80.44
81.63
82.76
83.75
84.72
85.58
86.37
87.06
87.70
88.23
88.73
89.12
89.44
89.68
89.87
90.00
90.06
90.04
90.01
89.89
89.74
89.55
89.33
89.08
88.79
88.53
88.18
87.84
87.46
87.03
86.57
86.06
85.53
84.96
84.34
83.70
82.96
82.14
81.29
80.34
79.26
78.14
76.96
75.67
74.30
72.81
71.21
69.51
67.67
65.72
63.71
61.57
59.36
57.07
54.66
52.18
49.65
47.24
44.91
42.67
40.60
38.66
36.88
35.24
33.73
32.37
31.10
29.94
28.85
27.84
26.90
25.99
25.14
24.33
23.56
22.82
22.12
21.44
20.79
20.17
19.57
18.98
18.42
17.89
17.36
16.86
16.37
15.89
15.44
14.98
14.56
14.14
13.73
13.33
12.94
12.56
12.19
11.84
11.49
11.14
10.81
10.48
10.16
9.84
9.53
9.23
8.93
8.63
8.34
8.05
7.77
7.49
7.21
6.93
6.65
6.38
6.11
5.84
5.57
5.30
5.03
4.75
4.48
4.21
3.95
3.69
3.42
3.16
2.91
2.66
2.41
2.18
1.95
1.74
1.54
1.35
1.17
1.01
0.87
0.75
0.66
0.61
0.59
0.61
0.27
0.35
0.84
1.95
3.25
5.21
7.02
9.40
11.64
14.06
16.73
20.22
24.32
28.21
31.64
34.82
37.75
40.55
43.25
45.82
48.30
50.72
53.08
55.34
57.55
59.70
61.77
63.74
65.70
67.56
69.35
71.07
72.71
74.28
75.80
77.21
78.55
79.81
80.98
82.10
83.09
84.07
84.91
85.71
86.40
87.02
87.52
88.04
88.43
88.74
89.01
89.21
89.35
89.44
89.45
89.46
89.36
89.27
89.12
88.93
88.70
88.46
88.19
87.90
87.56
87.17
86.72
86.27
85.74
85.21
84.60
83.94
83.19
82.44
81.60
80.71
79.74
78.71
77.58
76.36
75.05
73.66
72.21
70.62
68.93
67.10
65.23
63.21
61.18
59.02
56.78
54.41
51.99
49.53
47.14
44.81
42.61
40.52
38.59
36.81
35.16
33.65
32.25
30.99
29.82
28.71
27.69
26.75
25.84
24.99
24.19
23.41
22.67
21.97
21.29
20.64
20.01
19.42
18.84
18.27
17.73
17.21
16.70
16.22
15.74
15.29
14.84
14.41
14.00
13.58
13.20
12.81
12.43
12.07
11.71
11.36
11.02
10.68
10.35
10.04
9.72
9.42
9.12
8.82
8.53
8.23
7.95
7.67
7.38
7.11
6.83
6.55
6.28
6.01
5.74
5.47
5.21
4.94
4.67
4.41
4.15
3.90
3.65
3.38
3.12
2.88
2.63
2.40
2.16
1.93
1.72
1.51
1.31
1.12
0.97
0.84
0.73
0.65
0.60
0.60
0.62
0.26
0.37
0.89
2.03
3.36
5.35
7.39
9.72
12.02
14.44
17.21
20.72
24.79
28.62
32.07
35.28
38.33
41.18
43.91
46.52
49.02
51.44
53.79
56.06
58.25
60.39
62.46
64.45
66.38
68.24
70.01
71.73
73.38
74.92
76.42
77.85
79.18
80.44
81.63
82.76
83.75
84.72
85.58
86.37
87.06
87.70
88.23
88.73
89.12
89.44
89.68
89.87
90.00
90.06
90.04
90.01
89.89
89.74
89.55
89.33
89.08
88.79
88.53
88.18
87.84
87.46
87.03
86.57
86.06
85.53
84.96
84.34
83.70
82.96
82.14
81.29
80.34
79.26
78.14
76.96
75.67
74.30
72.81
71.21
69.51
67.67
65.72
63.71
61.57
59.36
57.07
54.66
52.18
49.65
47.24
44.91
42.67
40.60
38.66
36.88
35.24
33.73
32.37
31.10
29.94
28.85
27.84
26.90
25.99
25.14
24.33
23.56
22.82
22.12
21.44
20.79
20.17
19.57
18.98
18.42
17.89
17.36
16.86
16.37
15.89
15.44
14.98
14.56
14.14
13.73
13.33
12.94
12.56
12.19
11.84
11.49
11.14
10.81
10.48
10.16
9.84
9.53
9.23
8.93
8.63
8.34
8.05
7.77
7.49
7.21
6.93
6.65
6.38
6.11
5.84
5.57
5.30
5.03
4.75
4.48
4.21
3.95
3.69
3.42
3.16
2.91
2.66
2.41
2.18
1.95
1.74
1.54
1.35
1.17
1.01
0.87
0.75
0.66
0.61
0.59
0.61
0.24
0.33
0.86
2.05
3.50
5.57
7.85
10.27
12.61
15.36
18.06
21.55
25.66
29.50
33.00
36.34
39.49
42.47
45.30
47.97
50.53
53.03
55.45
57.75
60.00
62.16
64.27
66.28
68.26
70.15
71.94
73.68
75.34
76.93
78.41
79.85
81.20
82.49
83.69
84.82
85.87
86.87
87.79
88.62
89.37
90.06
90.64
91.18
91.63
91.99
92.26
92.46
92.59
92.65
92.63
92.51
92.33
92.10
91.79
91.44
91.08
90.65
90.21
89.72
89.23
88.69
88.15
87.62
87.03
86.40
85.80
85.14
84.46
83.73
82.96
82.11
81.22
80.21
79.14
77.98
76.70
75.34
73.86
72.24
70.49
68.58
66.52
64.37
62.13
59.80
57.40
54.91
52.39
49.86
47.43
45.11
42.94
40.88
38.99
37.26
35.68
34.21
32.86
31.63
30.49
29.41
28.41
27.47
26.58
25.73
24.92
24.14
23.40
22.70
22.02
21.37
20.74
20.14
19.55
18.98
18.44
17.91
17.40
16.90
16.43
15.96
15.51
15.07
14.65
14.24
13.83
13.44
13.06
12.69
12.32
11.96
11.60
11.27
10.93
10.60
10.28
9.96
9.65
9.34
9.04
8.74
8.44
8.15
7.85
7.56
7.27
6.99
6.71
6.43
6.14
5.86
5.58
5.30
5.01
4.73
4.45
4.18
3.90
3.63
3.36
3.10
2.83
2.57
2.32
2.08
1.85
1.63
1.42
1.23
1.06
0.90
0.76
0.65
0.59
0.60
0.62
0.22
0.35
0.98
2.34
3.94
6.51
9.00
11.62
14.38
17.16
20.07
23.86
28.10
32.09
35.87
39.45
42.86
46.03
49.07
51.91
54.64
57.28
59.83
62.26
64.61
66.90
69.06
71.15
73.14
75.09
76.92
78.68
80.38
81.97
83.49
84.94
86.29
87.58
88.78
89.92
90.96
91.97
92.90
93.73
94.50
95.20
95.82
96.37
96.83
97.20
97.47
97.68
97.78
97.79
97.68
97.47
97.16
96.74
96.25
95.69
95.05
94.36
93.62
92.85
92.05
91.23
90.41
89.56
88.70
87.90
87.05
86.20
85.33
84.45
83.57
82.62
81.64
80.53
79.39
78.17
76.84
75.40
73.85
72.15
70.27
68.27
66.14
63.90
61.60
59.21
56.77
54.29
51.82
49.41
47.12
44.93
42.89
41.00
39.26
37.65
36.15
34.78
33.51
32.32
31.23
30.17
29.19
28.27
27.38
26.53
25.73
24.96
24.21
23.50
22.82
22.16
21.53
20.92
20.33
19.75
19.20
18.66
18.15
17.65
17.16
16.69
16.23
15.78
15.35
14.92
14.51
14.10
13.72
13.33
12.96
12.58
12.22
11.87
11.52
11.19
10.85
10.52
10.20
9.88
9.56
9.25
8.93
8.63
8.32
8.02
7.72
7.41
7.11
6.82
6.52
6.22
5.92
5.62
5.32
5.03
4.74
4.45
4.16
3.86
3.57
3.29
3.01
2.74
2.47
2.21
1.96
1.72
1.50
1.29
1.10
0.93
0.78
0.67
0.62
0.60
0.61
0.20
0.31
1.00
2.53
4.39
7.44
10.15
13.43
16.64
19.80
23.14
27.09
31.65
36.01
40.16
44.20
48.02
51.61
55.05
58.31
61.45
64.51
67.47
70.30
73.03
75.66
78.18
80.60
82.95
85.17
87.31
89.36
91.29
93.12
94.91
96.57
98.14
99.61
101.00
102.30
103.50
104.70
105.70
106.70
107.60
108.40
109.10
109.70
110.30
110.70
111.00
111.20
111.30
111.30
111.20
110.90
110.50
110.00
109.30
108.60
107.70
106.70
105.70
104.60
103.40
102.20
100.90
99.58
98.27
96.94
95.60
94.27
92.88
91.51
90.12
88.66
87.13
85.55
83.92
82.21
80.40
78.54
76.56
74.43
72.24
69.91
67.52
65.07
62.61
60.12
57.60
55.14
52.71
50.38
48.17
46.09
44.14
42.33
40.64
39.08
37.64
36.28
35.01
33.82
32.70
31.63
30.64
29.67
28.76
27.89
27.04
26.25
25.47
24.74
24.03
23.34
22.68
22.05
21.43
20.84
20.27
19.71
19.17
18.66
18.15
17.66
17.18
16.73
16.27
15.84
15.41
14.99
14.59
14.20
13.81
13.43
13.04
12.67
12.31
11.96
11.62
11.27
10.93
10.59
10.26
9.93
9.60
9.28
8.96
8.64
8.32
8.00
7.69
7.37
7.05
6.74
6.42
6.10
5.79
5.47
5.15
4.85
4.54
4.22
3.90
3.58
3.27
2.97
2.68
2.39
2.11
1.85
1.59
1.36
1.15
0.97
0.80
0.68
0.61
0.60
0.60
0.20
0.36
1.24
3.04
5.47
8.88
12.62
16.58
20.38
24.71
28.37
32.82
37.68
42.62
47.26
51.86
56.37
60.64
64.82
68.87
72.85
76.73
80.52
84.20
87.81
91.34
94.74
98.10
101.40
104.50
107.60
110.60
113.40
116.20
119.00
121.70
124.20
126.60
129.00
131.30
133.50
135.60
137.70
139.60
141.50
143.30
145.00
146.60
148.10
149.40
150.60
151.60
152.50
153.20
153.70
154.10
154.30
154.30
153.90
153.50
152.70
151.70
150.50
149.00
147.30
145.20
142.90
140.50
137.80
135.00
131.90
128.70
125.40
121.90
118.20
114.60
110.90
107.10
103.30
99.54
95.77
92.08
88.33
84.68
81.05
77.50
74.09
70.75
67.55
64.48
61.53
58.73
56.06
53.53
51.18
48.98
46.91
45.01
43.22
41.55
40.01
38.56
37.19
35.90
34.69
33.53
32.44
31.40
30.41
29.46
28.55
27.69
26.86
26.07
25.31
24.58
23.88
23.20
22.56
21.93
21.33
20.74
20.18
19.64
19.11
18.61
18.11
17.64
17.16
16.71
16.27
15.84
15.42
15.01
14.60
14.21
13.81
13.44
13.07
12.70
12.34
11.98
11.63
11.29
10.94
10.59
10.25
9.91
9.58
9.24
8.90
8.57
8.24
7.90
7.57
7.23
6.90
6.55
6.22
5.88
5.54
5.20
4.87
4.53
4.18
3.84
3.50
3.17
2.85
2.53
2.23
1.94
1.68
1.44
1.22
1.02
0.85
0.72
0.65
0.61
0.61
