SALVI
1
0
24
15.0
181
1.0
240306 Biro F2M2  200mA
BIRO 5050 F2M2  200mA

BIRO-5050-F2M2.ldt
14 Mar 2024/TB
180
0
900
160
10
0
0
0
0
85.04
100.00
1.00
0.00
1
1
5050
1381.00
3000
70
11.50
0.11
0.17
0.23
0.29
0.34
0.42
0.47
0.52
0.58
0.62
0.00
15.00
30.00
45.00
60.00
75.00
90.00
105.00
120.00
135.00
150.00
165.00
180.00
195.00
210.00
225.00
240.00
255.00
270.00
285.00
300.00
315.00
330.00
345.00
0.00
1.00
2.00
3.00
4.00
5.00
6.00
7.00
8.00
9.00
10.00
11.00
12.00
13.00
14.00
15.00
16.00
17.00
18.00
19.00
20.00
21.00
22.00
23.00
24.00
25.00
26.00
27.00
28.00
29.00
30.00
31.00
32.00
33.00
34.00
35.00
36.00
37.00
38.00
39.00
40.00
41.00
42.00
43.00
44.00
45.00
46.00
47.00
48.00
49.00
50.00
51.00
52.00
53.00
54.00
55.00
56.00
57.00
58.00
59.00
60.00
61.00
62.00
63.00
64.00
65.00
66.00
67.00
68.00
69.00
70.00
71.00
72.00
73.00
74.00
75.00
76.00
77.00
78.00
79.00
80.00
81.00
82.00
83.00
84.00
85.00
86.00
87.00
88.00
89.00
90.00
91.00
92.00
93.00
94.00
95.00
96.00
97.00
98.00
99.00
100.00
101.00
102.00
103.00
104.00
105.00
106.00
107.00
108.00
109.00
110.00
111.00
112.00
113.00
114.00
115.00
116.00
117.00
118.00
119.00
120.00
121.00
122.00
123.00
124.00
125.00
126.00
127.00
128.00
129.00
130.00
131.00
132.00
133.00
134.00
135.00
136.00
137.00
138.00
139.00
140.00
141.00
142.00
143.00
144.00
145.00
146.00
147.00
148.00
149.00
150.00
151.00
152.00
153.00
154.00
155.00
156.00
157.00
158.00
159.00
160.00
161.00
162.00
163.00
164.00
165.00
166.00
167.00
168.00
169.00
170.00
171.00
172.00
173.00
174.00
175.00
176.00
177.00
178.00
179.00
180.00
0.11
0.32
1.46
3.88
7.12
12.16
17.22
22.96
28.79
33.23
37.45
42.30
47.92
53.10
58.44
63.86
69.18
74.50
79.77
85.04
90.19
95.27
100.40
105.40
110.50
115.30
120.00
124.80
129.40
134.00
138.40
142.90
147.20
151.50
155.60
159.80
163.90
167.70
171.70
175.60
179.30
183.10
186.70
190.30
193.70
197.20
200.50
203.80
207.00
210.00
213.10
216.10
218.90
221.60
224.10
226.50
228.70
230.90
232.70
234.10
235.50
236.40
237.00
237.10
236.70
236.20
235.10
233.60
231.50
228.90
225.70
221.80
217.30
212.00
205.80
199.00
191.40
183.00
173.90
164.50
154.90
145.10
135.30
125.80
116.70
108.10
100.20
92.91
86.28
80.25
74.95
70.13
65.82
61.98
58.54
55.44
52.68
50.12
47.83
45.71
43.78
41.98
40.30
38.76
37.31
35.93
34.66
33.44
32.29
31.21
30.20
29.22
28.30
27.42
26.57
25.77
25.02
24.29
23.58
22.91
22.27
21.63
21.05
20.49
19.91
19.38
18.88
18.37
17.90
17.42
16.97
16.52
16.09
15.66
15.25
14.84
14.45
14.07
13.69
13.31
12.94
12.58
12.22
11.86
11.51
11.15
10.80
10.45
10.10
9.76
9.42
9.08
8.73
8.37
8.02
7.68
7.32
6.96
6.60
6.24
5.88
5.53
5.16
4.80
4.44
4.08
3.73
3.38
3.03
2.70
2.38
2.07
1.77
1.49
1.23
0.99
0.77
0.60
0.49
0.47
0.46
0.16
0.35
1.57
4.05
7.83
12.93
17.82
23.78
30.30
35.39
39.85
44.84
49.92
55.66
61.04
66.67
72.17
77.69
83.14
88.53
93.97
99.38
104.70
109.80
115.00
120.10
125.10
130.10
134.90
139.70
144.50
149.10
153.70
158.30
162.60
167.10
171.50
175.80
180.00
184.20
188.30
192.40
196.40
200.50
204.40
208.40
212.10
215.90
219.60
223.40
227.00
230.60
234.10
237.50
240.80
244.10
247.00
249.90
252.50
254.70
256.80
258.40
259.90
260.90
261.50
261.50
261.10
259.80
258.00
255.40
252.20
247.90
242.70
236.30
229.00
220.50
211.10
201.00
190.00
178.70
167.00
155.20
143.60
132.50
122.20
112.30
103.50
95.54
88.23
81.86
76.18
71.17
66.73
62.79
59.29
56.13
53.27
50.73
48.40
46.28
44.31
42.47
40.82
39.21
37.76
36.37
35.10
33.87
32.70
31.61
30.59
29.59
28.65
27.77
26.94
26.13
25.37
24.62
23.90
23.27
22.61
21.96
21.37
20.79
20.23
19.70
19.18
18.70
18.19
17.71
17.26
16.81
16.38
15.95
15.53
15.12
14.73
14.34
13.94
13.56
13.19
12.82
12.46
12.09
11.73
11.38
11.02
10.66
10.30
9.96
9.60
9.26
8.91
8.54
8.19
7.83
7.47
7.10
6.73
6.36
6.00
5.63
5.26
4.89
4.52
4.16
3.79
3.43
3.08
2.73
2.40
2.08
1.77
1.48
1.21
0.97
0.76
0.60
0.49
0.47
0.47
0.16
0.38
1.66
4.38
8.08
13.02
19.11
25.02
31.61
36.53
41.38
46.17
51.65
57.26
62.47
68.26
73.79
79.52
85.16
90.65
96.13
101.50
106.90
112.10
117.40
122.60
127.70
132.70
137.60
142.40
147.10
151.90
156.40
160.90
165.30
169.80
174.10
178.40
182.60
186.50
190.60
194.60
198.50
202.20
206.00
209.60
213.20
216.70
220.10
223.30
226.50
229.50
232.50
235.30
237.80
240.20
242.20
244.10
245.60
246.70
247.50
247.80
247.60
246.90
245.90
244.20
242.00
238.90
235.40
231.00
225.80
219.70
212.90
205.30
197.10
188.10
178.70
168.70
158.40
148.30
138.20
128.50
119.20
110.50
102.50
95.25
88.60
82.69
77.39
72.56
68.35
64.57
61.15
58.07
55.24
52.71
50.35
48.20
46.18
44.35
42.65
40.99
39.50
38.09
36.75
35.49
34.32
33.18
32.11
31.10
30.14
29.19
28.32
27.49
26.69
25.93
25.19
24.48
23.83
23.17
22.55
21.96
21.36
20.80
20.27
19.74
19.23
18.74
18.27
17.81
17.35
16.91
16.50
16.07
15.67
15.27
14.87
14.48
14.10
13.72
13.35
12.99
12.62
12.26
11.90
11.54
11.18
10.82
10.46
10.11
9.76
9.41
9.05
8.69
8.33
7.97
7.59
7.22
6.86
6.48
6.11
5.73
5.35
4.98
4.61
4.23
3.86
3.50
3.14
2.79
2.46
2.14
1.84
1.55
1.28
1.05
0.84
0.67
0.56
0.51
0.48
0.18
0.33
1.53
4.20
7.80
12.94
18.80
24.25
31.05
37.04
41.38
46.34
51.43
56.79
62.42
68.10
73.92
79.74
85.38
91.02
96.64
102.10
107.70
113.10
118.50
123.80
128.90
134.00
139.00
144.00
148.80
153.60
158.10
162.80
167.20
171.60
175.90
180.00
184.20
187.90
191.80
195.40
199.00
202.50
205.60
208.60
211.60
214.20
216.70
218.90
220.80
222.50
224.00
224.90
225.70
226.10
226.10
225.50
224.70
223.40
221.70
219.50
216.90
213.70
210.10
206.10
201.50
196.60
191.30
185.50
179.50
173.00
166.20
159.10
151.90
144.40
136.80
129.30
122.00
114.80
107.80
101.30
95.21
89.55
84.37
79.54
75.19
71.19
67.49
64.13
61.10
58.30
55.73
53.30
51.06
48.99
47.08
45.31
43.62
42.05
40.57
39.14
37.83
36.58
35.40
34.27
33.21
32.17
31.24
30.30
29.41
28.55
27.75
26.98
26.22
25.51
24.81
24.15
23.52
22.91
22.30
21.74
21.18
20.65
20.14
19.64
19.13
18.66
18.19
17.75
17.31
16.88
16.47
16.05
15.65
15.26
14.87
14.48
14.11
13.73
13.37
13.00
12.65
12.28
11.92
11.57
11.20
10.85
10.49
10.14
9.78
9.44
9.08
8.72
8.36
7.99
7.62
7.26
6.88
6.51
6.13
5.76
5.38
5.01
4.64
4.25
3.87
3.51
3.16
2.80
2.45
2.13
1.81
1.51
1.24
1.00
0.80
0.63
0.51
0.46
0.46
0.19
0.36
1.64
4.53
8.57
13.40
19.61
26.65
32.80
38.84
43.53
47.46
52.86
58.44
63.72
69.37
75.22
81.06
86.87
92.52
98.17
103.80
109.20
114.70
120.10
125.40
130.60
135.70
140.80
145.70
150.60
155.40
160.00
164.50
168.90
173.20
177.30
181.30
185.00
188.70
192.10
195.40
198.20
201.10
203.60
205.70
207.60
209.30
210.50
211.50
212.10
212.30
212.20
211.60
210.60
209.20
207.40
205.20
202.50
199.40
195.90
192.10
188.10
183.70
179.10
174.30
169.30
164.10
158.80
153.50
147.70
142.10
136.50
130.70
125.00
119.20
113.50
107.90
102.50
97.28
92.24
87.51
83.01
78.77
74.81
71.17
67.72
64.60
61.66
58.92
56.39
54.04
51.83
49.76
47.84
46.03
44.37
42.81
41.36
39.94
38.62
37.41
36.22
35.11
34.02
33.01
32.03
31.13
30.21
29.37
28.56
27.77
27.03
26.30
25.61
24.93
24.31
23.67
23.09
22.50
21.95
21.41
20.88
20.37
19.88
19.40
18.93
18.47
18.03
17.60
17.16
16.76
16.36
15.96
15.56
15.18
14.80
14.43
14.05
13.69
13.33
12.96
12.62
12.26
11.91
11.55
11.21
10.83
10.49
10.14
9.79
9.44
9.09
8.72
8.37
8.00
7.64
7.27
6.91
6.53
6.14
5.77
5.39
5.01
4.63
4.27
3.89
3.52
3.16
2.80
2.47
2.15
1.84
1.55
1.28
1.04
0.84
0.68
0.56
0.50
0.47
0.20
0.33
1.51
4.12
7.90
13.52
18.75
25.43
31.70
36.42
41.14
46.09
51.33
56.27
62.01
68.05
73.90
79.82
85.71
91.41
97.13
102.80
108.30
113.80
119.20
124.50
129.60
134.70
139.70
144.50
149.20
153.70
158.20
162.50
166.50
170.50
174.20
177.70
181.00
184.10
187.00
189.60
191.80
193.90
195.60
197.00
198.10
198.90
199.20
199.20
198.90
198.20
197.10
195.60
193.80
191.60
189.00
186.10
182.90
179.40
175.70
171.90
167.70
163.50
159.30
154.90
150.30
145.80
141.20
136.60
131.90
127.20
122.50
117.80
113.10
108.40
103.80
99.30
94.81
90.44
86.30
82.19
78.29
74.56
71.09
67.74
64.67
61.77
59.06
56.52
54.17
51.99
49.94
48.04
46.24
44.57
42.99
41.53
40.12
38.84
37.63
36.45
35.33
34.27
33.28
32.30
31.39
30.52
29.67
28.86
28.08
27.35
26.63
25.95
25.27
24.61
24.01
23.39
22.82
22.27
21.74
21.19
20.68
20.20
19.70
19.23
18.78
18.33
17.89
17.47
17.05
16.66
16.26
15.87
15.47
15.09
14.71
14.35
13.98
13.61
13.26
12.91
12.56
12.20
11.85
11.50
11.15
10.80
10.45
10.10
9.75
9.41
9.05
8.69
8.33
7.97
7.61
7.25
6.88
6.50
6.12
5.75
5.37
4.99
4.61
4.24
3.86
3.49
3.13
2.78
2.43
2.11
1.79
1.49
1.22
0.98
0.78
0.62
0.48
0.44
0.44
0.20
0.36
1.62
4.33
8.34
13.16
19.65
25.07
31.20
38.25
42.57
47.28
52.32
58.51
63.34
68.74
74.74
80.54
86.36
92.05
97.80
103.50
108.90
114.40
119.80
125.10
130.10
135.30
140.20
145.10
149.90
154.40
158.80
163.00
167.00
170.80
174.50
177.90
181.00
183.80
186.40
188.70
190.60
192.30
193.70
194.70
195.40
195.70
195.60
195.20
194.50
193.40
191.90
190.00
187.90
185.20
182.50
179.40
176.00
172.40
168.80
164.90
160.90
156.80
152.60
148.40
144.20
140.00
135.70
131.40
127.00
122.80
118.30
114.00
109.70
105.30
100.90
96.71
92.50
88.44
84.43
80.62
76.84
73.22
69.82
66.59
63.55
60.73
58.07
55.55
53.31
51.13
49.14
47.27
45.55
43.91
42.39
40.93
39.60
38.32
37.11
36.02
34.90
33.88
32.90
31.95
31.06
30.21
29.35
28.58
27.85
27.10
26.39
25.73
25.05
24.42
23.83
23.24
22.66
22.11
21.56
21.05
20.55
20.09
19.60
19.13
18.69
18.26
17.82
17.41
17.00
16.59
16.21
15.80
15.42
15.04
14.67
14.32
13.95
13.60
13.25
12.90
12.52
12.17
11.83
11.48
11.13
10.77
10.44
10.08
9.74
9.41
9.05
8.68
8.33
7.97
7.60
7.24
6.87
6.50
6.12
5.74
5.38
5.00
4.62
4.26
3.88
3.51
3.15
2.80
2.46
2.15
1.84
1.53
1.26
1.04
0.83
0.68
0.56
0.51
0.46
0.20
0.33
1.51
4.12
7.90
13.52
18.75
25.43
31.70
36.42
41.14
46.09
51.33
56.27
62.01
68.05
73.90
79.82
85.71
91.41
97.13
102.80
108.30
113.80
119.20
124.50
129.60
134.70
139.70
144.50
149.20
153.70
158.20
162.50
166.50
170.50
174.20
177.70
181.00
184.10
187.00
189.60
191.80
193.90
195.60
197.00
198.10
198.90
199.20
199.20
198.90
198.20
197.10
195.60
193.80
191.60
189.00
186.10
182.90
179.40
175.70
171.90
167.70
163.50
159.30
154.90
150.30
145.80
141.20
136.60
131.90
127.20
122.50
117.80
113.10
108.40
103.80
99.30
94.81
90.44
86.30
82.19
78.29
74.56
71.09
67.74
64.67
61.77
59.06
56.52
54.17
51.99
49.94
48.04
46.24
44.57
42.99
41.53
40.12
38.84
37.63
36.45
35.33
34.27
33.28
32.30
31.39
30.52
29.67
28.86
28.08
27.35
26.63
25.95
25.27
24.61
24.01
23.39
22.82
22.27
21.74
21.19
20.68
20.20
19.70
19.23
18.78
18.33
17.89
17.47
17.05
16.66
16.26
15.87
15.47
15.09
14.71
14.35
13.98
13.61
13.26
12.91
12.56
12.20
11.85
11.50
11.15
10.80
10.45
10.10
9.75
9.41
9.05
8.69
8.33
7.97
7.61
7.25
6.88
6.50
6.12
5.75
5.37
4.99
4.61
4.24
3.86
3.49
3.13
2.78
2.43
2.11
1.79
1.49
1.22
0.98
0.78
0.62
0.48
0.44
0.44
0.19
0.36
1.64
4.53
8.57
13.40
19.61
26.65
32.80
38.84
43.53
47.46
52.86
58.44
63.72
69.37
75.22
81.06
86.87
92.52
98.17
103.80
109.20
114.70
120.10
125.40
130.60
135.70
140.80
145.70
150.60
155.40
160.00
164.50
168.90
173.20
177.30
181.30
185.00
188.70
192.10
195.40
198.20
201.10
203.60
205.70
207.60
209.30
210.50
211.50
212.10
212.30
212.20
211.60
210.60
209.20
207.40
205.20
202.50
199.40
195.90
192.10
188.10
183.70
179.10
174.30
169.30
164.10
158.80
153.50
147.70
142.10
136.50
130.70
125.00
119.20
113.50
107.90
102.50
97.28
92.24
87.51
83.01
78.77
74.81
71.17
67.72
64.60
61.66
58.92
56.39
54.04
51.83
49.76
47.84
46.03
44.37
42.81
41.36
39.94
38.62
37.41
36.22
35.11
34.02
33.01
32.03
31.13
30.21
29.37
28.56
27.77
27.03
26.30
25.61
24.93
24.31
23.67
23.09
22.50
21.95
21.41
20.88
20.37
19.88
19.40
18.93
18.47
18.03
17.60
17.16
16.76
16.36
15.96
15.56
15.18
14.80
14.43
14.05
13.69
13.33
12.96
12.62
12.26
11.91
11.55
11.21
10.83
10.49
10.14
9.79
9.44
9.09
8.72
8.37
8.00
7.64
7.27
6.91
6.53
6.14
5.77
5.39
5.01
4.63
4.27
3.89
3.52
3.16
2.80
2.47
2.15
1.84
1.55
1.28
1.04
0.84
0.68
0.56
0.50
0.47
0.18
0.33
1.53
4.20
7.80
12.94
18.80
24.25
31.05
37.04
41.38
46.34
51.43
56.79
62.42
68.10
73.92
79.74
85.38
91.02
96.64
102.10
107.70
113.10
118.50
123.80
128.90
134.00
139.00
144.00
148.80
153.60
158.10
162.80
167.20
171.60
175.90
180.00
184.20
187.90
191.80
195.40
199.00
202.50
205.60
208.60
211.60
214.20
216.70
218.90
220.80
222.50
224.00
224.90
225.70
226.10
226.10
225.50
224.70
223.40
221.70
219.50
216.90
213.70
210.10
206.10
201.50
196.60
191.30
185.50
179.50
173.00
166.20
159.10
151.90
144.40
136.80
129.30
122.00
114.80
107.80
101.30
95.21
89.55
84.37
79.54
75.19
71.19
67.49
64.13
61.10
58.30
55.73
53.30
51.06
48.99
47.08
45.31
43.62
42.05
40.57
39.14
37.83
36.58
35.40
34.27
33.21
32.17
31.24
30.30
29.41
28.55
27.75
26.98
26.22
25.51
24.81
24.15
23.52
22.91
22.30
21.74
21.18
20.65
20.14
19.64
19.13
18.66
18.19
17.75
17.31
16.88
16.47
16.05
15.65
15.26
14.87
14.48
14.11
13.73
13.37
13.00
12.65
12.28
11.92
11.57
11.20
10.85
10.49
10.14
9.78
9.44
9.08
8.72
8.36
7.99
7.62
7.26
6.88
6.51
6.13
5.76
5.38
5.01
4.64
4.25
3.87
3.51
3.16
2.80
2.45
2.13
1.81
1.51
1.24
1.00
0.80
0.63
0.51
0.46
0.46
0.16
0.38
1.66
4.38
8.08
13.02
19.11
25.02
31.61
36.53
41.38
46.17
51.65
57.26
62.47
68.26
73.79
79.52
85.16
90.65
96.13
101.50
106.90
112.10
117.40
122.60
127.70
132.70
137.60
142.40
147.10
151.90
156.40
160.90
165.30
169.80
174.10
178.40
182.60
186.50
190.60
194.60
198.50
202.20
206.00
209.60
213.20
216.70
220.10
223.30
226.50
229.50
232.50
235.30
237.80
240.20
242.20
244.10
245.60
246.70
247.50
247.80
247.60
246.90
245.90
244.20
242.00
238.90
235.40
231.00
225.80
219.70
212.90
205.30
197.10
188.10
178.70
168.70
158.40
148.30
138.20
128.50
119.20
110.50
102.50
95.25
88.60
82.69
77.39
72.56
68.35
64.57
61.15
58.07
55.24
52.71
50.35
48.20
46.18
44.35
42.65
40.99
39.50
38.09
36.75
35.49
34.32
33.18
32.11
31.10
30.14
29.19
28.32
27.49
26.69
25.93
25.19
24.48
23.83
23.17
22.55
21.96
21.36
20.80
20.27
19.74
19.23
18.74
18.27
17.81
17.35
16.91
16.50
16.07
15.67
15.27
14.87
14.48
14.10
13.72
13.35
12.99
12.62
12.26
11.90
11.54
11.18
10.82
10.46
10.11
9.76
9.41
9.05
8.69
8.33
7.97
7.59
7.22
6.86
6.48
6.11
5.73
5.35
4.98
4.61
4.23
3.86
3.50
3.14
2.79
2.46
2.14
1.84
1.55
1.28
1.05
0.84
0.67
0.56
0.51
0.48
0.16
0.35
1.57
4.05
7.83
12.93
17.82
23.78
30.30
35.39
39.85
44.84
49.92
55.66
61.04
66.67
72.17
77.69
83.14
88.53
93.97
99.38
104.70
109.80
115.00
120.10
125.10
130.10
134.90
139.70
144.50
149.10
153.70
158.30
162.60
167.10
171.50
175.80
180.00
184.20
188.30
192.40
196.40
200.50
204.40
208.40
212.10
215.90
219.60
223.40
227.00
230.60
234.10
237.50
240.80
244.10
247.00
249.90
252.50
254.70
256.80
258.40
259.90
260.90
261.50
261.50
261.10
259.80
258.00
255.40
252.20
247.90
242.70
236.30
229.00
220.50
211.10
201.00
190.00
178.70
167.00
155.20
143.60
132.50
122.20
112.30
103.50
95.54
88.23
81.86
76.18
71.17
66.73
62.79
59.29
56.13
53.27
50.73
48.40
46.28
44.31
42.47
40.82
39.21
37.76
36.37
35.10
33.87
32.70
31.61
30.59
29.59
28.65
27.77
26.94
26.13
25.37
24.62
23.90
23.27
22.61
21.96
21.37
20.79
20.23
19.70
19.18
18.70
18.19
17.71
17.26
16.81
16.38
15.95
15.53
15.12
14.73
14.34
13.94
13.56
13.19
12.82
12.46
12.09
11.73
11.38
11.02
10.66
10.30
9.96
9.60
9.26
8.91
8.54
8.19
7.83
7.47
7.10
6.73
6.36
6.00
5.63
5.26
4.89
4.52
4.16
3.79
3.43
3.08
2.73
2.40
2.08
1.77
1.48
1.21
0.97
0.76
0.60
0.49
0.47
0.47
0.11
0.32
1.46
3.88
7.12
12.16
17.22
22.96
28.79
33.23
37.45
42.30
47.92
53.10
58.44
63.86
69.18
74.50
79.77
85.04
90.19
95.27
100.40
105.40
110.50
115.30
120.00
124.80
129.40
134.00
138.40
142.90
147.20
151.50
155.60
159.80
163.90
167.70
171.70
175.60
179.30
183.10
186.70
190.30
193.70
197.20
200.50
203.80
207.00
210.00
213.10
216.10
218.90
221.60
224.10
226.50
228.70
230.90
232.70
234.10
235.50
236.40
237.00
237.10
236.70
236.20
235.10
233.60
231.50
228.90
225.70
221.80
217.30
212.00
205.80
199.00
191.40
183.00
173.90
164.50
154.90
145.10
135.30
125.80
116.70
108.10
100.20
92.91
86.28
80.25
74.95
70.13
65.82
61.98
58.54
55.44
52.68
50.12
47.83
45.71
43.78
41.98
40.30
38.76
37.31
35.93
34.66
33.44
32.29
31.21
30.20
29.22
28.30
27.42
26.57
25.77
25.02
24.29
23.58
22.91
22.27
21.63
21.05
20.49
19.91
19.38
18.88
18.37
17.90
17.42
16.97
16.52
16.09
15.66
15.25
14.84
14.45
14.07
13.69
13.31
12.94
12.58
12.22
11.86
11.51
11.15
10.80
10.45
10.10
9.76
9.42
9.08
8.73
8.37
8.02
7.68
7.32
6.96
6.60
6.24
5.88
5.53
5.16
4.80
4.44
4.08
3.73
3.38
3.03
2.70
2.38
2.07
1.77
1.49
1.23
0.99
0.77
0.60
0.49
0.47
0.46
0.16
0.31
1.40
3.65
6.92
11.41
15.85
21.68
26.51
32.56
36.71
40.90
45.99
50.97
55.70
60.52
65.63
70.53
75.39
80.15
84.97
89.64
94.29
98.81
103.30
107.60
111.90
116.10
120.20
124.30
128.30
132.20
135.90
139.60
143.10
146.60
150.10
153.40
156.50
159.70
162.60
165.50
168.20
170.90
173.40
175.70
178.10
180.30
182.30
184.30
186.00
187.60
189.00
190.20
191.30
192.10
192.90
193.50
193.70
193.70
193.40
192.80
192.00
190.70
189.10
187.30
185.20
182.60
179.70
176.60
173.10
169.10
164.70
159.80
154.50
148.90
143.10
136.90
130.60
124.10
117.60
111.10
104.80
98.57
92.71
87.29
82.07
77.34
72.92
68.84
65.11
61.73
58.59
55.72
53.12
50.72
48.46
46.40
44.50
42.74
41.08
39.57
38.10
36.73
35.44
34.23
33.07
31.99
30.94
29.96
29.01
28.11
27.25
26.44
25.65
24.88
24.16
23.48
22.83
22.17
21.56
20.98
20.41
19.86
19.32
18.82
18.32
17.83
17.37
16.91
16.47
16.05
15.63
15.21
14.81
14.42
14.03
13.65
13.28
12.92
12.57
12.21
11.86
11.51
11.16
10.82
10.47
10.14
9.81
9.47
9.14
8.80
8.47
8.13
7.78
7.44
7.10
6.75
6.42
6.07
5.72
5.37
5.03
4.68
4.33
3.98
3.64
3.31
2.97
2.64
2.34
2.04
1.75
1.48
1.22
1.00
0.81
0.66
0.55
0.51
0.48
0.16
0.31
1.28
3.43
6.30
10.39
15.03
20.08
24.36
28.57
31.88
36.46
41.45
46.18
50.84
55.66
60.30
64.83
69.31
73.58
77.81
81.99
86.09
90.04
93.90
97.73
101.40
104.90
108.50
111.90
115.10
118.20
121.20
124.00
126.80
129.60
132.00
134.40
136.70
138.90
141.00
143.00
144.70
146.40
148.00
149.50
150.70
151.90
152.90
153.70
154.40
155.00
155.40
155.50
155.70
155.50
155.20
154.70
154.00
153.20
152.00
150.60
149.00
147.20
145.10
142.90
140.40
137.70
134.80
131.70
128.40
125.00
121.30
117.40
113.50
109.30
105.10
100.80
96.65
92.41
88.29
84.37
80.44
76.70
73.11
69.78
66.57
63.57
60.74
58.11
55.63
53.29
51.15
49.09
47.18
45.38
43.66
42.08
40.58
39.17
37.80
36.54
35.33
34.18
33.09
32.03
31.02
30.06
29.16
28.28
27.44
26.62
25.85
25.10
24.38
23.69
23.04
22.40
21.78
21.19
20.61
20.06
19.53
19.01
18.50
18.02
17.55
17.11
16.64
16.22
15.81
15.39
14.99
14.59
14.21
13.83
13.46
13.09
12.74
12.38
12.05
11.70
11.35
11.02
10.68
10.35
10.02
9.69
9.38
9.06
8.72
8.40
8.08
7.76
7.43
7.09
6.77
6.43
6.11
5.78
5.45
5.13
4.78
4.45
4.11
3.79
3.45
3.14
2.81
2.49
2.20
1.92
1.63
1.37
1.11
0.90
0.71
0.56
0.47
0.46
0.46
0.18
0.33
1.37
3.59
6.45
10.53
14.94
20.00
24.05
28.43
31.52
35.61
39.74
44.29
48.44
52.70
56.95
60.95
64.91
68.69
72.48
76.11
79.66
83.10
86.48
89.78
92.93
95.95
98.90
101.70
104.50
107.00
109.60
112.00
114.20
116.30
118.40
120.20
122.00
123.70
125.20
126.70
127.90
129.10
130.10
131.00
131.70
132.40
132.80
133.20
133.40
133.30
133.30
133.10
132.70
132.20
131.40
130.60
129.70
128.40
127.10
125.60
123.90
122.00
120.00
117.90
115.60
113.10
110.60
108.00
105.20
102.30
99.26
96.17
93.02
89.89
86.68
83.54
80.41
77.30
74.25
71.31
68.44
65.69
63.03
60.54
58.11
55.85
53.72
51.65
49.73
47.89
46.15
44.49
42.95
41.46
40.04
38.70
37.44
36.24
35.06
33.98
32.90
31.91
30.96
30.02
29.14
28.29
27.45
26.69
25.92
25.17
24.46
23.79
23.15
22.50
21.89
21.31
20.73
20.18
19.65
19.14
18.62
18.14
17.68
17.21
16.77
16.34
15.91
15.51
15.10
14.72
14.34
13.96
13.60
13.23
12.88
12.54
12.18
11.87
11.53
11.20
10.88
10.55
10.24
9.92
9.61
9.29
8.99
8.68
8.37
8.05
7.75
7.43
7.12
6.80
6.49
6.18
5.86
5.55
5.23
4.91
4.59
4.27
3.95
3.63
3.32
3.01
2.70
2.41
2.13
1.86
1.60
1.35
1.12
0.92
0.74
0.60
0.51
0.48
0.47
0.19
0.33
1.27
3.39
6.01
10.12
13.96
19.27
23.52
27.16
30.15
33.32
37.43
41.50
45.32
49.36
53.23
56.95
60.55
64.04
67.44
70.73
73.98
77.08
80.11
83.02
85.84
88.56
91.19
93.68
96.08
98.40
100.60
102.60
104.60
106.50
108.10
109.80
111.30
112.70
114.00
115.10
116.10
117.10
117.90
118.60
119.30
119.70
120.10
120.30
120.40
120.40
120.20
120.00
119.60
119.00
118.50
117.70
116.90
115.80
114.60
113.30
111.80
110.30
108.50
106.60
104.60
102.50
100.30
97.94
95.54
93.11
90.52
87.90
85.18
82.42
79.68
76.91
74.16
71.48
68.74
66.16
63.63
61.15
58.77
56.54
54.35
52.26
50.33
48.47
46.71
45.03
43.46
41.92
40.50
39.14
37.85
36.64
35.47
34.36
33.31
32.29
31.31
30.39
29.50
28.62
27.82
27.01
26.24
25.49
24.79
24.10
23.43
22.79
22.17
21.57
20.99
20.42
19.89
19.36
18.84
18.36
17.88
17.42
16.97
16.53
16.11
15.70
15.29
14.89
14.51
14.12
13.76
13.40
13.05
12.71
12.36
12.02
11.70
11.37
11.05
10.74
10.43
10.11
9.80
9.50
9.21
8.90
8.60
8.30
8.00
7.69
7.40
7.10
6.80
6.49
6.20
5.89
5.59
5.28
4.98
4.67
4.37
4.06
3.75
3.45
3.15
2.85
2.55
2.27
2.01
1.74
1.49
1.25
1.03
0.84
0.66
0.53
0.45
0.45
0.45
0.20
0.36
1.38
3.51
6.29
9.87
14.46
18.14
22.25
24.92
27.87
31.58
35.67
39.66
43.66
47.54
51.28
54.83
58.22
61.51
64.64
67.71
70.72
73.61
76.38
79.10
81.67
84.12
86.56
88.86
91.00
93.14
95.10
96.97
98.78
100.40
102.00
103.40
104.80
106.00
107.20
108.30
109.30
110.20
110.90
111.60
112.10
112.60
112.90
113.10
113.30
113.30
113.30
113.00
112.70
112.30
111.90
111.20
110.40
109.50
108.50
107.30
106.10
104.50
102.90
101.30
99.45
97.54
95.50
93.36
91.14
88.90
86.48
83.99
81.46
78.95
76.32
73.74
71.14
68.55
66.00
63.49
61.10
58.77
56.50
54.34
52.26
50.28
48.40
46.64
44.99
43.40
41.88
40.43
39.08
37.78
36.53
35.40
34.27
33.22
32.19
31.23
30.30
29.40
28.54
27.71
26.94
26.17
25.43
24.72
24.03
23.37
22.71
22.11
21.50
20.93
20.37
19.83
19.32
18.80
18.31
17.83
17.37
16.92
16.50
16.06
15.65
15.26
14.86
14.48
14.10
13.73
13.38
13.02
12.69
12.36
12.02
11.69
11.37
11.06
10.74
10.43
10.14
9.84
9.55
9.24
8.95
8.66
8.37
8.08
7.78
7.50
7.20
6.91
6.62
6.32
6.03
5.74
5.45
5.14
4.85
4.56
4.25
3.95
3.66
3.36
3.08
2.80
2.51
2.25
1.98
1.73
1.49
1.28
1.06
0.88
0.72
0.58
0.49
0.45
0.45
0.20
0.35
1.30
3.29
5.98
10.09
13.48
17.99
20.87
25.69
28.54
31.80
35.89
39.78
43.35
46.98
50.68
54.04
57.37
60.55
63.53
66.58
69.47
72.27
74.97
77.56
80.13
82.53
84.87
87.13
89.21
91.30
93.23
95.05
96.83
98.54
100.00
101.40
102.90
104.20
105.40
106.40
107.40
108.30
109.10
109.80
110.30
110.80
111.20
111.50
111.70
111.70
111.60
111.50
111.20
110.90
110.40
109.80
109.10
108.40
107.40
106.30
104.90
103.50
101.90
100.30
98.53
96.64
94.68
92.59
90.39
88.14
85.85
83.33
80.84
78.38
75.77
73.15
70.59
67.99
65.48
63.03
60.67
58.29
56.04
53.91
51.84
49.84
48.01
46.22
44.59
43.00
41.51
40.05
38.74
37.45
36.24
35.10
34.01
32.93
31.92
30.97
30.04
29.17
28.29
27.48
26.71
25.94
25.20
24.50
23.83
23.16
22.52
21.89
21.29
20.72
20.18
19.65
19.13
18.61
18.12
17.63
17.17
16.73
16.32
15.90
15.49
15.08
14.69
14.31
13.93
13.57
13.24
12.87
12.54
12.20
11.86
11.53
11.23
10.91
10.60
10.29
9.99
9.70
9.41
9.11
8.82
8.53
8.24
7.95
7.66
7.37
7.09
6.79
6.50
6.22
5.93
5.65
5.34
5.06
4.76
4.48
4.17
3.88
3.58
3.29
2.99
2.72
2.44
2.17
1.90
1.66
1.42
1.21
1.00
0.81
0.64
0.52
0.45
0.45
0.45
0.20
0.36
1.38
3.51
6.29
9.87
14.46
18.14
22.25
24.92
27.87
31.58
35.67
39.66
43.66
47.54
51.28
54.83
58.22
61.51
64.64
67.71
70.72
73.61
76.38
79.10
81.67
84.12
86.56
88.86
91.00
93.14
95.10
96.97
98.78
100.40
102.00
103.40
104.80
106.00
107.20
108.30
109.30
110.20
110.90
111.60
112.10
112.60
112.90
113.10
113.30
113.30
113.30
113.00
112.70
112.30
111.90
111.20
110.40
109.50
108.50
107.30
106.10
104.50
102.90
101.30
99.45
97.54
95.50
93.36
91.14
88.90
86.48
83.99
81.46
78.95
76.32
73.74
71.14
68.55
66.00
63.49
61.10
58.77
56.50
54.34
52.26
50.28
48.40
46.64
44.99
43.40
41.88
40.43
39.08
37.78
36.53
35.40
34.27
33.22
32.19
31.23
30.30
29.40
28.54
27.71
26.94
26.17
25.43
24.72
24.03
23.37
22.71
22.11
21.50
20.93
20.37
19.83
19.32
18.80
18.31
17.83
17.37
16.92
16.50
16.06
15.65
15.26
14.86
14.48
14.10
13.73
13.38
13.02
12.69
12.36
12.02
11.69
11.37
11.06
10.74
10.43
10.14
9.84
9.55
9.24
8.95
8.66
8.37
8.08
7.78
7.50
7.20
6.91
6.62
6.32
6.03
5.74
5.45
5.14
4.85
4.56
4.25
3.95
3.66
3.36
3.08
2.80
2.51
2.25
1.98
1.73
1.49
1.28
1.06
0.88
0.72
0.58
0.49
0.45
0.45
0.19
0.33
1.27
3.39
6.01
10.12
13.96
19.27
23.52
27.16
30.15
33.32
37.43
41.50
45.32
49.36
53.23
56.95
60.55
64.04
67.44
70.73
73.98
77.08
80.11
83.02
85.84
88.56
91.19
93.68
96.08
98.40
100.60
102.60
104.60
106.50
108.10
109.80
111.30
112.70
114.00
115.10
116.10
117.10
117.90
118.60
119.30
119.70
120.10
120.30
120.40
120.40
120.20
120.00
119.60
119.00
118.50
117.70
116.90
115.80
114.60
113.30
111.80
110.30
108.50
106.60
104.60
102.50
100.30
97.94
95.54
93.11
90.52
87.90
85.18
82.42
79.68
76.91
74.16
71.48
68.74
66.16
63.63
61.15
58.77
56.54
54.35
52.26
50.33
48.47
46.71
45.03
43.46
41.92
40.50
39.14
37.85
36.64
35.47
34.36
33.31
32.29
31.31
30.39
29.50
28.62
27.82
27.01
26.24
25.49
24.79
24.10
23.43
22.79
22.17
21.57
20.99
20.42
19.89
19.36
18.84
18.36
17.88
17.42
16.97
16.53
16.11
15.70
15.29
14.89
14.51
14.12
13.76
13.40
13.05
12.71
12.36
12.02
11.70
11.37
11.05
10.74
10.43
10.11
9.80
9.50
9.21
8.90
8.60
8.30
8.00
7.69
7.40
7.10
6.80
6.49
6.20
5.89
5.59
5.28
4.98
4.67
4.37
4.06
3.75
3.45
3.15
2.85
2.55
2.27
2.01
1.74
1.49
1.25
1.03
0.84
0.66
0.53
0.45
0.45
0.45
0.18
0.33
1.37
3.59
6.45
10.53
14.94
20.00
24.05
28.43
31.52
35.61
39.74
44.29
48.44
52.70
56.95
60.95
64.91
68.69
72.48
76.11
79.66
83.10
86.48
89.78
92.93
95.95
98.90
101.70
104.50
107.00
109.60
112.00
114.20
116.30
118.40
120.20
122.00
123.70
125.20
126.70
127.90
129.10
130.10
131.00
131.70
132.40
132.80
133.20
133.40
133.30
133.30
133.10
132.70
132.20
131.40
130.60
129.70
128.40
127.10
125.60
123.90
122.00
120.00
117.90
115.60
113.10
110.60
108.00
105.20
102.30
99.26
96.17
93.02
89.89
86.68
83.54
80.41
77.30
74.25
71.31
68.44
65.69
63.03
60.54
58.11
55.85
53.72
51.65
49.73
47.89
46.15
44.49
42.95
41.46
40.04
38.70
37.44
36.24
35.06
33.98
32.90
31.91
30.96
30.02
29.14
28.29
27.45
26.69
25.92
25.17
24.46
23.79
23.15
22.50
21.89
21.31
20.73
20.18
19.65
19.14
18.62
18.14
17.68
17.21
16.77
16.34
15.91
15.51
15.10
14.72
14.34
13.96
13.60
13.23
12.88
12.54
12.18
11.87
11.53
11.20
10.88
10.55
10.24
9.92
9.61
9.29
8.99
8.68
8.37
8.05
7.75
7.43
7.12
6.80
6.49
6.18
5.86
5.55
5.23
4.91
4.59
4.27
3.95
3.63
3.32
3.01
2.70
2.41
2.13
1.86
1.60
1.35
1.12
0.92
0.74
0.60
0.51
0.48
0.47
0.16
0.31
1.28
3.43
6.30
10.39
15.03
20.08
24.36
28.57
31.88
36.46
41.45
46.18
50.84
55.66
60.30
64.83
69.31
73.58
77.81
81.99
86.09
90.04
93.90
97.73
101.40
104.90
108.50
111.90
115.10
118.20
121.20
124.00
126.80
129.60
132.00
134.40
136.70
138.90
141.00
143.00
144.70
146.40
148.00
149.50
150.70
151.90
152.90
153.70
154.40
155.00
155.40
155.50
155.70
155.50
155.20
154.70
154.00
153.20
152.00
150.60
149.00
147.20
145.10
142.90
140.40
137.70
134.80
131.70
128.40
125.00
121.30
117.40
113.50
109.30
105.10
100.80
96.65
92.41
88.29
84.37
80.44
76.70
73.11
69.78
66.57
63.57
60.74
58.11
55.63
53.29
51.15
49.09
47.18
45.38
43.66
42.08
40.58
39.17
37.80
36.54
35.33
34.18
33.09
32.03
31.02
30.06
29.16
28.28
27.44
26.62
25.85
25.10
24.38
23.69
23.04
22.40
21.78
21.19
20.61
20.06
19.53
19.01
18.50
18.02
17.55
17.11
16.64
16.22
15.81
15.39
14.99
14.59
14.21
13.83
13.46
13.09
12.74
12.38
12.05
11.70
11.35
11.02
10.68
10.35
10.02
9.69
9.38
9.06
8.72
8.40
8.08
7.76
7.43
7.09
6.77
6.43
6.11
5.78
5.45
5.13
4.78
4.45
4.11
3.79
3.45
3.14
2.81
2.49
2.20
1.92
1.63
1.37
1.11
0.90
0.71
0.56
0.47
0.46
0.46
0.16
0.31
1.40
3.65
6.92
11.41
15.85
21.68
26.51
32.56
36.71
40.90
45.99
50.97
55.70
60.52
65.63
70.53
75.39
80.15
84.97
89.64
94.29
98.81
103.30
107.60
111.90
116.10
120.20
124.30
128.30
132.20
135.90
139.60
143.10
146.60
150.10
153.40
156.50
159.70
162.60
165.50
168.20
170.90
173.40
175.70
178.10
180.30
182.30
184.30
186.00
187.60
189.00
190.20
191.30
192.10
192.90
193.50
193.70
193.70
193.40
192.80
192.00
190.70
189.10
187.30
185.20
182.60
179.70
176.60
173.10
169.10
164.70
159.80
154.50
148.90
143.10
136.90
130.60
124.10
117.60
111.10
104.80
98.57
92.71
87.29
82.07
77.34
72.92
68.84
65.11
61.73
58.59
55.72
53.12
50.72
48.46
46.40
44.50
42.74
41.08
39.57
38.10
36.73
35.44
34.23
33.07
31.99
30.94
29.96
29.01
28.11
27.25
26.44
25.65
24.88
24.16
23.48
22.83
22.17
21.56
20.98
20.41
19.86
19.32
18.82
18.32
17.83
17.37
16.91
16.47
16.05
15.63
15.21
14.81
14.42
14.03
13.65
13.28
12.92
12.57
12.21
11.86
11.51
11.16
10.82
10.47
10.14
9.81
9.47
9.14
8.80
8.47
8.13
7.78
7.44
7.10
6.75
6.42
6.07
5.72
5.37
5.03
4.68
4.33
3.98
3.64
3.31
2.97
2.64
2.34
2.04
1.75
1.48
1.22
1.00
0.81
0.66
0.55
0.51
0.48
