SALVI
1
0
24
15.00
181
1.00
240101
Baliza Nova

BNO9Y2230KF0035.ldt
8 January 2024/TB
760
0
225
320
60
0
0
0
0
92.3
100.0
1.000
0.0
1
1
16 LED
795.5


34.4
0.025
0.042
0.067
0.114
0.162
0.252
0.328
0.393
0.488
0.557
0.0
15.0
30.0
45.0
60.0
75.0
90.0
105.0
120.0
135.0
150.0
165.0
180.0
195.0
210.0
225.0
240.0
255.0
270.0
285.0
300.0
315.0
330.0
345.0
0.0
1.0
2.0
3.0
4.0
5.0
6.0
7.0
8.0
9.0
10.0
11.0
12.0
13.0
14.0
15.0
16.0
17.0
18.0
19.0
20.0
21.0
22.0
23.0
24.0
25.0
26.0
27.0
28.0
29.0
30.0
31.0
32.0
33.0
34.0
35.0
36.0
37.0
38.0
39.0
40.0
41.0
42.0
43.0
44.0
45.0
46.0
47.0
48.0
49.0
50.0
51.0
52.0
53.0
54.0
55.0
56.0
57.0
58.0
59.0
60.0
61.0
62.0
63.0
64.0
65.0
66.0
67.0
68.0
69.0
70.0
71.0
72.0
73.0
74.0
75.0
76.0
77.0
78.0
79.0
80.0
81.0
82.0
83.0
84.0
85.0
86.0
87.0
88.0
89.0
90.0
91.0
92.0
93.0
94.0
95.0
96.0
97.0
98.0
99.0
100.0
101.0
102.0
103.0
104.0
105.0
106.0
107.0
108.0
109.0
110.0
111.0
112.0
113.0
114.0
115.0
116.0
117.0
118.0
119.0
120.0
121.0
122.0
123.0
124.0
125.0
126.0
127.0
128.0
129.0
130.0
131.0
132.0
133.0
134.0
135.0
136.0
137.0
138.0
139.0
140.0
141.0
142.0
143.0
144.0
145.0
146.0
147.0
148.0
149.0
150.0
151.0
152.0
153.0
154.0
155.0
156.0
157.0
158.0
159.0
160.0
161.0
162.0
163.0
164.0
165.0
166.0
167.0
168.0
169.0
170.0
171.0
172.0
173.0
174.0
175.0
176.0
177.0
178.0
179.0
180.0
0.0886
0.1859
0.4192
0.6230
0.6613
0.6800
0.6861
0.6861
0.6862
0.6985
0.7236
0.8337
0.9953
1.168
1.390
1.620
1.886
2.186
2.552
2.937
3.356
3.848
4.382
4.981
5.647
6.373
7.186
8.099
9.103
10.21
11.42
12.76
14.19
15.79
17.49
19.34
21.30
23.44
25.69
28.14
30.62
33.36
36.27
39.33
42.52
45.86
49.40
53.05
56.77
69.65
67.88
128.5
141.3
130.4
157.7
201.6
236.8
292.1
337.5
362.7
353.8
396.7
435.2
434.7
425.5
422.5
478.7
502.6
500.5
527.4
521.7
456.3
443.0
467.2
470.9
480.9
464.4
434.2
441.6
410.8
353.3
345.1
311.6
282.7
258.4
193.6
158.5
177.6
176.9
184.0
195.2
171.0
153.6
152.8
72.35
43.19
50.40
29.44
25.31
23.06
21.21
19.55
18.04
16.70
15.43
14.26
13.19
12.22
11.32
10.52
9.786
9.112
8.509
7.953
7.451
6.980
6.549
6.160
5.791
5.458
5.142
4.852
4.592
4.344
4.124
3.925
3.727
3.542
3.361
3.179
3.022
2.887
2.744
2.614
2.515
2.373
2.269
2.163
2.064
1.978
1.892
1.787
1.718
1.619
1.545
1.465
1.385
1.316
1.243
1.181
1.131
1.045
0.9830
0.9329
0.8712
0.7911
0.7481
0.6859
0.6364
0.5750
0.5500
0.4635
0.4204
0.3894
0.3521
0.2968
0.2536
0.2164
0.1731
0.1608
0.1112
0.0742
0.0435
0.0309
0.0187
0.0002
0
0
0
0
0
0.0810
0.1300
0.2421
0.3771
0.3892
0.3958
0.4080
0.4203
0.4205
0.4328
0.4891
0.5764
0.7178
0.8970
1.071
1.287
1.530
1.821
2.128
2.475
2.865
3.299
3.787
4.322
4.909
5.554
6.287
7.087
7.995
8.965
10.06
11.26
12.56
14.01
15.54
17.23
19.02
21.01
23.07
25.35
27.80
30.32
32.97
35.80
38.75
41.85
45.06
48.43
51.93
55.53
61.32
91.18
84.95
144.0
158.2
162.3
199.6
214.3
230.0
269.3
322.7
352.2
335.0
393.6
410.6
417.8
400.0
440.5
451.3
444.0
471.1
464.9
419.2
417.3
408.5
418.7
417.8
407.9
401.3
384.4
353.2
316.8
299.5
265.1
245.0
190.9
136.8
153.2
159.4
168.3
178.6
154.7
153.1
110.3
35.68
50.54
37.75
21.42
19.25
17.57
16.21
14.97
13.88
12.87
11.93
11.07
10.31
9.586
8.926
8.326
7.767
7.261
6.822
6.389
5.995
5.630
5.306
5.006
4.709
4.455
4.232
3.991
3.787
3.595
3.424
3.275
3.114
2.923
2.781
2.658
2.539
2.404
2.305
2.199
2.082
2.008
1.891
1.847
1.724
1.656
1.582
1.502
1.459
1.432
1.292
1.230
1.155
1.100
1.044
0.9882
0.9082
0.8769
0.8029
0.7535
0.6857
0.6300
0.5933
0.5683
0.4941
0.4445
0.3954
0.3708
0.3647
0.3640
0.2961
0.1977
0.1725
0.1356
0.0863
0.0432
0.0246
0.0062
0.0061
0
0
0
0
0
0
0
0
0.3039
0.1983
0.2223
0.2530
0.2656
0.2658
0.2658
0.2904
0.3520
0.3829
0.4138
0.4081
0.4452
0.4941
0.6234
0.8008
1.011
1.260
1.520
1.796
2.148
2.519
2.927
3.400
3.935
4.524
5.195
5.935
6.762
7.651
8.677
9.791
11.03
12.38
13.85
15.46
17.14
18.98
20.90
22.97
25.12
27.34
29.63
31.97
34.35
36.72
39.13
41.49
43.97
46.39
48.77
51.22
64.45
79.45
102.0
100.0
112.2
129.7
107.5
138.2
150.2
169.3
174.2
213.7
197.5
218.4
227.7
223.0
196.5
228.6
239.6
209.3
234.6
211.2
191.0
200.0
212.8
216.5
184.8
187.3
182.0
161.5
158.6
131.4
124.3
100.2
68.21
79.69
77.52
83.91
86.37
75.13
73.15
31.98
24.95
27.59
14.07
12.49
11.55
10.78
10.14
9.540
8.989
8.466
7.996
7.549
7.130
6.735
6.389
6.040
5.715
5.422
5.151
4.875
4.632
4.415
4.192
3.983
3.802
3.629
3.463
3.303
3.159
3.011
2.875
2.758
2.640
2.516
2.429
2.307
2.214
2.127
2.028
1.960
1.880
1.800
1.719
1.651
1.583
1.527
1.478
1.397
1.348
1.286
1.237
1.181
1.125
1.058
1.008
0.9646
0.9090
0.8532
0.8160
0.7608
0.7236
0.6746
0.6244
0.5813
0.5381
0.4886
0.4513
0.4144
0.3588
0.3401
0.3153
0.2659
0.2350
0.1980
0.1795
0.1485
0.0994
0.0867
0.0496
0.0370
0.0126
0.0000
0
0
0
0
0
0.2773
0.1676
0.2721
0.3647
0.3648
0.3771
0.3833
0.4043
0.5648
0.7955
1.780
1.278
0.3894
0.4452
0.5518
0.6934
0.8602
1.052
1.274
1.521
1.783
2.113
2.491
2.887
3.368
3.901
4.467
5.121
5.869
6.683
7.589
8.623
9.726
10.94
12.23
13.65
15.13
16.74
18.38
20.10
21.90
23.78
25.62
27.52
29.34
31.11
32.87
34.76
36.64
38.72
45.83
54.00
64.40
93.76
100.9
94.89
118.5
120.6
117.4
127.7
129.8
145.7
160.5
166.7
174.4
196.5
211.1
208.9
209.5
195.0
181.7
188.4
184.0
178.6
177.0
168.5
161.0
157.1
168.0
155.5
151.0
139.4
129.4
120.1
97.58
91.35
66.06
53.71
65.42
66.85
76.13
70.84
68.02
48.08
18.56
28.87
21.18
12.23
10.97
10.14
9.455
8.837
8.271
7.745
7.257
6.808
6.390
5.996
5.633
5.306
4.997
4.707
4.459
4.189
3.980
3.775
3.571
3.385
3.213
3.059
2.915
2.755
2.655
2.502
2.385
2.268
2.169
2.064
1.977
1.885
1.816
1.730
1.643
1.594
1.532
1.446
1.384
1.316
1.279
1.223
1.149
1.094
1.057
1.020
0.9579
0.8959
0.8587
0.8035
0.7476
0.7045
0.6919
0.6300
0.5927
0.5311
0.4819
0.4509
0.4264
0.4014
0.3704
0.3273
0.3027
0.2836
0.2163
0.1729
0.1543
0.1292
0.0801
0.0493
0.0307
0.0061
0
0
0
0
0
0
0
0
0
0
0
0.2915
0.1368
0.1666
0.2407
0.3021
0.3824
0.4203
0.4203
0.4203
0.4203
0.4203
0.4203
0.4203
0.4573
0.5250
0.6238
0.7654
0.9442
1.129
1.321
1.555
1.834
2.151
2.486
2.909
3.327
3.821
4.366
4.957
5.630
6.367
7.187
8.073
9.055
10.09
11.20
12.37
13.63
14.94
16.33
17.81
19.35
20.98
22.63
24.35
26.12
28.01
30.00
31.90
41.97
48.40
76.25
103.6
108.9
114.9
130.9
166.1
172.8
169.8
179.1
195.1
224.0
233.0
249.0
275.4
306.6
302.1
306.2
291.6
269.5
285.6
277.9
263.9
268.1
247.1
237.3
227.9
253.9
239.5
220.5
224.0
195.8
192.7
159.9
141.8
126.5
83.31
86.81
97.26
100.2
109.6
100.2
95.72
52.22
29.02
42.19
25.27
15.29
13.49
12.34
11.37
10.49
9.704
8.979
8.299
7.678
7.114
6.602
6.135
5.707
5.322
4.967
4.649
4.362
4.099
3.865
3.648
3.444
3.235
3.067
2.900
2.757
2.616
2.492
2.362
2.245
2.146
2.047
1.948
1.862
1.775
1.694
1.614
1.552
1.478
1.422
1.361
1.299
1.236
1.187
1.138
1.082
1.039
0.9833
0.9397
0.8964
0.8415
0.8040
0.7669
0.7235
0.6924
0.6555
0.6000
0.5749
0.5254
0.4885
0.4576
0.4327
0.3900
0.3589
0.3401
0.3094
0.2784
0.2412
0.2104
0.1917
0.1671
0.1360
0.1177
0.0931
0.0744
0.0619
0.0374
0.0247
0.0125
0.0062
0.0000
0
0
0
0
0.2651
0.1801
0.2669
0.3783
0.4954
0.6000
0.6802
0.7170
0.7355
0.7294
0.7294
0.7419
0.7545
0.8040
0.8473
0.9278
1.033
1.144
1.305
1.492
1.701
1.918
2.192
2.494
2.819
3.186
3.580
4.031
4.497
5.061
5.651
6.296
7.005
7.769
8.577
9.462
10.37
11.35
12.37
13.47
14.61
15.84
17.09
18.44
19.85
21.31
22.83
24.39
26.35
32.16
47.27
67.18
78.23
73.28
74.15
89.03
94.14
102.9
113.1
129.0
147.7
156.5
160.6
171.3
190.8
199.0
192.7
189.3
177.5
175.8
182.6
173.1
175.2
167.5
156.7
149.4
150.1
159.4
144.2
138.5
134.8
120.5
115.8
95.17
89.35
77.03
54.25
56.19
62.87
63.82
68.17
62.24
60.20
39.25
20.99
28.11
20.45
13.70
12.26
11.26
10.42
9.643
8.955
8.305
7.693
7.132
6.621
6.147
5.716
5.326
4.959
4.626
4.337
4.069
3.843
3.621
3.391
3.201
3.015
2.854
2.688
2.545
2.409
2.280
2.156
2.051
1.946
1.852
1.742
1.681
1.588
1.502
1.440
1.378
1.340
1.236
1.174
1.131
1.081
1.025
0.9578
0.9266
0.8771
0.8153
0.7786
0.7475
0.6917
0.6303
0.6177
0.5685
0.5499
0.5252
0.4510
0.4202
0.3768
0.3585
0.3582
0.3459
0.3025
0.2222
0.1853
0.1730
0.1545
0.1418
0.1108
0.0678
0.0492
0.0307
0
0
0
0
0
0
0
0
0
0
0
0
0
0.2015
0.1734
0.2219
0.3449
0.4682
0.4820
0.4821
0.4944
0.5680
0.6422
0.6552
0.6552
0.6552
0.6674
0.7282
0.8278
0.9517
1.125
1.273
1.434
1.642
1.879
2.126
2.406
2.729
3.088
3.471
3.892
4.347
4.870
5.446
6.055
6.709
7.430
8.206
9.008
9.861
10.77
11.71
12.71
13.76
14.90
16.04
17.26
18.55
19.93
21.28
22.62
24.50
29.44
47.01
62.03
61.52
58.62
65.34
72.91
73.24
77.87
85.44
92.64
102.1
105.0
117.7
130.3
144.9
145.5
145.8
146.6
140.6
146.1
144.4
135.6
141.5
129.4
125.7
121.2
125.2
126.6
112.2
113.4
105.5
94.46
87.13
71.79
71.36
54.12
39.50
44.46
47.39
50.53
52.80
45.62
42.53
24.83
17.69
24.41
14.70
12.18
10.76
9.968
9.295
8.646
8.065
7.535
7.013
6.556
6.136
5.725
5.358
5.035
4.725
4.431
4.178
3.958
3.734
3.537
3.351
3.177
3.017
2.868
2.721
2.573
2.449
2.337
2.215
2.127
2.029
1.929
1.842
1.757
1.657
1.595
1.533
1.447
1.398
1.336
1.274
1.224
1.163
1.113
1.052
1.026
0.9528
0.9149
0.8655
0.8286
0.7914
0.7543
0.6932
0.6677
0.6308
0.6060
0.5565
0.5317
0.5071
0.4703
0.4328
0.4081
0.3711
0.3465
0.3215
0.2970
0.2599
0.2474
0.2106
0.1980
0.1612
0.1361
0.1237
0.0993
0.0867
0.0620
0.0618
0.0251
0.0369
0.0003
0
0
0
0
0
0.2651
0.1801
0.2669
0.3783
0.4954
0.6000
0.6802
0.7170
0.7355
0.7294
0.7294
0.7419
0.7545
0.8040
0.8473
0.9278
1.033
1.144
1.305
1.492
1.701
1.918
2.192
2.494
2.819
3.186
3.580
4.031
4.497
5.061
5.651
6.296
7.005
7.769
8.577
9.462
10.37
11.35
12.37
13.47
14.61
15.84
17.09
18.44
19.85
21.31
22.83
24.39
26.35
32.16
47.27
67.18
78.23
73.28
74.15
89.03
94.14
102.9
113.1
129.0
147.7
156.5
160.6
171.3
190.8
199.0
192.7
189.3
177.5
175.8
182.6
173.1
175.2
167.5
156.7
149.4
150.1
159.4
144.2
138.5
134.8
120.5
115.8
95.17
89.35
77.03
54.25
56.19
62.87
63.82
68.17
62.24
60.20
39.25
20.99
28.11
20.45
13.70
12.26
11.26
10.42
9.643
8.955
8.305
7.693
7.132
6.621
6.147
5.716
5.326
4.959
4.626
4.337
4.069
3.843
3.621
3.391
3.201
3.015
2.854
2.688
2.545
2.409
2.280
2.156
2.051
1.946
1.852
1.742
1.681
1.588
1.502
1.440
1.378
1.340
1.236
1.174
1.131
1.081
1.025
0.9578
0.9266
0.8771
0.8153
0.7786
0.7475
0.6917
0.6303
0.6177
0.5685
0.5499
0.5252
0.4510
0.4202
0.3768
0.3585
0.3582
0.3459
0.3025
0.2222
0.1853
0.1730
0.1545
0.1418
0.1108
0.0678
0.0492
0.0307
0
0
0
0
0
0
0
0
0
0
0
0
0
0.2915
0.1368
0.1666
0.2407
0.3021
0.3824
0.4203
0.4203
0.4203
0.4203
0.4203
0.4203
0.4203
0.4573
0.5250
0.6238
0.7654
0.9442
1.129
1.321
1.555
1.834
2.151
2.486
2.909
3.327
3.821
4.366
4.957
5.630
6.367
7.187
8.073
9.055
10.09
11.20
12.37
13.63
14.94
16.33
17.81
19.35
20.98
22.63
24.35
26.12
28.01
30.00
31.90
41.97
48.40
76.25
103.6
108.9
114.9
130.9
166.1
172.8
169.8
179.1
195.1
224.0
233.0
249.0
275.4
306.6
302.1
306.2
291.6
269.5
285.6
277.9
263.9
268.1
247.1
237.3
227.9
253.9
239.5
220.5
224.0
195.8
192.7
159.9
141.8
126.5
83.31
86.81
97.26
100.2
109.6
100.2
95.72
52.22
29.02
42.19
25.27
15.29
13.49
12.34
11.37
10.49
9.704
8.979
8.299
7.678
7.114
6.602
6.135
5.707
5.322
4.967
4.649
4.362
4.099
3.865
3.648
3.444
3.235
3.067
2.900
2.757
2.616
2.492
2.362
2.245
2.146
2.047
1.948
1.862
1.775
1.694
1.614
1.552
1.478
1.422
1.361
1.299
1.236
1.187
1.138
1.082
1.039
0.9833
0.9397
0.8964
0.8415
0.8040
0.7669
0.7235
0.6924
0.6555
0.6000
0.5749
0.5254
0.4885
0.4576
0.4327
0.3900
0.3589
0.3401
0.3094
0.2784
0.2412
0.2104
0.1917
0.1671
0.1360
0.1177
0.0931
0.0744
0.0619
0.0374
0.0247
0.0125
0.0062
0.0000
0
0
0
0
0.2773
0.1676
0.2721
0.3647
0.3648
0.3771
0.3833
0.4043
0.5648
0.7955
1.780
1.278
0.3894
0.4452
0.5518
0.6934
0.8602
1.052
1.274
1.521
1.783
2.113
2.491
2.887
3.368
3.901
4.467
5.121
5.869
6.683
7.589
8.623
9.726
10.94
12.23
13.65
15.13
16.74
18.38
20.10
21.90
23.78
25.62
27.52
29.34
31.11
32.87
34.76
36.64
38.72
45.83
54.00
64.40
93.76
100.9
94.89
118.5
120.6
117.4
127.7
129.8
145.7
160.5
166.7
174.4
196.5
211.1
208.9
209.5
195.0
181.7
188.4
184.0
178.6
177.0
168.5
161.0
157.1
168.0
155.5
151.0
139.4
129.4
120.1
97.58
91.35
66.06
53.71
65.42
66.85
76.13
70.84
68.02
48.08
18.56
28.87
21.18
12.23
10.97
10.14
9.455
8.837
8.271
7.745
7.257
6.808
6.390
5.996
5.633
5.306
4.997
4.707
4.459
4.189
3.980
3.775
3.571
3.385
3.213
3.059
2.915
2.755
2.655
2.502
2.385
2.268
2.169
2.064
1.977
1.885
1.816
1.730
1.643
1.594
1.532
1.446
1.384
1.316
1.279
1.223
1.149
1.094
1.057
1.020
0.9579
0.8959
0.8587
0.8035
0.7476
0.7045
0.6919
0.6300
0.5927
0.5311
0.4819
0.4509
0.4264
0.4014
0.3704
0.3273
0.3027
0.2836
0.2163
0.1729
0.1543
0.1292
0.0801
0.0493
0.0307
0.0061
0
0
0
0
0
0
0
0
0
0
0
0.3039
0.1983
0.2223
0.2530
0.2656
0.2658
0.2658
0.2904
0.3520
0.3829
0.4138
0.4081
0.4452
0.4941
0.6234
0.8008
1.011
1.260
1.520
1.796
2.148
2.519
2.927
3.400
3.935
4.524
5.195
5.935
6.762
7.651
8.677
9.791
11.03
12.38
13.85
15.46
17.14
18.98
20.90
22.97
25.12
27.34
29.63
31.97
34.35
36.72
39.13
41.49
43.97
46.39
48.77
51.22
64.45
79.45
102.0
100.0
112.2
129.7
107.5
138.2
150.2
169.3
174.2
213.7
197.5
218.4
227.7
223.0
196.5
228.6
239.6
209.3
234.6
211.2
191.0
200.0
212.8
216.5
184.8
187.3
182.0
161.5
158.6
131.4
124.3
100.2
68.21
79.69
77.52
83.91
86.37
75.13
73.15
31.98
24.95
27.59
14.07
12.49
11.55
10.78
10.14
9.540
8.989
8.466
7.996
7.549
7.130
6.735
6.389
6.040
5.715
5.422
5.151
4.875
4.632
4.415
4.192
3.983
3.802
3.629
3.463
3.303
3.159
3.011
2.875
2.758
2.640
2.516
2.429
2.307
2.214
2.127
2.028
1.960
1.880
1.800
1.719
1.651
1.583
1.527
1.478
1.397
1.348
1.286
1.237
1.181
1.125
1.058
1.008
0.9646
0.9090
0.8532
0.8160
0.7608
0.7236
0.6746
0.6244
0.5813
0.5381
0.4886
0.4513
0.4144
0.3588
0.3401
0.3153
0.2659
0.2350
0.1980
0.1795
0.1485
0.0994
0.0867
0.0496
0.0370
0.0126
0.0000
0
0
0
0
0
0.0810
0.1300
0.2421
0.3771
0.3892
0.3958
0.4080
0.4203
0.4205
0.4328
0.4891
0.5764
0.7178
0.8970
1.071
1.287
1.530
1.821
2.128
2.475
2.865
3.299
3.787
4.322
4.909
5.554
6.287
7.087
7.995
8.965
10.06
11.26
12.56
14.01
15.54
17.23
19.02
21.01
23.07
25.35
27.80
30.32
32.97
35.80
38.75
41.85
45.06
48.43
51.93
55.53
61.32
91.18
84.95
144.0
158.2
162.3
199.6
214.3
230.0
269.3
322.7
352.2
335.0
393.6
410.6
417.8
400.0
440.5
451.3
444.0
471.1
464.9
419.2
417.3
408.5
418.7
417.8
407.9
401.3
384.4
353.2
316.8
299.5
265.1
245.0
190.9
136.8
153.2
159.4
168.3
178.6
154.7
153.1
110.3
35.68
50.54
37.75
21.42
19.25
17.57
16.21
14.97
13.88
12.87
11.93
11.07
10.31
9.586
8.926
8.326
7.767
7.261
6.822
6.389
5.995
5.630
5.306
5.006
4.709
4.455
4.232
3.991
3.787
3.595
3.424
3.275
3.114
2.923
2.781
2.658
2.539
2.404
2.305
2.199
2.082
2.008
1.891
1.847
1.724
1.656
1.582
1.502
1.459
1.432
1.292
1.230
1.155
1.100
1.044
0.9882
0.9082
0.8769
0.8029
0.7535
0.6857
0.6300
0.5933
0.5683
0.4941
0.4445
0.3954
0.3708
0.3647
0.3640
0.2961
0.1977
0.1725
0.1356
0.0863
0.0432
0.0246
0.0062
0.0061
0
0
0
0
0
0
0
0
0.0886
0.1859
0.4192
0.6230
0.6613
0.6800
0.6861
0.6861
0.6862
0.6985
0.7236
0.8337
0.9953
1.168
1.390
1.620
1.886
2.186
2.552
2.937
3.356
3.848
4.382
4.981
5.647
6.373
7.186
8.099
9.103
10.21
11.42
12.76
14.19
15.79
17.49
19.34
21.30
23.44
25.69
28.14
30.62
33.36
36.27
39.33
42.52
45.86
49.40
53.05
56.77
69.65
67.88
128.5
141.3
130.4
157.7
201.6
236.8
292.1
337.5
362.7
353.8
396.7
435.2
434.7
425.5
422.5
478.7
502.6
500.5
527.4
521.7
456.3
443.0
467.2
470.9
480.9
464.4
434.2
441.6
410.8
353.3
345.1
311.6
282.7
258.4
193.6
158.5
177.6
176.9
184.0
195.2
171.0
153.6
152.8
72.35
43.19
50.40
29.44
25.31
23.06
21.21
19.55
18.04
16.70
15.43
14.26
13.19
12.22
11.32
10.52
9.786
9.112
8.509
7.953
7.451
6.980
6.549
6.160
5.791
5.458
5.142
4.852
4.592
4.344
4.124
3.925
3.727
3.542
3.361
3.179
3.022
2.887
2.744
2.614
2.515
2.373
2.269
2.163
2.064
1.978
1.892
1.787
1.718
1.619
1.545
1.465
1.385
1.316
1.243
1.181
1.131
1.045
0.9830
0.9329
0.8712
0.7911
0.7481
0.6859
0.6364
0.5750
0.5500
0.4635
0.4204
0.3894
0.3521
0.2968
0.2536
0.2164
0.1731
0.1608
0.1112
0.0742
0.0435
0.0309
0.0187
0.0002
0
0
0
0
0
0.0810
0.1970
0.5906
0.9127
1.013
1.014
0.9832
0.9642
0.9580
0.9458
0.9518
1.050
1.197
1.365
1.593
1.845
2.141
2.475
2.855
3.278
3.754
4.231
4.818
5.469
6.182
6.981
7.867
8.856
9.947
11.14
12.43
13.85
15.42
17.06
18.89
20.82
22.90
25.10
27.45
29.89
32.54
35.36
38.35
41.49
44.78
48.22
51.76
55.26
58.96
84.87
108.5
113.8
126.4
172.9
207.3
249.8
304.3
318.4
325.2
344.8
394.9
407.6
407.2
407.8
424.1
479.9
488.4
499.1
530.7
511.7
448.9
453.0
475.0
470.3
479.4
472.2
446.9
444.5
427.8
366.5
347.7
331.9
294.4
269.6
230.4
175.0
166.0
179.5
176.0
186.7
194.6
173.2
157.6
152.3
80.75
42.51
46.14
33.23
25.53
23.21
21.38
19.79
18.31
16.98
15.73
14.59
13.54
12.59
11.70
10.89
10.15
9.490
8.877
8.312
7.806
7.330
6.897
6.491
6.122
5.786
5.450
5.164
4.887
4.632
4.396
4.181
3.977
3.778
3.587
3.419
3.259
3.099
2.949
2.808
2.696
2.566
2.455
2.344
2.232
2.128
2.029
1.942
1.848
1.762
1.676
1.589
1.515
1.428
1.354
1.287
1.212
1.144
1.082
1.032
0.9526
0.8964
0.8351
0.7916
0.7239
0.6742
0.6248
0.5690
0.5196
0.4825
0.4266
0.3896
0.3340
0.2970
0.2720
0.2414
0.1861
0.1485
0.1238
0.0869
0.0497
0.0371
0.0125
0.0000
0
0
0
0.3039
0.3898
0.7426
0.9149
0.9331
0.9086
0.9086
0.9088
0.9210
0.9399
1.027
1.175
1.323
1.498
1.713
1.945
2.234
2.539
2.878
3.269
3.707
4.186
4.722
5.341
6.010
6.756
7.579
8.495
9.513
10.60
11.80
13.11
14.52
16.06
17.71
19.48
21.35
23.36
25.53
27.82
30.24
32.83
35.50
38.30
41.25
44.29
47.43
50.58
53.69
71.56
103.2
91.68
115.1
150.1
184.0
209.8
277.8
276.8
297.4
291.8
355.5
352.9
339.8
342.4
352.7
415.8
415.9
425.9
459.8
450.1
383.5
386.6
413.6
406.4
413.9
404.4
376.5
386.2
380.4
317.1
297.2
289.0
251.5
235.1
206.5
153.7
141.4
158.2
153.9
159.2
169.6
150.9
131.7
133.9
82.00
36.16
38.68
31.57
23.73
21.66
19.97
18.48
17.14
15.88
14.75
13.68
12.69
11.81
10.99
10.24
9.550
8.944
8.355
7.824
7.340
6.900
6.486
6.127
5.758
5.449
5.122
4.844
4.579
4.337
4.116
3.904
3.714
3.533
3.348
3.176
3.033
2.890
2.718
2.595
2.471
2.348
2.237
2.132
2.045
1.934
1.847
1.742
1.656
1.575
1.489
1.427
1.334
1.260
1.186
1.112
1.069
1.050
0.9145
0.8645
0.7965
0.7351
0.6797
0.6294
0.5741
0.5129
0.4693
0.4258
0.3769
0.3642
0.2963
0.2532
0.2221
0.1911
0.1480
0.1230
0.0553
0.0183
0
0
0
0
0
0
0
0
0
0.2773
0.4014
0.6715
0.8627
0.8838
0.8839
0.8352
0.8221
0.7974
0.7912
0.8034
0.8895
1.030
1.174
1.333
1.543
1.782
2.051
2.345
2.675
3.056
3.499
3.969
4.488
5.069
5.705
6.423
7.225
8.101
9.057
10.10
11.24
12.48
13.80
15.24
16.80
18.46
20.22
22.10
24.13
26.24
28.48
30.87
33.39
36.05
38.79
41.58
44.48
47.34
51.88
80.26
93.23
100.8
112.3
150.5
169.5
204.8
238.2
264.7
280.2
288.5
330.8
327.3
309.1
301.0
323.5
369.7
357.8
382.2
405.0
375.5
334.5
352.3
361.2
363.6
369.1
340.1
332.6
349.0
296.8
261.3
260.1
229.0
209.6
190.4
140.9
120.5
138.8
136.9
140.7
148.9
129.4
115.6
112.9
61.40
34.11
33.12
26.68
20.60
18.76
17.29
16.01
14.84
13.76
12.77
11.86
11.01
10.26
9.562
8.907
8.325
7.785
7.300
6.864
6.447
6.068
5.726
5.398
5.097
4.822
4.575
4.341
4.105
3.895
3.712
3.537
3.363
3.191
3.043
2.900
2.770
2.640
2.510
2.406
2.294
2.195
2.096
2.010
1.905
1.824
1.737
1.670
1.583
1.509
1.441
1.372
1.311
1.249
1.176
1.114
1.057
0.9896
0.9522
0.8967
0.8415
0.7975
0.7301
0.6864
0.6312
0.5879
0.5442
0.4949
0.4578
0.4147
0.3774
0.3465
0.3031
0.2784
0.2413
0.1982
0.1734
0.1241
0.1236
0.0992
0.0743
0.0373
0.0125
0.0000
0
0
0
0.2915
0.5457
0.6987
0.7294
0.7293
0.7232
0.7292
0.6984
0.6924
0.7049
0.7360
0.8106
0.8969
1.008
1.144
1.282
1.453
1.657
1.861
2.098
2.383
2.712
3.066
3.466
3.881
4.370
4.912
5.476
6.128
6.838
7.623
8.486
9.406
10.40
11.49
12.68
13.91
15.26
16.70
18.23
19.87
21.58
23.44
25.37
27.45
29.62
31.84
34.19
36.58
39.18
45.99
47.65
79.93
83.34
93.01
102.2
138.9
141.5
184.0
189.6
223.3
227.7
251.6
261.6
276.3
264.0
257.9
277.7
297.7
292.1
299.3
304.2
272.2
257.6
269.4
274.7
280.4
257.0
251.7
268.9
227.1
203.1
194.9
168.0
158.7
128.9
91.67
104.5
105.9
103.5
109.5
95.58
91.55
83.12
41.14
28.52
25.46
18.54
15.80
14.50
13.41
12.41
11.51
10.67
9.913
9.191
8.555
7.953
7.418
6.908
6.455
6.044
5.671
5.320
5.004
4.703
4.448
4.183
3.971
3.732
3.540
3.361
3.194
3.028
2.874
2.732
2.601
2.465
2.366
2.230
2.131
2.027
1.933
1.854
1.761
1.711
1.601
1.532
1.464
1.390
1.310
1.248
1.193
1.119
1.081
1.031
0.9698
0.9141
0.8529
0.8280
0.7848
0.7106
0.6792
0.6181
0.6051
0.5497
0.5128
0.4690
0.4202
0.3829
0.3519
0.3151
0.2714
0.2283
0.2036
0.1668
0.1605
0.1478
0.0858
0.0431
0.0183
0
0
0
0
0.0000
0.0062
0
0
0
0
0.2651
0.5147
0.5867
0.6732
0.7044
0.7228
0.7110
0.7046
0.6801
0.6676
0.6432
0.6428
0.6671
0.6984
0.7719
0.8275
0.9515
1.118
1.247
1.401
1.612
1.841
2.100
2.385
2.711
3.049
3.433
3.835
4.307
4.806
5.376
5.994
6.684
7.421
8.208
9.075
10.01
11.00
12.05
13.19
14.39
15.68
17.04
18.49
19.98
21.57
23.22
24.95
26.75
28.58
30.54
33.04
37.05
48.86
52.45
79.27
89.02
83.82
93.54
119.0
132.8
150.9
174.0
184.9
183.8
203.5
210.9
206.4
194.3
212.7
215.8
201.6
210.1
198.6
182.1
177.3
181.4
186.2
175.1
164.6
176.2
147.6
135.4
124.3
107.7
103.6
70.99
67.86
70.36
64.89
69.24
63.46
62.55
43.83
23.08
20.69
17.11
12.84
11.75
10.83
10.04
9.325
8.653
8.059
7.502
6.990
6.524
6.086
5.702
5.350
5.014
4.732
4.457
4.193
3.964
3.760
3.574
3.389
3.222
3.054
2.906
2.764
2.623
2.529
2.399
2.287
2.189
2.089
2.003
1.923
1.843
1.762
1.676
1.608
1.552
1.490
1.435
1.379
1.329
1.268
1.212
1.162
1.125
1.070
1.033
0.9895
0.9400
0.8902
0.8411
0.8103
0.7607
0.7236
0.6987
0.6556
0.6186
0.5751
0.5440
0.5007
0.4641
0.4391
0.3960
0.3649
0.3339
0.3092
0.2783
0.2475
0.2167
0.1918
0.1670
0.1424
0.1117
0.1051
0.0745
0.0619
0.0249
0.0186
0.0247
0.0000
0
0
0
0.2015
0.6431
0.6799
0.7170
0.7164
0.6551
0.6305
0.6305
0.6305
0.6305
0.6305
0.6677
0.6800
0.7173
0.7547
0.8283
0.8781
0.9779
1.113
1.237
1.373
1.572
1.768
1.991
2.279
2.560
2.881
3.228
3.600
4.011
4.453
4.954
5.522
6.158
6.809
7.537
8.327
9.183
10.08
11.08
12.12
13.26
14.49
15.77
17.10
18.54
20.06
21.66
23.30
25.03
26.83
28.75
30.78
36.96
52.26
61.05
75.96
73.27
78.31
96.92
108.2
114.5
125.4
122.1
148.3
157.6
170.3
178.5
183.7
184.0
189.2
174.2
180.9
162.0
150.8
151.6
135.9
129.8
134.1
144.1
119.9
130.8
114.2
104.3
88.04
76.67
68.46
43.18
49.57
45.30
47.64
44.57
51.97
29.60
15.31
21.29
11.05
9.861
9.090
8.477
7.908
7.400
6.921
6.490
6.069
5.694
5.336
5.016
4.720
4.460
4.275
3.990
3.779
3.571
3.385
3.211
3.028
2.880
2.731
2.596
2.496
2.359
2.248
2.138
2.039
1.940
1.866
1.779
1.717
1.643
1.582
1.570
1.544
1.359
1.335
1.261
1.199
1.149
1.100
1.038
1.014
0.9517
0.9270
0.9023
0.8403
0.8034
0.7539
0.7413
0.6918
0.6425
0.6057
0.6056
0.5809
0.5191
0.4572
0.4322
0.3954
0.3833
0.3953
0.3585
0.2958
0.2466
0.1727
0.1483
0.1482
0.1235
0.0988
0.0490
0.0123
0
0
0
0
0
0
0
0
0
0
0
0
0.2651
0.5147
0.5867
0.6732
0.7044
0.7228
0.7110
0.7046
0.6801
0.6676
0.6432
0.6428
0.6671
0.6984
0.7719
0.8275
0.9515
1.118
1.247
1.401
1.612
1.841
2.100
2.385
2.711
3.049
3.433
3.835
4.307
4.806
5.376
5.994
6.684
7.421
8.208
9.075
10.01
11.00
12.05
13.19
14.39
15.68
17.04
18.49
19.98
21.57
23.22
24.95
26.75
28.58
30.54
33.04
37.05
48.86
52.45
79.27
89.02
83.82
93.54
119.0
132.8
150.9
174.0
184.9
183.8
203.5
210.9
206.4
194.3
212.7
215.8
201.6
210.1
198.6
182.1
177.3
181.4
186.2
175.1
164.6
176.2
147.6
135.4
124.3
107.7
103.6
70.99
67.86
70.36
64.89
69.24
63.46
62.55
43.83
23.08
20.69
17.11
12.84
11.75
10.83
10.04
9.325
8.653
8.059
7.502
6.990
6.524
6.086
5.702
5.350
5.014
4.732
4.457
4.193
3.964
3.760
3.574
3.389
3.222
3.054
2.906
2.764
2.623
2.529
2.399
2.287
2.189
2.089
2.003
1.923
1.843
1.762
1.676
1.608
1.552
1.490
1.435
1.379
1.329
1.268
1.212
1.162
1.125
1.070
1.033
0.9895
0.9400
0.8902
0.8411
0.8103
0.7607
0.7236
0.6987
0.6556
0.6186
0.5751
0.5440
0.5007
0.4641
0.4391
0.3960
0.3649
0.3339
0.3092
0.2783
0.2475
0.2167
0.1918
0.1670
0.1424
0.1117
0.1051
0.0745
0.0619
0.0249
0.0186
0.0247
0.0000
0
0
0
0.2915
0.5457
0.6987
0.7294
0.7293
0.7232
0.7292
0.6984
0.6924
0.7049
0.7360
0.8106
0.8969
1.008
1.144
1.282
1.453
1.657
1.861
2.098
2.383
2.712
3.066
3.466
3.881
4.370
4.912
5.476
6.128
6.838
7.623
8.486
9.406
10.40
11.49
12.68
13.91
15.26
16.70
18.23
19.87
21.58
23.44
25.37
27.45
29.62
31.84
34.19
36.58
39.18
45.99
47.65
79.93
83.34
93.01
102.2
138.9
141.5
184.0
189.6
223.3
227.7
251.6
261.6
276.3
264.0
257.9
277.7
297.7
292.1
299.3
304.2
272.2
257.6
269.4
274.7
280.4
257.0
251.7
268.9
227.1
203.1
194.9
168.0
158.7
128.9
91.67
104.5
105.9
103.5
109.5
95.58
91.55
83.12
41.14
28.52
25.46
18.54
15.80
14.50
13.41
12.41
11.51
10.67
9.913
9.191
8.555
7.953
7.418
6.908
6.455
6.044
5.671
5.320
5.004
4.703
4.448
4.183
3.971
3.732
3.540
3.361
3.194
3.028
2.874
2.732
2.601
2.465
2.366
2.230
2.131
2.027
1.933
1.854
1.761
1.711
1.601
1.532
1.464
1.390
1.310
1.248
1.193
1.119
1.081
1.031
0.9698
0.9141
0.8529
0.8280
0.7848
0.7106
0.6792
0.6181
0.6051
0.5497
0.5128
0.4690
0.4202
0.3829
0.3519
0.3151
0.2714
0.2283
0.2036
0.1668
0.1605
0.1478
0.0858
0.0431
0.0183
0
0
0
0
0.0000
0.0062
0
0
0
0
0.2773
0.4014
0.6715
0.8627
0.8838
0.8839
0.8352
0.8221
0.7974
0.7912
0.8034
0.8895
1.030
1.174
1.333
1.543
1.782
2.051
2.345
2.675
3.056
3.499
3.969
4.488
5.069
5.705
6.423
7.225
8.101
9.057
10.10
11.24
12.48
13.80
15.24
16.80
18.46
20.22
22.10
24.13
26.24
28.48
30.87
33.39
36.05
38.79
41.58
44.48
47.34
51.88
80.26
93.23
100.8
112.3
150.5
169.5
204.8
238.2
264.7
280.2
288.5
330.8
327.3
309.1
301.0
323.5
369.7
357.8
382.2
405.0
375.5
334.5
352.3
361.2
363.6
369.1
340.1
332.6
349.0
296.8
261.3
260.1
229.0
209.6
190.4
140.9
120.5
138.8
136.9
140.7
148.9
129.4
115.6
112.9
61.40
34.11
33.12
26.68
20.60
18.76
17.29
16.01
14.84
13.76
12.77
11.86
11.01
10.26
9.562
8.907
8.325
7.785
7.300
6.864
6.447
6.068
5.726
5.398
5.097
4.822
4.575
4.341
4.105
3.895
3.712
3.537
3.363
3.191
3.043
2.900
2.770
2.640
2.510
2.406
2.294
2.195
2.096
2.010
1.905
1.824
1.737
1.670
1.583
1.509
1.441
1.372
1.311
1.249
1.176
1.114
1.057
0.9896
0.9522
0.8967
0.8415
0.7975
0.7301
0.6864
0.6312
0.5879
0.5442
0.4949
0.4578
0.4147
0.3774
0.3465
0.3031
0.2784
0.2413
0.1982
0.1734
0.1241
0.1236
0.0992
0.0743
0.0373
0.0125
0.0000
0
0
0
0.3039
0.3898
0.7426
0.9149
0.9331
0.9086
0.9086
0.9088
0.9210
0.9399
1.027
1.175
1.323
1.498
1.713
1.945
2.234
2.539
2.878
3.269
3.707
4.186
4.722
5.341
6.010
6.756
7.579
8.495
9.513
10.60
11.80
13.11
14.52
16.06
17.71
19.48
21.35
23.36
25.53
27.82
30.24
32.83
35.50
38.30
41.25
44.29
47.43
50.58
53.69
71.56
103.2
91.68
115.1
150.1
184.0
209.8
277.8
276.8
297.4
291.8
355.5
352.9
339.8
342.4
352.7
415.8
415.9
425.9
459.8
450.1
383.5
386.6
413.6
406.4
413.9
404.4
376.5
386.2
380.4
317.1
297.2
289.0
251.5
235.1
206.5
153.7
141.4
158.2
153.9
159.2
169.6
150.9
131.7
133.9
82.00
36.16
38.68
31.57
23.73
21.66
19.97
18.48
17.14
15.88
14.75
13.68
12.69
11.81
10.99
10.24
9.550
8.944
8.355
7.824
7.340
6.900
6.486
6.127
5.758
5.449
5.122
4.844
4.579
4.337
4.116
3.904
3.714
3.533
3.348
3.176
3.033
2.890
2.718
2.595
2.471
2.348
2.237
2.132
2.045
1.934
1.847
1.742
1.656
1.575
1.489
1.427
1.334
1.260
1.186
1.112
1.069
1.050
0.9145
0.8645
0.7965
0.7351
0.6797
0.6294
0.5741
0.5129
0.4693
0.4258
0.3769
0.3642
0.2963
0.2532
0.2221
0.1911
0.1480
0.1230
0.0553
0.0183
0
0
0
0
0
0
0
0
0
0.0810
0.1970
0.5906
0.9127
1.013
1.014
0.9832
0.9642
0.9580
0.9458
0.9518
1.050
1.197
1.365
1.593
1.845
2.141
2.475
2.855
3.278
3.754
4.231
4.818
5.469
6.182
6.981
7.867
8.856
9.947
11.14
12.43
13.85
15.42
17.06
18.89
20.82
22.90
25.10
27.45
29.89
32.54
35.36
38.35
41.49
44.78
48.22
51.76
55.26
58.96
84.87
108.5
113.8
126.4
172.9
207.3
249.8
304.3
318.4
325.2
344.8
394.9
407.6
407.2
407.8
424.1
479.9
488.4
499.1
530.7
511.7
448.9
453.0
475.0
470.3
479.4
472.2
446.9
444.5
427.8
366.5
347.7
331.9
294.4
269.6
230.4
175.0
166.0
179.5
176.0
186.7
194.6
173.2
157.6
152.3
80.75
42.51
46.14
33.23
25.53
23.21
21.38
19.79
18.31
16.98
15.73
14.59
13.54
12.59
11.70
10.89
10.15
9.490
8.877
8.312
7.806
7.330
6.897
6.491
6.122
5.786
5.450
5.164
4.887
4.632
4.396
4.181
3.977
3.778
3.587
3.419
3.259
3.099
2.949
2.808
2.696
2.566
2.455
2.344
2.232
2.128
2.029
1.942
1.848
1.762
1.676
1.589
1.515
1.428
1.354
1.287
1.212
1.144
1.082
1.032
0.9526
0.8964
0.8351
0.7916
0.7239
0.6742
0.6248
0.5690
0.5196
0.4825
0.4266
0.3896
0.3340
0.2970
0.2720
0.2414
0.1861
0.1485
0.1238
0.0869
0.0497
0.0371
0.0125
0.0000
0
0
0
