SALVI
1
0
24
15.0
181
1.0
250208 Clap S 5050HE 350mA F151 ANTIRFLX
CLAP S 5050HE 350mA F151 ANTIRFLX

CLAPS-5050HE-F151-ANTIRFLX.ldt
20-2-2025/TB
490
240
80
250
190
0
0
0
0
99.83
100.00
1.00
0.00
1
1
14x5050HE
3993.20
3000
70
31.00
0.30
0.38
0.47
0.55
0.61
0.69
0.74
0.78
0.83
0.87
0.00
15.00
30.00
45.00
60.00
75.00
90.00
105.00
120.00
135.00
150.00
165.00
180.00
195.00
210.00
225.00
240.00
255.00
270.00
285.00
300.00
315.00
330.00
345.00
0.00
1.00
2.00
3.00
4.00
5.00
6.00
7.00
8.00
9.00
10.00
11.00
12.00
13.00
14.00
15.00
16.00
17.00
18.00
19.00
20.00
21.00
22.00
23.00
24.00
25.00
26.00
27.00
28.00
29.00
30.00
31.00
32.00
33.00
34.00
35.00
36.00
37.00
38.00
39.00
40.00
41.00
42.00
43.00
44.00
45.00
46.00
47.00
48.00
49.00
50.00
51.00
52.00
53.00
54.00
55.00
56.00
57.00
58.00
59.00
60.00
61.00
62.00
63.00
64.00
65.00
66.00
67.00
68.00
69.00
70.00
71.00
72.00
73.00
74.00
75.00
76.00
77.00
78.00
79.00
80.00
81.00
82.00
83.00
84.00
85.00
86.00
87.00
88.00
89.00
90.00
91.00
92.00
93.00
94.00
95.00
96.00
97.00
98.00
99.00
100.00
101.00
102.00
103.00
104.00
105.00
106.00
107.00
108.00
109.00
110.00
111.00
112.00
113.00
114.00
115.00
116.00
117.00
118.00
119.00
120.00
121.00
122.00
123.00
124.00
125.00
126.00
127.00
128.00
129.00
130.00
131.00
132.00
133.00
134.00
135.00
136.00
137.00
138.00
139.00
140.00
141.00
142.00
143.00
144.00
145.00
146.00
147.00
148.00
149.00
150.00
151.00
152.00
153.00
154.00
155.00
156.00
157.00
158.00
159.00
160.00
161.00
162.00
163.00
164.00
165.00
166.00
167.00
168.00
169.00
170.00
171.00
172.00
173.00
174.00
175.00
176.00
177.00
178.00
179.00
180.00
290.80
290.50
291.70
292.30
293.60
294.70
296.30
297.50
297.80
296.80
296.00
295.30
294.60
293.60
292.20
291.10
289.70
289.10
289.60
291.20
293.80
296.00
298.30
300.80
302.70
304.40
307.30
309.80
313.20
316.90
321.10
325.80
330.50
335.20
339.10
342.60
346.20
348.30
350.60
352.60
353.40
354.20
353.70
353.90
352.90
352.40
352.30
352.00
352.10
351.60
352.10
352.70
353.90
356.50
359.50
363.40
367.90
366.70
361.20
357.90
359.40
361.30
362.10
354.50
341.20
329.40
322.60
314.60
298.20
278.90
262.50
245.90
213.70
178.80
147.90
116.00
83.71
66.47
49.22
37.49
25.79
16.68
9.22
4.01
2.41
1.81
1.37
1.04
0.72
0.36
0.17
0.17
0.17
0.17
0.18
0.19
0.20
0.21
0.22
0.22
0.23
0.24
0.25
0.26
0.27
0.28
0.29
0.29
0.30
0.31
0.32
0.33
0.33
0.34
0.35
0.35
0.36
0.36
0.37
0.37
0.38
0.38
0.39
0.39
0.39
0.40
0.40
0.41
0.41
0.42
0.42
0.42
0.43
0.43
0.44
0.44
0.45
0.46
0.46
0.47
0.47
0.47
0.48
0.48
0.48
0.48
0.48
0.48
0.48
0.48
0.48
0.48
0.48
0.48
0.48
0.48
0.48
0.48
0.48
0.48
0.48
0.48
0.48
0.48
0.48
0.48
0.48
0.48
0.48
0.48
0.48
0.48
0.48
0.48
0.48
0.48
0.48
0.49
0.49
0.49
0.49
290.40
294.70
299.50
304.60
310.70
316.70
323.10
329.10
334.00
338.30
341.40
344.80
347.50
350.10
352.00
354.40
356.40
357.60
360.20
362.30
366.50
371.70
377.60
382.50
386.60
391.70
397.00
402.10
407.60
414.40
421.30
429.30
436.60
444.80
453.10
461.90
467.90
474.70
480.60
486.00
489.10
493.70
496.40
499.40
501.90
504.10
508.10
511.30
515.20
518.50
523.60
528.00
532.00
538.30
546.10
554.30
563.50
573.70
583.80
596.50
607.10
609.30
604.90
597.80
591.60
587.70
576.70
558.20
534.60
511.10
486.40
455.80
415.90
364.20
300.50
226.30
167.20
108.40
75.11
50.10
34.39
22.10
13.45
6.62
3.29
2.25
1.75
1.40
1.12
0.83
0.49
0.19
0.14
0.14
0.15
0.15
0.16
0.16
0.17
0.17
0.18
0.19
0.20
0.20
0.21
0.22
0.22
0.23
0.24
0.24
0.25
0.26
0.26
0.26
0.27
0.28
0.28
0.29
0.29
0.29
0.30
0.30
0.31
0.31
0.31
0.32
0.32
0.32
0.33
0.33
0.33
0.34
0.34
0.35
0.35
0.36
0.36
0.37
0.37
0.38
0.38
0.39
0.39
0.39
0.39
0.40
0.40
0.40
0.41
0.41
0.41
0.42
0.42
0.42
0.42
0.43
0.43
0.43
0.44
0.44
0.45
0.45
0.45
0.45
0.46
0.46
0.47
0.47
0.47
0.48
0.48
0.49
0.49
0.50
0.50
0.51
0.51
0.52
0.52
0.52
0.52
290.20
299.00
308.20
318.60
327.80
337.80
348.10
358.20
368.50
377.00
385.40
392.90
397.90
403.50
408.70
412.70
417.30
420.60
423.90
426.80
428.80
432.00
433.70
434.70
437.30
440.30
442.40
445.00
447.80
450.70
453.10
456.20
460.00
463.20
467.40
472.30
477.10
481.60
487.20
491.60
494.40
498.70
502.90
505.90
510.50
514.60
518.70
522.40
527.80
532.10
537.40
541.20
544.80
548.40
551.40
552.30
552.70
550.30
547.70
544.00
539.70
532.70
523.30
507.70
488.70
466.20
439.90
408.10
372.00
333.90
296.40
255.20
215.30
179.10
145.00
114.10
87.41
63.48
50.73
39.39
28.45
19.29
11.76
5.51
3.79
2.62
2.00
1.53
1.24
0.99
0.71
0.38
0.16
0.10
0.08
0.08
0.08
0.08
0.08
0.08
0.08
0.08
0.08
0.08
0.09
0.10
0.10
0.10
0.11
0.11
0.12
0.12
0.13
0.13
0.14
0.14
0.15
0.15
0.16
0.16
0.16
0.17
0.18
0.18
0.18
0.19
0.19
0.20
0.21
0.21
0.22
0.22
0.22
0.23
0.23
0.23
0.24
0.24
0.25
0.26
0.27
0.27
0.27
0.27
0.28
0.28
0.29
0.30
0.30
0.31
0.31
0.32
0.32
0.33
0.34
0.35
0.35
0.35
0.36
0.36
0.37
0.38
0.38
0.39
0.39
0.40
0.41
0.42
0.43
0.43
0.43
0.44
0.45
0.46
0.48
0.48
0.49
0.50
0.51
0.51
0.52
289.70
301.90
315.00
327.70
341.40
353.80
367.70
380.30
393.00
406.30
416.60
428.20
438.60
447.30
455.50
462.10
464.80
469.70
471.40
473.80
474.50
474.50
474.00
473.40
471.70
470.00
468.00
467.30
465.90
464.50
466.00
465.40
465.40
466.60
467.70
468.20
468.80
469.00
467.90
465.30
462.50
456.00
447.00
436.10
422.00
406.80
392.20
377.20
362.50
348.30
335.50
324.00
308.90
291.00
271.40
251.10
229.70
211.10
195.50
181.60
169.10
157.30
145.70
134.60
124.00
113.50
102.60
91.39
80.76
71.83
64.67
57.52
50.50
43.89
37.19
31.69
26.20
21.54
16.63
14.50
12.35
9.96
7.62
5.05
3.59
2.69
2.12
1.68
1.32
1.02
0.81
0.56
0.29
0.10
0.07
0.06
0.06
0.06
0.06
0.06
0.06
0.07
0.07
0.07
0.07
0.08
0.08
0.08
0.08
0.09
0.09
0.09
0.09
0.10
0.10
0.10
0.11
0.11
0.11
0.11
0.12
0.12
0.13
0.13
0.13
0.14
0.14
0.15
0.15
0.16
0.16
0.17
0.17
0.17
0.18
0.18
0.19
0.20
0.20
0.21
0.21
0.22
0.22
0.23
0.24
0.24
0.25
0.26
0.26
0.27
0.27
0.28
0.29
0.30
0.31
0.32
0.32
0.33
0.34
0.34
0.35
0.36
0.37
0.38
0.39
0.40
0.41
0.41
0.42
0.43
0.44
0.46
0.47
0.48
0.50
0.50
0.52
0.53
0.54
0.54
0.54
290.70
306.10
321.80
336.80
351.70
367.50
383.00
397.30
411.50
424.90
437.60
450.60
461.20
468.30
475.90
481.70
486.50
488.70
489.80
490.70
488.00
487.50
485.80
483.80
481.80
479.60
477.00
474.50
473.30
468.30
465.80
459.30
452.90
445.30
434.80
421.80
407.70
393.00
378.60
364.20
350.90
338.20
326.10
309.20
284.90
259.20
241.30
227.90
216.60
206.10
196.20
186.30
176.90
167.20
158.00
149.00
139.90
131.10
123.00
115.40
108.10
101.30
94.82
88.46
80.91
73.32
65.72
59.22
53.01
46.62
41.36
37.22
33.29
29.68
26.19
22.82
19.25
16.52
13.94
11.25
8.79
7.16
5.66
4.26
3.21
2.53
1.93
1.54
1.25
0.92
0.75
0.57
0.38
0.20
0.12
0.09
0.08
0.07
0.07
0.07
0.07
0.07
0.07
0.07
0.07
0.07
0.07
0.07
0.07
0.07
0.07
0.07
0.07
0.08
0.08
0.08
0.08
0.08
0.08
0.08
0.08
0.09
0.09
0.09
0.09
0.09
0.09
0.09
0.10
0.10
0.11
0.11
0.12
0.12
0.12
0.13
0.13
0.14
0.14
0.15
0.15
0.16
0.16
0.17
0.18
0.19
0.20
0.20
0.21
0.22
0.22
0.23
0.24
0.25
0.25
0.26
0.27
0.28
0.29
0.30
0.31
0.32
0.33
0.34
0.35
0.36
0.38
0.38
0.39
0.40
0.42
0.43
0.44
0.45
0.47
0.48
0.50
0.51
0.53
0.53
0.55
289.90
306.80
324.00
341.00
357.90
374.40
390.90
405.80
421.30
436.20
449.50
460.70
470.10
477.60
484.80
487.90
490.10
491.60
490.30
487.70
484.60
482.00
478.50
474.40
471.40
467.10
462.10
457.20
450.60
442.30
432.00
418.80
404.50
389.80
374.70
360.40
345.50
332.90
319.60
296.20
272.30
255.70
240.70
229.30
218.00
207.40
198.10
188.10
179.30
170.50
161.70
153.40
145.00
136.80
129.40
122.60
115.80
109.70
104.10
98.48
93.06
84.73
73.30
62.20
51.87
44.99
39.87
36.41
33.88
31.65
29.19
26.67
24.13
21.69
19.33
16.48
12.71
10.54
9.03
7.92
6.83
5.85
4.87
3.92
2.98
2.19
1.68
1.31
1.06
0.77
0.59
0.46
0.34
0.22
0.14
0.09
0.08
0.07
0.07
0.07
0.08
0.08
0.08
0.08
0.08
0.08
0.08
0.09
0.09
0.09
0.09
0.09
0.09
0.09
0.09
0.09
0.09
0.09
0.10
0.10
0.10
0.10
0.10
0.11
0.11
0.11
0.11
0.11
0.12
0.12
0.12
0.12
0.13
0.13
0.14
0.14
0.14
0.15
0.15
0.16
0.16
0.17
0.18
0.18
0.19
0.19
0.20
0.21
0.22
0.23
0.23
0.24
0.25
0.26
0.27
0.28
0.29
0.30
0.31
0.32
0.33
0.34
0.35
0.37
0.38
0.39
0.40
0.41
0.42
0.43
0.44
0.46
0.47
0.49
0.50
0.51
0.53
0.54
0.56
0.56
0.56
291.30
308.60
326.60
344.50
360.40
378.70
395.20
409.40
426.30
441.20
453.90
465.40
473.60
481.60
486.50
489.50
491.60
492.20
489.10
486.90
483.30
479.80
475.90
471.80
466.90
461.70
455.70
448.60
439.50
428.20
414.90
398.90
384.70
369.00
354.10
341.10
327.20
309.50
285.00
265.20
249.30
235.90
223.60
212.70
202.70
192.80
183.40
174.40
166.00
157.70
148.90
141.50
133.90
126.80
119.50
113.50
108.20
102.70
96.68
91.32
83.23
68.73
54.17
40.76
33.08
28.53
25.85
24.28
23.10
23.02
22.74
21.55
20.00
18.46
16.56
14.35
13.22
11.97
10.85
9.63
8.47
7.35
6.16
5.02
3.99
2.15
1.52
1.21
0.95
0.65
0.52
0.41
0.32
0.24
0.17
0.13
0.10
0.09
0.09
0.08
0.08
0.08
0.08
0.08
0.08
0.08
0.08
0.08
0.08
0.08
0.08
0.08
0.08
0.08
0.08
0.08
0.08
0.08
0.08
0.08
0.08
0.08
0.08
0.09
0.09
0.09
0.09
0.09
0.11
0.11
0.11
0.11
0.11
0.11
0.12
0.12
0.12
0.13
0.14
0.15
0.15
0.15
0.15
0.16
0.16
0.17
0.18
0.19
0.19
0.20
0.21
0.22
0.23
0.24
0.25
0.26
0.27
0.28
0.30
0.31
0.32
0.33
0.34
0.35
0.36
0.38
0.38
0.40
0.41
0.42
0.43
0.45
0.46
0.48
0.50
0.51
0.53
0.55
0.55
0.56
0.57
289.90
306.80
324.00
341.00
357.90
374.40
390.90
405.80
421.30
436.20
449.50
460.70
470.10
477.60
484.80
487.90
490.10
491.60
490.30
487.70
484.60
482.00
478.50
474.40
471.40
467.10
462.10
457.20
450.60
442.30
432.00
418.80
404.50
389.80
374.70
360.40
345.50
332.90
319.60
296.20
272.30
255.70
240.70
229.30
218.00
207.40
198.10
188.10
179.30
170.50
161.70
153.40
145.00
136.80
129.40
122.60
115.80
109.70
104.10
98.48
93.06
84.73
73.30
62.20
51.87
44.99
39.87
36.41
33.88
31.65
29.19
26.67
24.13
21.69
19.33
16.48
12.71
10.54
9.03
7.92
6.83
5.85
4.87
3.92
2.98
2.19
1.68
1.31
1.06
0.77
0.59
0.46
0.34
0.22
0.14
0.09
0.08
0.07
0.07
0.07
0.08
0.08
0.08
0.08
0.08
0.08
0.08
0.09
0.09
0.09
0.09
0.09
0.09
0.09
0.09
0.09
0.09
0.09
0.10
0.10
0.10
0.10
0.10
0.11
0.11
0.11
0.11
0.11
0.12
0.12
0.12
0.12
0.13
0.13
0.14
0.14
0.14
0.15
0.15
0.16
0.16
0.17
0.18
0.18
0.19
0.19
0.20
0.21
0.22
0.23
0.23
0.24
0.25
0.26
0.27
0.28
0.29
0.30
0.31
0.32
0.33
0.34
0.35
0.37
0.38
0.39
0.40
0.41
0.42
0.43
0.44
0.46
0.47
0.49
0.50
0.51
0.53
0.54
0.56
0.56
0.56
290.70
306.10
321.80
336.80
351.70
367.50
383.00
397.30
411.50
424.90
437.60
450.60
461.20
468.30
475.90
481.70
486.50
488.70
489.80
490.70
488.00
487.50
485.80
483.80
481.80
479.60
477.00
474.50
473.30
468.30
465.80
459.30
452.90
445.30
434.80
421.80
407.70
393.00
378.60
364.20
350.90
338.20
326.10
309.20
284.90
259.20
241.30
227.90
216.60
206.10
196.20
186.30
176.90
167.20
158.00
149.00
139.90
131.10
123.00
115.40
108.10
101.30
94.82
88.46
80.91
73.32
65.72
59.22
53.01
46.62
41.36
37.22
33.29
29.68
26.19
22.82
19.25
16.52
13.94
11.25
8.79
7.16
5.66
4.26
3.21
2.53
1.93
1.54
1.25
0.92
0.75
0.57
0.38
0.20
0.12
0.09
0.08
0.07
0.07
0.07
0.07
0.07
0.07
0.07
0.07
0.07
0.07
0.07
0.07
0.07
0.07
0.07
0.07
0.08
0.08
0.08
0.08
0.08
0.08
0.08
0.08
0.09
0.09
0.09
0.09
0.09
0.09
0.09
0.10
0.10
0.11
0.11
0.12
0.12
0.12
0.13
0.13
0.14
0.14
0.15
0.15
0.16
0.16
0.17
0.18
0.19
0.20
0.20
0.21
0.22
0.22
0.23
0.24
0.25
0.25
0.26
0.27
0.28
0.29
0.30
0.31
0.32
0.33
0.34
0.35
0.36
0.38
0.38
0.39
0.40
0.42
0.43
0.44
0.45
0.47
0.48
0.50
0.51
0.53
0.53
0.55
289.70
301.90
315.00
327.70
341.40
353.80
367.70
380.30
393.00
406.30
416.60
428.20
438.60
447.30
455.50
462.10
464.80
469.70
471.40
473.80
474.50
474.50
474.00
473.40
471.70
470.00
468.00
467.30
465.90
464.50
466.00
465.40
465.40
466.60
467.70
468.20
468.80
469.00
467.90
465.30
462.50
456.00
447.00
436.10
422.00
406.80
392.20
377.20
362.50
348.30
335.50
324.00
308.90
291.00
271.40
251.10
229.70
211.10
195.50
181.60
169.10
157.30
145.70
134.60
124.00
113.50
102.60
91.39
80.76
71.83
64.67
57.52
50.50
43.89
37.19
31.69
26.20
21.54
16.63
14.50
12.35
9.96
7.62
5.05
3.59
2.69
2.12
1.68
1.32
1.02
0.81
0.56
0.29
0.10
0.07
0.06
0.06
0.06
0.06
0.06
0.06
0.07
0.07
0.07
0.07
0.08
0.08
0.08
0.08
0.09
0.09
0.09
0.09
0.10
0.10
0.10
0.11
0.11
0.11
0.11
0.12
0.12
0.13
0.13
0.13
0.14
0.14
0.15
0.15
0.16
0.16
0.17
0.17
0.17
0.18
0.18
0.19
0.20
0.20
0.21
0.21
0.22
0.22
0.23
0.24
0.24
0.25
0.26
0.26
0.27
0.27
0.28
0.29
0.30
0.31
0.32
0.32
0.33
0.34
0.34
0.35
0.36
0.37
0.38
0.39
0.40
0.41
0.41
0.42
0.43
0.44
0.46
0.47
0.48
0.50
0.50
0.52
0.53
0.54
0.54
0.54
290.20
299.00
308.20
318.60
327.80
337.80
348.10
358.20
368.50
377.00
385.40
392.90
397.90
403.50
408.70
412.70
417.30
420.60
423.90
426.80
428.80
432.00
433.70
434.70
437.30
440.30
442.40
445.00
447.80
450.70
453.10
456.20
460.00
463.20
467.40
472.30
477.10
481.60
487.20
491.60
494.40
498.70
502.90
505.90
510.50
514.60
518.70
522.40
527.80
532.10
537.40
541.20
544.80
548.40
551.40
552.30
552.70
550.30
547.70
544.00
539.70
532.70
523.30
507.70
488.70
466.20
439.90
408.10
372.00
333.90
296.40
255.20
215.30
179.10
145.00
114.10
87.41
63.48
50.73
39.39
28.45
19.29
11.76
5.51
3.79
2.62
2.00
1.53
1.24
0.99
0.71
0.38
0.16
0.10
0.08
0.08
0.08
0.08
0.08
0.08
0.08
0.08
0.08
0.08
0.09
0.10
0.10
0.10
0.11
0.11
0.12
0.12
0.13
0.13
0.14
0.14
0.15
0.15
0.16
0.16
0.16
0.17
0.18
0.18
0.18
0.19
0.19
0.20
0.21
0.21
0.22
0.22
0.22
0.23
0.23
0.23
0.24
0.24
0.25
0.26
0.27
0.27
0.27
0.27
0.28
0.28
0.29
0.30
0.30
0.31
0.31
0.32
0.32
0.33
0.34
0.35
0.35
0.35
0.36
0.36
0.37
0.38
0.38
0.39
0.39
0.40
0.41
0.42
0.43
0.43
0.43
0.44
0.45
0.46
0.48
0.48
0.49
0.50
0.51
0.51
0.52
290.40
294.70
299.50
304.60
310.70
316.70
323.10
329.10
334.00
338.30
341.40
344.80
347.50
350.10
352.00
354.40
356.40
357.60
360.20
362.30
366.50
371.70
377.60
382.50
386.60
391.70
397.00
402.10
407.60
414.40
421.30
429.30
436.60
444.80
453.10
461.90
467.90
474.70
480.60
486.00
489.10
493.70
496.40
499.40
501.90
504.10
508.10
511.30
515.20
518.50
523.60
528.00
532.00
538.30
546.10
554.30
563.50
573.70
583.80
596.50
607.10
609.30
604.90
597.80
591.60
587.70
576.70
558.20
534.60
511.10
486.40
455.80
415.90
364.20
300.50
226.30
167.20
108.40
75.11
50.10
34.39
22.10
13.45
6.62
3.29
2.25
1.75
1.40
1.12
0.83
0.49
0.19
0.14
0.14
0.15
0.15
0.16
0.16
0.17
0.17
0.18
0.19
0.20
0.20
0.21
0.22
0.22
0.23
0.24
0.24
0.25
0.26
0.26
0.26
0.27
0.28
0.28
0.29
0.29
0.29
0.30
0.30
0.31
0.31
0.31
0.32
0.32
0.32
0.33
0.33
0.33
0.34
0.34
0.35
0.35
0.36
0.36
0.37
0.37
0.38
0.38
0.39
0.39
0.39
0.39
0.40
0.40
0.40
0.41
0.41
0.41
0.42
0.42
0.42
0.42
0.43
0.43
0.43
0.44
0.44
0.45
0.45
0.45
0.45
0.46
0.46
0.47
0.47
0.47
0.48
0.48
0.49
0.49
0.50
0.50
0.51
0.51
0.52
0.52
0.52
0.52
290.80
290.50
291.70
292.30
293.60
294.70
296.30
297.50
297.80
296.80
296.00
295.30
294.60
293.60
292.20
291.10
289.70
289.10
289.60
291.20
293.80
296.00
298.30
300.80
302.70
304.40
307.30
309.80
313.20
316.90
321.10
325.80
330.50
335.20
339.10
342.60
346.20
348.30
350.60
352.60
353.40
354.20
353.70
353.90
352.90
352.40
352.30
352.00
352.10
351.60
352.10
352.70
353.90
356.50
359.50
363.40
367.90
366.70
361.20
357.90
359.40
361.30
362.10
354.50
341.20
329.40
322.60
314.60
298.20
278.90
262.50
245.90
213.70
178.80
147.90
116.00
83.71
66.47
49.22
37.49
25.79
16.68
9.22
4.01
2.41
1.81
1.37
1.04
0.72
0.36
0.17
0.17
0.17
0.17
0.18
0.19
0.20
0.21
0.22
0.22
0.23
0.24
0.25
0.26
0.27
0.28
0.29
0.29
0.30
0.31
0.32
0.33
0.33
0.34
0.35
0.35
0.36
0.36
0.37
0.37
0.38
0.38
0.39
0.39
0.39
0.40
0.40
0.41
0.41
0.42
0.42
0.42
0.43
0.43
0.44
0.44
0.45
0.46
0.46
0.47
0.47
0.47
0.48
0.48
0.48
0.48
0.48
0.48
0.48
0.48
0.48
0.48
0.48
0.48
0.48
0.48
0.48
0.48
0.48
0.48
0.48
0.48
0.48
0.48
0.48
0.48
0.48
0.48
0.48
0.48
0.48
0.48
0.48
0.48
0.48
0.48
0.48
0.49
0.49
0.49
0.49
290.40
285.40
282.10
277.60
273.80
270.40
267.60
263.10
259.40
254.90
250.70
246.10
241.90
237.60
233.20
229.20
225.00
221.80
218.60
216.60
214.70
213.30
211.70
210.40
208.60
207.60
206.20
205.20
204.20
203.80
203.70
203.00
202.90
202.70
202.20
202.20
201.60
201.20
200.20
199.10
197.80
196.60
194.80
192.80
190.60
188.40
185.70
183.20
180.10
177.30
174.30
171.10
167.90
164.90
161.10
153.40
148.90
145.80
142.50
139.60
136.30
131.20
124.60
122.10
119.80
116.80
112.80
104.70
100.50
93.04
86.87
79.63
73.01
63.73
55.66
48.26
35.15
25.33
20.54
14.19
10.97
6.47
4.12
2.34
1.73
1.18
0.77
0.42
0.23
0.17
0.17
0.17
0.17
0.17
0.18
0.19
0.20
0.21
0.22
0.23
0.24
0.25
0.26
0.27
0.29
0.29
0.29
0.30
0.31
0.32
0.33
0.33
0.34
0.35
0.35
0.36
0.36
0.37
0.37
0.37
0.37
0.37
0.38
0.38
0.38
0.39
0.39
0.39
0.40
0.40
0.41
0.41
0.42
0.43
0.43
0.44
0.45
0.46
0.46
0.47
0.48
0.49
0.49
0.50
0.51
0.51
0.52
0.53
0.53
0.53
0.53
0.53
0.53
0.53
0.54
0.54
0.54
0.54
0.54
0.54
0.54
0.54
0.53
0.53
0.53
0.53
0.53
0.52
0.52
0.52
0.52
0.52
0.52
0.51
0.51
0.51
0.52
0.51
0.51
0.52
0.53
290.20
282.60
273.40
264.30
257.10
249.70
242.20
234.70
226.90
219.60
211.90
205.10
197.90
191.90
185.40
179.20
173.50
168.30
163.50
158.60
154.50
150.50
146.80
143.30
140.20
136.90
133.70
130.90
128.20
125.60
123.20
120.90
118.80
116.70
114.50
112.50
110.70
108.60
106.70
104.70
102.40
100.30
97.86
95.16
92.44
89.63
86.73
83.66
81.03
78.61
76.43
74.57
72.69
70.62
68.61
66.95
65.35
63.72
62.10
60.43
58.66
56.71
54.96
52.95
50.72
48.31
45.36
42.54
39.83
37.21
34.55
31.56
28.64
25.40
22.01
18.71
15.45
12.12
8.93
6.69
5.15
3.82
2.53
1.60
0.94
0.53
0.29
0.16
0.14
0.15
0.16
0.16
0.17
0.18
0.19
0.20
0.21
0.22
0.23
0.24
0.25
0.25
0.27
0.28
0.28
0.29
0.30
0.31
0.32
0.33
0.33
0.34
0.35
0.36
0.36
0.37
0.38
0.38
0.39
0.40
0.40
0.41
0.41
0.41
0.42
0.42
0.43
0.43
0.44
0.44
0.44
0.45
0.46
0.46
0.47
0.48
0.49
0.49
0.50
0.51
0.51
0.52
0.52
0.53
0.53
0.54
0.54
0.54
0.54
0.54
0.54
0.54
0.54
0.55
0.54
0.54
0.54
0.54
0.54
0.54
0.54
0.53
0.53
0.53
0.53
0.53
0.52
0.52
0.52
0.52
0.52
0.52
0.52
0.52
0.52
0.53
0.53
0.53
0.53
0.53
0.53
289.70
277.90
265.30
253.30
241.70
230.90
219.70
209.60
200.30
190.50
181.50
173.00
164.50
157.10
150.40
143.80
137.70
132.10
127.40
123.10
118.90
115.20
111.50
108.30
105.20
102.50
99.86
97.22
94.61
91.97
89.96
87.67
85.40
83.10
80.43
77.54
74.75
71.68
68.42
65.51
63.19
61.65
60.38
59.90
59.30
58.73
58.37
57.83
57.40
56.87
56.44
56.00
55.47
54.89
54.10
53.29
52.26
51.25
49.94
48.57
46.96
45.33
43.74
42.06
40.15
38.16
36.26
34.65
33.00
30.79
28.95
26.84
24.52
22.16
19.50
17.04
14.59
12.18
9.14
6.95
4.50
2.77
1.46
0.67
0.39
0.21
0.11
0.10
0.10
0.10
0.10
0.10
0.11
0.12
0.13
0.13
0.14
0.15
0.15
0.16
0.17
0.18
0.19
0.20
0.21
0.22
0.22
0.23
0.25
0.25
0.26
0.27
0.28
0.29
0.29
0.30
0.31
0.32
0.33
0.34
0.35
0.35
0.35
0.36
0.37
0.38
0.38
0.39
0.40
0.40
0.41
0.42
0.43
0.43
0.43
0.45
0.45
0.46
0.46
0.47
0.47
0.48
0.49
0.50
0.50
0.50
0.50
0.51
0.51
0.51
0.51
0.52
0.52
0.52
0.53
0.53
0.53
0.53
0.53
0.53
0.53
0.53
0.53
0.53
0.53
0.53
0.53
0.53
0.53
0.54
0.54
0.54
0.54
0.53
0.53
0.53
0.53
0.53
0.54
0.54
0.54
290.70
275.80
260.60
246.10
232.20
218.00
205.40
193.20
181.70
171.10
161.20
152.50
144.30
136.60
129.90
124.20
118.90
114.30
109.60
106.00
102.70
99.41
96.57
93.83
90.85
87.83
84.83
82.03
79.07
75.92
72.30
69.17
65.75
62.52
59.96
58.47
57.59
57.15
56.95
56.74
56.67
56.60
56.35
56.24
56.09
55.90
55.62
55.00
54.17
53.52
52.80
52.25
51.69
50.93
50.17
49.31
48.30
47.14
45.77
44.29
42.90
41.19
39.24
37.61
35.91
34.36
32.85
30.87
29.12
27.31
25.55
23.43
21.28
19.17
17.12
14.63
12.48
10.21
7.77
5.64
3.84
1.18
0.60
0.33
0.13
0.07
0.07
0.08
0.08
0.08
0.09
0.09
0.09
0.10
0.10
0.11
0.11
0.12
0.12
0.13
0.14
0.14
0.15
0.16
0.16
0.17
0.18
0.19
0.20
0.20
0.21
0.22
0.23
0.24
0.25
0.26
0.26
0.27
0.28
0.29
0.30
0.31
0.32
0.33
0.33
0.34
0.35
0.36
0.37
0.38
0.38
0.39
0.40
0.41
0.42
0.42
0.43
0.44
0.44
0.45
0.46
0.46
0.47
0.48
0.48
0.49
0.49
0.50
0.50
0.50
0.51
0.51
0.52
0.52
0.52
0.52
0.52
0.53
0.53
0.53
0.53
0.54
0.54
0.54
0.54
0.54
0.54
0.54
0.54
0.54
0.54
0.54
0.54
0.54
0.55
0.55
0.55
0.55
0.55
0.55
0.55
289.90
272.80
255.80
239.80
224.10
209.00
195.10
182.30
170.10
159.10
148.90
139.90
131.90
125.20
119.30
114.10
109.10
105.10
101.80
98.57
95.26
91.65
88.22
84.83
81.64
78.73
75.43
71.89
68.35
64.80
61.31
58.61
56.99
55.97
55.35
55.07
54.73
54.50
54.32
54.51
55.09
55.41
55.62
55.43
54.75
54.59
54.47
54.37
54.15
53.98
53.77
53.52
53.23
52.78
51.90
50.69
49.13
47.21
45.41
43.68
41.92
40.19
38.48
36.80
35.39
33.94
32.97
31.95
31.16
30.36
29.07
26.66
24.44
22.55
20.13
15.19
11.95
9.07
6.13
3.36
1.05
0.55
0.25
0.13
0.09
0.07
0.07
0.07
0.07
0.07
0.07
0.07
0.07
0.07
0.07
0.07
0.08
0.08
0.09
0.09
0.09
0.10
0.10
0.10
0.11
0.12
0.13
0.13
0.13
0.14
0.15
0.17
0.17
0.17
0.18
0.19
0.20
0.21
0.21
0.23
0.23
0.24
0.25
0.26
0.27
0.28
0.29
0.30
0.31
0.32
0.33
0.34
0.34
0.36
0.36
0.37
0.38
0.39
0.41
0.41
0.41
0.41
0.42
0.43
0.43
0.44
0.45
0.45
0.45
0.46
0.47
0.47
0.47
0.47
0.48
0.48
0.48
0.49
0.49
0.49
0.49
0.49
0.50
0.50
0.50
0.50
0.50
0.51
0.51
0.51
0.51
0.51
0.51
0.51
0.53
0.54
0.54
0.54
0.55
0.55
0.55
291.30
274.00
256.20
239.30
223.00
207.40
193.20
179.90
167.60
156.60
146.90
137.20
129.60
122.80
117.30
111.90
107.20
103.70
100.30
96.76
93.07
89.48
85.79
82.44
79.48
76.28
72.62
68.75
65.18
61.74
58.87
56.86
55.71
54.91
54.65
54.47
54.48
54.25
54.42
54.80
54.95
55.12
54.84
54.18
54.35
54.39
54.34
54.08
53.82
53.56
53.45
53.24
52.91
52.13
50.74
48.79
46.57
44.83
43.36
42.00
40.48
39.10
37.67
36.42
35.32
34.22
33.09
32.61
32.76
32.76
32.52
28.63
27.52
23.79
18.92
13.56
10.79
6.25
3.28
1.54
0.86
0.42
0.12
0.07
0.07
0.08
0.08
0.08
0.08
0.08
0.08
0.08
0.09
0.09
0.09
0.10
0.10
0.11
0.11
0.11
0.12
0.12
0.13
0.13
0.13
0.14
0.14
0.15
0.16
0.16
0.17
0.18
0.18
0.19
0.20
0.20
0.21
0.22
0.23
0.24
0.25
0.26
0.26
0.27
0.28
0.30
0.31
0.31
0.32
0.33
0.34
0.35
0.36
0.37
0.38
0.38
0.39
0.40
0.41
0.42
0.42
0.43
0.44
0.45
0.46
0.46
0.47
0.47
0.47
0.48
0.48
0.48
0.49
0.49
0.49
0.49
0.50
0.50
0.50
0.50
0.50
0.51
0.51
0.51
0.51
0.51
0.52
0.52
0.52
0.52
0.52
0.53
0.53
0.53
0.55
0.56
0.56
0.57
0.57
0.57
0.57
289.90
272.80
255.80
239.80
224.10
209.00
195.10
182.30
170.10
159.10
148.90
139.90
131.90
125.20
119.30
114.10
109.10
105.10
101.80
98.57
95.26
91.65
88.22
84.83
81.64
78.73
75.43
71.89
68.35
64.80
61.31
58.61
56.99
55.97
55.35
55.07
54.73
54.50
54.32
54.51
55.09
55.41
55.62
55.43
54.75
54.59
54.47
54.37
54.15
53.98
53.77
53.52
53.23
52.78
51.90
50.69
49.13
47.21
45.41
43.68
41.92
40.19
38.48
36.80
35.39
33.94
32.97
31.95
31.16
30.36
29.07
26.66
24.44
22.55
20.13
15.19
11.95
9.07
6.13
3.36
1.05
0.55
0.25
0.13
0.09
0.07
0.07
0.07
0.07
0.07
0.07
0.07
0.07
0.07
0.07
0.07
0.08
0.08
0.09
0.09
0.09
0.10
0.10
0.10
0.11
0.12
0.13
0.13
0.13
0.14
0.15
0.17
0.17
0.17
0.18
0.19
0.20
0.21
0.21
0.23
0.23
0.24
0.25
0.26
0.27
0.28
0.29
0.30
0.31
0.32
0.33
0.34
0.34
0.36
0.36
0.37
0.38
0.39
0.41
0.41
0.41
0.41
0.42
0.43
0.43
0.44
0.45
0.45
0.45
0.46
0.47
0.47
0.47
0.47
0.48
0.48
0.48
0.49
0.49
0.49
0.49
0.49
0.50
0.50
0.50
0.50
0.50
0.51
0.51
0.51
0.51
0.51
0.51
0.51
0.53
0.54
0.54
0.54
0.55
0.55
0.55
290.70
275.80
260.60
246.10
232.20
218.00
205.40
193.20
181.70
171.10
161.20
152.50
144.30
136.60
129.90
124.20
118.90
114.30
109.60
106.00
102.70
99.41
96.57
93.83
90.85
87.83
84.83
82.03
79.07
75.92
72.30
69.17
65.75
62.52
59.96
58.47
57.59
57.15
56.95
56.74
56.67
56.60
56.35
56.24
56.09
55.90
55.62
55.00
54.17
53.52
52.80
52.25
51.69
50.93
50.17
49.31
48.30
47.14
45.77
44.29
42.90
41.19
39.24
37.61
35.91
34.36
32.85
30.87
29.12
27.31
25.55
23.43
21.28
19.17
17.12
14.63
12.48
10.21
7.77
5.64
3.84
1.18
0.60
0.33
0.13
0.07
0.07
0.08
0.08
0.08
0.09
0.09
0.09
0.10
0.10
0.11
0.11
0.12
0.12
0.13
0.14
0.14
0.15
0.16
0.16
0.17
0.18
0.19
0.20
0.20
0.21
0.22
0.23
0.24
0.25
0.26
0.26
0.27
0.28
0.29
0.30
0.31
0.32
0.33
0.33
0.34
0.35
0.36
0.37
0.38
0.38
0.39
0.40
0.41
0.42
0.42
0.43
0.44
0.44
0.45
0.46
0.46
0.47
0.48
0.48
0.49
0.49
0.50
0.50
0.50
0.51
0.51
0.52
0.52
0.52
0.52
0.52
0.53
0.53
0.53
0.53
0.54
0.54
0.54
0.54
0.54
0.54
0.54
0.54
0.54
0.54
0.54
0.54
0.54
0.55
0.55
0.55
0.55
0.55
0.55
0.55
289.70
277.90
265.30
253.30
241.70
230.90
219.70
209.60
200.30
190.50
181.50
173.00
164.50
157.10
150.40
143.80
137.70
132.10
127.40
123.10
118.90
115.20
111.50
108.30
105.20
102.50
99.86
97.22
94.61
91.97
89.96
87.67
85.40
83.10
80.43
77.54
74.75
71.68
68.42
65.51
63.19
61.65
60.38
59.90
59.30
58.73
58.37
57.83
57.40
56.87
56.44
56.00
55.47
54.89
54.10
53.29
52.26
51.25
49.94
48.57
46.96
45.33
43.74
42.06
40.15
38.16
36.26
34.65
33.00
30.79
28.95
26.84
24.52
22.16
19.50
17.04
14.59
12.18
9.14
6.95
4.50
2.77
1.46
0.67
0.39
0.21
0.11
0.10
0.10
0.10
0.10
0.10
0.11
0.12
0.13
0.13
0.14
0.15
0.15
0.16
0.17
0.18
0.19
0.20
0.21
0.22
0.22
0.23
0.25
0.25
0.26
0.27
0.28
0.29
0.29
0.30
0.31
0.32
0.33
0.34
0.35
0.35
0.35
0.36
0.37
0.38
0.38
0.39
0.40
0.40
0.41
0.42
0.43
0.43
0.43
0.45
0.45
0.46
0.46
0.47
0.47
0.48
0.49
0.50
0.50
0.50
0.50
0.51
0.51
0.51
0.51
0.52
0.52
0.52
0.53
0.53
0.53
0.53
0.53
0.53
0.53
0.53
0.53
0.53
0.53
0.53
0.53
0.53
0.53
0.54
0.54
0.54
0.54
0.53
0.53
0.53
0.53
0.53
0.54
0.54
0.54
290.20
282.60
273.40
264.30
257.10
249.70
242.20
234.70
226.90
219.60
211.90
205.10
197.90
191.90
185.40
179.20
173.50
168.30
163.50
158.60
154.50
150.50
146.80
143.30
140.20
136.90
133.70
130.90
128.20
125.60
123.20
120.90
118.80
116.70
114.50
112.50
110.70
108.60
106.70
104.70
102.40
100.30
97.86
95.16
92.44
89.63
86.73
83.66
81.03
78.61
76.43
74.57
72.69
70.62
68.61
66.95
65.35
63.72
62.10
60.43
58.66
56.71
54.96
52.95
50.72
48.31
45.36
42.54
39.83
37.21
34.55
31.56
28.64
25.40
22.01
18.71
15.45
12.12
8.93
6.69
5.15
3.82
2.53
1.60
0.94
0.53
0.29
0.16
0.14
0.15
0.16
0.16
0.17
0.18
0.19
0.20
0.21
0.22
0.23
0.24
0.25
0.25
0.27
0.28
0.28
0.29
0.30
0.31
0.32
0.33
0.33
0.34
0.35
0.36
0.36
0.37
0.38
0.38
0.39
0.40
0.40
0.41
0.41
0.41
0.42
0.42
0.43
0.43
0.44
0.44
0.44
0.45
0.46
0.46
0.47
0.48
0.49
0.49
0.50
0.51
0.51
0.52
0.52
0.53
0.53
0.54
0.54
0.54
0.54
0.54
0.54
0.54
0.54
0.55
0.54
0.54
0.54
0.54
0.54
0.54
0.54
0.53
0.53
0.53
0.53
0.53
0.52
0.52
0.52
0.52
0.52
0.52
0.52
0.52
0.52
0.53
0.53
0.53
0.53
0.53
0.53
290.40
285.40
282.10
277.60
273.80
270.40
267.60
263.10
259.40
254.90
250.70
246.10
241.90
237.60
233.20
229.20
225.00
221.80
218.60
216.60
214.70
213.30
211.70
210.40
208.60
207.60
206.20
205.20
204.20
203.80
203.70
203.00
202.90
202.70
202.20
202.20
201.60
201.20
200.20
199.10
197.80
196.60
194.80
192.80
190.60
188.40
185.70
183.20
180.10
177.30
174.30
171.10
167.90
164.90
161.10
153.40
148.90
145.80
142.50
139.60
136.30
131.20
124.60
122.10
119.80
116.80
112.80
104.70
100.50
93.04
86.87
79.63
73.01
63.73
55.66
48.26
35.15
25.33
20.54
14.19
10.97
6.47
4.12
2.34
1.73
1.18
0.77
0.42
0.23
0.17
0.17
0.17
0.17
0.17
0.18
0.19
0.20
0.21
0.22
0.23
0.24
0.25
0.26
0.27
0.29
0.29
0.29
0.30
0.31
0.32
0.33
0.33
0.34
0.35
0.35
0.36
0.36
0.37
0.37
0.37
0.37
0.37
0.38
0.38
0.38
0.39
0.39
0.39
0.40
0.40
0.41
0.41
0.42
0.43
0.43
0.44
0.45
0.46
0.46
0.47
0.48
0.49
0.49
0.50
0.51
0.51
0.52
0.53
0.53
0.53
0.53
0.53
0.53
0.53
0.54
0.54
0.54
0.54
0.54
0.54
0.54
0.54
0.53
0.53
0.53
0.53
0.53
0.52
0.52
0.52
0.52
0.52
0.52
0.51
0.51
0.51
0.52
0.51
0.51
0.52
0.53
