SALVI
1
0
24
15.0
181
1.0
250208 Clap S 5050HE 350mA F2M2 ANTIRFLX
CLAP S 5050HE 350mA F2M2 ANTIRFLX

CLAPS-5050HE-F2M2-ANTIRFLX.ldt
25-2-2025/TB
490
240
80
250
190
0
0
0
0
99.83
100.00
1.00
0.00
1
1
14x5050HE
4220.80
3000
70
31.10
0.24
0.34
0.44
0.52
0.58
0.68
0.72
0.77
0.83
0.86
0.00
15.00
30.00
45.00
60.00
75.00
90.00
105.00
120.00
135.00
150.00
165.00
180.00
195.00
210.00
225.00
240.00
255.00
270.00
285.00
300.00
315.00
330.00
345.00
0.00
1.00
2.00
3.00
4.00
5.00
6.00
7.00
8.00
9.00
10.00
11.00
12.00
13.00
14.00
15.00
16.00
17.00
18.00
19.00
20.00
21.00
22.00
23.00
24.00
25.00
26.00
27.00
28.00
29.00
30.00
31.00
32.00
33.00
34.00
35.00
36.00
37.00
38.00
39.00
40.00
41.00
42.00
43.00
44.00
45.00
46.00
47.00
48.00
49.00
50.00
51.00
52.00
53.00
54.00
55.00
56.00
57.00
58.00
59.00
60.00
61.00
62.00
63.00
64.00
65.00
66.00
67.00
68.00
69.00
70.00
71.00
72.00
73.00
74.00
75.00
76.00
77.00
78.00
79.00
80.00
81.00
82.00
83.00
84.00
85.00
86.00
87.00
88.00
89.00
90.00
91.00
92.00
93.00
94.00
95.00
96.00
97.00
98.00
99.00
100.00
101.00
102.00
103.00
104.00
105.00
106.00
107.00
108.00
109.00
110.00
111.00
112.00
113.00
114.00
115.00
116.00
117.00
118.00
119.00
120.00
121.00
122.00
123.00
124.00
125.00
126.00
127.00
128.00
129.00
130.00
131.00
132.00
133.00
134.00
135.00
136.00
137.00
138.00
139.00
140.00
141.00
142.00
143.00
144.00
145.00
146.00
147.00
148.00
149.00
150.00
151.00
152.00
153.00
154.00
155.00
156.00
157.00
158.00
159.00
160.00
161.00
162.00
163.00
164.00
165.00
166.00
167.00
168.00
169.00
170.00
171.00
172.00
173.00
174.00
175.00
176.00
177.00
178.00
179.00
180.00
247.20
246.40
246.80
246.60
246.50
246.80
246.80
246.60
246.40
246.60
246.60
246.60
246.80
247.10
247.00
247.10
247.70
247.70
247.90
248.40
249.20
250.00
251.20
252.30
253.90
256.20
258.00
260.40
263.20
266.30
269.80
273.60
277.80
281.50
286.40
290.80
295.40
300.50
305.20
310.00
315.20
319.70
324.50
327.90
333.40
337.40
341.20
344.80
349.70
351.90
355.60
358.90
361.50
364.90
367.00
369.10
368.60
359.60
349.80
344.50
343.70
340.80
336.60
325.00
310.10
300.60
294.60
285.50
267.90
250.70
238.00
218.40
185.30
160.80
131.00
97.14
71.55
58.23
39.76
28.27
14.57
7.15
3.60
2.20
1.79
1.42
1.13
0.88
0.60
0.30
0.14
0.14
0.15
0.15
0.16
0.17
0.17
0.18
0.19
0.20
0.21
0.22
0.23
0.24
0.24
0.25
0.26
0.27
0.28
0.28
0.29
0.30
0.31
0.31
0.31
0.32
0.33
0.33
0.33
0.33
0.34
0.34
0.34
0.35
0.35
0.35
0.36
0.36
0.36
0.36
0.36
0.36
0.37
0.37
0.37
0.38
0.38
0.39
0.39
0.40
0.40
0.41
0.41
0.41
0.41
0.41
0.42
0.42
0.42
0.42
0.42
0.42
0.42
0.42
0.42
0.42
0.42
0.42
0.42
0.42
0.41
0.41
0.41
0.41
0.41
0.41
0.41
0.41
0.41
0.41
0.41
0.41
0.41
0.41
0.41
0.41
0.41
0.41
0.42
0.42
0.42
246.60
247.30
247.60
248.10
249.10
249.20
250.00
249.90
250.70
251.30
251.60
252.50
252.90
253.70
253.90
255.40
254.90
256.00
256.50
257.10
258.50
259.50
259.90
261.50
263.20
264.60
266.50
268.70
271.40
274.30
276.60
280.00
284.20
287.90
291.60
296.00
300.70
305.50
310.20
315.10
320.90
326.30
331.90
338.20
344.40
349.30
356.20
361.90
367.30
373.00
379.80
385.20
390.70
397.50
403.30
409.20
414.70
420.20
424.50
428.10
431.00
424.60
412.70
404.60
402.90
399.80
389.20
372.80
354.40
342.20
321.50
291.90
259.50
223.30
181.40
137.40
93.46
70.86
43.20
24.31
11.87
7.04
3.99
2.68
2.21
1.78
1.45
1.21
1.00
0.77
0.48
0.21
0.14
0.15
0.15
0.16
0.17
0.18
0.19
0.19
0.20
0.21
0.22
0.23
0.23
0.24
0.25
0.26
0.26
0.27
0.28
0.29
0.29
0.29
0.30
0.30
0.31
0.31
0.31
0.32
0.32
0.32
0.33
0.33
0.33
0.33
0.33
0.33
0.33
0.33
0.34
0.34
0.34
0.34
0.35
0.35
0.35
0.35
0.36
0.36
0.37
0.37
0.37
0.37
0.38
0.38
0.38
0.38
0.39
0.39
0.39
0.39
0.39
0.39
0.39
0.40
0.40
0.40
0.40
0.40
0.40
0.40
0.40
0.40
0.40
0.41
0.41
0.41
0.41
0.41
0.41
0.42
0.42
0.43
0.43
0.44
0.44
0.44
0.44
0.44
0.44
247.20
248.00
248.80
249.70
250.70
251.70
252.10
253.70
254.30
255.60
256.10
257.00
258.50
259.10
259.40
260.90
262.40
262.80
263.70
265.10
266.00
267.30
269.20
270.40
271.90
273.60
275.70
277.50
280.30
283.70
286.20
289.60
293.70
297.10
302.10
306.20
311.00
316.40
321.40
326.90
333.80
338.00
344.80
351.40
357.40
363.20
370.10
376.00
380.40
386.80
390.90
395.30
398.40
400.80
402.60
402.90
401.70
399.00
396.90
392.00
385.40
380.20
371.70
363.30
353.00
340.70
324.00
298.30
268.90
240.60
209.40
173.40
140.30
108.60
76.77
50.13
28.47
15.35
7.99
6.31
5.41
4.51
3.67
3.06
2.55
2.09
1.68
1.36
1.15
0.95
0.72
0.44
0.23
0.15
0.13
0.12
0.12
0.12
0.12
0.12
0.13
0.14
0.14
0.15
0.16
0.17
0.17
0.18
0.19
0.20
0.20
0.20
0.21
0.22
0.22
0.22
0.22
0.23
0.24
0.24
0.25
0.25
0.25
0.26
0.26
0.26
0.26
0.26
0.26
0.27
0.27
0.27
0.28
0.28
0.28
0.28
0.29
0.29
0.29
0.30
0.30
0.30
0.30
0.31
0.31
0.32
0.32
0.33
0.33
0.33
0.33
0.33
0.34
0.34
0.34
0.35
0.35
0.35
0.35
0.36
0.36
0.36
0.36
0.36
0.36
0.37
0.37
0.37
0.38
0.38
0.38
0.39
0.39
0.40
0.41
0.41
0.42
0.42
0.43
0.43
0.44
246.30
249.00
249.50
251.20
252.10
253.40
254.80
256.20
257.20
258.30
260.00
260.80
262.10
263.40
264.90
266.50
267.50
269.40
270.30
271.90
273.20
275.50
276.80
279.10
281.90
284.70
287.60
290.60
294.50
298.80
302.40
307.00
312.60
317.90
323.60
330.00
335.60
341.70
347.90
353.90
358.40
363.80
367.30
371.10
374.10
375.10
375.30
373.80
370.70
367.40
361.70
355.20
348.60
341.50
333.20
324.30
314.20
302.10
288.10
272.50
255.60
237.90
218.60
198.30
178.60
158.40
138.90
120.50
104.50
90.60
77.02
61.94
47.14
34.20
24.72
17.29
12.53
9.35
8.08
7.62
7.21
6.56
5.51
3.93
2.81
2.32
1.93
1.58
1.24
1.01
0.83
0.61
0.37
0.19
0.12
0.11
0.11
0.11
0.11
0.12
0.12
0.13
0.13
0.14
0.14
0.15
0.16
0.16
0.16
0.17
0.18
0.18
0.18
0.19
0.19
0.20
0.20
0.21
0.21
0.22
0.22
0.22
0.22
0.23
0.23
0.24
0.24
0.24
0.24
0.24
0.25
0.25
0.26
0.26
0.26
0.27
0.27
0.28
0.28
0.28
0.28
0.29
0.29
0.30
0.30
0.30
0.31
0.31
0.31
0.32
0.33
0.33
0.33
0.34
0.34
0.34
0.35
0.35
0.35
0.36
0.36
0.36
0.37
0.37
0.37
0.38
0.38
0.38
0.39
0.39
0.39
0.40
0.41
0.42
0.43
0.43
0.44
0.45
0.45
0.45
0.46
246.90
248.70
250.50
251.90
253.90
255.00
256.70
258.10
259.50
261.00
262.60
264.10
266.00
267.70
269.60
270.80
272.10
273.50
275.10
276.90
278.40
280.20
282.90
285.00
287.90
291.40
295.60
300.70
306.40
312.50
318.80
326.20
333.00
340.20
346.60
353.00
359.20
363.80
369.40
371.50
373.60
372.70
371.20
368.40
363.00
357.20
349.80
341.10
333.10
323.60
312.70
300.00
286.20
270.10
252.60
234.20
216.10
198.70
182.70
168.30
155.30
143.80
133.10
121.20
109.20
97.35
86.60
77.07
67.52
57.96
50.21
42.82
35.91
30.18
25.17
20.49
17.15
14.12
11.54
9.61
7.44
5.79
4.71
3.81
2.91
2.30
1.91
1.59
1.30
0.95
0.80
0.64
0.46
0.29
0.18
0.14
0.12
0.11
0.10
0.10
0.10
0.10
0.10
0.10
0.11
0.11
0.11
0.12
0.12
0.13
0.13
0.13
0.14
0.14
0.15
0.15
0.15
0.16
0.16
0.17
0.17
0.17
0.18
0.18
0.18
0.19
0.19
0.19
0.19
0.20
0.20
0.20
0.21
0.21
0.21
0.22
0.22
0.22
0.23
0.23
0.24
0.24
0.25
0.25
0.26
0.26
0.26
0.27
0.27
0.28
0.28
0.29
0.29
0.30
0.30
0.30
0.31
0.32
0.32
0.33
0.33
0.33
0.33
0.34
0.34
0.34
0.35
0.36
0.36
0.36
0.37
0.37
0.38
0.39
0.40
0.41
0.42
0.43
0.43
0.44
0.45
246.70
249.20
250.70
252.10
254.20
256.00
257.40
259.70
260.80
262.70
264.60
266.60
268.60
270.70
272.10
273.60
274.80
275.80
277.30
278.60
280.20
282.30
284.10
286.80
290.80
295.40
301.20
307.00
313.80
320.30
326.70
333.90
340.50
346.20
352.00
356.50
359.70
361.40
361.70
359.90
356.50
352.00
345.30
338.10
329.50
319.80
310.50
300.50
288.50
274.10
258.70
242.20
225.20
209.10
194.50
180.70
168.70
158.00
148.10
138.90
129.70
120.80
111.20
100.40
90.55
81.46
74.48
68.50
62.35
56.18
50.27
44.07
38.09
32.58
27.95
23.84
19.28
14.83
11.94
9.88
8.38
6.88
5.42
4.09
3.00
2.28
1.88
1.57
1.27
0.87
0.69
0.57
0.44
0.32
0.21
0.14
0.11
0.10
0.10
0.11
0.11
0.11
0.11
0.12
0.12
0.13
0.13
0.13
0.14
0.14
0.14
0.15
0.15
0.16
0.16
0.16
0.16
0.17
0.17
0.17
0.18
0.18
0.18
0.18
0.19
0.19
0.19
0.20
0.20
0.21
0.21
0.21
0.21
0.22
0.22
0.23
0.23
0.23
0.24
0.24
0.25
0.25
0.26
0.26
0.27
0.27
0.28
0.28
0.29
0.29
0.30
0.30
0.31
0.31
0.32
0.32
0.33
0.33
0.33
0.34
0.34
0.35
0.35
0.35
0.36
0.36
0.37
0.37
0.38
0.38
0.38
0.39
0.40
0.41
0.42
0.43
0.44
0.45
0.45
0.45
0.45
246.90
249.60
250.60
252.60
254.70
256.60
258.10
259.90
261.50
263.60
265.30
267.60
269.00
271.80
273.30
275.00
275.80
276.80
278.70
279.90
281.30
283.20
285.30
288.50
292.50
298.00
303.20
309.40
316.40
322.90
330.00
335.50
342.00
346.40
351.10
353.70
355.20
355.20
353.30
349.10
342.60
334.70
326.10
316.70
306.30
295.70
285.50
272.80
258.80
243.60
228.20
212.20
197.20
184.60
172.80
162.30
152.30
143.50
135.30
126.80
119.00
110.60
101.10
90.94
82.88
76.95
71.96
66.98
60.81
54.89
48.61
42.15
36.37
30.84
17.48
10.73
9.60
8.54
7.28
6.16
5.22
4.45
3.83
3.22
2.69
2.21
1.83
1.54
1.25
0.78
0.65
0.53
0.43
0.33
0.25
0.18
0.13
0.10
0.10
0.10
0.10
0.10
0.10
0.10
0.10
0.10
0.11
0.11
0.12
0.12
0.12
0.13
0.13
0.13
0.14
0.14
0.14
0.14
0.14
0.15
0.15
0.16
0.16
0.16
0.17
0.18
0.18
0.18
0.18
0.18
0.18
0.18
0.20
0.19
0.19
0.21
0.21
0.21
0.21
0.22
0.23
0.23
0.23
0.24
0.25
0.25
0.25
0.26
0.26
0.27
0.28
0.28
0.29
0.29
0.30
0.30
0.30
0.31
0.31
0.32
0.32
0.33
0.33
0.33
0.34
0.34
0.34
0.35
0.36
0.36
0.36
0.37
0.38
0.39
0.40
0.40
0.42
0.43
0.44
0.44
0.45
246.70
249.20
250.70
252.10
254.20
256.00
257.40
259.70
260.80
262.70
264.60
266.60
268.60
270.70
272.10
273.60
274.80
275.80
277.30
278.60
280.20
282.30
284.10
286.80
290.80
295.40
301.20
307.00
313.80
320.30
326.70
333.90
340.50
346.20
352.00
356.50
359.70
361.40
361.70
359.90
356.50
352.00
345.30
338.10
329.50
319.80
310.50
300.50
288.50
274.10
258.70
242.20
225.20
209.10
194.50
180.70
168.70
158.00
148.10
138.90
129.70
120.80
111.20
100.40
90.55
81.46
74.48
68.50
62.35
56.18
50.27
44.07
38.09
32.58
27.95
23.84
19.28
14.83
11.94
9.88
8.38
6.88
5.42
4.09
3.00
2.28
1.88
1.57
1.27
0.87
0.69
0.57
0.44
0.32
0.21
0.14
0.11
0.10
0.10
0.11
0.11
0.11
0.11
0.12
0.12
0.13
0.13
0.13
0.14
0.14
0.14
0.15
0.15
0.16
0.16
0.16
0.16
0.17
0.17
0.17
0.18
0.18
0.18
0.18
0.19
0.19
0.19
0.20
0.20
0.21
0.21
0.21
0.21
0.22
0.22
0.23
0.23
0.23
0.24
0.24
0.25
0.25
0.26
0.26
0.27
0.27
0.28
0.28
0.29
0.29
0.30
0.30
0.31
0.31
0.32
0.32
0.33
0.33
0.33
0.34
0.34
0.35
0.35
0.35
0.36
0.36
0.37
0.37
0.38
0.38
0.38
0.39
0.40
0.41
0.42
0.43
0.44
0.45
0.45
0.45
0.45
246.90
248.70
250.50
251.90
253.90
255.00
256.70
258.10
259.50
261.00
262.60
264.10
266.00
267.70
269.60
270.80
272.10
273.50
275.10
276.90
278.40
280.20
282.90
285.00
287.90
291.40
295.60
300.70
306.40
312.50
318.80
326.20
333.00
340.20
346.60
353.00
359.20
363.80
369.40
371.50
373.60
372.70
371.20
368.40
363.00
357.20
349.80
341.10
333.10
323.60
312.70
300.00
286.20
270.10
252.60
234.20
216.10
198.70
182.70
168.30
155.30
143.80
133.10
121.20
109.20
97.35
86.60
77.07
67.52
57.96
50.21
42.82
35.91
30.18
25.17
20.49
17.15
14.12
11.54
9.61
7.44
5.79
4.71
3.81
2.91
2.30
1.91
1.59
1.30
0.95
0.80
0.64
0.46
0.29
0.18
0.14
0.12
0.11
0.10
0.10
0.10
0.10
0.10
0.10
0.11
0.11
0.11
0.12
0.12
0.13
0.13
0.13
0.14
0.14
0.15
0.15
0.15
0.16
0.16
0.17
0.17
0.17
0.18
0.18
0.18
0.19
0.19
0.19
0.19
0.20
0.20
0.20
0.21
0.21
0.21
0.22
0.22
0.22
0.23
0.23
0.24
0.24
0.25
0.25
0.26
0.26
0.26
0.27
0.27
0.28
0.28
0.29
0.29
0.30
0.30
0.30
0.31
0.32
0.32
0.33
0.33
0.33
0.33
0.34
0.34
0.34
0.35
0.36
0.36
0.36
0.37
0.37
0.38
0.39
0.40
0.41
0.42
0.43
0.43
0.44
0.45
246.30
249.00
249.50
251.20
252.10
253.40
254.80
256.20
257.20
258.30
260.00
260.80
262.10
263.40
264.90
266.50
267.50
269.40
270.30
271.90
273.20
275.50
276.80
279.10
281.90
284.70
287.60
290.60
294.50
298.80
302.40
307.00
312.60
317.90
323.60
330.00
335.60
341.70
347.90
353.90
358.40
363.80
367.30
371.10
374.10
375.10
375.30
373.80
370.70
367.40
361.70
355.20
348.60
341.50
333.20
324.30
314.20
302.10
288.10
272.50
255.60
237.90
218.60
198.30
178.60
158.40
138.90
120.50
104.50
90.60
77.02
61.94
47.14
34.20
24.72
17.29
12.53
9.35
8.08
7.62
7.21
6.56
5.51
3.93
2.81
2.32
1.93
1.58
1.24
1.01
0.83
0.61
0.37
0.19
0.12
0.11
0.11
0.11
0.11
0.12
0.12
0.13
0.13
0.14
0.14
0.15
0.16
0.16
0.16
0.17
0.18
0.18
0.18
0.19
0.19
0.20
0.20
0.21
0.21
0.22
0.22
0.22
0.22
0.23
0.23
0.24
0.24
0.24
0.24
0.24
0.25
0.25
0.26
0.26
0.26
0.27
0.27
0.28
0.28
0.28
0.28
0.29
0.29
0.30
0.30
0.30
0.31
0.31
0.31
0.32
0.33
0.33
0.33
0.34
0.34
0.34
0.35
0.35
0.35
0.36
0.36
0.36
0.37
0.37
0.37
0.38
0.38
0.38
0.39
0.39
0.39
0.40
0.41
0.42
0.43
0.43
0.44
0.45
0.45
0.45
0.46
247.20
248.00
248.80
249.70
250.70
251.70
252.10
253.70
254.30
255.60
256.10
257.00
258.50
259.10
259.40
260.90
262.40
262.80
263.70
265.10
266.00
267.30
269.20
270.40
271.90
273.60
275.70
277.50
280.30
283.70
286.20
289.60
293.70
297.10
302.10
306.20
311.00
316.40
321.40
326.90
333.80
338.00
344.80
351.40
357.40
363.20
370.10
376.00
380.40
386.80
390.90
395.30
398.40
400.80
402.60
402.90
401.70
399.00
396.90
392.00
385.40
380.20
371.70
363.30
353.00
340.70
324.00
298.30
268.90
240.60
209.40
173.40
140.30
108.60
76.77
50.13
28.47
15.35
7.99
6.31
5.41
4.51
3.67
3.06
2.55
2.09
1.68
1.36
1.15
0.95
0.72
0.44
0.23
0.15
0.13
0.12
0.12
0.12
0.12
0.12
0.13
0.14
0.14
0.15
0.16
0.17
0.17
0.18
0.19
0.20
0.20
0.20
0.21
0.22
0.22
0.22
0.22
0.23
0.24
0.24
0.25
0.25
0.25
0.26
0.26
0.26
0.26
0.26
0.26
0.27
0.27
0.27
0.28
0.28
0.28
0.28
0.29
0.29
0.29
0.30
0.30
0.30
0.30
0.31
0.31
0.32
0.32
0.33
0.33
0.33
0.33
0.33
0.34
0.34
0.34
0.35
0.35
0.35
0.35
0.36
0.36
0.36
0.36
0.36
0.36
0.37
0.37
0.37
0.38
0.38
0.38
0.39
0.39
0.40
0.41
0.41
0.42
0.42
0.43
0.43
0.44
246.60
247.30
247.60
248.10
249.10
249.20
250.00
249.90
250.70
251.30
251.60
252.50
252.90
253.70
253.90
255.40
254.90
256.00
256.50
257.10
258.50
259.50
259.90
261.50
263.20
264.60
266.50
268.70
271.40
274.30
276.60
280.00
284.20
287.90
291.60
296.00
300.70
305.50
310.20
315.10
320.90
326.30
331.90
338.20
344.40
349.30
356.20
361.90
367.30
373.00
379.80
385.20
390.70
397.50
403.30
409.20
414.70
420.20
424.50
428.10
431.00
424.60
412.70
404.60
402.90
399.80
389.20
372.80
354.40
342.20
321.50
291.90
259.50
223.30
181.40
137.40
93.46
70.86
43.20
24.31
11.87
7.04
3.99
2.68
2.21
1.78
1.45
1.21
1.00
0.77
0.48
0.21
0.14
0.15
0.15
0.16
0.17
0.18
0.19
0.19
0.20
0.21
0.22
0.23
0.23
0.24
0.25
0.26
0.26
0.27
0.28
0.29
0.29
0.29
0.30
0.30
0.31
0.31
0.31
0.32
0.32
0.32
0.33
0.33
0.33
0.33
0.33
0.33
0.33
0.33
0.34
0.34
0.34
0.34
0.35
0.35
0.35
0.35
0.36
0.36
0.37
0.37
0.37
0.37
0.38
0.38
0.38
0.38
0.39
0.39
0.39
0.39
0.39
0.39
0.39
0.40
0.40
0.40
0.40
0.40
0.40
0.40
0.40
0.40
0.40
0.41
0.41
0.41
0.41
0.41
0.41
0.42
0.42
0.43
0.43
0.44
0.44
0.44
0.44
0.44
0.44
247.20
246.40
246.80
246.60
246.50
246.80
246.80
246.60
246.40
246.60
246.60
246.60
246.80
247.10
247.00
247.10
247.70
247.70
247.90
248.40
249.20
250.00
251.20
252.30
253.90
256.20
258.00
260.40
263.20
266.30
269.80
273.60
277.80
281.50
286.40
290.80
295.40
300.50
305.20
310.00
315.20
319.70
324.50
327.90
333.40
337.40
341.20
344.80
349.70
351.90
355.60
358.90
361.50
364.90
367.00
369.10
368.60
359.60
349.80
344.50
343.70
340.80
336.60
325.00
310.10
300.60
294.60
285.50
267.90
250.70
238.00
218.40
185.30
160.80
131.00
97.14
71.55
58.23
39.76
28.27
14.57
7.15
3.60
2.20
1.79
1.42
1.13
0.88
0.60
0.30
0.14
0.14
0.15
0.15
0.16
0.17
0.17
0.18
0.19
0.20
0.21
0.22
0.23
0.24
0.24
0.25
0.26
0.27
0.28
0.28
0.29
0.30
0.31
0.31
0.31
0.32
0.33
0.33
0.33
0.33
0.34
0.34
0.34
0.35
0.35
0.35
0.36
0.36
0.36
0.36
0.36
0.36
0.37
0.37
0.37
0.38
0.38
0.39
0.39
0.40
0.40
0.41
0.41
0.41
0.41
0.41
0.42
0.42
0.42
0.42
0.42
0.42
0.42
0.42
0.42
0.42
0.42
0.42
0.42
0.42
0.41
0.41
0.41
0.41
0.41
0.41
0.41
0.41
0.41
0.41
0.41
0.41
0.41
0.41
0.41
0.41
0.41
0.41
0.42
0.42
0.42
246.60
246.10
245.30
244.80
244.00
243.80
242.80
241.80
241.20
240.10
240.10
238.90
237.80
237.60
236.60
236.20
235.30
234.50
234.40
234.30
234.20
234.30
234.50
235.20
236.50
237.20
239.10
240.90
243.30
245.00
247.70
251.00
254.00
257.30
260.60
263.70
266.70
270.40
274.10
276.90
280.00
283.00
286.10
288.50
290.90
292.50
294.50
295.90
296.90
297.20
298.30
298.00
298.50
296.80
290.50
280.10
273.70
270.50
266.30
262.80
255.40
242.60
229.30
221.40
214.30
206.10
191.90
175.80
162.70
143.30
129.00
113.20
99.88
80.63
67.33
54.07
34.66
26.12
18.09
12.34
7.26
4.19
2.56
1.73
1.29
0.93
0.62
0.33
0.18
0.13
0.13
0.13
0.13
0.14
0.14
0.15
0.16
0.17
0.18
0.18
0.19
0.20
0.21
0.22
0.23
0.23
0.24
0.25
0.26
0.26
0.27
0.28
0.28
0.29
0.29
0.30
0.30
0.31
0.32
0.32
0.32
0.33
0.33
0.33
0.33
0.33
0.34
0.34
0.34
0.35
0.35
0.36
0.36
0.37
0.37
0.37
0.38
0.39
0.39
0.40
0.41
0.41
0.42
0.43
0.43
0.44
0.44
0.44
0.44
0.44
0.44
0.44
0.44
0.44
0.45
0.45
0.45
0.45
0.45
0.45
0.45
0.45
0.45
0.45
0.44
0.44
0.44
0.44
0.44
0.44
0.43
0.43
0.43
0.43
0.43
0.43
0.43
0.43
0.43
0.43
0.44
247.20
245.50
244.30
243.10
241.50
239.90
238.20
236.30
234.70
232.80
230.60
228.20
226.90
224.30
222.30
220.30
218.40
216.70
215.00
213.50
212.20
210.80
209.70
208.80
208.00
207.90
207.40
207.50
207.60
208.20
208.90
209.40
209.90
210.90
212.80
213.20
214.30
215.70
216.90
217.80
218.90
219.60
220.40
220.90
221.30
221.00
221.20
220.40
219.60
218.60
216.70
214.50
211.90
205.20
195.50
189.80
186.00
182.00
177.10
172.10
163.50
152.10
145.80
139.00
132.40
125.10
107.70
94.21
87.55
80.70
69.63
55.55
49.80
43.40
31.46
25.66
19.47
12.18
8.39
5.57
3.96
2.75
1.95
1.19
0.74
0.44
0.25
0.12
0.11
0.12
0.13
0.13
0.14
0.15
0.16
0.16
0.17
0.18
0.19
0.19
0.20
0.21
0.22
0.23
0.24
0.24
0.25
0.26
0.26
0.27
0.28
0.29
0.30
0.30
0.31
0.31
0.32
0.32
0.33
0.34
0.34
0.34
0.35
0.35
0.36
0.36
0.36
0.36
0.37
0.37
0.38
0.38
0.38
0.39
0.39
0.40
0.40
0.41
0.42
0.42
0.43
0.43
0.44
0.45
0.45
0.45
0.45
0.45
0.45
0.45
0.45
0.45
0.45
0.45
0.45
0.45
0.45
0.45
0.45
0.45
0.45
0.44
0.44
0.44
0.44
0.44
0.44
0.44
0.44
0.44
0.44
0.44
0.44
0.44
0.44
0.44
0.45
0.45
0.45
0.45
0.45
246.30
244.90
243.50
240.70
239.10
236.20
233.30
230.90
227.60
224.70
220.70
217.10
214.10
210.50
207.20
203.70
199.80
196.70
193.30
189.80
186.90
184.20
181.40
178.80
176.80
174.90
173.20
171.70
170.90
169.60
168.80
168.30
167.40
167.40
167.20
166.90
166.90
166.80
167.10
166.60
166.40
166.20
165.60
165.00
164.00
163.60
162.30
160.70
159.60
158.00
155.80
153.20
149.70
145.20
139.60
135.10
131.70
128.50
125.20
121.20
116.20
106.80
100.20
94.65
86.19
80.36
73.94
66.24
61.80
53.20
47.10
39.52
35.08
27.83
23.08
18.55
13.77
10.38
7.06
4.85
3.04
1.93
1.05
0.59
0.37
0.20
0.10
0.09
0.09
0.09
0.09
0.09
0.10
0.10
0.11
0.12
0.12
0.13
0.14
0.15
0.16
0.16
0.17
0.18
0.19
0.20
0.21
0.22
0.22
0.23
0.23
0.24
0.24
0.25
0.26
0.27
0.27
0.28
0.30
0.30
0.30
0.31
0.31
0.31
0.32
0.32
0.33
0.33
0.33
0.33
0.34
0.34
0.35
0.36
0.36
0.36
0.37
0.37
0.38
0.38
0.39
0.39
0.40
0.41
0.42
0.42
0.42
0.43
0.43
0.43
0.43
0.44
0.44
0.44
0.45
0.45
0.45
0.45
0.45
0.45
0.45
0.45
0.45
0.45
0.45
0.45
0.45
0.45
0.45
0.45
0.45
0.45
0.45
0.44
0.44
0.44
0.44
0.44
0.45
0.45
0.45
246.90
244.70
242.50
239.80
236.60
233.80
230.00
226.10
221.90
217.60
212.90
208.10
203.40
198.40
193.80
188.80
183.60
178.90
174.00
169.30
164.80
160.90
157.30
154.30
151.50
149.20
146.70
144.90
143.50
142.20
140.90
140.50
139.90
139.50
139.40
139.00
139.20
139.30
139.20
139.10
139.00
138.90
138.60
138.00
137.60
137.00
136.20
135.60
134.70
134.00
132.60
130.50
128.00
124.70
121.60
118.60
116.50
114.00
111.40
107.60
102.90
96.86
88.76
81.52
77.87
74.16
70.45
64.04
53.07
49.14
45.31
41.02
30.89
27.31
24.10
17.49
14.08
10.90
6.98
4.91
2.99
1.08
0.58
0.33
0.14
0.08
0.07
0.08
0.08
0.08
0.09
0.10
0.10
0.10
0.11
0.12
0.12
0.13
0.14
0.14
0.15
0.16
0.16
0.17
0.18
0.19
0.19
0.20
0.21
0.22
0.22
0.23
0.24
0.25
0.25
0.26
0.27
0.28
0.28
0.29
0.29
0.30
0.31
0.31
0.31
0.32
0.32
0.33
0.33
0.34
0.34
0.35
0.35
0.35
0.36
0.36
0.37
0.37
0.38
0.38
0.39
0.39
0.40
0.41
0.41
0.41
0.42
0.43
0.43
0.44
0.44
0.44
0.45
0.45
0.45
0.45
0.45
0.45
0.45
0.45
0.45
0.45
0.45
0.45
0.45
0.45
0.45
0.45
0.45
0.45
0.45
0.45
0.45
0.45
0.45
0.45
0.45
0.45
0.45
0.45
0.45
246.70
244.30
241.90
238.70
235.20
231.60
227.10
222.40
217.50
212.20
207.00
201.50
195.70
190.20
183.70
177.80
171.60
166.00
160.40
155.20
150.40
146.10
142.60
139.40
136.40
134.00
132.00
129.90
128.70
127.90
127.30
126.60
126.90
126.70
126.90
127.10
127.30
127.20
127.50
127.80
127.60
127.60
127.40
127.00
126.90
126.80
126.80
126.90
126.80
126.70
126.60
125.70
123.70
120.80
117.60
114.20
110.20
105.50
101.40
97.62
94.79
91.78
88.87
85.91
77.27
72.49
64.99
61.76
58.10
50.42
43.06
38.51
35.35
28.29
22.91
19.96
12.70
10.30
5.55
4.10
1.01
0.54
0.25
0.13
0.09
0.07
0.07
0.07
0.07
0.07
0.07
0.07
0.07
0.07
0.08
0.08
0.09
0.10
0.10
0.11
0.11
0.13
0.13
0.14
0.14
0.15
0.16
0.17
0.17
0.18
0.19
0.19
0.20
0.21
0.22
0.22
0.23
0.24
0.24
0.25
0.26
0.26
0.27
0.28
0.28
0.28
0.29
0.29
0.30
0.30
0.31
0.31
0.32
0.32
0.33
0.33
0.34
0.34
0.35
0.35
0.35
0.37
0.37
0.38
0.38
0.39
0.39
0.39
0.39
0.40
0.41
0.41
0.41
0.42
0.43
0.43
0.43
0.44
0.44
0.44
0.44
0.44
0.44
0.44
0.44
0.44
0.44
0.44
0.45
0.45
0.45
0.45
0.45
0.45
0.45
0.45
0.45
0.45
0.45
0.45
0.45
246.90
244.30
242.10
239.00
234.50
231.40
226.90
221.60
216.70
211.10
205.80
199.40
193.70
187.30
181.00
174.70
168.40
162.10
156.10
151.10
145.90
142.50
138.80
135.20
132.20
129.50
127.60
126.30
125.10
124.20
123.60
123.50
123.50
123.70
124.00
124.50
124.80
125.20
125.40
125.90
125.50
125.70
125.50
125.50
125.80
125.60
125.80
126.20
126.10
126.40
126.50
125.90
124.70
122.10
117.20
110.70
106.00
102.30
99.83
97.05
94.16
91.64
88.71
85.87
81.72
67.86
64.81
61.55
57.98
53.02
41.49
38.26
35.14
25.63
22.95
20.04
12.68
10.28
5.03
1.76
0.81
0.42
0.11
0.07
0.07
0.07
0.07
0.07
0.08
0.08
0.08
0.09
0.09
0.09
0.10
0.10
0.11
0.11
0.12
0.12
0.14
0.14
0.15
0.15
0.16
0.17
0.17
0.18
0.19
0.20
0.21
0.21
0.22
0.23
0.23
0.24
0.24
0.25
0.26
0.27
0.27
0.28
0.28
0.29
0.30
0.30
0.31
0.31
0.32
0.32
0.33
0.33
0.34
0.34
0.34
0.35
0.35
0.36
0.36
0.37
0.37
0.38
0.38
0.39
0.39
0.39
0.40
0.40
0.41
0.41
0.42
0.42
0.43
0.43
0.44
0.45
0.45
0.45
0.45
0.45
0.45
0.45
0.45
0.45
0.45
0.45
0.45
0.45
0.45
0.45
0.45
0.45
0.45
0.45
0.45
0.45
0.45
0.45
0.45
0.45
0.45
246.70
244.30
241.90
238.70
235.20
231.60
227.10
222.40
217.50
212.20
207.00
201.50
195.70
190.20
183.70
177.80
171.60
166.00
160.40
155.20
150.40
146.10
142.60
139.40
136.40
134.00
132.00
129.90
128.70
127.90
127.30
126.60
126.90
126.70
126.90
127.10
127.30
127.20
127.50
127.80
127.60
127.60
127.40
127.00
126.90
126.80
126.80
126.90
126.80
126.70
126.60
125.70
123.70
120.80
117.60
114.20
110.20
105.50
101.40
97.62
94.79
91.78
88.87
85.91
77.27
72.49
64.99
61.76
58.10
50.42
43.06
38.51
35.35
28.29
22.91
19.96
12.70
10.30
5.55
4.10
1.01
0.54
0.25
0.13
0.09
0.07
0.07
0.07
0.07
0.07
0.07
0.07
0.07
0.07
0.08
0.08
0.09
0.10
0.10
0.11
0.11
0.13
0.13
0.14
0.14
0.15
0.16
0.17
0.17
0.18
0.19
0.19
0.20
0.21
0.22
0.22
0.23
0.24
0.24
0.25
0.26
0.26
0.27
0.28
0.28
0.28
0.29
0.29
0.30
0.30
0.31
0.31
0.32
0.32
0.33
0.33
0.34
0.34
0.35
0.35
0.35
0.37
0.37
0.38
0.38
0.39
0.39
0.39
0.39
0.40
0.41
0.41
0.41
0.42
0.43
0.43
0.43
0.44
0.44
0.44
0.44
0.44
0.44
0.44
0.44
0.44
0.44
0.44
0.45
0.45
0.45
0.45
0.45
0.45
0.45
0.45
0.45
0.45
0.45
0.45
0.45
246.90
244.70
242.50
239.80
236.60
233.80
230.00
226.10
221.90
217.60
212.90
208.10
203.40
198.40
193.80
188.80
183.60
178.90
174.00
169.30
164.80
160.90
157.30
154.30
151.50
149.20
146.70
144.90
143.50
142.20
140.90
140.50
139.90
139.50
139.40
139.00
139.20
139.30
139.20
139.10
139.00
138.90
138.60
138.00
137.60
137.00
136.20
135.60
134.70
134.00
132.60
130.50
128.00
124.70
121.60
118.60
116.50
114.00
111.40
107.60
102.90
96.86
88.76
81.52
77.87
74.16
70.45
64.04
53.07
49.14
45.31
41.02
30.89
27.31
24.10
17.49
14.08
10.90
6.98
4.91
2.99
1.08
0.58
0.33
0.14
0.08
0.07
0.08
0.08
0.08
0.09
0.10
0.10
0.10
0.11
0.12
0.12
0.13
0.14
0.14
0.15
0.16
0.16
0.17
0.18
0.19
0.19
0.20
0.21
0.22
0.22
0.23
0.24
0.25
0.25
0.26
0.27
0.28
0.28
0.29
0.29
0.30
0.31
0.31
0.31
0.32
0.32
0.33
0.33
0.34
0.34
0.35
0.35
0.35
0.36
0.36
0.37
0.37
0.38
0.38
0.39
0.39
0.40
0.41
0.41
0.41
0.42
0.43
0.43
0.44
0.44
0.44
0.45
0.45
0.45
0.45
0.45
0.45
0.45
0.45
0.45
0.45
0.45
0.45
0.45
0.45
0.45
0.45
0.45
0.45
0.45
0.45
0.45
0.45
0.45
0.45
0.45
0.45
0.45
0.45
0.45
246.30
244.90
243.50
240.70
239.10
236.20
233.30
230.90
227.60
224.70
220.70
217.10
214.10
210.50
207.20
203.70
199.80
196.70
193.30
189.80
186.90
184.20
181.40
178.80
176.80
174.90
173.20
171.70
170.90
169.60
168.80
168.30
167.40
167.40
167.20
166.90
166.90
166.80
167.10
166.60
166.40
166.20
165.60
165.00
164.00
163.60
162.30
160.70
159.60
158.00
155.80
153.20
149.70
145.20
139.60
135.10
131.70
128.50
125.20
121.20
116.20
106.80
100.20
94.65
86.19
80.36
73.94
66.24
61.80
53.20
47.10
39.52
35.08
27.83
23.08
18.55
13.77
10.38
7.06
4.85
3.04
1.93
1.05
0.59
0.37
0.20
0.10
0.09
0.09
0.09
0.09
0.09
0.10
0.10
0.11
0.12
0.12
0.13
0.14
0.15
0.16
0.16
0.17
0.18
0.19
0.20
0.21
0.22
0.22
0.23
0.23
0.24
0.24
0.25
0.26
0.27
0.27
0.28
0.30
0.30
0.30
0.31
0.31
0.31
0.32
0.32
0.33
0.33
0.33
0.33
0.34
0.34
0.35
0.36
0.36
0.36
0.37
0.37
0.38
0.38
0.39
0.39
0.40
0.41
0.42
0.42
0.42
0.43
0.43
0.43
0.43
0.44
0.44
0.44
0.45
0.45
0.45
0.45
0.45
0.45
0.45
0.45
0.45
0.45
0.45
0.45
0.45
0.45
0.45
0.45
0.45
0.45
0.45
0.44
0.44
0.44
0.44
0.44
0.45
0.45
0.45
247.20
245.50
244.30
243.10
241.50
239.90
238.20
236.30
234.70
232.80
230.60
228.20
226.90
224.30
222.30
220.30
218.40
216.70
215.00
213.50
212.20
210.80
209.70
208.80
208.00
207.90
207.40
207.50
207.60
208.20
208.90
209.40
209.90
210.90
212.80
213.20
214.30
215.70
216.90
217.80
218.90
219.60
220.40
220.90
221.30
221.00
221.20
220.40
219.60
218.60
216.70
214.50
211.90
205.20
195.50
189.80
186.00
182.00
177.10
172.10
163.50
152.10
145.80
139.00
132.40
125.10
107.70
94.21
87.55
80.70
69.63
55.55
49.80
43.40
31.46
25.66
19.47
12.18
8.39
5.57
3.96
2.75
1.95
1.19
0.74
0.44
0.25
0.12
0.11
0.12
0.13
0.13
0.14
0.15
0.16
0.16
0.17
0.18
0.19
0.19
0.20
0.21
0.22
0.23
0.24
0.24
0.25
0.26
0.26
0.27
0.28
0.29
0.30
0.30
0.31
0.31
0.32
0.32
0.33
0.34
0.34
0.34
0.35
0.35
0.36
0.36
0.36
0.36
0.37
0.37
0.38
0.38
0.38
0.39
0.39
0.40
0.40
0.41
0.42
0.42
0.43
0.43
0.44
0.45
0.45
0.45
0.45
0.45
0.45
0.45
0.45
0.45
0.45
0.45
0.45
0.45
0.45
0.45
0.45
0.45
0.45
0.44
0.44
0.44
0.44
0.44
0.44
0.44
0.44
0.44
0.44
0.44
0.44
0.44
0.44
0.44
0.45
0.45
0.45
0.45
0.45
246.60
246.10
245.30
244.80
244.00
243.80
242.80
241.80
241.20
240.10
240.10
238.90
237.80
237.60
236.60
236.20
235.30
234.50
234.40
234.30
234.20
234.30
234.50
235.20
236.50
237.20
239.10
240.90
243.30
245.00
247.70
251.00
254.00
257.30
260.60
263.70
266.70
270.40
274.10
276.90
280.00
283.00
286.10
288.50
290.90
292.50
294.50
295.90
296.90
297.20
298.30
298.00
298.50
296.80
290.50
280.10
273.70
270.50
266.30
262.80
255.40
242.60
229.30
221.40
214.30
206.10
191.90
175.80
162.70
143.30
129.00
113.20
99.88
80.63
67.33
54.07
34.66
26.12
18.09
12.34
7.26
4.19
2.56
1.73
1.29
0.93
0.62
0.33
0.18
0.13
0.13
0.13
0.13
0.14
0.14
0.15
0.16
0.17
0.18
0.18
0.19
0.20
0.21
0.22
0.23
0.23
0.24
0.25
0.26
0.26
0.27
0.28
0.28
0.29
0.29
0.30
0.30
0.31
0.32
0.32
0.32
0.33
0.33
0.33
0.33
0.33
0.34
0.34
0.34
0.35
0.35
0.36
0.36
0.37
0.37
0.37
0.38
0.39
0.39
0.40
0.41
0.41
0.42
0.43
0.43
0.44
0.44
0.44
0.44
0.44
0.44
0.44
0.44
0.44
0.45
0.45
0.45
0.45
0.45
0.45
0.45
0.45
0.45
0.45
0.44
0.44
0.44
0.44
0.44
0.44
0.43
0.43
0.43
0.43
0.43
0.43
0.43
0.43
0.43
0.43
0.44
