SALVI
1
0
24
15.0
181
1.0
250208  Clap S 5050HE 350mA  F5M1 ANTIRFLX
CLAP S 5050HE 350mA  F5M1 ANTIRFLX

CLAPS-5050HE-F5M1-ANTIRFLX.ldt
25-2-2025/TB
490
240
80
250
190
0
0
0
0
99.83
100.00
1.00
0.00
1
1
14x5050HE
4171.20
3000
70
31.10
0.14
0.23
0.34
0.43
0.50
0.61
0.67
0.73
0.80
0.84
0.00
15.00
30.00
45.00
60.00
75.00
90.00
105.00
120.00
135.00
150.00
165.00
180.00
195.00
210.00
225.00
240.00
255.00
270.00
285.00
300.00
315.00
330.00
345.00
0.00
1.00
2.00
3.00
4.00
5.00
6.00
7.00
8.00
9.00
10.00
11.00
12.00
13.00
14.00
15.00
16.00
17.00
18.00
19.00
20.00
21.00
22.00
23.00
24.00
25.00
26.00
27.00
28.00
29.00
30.00
31.00
32.00
33.00
34.00
35.00
36.00
37.00
38.00
39.00
40.00
41.00
42.00
43.00
44.00
45.00
46.00
47.00
48.00
49.00
50.00
51.00
52.00
53.00
54.00
55.00
56.00
57.00
58.00
59.00
60.00
61.00
62.00
63.00
64.00
65.00
66.00
67.00
68.00
69.00
70.00
71.00
72.00
73.00
74.00
75.00
76.00
77.00
78.00
79.00
80.00
81.00
82.00
83.00
84.00
85.00
86.00
87.00
88.00
89.00
90.00
91.00
92.00
93.00
94.00
95.00
96.00
97.00
98.00
99.00
100.00
101.00
102.00
103.00
104.00
105.00
106.00
107.00
108.00
109.00
110.00
111.00
112.00
113.00
114.00
115.00
116.00
117.00
118.00
119.00
120.00
121.00
122.00
123.00
124.00
125.00
126.00
127.00
128.00
129.00
130.00
131.00
132.00
133.00
134.00
135.00
136.00
137.00
138.00
139.00
140.00
141.00
142.00
143.00
144.00
145.00
146.00
147.00
148.00
149.00
150.00
151.00
152.00
153.00
154.00
155.00
156.00
157.00
158.00
159.00
160.00
161.00
162.00
163.00
164.00
165.00
166.00
167.00
168.00
169.00
170.00
171.00
172.00
173.00
174.00
175.00
176.00
177.00
178.00
179.00
180.00
107.50
107.20
107.50
107.70
108.20
108.60
109.00
109.70
110.40
111.00
111.60
112.40
113.30
114.40
115.60
117.10
118.60
120.60
123.40
127.00
129.80
132.20
133.90
136.50
138.80
142.10
145.50
148.90
152.70
156.40
160.80
165.10
170.10
174.90
180.30
185.50
190.90
195.80
200.80
206.70
212.30
218.30
225.50
232.50
239.90
245.80
251.40
258.10
265.60
273.10
280.10
287.40
294.50
301.70
309.50
315.50
320.60
322.60
326.80
332.50
339.30
344.20
342.70
332.40
319.90
306.00
291.60
273.60
250.30
223.50
193.00
149.90
99.27
55.55
25.23
17.20
14.45
11.84
9.91
8.16
6.20
4.41
2.63
1.88
1.49
1.22
0.98
0.76
0.52
0.27
0.14
0.15
0.15
0.16
0.17
0.17
0.18
0.19
0.20
0.20
0.21
0.22
0.23
0.24
0.25
0.26
0.27
0.27
0.27
0.28
0.28
0.29
0.29
0.29
0.30
0.30
0.30
0.30
0.30
0.31
0.31
0.31
0.31
0.31
0.31
0.31
0.31
0.31
0.31
0.31
0.31
0.31
0.31
0.31
0.31
0.31
0.31
0.32
0.32
0.32
0.32
0.32
0.32
0.33
0.33
0.34
0.34
0.34
0.34
0.33
0.33
0.33
0.32
0.32
0.32
0.31
0.30
0.30
0.30
0.30
0.29
0.28
0.28
0.28
0.28
0.28
0.27
0.27
0.27
0.27
0.27
0.27
0.27
0.27
0.27
0.27
0.27
0.27
0.27
0.27
0.27
107.30
107.40
107.70
108.00
108.50
108.90
109.40
110.00
110.60
111.50
112.40
113.30
114.10
115.40
116.60
117.80
119.30
121.50
124.80
128.00
131.70
134.00
135.70
138.10
140.60
143.20
146.30
150.40
153.90
157.80
162.20
166.50
171.40
176.20
181.20
186.90
192.60
198.70
204.80
210.90
217.40
224.10
230.80
238.00
245.30
253.00
260.20
267.70
274.70
281.90
289.60
297.20
305.10
313.40
322.10
331.20
339.80
350.00
361.20
371.30
378.20
376.70
373.00
366.50
358.10
347.60
329.40
305.10
278.10
247.90
207.80
154.70
101.70
56.16
30.60
21.88
18.09
15.50
12.51
10.29
8.10
5.69
3.32
2.43
1.91
1.58
1.35
1.15
0.97
0.77
0.54
0.29
0.18
0.18
0.19
0.20
0.21
0.22
0.23
0.24
0.25
0.25
0.26
0.27
0.27
0.28
0.29
0.29
0.30
0.30
0.30
0.30
0.30
0.30
0.30
0.30
0.30
0.30
0.30
0.30
0.30
0.30
0.30
0.30
0.30
0.30
0.30
0.30
0.30
0.30
0.30
0.30
0.30
0.30
0.31
0.31
0.31
0.31
0.30
0.30
0.30
0.30
0.30
0.30
0.30
0.30
0.30
0.31
0.30
0.30
0.30
0.30
0.29
0.29
0.28
0.28
0.28
0.28
0.27
0.27
0.27
0.27
0.27
0.26
0.26
0.26
0.27
0.26
0.26
0.26
0.26
0.27
0.27
0.27
0.27
0.27
0.27
0.27
0.27
0.27
0.27
107.30
107.50
107.90
108.30
108.80
109.10
110.00
110.70
111.40
112.30
113.40
114.10
115.30
116.60
117.70
119.40
121.30
123.50
126.30
129.30
132.40
135.50
138.00
139.90
142.50
145.20
148.60
152.20
156.50
160.40
164.80
169.70
174.80
180.30
185.50
191.80
197.70
204.10
210.80
217.80
225.00
232.80
240.10
248.60
256.00
264.70
272.80
281.20
289.90
298.00
307.70
316.40
326.20
336.10
346.70
356.80
367.70
378.20
387.70
396.80
404.70
409.50
408.70
403.30
391.30
371.20
341.90
302.40
258.10
214.00
169.50
122.20
81.79
57.49
33.32
25.09
21.48
18.74
16.17
13.38
10.48
7.58
4.52
3.19
2.47
2.00
1.63
1.38
1.21
1.05
0.86
0.62
0.39
0.27
0.22
0.20
0.20
0.20
0.21
0.22
0.23
0.23
0.23
0.25
0.26
0.26
0.26
0.27
0.27
0.28
0.29
0.29
0.29
0.29
0.30
0.30
0.30
0.30
0.30
0.30
0.30
0.30
0.30
0.30
0.30
0.30
0.30
0.30
0.30
0.30
0.30
0.30
0.30
0.30
0.30
0.30
0.30
0.30
0.30
0.30
0.30
0.30
0.30
0.30
0.30
0.30
0.30
0.30
0.30
0.30
0.30
0.30
0.31
0.31
0.31
0.30
0.30
0.30
0.29
0.29
0.29
0.28
0.28
0.28
0.28
0.27
0.27
0.27
0.27
0.27
0.26
0.26
0.26
0.26
0.26
0.26
0.26
0.26
0.27
0.27
0.27
107.60
107.60
108.00
108.40
108.80
109.50
110.30
111.00
111.90
112.70
113.90
115.10
116.20
117.60
118.90
120.60
122.40
124.70
127.50
130.00
132.50
135.60
138.40
140.60
143.50
147.20
150.60
154.60
158.50
163.30
168.10
173.00
178.40
184.00
189.70
196.10
203.00
210.00
217.50
225.40
233.80
241.90
250.60
259.70
268.60
277.50
286.90
296.50
306.70
317.10
328.30
338.10
348.60
357.50
366.80
374.80
381.90
387.10
389.50
387.60
380.80
367.80
349.80
326.80
304.80
280.80
251.30
211.10
166.90
122.70
85.47
58.55
43.78
36.90
32.16
27.44
23.56
18.80
15.77
13.08
10.81
9.10
6.92
4.26
3.02
2.49
2.07
1.69
1.34
1.16
1.01
0.83
0.60
0.38
0.27
0.22
0.22
0.22
0.22
0.23
0.23
0.24
0.25
0.26
0.27
0.27
0.28
0.28
0.29
0.29
0.30
0.30
0.30
0.30
0.30
0.30
0.30
0.30
0.30
0.30
0.30
0.29
0.29
0.29
0.29
0.29
0.29
0.29
0.29
0.29
0.29
0.29
0.29
0.29
0.30
0.30
0.30
0.30
0.30
0.30
0.30
0.30
0.30
0.30
0.30
0.30
0.30
0.30
0.30
0.30
0.30
0.30
0.29
0.29
0.29
0.28
0.28
0.27
0.27
0.27
0.27
0.27
0.26
0.26
0.26
0.26
0.26
0.26
0.26
0.26
0.27
0.27
0.27
0.27
0.27
0.27
0.27
0.27
0.27
0.27
0.27
107.40
107.70
108.10
108.50
109.10
109.80
110.70
111.50
112.50
113.60
114.50
115.70
117.00
118.10
119.50
121.40
123.30
125.40
127.80
130.40
132.80
135.40
138.30
141.80
145.10
148.70
152.30
156.50
161.00
166.30
171.60
177.00
182.80
188.80
195.10
201.80
208.60
216.40
224.40
232.60
240.60
249.60
258.50
267.50
276.60
285.70
296.20
305.80
315.30
325.00
334.20
342.70
350.60
356.80
360.20
361.00
358.60
351.00
337.70
319.90
300.80
283.00
266.00
245.00
211.70
166.10
124.50
91.41
70.10
48.86
42.44
38.05
34.37
31.45
29.20
26.40
23.64
20.61
17.35
14.29
10.86
8.60
6.93
5.39
3.64
2.74
2.31
1.95
1.56
1.15
1.02
0.87
0.70
0.49
0.34
0.26
0.23
0.21
0.21
0.21
0.21
0.21
0.22
0.22
0.23
0.23
0.24
0.25
0.26
0.26
0.27
0.27
0.27
0.27
0.28
0.28
0.29
0.29
0.29
0.29
0.29
0.29
0.30
0.29
0.29
0.29
0.29
0.29
0.29
0.29
0.29
0.29
0.29
0.29
0.29
0.29
0.29
0.29
0.29
0.29
0.29
0.29
0.29
0.29
0.29
0.29
0.29
0.29
0.29
0.29
0.29
0.29
0.29
0.29
0.29
0.29
0.29
0.29
0.29
0.29
0.29
0.28
0.28
0.28
0.27
0.27
0.27
0.27
0.27
0.27
0.26
0.27
0.26
0.27
0.27
0.27
0.27
0.27
0.27
0.27
0.27
107.30
107.70
107.90
108.60
109.20
109.90
110.80
111.80
112.70
113.60
114.60
115.70
116.80
118.20
119.70
121.40
123.00
125.20
127.50
130.00
132.70
135.50
138.40
141.40
144.90
148.90
153.00
157.50
162.00
167.20
172.30
178.00
183.80
189.70
196.60
203.80
211.10
218.40
225.50
232.80
240.50
248.90
257.40
265.20
272.90
281.00
289.00
297.30
306.20
314.60
322.30
326.80
329.00
329.80
328.70
323.00
311.40
294.50
275.50
258.10
244.00
227.60
200.10
158.50
117.00
88.36
62.59
49.37
44.86
40.86
37.02
33.38
30.54
28.69
27.14
23.85
20.55
17.06
14.20
11.71
9.93
8.41
6.76
5.05
3.79
2.94
2.48
2.14
1.78
1.16
0.96
0.84
0.70
0.55
0.40
0.28
0.21
0.19
0.19
0.20
0.21
0.21
0.22
0.23
0.24
0.24
0.25
0.25
0.26
0.27
0.27
0.28
0.28
0.28
0.28
0.28
0.28
0.28
0.28
0.28
0.28
0.28
0.28
0.28
0.28
0.28
0.28
0.28
0.28
0.28
0.28
0.28
0.28
0.28
0.28
0.28
0.29
0.29
0.29
0.29
0.29
0.29
0.29
0.29
0.30
0.30
0.30
0.30
0.30
0.30
0.30
0.30
0.30
0.30
0.29
0.29
0.28
0.28
0.28
0.27
0.27
0.27
0.27
0.27
0.27
0.27
0.27
0.27
0.27
0.27
0.27
0.27
0.27
0.27
0.27
0.28
0.28
0.28
0.28
0.28
0.28
107.30
107.80
108.20
108.70
109.20
110.00
111.10
112.00
112.90
113.80
115.00
115.90
117.00
118.30
119.90
121.40
123.10
125.20
127.80
129.90
132.80
135.50
138.20
141.50
145.00
148.90
153.30
157.50
162.60
167.70
172.90
178.30
184.30
190.90
197.70
205.00
212.20
219.00
225.80
232.90
241.40
249.50
256.80
264.50
271.10
277.80
285.20
293.90
302.70
310.40
314.90
316.80
317.00
316.30
312.90
303.20
288.20
267.80
249.50
235.20
222.10
200.30
164.90
120.80
88.40
68.67
48.98
45.77
42.31
38.87
34.87
31.17
28.98
27.53
24.31
13.49
10.69
9.58
8.31
7.36
6.46
5.67
4.85
4.11
3.46
2.92
2.49
2.19
1.91
1.14
0.95
0.82
0.69
0.55
0.42
0.30
0.21
0.18
0.18
0.18
0.18
0.19
0.19
0.20
0.21
0.22
0.22
0.23
0.23
0.24
0.25
0.26
0.26
0.26
0.26
0.27
0.26
0.27
0.27
0.27
0.27
0.27
0.28
0.28
0.28
0.28
0.28
0.28
0.28
0.28
0.28
0.28
0.28
0.28
0.28
0.28
0.28
0.28
0.28
0.28
0.28
0.28
0.28
0.28
0.28
0.28
0.29
0.29
0.29
0.29
0.29
0.29
0.29
0.29
0.29
0.29
0.29
0.29
0.29
0.29
0.29
0.29
0.28
0.28
0.28
0.28
0.27
0.27
0.27
0.27
0.27
0.27
0.27
0.27
0.27
0.27
0.27
0.27
0.27
0.27
0.27
107.30
107.70
107.90
108.60
109.20
109.90
110.80
111.80
112.70
113.60
114.60
115.70
116.80
118.20
119.70
121.40
123.00
125.20
127.50
130.00
132.70
135.50
138.40
141.40
144.90
148.90
153.00
157.50
162.00
167.20
172.30
178.00
183.80
189.70
196.60
203.80
211.10
218.40
225.50
232.80
240.50
248.90
257.40
265.20
272.90
281.00
289.00
297.30
306.20
314.60
322.30
326.80
329.00
329.80
328.70
323.00
311.40
294.50
275.50
258.10
244.00
227.60
200.10
158.50
117.00
88.36
62.59
49.37
44.86
40.86
37.02
33.38
30.54
28.69
27.14
23.85
20.55
17.06
14.20
11.71
9.93
8.41
6.76
5.05
3.79
2.94
2.48
2.14
1.78
1.16
0.96
0.84
0.70
0.55
0.40
0.28
0.21
0.19
0.19
0.20
0.21
0.21
0.22
0.23
0.24
0.24
0.25
0.25
0.26
0.27
0.27
0.28
0.28
0.28
0.28
0.28
0.28
0.28
0.28
0.28
0.28
0.28
0.28
0.28
0.28
0.28
0.28
0.28
0.28
0.28
0.28
0.28
0.28
0.28
0.28
0.28
0.29
0.29
0.29
0.29
0.29
0.29
0.29
0.29
0.30
0.30
0.30
0.30
0.30
0.30
0.30
0.30
0.30
0.30
0.29
0.29
0.28
0.28
0.28
0.27
0.27
0.27
0.27
0.27
0.27
0.27
0.27
0.27
0.27
0.27
0.27
0.27
0.27
0.27
0.27
0.28
0.28
0.28
0.28
0.28
0.28
107.40
107.70
108.10
108.50
109.10
109.80
110.70
111.50
112.50
113.60
114.50
115.70
117.00
118.10
119.50
121.40
123.30
125.40
127.80
130.40
132.80
135.40
138.30
141.80
145.10
148.70
152.30
156.50
161.00
166.30
171.60
177.00
182.80
188.80
195.10
201.80
208.60
216.40
224.40
232.60
240.60
249.60
258.50
267.50
276.60
285.70
296.20
305.80
315.30
325.00
334.20
342.70
350.60
356.80
360.20
361.00
358.60
351.00
337.70
319.90
300.80
283.00
266.00
245.00
211.70
166.10
124.50
91.41
70.10
48.86
42.44
38.05
34.37
31.45
29.20
26.40
23.64
20.61
17.35
14.29
10.86
8.60
6.93
5.39
3.64
2.74
2.31
1.95
1.56
1.15
1.02
0.87
0.70
0.49
0.34
0.26
0.23
0.21
0.21
0.21
0.21
0.21
0.22
0.22
0.23
0.23
0.24
0.25
0.26
0.26
0.27
0.27
0.27
0.27
0.28
0.28
0.29
0.29
0.29
0.29
0.29
0.29
0.30
0.29
0.29
0.29
0.29
0.29
0.29
0.29
0.29
0.29
0.29
0.29
0.29
0.29
0.29
0.29
0.29
0.29
0.29
0.29
0.29
0.29
0.29
0.29
0.29
0.29
0.29
0.29
0.29
0.29
0.29
0.29
0.29
0.29
0.29
0.29
0.29
0.29
0.29
0.28
0.28
0.28
0.27
0.27
0.27
0.27
0.27
0.27
0.26
0.27
0.26
0.27
0.27
0.27
0.27
0.27
0.27
0.27
0.27
107.60
107.60
108.00
108.40
108.80
109.50
110.30
111.00
111.90
112.70
113.90
115.10
116.20
117.60
118.90
120.60
122.40
124.70
127.50
130.00
132.50
135.60
138.40
140.60
143.50
147.20
150.60
154.60
158.50
163.30
168.10
173.00
178.40
184.00
189.70
196.10
203.00
210.00
217.50
225.40
233.80
241.90
250.60
259.70
268.60
277.50
286.90
296.50
306.70
317.10
328.30
338.10
348.60
357.50
366.80
374.80
381.90
387.10
389.50
387.60
380.80
367.80
349.80
326.80
304.80
280.80
251.30
211.10
166.90
122.70
85.47
58.55
43.78
36.90
32.16
27.44
23.56
18.80
15.77
13.08
10.81
9.10
6.92
4.26
3.02
2.49
2.07
1.69
1.34
1.16
1.01
0.83
0.60
0.38
0.27
0.22
0.22
0.22
0.22
0.23
0.23
0.24
0.25
0.26
0.27
0.27
0.28
0.28
0.29
0.29
0.30
0.30
0.30
0.30
0.30
0.30
0.30
0.30
0.30
0.30
0.30
0.29
0.29
0.29
0.29
0.29
0.29
0.29
0.29
0.29
0.29
0.29
0.29
0.29
0.30
0.30
0.30
0.30
0.30
0.30
0.30
0.30
0.30
0.30
0.30
0.30
0.30
0.30
0.30
0.30
0.30
0.30
0.29
0.29
0.29
0.28
0.28
0.27
0.27
0.27
0.27
0.27
0.26
0.26
0.26
0.26
0.26
0.26
0.26
0.26
0.27
0.27
0.27
0.27
0.27
0.27
0.27
0.27
0.27
0.27
0.27
107.30
107.50
107.90
108.30
108.80
109.10
110.00
110.70
111.40
112.30
113.40
114.10
115.30
116.60
117.70
119.40
121.30
123.50
126.30
129.30
132.40
135.50
138.00
139.90
142.50
145.20
148.60
152.20
156.50
160.40
164.80
169.70
174.80
180.30
185.50
191.80
197.70
204.10
210.80
217.80
225.00
232.80
240.10
248.60
256.00
264.70
272.80
281.20
289.90
298.00
307.70
316.40
326.20
336.10
346.70
356.80
367.70
378.20
387.70
396.80
404.70
409.50
408.70
403.30
391.30
371.20
341.90
302.40
258.10
214.00
169.50
122.20
81.79
57.49
33.32
25.09
21.48
18.74
16.17
13.38
10.48
7.58
4.52
3.19
2.47
2.00
1.63
1.38
1.21
1.05
0.86
0.62
0.39
0.27
0.22
0.20
0.20
0.20
0.21
0.22
0.23
0.23
0.23
0.25
0.26
0.26
0.26
0.27
0.27
0.28
0.29
0.29
0.29
0.29
0.30
0.30
0.30
0.30
0.30
0.30
0.30
0.30
0.30
0.30
0.30
0.30
0.30
0.30
0.30
0.30
0.30
0.30
0.30
0.30
0.30
0.30
0.30
0.30
0.30
0.30
0.30
0.30
0.30
0.30
0.30
0.30
0.30
0.30
0.30
0.30
0.30
0.30
0.31
0.31
0.31
0.30
0.30
0.30
0.29
0.29
0.29
0.28
0.28
0.28
0.28
0.27
0.27
0.27
0.27
0.27
0.26
0.26
0.26
0.26
0.26
0.26
0.26
0.26
0.27
0.27
0.27
107.30
107.40
107.70
108.00
108.50
108.90
109.40
110.00
110.60
111.50
112.40
113.30
114.10
115.40
116.60
117.80
119.30
121.50
124.80
128.00
131.70
134.00
135.70
138.10
140.60
143.20
146.30
150.40
153.90
157.80
162.20
166.50
171.40
176.20
181.20
186.90
192.60
198.70
204.80
210.90
217.40
224.10
230.80
238.00
245.30
253.00
260.20
267.70
274.70
281.90
289.60
297.20
305.10
313.40
322.10
331.20
339.80
350.00
361.20
371.30
378.20
376.70
373.00
366.50
358.10
347.60
329.40
305.10
278.10
247.90
207.80
154.70
101.70
56.16
30.60
21.88
18.09
15.50
12.51
10.29
8.10
5.69
3.32
2.43
1.91
1.58
1.35
1.15
0.97
0.77
0.54
0.29
0.18
0.18
0.19
0.20
0.21
0.22
0.23
0.24
0.25
0.25
0.26
0.27
0.27
0.28
0.29
0.29
0.30
0.30
0.30
0.30
0.30
0.30
0.30
0.30
0.30
0.30
0.30
0.30
0.30
0.30
0.30
0.30
0.30
0.30
0.30
0.30
0.30
0.30
0.30
0.30
0.30
0.30
0.31
0.31
0.31
0.31
0.30
0.30
0.30
0.30
0.30
0.30
0.30
0.30
0.30
0.31
0.30
0.30
0.30
0.30
0.29
0.29
0.28
0.28
0.28
0.28
0.27
0.27
0.27
0.27
0.27
0.26
0.26
0.26
0.27
0.26
0.26
0.26
0.26
0.27
0.27
0.27
0.27
0.27
0.27
0.27
0.27
0.27
0.27
107.50
107.20
107.50
107.70
108.20
108.60
109.00
109.70
110.40
111.00
111.60
112.40
113.30
114.40
115.60
117.10
118.60
120.60
123.40
127.00
129.80
132.20
133.90
136.50
138.80
142.10
145.50
148.90
152.70
156.40
160.80
165.10
170.10
174.90
180.30
185.50
190.90
195.80
200.80
206.70
212.30
218.30
225.50
232.50
239.90
245.80
251.40
258.10
265.60
273.10
280.10
287.40
294.50
301.70
309.50
315.50
320.60
322.60
326.80
332.50
339.30
344.20
342.70
332.40
319.90
306.00
291.60
273.60
250.30
223.50
193.00
149.90
99.27
55.55
25.23
17.20
14.45
11.84
9.91
8.16
6.20
4.41
2.63
1.88
1.49
1.22
0.98
0.76
0.52
0.27
0.14
0.15
0.15
0.16
0.17
0.17
0.18
0.19
0.20
0.20
0.21
0.22
0.23
0.24
0.25
0.26
0.27
0.27
0.27
0.28
0.28
0.29
0.29
0.29
0.30
0.30
0.30
0.30
0.30
0.31
0.31
0.31
0.31
0.31
0.31
0.31
0.31
0.31
0.31
0.31
0.31
0.31
0.31
0.31
0.31
0.31
0.31
0.32
0.32
0.32
0.32
0.32
0.32
0.33
0.33
0.34
0.34
0.34
0.34
0.33
0.33
0.33
0.32
0.32
0.32
0.31
0.30
0.30
0.30
0.30
0.29
0.28
0.28
0.28
0.28
0.28
0.27
0.27
0.27
0.27
0.27
0.27
0.27
0.27
0.27
0.27
0.27
0.27
0.27
0.27
0.27
107.30
107.30
107.50
107.60
107.90
108.30
108.80
109.30
109.80
110.40
111.10
112.00
112.90
114.10
115.50
116.80
118.30
120.00
122.00
124.60
127.40
130.30
132.50
135.00
137.40
139.70
142.40
145.80
149.40
153.60
157.70
162.00
166.70
171.90
176.60
181.90
187.10
193.10
198.90
204.80
210.80
216.60
223.10
229.40
236.20
242.90
249.80
256.20
262.90
269.70
276.90
284.70
291.60
298.70
298.90
298.70
299.70
303.10
311.20
321.60
332.00
336.00
335.30
330.30
324.80
317.60
303.60
285.40
262.20
231.50
200.10
169.80
134.30
86.78
54.65
22.68
14.49
11.83
8.81
7.41
5.45
4.22
2.54
1.50
1.03
0.74
0.47
0.24
0.15
0.13
0.13
0.13
0.13
0.14
0.14
0.14
0.15
0.16
0.16
0.17
0.18
0.19
0.19
0.21
0.21
0.22
0.22
0.23
0.23
0.24
0.25
0.26
0.26
0.26
0.27
0.27
0.27
0.27
0.27
0.28
0.28
0.29
0.29
0.29
0.29
0.29
0.29
0.29
0.29
0.29
0.29
0.29
0.29
0.29
0.29
0.29
0.30
0.30
0.30
0.31
0.31
0.32
0.33
0.33
0.33
0.33
0.34
0.34
0.34
0.34
0.34
0.34
0.34
0.34
0.34
0.34
0.34
0.33
0.33
0.32
0.31
0.31
0.31
0.30
0.30
0.29
0.29
0.28
0.28
0.28
0.27
0.27
0.27
0.27
0.27
0.27
0.27
0.27
0.27
0.27
0.27
107.30
107.30
107.30
107.50
107.70
108.00
108.50
108.90
109.30
109.90
110.80
111.70
112.70
113.80
115.00
116.60
118.20
119.80
121.10
123.10
125.20
127.70
130.60
132.90
135.30
137.60
140.30
143.30
146.60
150.10
154.20
159.40
163.90
168.90
174.20
179.60
185.50
191.40
198.00
204.00
209.80
216.00
221.70
227.90
234.60
241.50
248.40
255.90
263.70
270.90
278.30
285.80
293.10
294.70
292.50
293.40
299.30
307.70
316.70
326.10
331.80
332.80
334.40
338.50
344.30
341.30
316.90
285.20
262.10
241.50
210.10
167.90
131.60
101.80
68.88
41.46
23.10
12.63
9.28
6.76
5.27
3.76
2.31
1.06
0.57
0.33
0.20
0.13
0.13
0.13
0.13
0.14
0.15
0.15
0.16
0.17
0.17
0.18
0.19
0.20
0.20
0.21
0.22
0.23
0.23
0.24
0.24
0.25
0.25
0.26
0.26
0.27
0.27
0.28
0.28
0.28
0.29
0.29
0.29
0.30
0.30
0.30
0.30
0.30
0.30
0.30
0.30
0.30
0.30
0.30
0.30
0.30
0.30
0.30
0.31
0.31
0.31
0.32
0.33
0.33
0.33
0.34
0.34
0.34
0.34
0.34
0.34
0.34
0.34
0.34
0.34
0.33
0.33
0.33
0.33
0.33
0.32
0.31
0.31
0.31
0.30
0.29
0.29
0.29
0.28
0.28
0.27
0.27
0.27
0.27
0.27
0.27
0.27
0.27
0.27
0.27
0.27
0.27
0.27
0.27
0.27
107.60
107.00
107.20
107.40
107.70
107.80
108.00
108.40
109.10
109.70
110.60
111.50
112.80
113.90
114.80
116.00
117.50
119.10
120.90
122.80
124.70
126.60
128.80
131.00
133.70
137.20
140.40
143.60
146.70
150.00
153.50
157.70
162.40
166.80
171.90
177.70
183.50
189.50
195.70
201.80
208.10
214.90
222.00
229.40
236.40
243.60
251.00
258.50
266.20
273.30
281.30
288.30
295.30
300.90
301.70
301.30
306.90
314.50
323.40
331.50
337.00
334.40
329.80
324.70
307.50
287.90
265.30
239.50
216.50
189.60
160.40
130.40
100.80
69.77
42.12
25.86
15.89
11.64
8.03
5.80
3.79
2.26
1.12
0.52
0.33
0.21
0.13
0.11
0.11
0.11
0.12
0.12
0.12
0.13
0.14
0.14
0.15
0.15
0.16
0.17
0.18
0.18
0.19
0.19
0.21
0.21
0.21
0.22
0.22
0.23
0.23
0.24
0.25
0.26
0.26
0.26
0.26
0.26
0.27
0.27
0.27
0.28
0.28
0.28
0.28
0.28
0.28
0.28
0.28
0.28
0.28
0.28
0.28
0.28
0.28
0.28
0.29
0.29
0.30
0.30
0.31
0.31
0.31
0.32
0.33
0.33
0.33
0.33
0.34
0.33
0.33
0.34
0.34
0.34
0.34
0.34
0.34
0.34
0.34
0.33
0.33
0.32
0.32
0.31
0.31
0.31
0.30
0.29
0.29
0.29
0.28
0.28
0.28
0.27
0.27
0.27
0.27
0.27
0.27
0.27
0.27
107.40
107.30
107.30
107.20
107.30
107.40
107.90
108.30
108.90
109.70
110.40
111.50
112.50
113.50
114.60
116.00
117.60
119.00
120.80
122.10
123.90
125.60
127.50
129.70
132.20
135.10
138.10
141.10
144.40
147.90
151.70
155.90
160.50
165.40
170.60
176.30
182.00
188.60
194.40
200.70
208.20
215.10
222.60
230.30
237.70
246.00
254.00
261.60
268.80
276.00
282.30
288.20
293.60
297.60
301.30
305.30
308.80
311.90
316.70
319.00
316.50
309.60
289.90
265.20
245.20
228.50
213.40
196.50
166.10
138.30
110.40
79.78
50.41
31.22
21.98
15.42
12.41
9.52
6.44
4.61
2.75
1.10
0.53
0.31
0.16
0.10
0.10
0.10
0.10
0.11
0.12
0.12
0.13
0.13
0.14
0.15
0.15
0.16
0.17
0.17
0.18
0.19
0.19
0.20
0.21
0.21
0.22
0.23
0.23
0.24
0.24
0.25
0.25
0.26
0.26
0.26
0.27
0.27
0.28
0.28
0.28
0.28
0.29
0.28
0.29
0.29
0.29
0.29
0.29
0.29
0.29
0.29
0.29
0.29
0.29
0.29
0.30
0.30
0.30
0.31
0.31
0.32
0.32
0.33
0.33
0.33
0.34
0.34
0.34
0.34
0.34
0.33
0.33
0.33
0.33
0.33
0.33
0.32
0.32
0.31
0.31
0.30
0.30
0.30
0.29
0.28
0.28
0.28
0.27
0.27
0.27
0.27
0.27
0.28
0.27
0.27
0.27
0.27
0.27
0.27
0.27
107.30
107.10
107.20
107.10
107.20
107.40
107.80
108.20
108.70
109.40
110.10
111.40
112.60
113.80
115.10
116.30
117.50
119.00
120.30
121.80
123.40
125.10
126.70
128.80
131.20
133.50
136.20
139.10
142.60
146.10
150.10
154.40
159.20
164.00
169.10
174.70
181.10
186.90
193.10
199.80
207.20
214.60
222.10
229.20
236.70
243.60
250.90
258.20
264.80
270.30
275.70
279.50
282.20
285.00
287.70
290.50
289.40
285.90
282.10
277.80
266.30
257.90
246.30
230.20
207.80
186.30
167.10
149.70
126.70
90.25
66.74
43.41
28.91
21.47
17.40
14.52
9.41
7.53
4.15
2.94
0.95
0.49
0.23
0.12
0.09
0.08
0.08
0.08
0.08
0.08
0.08
0.08
0.09
0.10
0.10
0.11
0.12
0.12
0.13
0.14
0.14
0.15
0.15
0.16
0.17
0.18
0.18
0.19
0.19
0.20
0.21
0.21
0.22
0.22
0.22
0.22
0.23
0.23
0.24
0.25
0.25
0.25
0.26
0.26
0.26
0.26
0.26
0.26
0.26
0.27
0.27
0.28
0.28
0.28
0.28
0.28
0.28
0.28
0.28
0.28
0.28
0.28
0.29
0.30
0.30
0.30
0.31
0.31
0.31
0.31
0.32
0.32
0.33
0.33
0.33
0.33
0.33
0.33
0.33
0.33
0.33
0.33
0.32
0.32
0.31
0.31
0.30
0.30
0.29
0.29
0.29
0.28
0.28
0.28
0.28
0.28
0.28
0.28
0.28
0.28
0.28
107.30
107.20
107.20
107.20
107.20
107.20
107.40
108.00
108.40
109.00
109.90
111.20
112.40
113.90
115.20
116.30
117.40
118.70
119.90
121.50
123.10
124.80
126.60
128.10
130.40
132.80
135.30
138.00
141.00
145.10
148.60
153.20
157.50
162.40
167.80
173.60
179.40
185.60
192.10
199.40
206.30
214.50
220.90
228.10
234.30
241.60
249.70
255.50
261.70
266.40
270.10
274.70
276.20
277.80
277.00
276.70
276.60
274.50
267.20
256.90
250.90
241.80
228.30
213.40
195.10
166.60
149.60
132.60
107.20
73.66
46.50
33.62
24.71
18.51
16.25
13.40
8.65
6.81
3.61
1.36
0.70
0.34
0.09
0.07
0.07
0.08
0.08
0.08
0.09
0.09
0.09
0.10
0.11
0.11
0.12
0.13
0.13
0.14
0.14
0.15
0.16
0.16
0.17
0.18
0.19
0.19
0.20
0.21
0.21
0.21
0.22
0.23
0.23
0.24
0.24
0.24
0.25
0.25
0.25
0.26
0.26
0.26
0.27
0.27
0.27
0.27
0.27
0.27
0.27
0.28
0.28
0.28
0.28
0.28
0.28
0.28
0.28
0.28
0.29
0.29
0.29
0.29
0.30
0.31
0.32
0.32
0.32
0.33
0.33
0.33
0.33
0.33
0.33
0.33
0.33
0.33
0.32
0.32
0.31
0.31
0.30
0.30
0.30
0.29
0.29
0.29
0.28
0.28
0.28
0.28
0.28
0.28
0.28
0.28
0.28
0.28
0.28
0.28
0.28
0.28
0.28
107.30
107.10
107.20
107.10
107.20
107.40
107.80
108.20
108.70
109.40
110.10
111.40
112.60
113.80
115.10
116.30
117.50
119.00
120.30
121.80
123.40
125.10
126.70
128.80
131.20
133.50
136.20
139.10
142.60
146.10
150.10
154.40
159.20
164.00
169.10
174.70
181.10
186.90
193.10
199.80
207.20
214.60
222.10
229.20
236.70
243.60
250.90
258.20
264.80
270.30
275.70
279.50
282.20
285.00
287.70
290.50
289.40
285.90
282.10
277.80
266.30
257.90
246.30
230.20
207.80
186.30
167.10
149.70
126.70
90.25
66.74
43.41
28.91
21.47
17.40
14.52
9.41
7.53
4.15
2.94
0.95
0.49
0.23
0.12
0.09
0.08
0.08
0.08
0.08
0.08
0.08
0.08
0.09
0.10
0.10
0.11
0.12
0.12
0.13
0.14
0.14
0.15
0.15
0.16
0.17
0.18
0.18
0.19
0.19
0.20
0.21
0.21
0.22
0.22
0.22
0.22
0.23
0.23
0.24
0.25
0.25
0.25
0.26
0.26
0.26
0.26
0.26
0.26
0.26
0.27
0.27
0.28
0.28
0.28
0.28
0.28
0.28
0.28
0.28
0.28
0.28
0.28
0.29
0.30
0.30
0.30
0.31
0.31
0.31
0.31
0.32
0.32
0.33
0.33
0.33
0.33
0.33
0.33
0.33
0.33
0.33
0.33
0.32
0.32
0.31
0.31
0.30
0.30
0.29
0.29
0.29
0.28
0.28
0.28
0.28
0.28
0.28
0.28
0.28
0.28
0.28
107.40
107.30
107.30
107.20
107.30
107.40
107.90
108.30
108.90
109.70
110.40
111.50
112.50
113.50
114.60
116.00
117.60
119.00
120.80
122.10
123.90
125.60
127.50
129.70
132.20
135.10
138.10
141.10
144.40
147.90
151.70
155.90
160.50
165.40
170.60
176.30
182.00
188.60
194.40
200.70
208.20
215.10
222.60
230.30
237.70
246.00
254.00
261.60
268.80
276.00
282.30
288.20
293.60
297.60
301.30
305.30
308.80
311.90
316.70
319.00
316.50
309.60
289.90
265.20
245.20
228.50
213.40
196.50
166.10
138.30
110.40
79.78
50.41
31.22
21.98
15.42
12.41
9.52
6.44
4.61
2.75
1.10
0.53
0.31
0.16
0.10
0.10
0.10
0.10
0.11
0.12
0.12
0.13
0.13
0.14
0.15
0.15
0.16
0.17
0.17
0.18
0.19
0.19
0.20
0.21
0.21
0.22
0.23
0.23
0.24
0.24
0.25
0.25
0.26
0.26
0.26
0.27
0.27
0.28
0.28
0.28
0.28
0.29
0.28
0.29
0.29
0.29
0.29
0.29
0.29
0.29
0.29
0.29
0.29
0.29
0.29
0.30
0.30
0.30
0.31
0.31
0.32
0.32
0.33
0.33
0.33
0.34
0.34
0.34
0.34
0.34
0.33
0.33
0.33
0.33
0.33
0.33
0.32
0.32
0.31
0.31
0.30
0.30
0.30
0.29
0.28
0.28
0.28
0.27
0.27
0.27
0.27
0.27
0.28
0.27
0.27
0.27
0.27
0.27
0.27
0.27
107.60
107.00
107.20
107.40
107.70
107.80
108.00
108.40
109.10
109.70
110.60
111.50
112.80
113.90
114.80
116.00
117.50
119.10
120.90
122.80
124.70
126.60
128.80
131.00
133.70
137.20
140.40
143.60
146.70
150.00
153.50
157.70
162.40
166.80
171.90
177.70
183.50
189.50
195.70
201.80
208.10
214.90
222.00
229.40
236.40
243.60
251.00
258.50
266.20
273.30
281.30
288.30
295.30
300.90
301.70
301.30
306.90
314.50
323.40
331.50
337.00
334.40
329.80
324.70
307.50
287.90
265.30
239.50
216.50
189.60
160.40
130.40
100.80
69.77
42.12
25.86
15.89
11.64
8.03
5.80
3.79
2.26
1.12
0.52
0.33
0.21
0.13
0.11
0.11
0.11
0.12
0.12
0.12
0.13
0.14
0.14
0.15
0.15
0.16
0.17
0.18
0.18
0.19
0.19
0.21
0.21
0.21
0.22
0.22
0.23
0.23
0.24
0.25
0.26
0.26
0.26
0.26
0.26
0.27
0.27
0.27
0.28
0.28
0.28
0.28
0.28
0.28
0.28
0.28
0.28
0.28
0.28
0.28
0.28
0.28
0.28
0.29
0.29
0.30
0.30
0.31
0.31
0.31
0.32
0.33
0.33
0.33
0.33
0.34
0.33
0.33
0.34
0.34
0.34
0.34
0.34
0.34
0.34
0.34
0.33
0.33
0.32
0.32
0.31
0.31
0.31
0.30
0.29
0.29
0.29
0.28
0.28
0.28
0.27
0.27
0.27
0.27
0.27
0.27
0.27
0.27
107.30
107.30
107.30
107.50
107.70
108.00
108.50
108.90
109.30
109.90
110.80
111.70
112.70
113.80
115.00
116.60
118.20
119.80
121.10
123.10
125.20
127.70
130.60
132.90
135.30
137.60
140.30
143.30
146.60
150.10
154.20
159.40
163.90
168.90
174.20
179.60
185.50
191.40
198.00
204.00
209.80
216.00
221.70
227.90
234.60
241.50
248.40
255.90
263.70
270.90
278.30
285.80
293.10
294.70
292.50
293.40
299.30
307.70
316.70
326.10
331.80
332.80
334.40
338.50
344.30
341.30
316.90
285.20
262.10
241.50
210.10
167.90
131.60
101.80
68.88
41.46
23.10
12.63
9.28
6.76
5.27
3.76
2.31
1.06
0.57
0.33
0.20
0.13
0.13
0.13
0.13
0.14
0.15
0.15
0.16
0.17
0.17
0.18
0.19
0.20
0.20
0.21
0.22
0.23
0.23
0.24
0.24
0.25
0.25
0.26
0.26
0.27
0.27
0.28
0.28
0.28
0.29
0.29
0.29
0.30
0.30
0.30
0.30
0.30
0.30
0.30
0.30
0.30
0.30
0.30
0.30
0.30
0.30
0.30
0.31
0.31
0.31
0.32
0.33
0.33
0.33
0.34
0.34
0.34
0.34
0.34
0.34
0.34
0.34
0.34
0.34
0.33
0.33
0.33
0.33
0.33
0.32
0.31
0.31
0.31
0.30
0.29
0.29
0.29
0.28
0.28
0.27
0.27
0.27
0.27
0.27
0.27
0.27
0.27
0.27
0.27
0.27
0.27
0.27
0.27
0.27
107.30
107.30
107.50
107.60
107.90
108.30
108.80
109.30
109.80
110.40
111.10
112.00
112.90
114.10
115.50
116.80
118.30
120.00
122.00
124.60
127.40
130.30
132.50
135.00
137.40
139.70
142.40
145.80
149.40
153.60
157.70
162.00
166.70
171.90
176.60
181.90
187.10
193.10
198.90
204.80
210.80
216.60
223.10
229.40
236.20
242.90
249.80
256.20
262.90
269.70
276.90
284.70
291.60
298.70
298.90
298.70
299.70
303.10
311.20
321.60
332.00
336.00
335.30
330.30
324.80
317.60
303.60
285.40
262.20
231.50
200.10
169.80
134.30
86.78
54.65
22.68
14.49
11.83
8.81
7.41
5.45
4.22
2.54
1.50
1.03
0.74
0.47
0.24
0.15
0.13
0.13
0.13
0.13
0.14
0.14
0.14
0.15
0.16
0.16
0.17
0.18
0.19
0.19
0.21
0.21
0.22
0.22
0.23
0.23
0.24
0.25
0.26
0.26
0.26
0.27
0.27
0.27
0.27
0.27
0.28
0.28
0.29
0.29
0.29
0.29
0.29
0.29
0.29
0.29
0.29
0.29
0.29
0.29
0.29
0.29
0.29
0.30
0.30
0.30
0.31
0.31
0.32
0.33
0.33
0.33
0.33
0.34
0.34
0.34
0.34
0.34
0.34
0.34
0.34
0.34
0.34
0.34
0.33
0.33
0.32
0.31
0.31
0.31
0.30
0.30
0.29
0.29
0.28
0.28
0.28
0.27
0.27
0.27
0.27
0.27
0.27
0.27
0.27
0.27
0.27
0.27
