ANSYS
3
0
24
15
181
1
F1M1 ASSY_v204_S5050_1M
F1M1 ASSY_v204_S5050_1M

F1M1 ASSY_v204_S5050_1M.LDT.ldt

100
100
10
90
90
0
0
0
0
95.34
99.89
1
0
1
1

13110


1
0
0
0
0
0
0
0
0
0
0
0
15
30
45
60
75
90
105
120
135
150
165
180
195
210
225
240
255
270
285
300
315
330
345
0
1
2
3
4
5
6
7
8
9
10
11
12
13
14
15
16
17
18
19
20
21
22
23
24
25
26
27
28
29
30
31
32
33
34
35
36
37
38
39
40
41
42
43
44
45
46
47
48
49
50
51
52
53
54
55
56
57
58
59
60
61
62
63
64
65
66
67
68
69
70
71
72
73
74
75
76
77
78
79
80
81
82
83
84
85
86
87
88
89
90
91
92
93
94
95
96
97
98
99
100
101
102
103
104
105
106
107
108
109
110
111
112
113
114
115
116
117
118
119
120
121
122
123
124
125
126
127
128
129
130
131
132
133
134
135
136
137
138
139
140
141
142
143
144
145
146
147
148
149
150
151
152
153
154
155
156
157
158
159
160
161
162
163
164
165
166
167
168
169
170
171
172
173
174
175
176
177
178
179
180
217.767
230.319
269.801
264.522
228.213
250.003
258.392
235.522
237.587
209.447
233.364
258.406
252.175
231.215
213.454
239.645
244.851
260.45
258.392
246.939
241.682
251.021
228.174
223.97
228.135
242.725
230.203
234.403
228.138
244.823
235.438
229.08
257.242
264.552
245.777
234.363
249.934
255.097
268.731
262.452
259.304
281.198
272.828
279.088
272.835
291.526
283.175
297.781
271.75
294.626
292.53
283.179
290.452
290.438
279.917
309.09
315.341
316.405
332.023
319.494
315.307
327.774
335.015
354.778
356.706
392.004
416.026
417.062
405.594
454.416
515.68
484.425
503.04
568.582
543.64
505.168
480.168
429.253
394.919
357.509
289.974
221.346
147.552
85.1803
34.2484
15.5367
4.07075
5.04824
5.11578
7.23696
8.30462
9.30848
9.25892
11.3759
15.572
13.4499
10.3502
8.30434
14.4854
11.387
8.30132
10.3776
3.10978
4.15175
2.03677
3.10301
7.24129
7.24001
8.2558
7.21324
5.18586
3.9973
5.04495
2.07249
2.06003
3.10434
8.31307
4.16344
2.07205
4.14844
4.16411
1.04498
3.09083
7.15802
8.19627
3.09982
1.03165
1.04498
4.02455
3.99131
5.20916
5.17347
4.10927
5.14813
4.15167
2.08769
5.14489
5.10244
1.00254
2.08997
3.13495
0
0
2.08997
3.12144
3.10131
2.06984
2.07638
5.11721
3.05059
2.07644
2.0759
0
1.03404
6.1313
3.06642
2.06726
3.10472
3.08194
4.09709
6.16577
5.15476
3.12382
1.04498
2.05016
0
2.06734
4.13285
3.11234
6.20557
9.2586
8.23471
5.18987
8.19122
9.30127
9.30055
10.334
14.4228
19.4876
9.31108
8.19501
217.767
231.345
272.894
258.336
232.285
262.506
266.688
258.343
272.96
267.717
256.262
272.929
257.366
241.701
250.049
228.184
266.59
272.895
264.595
269.64
275.946
276.009
308.368
295.856
291.563
286.389
261.402
278.988
277.954
265.487
283.225
299.917
290.558
281.188
271.771
300.846
306.099
297.759
291.506
289.423
299.772
319.522
297.685
284.121
312.214
303.91
278.912
291.441
298.646
300.696
307.945
278.799
289.264
309.996
316.247
311.014
323.532
302.767
307.936
299.608
312.081
316.211
369.175
357.756
377.509
382.722
355.686
388.956
400.332
406.471
427.196
444.784
488.321
499.681
456.003
408.133
397.906
365.79
334.506
283.51
212.916
140.226
80.9961
61.2579
63.3875
41.542
21.8102
16.5437
20.6879
13.4541
15.557
16.5818
19.6721
13.5063
18.5561
20.6326
15.3937
17.5551
20.6975
21.7249
14.4804
14.5092
13.4451
11.3261
11.3314
6.17729
3.11366
2.07821
1.03844
2.07739
1.03818
0.991405
0.991405
2.07834
4.15058
5.17448
4.13407
4.13582
5.17964
6.20805
5.16698
4.15097
4.15809
5.20074
4.16179
5.17896
5.16734
6.22532
2.08997
3.12061
4.1509
4.16524
3.11499
3.07706
5.09387
4.09386
3.08484
1.04498
1.00292
2.01956
3.00127
0.995892
6.12844
5.10225
1.00325
3.04419
2.08242
3.09352
3.07946
1.04498
2.07625
1.03127
3.02441
1.04498
1.03734
1.03734
1.03364
2.05111
3.08489
5.14393
10.3233
3.11235
3.1032
1.02699
2.06334
5.17881
8.29578
7.25221
7.15281
6.14477
9.28573
11.3476
8.24337
9.27919
13.438
15.4667
11.3301
13.4203
18.4712
10.2716
8.19501
217.767
227.168
244.792
261.461
245.916
260.478
245.87
269.79
242.681
210.313
250.903
266.591
274.971
269.838
252.099
263.574
265.618
268.719
299.814
302.986
295.83
287.436
270.845
278.142
291.656
282.253
281.15
296.82
305.169
281.183
288.387
319.65
315.462
297.806
328.031
284.28
292.538
288.35
297.681
291.465
292.523
310.14
289.335
298.732
339.281
288.279
294.532
282.073
282.061
277.857
285.175
302.865
309.132
290.362
284.087
278.877
298.624
286.155
262.158
270.494
284.066
284.042
284.05
247.623
242.414
239.296
220.502
218.453
228.876
218.459
210.121
203.833
186.129
165.11
164.116
124.75
92.4877
62.2269
32.2238
13.5172
3.04316
5.15246
6.24113
9.31605
15.4731
20.7522
8.32223
13.5258
18.7265
23.8748
22.8628
22.8584
16.6036
12.2692
12.3622
12.4039
14.423
12.3994
11.4139
11.4118
4.15111
5.17729
5.16569
7.24224
5.16934
4.11944
3.10487
5.17555
6.1989
1.0324
5.11293
8.20512
5.17031
7.22218
4.11371
1.03176
2.06271
3.11875
5.18326
4.15148
4.13726
5.16817
6.22736
6.2278
4.13729
4.15092
4.15153
4.09862
9.20301
8.17364
3.13495
2.08997
1.04498
4.16579
0
1.0339
3.05534
5.13022
4.12662
5.13462
2.08997
3.04752
3.03209
4.14226
8.32464
5.10258
4.08266
7.24533
6.18475
4.15875
1.04498
3.11003
2.07155
2.06735
1.03368
0
7.2548
5.19511
3.11339
5.02589
8.19932
8.26201
7.2206
5.17316
5.18035
7.1989
4.96755
5.01483
3.10861
3.08576
7.23474
4.12031
10.2557
11.2664
10.3008
10.3429
7.24038
14.3704
12.3491
10.2742
8.19501
217.767
232.378
242.683
286.484
275.096
270.918
275.03
285.455
304.129
290.601
286.406
273.894
275.956
278.093
291.597
296.805
302.036
287.533
285.413
302.99
328.056
319.764
314.515
288.466
284.307
286.361
286.437
299.948
276.995
307.196
326.014
272.886
272.814
306.162
305.071
322.776
305.105
253.048
270.719
273.859
282.158
281.141
301.933
294.659
306.078
302.958
290.475
244.644
250.858
234.238
240.425
244.581
225.787
215.383
210.269
200.927
194.657
183.138
202.869
180.065
167.596
195.683
186.321
151.988
158.213
156.096
144.658
115.551
100.987
98.9268
88.5137
64.5071
56.1986
39.5787
36.3994
30.1437
21.806
16.6673
16.657
11.3761
16.5286
14.5628
17.6279
6.17118
6.23633
9.33991
9.30876
10.363
10.3829
13.4718
7.24329
1.04092
5.1866
11.4053
12.3969
4.13453
5.12722
2.06945
4.14655
5.17388
4.13909
7.18925
6.14795
2.06512
4.13221
3.09972
5.16367
6.21104
11.377
6.1926
3.09977
5.14007
6.16022
6.22134
3.09392
5.16366
4.09308
0.986689
2.07543
4.14987
4.08139
5.12835
7.21289
8.23095
6.1657
5.04939
0
1.04498
7.28633
7.25805
3.0923
1.04498
0
0.996175
2.0286
2.0635
3.09294
2.07852
2.07852
0.997661
2.03884
4.091
4.09063
2.05841
4.11123
6.15436
3.06818
5.13914
3.1016
2.07751
3.10804
5.16196
5.13191
3.07067
3.10292
4.13665
1.03372
5.06609
5.04671
5.18756
2.06148
6.21497
7.22931
8.22298
10.3505
4.14584
5.16921
6.2029
8.29235
7.25476
5.14753
11.3091
9.22887
9.31216
17.5428
10.1812
7.23325
8.18246
6.11092
10.2742
8.19501
217.767
238.635
244.823
279.162
269.795
260.468
295.812
284.361
279.213
279.221
280.264
301.007
301.889
282.131
285.387
293.675
319.705
300.033
254.154
281.2
315.504
308.185
314.459
295.731
300.935
311.268
308.243
287.435
303.049
297.86
307.183
306.122
297.809
295.79
282.218
271.791
286.348
292.627
254.05
236.368
265.55
249.923
209.328
190.589
205.143
200.883
183.308
172.844
164.516
167.667
144.714
148.869
141.668
133.244
116.565
128.067
141.533
114.44
106.139
105.197
107.262
111.394
96.8235
84.3544
87.5045
81.2099
72.8408
64.551
79.106
63.5093
41.6473
47.905
45.7228
27.0003
31.2685
24.9943
25.9729
25.9807
17.6429
6.22722
7.26903
12.4431
7.24914
4.15595
6.20648
6.19209
7.26295
6.16991
3.06884
3.06932
4.14013
2.06315
4.14086
5.18903
4.14708
11.377
11.3829
13.4372
12.3784
13.411
15.4856
15.4826
13.3954
16.5019
18.5862
17.5555
24.7678
20.615
19.5916
18.5303
12.386
11.3553
13.4167
17.4122
15.3728
6.19362
5.15865
7.21998
9.28307
9.29682
5.13673
12.3533
10.2935
9.26632
10.3431
13.4365
13.4394
7.23454
8.26457
7.21849
14.3581
15.3355
12.3222
8.23636
3.09023
5.15867
3.09292
6.1648
3.08913
6.19127
5.16624
4.14129
2.05752
4.11859
5.17689
5.16208
9.30636
7.22281
3.06694
6.17408
6.22441
5.13392
10.2347
8.1625
6.20934
7.23016
6.22352
7.21437
3.10543
9.29243
14.4605
10.2986
8.26693
9.26257
11.3599
16.53
15.4814
15.4575
12.3002
9.29409
9.3145
8.23875
12.3723
15.5119
15.5088
18.4989
8.27878
8.18562
6.12967
6.13896
8.19501
217.767
235.458
262.536
265.575
261.432
261.475
291.649
280.189
254.134
279.1
318.747
292.621
288.503
263.533
247.895
268.722
297.886
298.913
318.675
337.452
307.201
290.53
317.619
298.766
283.134
288.475
288.437
324.795
326.863
308.215
288.314
301.857
303.981
289.41
269.661
243.685
229.142
262.452
266.559
238.476
225.999
191.549
174.87
174.953
141.663
124.997
136.454
137.473
120.822
107.224
106.17
106.194
103.052
93.7335
94.7833
96.7792
91.541
82.1071
80.0831
79.0714
84.282
92.7041
81.2218
75.0211
73.9648
71.8422
63.5253
60.3352
54.0087
59.2855
58.3326
49.9943
40.5213
29.0977
28.1439
23.9314
18.7244
13.5201
13.5523
10.3734
3.12143
7.27424
8.30909
5.19494
4.1574
6.18112
5.15179
2.08214
6.23782
7.27608
8.30996
8.31332
5.17222
6.21426
5.191
5.20272
9.24642
7.21387
11.3667
15.499
17.5615
12.3925
21.6828
32.0052
34.0065
28.899
25.8207
28.9144
30.9539
43.3502
43.3385
28.8954
24.756
23.7394
15.467
22.7115
30.962
27.8548
22.7171
25.7986
19.6121
21.6888
26.8476
22.7103
21.6602
25.8045
17.5375
15.4491
19.6019
20.6069
13.3881
18.5603
19.5749
14.4125
8.26142
13.4136
9.27251
18.4635
12.2952
16.4686
11.3343
9.27337
9.30098
16.5708
17.537
13.4295
13.4178
15.4768
12.3741
12.4023
9.29744
10.3402
15.4961
16.4932
11.3393
4.13975
5.17577
8.2726
16.5468
14.4777
5.17759
3.07195
6.19876
5.19479
11.3921
13.4515
11.3786
7.24041
9.33197
9.32713
13.4216
9.29734
16.5489
13.4221
9.28392
13.4465
12.422
10.3487
5.18104
5.10474
8.19501
217.767
245.893
269.857
280.261
266.725
271.893
286.351
301.967
304.164
333.319
322.935
316.623
347.887
327.043
272.921
302.028
297.874
289.564
305.151
295.765
310.399
308.183
289.431
323.772
360.186
307.076
300.952
294.701
290.469
274.709
307.09
283.225
285.273
259.267
243.566
232.164
218.7
219.741
192.641
187.442
175.968
164.413
141.557
137.341
124.916
113.499
121.805
128.039
129.072
110.338
120.746
109.357
95.8062
102.038
86.4317
77.0411
85.3466
82.2477
69.7562
70.8223
76.9535
74.9646
84.3494
79.1785
65.5889
75.9878
64.5767
60.3909
58.2981
49.9499
56.1905
42.6761
36.4537
35.4094
27.0869
21.8614
16.6627
16.6369
13.5246
16.5987
12.4302
4.15932
8.29541
4.16278
5.19227
4.15499
6.23361
5.19546
5.17989
4.12807
3.08965
3.11944
4.16228
1.04305
4.15211
3.10875
1.038
2.0857
4.14195
5.18395
4.14571
5.18694
3.10239
3.09869
9.29969
10.3433
6.1942
6.20689
3.09697
6.19383
12.3961
13.4306
6.19343
9.29193
13.4073
18.574
17.5425
15.4874
24.7901
28.9183
15.4884
26.8016
25.7835
25.8115
34.0528
27.8469
23.7314
24.6604
23.6238
24.7401
24.7359
20.6323
24.7608
15.45
20.5836
21.6594
33.0008
21.6616
17.5456
15.4768
21.6972
23.7367
21.6146
12.3567
11.3709
15.4849
17.5837
17.587
13.4421
13.4633
17.6123
10.3569
10.3615
12.3873
10.2882
5.17457
11.4052
12.347
7.20129
10.295
7.01066
10.3545
7.22929
10.3194
11.3795
13.4459
14.4828
10.3141
13.4009
5.1655
6.22538
13.4416
13.4424
9.24304
6.10859
14.4179
11.3774
8.28196
7.24348
7.16979
8.19501
217.767
250.056
264.676
235.461
264.625
261.515
291.699
307.317
287.497
255.234
237.418
287.399
307.24
275.006
286.42
311.461
317.744
295.824
296.815
265.594
271.85
271.855
304.067
313.423
293.523
286.299
266.568
261.318
298.834
280.147
246.832
274.849
311.309
289.479
247.828
245.706
231.16
239.463
242.589
223.8
204.041
192.594
158.232
162.411
125.978
120.742
108.205
126.959
117.628
121.86
127.057
105.199
88.5177
82.2426
91.6062
94.7349
83.3051
87.4436
86.4406
73.9765
73.948
82.2809
83.3292
81.2427
86.4608
76.0438
62.4884
59.3665
56.2426
56.2731
47.9232
40.5783
52.0406
44.7792
31.2227
19.7602
17.6409
20.7856
14.5693
10.4116
11.4496
5.2078
3.11792
6.23088
6.23161
3.11925
2.0854
3.11907
4.14565
4.15585
3.122
5.12226
9.25489
8.29865
6.20927
10.3567
14.49
14.4874
12.4065
14.4531
14.4507
21.6709
25.8126
29.9382
41.2543
46.4191
34.0466
35.0114
37.1408
29.9248
30.9501
20.6305
22.699
25.8025
36.1214
33.0198
27.8708
18.5709
21.6838
27.8482
22.7305
15.5044
20.6556
21.6714
21.674
23.7442
19.6115
24.759
23.7473
17.5369
13.4085
9.2726
10.3268
18.583
14.4549
19.5784
21.6204
17.535
17.5196
13.4497
8.25583
11.3324
14.3969
11.3126
16.4924
12.4133
13.4132
10.2897
12.3791
10.339
11.4051
8.2965
7.2079
9.26147
8.27738
9.28981
7.21776
8.25606
9.29363
9.07062
10.1095
11.3844
13.4545
9.23349
11.3117
11.3709
9.23997
13.2641
13.3486
13.4175
15.4708
9.32711
20.6781
18.5324
10.294
13.4431
10.2977
14.4155
12.3983
10.2698
8.19501
217.767
231.298
273.025
236.549
265.634
291.628
276.05
247.858
258.267
269.758
268.648
266.653
321.836
283.362
278.158
312.5
309.339
309.093
288.197
305.141
319.78
297.897
309.339
294.708
287.424
291.584
286.385
272.802
289.467
315.525
308.12
277.943
296.744
332.08
292.658
280.097
294.715
255.157
285.371
272.878
236.387
247.788
223.808
233.183
238.43
203.08
179.107
183.265
170.767
174.815
158.177
159.354
147.881
142.575
127.005
133.324
126.033
127.038
131.214
106.235
93.7266
96.8189
97.8356
93.628
79.0989
79.1616
80.2142
77.0777
72.8802
58.3015
43.6543
38.4556
27.0606
22.9251
28.1347
21.858
30.1841
15.6019
7.27483
6.24489
15.5882
12.4655
11.4432
8.32211
8.32583
8.32534
6.2125
5.11047
5.1483
8.29737
12.3289
8.21031
4.16314
6.23966
7.20463
6.21305
10.3254
13.426
11.3685
19.6178
17.5702
11.3479
4.12893
11.3627
16.5215
12.3861
13.4204
14.4547
12.3912
9.28792
17.5429
20.6414
10.3237
15.4602
17.5223
12.3519
7.21843
7.21611
9.27733
7.21885
10.2964
12.3244
9.27745
8.24789
9.28439
7.23227
6.20256
9.28367
11.2297
8.16458
9.29135
11.3674
7.24681
5.17028
11.3391
9.21897
7.2147
11.353
6.2098
7.22093
6.15794
5.16552
8.26713
6.18205
3.11471
4.13988
6.20236
4.13058
3.05396
6.17514
9.33062
10.3432
7.24149
9.27579
13.3667
4.0779
5.15033
7.20878
6.19021
7.2698
8.29207
6.19851
6.2192
11.3747
11.3905
9.26036
7.23004
7.20117
6.15849
8.22745
11.2981
14.3618
14.4315
11.4047
13.4453
10.3521
8.24044
10.3111
11.3641
10.2698
8.19501
217.767
230.245
246.972
265.676
283.361
285.296
283.247
280.176
286.511
282.231
288.525
324.941
296.903
280.207
261.422
255.155
255.167
279.148
338.473
291.629
262.41
257.215
323.818
293.714
321.809
308.276
282.252
280.135
296.824
297.873
285.368
264.521
308.226
317.593
301.959
308.211
304.085
291.574
265.513
259.258
280.073
283.207
322.793
304.987
267.523
271.752
256.096
276.948
271.746
243.554
219.688
244.645
245.687
215.496
212.326
219.619
215.423
212.295
217.507
207.148
192.581
169.695
175.923
162.308
147.708
151.982
141.557
130.116
116.579
110.367
82.2509
67.6666
57.2472
43.6955
37.4621
28.1233
16.6692
10.4099
14.5334
13.5186
8.32463
7.27804
14.544
9.28288
7.22459
12.4313
12.4342
11.4437
12.346
7.27647
8.30012
10.3724
6.21954
9.3261
6.21263
3.10828
6.22246
5.17685
4.14986
7.18147
5.18947
5.16857
6.19963
4.13546
1.03283
4.12552
4.12772
4.1314
5.10839
6.15307
4.15411
7.201
9.23943
3.11184
7.25443
5.13069
8.16088
5.09587
2.03791
7.2166
8.28745
6.24279
2.07624
1.03186
6.19949
3.12075
2.00212
3.06684
2.08997
3.13495
4.17994
2.07642
2.01679
4.0914
2.08997
4.14863
1.04498
0.988957
1.96484
2.06749
2.06423
4.14564
5.10287
3.06681
2.06736
3.11337
3.13495
4.15156
2.01839
0.975521
3.11545
6.15309
5.10368
6.2029
9.32026
3.12109
1.03802
5.18515
10.2797
9.25237
4.12936
3.07525
2.00143
1.03746
6.18768
3.12416
6.17946
9.29791
9.11431
12.2165
9.30085
8.27197
9.20885
13.3878
9.29765
11.394
10.3588
5.16684
12.3986
8.26512
8.19501
217.767
221.916
245.86
261.424
263.492
264.564
255.227
252.072
267.664
269.832
288.576
263.568
242.702
256.26
268.709
257.262
280.217
270.799
271.745
272.803
270.838
282.297
286.448
237.513
286.444
299.982
294.688
290.517
288.447
303.015
300.913
308.232
309.258
319.67
286.34
304.034
319.571
304.018
293.563
277.991
310.268
291.489
292.55
306.087
309.108
284.137
295.582
303.902
272.696
289.294
268.469
275.744
273.682
271.646
268.501
280.986
281.894
259.008
286.152
287.115
285.014
268.453
292.31
275.706
252.805
250.703
246.494
261.039
280.821
244.397
209.003
211.077
185.073
170.534
152.876
117.492
90.4474
64.4555
37.419
13.5167
7.28001
4.01807
7.22366
7.26868
5.20015
11.4299
14.5415
9.35465
10.3533
15.5514
10.3987
9.36523
15.5937
13.501
13.484
11.4275
15.603
9.3651
8.29475
9.28549
4.11124
2.06563
3.10443
0
2.06513
4.10187
2.06216
3.09641
1.03203
7.16752
7.18586
5.13755
7.20036
2.06289
4.08087
7.18922
6.2147
4.12358
4.12423
2.06183
3.10878
4.15351
3.09407
3.09345
4.13797
2.06121
4.13593
5.19276
4.15672
4.14538
3.11959
0
2.08997
3.10574
3.09091
4.16569
4.15157
2.07585
3.10538
5.19535
0
0
0
2.0755
3.10884
2.07832
0.977199
3.9954
4.1622
3.13495
4.09417
5.1283
3.09806
1.03831
4.11559
2.05156
4.123
7.12761
7.13596
4.14843
6.21113
8.15784
3.09232
3.10934
5.16912
5.1837
6.22101
6.18052
3.07513
2.06766
4.13512
3.10979
8.24655
10.3502
7.24654
12.3659
16.5163
7.2362
12.402
10.3236
8.19501
217.767
210.458
245.847
246.828
253.159
252.135
244.776
241.669
231.303
247.965
254.236
249.004
236.431
262.474
276.062
259.399
260.391
269.829
268.78
252.04
255.196
244.815
275.029
290.576
276.015
249.936
278.073
308.307
294.764
290.52
268.609
300.921
296.733
279.06
304.048
302.975
289.452
301.899
291.483
280.042
294.587
295.64
289.395
269.512
289.261
298.709
278.877
301.771
296.597
302.653
301.71
289.236
323.564
300.668
288.154
319.35
325.664
327.741
345.335
345.262
331.793
341.183
342.194
329.681
358.782
352.552
369.221
394.068
411.599
441.74
473.872
466.538
495.433
468.453
460.957
436.167
378.044
330.317
333.333
264.767
192.021
142.282
91.4702
58.208
39.5097
33.2495
17.6522
14.5064
16.6201
13.5011
11.4123
18.6778
17.6437
21.7854
20.7309
20.6827
16.5594
12.4349
18.6571
14.5435
11.4153
14.5205
15.5603
12.4544
6.20885
9.23629
6.16857
5.09221
5.19758
4.15099
4.12972
3.0982
5.1601
8.25256
8.2648
8.28611
7.17001
6.13071
5.1512
7.2562
8.26826
1.0289
5.16286
2.06053
5.19107
5.15916
4.07046
5.16352
2.07327
1.04498
1.04498
4.17994
2.07563
3.09291
4.12417
3.10858
3.12305
3.0524
5.12811
5.17766
3.13495
3.10727
3.09578
2.04692
2.04738
3.03734
2.93656
1.9052
0.925366
0.925366
3.09876
3.09876
4.1612
4.16071
1.03141
2.02583
4.10836
2.08253
3.10034
5.17202
6.1331
5.11105
6.24424
5.15657
4.09355
5.15367
5.16525
7.23122
5.13033
3.10533
5.15219
8.16245
8.23507
7.196
5.13225
11.3123
8.23705
10.3321
10.3385
11.3745
8.19501
217.767
209.419
238.636
247.969
262.559
238.6
243.821
239.624
237.401
231.202
255.294
244.858
217.741
242.677
237.487
221.718
236.379
247.985
228.149
229.206
257.328
247.923
244.832
235.464
242.606
237.341
246.859
254.187
233.361
221.897
223.976
236.483
232.284
278.079
261.426
262.491
266.592
264.365
272.739
262.413
281.197
267.641
274.919
288.414
272.784
278.019
303.005
286.299
308.137
321.679
301.906
281.001
297.676
287.223
275.785
303.945
309.119
339.273
313.237
298.661
318.406
354.758
371.405
371.363
376.539
373.435
361.933
373.331
412.747
460.534
491.72
557.156
579.996
567.542
514.492
453.177
435.47
413.64
418.876
352.29
257.665
204.656
141.234
82.0635
46.7711
18.6177
6.12524
3.07255
3.10943
2.08073
2.08529
6.23368
13.4974
10.3862
15.5735
12.4232
4.14609
7.26452
9.30886
6.17238
3.10696
4.09683
4.09379
5.14117
3.10187
1.03018
0
2.06816
2.07027
4.09717
4.09692
4.07346
5.16192
5.15874
4.11363
2.04951
2.06204
4.0829
4.16569
5.19488
4.14331
6.18758
1.03392
2.04402
3.08977
2.03867
2.07358
5.22492
6.24115
8.24566
5.15699
4.1112
3.13495
5.20974
6.19399
7.20441
3.12033
1.04498
3.01491
2.03003
2.00082
0
5.12856
5.16788
2.08997
3.09048
3.09048
1.01377
4.02752
4.04879
1.02483
2.04088
3.07444
1.04498
0
0
3.06484
3.06484
0.980034
4.10297
6.23318
4.16634
6.21341
7.26961
6.22576
3.09816
3.09451
4.08435
5.13873
2.06887
6.19864
8.26612
4.12889
6.2188
10.3607
11.3272
9.25674
8.26575
13.4509
10.3411
8.19501
217.767
202.13
230.275
254.019
226.967
227.089
221.905
217.755
206.256
201.067
234.469
211.542
195.934
208.449
201.135
221.988
233.449
204.223
215.68
223.019
218.853
212.622
220.934
200.071
187.598
202.196
213.655
228.236
211.544
203.2
193.794
220.883
212.582
211.443
213.558
220.85
214.651
224.029
222.927
209.352
221.889
235.403
236.449
240.586
239.617
243.772
231.258
234.37
267.693
268.715
253.018
211.32
202.019
252.042
262.437
218.696
235.358
253.048
230.14
241.553
242.606
236.359
209.3
224.892
210.333
221.723
215.406
233.147
209.168
196.641
232.075
219.565
189.376
155.029
157.129
150.899
123.826
90.5202
95.7169
84.2666
67.5693
48.8402
22.8694
12.3789
9.17562
6.10398
5.16827
3.1038
1.01069
5.12801
6.20009
6.2061
1.04143
9.35258
13.494
14.476
17.5987
7.27771
8.27759
11.3495
10.2625
12.351
12.3216
13.2371
11.2105
8.21145
4.08451
2.07422
2.07422
2.07596
4.15086
4.01663
4.11001
8.26732
6.22271
6.20081
4.14352
2.03219
2.03219
2.04324
3.05744
5.19384
6.22466
6.23814
5.18771
2.07565
5.0949
4.12047
6.19353
7.26953
5.14112
4.08023
5.19515
9.29718
6.07227
5.05907
2.07021
1.04498
1.96044
5.02191
7.1923
3.08668
0
0
2.0827
4.13026
3.12399
2.08997
2.06389
5.15389
6.19609
4.13352
7.17622
5.16697
4.14197
3.07348
3.08218
5.12595
5.1523
1.02559
3.09135
4.1369
7.21155
4.12852
2.04482
3.07331
5.05849
9.19328
7.25973
5.20316
5.17148
4.10037
8.18945
4.11916
4.13011
9.24155
11.3477
8.28592
12.4174
7.2368
8.19501
217.767
201.086
239.694
244.628
230.014
233.366
239.651
211.52
195.9
195.953
214.695
186.556
193.884
181.375
153.165
178.193
179.198
163.665
143.87
175.128
163.678
150.061
170.894
164.624
185.433
178.133
164.703
182.404
173.016
155.33
150.117
153.165
169.797
172.953
185.433
175.055
187.627
200.14
188.64
186.52
183.388
202.151
218.871
201.155
208.437
204.289
192.813
230.26
206.339
201.153
181.317
186.483
202.143
190.704
208.39
207.319
215.62
212.449
186.452
180.228
194.754
180.083
167.687
162.564
139.59
154.164
151.03
139.585
120.861
113.551
121.823
98.7926
92.637
83.2873
70.8129
62.4698
37.4608
18.6919
16.6183
10.3188
5.11374
7.1922
4.08592
2.05069
2.02079
3.08594
4.06558
4.08796
5.14666
8.26515
9.31638
7.2013
10.316
12.3246
9.28948
5.19295
8.2332
7.24022
7.25227
9.24291
8.24499
7.2422
8.28536
10.3645
7.27061
8.31427
8.26874
7.24538
10.3437
9.2907
4.11003
3.10349
4.14678
4.1355
1.04243
2.08703
3.04449
4.08947
2.05139
2.07499
0
0.996889
4.11554
5.11862
5.18301
2.07085
0
2.07084
3.11582
6.25579
9.31607
7.20901
5.17614
2.08997
3.13495
5.19162
8.28689
4.13466
2.07535
2.04406
9.23516
4.0997
2.0267
6.09221
2.04857
3.12043
3.12038
3.10129
5.15823
6.18979
5.12427
1.04498
3.05257
3.04639
0
3.04569
7.15987
4.134
3.09058
7.20921
6.18708
5.16693
3.11597
5.13802
7.20926
5.13633
8.18315
9.2572
5.15949
12.4007
13.2967
9.29216
5.14086
4.07759
4.1331
8.23128
10.31
7.25871
8.28093
6.20511
8.19501
217.767
204.224
234.46
235.532
216.669
204.23
209.458
214.69
197.023
195.931
191.673
203.196
191.777
149.091
129.271
132.388
126.154
120.939
115.727
131.372
135.569
123.033
141.793
136.608
139.745
152.261
137.627
125.095
138.646
140.771
141.816
154.339
139.717
148.04
160.572
156.295
154.296
144.942
163.675
174.105
167.878
164.758
175.076
167.776
151.105
161.58
154.296
176.202
173.06
168.876
155.356
134.502
155.337
164.698
146.948
157.412
166.826
151.177
136.514
129.248
119.824
119.84
140.747
137.632
111.583
106.347
101.127
93.7906
96.7702
97.8488
80.2433
40.6646
61.3585
51.9597
28.1641
27.0029
19.6638
18.6927
13.5647
8.32587
10.3471
5.106
4.14073
6.02192
4.03579
7.18559
6.16269
6.18294
3.08861
2.01002
6.15576
4.10961
5.17722
3.12351
6.18095
5.12379
5.14077
2.07825
5.19157
8.32096
7.26253
4.04022
3.09882
4.10567
5.14306
9.37934
6.26456
2.08831
6.23826
5.20408
3.07048
3.13309
5.11508
8.23746
8.35331
7.31055
4.16748
5.21246
4.17817
5.22226
2.08859
0
3.11783
3.09831
4.17994
5.22492
2.06856
3.11355
4.10926
7.23121
4.15246
4.13401
3.12225
7.25709
5.2121
4.1595
2.07037
4.11578
1.03105
2.06334
4.09157
2.05867
2.0347
5.16152
5.19002
8.2339
6.16827
9.24509
7.1747
3.12008
7.23617
11.2783
9.22573
7.21924
4.1094
2.07048
6.1965
9.31791
7.25613
5.16822
7.22558
5.13703
7.16167
6.14965
7.18293
7.19468
10.2693
8.25868
6.1975
7.23024
4.13223
6.19647
9.29366
9.26404
5.16533
6.21179
9.28645
8.2705
6.20033
5.1669
8.19501
217.767
215.738
221.973
217.806
199.073
185.512
175.069
178.239
169.905
167.771
147.99
149.074
147.021
132.426
122.016
134.508
131.387
100.072
109.438
111.538
109.461
113.684
112.59
114.64
126.187
131.434
135.577
118.887
119.938
118.921
110.582
126.204
119.966
113.657
119.945
115.784
138.701
124.123
125.153
121.016
108.414
127.188
136.658
130.355
139.782
119.947
114.748
116.844
121.009
118.878
125.085
142.833
140.843
124.132
112.64
122.043
110.593
115.792
117.822
120.912
111.546
107.411
91.7195
86.4971
85.417
88.6035
71.9498
63.5968
64.6426
71.8959
62.5103
41.6444
36.4888
31.2891
23.8166
25.8228
22.7718
21.7927
10.3709
9.3289
2.08241
4.10973
9.29933
4.14175
3.12511
2.08763
2.08845
4.11409
4.12839
4.16352
5.11452
5.11393
2.05078
3.08052
5.12701
4.09697
5.14493
1.04456
3.04514
3.00809
4.06918
5.17944
3.08831
5.14167
5.12992
3.12508
4.16141
4.15071
3.08714
9.31605
5.13478
3.1321
1.04381
4.17578
4.17603
7.30541
7.25611
6.25368
6.26608
4.16491
3.12008
4.17845
6.26813
3.13317
3.0764
6.20521
8.26281
7.27023
7.21383
6.20507
7.30182
6.24172
4.14998
4.15818
8.2779
4.1544
3.13495
4.12767
6.20977
4.08864
6.14001
8.26803
9.24849
8.23761
9.3167
9.28512
2.96372
1.0338
2.06524
4.15292
5.19068
5.15573
2.08997
4.14122
9.30176
10.2964
4.10669
4.12348
3.09312
3.09206
7.23146
7.17947
6.19226
8.24248
6.18087
7.24182
7.23784
4.13021
3.09078
10.3017
11.3653
12.4036
11.3608
7.22842
8.29259
11.3883
7.21283
7.21314
6.16524
5.17823
8.19501
217.767
218.867
216.759
219.873
217.775
212.603
183.443
176.087
169.862
154.314
145.934
126.151
113.672
116.806
116.778
131.36
106.306
108.398
100.103
107.418
105.353
104.319
117.875
110.585
107.428
112.666
113.706
117.871
124.131
101.191
114.729
116.851
122.04
132.469
119.988
112.615
125.1
110.553
100.173
123.118
116.831
119.97
106.378
110.542
118.885
130.391
108.466
106.35
124.063
136.593
115.751
97.9912
99.0812
122.024
125.157
99.0985
98.0289
103.274
106.228
80.2053
74.0189
88.6311
93.8354
95.8344
86.5045
65.7088
60.5031
63.5263
55.1991
55.2405
47.9485
41.6922
37.5358
44.8198
39.6645
22.9396
21.8906
23.9049
22.8374
18.6966
7.25756
8.35114
8.31023
6.21739
3.12658
4.17521
3.12611
2.07706
0
0
2.03253
2.03253
1.03371
2.05139
2.07056
2.02523
0
2.03223
2.04589
0
3.08658
6.19189
3.1053
3.07873
2.04101
4.12745
10.3036
8.20613
6.16717
5.1474
4.11783
8.26965
6.19292
4.14781
9.29077
6.18759
3.11659
5.17746
5.15791
10.3398
6.21185
5.17136
8.26571
7.24668
9.28292
11.3676
6.23958
5.20494
6.21616
8.31449
7.26576
7.25581
7.17211
9.28468
5.14401
7.18786
5.18563
5.16483
4.13331
6.2369
8.33732
5.18726
8.28352
5.16351
4.11736
9.26697
9.28459
6.17185
10.3575
9.28662
7.23149
7.2274
7.22952
8.22474
6.16029
7.20973
6.2027
4.13837
12.3769
11.352
10.3418
12.4259
14.4609
13.4193
7.24043
7.21868
4.13066
8.23803
7.20906
6.20595
4.13248
3.10982
7.20809
6.20679
5.19158
7.23079
5.16515
5.13176
6.16582
7.24768
8.19501
217.767
225.119
220.9
213.599
204.231
211.506
184.457
168.858
180.359
186.625
165.783
131.392
152.246
138.682
123.002
130.322
126.165
116.716
103.241
100.141
97.0185
122.061
107.37
102.158
106.409
84.499
73.0351
90.774
84.5068
90.7527
98.0612
100.172
115.786
115.768
107.423
114.785
96.9719
97.9992
98.0244
103.207
100.137
113.691
116.76
88.6356
88.6616
102.189
111.521
103.198
85.5027
81.32
99.0865
106.408
104.25
107.308
110.453
105.198
105.207
89.6363
97.8551
95.831
97.9845
80.2829
86.4569
97.9505
90.6469
87.5163
88.5794
79.1365
64.6349
50.0431
56.2653
43.7779
44.8414
40.617
37.5406
34.3781
31.2611
18.7852
20.8247
15.6101
13.5717
10.3217
8.18558
5.12292
1.04398
0
1.04399
2.08224
1.03816
2.05386
1.01571
1.03713
0.995277
0.995277
0
2.04904
2.07516
2.06734
1.03039
1.03039
5.08703
5.07875
3.09696
0
1.04465
5.15525
4.11792
8.25287
9.27393
14.3686
13.3543
4.11848
6.17474
10.317
10.3188
7.22155
5.14483
8.24862
9.28269
9.26882
9.26827
15.4673
11.3247
8.24428
17.5653
19.5856
12.3162
19.5748
16.5136
14.4598
10.3274
12.3587
9.26246
8.27232
7.21374
12.3323
14.4065
13.3884
8.27392
11.3945
13.4832
8.30238
6.20394
10.3096
9.28133
9.29182
10.3229
5.15513
2.00925
6.10987
12.3716
12.3946
9.20142
11.2352
10.2679
11.3966
12.3643
15.4651
13.4681
11.3797
7.24889
7.17302
7.15442
10.3047
11.3231
8.26762
8.25952
12.371
9.26998
13.3777
13.398
6.18106
7.23286
9.27529
8.22419
8.26984
4.15753
8.23519
7.21084
9.15493
8.19501
217.767
216.786
224.05
228.195
208.457
192.81
196.834
191.664
176.169
160.457
156.255
161.577
155.385
127.229
116.781
130.367
127.237
117.857
104.307
99.0956
119.859
114.621
107.427
110.554
106.343
102.2
116.818
112.671
114.741
102.246
88.6792
71.9868
83.4564
108.447
125.185
111.604
106.316
109.472
102.188
125.094
114.705
110.589
108.46
121.956
114.691
118.907
134.545
131.418
115.767
108.481
109.552
115.799
95.9952
103.243
92.7705
103.272
104.269
104.233
105.274
97.9352
95.9678
81.3279
84.4169
84.4717
70.9165
78.1785
72.9815
75.1194
59.4419
78.1906
72.9231
46.8056
42.7458
41.6887
29.1636
32.2951
30.2703
18.7841
20.872
17.7456
18.7681
15.5274
9.23286
8.24486
4.14631
2.0635
2.05973
2.0212
3.05914
3.12723
1.04465
1.04382
2.08751
3.07267
3.04985
4.09228
3.04487
2.05985
2.06765
3.08053
2.06706
1.03294
1.02987
5.14049
5.15359
2.06044
2.07445
6.18365
5.11163
3.10368
8.25557
9.2862
8.2353
8.21338
6.18883
3.08913
6.19827
4.1445
7.22038
9.29651
8.28862
7.19078
9.25
5.1493
9.27376
8.29606
2.083
1.02989
4.13493
8.29371
12.4137
7.19282
4.07621
4.12157
4.14514
6.18612
7.20009
3.09908
4.16506
6.18538
4.11351
4.16606
3.12311
8.22649
8.25165
4.11723
6.15529
8.28578
8.25384
6.16405
7.19442
4.12803
5.19435
5.13906
9.27828
7.19777
5.13074
11.3602
9.29063
7.21379
9.26409
7.23642
7.22471
6.18297
6.20526
10.3327
8.25988
7.20967
7.17999
4.14462
5.16704
11.3376
10.2766
8.26
9.31867
10.2827
5.12601
7.1949
12.2126
9.15493
8.19501
217.767
217.833
214.617
211.513
197.991
198.044
176.165
163.671
180.358
164.729
131.366
157.338
136.521
129.3
141.796
131.366
124.108
129.322
134.494
139.722
138.731
125.17
119.959
111.563
111.562
110.519
96.9612
117.876
113.67
105.329
117.854
111.611
111.621
118.919
125.164
139.76
128.242
118.84
119.944
138.715
135.553
127.259
124.129
129.248
125.052
129.373
121.994
129.246
117.848
126.194
116.807
127.277
115.783
114.753
122.06
114.739
104.312
116.859
125.158
107.419
92.8601
98.081
99.1107
86.5648
75.1229
80.3435
76.1508
72.9562
76.1522
70.9505
57.3657
39.6208
41.6103
36.4597
25.9901
24.9443
19.7302
19.7979
8.34951
6.2294
11.4077
10.2586
4.10013
3.07436
6.2299
4.15001
2.05334
4.06973
2.01639
2.0353
1.04397
1.04397
2.07989
2.07989
1.04388
2.07373
1.04385
4.1764
2.08881
0
1.04387
0
3.10715
3.09948
4.14399
4.12669
6.21036
4.17744
7.17906
4.07842
6.08025
6.23995
6.24206
4.17797
3.13297
4.07116
4.07992
4.08927
7.24956
8.2035
2.08997
5.20211
6.23441
6.25539
6.2507
7.27508
3.12807
6.26308
9.26949
4.07368
7.25478
10.3843
12.3578
8.19906
2.08298
0
1.02583
4.14859
10.3816
5.17316
3.11254
2.08257
4.12895
8.2874
3.11579
5.15784
5.18394
7.22206
6.19781
7.24011
5.14161
12.3836
10.2785
12.2177
11.1915
4.09162
7.21811
9.28399
7.20602
6.15414
5.07917
6.09468
7.17224
3.1167
5.1681
4.11868
12.3805
8.25943
5.16341
3.09339
8.21888
6.15875
5.1692
13.3939
7.20162
6.15036
3.07091
9.29884
10.187
9.15568
8.19501
217.767
231.377
224.018
193.765
189.645
209.46
185.531
184.488
204.251
209.526
197
157.369
145.879
153.257
158.483
140.76
121.959
123.001
127.225
112.628
118.836
121.957
116.797
107.351
113.649
143.768
152.132
161.613
142.839
141.841
140.762
129.29
130.355
137.654
166.861
151.161
141.757
153.259
154.343
148.089
155.329
156.371
173.075
176.19
160.538
147.021
147.039
148.089
140.79
144.941
139.708
137.611
155.309
166.824
169.962
153.267
140.748
128.23
112.607
130.339
131.383
126.176
117.82
125.109
103.19
95.9329
78.1577
91.7127
95.8231
78.1503
65.6788
66.7165
64.5221
30.1916
32.2775
35.3657
21.8436
13.5094
12.3881
9.18137
7.14366
4.13676
3.12346
6.15725
5.15003
5.15127
3.02204
4.10759
2.07374
4.14653
7.23101
7.23491
10.2988
4.10829
3.11591
3.11649
7.26994
5.15889
2.04447
4.14511
9.33825
8.23845
7.23785
9.36784
10.2627
3.13213
6.21942
7.19904
9.29307
4.16722
0
0
4.12706
6.21591
5.2201
4.177
3.13292
3.12912
6.2661
8.3468
4.14643
3.10145
3.13334
2.08835
6.25405
6.21253
6.20809
4.14656
6.25623
4.17288
4.17288
7.26385
2.07024
4.14726
1.04498
1.04498
3.08334
4.11437
3.13495
5.13007
7.10031
5.08465
3.09081
3.10892
3.07091
5.08464
4.15323
4.1586
3.10036
11.3989
10.3734
5.16411
5.17317
3.09376
4.13462
7.25453
6.14202
6.20509
3.10769
1.00387
4.02632
9.18125
10.2226
8.23821
8.24608
7.23128
2.06757
2.06087
4.12125
7.21931
9.28776
16.4784
17.4091
13.3207
11.277
10.2419
8.24995
9.30908
10.1699
10.1899
8.19501
217.767
218.861
208.304
200.037
213.637
244.816
221.947
196.994
210.48
216.685
211.518
204.249
188.677
174.027
160.426
166.662
164.633
153.235
142.822
155.301
148.006
163.611
154.206
171.927
158.4
135.543
155.333
162.621
157.41
164.701
168.852
151.11
156.334
169.866
179.264
188.591
174.005
168.871
174.056
187.561
195.892
177.18
216.78
226.107
204.18
208.167
198.871
186.556
215.732
206.363
208.423
213.525
206.212
203.112
197.954
185.512
163.617
200.026
188.603
169.856
169.832
193.789
186.418
183.287
179.152
178.107
158.377
131.228
114.543
117.708
121.87
86.4777
74.9959
63.5299
69.7301
51.0595
45.7995
38.4015
16.505
14.3365
12.2875
11.2118
6.10027
5.15696
4.11221
4.08019
5.13877
7.21564
8.2767
9.34004
11.3591
17.5205
15.4783
12.4464
12.4116
11.3296
12.3569
12.2419
9.25316
5.16337
4.12007
4.15078
8.31458
6.19907
7.21301
10.2149
11.2596
8.30208
6.24868
3.10622
3.07035
5.14541
8.26677
6.20502
7.29423
8.3233
3.09648
3.09648
1.04498
3.10327
1.04498
2.07166
4.07905
8.21078
4.11534
4.16709
5.18113
3.13495
2.08472
1.02521
3.11518
7.25999
5.18308
3.11789
3.11789
3.13495
3.13495
4.17994
4.17994
2.07676
1.04498
5.18014
5.18014
4.13753
6.19246
1.01337
2.03886
4.1187
5.15013
6.11282
4.04955
4.10826
7.23513
2.06084
4.10122
6.17245
5.1451
4.13574
6.16691
11.2855
7.18596
3.09585
2.07693
2.04743
3.08067
1.03127
2.06542
2.07914
5.18455
8.27266
7.23173
6.20137
6.20837
11.3325
15.3773
13.3459
7.25069
11.3435
14.1633
11.2227
8.19501
217.767
230.323
252.077
255.17
231.358
243.829
223.009
215.739
231.296
214.664
192.8
199
219.865
201.042
208.346
206.358
211.587
192.807
214.67
190.706
189.663
207.37
166.752
176.125
182.313
192.721
202.143
176.111
215.73
209.456
209.42
202.097
203.093
206.279
209.397
227.056
211.469
214.616
202.048
211.471
217.736
231.263
232.273
214.559
219.801
215.645
217.722
235.416
262.499
239.559
216.652
229.048
260.286
254.13
253.083
252.055
241.642
236.404
221.803
221.808
230.129
221.784
227.01
224.909
214.48
213.44
220.684
199.865
201.942
212.344
227.954
211.282
180.064
154.023
159.229
141.488
123.79
91.4894
89.4535
73.87
56.1726
48.8651
25.9851
15.591
8.25044
6.14537
3.1057
5.10802
10.2412
10.3017
11.4181
7.27826
6.2293
10.3936
13.4021
16.5826
11.3596
7.21263
12.4844
15.5249
13.4158
16.5359
6.21199
8.2445
7.23289
6.1776
6.18699
6.23376
3.06569
5.14246
5.14452
7.2191
3.11803
3.10376
3.10562
5.17151
1.04498
6.15188
6.21998
7.24806
7.18167
0.99756
1.03193
3.06202
8.27927
6.22907
5.20331
4.16066
1.03098
2.05904
3.06212
3.09305
3.10336
4.14174
5.1728
6.23839
8.27409
0.976799
3.06641
5.12854
3.12103
1.04498
3.09117
3.07741
2.05575
0
1.03033
0
2.02703
3.0584
5.10384
7.23833
7.21886
2.05067
5.18007
7.23226
8.16281
5.13489
5.13523
5.14258
2.03823
4.1012
3.10492
7.24071
8.26635
3.10458
6.17259
7.22972
5.17247
4.13694
6.20496
7.25013
8.27945
7.21319
3.10096
10.3455
5.17004
13.2982
16.3944
12.2551
8.19501
