ANSYS
3
0
24
15
181
1
F1MD ASSY_v204_v11_S5050_1M
F1MD ASSY_v204_v11_S5050_1M

F1MD ASSY_v204_v11_S5050_1M.LDT.ldt

100
100
10
90
90
0
0
0
0
95.66
99.66
1
0
1
1

13110


1
0
0
0
0
0
0
0
0
0
0
0
15
30
45
60
75
90
105
120
135
150
165
180
195
210
225
240
255
270
285
300
315
330
345
0
1
2
3
4
5
6
7
8
9
10
11
12
13
14
15
16
17
18
19
20
21
22
23
24
25
26
27
28
29
30
31
32
33
34
35
36
37
38
39
40
41
42
43
44
45
46
47
48
49
50
51
52
53
54
55
56
57
58
59
60
61
62
63
64
65
66
67
68
69
70
71
72
73
74
75
76
77
78
79
80
81
82
83
84
85
86
87
88
89
90
91
92
93
94
95
96
97
98
99
100
101
102
103
104
105
106
107
108
109
110
111
112
113
114
115
116
117
118
119
120
121
122
123
124
125
126
127
128
129
130
131
132
133
134
135
136
137
138
139
140
141
142
143
144
145
146
147
148
149
150
151
152
153
154
155
156
157
158
159
160
161
162
163
164
165
166
167
168
169
170
171
172
173
174
175
176
177
178
179
180
219.791
231.346
268.739
264.431
244.735
258.427
260.402
248.95
243.817
219.732
239.556
263.554
256.238
235.336
216.653
257.334
259.375
263.526
261.475
246.794
246.849
255.185
245.753
227.964
231.123
243.751
234.386
235.382
234.322
245.846
239.585
236.437
267.7
266.702
244.732
246.807
258.216
259.322
269.711
257.196
267.644
294.654
280.095
287.333
277.977
285.226
287.35
307.153
278.004
295.671
293.574
280.053
296.672
299.782
276.839
303.855
317.455
317.423
334.112
327.82
326.747
332.994
340.155
357.723
357.785
395.2
430.558
424.328
420.142
463.802
502.169
471.959
492.701
575.873
549.881
506.204
468.74
426.106
403.235
367.834
299.298
225.556
143.366
83.1179
30.1423
15.5471
7.12697
6.02702
5.09989
7.19566
9.30296
6.22104
7.27077
17.633
14.5364
6.24302
6.2011
9.34009
11.4207
7.24351
9.27316
7.22554
5.17525
7.20286
7.12851
3.03414
2.07181
3.10301
1.04498
2.08997
2.07422
2.05876
5.16594
5.16558
2.05983
3.07949
2.0742
1.03033
4.16429
7.27188
6.22057
4.14362
2.05881
2.06147
8.1949
3.12092
3.0842
4.122
4.0591
2.01944
1.04498
2.07505
5.20223
7.27911
8.32982
7.28189
6.18297
7.15615
5.16192
3.10307
2.08883
5.1636
3.12712
2.08212
3.06597
5.15358
10.2934
7.17417
8.32176
9.36391
6.24433
3.10592
5.20644
4.16412
6.23514
6.25667
10.3788
9.3287
9.35916
7.27469
3.12528
10.4343
19.8386
14.6025
9.37293
6.25754
10.3984
12.4634
11.4675
17.7083
15.5439
16.6387
9.32536
12.4167
18.634
16.6186
17.6707
13.3916
14.5594
12.371
15.5251
219.791
234.477
273.957
264.498
238.507
268.744
265.581
265.495
272.771
270.764
265.57
278.153
259.326
244.705
258.222
240.482
261.245
268.366
263.277
257.169
275.883
284.272
307.264
287.426
293.396
301.795
269.72
294.732
282.248
258.292
293.589
325.764
312.387
313.369
314.445
344.656
339.496
332.225
354.056
363.427
363.418
385.301
378.006
352.953
388.344
392.48
375.786
394.435
403.794
431.054
426.899
400.763
441.37
462.179
464.205
442.195
490.113
478.834
457.918
446.41
479.671
462.061
521.338
497.404
515.098
476.517
479.621
537.747
524.19
489.802
503.206
535.296
535.213
539.237
507.991
437.261
405.058
360.456
336.511
283.523
212.932
143.378
96.6446
69.6263
58.2038
46.7803
35.3232
14.5439
13.5168
13.5013
18.692
14.4906
8.29433
17.6096
19.6475
12.4221
18.4973
24.7209
16.5041
18.5067
9.32489
13.4991
24.8328
19.6554
14.4778
11.3669
5.19627
2.07028
3.10931
2.08346
2.08346
1.04498
3.0729
6.1679
6.20761
4.14713
5.15137
4.12209
6.18051
7.20979
8.26188
11.3829
11.3502
3.09049
2.08768
4.14188
5.128
4.09287
4.05012
3.0123
6.19502
7.26964
6.22599
2.0863
3.09751
5.19437
5.16577
7.26685
4.13823
4.10828
6.17961
6.22271
3.13253
2.08752
2.08867
4.1759
4.16779
1.04498
4.10248
4.1127
2.07498
0.988495
1.02641
3.10828
3.11978
0
0
6.19088
10.3727
7.25657
4.15145
5.17046
6.21391
11.4555
13.5255
7.28711
5.19651
11.3869
12.4249
9.32126
9.33524
10.3794
14.4539
17.5492
16.5987
16.588
18.5381
15.4388
15.4661
11.3265
15.5251
219.791
232.371
247.915
261.399
251.073
265.596
251.918
269.767
253.05
213.473
250.904
269.63
288.37
281.226
263.378
276.991
268.543
273.949
303.005
316.439
312.489
314.525
315.455
338.414
358.303
350.052
356.301
389.6
415.699
378.195
399.949
441.526
439.459
421.842
454.097
455.279
468.858
438.484
469.657
483.33
503.195
523.842
502.982
535.436
569.727
533.327
513.483
503.012
537.336
534.341
519.745
539.493
566.5
506.015
488.311
450.753
480.891
475.59
423.521
442.412
446.537
423.657
404.758
341.112
315.229
316.193
281.896
269.451
266.262
238.164
224.454
210.998
200.608
178.444
163.958
117.343
84.0817
69.5964
44.6423
18.6405
8.23897
10.2789
7.24569
5.19245
8.26358
14.5083
27.0389
22.8331
20.6351
15.4855
15.5979
11.4399
19.7374
11.4167
7.27838
10.3884
13.399
8.24599
6.24321
7.24632
6.19606
8.29698
7.25024
4.1368
5.17907
5.15853
10.1758
8.18955
5.12979
5.17325
6.21018
3.08927
4.14415
7.26315
3.12035
5.17355
6.20628
2.07772
3.12165
7.24039
8.26995
5.18147
7.18075
5.19761
4.16262
6.24126
7.22548
6.2069
2.08997
8.29936
6.20878
3.10391
2.02726
4.11854
5.20816
4.16014
5.02633
8.13535
7.27789
4.11926
3.05977
3.08427
0
3.1326
3.13379
1.04498
1.04382
2.08221
1.03839
2.08656
1.02877
2.06243
2.06564
3.09719
4.1227
5.17174
4.159
5.15603
7.22804
5.18628
4.13917
2.06308
4.15395
2.06509
3.11579
3.11581
4.15557
3.12209
3.10978
8.28279
11.3681
12.427
6.2191
9.31971
17.639
14.5415
14.5285
10.251
16.4821
9.23855
15.5251
219.791
236.538
245.857
282.231
282.323
284.396
275.884
286.401
306.118
280.216
292.638
285.285
281.125
292.546
321.7
328.08
333.247
345.768
345.855
368.697
403.018
408.256
397.895
386.341
388.525
380.277
396.988
423.943
420.81
452.16
494.916
442.63
438.47
486.462
528.044
553.175
519.897
485.499
500.041
517.768
512.494
507.289
521.99
492.692
469.815
468.663
436.385
409.388
419.775
379.08
364.458
360.332
319.538
307.081
294.634
268.4
258.94
238.327
237.337
200.743
173.714
203.984
193.612
150.864
160.238
165.425
151.811
120.664
95.7464
100.909
93.584
72.7704
62.3779
45.7121
46.7292
34.2405
24.9091
16.6469
15.5721
17.5311
19.5984
16.5915
18.6706
11.3865
12.3214
9.23454
11.338
10.3041
14.4787
13.4947
13.4173
5.14266
6.23788
11.3311
9.2777
9.28202
6.2203
7.22199
7.22525
10.3079
9.29487
6.16193
2.02261
1.02956
6.20383
7.25797
4.14882
4.13722
8.2605
10.318
8.26363
8.22682
8.23182
3.10209
3.09629
8.22534
6.176
3.07577
3.9967
5.074
4.15319
4.15206
1.02905
5.11666
6.13729
4.12602
3.11468
2.07863
3.1338
4.16227
2.01196
5.10209
3.08929
1.00552
2.0609
2.08997
1.0313
2.06446
3.11431
2.06617
3.09169
5.09069
3.0326
6.19439
3.1054
0
1.03853
1.03853
1.01863
3.06915
4.15607
3.12054
8.29954
4.1471
0
1.04498
4.15265
4.13089
5.18057
3.11558
7.06886
3.92966
4.1181
5.18216
6.1872
4.09814
8.28925
7.2512
8.28073
11.3903
17.594
12.393
3.02594
8.17416
9.32599
7.27812
3.13267
6.20377
15.4435
7.16231
15.5251
219.791
237.58
253.052
285.303
284.293
284.378
303.133
294.718
291.598
277.093
280.2
333.127
322.797
302.99
323.888
357.274
395.731
432.137
393.644
412.38
437.497
434.331
418.73
407.302
438.537
474.068
481.446
492.79
512.456
506.492
519.04
505.456
505.477
507.573
499.148
489.799
516.866
493.899
446.912
383.38
382.328
375.068
331.355
302.1
322.873
276.871
256.159
249.858
235.392
245.557
203.901
186.464
170.763
153.007
136.507
134.406
138.475
116.613
113.418
112.414
103.966
105.155
105.117
86.2249
89.4424
87.3016
86.2821
66.668
78.1235
63.5366
45.7014
52.8741
41.5318
31.1422
45.7323
39.4216
26.9197
24.8876
18.691
10.3928
8.28643
11.4013
5.06219
8.1858
9.2564
10.2203
10.3024
8.23924
3.06823
6.16377
9.27388
8.20779
8.25125
9.32213
6.20475
9.31366
13.4354
14.4046
12.3954
21.6318
21.555
14.4519
13.4262
12.4016
15.4912
9.27626
10.337
21.6647
21.6938
20.6272
20.6334
20.7073
24.8169
23.7694
20.6381
19.5789
11.3364
8.29261
12.4132
9.28464
10.2873
13.3986
9.28962
5.17114
8.27773
10.3379
10.2716
10.2833
11.356
12.35
10.3228
15.4104
12.3336
6.21486
6.20478
14.4304
14.3868
9.28997
11.3505
9.29083
5.12919
5.10939
3.06092
4.15666
5.18878
5.17164
5.18609
7.2496
8.26264
7.24366
9.31934
6.22622
5.175
4.12962
5.18847
3.11721
3.11747
2.01314
8.2299
10.2903
3.09663
6.1581
8.24337
6.1977
9.30641
6.19668
4.08044
8.10529
13.3543
9.32681
9.32869
11.3623
16.5719
15.5441
15.5752
17.6117
9.321
11.3881
14.5233
10.2596
15.5251
219.791
231.177
270.717
271.749
264.578
269.699
300.936
284.308
252.097
292.632
345.736
321.787
319.734
309.368
314.559
353.133
398.825
406.061
429.995
461.259
419.839
403.232
422.986
426.151
430.35
437.551
459.337
525.061
522.1
505.369
496.93
525.094
524.107
516.817
471.88
404.193
381.352
397.972
356.256
333.307
326.993
307.31
253.178
242.824
226.139
202.05
197.817
182.203
164.287
147.71
126.031
125.893
115.517
113.501
109.185
96.7797
98.8634
85.2907
87.3705
91.4469
92.5642
93.7499
76.0243
83.1882
84.2874
67.709
57.2953
51.0462
52.0056
63.5082
63.5524
56.1918
36.4431
31.2343
30.1739
27.0014
21.7885
17.5821
31.0157
37.1403
24.7411
18.5212
15.329
18.5418
18.5441
20.5163
23.7148
18.5419
15.4403
18.5029
17.5153
14.4133
16.4621
18.4971
18.4428
17.4692
19.5194
12.3425
15.4962
18.5699
17.5241
25.7274
27.8214
35.0464
38.1848
32.0129
18.597
22.6329
24.7642
29.9251
28.9136
34.0879
37.1802
33.0661
25.7869
33.0236
22.7094
25.6676
19.4846
19.6197
19.6388
24.6674
27.7821
27.8446
20.6082
21.6969
13.4637
12.3919
15.4774
13.4425
11.3381
14.4316
14.4509
18.5573
18.5506
17.5614
12.3933
9.30206
8.25487
16.4528
16.5346
18.5357
14.4441
10.3407
14.4814
16.3625
11.1857
12.4411
13.4429
7.25472
8.28356
11.347
11.3204
7.20691
10.3279
8.24173
6.21185
5.20342
6.18129
6.19719
3.11168
8.24234
11.3403
10.327
7.24541
7.24586
11.3746
13.4565
13.4227
10.33
6.21571
6.23452
8.30995
7.26562
6.25233
10.3772
14.5052
10.3736
14.5539
11.312
15.5251
219.791
243.641
269.716
285.456
273.945
282.287
297.908
310.264
292.591
326.982
316.536
316.604
383.279
372.955
344.622
383.152
397.907
420.904
424.028
410.479
421.958
427.121
405.286
442.851
484.428
435.517
468.826
486.452
469.833
461.552
531.324
496.937
502.199
461.542
412.491
369.756
328.973
327.91
288.613
266.73
249.924
233.234
206.138
189.54
175.952
169.727
158.235
164.502
151.019
133.235
135.211
125.825
103.999
116.439
92.6186
80.1712
101.932
96.7836
71.8633
72.9387
78.1247
67.7252
78.1572
77.0312
61.4139
72.6206
58.0693
51.9812
60.2435
47.8499
44.7756
36.4544
37.5089
38.4662
36.2598
30.0949
19.7429
13.5286
17.6275
19.6868
19.6448
11.3706
9.35671
5.17829
8.27454
13.4349
12.352
9.29385
10.3685
10.3538
10.3309
10.336
12.4023
10.3457
10.3334
12.387
16.5214
15.4814
9.28097
7.23328
7.26307
7.25894
4.15619
11.3898
12.4166
13.4646
12.4385
5.18712
7.25103
10.3539
8.28648
14.4717
17.597
16.5646
13.4405
11.372
14.4634
15.4952
16.5256
17.5627
20.6409
31.9937
26.8222
18.5543
27.8509
25.7817
24.7533
32.9791
30.9696
26.8645
20.6447
20.6362
19.5971
21.6316
26.7883
21.6684
26.8348
22.6786
18.5045
16.5179
18.5573
16.4854
14.4412
16.5052
20.6005
21.6233
24.7272
19.581
21.6628
21.6794
26.7983
17.5006
20.5579
20.5955
20.6691
16.5257
19.5944
19.5306
19.538
21.6424
13.3692
12.362
14.4163
13.414
12.4007
11.3448
16.5419
13.4302
13.4157
7.22858
8.26536
6.19162
6.18865
10.3265
8.28754
11.334
14.4601
13.4826
10.3969
11.4254
15.5251
219.791
247.75
265.558
247.972
282.292
262.434
305.011
325.823
295.708
287.316
269.683
311.364
342.645
336.409
349.949
386.478
416.61
403.854
427.919
383.354
379.24
366.67
424.054
464.497
442.485
453.034
443.747
432.398
486.655
484.531
444.856
484.535
502.225
471.99
451.189
411.659
358.347
363.439
343.685
309.423
290.73
280.3
245.833
235.457
215.642
164.647
151.084
182.096
156.094
151.065
157.309
139.528
103.056
91.5746
98.8774
99.9376
95.7214
91.5219
93.5355
84.144
81.1688
80.2439
76.0412
71.8355
80.1482
84.227
72.6621
63.3866
54.1533
56.2506
56.1989
38.5444
45.7259
39.5625
36.3693
21.8402
14.529
25.8754
25.8647
21.7138
17.5665
17.5412
29.8809
26.8178
19.5547
26.7194
22.6153
17.5063
16.474
14.4284
17.5361
15.4227
19.4785
19.5279
14.3919
11.2794
17.4838
18.5842
13.4026
13.4131
20.6133
32.9718
28.9213
34.0779
28.8939
24.7646
27.8689
31.8908
32.9751
17.5434
27.8732
31.959
33.0258
28.8652
26.843
26.7936
20.5821
26.8445
26.85
30.9694
29.909
23.7534
27.8775
19.61
16.5113
25.7319
25.8147
13.3518
10.3094
16.5055
22.7196
16.5063
18.599
16.5622
11.3194
12.4039
15.4881
15.4528
17.5065
13.446
13.4008
14.329
10.2196
11.2965
10.2899
15.492
15.5085
12.3909
12.3579
16.4701
16.5249
10.3349
9.32308
11.2365
8.12678
2.06168
9.31534
10.3475
7.2345
11.3917
7.17276
12.4351
15.5203
7.21896
4.13292
5.1903
10.3575
9.32048
10.3574
11.3782
8.27002
11.3714
13.4615
10.3448
5.17922
10.3376
12.4085
8.27063
13.4975
15.5414
15.5251
219.791
227.004
269.691
243.738
280.237
273.968
269.765
258.227
271.769
272.821
262.382
282.188
343.676
315.516
330.053
383.209
391.629
407.283
386.361
420.776
450.967
410.215
416.703
431.081
437.289
468.739
453.249
412.607
444.96
485.6
481.323
456.242
505.327
543.852
515.709
512.745
505.324
453.234
448.055
419.82
385.382
363.543
337.515
348.974
335.315
283.297
264.525
276.962
259.207
237.189
213.334
193.688
170.859
163.404
142.542
137.404
123.88
124.787
128.066
114.476
100.912
101.009
94.7494
92.4934
85.1705
78.1054
82.2548
80.0943
69.7272
56.2061
49.8503
46.7132
36.4211
31.2308
36.4209
25.9313
26.9508
14.5603
12.4581
15.5393
21.7639
11.3862
7.22299
7.25744
12.3364
11.2976
10.3312
11.347
10.2812
12.3673
16.4201
13.3182
6.18977
7.17447
8.1897
15.3647
12.0828
14.2813
18.5864
13.3861
14.4356
18.4811
15.4109
19.5754
20.6072
17.5275
20.5658
25.7678
16.5041
23.6763
23.7352
15.4901
13.4343
9.28865
8.29802
10.3365
11.3496
7.23523
5.15975
10.2705
18.5488
11.3674
12.3869
8.24751
8.27823
5.17051
7.23761
2.0585
4.13895
7.23355
7.24559
13.3953
14.3962
11.33
12.3824
9.2732
6.18628
7.19719
6.07593
5.10995
4.10281
5.15412
7.22558
7.21999
5.16364
3.12088
7.22604
6.18117
7.17462
5.11907
4.14014
3.09652
3.10425
4.14189
5.13018
5.06714
9.29959
8.30097
11.4142
6.19963
10.3486
7.26793
7.2703
13.463
8.28589
4.16807
2.07835
3.09954
3.1008
5.15685
8.26955
8.29703
7.23008
8.24753
5.15391
10.3303
11.3935
8.27951
11.4113
17.6186
15.5251
219.791
231.107
247.836
281.296
293.754
285.132
298.714
295.793
298.983
290.624
304.074
320.704
289.488
282.227
283.228
277.025
291.628
331.202
391.634
348.965
323.974
354.106
435.008
411.269
421.843
423.848
416.615
416.643
446.924
437.589
421.865
417.745
503.246
504.192
491.737
507.422
526.171
528.289
520.991
482.339
494.903
502.25
542.818
518.808
501.045
486.377
451.981
447.738
429.048
392.592
358.145
388.369
378
333.07
289.343
314.386
289.345
250.881
243.561
231.001
214.405
185.164
187.307
167.573
153.993
155.004
153.957
140.496
110.356
105.15
82.2113
71.815
59.2321
50.7607
43.4899
32.1331
20.7794
15.5626
13.3791
19.6311
17.6661
17.6244
20.7068
19.6433
16.5132
12.4047
14.4711
20.7319
18.6357
15.4894
12.4515
5.17016
8.30248
11.3866
9.30859
11.3985
11.3922
4.12495
10.3417
11.3777
7.22599
6.19471
6.18778
6.10154
8.16328
5.1577
4.08833
5.12669
4.10525
4.92706
3.0088
8.27163
8.24032
4.04848
4.11961
4.12862
6.15459
3.05673
3.11826
4.10561
0
2.07194
5.17845
2.07539
2.95912
5.01972
5.13314
7.21894
4.04567
4.03952
8.30444
6.19279
4.10457
6.22612
5.18981
3.08635
1.04498
1.03037
4.01816
3.04227
2.076
4.14584
6.21906
5.15789
2.05365
4.12218
5.19012
3.11391
2.07624
4.15375
3.1225
5.1539
5.1539
5.215
4.09868
3.10938
7.03825
7.03333
6.22605
5.20767
6.21677
5.1763
1.03729
5.18596
5.17628
1.02744
5.1433
7.22965
10.3286
11.4076
9.32402
5.16864
11.3564
15.5282
5.21104
8.32149
13.4843
9.31777
14.5142
16.5852
15.5251
219.791
222.769
248.956
259.477
265.616
265.636
271.793
268.638
270.802
279.171
301.991
271.755
243.712
251.012
272.852
260.406
283.293
280.017
290.246
288.475
289.442
314.449
316.665
288.381
363.365
381.292
355.204
382.23
388.35
422.841
398.941
412.419
418.654
436.438
420.899
451.095
458.372
461.422
454.012
465.637
521.961
535.342
560.222
552.014
570.821
537.404
535.339
558.276
512.411
487.379
514.495
552.924
510.118
517.333
519.547
484.087
452.89
414.282
445.513
417.392
410.081
385.037
404.828
360.089
344.414
306.921
302.726
291.214
298.432
267.245
237.091
218.361
195.313
180.846
158.018
122.713
103.868
71.6806
41.5235
14.4638
11.2938
9.20294
9.25251
10.259
9.2604
11.3704
13.5161
15.5573
18.6396
15.5587
9.33428
11.4058
13.4691
15.5414
11.4338
9.36077
9.35676
7.27518
4.1579
5.15265
7.21923
6.22225
4.12646
3.08052
3.08055
3.05236
4.14737
6.20689
2.06387
5.16561
6.21775
3.11712
1.03051
0.98968
5.05073
3.05081
1.03132
3.11923
2.0568
2.08997
4.16602
5.1777
3.08891
4.13067
7.26508
4.90116
6.96269
3.06307
2.02997
1.03079
7.28482
7.25584
3.09158
4.06893
4.0976
4.16494
5.19528
3.13495
2.08881
3.13258
3.09046
2.08869
3.11432
4.16474
4.1764
4.1203
4.16624
3.11821
7.25766
5.20322
2.08282
1.04498
5.14385
5.14385
2.05346
2.05346
3.11031
4.09565
2.08997
0
3.06054
6.15693
5.18528
2.08179
2.08754
4.12916
5.19274
5.2037
7.28608
6.24287
6.1395
4.06277
5.19184
9.32434
8.29584
12.4609
15.5937
13.5137
18.7083
20.7065
15.5251
219.791
210.289
242.718
240.683
256.264
260.407
248.98
247.948
234.35
257.22
264.501
256.145
249.858
277.942
290.523
270.724
272.847
283.381
276.033
254.134
254.02
263.264
288.29
289.457
279.169
253.101
287.423
315.546
305.179
295.718
288.375
313.326
315.456
316.59
338.453
361.246
347.698
360.337
363.416
343.608
345.747
364.389
385.236
376.82
380.972
396.506
391.382
416.454
421.681
441.418
434.081
408.074
463.275
452.703
450.597
478.835
485.098
492.37
532.821
498.385
448.422
457.878
491.122
479.735
498.307
481.65
488.836
505.476
537.677
533.413
548.831
535.346
551.795
538.224
491.435
433.21
375.028
324.12
336.493
277.163
191.976
139.125
105.786
64.1324
48.7125
40.5373
22.8858
16.618
18.6921
12.4547
10.3331
15.5712
20.7078
16.6091
21.8118
18.6976
17.6092
11.4088
14.5442
19.7406
8.30957
10.387
9.33966
15.5031
15.5195
11.3832
4.1303
3.12243
2.08342
1.03806
2.08081
7.24213
8.25389
8.26544
3.10873
3.03922
7.19922
5.19156
5.15305
5.17768
4.13859
2.06041
6.22353
5.17915
2.06053
5.16491
2.04272
2.07568
4.08332
7.19483
6.2297
8.23429
4.07266
0
4.16456
3.13342
1.04498
5.14458
7.23464
4.16349
3.11971
6.25183
9.38559
4.17759
2.08882
2.08536
2.08536
0
3.12452
4.1695
3.13198
5.20533
2.07611
4.14428
5.07884
5.07305
5.20942
2.07715
4.05088
4.052
3.11025
8.31593
9.34478
7.2594
5.1867
4.1291
5.18318
10.3652
7.25727
3.09255
8.29749
14.5346
10.3662
12.4518
11.43
13.4844
9.3451
6.24594
12.4871
25.9138
15.5251
219.791
209.257
232.308
245.907
258.432
254.146
267.483
245.615
229.18
238.52
247.944
244.803
229.094
253.015
245.832
242.723
254.17
252.066
229.162
240.665
260.41
247.888
254.126
244.813
246.819
236.37
252.892
259.278
242.716
242.651
236.404
235.34
240.551
284.25
266.439
269.531
278.011
271.799
274.947
262.396
277.99
278.043
292.548
314.45
299.875
288.372
303.991
284.226
306.027
319.598
314.273
289.344
300.771
290.273
289.271
304.968
314.316
337.207
317.424
312.181
326.66
359.911
380.785
364.094
367.177
382.768
379.602
367.13
430.474
466.772
483.44
555.104
559.179
546.745
509.315
469.814
447.935
420.932
418.872
346.085
261.902
209.948
134.004
84.0799
45.6548
17.5652
5.11257
2.03876
3.04225
3.07443
3.07221
7.15758
9.30917
12.4343
9.3369
8.29862
9.34674
7.22408
7.22904
6.20588
5.16111
5.14084
7.23377
6.23419
3.11715
5.17904
5.15812
2.05942
5.12681
7.20943
8.19369
13.136
8.0317
4.11324
2.98951
2.08773
6.14343
1.04281
9.22175
9.23691
3.10396
1.0285
5.09322
5.07808
3.08843
5.17229
5.22257
5.19277
5.19295
4.16435
3.99375
1.04036
5.2203
5.21043
4.16424
2.08875
2.04988
5.16876
4.14355
1.04498
4.17879
5.21646
6.23146
2.06126
2.05489
3.08506
1.0243
4.14987
9.28397
7.21699
2.07738
4.15844
3.11857
8.33186
8.20308
16.4396
12.4
14.5684
9.3035
8.25668
9.29764
6.24613
8.34063
9.39608
9.39674
15.6239
16.6257
14.4811
9.31168
8.33073
9.36665
14.5347
6.23167
10.405
16.6385
15.6187
11.4442
2.08779
13.5292
28.0184
15.5251
219.791
206.163
231.307
257.369
217.769
228.083
233.315
216.708
204.195
203.107
238.54
220.901
206.335
211.479
215.503
234.268
231.293
201.154
211.549
215.598
215.7
218.712
226.056
213.537
188.541
208.241
225.018
232.319
221.834
202.121
197.844
222.95
217.801
208.398
211.525
229.15
219.809
219.842
214.622
209.389
219.763
239.577
231.252
229.125
233.326
236.472
223.967
217.676
244.708
241.628
220.76
182.22
170.769
205.117
202.007
179.086
174.82
177.939
150.942
136.346
145.728
143.631
129.033
119.61
107.064
129.001
123.781
121.696
99.8424
109.21
136.227
129.974
99.8078
84.2061
90.4663
82.1389
59.2396
38.4634
38.4576
37.4
32.226
18.6906
11.3873
3.1192
2.06862
2.0507
4.12481
3.11441
1.04045
3.10686
3.10686
3.11745
3.11794
3.10784
1.03229
3.08954
6.19831
6.21034
5.15781
4.10905
4.12227
5.1512
5.12226
6.10498
5.04434
0.977858
2.06082
4.13555
6.1916
3.0894
2.06208
3.10247
3.07198
4.11594
3.11836
4.1078
4.12625
3.10573
6.22626
3.12052
6.16632
7.28188
5.1974
5.17988
5.17464
2.08997
4.1341
5.13068
6.14032
2.03759
2.07005
8.32362
5.20859
3.08326
5.11055
7.14372
7.17482
3.09293
4.07962
3.0642
4.058
3.10176
3.10122
1.03114
1.04498
1.04498
1.03092
5.14146
6.1794
4.14475
3.09548
3.10214
7.21938
6.21919
3.10133
2.07009
4.15602
5.05512
2.9734
5.19843
7.27297
3.12545
2.07642
5.00742
3.12059
6.20539
7.23922
11.411
13.3834
12.4935
10.4057
7.26678
8.3221
8.31745
13.5148
14.5758
14.5607
9.33818
14.5713
23.8894
15.5251
219.791
207.286
249.035
237.575
221.905
232.336
238.539
210.487
198.996
200.082
219.827
189.6
210.436
195.934
161.51
184.42
174.056
155.309
148.021
186.567
167.771
165.577
176.037
163.56
185.495
185.506
161.589
183.447
173.05
157.391
151.082
161.477
171.889
159.483
157.389
148.995
167.761
170.909
153.185
128.098
119.745
131.225
137.527
114.629
107.323
97.9334
92.7201
94.7798
61.4265
52.0845
44.7862
41.6608
21.8649
21.8376
8.30402
6.22175
1.03414
4.11827
1.03358
0
2.06901
3.10246
2.06704
0
1.03369
1.03343
1.03374
1.00717
4.08492
2.04371
1.03298
2.06812
2.044
2.04363
1.01154
1.01154
0
2.04406
1.0332
4.10838
2.04341
1.01201
2.04409
2.06396
7.15696
4.08224
0
2.04189
1.03278
3.05014
2.01887
2.01786
1.03024
2.07508
2.07508
1.98904
0
1.03073
2.06483
3.08105
3.0679
3.0775
3.05975
4.104
0
0
0
1.03083
2.08997
3.09715
3.06993
3.12187
1.04498
2.02304
3.00995
6.18589
4.15407
4.10849
4.09396
0
2.08958
1.02802
5.22492
4.17994
5.17618
3.11739
5.08595
6.08584
5.1932
6.23818
3.09564
3.09564
4.11157
4.09376
4.09413
8.25188
6.24973
5.18896
4.11523
2.04637
1.01331
2.04828
4.08376
4.10309
1.03151
7.21532
2.05735
2.08997
4.11306
5.05093
7.14177
6.10955
5.06126
6.18274
7.24028
2.07521
4.10604
6.14659
7.21747
5.1677
4.14271
3.10529
4.02625
3.09948
6.19445
7.23182
11.2882
15.5023
12.4124
9.34584
6.21477
7.22007
6.20667
4.13394
11.4062
13.4955
14.5379
11.3946
13.5049
21.7834
15.5251
219.791
213.501
229.165
227.155
213.608
209.336
211.466
211.572
202.19
196.916
193.866
201.067
192.695
150.109
135.52
131.336
130.344
128.245
131.354
140.755
138.632
125.13
143.805
136.414
135.498
152.197
132.404
118.819
138.581
121.995
112.6
128.243
101.116
95.8887
90.6907
82.3525
68.7876
49.0004
50.002
46.8616
43.7497
30.2235
19.7279
9.30515
7.27873
1.96961
2.97841
4.03842
1.98832
2.05087
3.08491
2.06122
2.06122
0
0
0
1.99129
2.0478
1.01431
0
0
0
0
1.01044
0
0
0
0
0
0
0
0
0
0
0
1.01127
1.01127
0
0
0
0
0
0
0
0
0
1.01022
1.01052
1.01052
0
1.01125
1.01125
0
0
0
1.04293
2.04142
3.07062
1.00854
0
0
0
0
0
1.00512
0
0
1.04498
2.08839
3.13378
1.04498
0
1.04458
2.08912
4.16089
2.08958
4.0616
5.12185
6.23595
7.2611
3.09626
4.0966
6.12685
8.30015
6.21779
4.17994
4.13707
2.04763
7.26442
4.15063
2.08997
3.13495
1.04498
3.12158
3.12158
3.12727
5.07643
5.05595
7.244
5.17672
5.12368
3.0994
2.0829
2.06954
2.06483
7.24166
7.23506
7.19499
5.16704
5.17808
5.18294
7.2375
4.13804
1.98239
6.1122
7.23297
6.19502
4.13249
5.16082
6.19286
6.192
6.20696
6.21842
7.26915
8.29863
5.15836
7.22718
8.26597
5.15311
7.25374
6.22543
7.24716
9.32247
9.32881
9.32795
9.33955
15.5809
11.3037
10.3989
20.7584
15.5251
219.791
222.928
219.81
217.733
210.464
187.572
171.949
182.333
167.755
159.392
147.956
146.949
159.462
144.928
127.104
137.532
134.416
105.19
111.511
116.782
109.508
116.82
111.528
104.205
100.054
88.6559
84.4864
73.0107
74.0535
73.0129
57.361
56.2948
39.6243
34.4
18.7726
18.7727
12.515
6.23658
7.23998
4.14117
0
0
0
0.974248
0
0
1.02122
1.02122
0
0
0
0
0
0
0
0
0
0
0
0
0
0
0
0
0
0
0
0
0
0
0
0
0
0
0
0
0
0
0
0
0
0
0
0
0
0
0
0
0
0
0
0
0
0
0
0
0.973708
0
1.00939
2.03851
1.02911
0
0
0
0
0
1.04449
2.0888
3.13392
4.17886
3.13424
2.08997
2.08961
3.11399
3.11399
2.06736
4.14438
1.04462
0
2.05284
3.09709
3.09107
2.08997
1.04498
2.99007
1.94546
3.09458
8.29272
5.11585
3.09466
6.21259
4.16292
7.27517
4.16277
5.15072
3.11795
1.04498
6.1889
7.25466
7.21122
8.20938
9.24848
7.20662
4.13719
5.17572
6.22827
10.098
6.11091
3.11396
8.26945
9.30822
5.19729
4.14471
2.05728
3.08726
4.10799
4.10838
1.03116
4.11174
4.10359
5.16162
5.14607
4.11766
5.16343
3.09795
2.06576
2.07529
5.13252
9.2136
8.21588
1.03424
5.14223
4.10714
11.3593
13.399
13.4365
10.2881
12.3068
11.3697
16.6038
15.5251
219.791
221.835
218.69
225.04
219.909
218.84
185.496
175.052
170.906
161.611
152.168
126.057
119.869
119.908
119.866
128.238
99.0792
104.294
100.105
113.672
101.189
101.178
104.288
97.0016
82.3645
77.1507
60.4579
53.2024
51.0975
35.4576
33.3605
22.9286
17.7254
13.5524
6.24994
1.04314
1.01681
1.01681
0
1.01887
1.01887
0
1.03411
1.03411
0
1.03407
1.03407
1.01941
0
0
0
0
0
1.04377
1.04377
0
0
0
0
0
0
0
0
0
0
0
0
0
0
0
0
0
0
0
0
0
0
0
0
0
0
0
0
0
0
0
0
0
0
0
0
0
0
0
0
0
1.04051
1.04051
0
1.04361
1.04361
0
0
0
0
0
0
0
0
1.03008
1.03008
1.03263
1.03263
0
2.05415
1.04464
0
1.01489
1.01489
0
2.08961
2.07019
0
2.07233
2.07233
1.03846
0
4.1395
7.26025
5.19122
3.10169
0.97542
7.17659
5.11837
2.07592
1.04498
1.02788
2.89783
2.08997
3.13495
1.04498
3.1231
4.15476
0
3.04709
8.22226
5.17949
11.3791
5.19466
4.1189
8.27964
9.19023
8.15889
7.2363
6.17282
9.12883
11.2088
10.3307
6.18286
4.13904
8.26278
4.124
8.26107
9.27721
8.26042
5.18418
4.14083
4.12758
6.19977
7.22445
5.1738
3.0992
7.23641
9.22272
9.20346
9.29698
10.3502
10.3366
11.3391
17.6373
15.5251
219.791
217.681
214.568
211.534
206.305
220.835
193.803
168.809
183.416
196.986
168.888
135.55
148.064
136.546
134.518
128.281
131.422
111.562
92.8309
98.0472
100.138
112.542
86.3792
74.9897
72.9973
53.1834
33.3856
42.7589
30.2081
26.0806
19.8212
11.4668
9.38059
2.0801
3.01089
1.97404
0
1.03435
0
0
2.05346
2.06852
1.03427
0
0
0
0
0
0
0
0
0
0
0
0
0
0
0
0
0
0
0
0
0
0
0
0
0
0
0
0
0
0
0
0
0
0
0
0
0
0
0
0
0
0
0
0
0
0
0
0
0
0
0
0
2.06829
1.02535
0
1.04432
0
1.04357
1.04357
2.06825
3.09283
2.06449
1.03991
0
1.02669
1.02669
1.04465
1.04465
2.07303
2.0875
3.11615
3.09799
1.02707
1.02665
1.03436
2.07163
5.16981
3.09805
4.13646
5.15541
7.21569
3.09184
1.03855
1.04462
4.1426
7.22648
2.05256
8.24199
9.28712
8.22555
3.0564
8.25322
7.19487
7.22619
5.16831
6.23717
5.14369
7.22884
10.2975
4.09879
2.07108
3.10804
8.26531
8.12599
8.15551
9.24998
12.2884
6.16333
6.13394
9.23676
4.13383
4.10099
8.28122
11.3832
10.2875
10.316
6.19359
3.1076
3.08687
5.13661
9.23087
8.19869
8.21001
6.18662
7.24486
8.26613
10.3185
10.3196
11.319
7.19299
10.3774
13.4409
7.26913
10.3424
9.34003
7.25636
17.6251
15.5251
219.791
206.248
209.42
229.275
210.469
201.103
196.979
193.881
183.297
154.205
154.197
165.694
165.798
128.263
120.98
140.799
124.051
115.719
109.456
96.9716
110.493
95.9181
99.0617
89.6888
69.8663
53.2055
61.5506
58.4186
43.741
32.2655
20.8192
15.5954
10.4149
3.12939
0
1.02222
1.02222
0
0
0
0
0
0
0
0
0
0
0
1.01307
1.01307
0
0
0
0
0
0
0
0
0
0
0
0
0
0
0
0
0
0
0
0
0
0
0
0
0
0
0
0
0
0
0
0
0
0
0
0
0
0
0
0
0
0
0
0
0
0
0
0
0
1.02963
3.10463
2.07501
0
0
0
0
1.04464
1.04253
0
0
0
0.993771
0
3.1264
4.15246
1.02606
1.04498
1.02505
2.05078
4.12479
2.07305
0
2.05658
5.11076
5.205
5.17841
5.18286
4.12917
2.06923
2.06249
2.07557
1.04461
4.14022
5.13822
3.11449
10.3086
6.16893
6.25567
7.28094
6.22816
7.22323
4.1133
4.15259
6.20557
6.1731
3.0852
9.29651
7.24043
5.19477
6.21211
7.19168
4.10621
5.18042
11.3728
8.29318
8.2481
6.18506
5.16832
4.11671
4.12217
7.24633
5.18707
4.12623
6.18062
6.17641
10.242
5.14454
8.26184
4.12971
4.12611
4.13916
10.3276
10.3302
9.29922
11.3913
11.3913
11.3803
8.31062
11.413
15.5646
15.5251
219.791
206.252
212.541
216.716
205.232
201.1
178.212
169.818
187.562
163.628
140.624
159.384
142.767
124.064
139.744
136.585
124.086
125.152
125.156
135.474
134.514
120.998
117.85
104.222
97.9969
90.7265
76.145
80.314
65.6968
55.2683
47.9764
41.7
32.3332
31.2649
22.9117
18.7743
7.30083
5.20607
1.04267
1.03425
2.06849
0
0
0
1.01961
1.01961
0
0
0
0
1.03375
1.03383
1.96391
0.930085
0
0
0
0
0
0
0
0
0
0
0
0
0
0
0
0
0
0
0
0
0
0
0
0
0
0
0
0
0
0
0
0
0
0
0
0
0
0
0
0
0
0
0
0
0
0
0
0
0
1.00873
1.00873
0
1.04463
2.08961
1.04498
0
0
0
2.08802
5.18739
3.09937
0
2.08997
2.08769
4.13662
4.13662
2.08997
4.14472
3.09974
3.0758
5.15189
3.10186
3.12279
4.17301
5.20444
6.20931
3.09481
5.21092
8.32663
10.3496
6.24405
3.10208
6.21985
8.2879
7.22927
8.27419
5.13963
8.10904
11.2167
9.2751
3.1178
3.09924
5.19099
7.23631
6.21256
6.2098
8.29241
8.26459
8.18456
4.17994
6.21352
5.11245
4.08095
4.12696
4.12037
2.076
4.14015
6.19126
7.20513
3.09729
6.16984
12.3246
7.20645
7.18325
5.15962
5.15853
7.24935
4.13172
7.25825
10.4071
9.3419
13.4562
9.31695
10.4
13.5041
14.5391
15.5251
219.791
220.895
233.408
208.356
199.99
210.45
176.831
178.921
201.131
213.693
198.06
157.362
148.895
167.776
160.54
131.37
118.809
121.97
118.849
103.201
113.657
127.216
124.078
110.395
116.755
136.614
137.661
140.704
128.222
124.105
110.488
84.4005
93.8396
92.764
106.295
78.1729
62.5205
57.3411
45.8692
36.4865
30.158
23.9757
22.9215
15.6233
5.11685
2.0834
0.975362
3.04383
2.06847
2.0478
4.07655
5.08506
5.1443
2.04448
1.01062
2.06674
2.06674
1.03336
0
0
0
0
0
0
0
0
0
0
1.90613
1.90613
0
1.01144
2.02201
1.01153
0
1.01074
0
0
1.01066
2.02102
2.02118
1.01082
0
0
0
1.01071
0.989786
1.99981
0
0
0
0
1.00897
0
0
0
0
1.03204
0
0
0
1.03895
1.03895
1.0445
2.07465
4.12846
2.08997
1.00465
2.03673
2.01068
0.978603
4.1423
7.25952
3.13406
5.12575
3.04878
2.0524
3.05407
4.11897
4.16189
1.04498
3.11588
5.18209
6.22708
6.2699
5.15285
3.06289
5.22492
3.13495
4.06308
3.09089
6.22675
5.18311
5.16955
2.07641
0
3.11328
2.06844
1.02345
3.13495
5.18368
3.12018
1.04498
0
5.18164
7.26802
5.20049
2.06889
3.0912
4.12224
3.10725
4.15774
7.2434
6.2059
3.11309
6.20717
6.11202
6.19747
10.3427
6.2327
3.05525
7.18229
5.14268
5.15652
5.18787
7.26395
5.17513
7.23288
6.16353
5.0945
7.14454
7.22792
9.27621
12.4066
12.4623
13.402
13.4218
14.5332
16.6288
13.5062
15.5251
219.791
214.677
216.716
214.637
217.611
235.426
208.307
196.892
206.337
210.372
212.483
211.589
194.87
174.057
166.767
178.077
166.665
162.474
152.074
158.378
153.249
164.645
155.254
168.82
160.391
143.695
163.586
153.197
156.377
176.052
170.791
146.818
148.962
154.28
163.587
165.738
146.963
122.976
128.186
146.936
138.541
122.892
127.071
111.471
98.9766
92.7006
90.6335
89.5765
76.0175
59.3732
38.5451
39.5809
32.2755
30.1861
19.7703
9.32267
2.04167
0
0
1.02073
2.06928
1.03495
1.03553
1.01168
2.04548
1.03269
1.03269
0
1.03329
3.07824
3.03228
1.03383
1.03391
4.08778
3.05544
3.07847
0
3.07632
4.08562
5.11559
4.10579
3.0758
1.03178
0
0
0
1.03361
2.06386
1.03025
0
2.06332
1.03027
2.03578
3.06818
1.03241
1.03054
4.1377
6.13291
1.03256
1.007
1.03214
2.05172
5.12039
7.15182
3.01327
4.08613
4.08633
4.09908
2.06827
1.02278
0
0
3.1342
4.17994
4.15918
4.06179
5.10967
2.08997
4.1487
6.19795
2.08774
5.22278
5.22492
5.20306
3.13269
6.2699
3.13495
3.09318
4.06885
3.06564
2.05243
3.09741
4.17994
5.18615
3.11789
6.23077
9.32198
8.31653
3.11288
1.02322
3.04893
3.07104
2.07566
7.23658
4.09455
9.30867
11.3684
7.23194
5.16873
3.10848
3.11259
6.19774
5.17287
3.09745
5.17663
3.10738
4.15023
4.15106
5.18857
4.14864
7.25232
7.24522
4.14921
2.08997
3.92137
9.04749
6.19736
4.12048
9.2855
12.4084
13.4659
11.3559
9.26839
18.6531
20.7356
12.4391
12.4385
16.5828
17.6832
10.4069
15.5251
219.791
227.175
257.326
263.511
237.361
245.784
223
221.863
238.538
214.692
200.035
216.705
237.529
201.035
209.329
210.445
217.771
203.201
217.803
198.95
192.756
203.217
171.937
183.357
180.126
197.947
210.484
184.377
220.807
215.641
215.524
206.168
200.978
202.073
214.639
215.684
216.735
214.635
202.055
214.56
212.486
233.38
232.326
206.213
213.47
222.948
217.687
217.681
230.178
210.41
199.973
188.511
205.151
189.531
189.504
173.894
157.231
169.698
157.19
143.652
143.616
127.976
117.518
120.629
110.3
114.456
117.453
95.5699
100.878
106.1
106.094
96.7152
84.2222
77.9808
80.0666
68.6198
49.9095
39.5106
48.8529
32.1896
22.8391
19.7372
12.4651
8.28779
6.19451
3.04839
1.03243
4.10181
3.05795
2.02768
5.14133
4.09723
3.10062
2.07135
2.07152
2.07788
1.039
2.06762
4.13525
4.12584
10.3123
7.21304
5.16749
5.13953
6.19241
5.15969
5.1618
7.22419
5.07221
4.09554
4.09603
5.1252
2.05295
2.06414
3.09469
4.13391
4.09105
4.10592
3.11834
5.13468
6.13842
3.0738
4.16003
4.16564
2.07263
5.18009
7.28007
8.26138
2.02622
4.05377
6.12433
3.11554
8.28617
4.15226
4.07221
7.22746
10.3701
5.14213
0.954523
1.99951
2.08997
2.07301
4.14863
2.05518
3.08615
1.03097
0
4.14528
5.13507
3.0506
3.09783
3.08585
1.0235
1.03787
5.15767
6.03958
4.09783
4.09783
2.06286
4.14123
5.19221
3.09692
2.08884
3.12089
4.10975
8.29952
12.4821
9.36535
8.31126
6.22744
8.2876
14.5467
12.4426
12.4953
15.5859
11.4496
14.5382
9.34743
15.5937
11.3271
15.5251
