ANSYS
3
0
24
15
181
1
F1MD ASSY_v204_v11_Y50_1M
F1MD ASSY_v204_v11_Y50_1M

F1MD ASSY_v204_v11_Y50_1M.LDT.ldt

100
100
10
90
90
0
0
0
0
93.85
99.69
1
0
1
1

13110


1
0
0
0
0
0
0
0
0
0
0
0
15
30
45
60
75
90
105
120
135
150
165
180
195
210
225
240
255
270
285
300
315
330
345
0
1
2
3
4
5
6
7
8
9
10
11
12
13
14
15
16
17
18
19
20
21
22
23
24
25
26
27
28
29
30
31
32
33
34
35
36
37
38
39
40
41
42
43
44
45
46
47
48
49
50
51
52
53
54
55
56
57
58
59
60
61
62
63
64
65
66
67
68
69
70
71
72
73
74
75
76
77
78
79
80
81
82
83
84
85
86
87
88
89
90
91
92
93
94
95
96
97
98
99
100
101
102
103
104
105
106
107
108
109
110
111
112
113
114
115
116
117
118
119
120
121
122
123
124
125
126
127
128
129
130
131
132
133
134
135
136
137
138
139
140
141
142
143
144
145
146
147
148
149
150
151
152
153
154
155
156
157
158
159
160
161
162
163
164
165
166
167
168
169
170
171
172
173
174
175
176
177
178
179
180
231.18
219.775
221.928
237.382
207.152
190.552
179.098
197.788
205.222
199.974
216.667
219.771
241.549
195.663
222.792
241.402
227.85
220.744
212.352
209.245
209.42
206.306
214.572
234.267
242.579
260.211
244.506
254.783
227.921
232.161
244.576
258.305
265.497
261.299
242.54
267.538
251.913
271.619
290.316
286.326
286.262
290.331
276.839
292.586
297.81
305.115
333.155
309.172
283.112
348.676
322.76
318.512
337.334
313.343
334.066
336.071
361.115
345.398
341.324
368.293
368.339
379.666
382.604
432.593
449.332
423.226
457.473
465.87
501.183
473.053
496.892
518.627
519.783
466.741
436.576
403.285
381.443
376.227
368.866
305.386
255.549
196.298
137.137
75.8214
40.5345
21.7211
8.15513
6.15169
6.18606
10.2649
18.5487
14.5339
17.6564
16.6096
15.5344
11.3915
8.31577
4.14819
7.27146
15.5523
11.3717
12.4741
10.3887
4.99695
4.97478
5.16213
5.18063
2.0355
3.07072
7.12516
4.029
3.017
6.0691
5.12458
6.91511
5.86313
4.08523
8.1712
7.15727
5.0546
7.0344
7.09939
6.18581
3.10405
2.05671
10.2286
11.2822
11.2641
12.2694
8.23383
4.12066
4.08074
6.12381
7.16341
7.09444
7.02447
6.0602
4.08639
3.03582
6.16412
3.09597
2.08997
4.16088
8.29227
9.30898
9.293
7.28729
11.4011
6.17622
6.22911
8.31204
8.31061
3.11176
14.5424
9.34961
7.2334
9.32675
8.28089
11.3604
11.3832
6.24128
14.4686
16.4686
16.5143
13.4842
12.487
13.5471
15.6274
10.3725
7.23453
13.4705
20.7442
20.6997
18.6325
16.6382
18.6959
18.7128
15.6218
17.6193
13.4768
17.5905
231.18
234.353
209.28
219.639
198.899
200.045
232.257
215.456
206.15
263.422
253.926
249.787
248.852
263.361
234.243
231.2
240.556
242.599
255.26
265.551
243.594
259.328
287.465
270.876
281.165
290.4
288.393
301.93
300.919
292.637
270.777
296.851
302.026
316.608
329.029
317.558
314.5
310.171
339.337
382.08
381.064
388.328
406.02
414.26
387.28
439.222
433.08
413.352
427.929
430.947
446.654
496.584
489.261
441.327
461.12
503.756
472.479
487.994
507.86
552.518
549.315
522.333
562.912
534.746
535.713
519.012
592.729
604.142
535.383
520.686
533.085
543.45
500.683
446.851
414.653
367.881
359.404
336.555
297.1
254.448
203.483
155.788
99.5766
72.668
44.7246
43.5244
27.9539
24.9004
23.9003
22.6987
26.802
23.8496
33.1636
33.1169
11.3846
10.1898
22.5496
20.6723
14.5135
18.6693
17.5776
14.4593
10.2352
9.20574
8.27681
12.3337
13.4271
3.11922
4.17155
5.14752
5.05002
6.03991
7.09802
6.05742
4.07011
7.16829
6.19762
8.29913
7.23186
3.08891
3.13213
6.149
6.03204
4.04192
2.07485
1.03191
3.10652
5.15851
8.26566
4.10888
7.14371
12.1257
8.0978
4.14605
3.1018
5.15634
8.25905
9.26557
14.4704
9.35368
4.1415
7.17987
9.30354
9.33895
8.30871
8.34234
7.3089
8.33658
9.34196
9.27797
11.4077
12.5014
9.34277
15.6298
13.5116
9.16912
13.3321
17.5989
11.4737
7.26045
12.4893
15.5662
17.6082
15.5716
18.6334
12.4104
20.7279
18.6977
13.4984
10.4246
13.5566
16.6785
13.538
14.5123
12.4574
17.6515
16.6481
14.5662
17.6301
10.3132
17.5905
231.18
233.367
221.773
222.789
195.84
203.029
236.424
237.433
217.614
253.064
270.82
245.771
242.678
285.309
288.443
250.964
258.353
329.1
362.41
325.88
296.761
306.206
308.28
352.006
334.361
320.599
335.197
332.318
365.552
362.253
366.543
389.468
386.335
378.003
409.326
459.315
455.127
454.021
480.987
472.835
461.34
494.758
451.008
448.816
450.873
452.913
465.468
504.022
485.221
445.63
460.301
460.138
451.781
455.966
439.388
368.476
398.674
445.448
389.178
371.562
383.963
378.73
353.773
330.94
308.981
309.981
323.376
307.69
307.772
292.217
265.079
246.163
247.28
204.836
197.509
164.172
126.716
76.9039
39.3986
31.1029
21.7882
30.0903
31.1242
17.5738
17.5348
15.4753
18.6139
14.5023
21.6934
25.9421
15.4818
16.5079
23.8345
18.6622
16.5436
19.6959
19.7299
16.5704
11.364
5.18403
3.09756
6.11806
2.03609
4.06624
4.0904
4.0923
3.99258
5.1731
7.20458
4.101
3.10937
5.17329
6.14532
8.19546
6.2292
6.22943
2.0744
2.05496
4.12555
3.09958
5.15961
8.27361
6.1651
3.09418
10.2564
13.4286
7.18009
6.03782
9.11215
7.20228
7.22186
7.21489
3.08264
5.19502
5.21049
5.17951
6.23356
4.04303
5.14042
7.18921
4.12099
3.12078
5.20262
3.11271
5.14481
3.09206
2.06787
4.09087
8.27749
6.23795
4.01705
2.98383
1.04498
3.08761
6.13348
5.13309
2.98657
8.17579
11.3701
5.09073
8.25919
12.4238
14.573
15.6114
16.6667
21.8361
20.7826
20.7897
23.8754
20.7067
20.8281
16.6318
15.6008
12.4772
12.4576
12.4891
14.5643
15.5841
16.5745
9.16341
17.5905
231.18
239.645
230.27
212.553
231.255
217.589
232.165
280.142
255.145
280.158
309.301
296.579
303.822
295.707
296.765
308.307
333.146
315.527
330.18
365.684
367.72
353.135
329.943
357.098
372.796
389.643
351.124
356.217
374.885
394.839
398.997
442.839
433.331
408.269
467.682
466.616
473.918
491.663
463.583
469.72
462.4
444.604
463.395
454.02
454.121
450.874
422.699
390.455
362.329
345.623
341.499
344.667
318.409
292.225
330.856
297.59
263.104
254.964
230.977
222.605
202.868
210.22
188.385
176.684
185.033
189.25
164.293
159.171
143.407
133.017
110.181
104.899
83.083
68.5274
51.9099
45.7095
42.5908
37.366
27.9853
25.8738
28.9663
21.6581
28.839
22.5804
16.5668
14.5253
17.6208
20.6828
19.7112
18.7208
16.6214
12.4682
10.3499
9.36114
10.347
11.3568
6.19237
11.3492
10.3445
12.4435
10.3545
4.14133
4.10235
10.2382
10.3059
7.24089
9.30773
9.30432
9.23432
13.3691
9.25403
13.3749
13.3841
8.27492
7.21313
8.20397
10.2965
4.09489
4.16489
11.2381
11.2092
8.23377
3.05502
5.15546
6.14609
6.17031
6.25058
5.20307
1.04498
7.23237
9.28926
7.20883
5.20175
5.19926
4.17879
6.2194
6.18956
5.18022
4.15819
11.3194
8.26163
3.02193
8.18711
8.2989
3.12834
2.08336
4.16225
9.35055
7.27472
6.19177
6.19952
3.10376
2.08182
5.17154
6.21363
11.4005
12.422
11.3496
8.25534
7.25022
7.24375
2.9703
6.10196
5.15938
7.21262
7.28904
11.4558
11.444
10.419
19.7975
23.969
18.754
14.5915
17.713
14.5349
11.4531
11.4655
12.4404
17.5843
11.2624
17.5905
231.18
242.773
253.199
244.857
257.352
252.935
274.769
261.295
284.203
318.697
307.166
288.379
307.032
299.977
344.582
344.569
355.036
330.971
338.282
356.07
373.813
376.881
376.845
379.019
393.674
384.482
402.123
443.745
467.668
451.077
438.529
472.861
429.169
435.394
424.951
431.226
413.591
372.948
418.849
405.245
334.256
285.329
317.678
337.417
300.906
276.974
281.094
241.592
195.835
204.096
202.029
198.939
162.448
150.94
149.836
143.648
127.845
125.753
125.746
122.688
130.017
107.13
97.7586
99.8725
135.174
118.537
86.2536
118.374
84.0176
82.7401
70.5475
55.0763
48.8109
51.9113
57.0928
49.8517
32.2112
26.9974
28.9767
20.7383
18.6775
22.6923
26.9735
25.9314
13.5129
17.5959
21.7042
13.406
13.4482
20.7469
28.9929
22.7456
18.6017
20.6658
27.8694
27.8555
29.8838
35.0485
25.7003
27.7948
17.5838
27.9225
29.9502
35.1095
28.8866
23.6934
25.8258
27.8569
26.7371
22.7392
19.6385
17.5551
24.7816
23.7803
19.6281
26.8769
28.9304
24.8002
14.479
11.3653
13.4435
12.333
11.3074
11.3621
13.4264
26.6885
16.4308
12.3588
15.3357
9.2455
10.2111
12.318
10.3275
11.3317
9.2829
14.4527
19.5378
17.5094
12.0412
10.0411
7.21995
14.4253
13.4102
8.32367
5.19197
5.19592
8.20791
5.15174
5.1586
10.2722
9.28513
2.06432
4.16475
8.30907
9.27994
8.29649
13.4497
11.3897
5.16692
5.12306
5.10492
7.15656
12.3008
9.18642
4.13244
6.21483
7.22722
6.21607
9.36684
15.4743
20.6806
19.666
28.0635
32.1777
20.6753
15.3766
14.4865
9.33708
13.4632
10.2704
17.5905
231.18
243.798
264.647
268.779
239.607
261.426
278.899
310.203
297.805
270.633
284.177
293.605
306.12
334.192
319.696
271.913
315.601
343.58
362.309
374.922
395.692
371.795
371.754
407.216
378.119
373.906
397.808
420.875
427.218
413.496
443.635
415.579
408.414
400.104
384.524
376.092
339.422
313.53
298.859
266.512
257.171
269.661
257.118
197.846
164.349
194.617
189.361
156.203
146.733
157.007
141.507
119.699
143.585
136.306
112.415
107.173
109.189
109.194
92.4623
113.162
97.6618
99.7098
86.0854
74.849
74.8322
82.1821
74.9766
85.2836
69.7079
60.2622
71.7253
78.0898
63.5027
55.0874
54.9792
49.8745
55.0724
47.7987
38.4268
36.3037
39.4366
39.3529
37.2058
50.708
50.689
38.2294
40.3243
36.1898
39.2448
56.9844
61.1716
54.9406
55.8174
49.4259
35.0223
39.1674
36.0243
37.1132
40.2712
30.8962
37.029
38.134
44.429
30.9622
31.988
29.9687
29.9902
25.8003
43.3463
47.4175
37.1335
34.0909
30.9418
30.9399
35.1038
25.8166
29.9721
28.9718
25.7793
22.7145
29.9172
39.2649
29.9637
26.8883
27.8941
25.8305
24.7644
26.8363
21.6027
24.7315
19.5203
20.5475
23.7052
13.3964
9.29696
14.4342
19.5428
15.4522
16.4812
10.2612
20.5755
26.7981
14.4429
12.3721
19.5973
10.326
10.3439
18.6194
11.3204
4.1037
8.30679
11.3968
12.411
9.20267
8.15375
11.3781
8.26052
9.23939
6.09026
9.28347
12.4612
7.26476
9.21658
9.23747
8.27168
10.3358
10.3159
10.3516
13.4154
10.348
11.3415
9.26443
14.5396
18.6511
21.5398
23.7088
12.485
10.3304
15.5062
11.3039
17.5905
231.18
253.176
277.17
252.168
243.625
281.214
292.719
312.561
316.719
275.93
298.839
323.935
320.624
327.993
319.821
340.521
359.251
357.112
382.108
340.412
353.05
374.858
383.3
394.808
416.718
407.204
380.169
429.193
398.992
414.689
401.143
425.214
467.766
427.091
390.634
364.61
349.997
291.601
307.044
273.847
228.03
201.99
203.997
175.912
164.426
159.14
149.91
164.414
168.631
139.492
108.166
103.978
101.905
101.931
99.8874
95.6973
87.4632
90.5365
77.9958
91.5773
97.8292
98.7786
82.1249
97.7957
92.5717
61.3485
55.1083
64.4602
75.9386
64.4837
69.6341
63.3989
68.6157
64.33
51.8239
47.7801
49.8075
45.744
41.6063
39.4437
42.4936
39.2493
41.3601
39.3969
27.9378
16.5431
18.6803
21.7091
17.5958
38.3498
70.6505
53.0428
46.702
34.1569
31.0382
25.8575
14.4902
17.6484
13.4479
14.5175
12.46
11.3917
19.6059
11.3223
15.4775
19.5821
19.5868
16.5474
24.8142
33.079
26.8647
22.6194
27.8312
20.6232
38.1705
41.305
38.1236
40.2058
34.0212
33.0368
26.8617
23.7711
31.0222
27.9142
27.8453
31.9608
33.043
29.9572
26.8577
27.8549
28.8706
19.59
18.5393
22.7133
18.5308
14.4004
24.7467
25.7841
22.6698
25.8201
21.6461
15.4706
15.4801
19.522
14.4261
19.47
16.4297
13.3525
15.4181
13.3436
16.4157
19.551
9.19863
17.4341
13.3818
16.486
17.4451
18.4749
21.6095
12.356
9.20226
11.3239
13.3832
9.25267
12.3246
16.4616
16.3587
16.4622
12.3834
14.5447
13.4809
9.32558
11.3429
22.7306
19.7149
18.7753
17.7157
19.7333
21.6964
14.3914
17.5905
231.18
242.798
252.095
284.308
243.671
234.407
254.129
265.471
273.786
258.234
310.348
324.025
336.466
335.397
335.278
317.612
356.22
374.958
358.157
371.739
372.853
390.53
410.142
380.021
382.331
420.614
424.832
419.797
414.612
389.669
420.995
390.757
378.107
423.937
417.736
328.172
315.614
354.089
314.562
245.794
234.386
205.162
203.155
202.984
200.899
189.521
169.675
154.085
148.863
143.571
173.747
168.626
139.409
141.42
128.007
100.928
97.6611
95.7024
89.3999
84.0979
88.3972
73.8873
85.1819
92.3727
71.6716
65.5578
67.6007
60.3201
59.2837
70.695
60.3242
44.6647
44.6462
53.0375
57.156
52.9338
41.5942
36.306
37.2541
56.8259
44.3433
36.2302
42.4668
38.2334
43.4766
48.5855
42.3914
36.1771
44.5674
49.6755
44.5579
55.9018
49.6602
35.1262
22.6517
37.1106
34.0271
28.8442
36.1185
36.1483
38.2181
44.3555
34.0505
34.0701
38.1743
39.2069
40.2884
36.1534
35.1116
41.2805
39.2495
42.3347
31.9971
41.3005
38.2088
28.8291
25.7661
18.5857
32.0165
27.9074
33.1245
31.0623
23.7566
22.6673
27.8069
27.8045
29.8861
27.8486
17.3964
18.4115
17.557
18.4784
18.401
20.6284
16.4902
10.3355
14.4953
14.4428
14.3934
13.3062
14.3381
10.2631
15.4002
19.5351
20.5901
14.4443
10.3413
6.18134
2.07475
11.3494
7.22042
11.311
10.3152
6.21934
8.17829
9.29174
5.17261
6.17575
6.17564
9.30627
11.2523
6.16864
9.28624
10.3964
8.2441
7.23197
8.28161
8.21697
13.3961
11.4133
12.4776
20.8201
24.9819
24.9301
29.1323
22.8847
23.8186
25.9666
23.7843
14.4231
17.5905
231.18
230.293
223.885
276.834
288.322
269.788
270.722
287.392
290.313
291.453
308.251
296.645
315.377
333.13
341.622
357.124
340.535
345.753
349.822
350.549
339.394
378.149
406.254
429.16
424.017
443.548
437.3
436.296
406.255
400.977
432.066
405.206
377.11
412.459
427.051
420.915
439.486
437.474
395.83
323.882
331.343
349.958
330.203
325.939
296.685
262.151
246.596
228.985
220.609
210.267
205.031
184.097
188.518
163.363
171.528
173.64
162.273
131.187
136.36
128.961
118.48
118.595
110.296
99.7707
113.371
110.048
85.0586
78.8638
77.8689
73.6635
83.9671
70.5626
49.8559
65.4576
69.5227
52.9225
57.0795
41.4673
30.0983
25.9083
19.748
11.4299
12.4138
13.4271
16.5072
20.6744
21.7049
18.6323
22.7416
22.7534
13.4539
16.5951
18.6376
17.4955
18.4824
19.5754
33.038
34.0462
29.9565
31.9687
26.7721
25.8099
27.886
21.7112
29.9753
26.8924
19.6078
22.6945
30.8103
24.7021
18.6005
18.4491
23.5996
23.6845
18.5128
10.3379
13.4765
25.9205
22.7581
13.4457
16.5483
20.676
22.7176
10.2967
9.29172
12.3201
13.3435
17.5172
10.3191
11.3062
12.3408
15.2961
14.4346
11.3091
12.3686
15.4847
13.3559
12.2898
5.06362
9.2098
8.28722
8.22228
11.3045
9.28078
2.0688
9.2098
13.3521
13.3837
9.27284
5.15847
2.08141
6.05083
6.06024
8.09772
7.0883
5.1882
10.2966
18.5271
7.23043
5.19243
9.31084
14.5024
14.5264
17.6213
12.3845
10.3064
17.4904
11.3055
11.3265
10.2432
14.5447
17.6726
21.7813
24.911
28.1248
20.7582
15.4779
25.7891
21.6323
14.4259
17.5905
231.18
211.454
223.786
239.357
247.664
226.999
261.43
286.437
267.545
259.162
281.116
290.431
309.182
342.431
323.71
327.025
325.965
338.508
335.359
285.115
349.654
346.769
368.728
352.003
374.801
384.238
398.809
432.336
435.243
408.086
436.346
470.938
434.443
408.432
437.549
457.363
486.614
453.189
465.542
462.366
477.092
481.249
440.355
411.262
422.741
443.477
396.665
414.371
353.887
359.199
374.777
367.435
364.207
311.156
303.001
285.258
260.26
265.491
245.462
219.435
220.479
188.255
199.434
179.578
150.666
169.358
178.767
166.315
142.436
108.135
95.628
99.75
86.2347
76.8298
69.4849
52.9061
40.3709
37.2742
33.1779
31.0239
21.6918
18.5434
17.5005
23.6775
11.3591
6.22959
11.3313
17.58
18.6968
21.7806
18.5923
16.4687
15.4111
10.293
11.2201
10.2382
9.30144
7.1996
16.3507
15.2476
11.2505
9.33241
11.3497
4.09867
1.03199
4.13756
12.332
10.2842
8.2152
12.3271
8.21483
5.15098
10.3522
12.4199
5.18813
5.08771
6.14807
3.10343
4.15426
5.11175
5.12458
3.10384
3.07461
7.18754
5.15315
2.06934
3.11984
11.3178
6.08948
8.21779
6.25045
5.14197
10.2883
6.1395
3.95591
5.11733
2.02183
4.08381
5.11791
3.0646
1.04498
8.25465
8.27242
1.02454
2.00007
5.11931
5.19195
5.13312
4.06822
6.13529
6.14104
4.12155
5.16392
4.15199
5.19619
6.2465
3.10369
7.2135
8.28012
7.24617
1.02238
8.23735
8.20741
4.15458
5.15794
14.498
20.7261
12.4792
16.5137
20.6225
20.7634
21.7969
17.5775
17.5275
20.7
15.545
12.4511
26.9217
21.669
17.5576
17.5905
231.18
206.237
193.547
210.195
232.037
217.516
231.261
216.668
220.742
242.565
245.804
261.422
275.988
282.274
277.017
294.814
282.088
299.877
312.399
300.846
297.746
318.633
345.734
344.782
349.953
357.276
362.297
356.144
334.264
350.818
370.56
405.046
400.072
381.224
423.972
445.911
440.592
481.222
464.49
456.127
456.122
485.299
452.041
471.725
491.396
494.541
473.827
450.891
474.85
486.21
498.588
533.972
447.549
415.353
453.788
455.819
406.922
396.563
362.223
380.781
383.926
400.535
393.222
351.517
345.421
324.553
272.48
272.326
260.908
259.945
247.419
256.61
234.801
232.6
208.728
157.953
114.25
68.3888
42.5455
18.683
8.2931
11.2947
20.4808
14.3908
20.6448
26.81
32.1297
28
16.6088
19.6719
15.5327
19.708
20.6952
9.29955
6.22725
5.19314
15.5582
15.5289
13.3389
10.2717
6.2057
5.1252
7.14787
4.05513
6.09585
5.16866
4.13513
4.12425
5.18534
7.25064
10.2837
3.04604
4.13999
6.03843
8.16858
8.23476
6.20829
7.25372
4.14656
10.325
8.27153
8.2809
10.339
6.21076
4.09346
6.17748
4.1652
4.1401
5.17059
7.23448
3.11301
5.20183
8.29385
8.2877
11.2924
8.19218
9.33686
9.29578
5.13622
3.09046
5.19882
7.22156
8.2858
6.19742
5.05795
5.08814
7.2153
2.06604
2.98956
4.09539
4.10177
2.03884
3.08311
3.08311
7.27462
6.21981
4.16993
5.19736
6.22471
7.28671
9.35787
13.3004
14.5237
16.6235
17.6404
22.8846
16.6587
10.4292
16.684
13.5273
14.5748
16.6241
16.6298
17.6105
21.7949
14.5717
18.6856
22.633
20.5939
18.4862
17.5905
231.18
218.648
180.245
207.243
224.798
215.593
225.011
223.995
250.835
230.969
256.067
250.867
252.007
229.118
217.618
261.463
269.704
246.711
224.767
262.395
276.993
265.31
279.079
270.889
291.656
300.914
317.596
299.981
297.854
347.755
332.213
326.862
353.925
347.743
332.202
352.076
333.163
369.615
372.781
347.767
367.469
393.576
427.771
436.157
412.271
427.868
416.44
428.81
450.7
464.291
476.768
492.199
488.027
481.94
485.009
471.326
515.09
533.902
504.686
470.353
488.998
491.065
536.782
513.869
533.647
583.414
616.621
588.553
570.86
577.07
569.72
506.14
468.54
443.393
468.392
423.827
370.917
351.164
306.318
208.721
169.389
119.46
82.0593
66.4646
61.1882
42.5051
19.7143
18.6827
20.7587
15.5456
19.6876
17.5484
18.6764
12.4777
13.4272
17.6055
9.29826
9.27008
8.2403
11.4384
17.6031
15.5117
15.4331
14.3947
8.24315
8.26843
5.15115
4.14943
5.20144
4.14572
4.15975
2.07668
1.03851
3.10311
6.10537
3.01697
2.0725
5.17515
8.2617
6.15212
7.22886
4.14509
6.24685
10.4313
11.3581
13.3091
7.16578
10.09
7.94753
10.1918
13.3412
9.28359
6.1263
2.08855
2.06785
7.16028
7.12699
8.24908
14.3763
10.2676
10.3646
8.29386
7.27385
9.36635
11.4185
5.18579
2.08753
7.29658
10.3202
10.3387
10.3326
7.2615
5.21872
10.4184
13.4898
15.5375
14.5556
17.6616
19.754
13.4583
17.6928
22.9031
15.5868
17.7227
14.5907
12.5142
10.4381
7.30606
7.30795
10.4181
15.5955
13.4577
21.779
16.6461
13.5104
7.28888
13.4696
16.4698
20.5154
17.4301
17.5905
231.18
211.352
186.45
172.883
199.983
212.383
211.353
203.02
199.801
221.625
216.382
219.564
209.298
236.275
231.921
242.386
205.015
213.503
239.567
218.742
239.504
231.982
232.085
219.724
203.099
229.023
238.349
277.885
263.402
253.115
260.225
232.026
267.606
271.796
266.536
302.968
302.797
312.344
325.719
300.641
292.571
264.423
294.628
313.337
326.926
328.985
304.034
299.833
278.913
322.653
350.767
357.045
344.543
310.153
314.323
323.65
332.968
355.608
359.825
364.173
354.777
342.179
392.063
410.8
421.128
454.39
463.674
463.707
480.348
444.964
474.087
473.021
480.331
454.293
451.116
411.568
412.537
403.214
327.303
277.299
247.18
188.908
121.489
65.4308
32.1852
12.4808
4.14628
10.2746
15.319
10.2302
14.4521
11.3485
6.23774
10.3517
9.29802
5.1178
8.23494
5.15218
7.20878
8.20186
5.15247
2.07878
2.04835
0.977848
6.04039
5.07248
4.08572
3.08988
2.07083
3.08981
3.03934
3.04111
3.10728
2.05629
4.08865
3.09535
1.01893
1.0303
3.96866
5.08682
7.20134
6.20023
8.28965
11.231
12.1986
10.2239
8.22441
5.20169
5.22262
8.24163
13.3731
12.3554
14.499
13.2742
5.02007
4.08373
3.09506
9.25583
10.2798
3.11391
5.14186
10.2879
6.23275
5.21172
6.25667
3.13265
6.25794
3.12657
6.24339
8.32381
8.33215
5.12062
10.2675
12.3218
8.28067
7.23496
7.12357
12.3219
16.5496
14.4628
12.4865
12.4145
8.13333
16.4948
20.7345
13.4591
13.4664
12.4197
16.5818
9.25026
8.33207
13.4882
10.3859
10.3451
15.55
7.26797
8.25413
11.3742
17.5229
21.5839
17.5905
231.18
220.689
187.43
194.721
172.837
192.461
200.89
194.719
178.056
196.689
191.375
211.417
211.383
191.67
182.249
170.736
175.998
185.352
191.634
217.57
195.702
161.403
160.257
194.632
212.41
190.666
171.812
179.11
179.002
212.383
182.325
179.17
197.825
190.548
204.117
217.43
227.895
226.857
198.711
173.875
209.326
206.205
196.805
219.73
200.999
212.418
217.56
184.309
170.801
194.672
191.536
159.275
142.643
150.969
164.35
161.215
147.804
126.985
134.268
162.328
151.875
146.594
147.67
153.928
180.88
193.389
180.905
167.375
162.178
163.21
160.091
124.745
112.284
75.8984
81.0636
77.9098
69.6008
48.8411
35.3129
37.3469
20.7694
16.5797
12.4226
3.1211
2.07893
4.13771
4.12542
3.07776
4.15052
8.28059
7.18837
6.16099
4.14248
6.21494
3.11597
5.13959
6.18704
4.12915
6.18644
5.11443
2.02767
8.18686
10.238
4.06747
6.11797
4.0391
3.0558
3.07038
1.02596
1.02984
1.02984
5.16102
5.19424
4.14195
3.11318
2.04811
3.07097
10.3542
9.29172
4.16282
5.19048
9.22766
6.11966
4.10933
5.12939
7.20199
5.09311
4.09231
4.1086
9.25938
8.19809
5.11286
7.18546
9.26201
8.27491
10.2551
8.20015
8.21019
7.19754
4.08261
6.14831
7.24091
6.1075
3.00199
1.04498
4.13518
7.19651
3.08281
1.0224
4.12165
6.04981
10.2965
8.23205
8.24417
8.24032
4.15352
5.17575
3.0997
2.07447
8.19116
12.3032
7.12547
9.07401
12.218
5.17189
7.20028
9.14359
16.3639
12.4131
9.32827
11.3524
12.4154
13.3799
15.4516
15.562
8.33212
13.5172
12.4812
17.5095
18.5659
17.5905
231.18
204.025
190.494
196.759
216.519
198.799
168.718
176.017
182.315
168.704
160.412
165.628
174.908
171.824
167.767
170.812
158.373
150.05
130.272
142.798
144.852
122.893
131.29
149.975
142.512
156.011
146.771
140.574
143.666
161.33
145.853
130.257
155.258
152.148
142.746
136.494
146.772
130.132
119.821
141.586
140.628
106.171
102.046
101.042
86.2925
76.8997
81.0021
66.6125
66.5959
66.6508
41.6328
34.3617
36.4358
20.7958
13.5022
5.19917
1.03425
3.10196
2.06771
0
0
2.04595
5.10983
3.08615
0
2.06672
3.09947
4.11203
3.07946
2.06326
3.09561
1.03343
2.06155
4.13507
2.0441
1.01151
1.97677
1.01099
1.97295
1.99086
5.10009
4.06467
6.1059
3.05377
2.0428
1.03238
1.03228
6.15144
9.22366
7.17738
3.07188
4.11208
2.05987
1.03197
3.07374
1.00939
1.03268
1.99609
0.963409
2.06972
3.05501
4.08818
2.05905
0
4.10118
3.05694
5.13499
8.21399
5.13142
6.19501
5.1299
3.11409
2.07388
4.14926
4.13758
5.16827
3.10539
1.02857
2.08786
5.09887
4.056
4.10637
6.14469
8.2765
8.3469
6.24689
5.17138
8.28491
6.16622
6.17475
5.20427
5.18971
6.20354
7.10307
5.04823
3.08576
5.12982
10.2642
6.11595
4.10228
5.16959
9.27692
5.08199
6.16816
8.27168
8.24648
5.13501
6.14134
4.10565
5.09169
7.15397
7.15049
9.1868
4.13444
1.03094
4.02636
7.26715
8.24906
6.18499
2.04561
7.10044
6.06789
5.13472
2.05792
3.07243
5.17192
6.16088
8.27471
7.23617
11.3271
15.4727
10.3225
10.327
8.26303
10.3398
9.34188
11.438
9.35721
12.2921
22.7064
17.5905
231.18
205.053
191.584
187.305
197.958
192.672
196.862
178.101
148.902
150.973
147.799
136.391
146.966
165.681
133.114
132.024
105.325
102.044
126.017
125.024
118.795
127.103
126.132
116.759
108.309
93.7153
91.592
94.8299
97.8684
94.7087
91.6702
80.1504
86.5368
83.3545
56.2771
45.8517
53.1154
56.2463
56.2748
37.5157
26.0263
29.1722
23.9254
16.6611
7.29219
4.16707
2.01695
1.0338
3.06769
4.08173
2.04783
1.0337
2.99875
1.95105
0
2.00963
3.02338
2.04687
2.06663
2.06632
2.04387
1.01042
0
1.01332
1.01332
1.98292
1.98292
0
2.02046
0
0
1.00719
0
0.934876
1.94549
2.01938
1.00877
2.02328
1.0129
1.01074
1.01074
0
1.01117
1.01117
1.01022
2.02024
3.03091
2.02088
1.01101
1.0432
0
1.04023
0
0
1.91216
0.990618
1.0257
2.00524
2.00524
2.03849
3.06178
1.02329
0
0
3.12192
4.13008
6.2193
4.12619
1.00502
3.09622
5.17328
4.16664
1.0446
3.13457
5.22454
6.25029
5.20531
5.22049
6.1599
6.14019
5.20327
5.20144
2.08882
5.22377
8.31959
6.1996
4.15632
3.13495
10.3704
13.4605
7.22652
7.17033
5.15945
4.10648
2.08997
1.96282
4.99025
7.23929
9.32154
5.14265
8.17929
8.17307
9.25814
7.18078
6.15861
6.20871
6.18089
7.09259
5.06264
6.18112
8.17823
5.12818
2.07208
8.2614
9.25452
5.13157
4.11318
3.05888
3.07828
5.03318
2.99988
7.24112
8.26933
5.15155
11.3474
10.2924
13.2999
7.19298
9.29775
9.26606
10.2603
9.28741
13.4192
7.21493
8.09085
11.1495
6.22211
7.25301
11.3952
19.5843
17.5905
231.18
204.068
185.376
181.244
173.954
171.976
162.551
157.25
163.486
144.773
136.443
131.348
140.651
136.43
128.239
110.308
105.023
118.806
112.483
112.599
109.483
103.214
94.8428
77.138
79.2007
79.2518
78.1583
77.1174
69.7771
50.005
45.7613
42.6531
34.3786
35.4467
21.8567
10.4291
3.12863
2.08563
2.0852
2.08471
0
1.03396
1.01343
0
0
0
0
0
0
0.966949
0
1.03336
1.03336
0
1.03333
1.03333
0
1.01709
2.06172
1.04463
0
0
0
0
0
0
0
0
0
0
0
0
0
0
0
0
0
0
0
0
0
0
0
0
0
0
0
0
0
0
0
1.04498
1.04498
0
1.01973
1.01973
1.04393
3.09091
3.07622
2.05429
0
3.07059
2.04753
1.04498
3.05999
1.02562
3.11517
2.08827
5.18628
4.1225
2.05922
5.15949
6.20871
2.05441
6.20101
7.24593
5.1881
6.25638
9.35141
8.29451
1.02321
8.23582
10.3465
5.20053
5.17896
5.11072
7.2905
9.33735
8.28569
3.12789
0.982271
8.25394
10.2634
9.31542
7.24023
5.17801
7.3
9.33167
7.23981
14.4333
11.3255
10.2664
10.331
8.25865
9.25695
5.11938
5.98215
2.97889
5.17539
6.19894
5.1691
7.2387
5.18426
4.11809
9.24466
6.17205
3.08426
5.05001
10.2315
9.21684
5.16516
10.2605
11.2663
4.10348
12.2929
11.3283
6.1181
7.13124
5.13426
5.12673
7.22099
9.25714
12.3378
8.27488
7.25077
10.2949
10.3436
7.23983
12.4153
19.7352
17.5905
231.18
196.729
185.499
182.264
166.69
170.897
180.196
164.545
178.973
174.904
125.011
109.35
125.865
112.483
113.556
111.501
117.526
107.167
82.3096
96.9944
101.08
86.4728
77.1399
66.5805
51.0023
61.5148
68.8486
64.6758
44.8374
37.5117
30.1901
28.0288
19.8104
15.6289
8.31199
2.0536
1.03414
1.03419
1.03419
0
0
0
0
1.00968
1.00968
0
0
0
0
0
0
0
0
0
0
0
0
0
0
0
0
0
0
0
0
0
0
0
0
0
0
0
0
0
0
0
0
0
0
0
0
0
0
0
0
0
0
0
0
0
0
1.04364
3.13028
1.04365
0
1.04182
1.04182
1.04498
3.10897
1.04431
0
1.04355
2.08708
1.04353
2.08725
3.13086
4.17218
6.23901
3.13495
3.11947
2.0893
1.04498
2.08997
3.08745
2.04947
3.11807
3.13495
4.03695
4.14192
2.97349
1.04498
2.08997
3.11781
2.07282
3.10384
5.17017
6.1821
5.12959
6.18162
5.20381
4.14262
4.16198
7.27085
8.31583
7.29083
8.25347
10.2225
7.12353
5.15937
8.29234
3.10289
8.21703
4.13361
4.15684
4.11914
5.98096
4.96225
7.05165
9.24062
9.26871
7.21496
5.13368
9.20592
6.21708
12.3637
10.2604
12.2716
11.3396
5.16436
7.1894
9.27402
8.22979
11.1326
9.26221
8.21054
7.21856
5.17276
8.28803
8.1603
6.03036
6.0095
7.0867
6.1875
8.1253
12.2817
9.29213
14.4557
13.4561
13.4907
20.766
17.5905
231.18
199.935
196.947
192.714
189.505
168.801
182.244
146.857
160.44
158.4
139.689
146.845
128.004
102.048
93.7171
95.8408
99.9694
110.428
100.027
85.4871
94.8873
88.5711
71.9297
59.3756
56.2925
48.9555
45.8881
41.722
29.2107
14.6051
19.8209
13.5613
9.37993
4.14934
2.07181
2.05353
0
0
0
0
0
0
0
1.03406
2.04217
2.02796
1.01985
0
0
0
0
1.0318
1.0318
0
0
0.964526
1.97784
1.01331
0
0
1.04461
0
0
0
0
0
0
0
0
0
0
0
0
0
0
0
0
0
0
0
0
0
0
0
0
0
0
0
0
0
4.16006
7.28906
5.21762
4.17263
2.08536
1.04199
1.04365
0
2.06676
2.06676
0
0
1.02411
2.06764
2.0871
4.11486
2.07271
1.04498
1.04498
3.13294
2.08896
1.04431
3.11622
7.29311
5.22188
2.06459
2.07108
2.08386
2.08384
5.20799
9.32993
3.11644
2.08304
3.11011
1.02634
8.25245
7.24445
4.14636
6.19829
12.4187
10.3428
11.4035
9.33701
15.4451
13.3902
6.19869
9.29681
5.18597
7.22681
7.22104
5.06543
6.18603
2.07595
4.11692
2.0762
7.29088
10.3802
7.18318
13.4131
9.24916
5.10908
8.14281
9.11465
12.1819
13.3417
13.2874
11.2344
5.13586
7.20877
4.1254
6.15633
8.22789
8.22808
6.12431
9.20635
7.18808
6.18697
9.2561
4.13594
5.15463
8.23504
9.30015
3.12233
4.1219
7.21504
12.4226
16.5131
20.5193
13.4897
15.589
17.5905
231.18
193.617
195.824
199.844
215.52
179.012
178.995
173.933
141.751
143.688
121.812
108.344
99.0154
103.085
127.163
112.628
89.6374
110.533
115.667
89.4278
71.912
79.2499
62.5896
48.9958
56.1915
63.4778
52.1196
51.1166
41.6604
23.9422
25.0376
20.7866
14.5269
3.1123
7.20387
3.04524
1.02878
1.02878
2.06863
1.03427
1.96737
0.948178
0
0
0
0
0
0
0
0
0
0
0
0
0
0
0
0
0
0
0
0
0
0
0
0
0
0
0
0
0
0
0
0
0
0
0
0
0
0
0
0
0
0
0
0
0
0
0
0
2.08066
8.3359
5.21524
1.04465
2.08692
0
0
0
2.07858
2.08682
1.04356
0
0
0
2.08718
1.04357
0
2.08963
2.06987
4.13955
3.09705
3.09451
1.04357
2.05095
8.29548
7.20629
5.13514
5.20986
5.19539
8.15997
5.17808
2.08997
6.17241
3.10649
5.16498
6.19584
2.08326
6.18241
6.14759
5.16493
3.04928
4.15546
6.24098
2.07597
4.93143
3.959
5.01173
4.05074
4.14464
5.14398
10.2827
8.22872
5.02249
6.08703
5.19298
5.12554
7.19928
6.17646
5.18554
7.21784
6.06655
5.10449
8.26431
6.17609
4.12063
9.22347
6.1993
10.2081
10.2512
10.2641
7.12825
6.1431
7.17608
12.2347
15.1922
9.23957
8.17603
6.18817
10.3263
11.3604
8.19459
13.3452
11.3555
14.4869
18.6293
11.3677
12.2053
22.659
18.6887
20.7868
17.5905
231.18
212.322
187.379
191.577
208.37
180.282
155.154
163.446
165.609
152.671
121.484
131.323
143.861
135.419
141.465
141.772
115.729
111.597
118.827
118.7
98.926
100.065
100.1
100.124
71.9447
58.3446
66.7106
65.7143
58.4086
45.7677
48.8699
35.4163
30.0784
22.9358
20.7606
23.8909
13.5491
10.4193
5.13414
0.971727
0
2.05142
2.06143
1.02734
1.03419
2.0777
0
0
0.973859
3.01974
4.11663
1.03393
0
0
0
0
0
0
0
0
0
0
0
0
0
0
0
0
0
0
1.04218
1.04218
0
0
0
0
0
0
0
0
0
0
0
0
0
0
0
0
0
0
0
0
0
1.04428
1.04428
0
0
0
1.04428
1.04428
1.04348
2.06837
2.04672
2.99039
2.99688
2.05215
1.04357
1.04498
5.20646
3.1165
0
3.0796
5.14776
4.11511
4.09239
3.11671
2.07056
3.11304
3.09162
4.11514
6.14346
8.29669
5.2031
6.14644
9.25731
11.2735
8.21872
13.5138
7.25384
4.12893
7.20242
8.29389
4.1316
6.20028
8.2589
11.3526
8.2366
7.19359
7.20397
7.1713
10.2035
8.128
8.22308
9.3141
5.17091
5.18336
5.18425
8.29373
7.19067
10.2893
10.315
3.07103
5.14723
8.24075
11.2598
8.21291
4.12246
5.16316
6.18969
6.19875
6.16184
7.18465
8.13925
6.08162
13.3486
10.2823
9.29459
8.26004
7.22663
4.11307
7.19719
9.27142
9.26316
6.15928
14.4494
10.2353
5.11155
18.5043
21.7774
18.6897
17.5905
231.18
227.002
203.03
187.565
196.862
164.582
148.73
175.747
185.368
162.554
135.335
142.591
147.878
137.462
138.308
140.405
119.856
104.167
111.421
100.001
122.894
132.291
115.637
115.601
115.756
105.325
108.411
116.74
85.4383
84.4161
86.5036
78.1654
77.0977
92.7059
72.9374
64.5954
72.9309
63.5703
56.2696
42.7136
44.7959
28.1139
14.5741
11.4472
4.16628
4.16681
3.08047
2.03135
0
0
2.96413
0.975442
0
0
1.03335
1.03335
0
0
0
0
0
0
1.03275
1.03275
0
0
0.975828
0.975828
0
0
0
0
0
1.01235
2.02278
4.04352
3.03212
1.01027
0
0
3.03213
6.06549
6.06353
2.02069
2.02154
4.04257
2.02103
0
1.01087
1.00997
1.00997
1.04324
1.04324
0
0
0
0
1.04363
3.06137
1.00894
2.05319
2.04896
2.04896
1.04498
2.06761
4.03904
5.08403
2.07704
2.07666
1.04498
5.21027
4.16057
2.05767
3.02635
9.32854
4.12783
0
3.11734
3.13495
3.13495
4.11669
4.16749
4.14436
7.22616
6.17872
6.24432
5.20216
4.00653
6.05241
7.20304
5.15507
3.01075
5.0832
7.16789
9.2826
10.3028
8.15914
5.14926
9.24783
12.3896
11.3439
11.259
10.2247
6.1747
3.10727
11.335
11.1966
8.08842
9.17342
8.19788
5.18981
9.26909
10.2108
6.12534
3.08601
7.22069
9.22078
9.12653
7.19278
6.19381
8.27922
9.33551
6.18843
8.22677
5.14013
9.2393
12.3227
11.2893
7.14229
7.14554
9.21769
7.17042
4.10934
7.24398
13.4667
16.5039
14.45
15.487
14.5371
16.6061
17.5905
231.18
215.532
221.871
212.564
184.302
200.926
184.228
189.589
221.811
200.926
168.63
180.058
163.545
163.626
162.557
148.737
163.284
178.952
163.409
141.622
144.745
160.445
147.898
140.623
149.995
143.712
144.879
137.336
119.548
159.263
139.591
144.79
166.709
134.292
115.565
128.125
109.406
101.02
107.267
111.515
97.881
114.484
102.096
91.6924
85.4469
83.3623
64.5903
57.281
69.7408
52.0447
41.6662
30.1336
21.8006
11.4551
11.4219
8.29947
2.04679
4.09982
4.11992
3.10339
3.1058
5.16938
5.17376
2.07374
1.03381
2.0517
1.03998
4.11805
2.04641
4.09816
6.18544
6.17624
3.09976
3.06667
1.03325
3.07753
4.06606
6.08809
6.12752
3.07576
2.04381
1.0332
0
1.03358
2.0663
2.06281
3.05318
2.06246
3.07071
4.07493
4.11807
6.19104
5.11156
3.04986
2.01218
1.0071
1.03175
1.03037
5.1104
7.19809
2.08769
1.03096
0
3.0966
3.07727
4.02352
3.97994
2.00789
0
1.03172
1.04498
2.0353
4.06599
5.12399
4.10679
4.0938
6.19691
7.24187
5.19204
8.3199
8.33358
3.11084
3.11899
5.17082
5.17963
5.19474
5.09467
7.14727
7.26152
6.24863
5.19671
7.26289
10.4134
6.23545
3.10339
2.05828
2.037
8.25526
13.3536
9.2178
10.286
7.2187
11.3469
11.2242
5.04862
8.09433
11.2596
6.14168
5.13305
9.31005
7.18844
3.98277
3.09676
5.16464
6.16597
5.12552
2.99643
3.01914
11.3628
7.20585
5.16697
7.20618
4.08591
8.18953
7.20971
5.07553
8.16395
8.20058
11.2804
7.13865
13.3917
13.4561
12.3548
16.5138
8.30924
9.29686
16.5721
17.6047
13.4523
14.508
17.5905
231.18
220.728
230.104
205.144
187.411
180.136
181.195
172.961
182.249
197.809
177.978
181.202
185.386
200.059
219.751
209.121
156.229
139.499
170.769
196.955
192.796
182.365
176.125
201.095
180.155
194.563
201.962
203.9
212.287
210.396
204.127
184.341
204.217
212.451
217.465
208.161
186.378
234.291
223.972
189.583
181.211
195.814
229.127
224.985
215.575
198.943
181.203
181.198
180.19
180.189
169.679
164.443
179.091
163.482
154.065
138.432
172.805
145.737
139.408
124.834
143.599
127.976
130.026
133.12
158.051
177.782
187.124
177.607
155.904
140.337
118.507
129.931
120.61
85.2645
70.6987
81.0929
82.1338
68.5946
49.9096
39.5048
25.9866
16.6342
8.29064
6.20113
8.20228
9.22463
10.2467
6.22021
3.1158
1.03976
6.21279
8.26932
6.23173
7.25735
11.3885
10.3247
7.25227
2.07747
3.98408
8.06725
8.27055
7.20049
4.0453
6.12669
7.12254
3.05221
6.03274
5.02227
5.14951
4.11939
2.07103
6.17015
7.15468
9.32487
6.19693
2.04611
3.10537
2.07517
5.14801
6.12912
5.11518
3.07291
7.20198
6.13363
2.9837
4.13846
10.2809
10.1697
7.19065
11.3858
11.3906
3.11989
5.15952
4.09335
5.16587
12.2347
10.2239
4.1399
12.2852
9.18447
4.08493
7.17413
6.24104
5.13505
3.08951
3.09103
4.06111
5.11021
5.11271
3.07244
0
2.03107
4.11894
8.15675
5.16659
5.08868
4.05819
8.24715
10.3296
10.2481
11.2611
11.3694
5.15301
5.12221
6.14236
7.21979
10.225
10.2372
12.4286
15.5323
14.5131
11.4259
18.6026
21.5812
15.3922
21.7745
22.8834
17.6898
14.5174
12.454
17.5905
