SALVI
1
0
24
15.0
181
1.0
250111 GRAN VIA 3000K F2M2
GRAN VIA 3000K F2M2

GRAN-VIA-F2M2-PMMAL.ldt
3-2-2025/TB
395
0
700
160
0
0
0
0
0
96.17
100.00
1.00
0.00
1
1
5050
4117.30
3000
70
29.20
0.15
0.23
0.32
0.40
0.45
0.55
0.61
0.66
0.73
0.77
0.00
15.00
30.00
45.00
60.00
75.00
90.00
105.00
120.00
135.00
150.00
165.00
180.00
195.00
210.00
225.00
240.00
255.00
270.00
285.00
300.00
315.00
330.00
345.00
0.00
1.00
2.00
3.00
4.00
5.00
6.00
7.00
8.00
9.00
10.00
11.00
12.00
13.00
14.00
15.00
16.00
17.00
18.00
19.00
20.00
21.00
22.00
23.00
24.00
25.00
26.00
27.00
28.00
29.00
30.00
31.00
32.00
33.00
34.00
35.00
36.00
37.00
38.00
39.00
40.00
41.00
42.00
43.00
44.00
45.00
46.00
47.00
48.00
49.00
50.00
51.00
52.00
53.00
54.00
55.00
56.00
57.00
58.00
59.00
60.00
61.00
62.00
63.00
64.00
65.00
66.00
67.00
68.00
69.00
70.00
71.00
72.00
73.00
74.00
75.00
76.00
77.00
78.00
79.00
80.00
81.00
82.00
83.00
84.00
85.00
86.00
87.00
88.00
89.00
90.00
91.00
92.00
93.00
94.00
95.00
96.00
97.00
98.00
99.00
100.00
101.00
102.00
103.00
104.00
105.00
106.00
107.00
108.00
109.00
110.00
111.00
112.00
113.00
114.00
115.00
116.00
117.00
118.00
119.00
120.00
121.00
122.00
123.00
124.00
125.00
126.00
127.00
128.00
129.00
130.00
131.00
132.00
133.00
134.00
135.00
136.00
137.00
138.00
139.00
140.00
141.00
142.00
143.00
144.00
145.00
146.00
147.00
148.00
149.00
150.00
151.00
152.00
153.00
154.00
155.00
156.00
157.00
158.00
159.00
160.00
161.00
162.00
163.00
164.00
165.00
166.00
167.00
168.00
169.00
170.00
171.00
172.00
173.00
174.00
175.00
176.00
177.00
178.00
179.00
180.00
40.63
40.80
41.33
42.20
43.40
45.00
47.02
49.39
51.95
55.17
59.20
63.96
69.33
75.06
81.33
88.00
94.93
102.10
109.30
116.90
124.30
132.20
139.70
147.40
155.20
163.10
171.00
178.70
186.40
193.70
201.00
208.00
214.90
221.70
228.30
234.60
240.80
246.70
252.50
258.20
263.50
269.20
274.30
279.50
284.60
289.60
295.00
300.10
305.50
311.00
315.60
320.70
325.80
331.10
335.80
340.40
344.80
348.80
352.40
355.30
357.50
358.60
358.80
358.00
355.90
352.80
348.80
343.40
336.80
328.80
318.70
307.60
294.00
278.50
260.50
240.40
218.40
194.70
170.00
145.30
122.40
100.60
82.32
65.70
52.76
42.58
34.68
28.73
24.21
20.78
18.19
16.15
14.54
13.25
12.20
11.33
10.60
9.97
9.44
8.96
8.53
8.16
7.82
7.51
7.24
6.98
6.75
6.53
6.33
6.15
5.97
5.81
5.66
5.52
5.40
5.29
5.19
5.11
5.04
4.99
4.94
4.91
4.88
4.87
4.86
4.85
4.86
4.87
4.88
4.90
4.93
4.95
4.99
5.02
5.06
5.11
5.15
5.20
5.24
5.30
5.35
5.39
5.46
5.51
5.58
5.65
5.72
5.81
5.90
6.00
6.11
6.22
6.35
6.49
6.62
6.76
6.91
7.06
7.19
7.32
7.42
7.52
7.60
7.65
7.69
7.70
7.71
7.69
7.65
7.58
7.51
7.41
7.32
7.22
7.11
7.02
6.99
7.07
7.22
7.33
7.38
40.32
40.81
41.59
42.72
44.24
46.19
48.58
51.27
54.23
57.78
62.29
67.44
73.35
79.25
86.09
93.12
100.70
108.30
116.00
123.80
131.70
139.60
147.60
155.80
164.10
172.20
180.70
188.80
197.20
205.10
213.00
220.90
228.10
235.50
243.30
250.10
257.10
264.30
271.30
278.10
285.40
292.10
299.40
306.90
314.20
321.70
329.20
337.30
345.30
353.30
361.50
370.40
379.10
387.80
396.40
405.00
413.10
420.10
427.80
434.10
439.80
444.00
446.70
448.40
447.80
445.90
441.90
436.30
427.10
416.80
402.80
386.50
366.50
343.80
318.30
290.00
259.30
228.20
196.70
167.00
139.30
113.60
92.11
74.68
60.57
49.46
40.93
34.42
29.27
25.34
22.24
19.78
17.77
16.13
14.77
13.61
12.62
11.76
11.02
10.37
9.77
9.24
8.76
8.35
7.97
7.62
7.31
7.03
6.76
6.52
6.30
6.09
5.90
5.73
5.58
5.44
5.32
5.21
5.13
5.05
4.98
4.94
4.89
4.87
4.85
4.84
4.84
4.84
4.85
4.86
4.89
4.91
4.94
4.98
5.01
5.05
5.10
5.14
5.18
5.24
5.29
5.34
5.40
5.47
5.54
5.61
5.71
5.79
5.90
6.01
6.14
6.26
6.40
6.54
6.69
6.84
7.00
7.15
7.30
7.42
7.53
7.64
7.71
7.76
7.80
7.82
7.80
7.78
7.73
7.66
7.57
7.47
7.37
7.25
7.12
7.01
6.98
7.07
7.28
7.43
7.49
40.19
40.81
41.78
43.19
44.94
47.03
49.57
52.59
55.77
59.67
64.31
69.72
75.79
82.33
89.42
96.73
104.40
112.20
120.10
128.10
136.00
143.80
151.50
159.20
167.20
175.00
182.60
190.10
197.60
204.90
211.80
218.50
224.80
231.00
237.40
243.20
249.20
254.90
260.90
266.90
273.10
279.40
285.20
291.90
298.00
304.70
311.50
318.10
324.50
331.40
337.50
343.60
349.60
354.70
359.00
363.00
366.10
368.60
370.00
370.00
368.80
366.70
363.00
358.20
350.90
342.10
331.80
319.20
304.10
287.00
267.60
246.40
223.60
199.70
175.30
151.30
128.20
107.30
88.60
73.55
60.51
49.49
41.14
34.62
29.61
25.64
22.53
20.07
18.00
16.33
14.90
13.71
12.64
11.76
10.99
10.32
9.73
9.23
8.77
8.37
7.99
7.67
7.37
7.10
6.85
6.63
6.43
6.24
6.06
5.89
5.73
5.59
5.45
5.32
5.21
5.10
5.01
4.93
4.86
4.81
4.76
4.73
4.70
4.68
4.67
4.66
4.66
4.66
4.68
4.69
4.72
4.75
4.79
4.83
4.87
4.93
4.98
5.03
5.08
5.14
5.20
5.27
5.34
5.41
5.49
5.58
5.68
5.78
5.90
6.03
6.16
6.31
6.45
6.62
6.77
6.94
7.10
7.27
7.42
7.56
7.67
7.77
7.84
7.90
7.93
7.94
7.94
7.89
7.83
7.75
7.65
7.54
7.41
7.29
7.16
7.03
6.98
7.05
7.24
7.39
7.45
40.04
40.78
41.85
43.28
45.15
47.40
50.03
53.13
56.52
60.44
65.26
70.87
76.67
83.41
90.75
98.41
106.60
114.90
123.30
131.80
140.20
148.90
157.40
166.40
175.00
183.90
192.70
201.60
210.00
218.40
226.50
234.80
242.60
250.20
257.60
265.10
271.80
279.10
285.90
292.50
298.70
304.60
310.10
314.50
319.00
323.00
325.60
327.70
328.90
329.00
328.50
326.50
324.60
321.20
317.30
312.40
306.80
299.90
292.20
283.10
272.80
261.70
249.00
235.30
220.90
206.10
190.80
175.20
159.90
144.90
130.00
115.70
102.10
89.31
77.57
66.79
57.25
49.17
42.23
36.52
31.85
28.01
24.90
22.29
20.10
18.14
16.45
14.94
13.57
12.38
11.34
10.45
9.66
9.00
8.44
7.97
7.58
7.24
6.95
6.70
6.48
6.29
6.12
5.96
5.82
5.69
5.58
5.47
5.36
5.26
5.16
5.07
4.98
4.90
4.82
4.76
4.69
4.64
4.61
4.57
4.55
4.54
4.53
4.53
4.54
4.54
4.55
4.58
4.60
4.63
4.68
4.72
4.76
4.81
4.87
4.93
4.98
5.04
5.11
5.17
5.24
5.31
5.39
5.47
5.56
5.66
5.76
5.87
6.01
6.13
6.27
6.42
6.57
6.74
6.90
7.07
7.23
7.40
7.55
7.68
7.80
7.90
7.98
8.03
8.06
8.05
8.04
8.00
7.93
7.84
7.72
7.59
7.46
7.33
7.17
7.03
6.95
7.00
7.17
7.29
7.35
40.01
40.87
42.09
43.62
45.54
47.90
50.69
53.92
57.45
61.58
66.55
72.26
78.71
85.74
93.32
101.50
110.00
118.70
127.60
136.60
145.60
154.60
164.10
173.40
183.20
192.90
202.70
212.30
222.10
231.80
241.20
250.20
258.80
267.70
275.80
283.50
290.70
297.30
303.40
308.80
312.90
316.00
317.90
319.20
319.20
318.60
316.10
313.10
308.70
303.70
297.30
290.30
282.10
272.60
262.00
250.90
239.00
226.50
213.70
200.90
188.70
176.50
165.00
153.50
143.10
132.70
122.90
113.50
104.50
95.68
87.33
79.45
72.15
64.85
58.13
51.87
46.04
40.90
36.26
32.11
28.44
25.27
22.46
20.00
17.87
16.01
14.41
13.01
11.79
10.76
9.87
9.13
8.49
7.97
7.53
7.17
6.87
6.63
6.41
6.22
6.06
5.91
5.78
5.67
5.57
5.47
5.38
5.29
5.21
5.12
5.05
4.97
4.90
4.84
4.77
4.71
4.66
4.63
4.59
4.57
4.56
4.55
4.54
4.54
4.55
4.56
4.58
4.62
4.65
4.69
4.73
4.77
4.82
4.88
4.94
5.01
5.07
5.14
5.20
5.27
5.35
5.42
5.50
5.59
5.68
5.78
5.89
6.00
6.13
6.26
6.41
6.55
6.71
6.86
7.02
7.19
7.35
7.50
7.65
7.78
7.89
7.97
8.04
8.09
8.12
8.13
8.11
8.06
7.98
7.88
7.76
7.62
7.49
7.33
7.16
7.00
6.90
6.92
7.06
7.16
7.22
39.82
40.69
41.96
43.54
45.52
47.90
50.71
54.06
57.62
61.77
66.73
72.63
78.54
85.65
93.24
101.50
110.00
118.80
127.60
136.70
145.80
154.70
164.20
173.20
182.80
192.00
201.40
210.70
220.20
229.00
237.90
245.90
253.90
260.90
267.70
273.40
278.50
282.80
286.00
287.90
289.00
288.80
287.90
285.70
282.80
278.80
273.90
268.40
261.20
253.80
245.00
236.00
225.80
215.00
204.20
193.40
182.80
172.40
162.90
153.60
145.60
137.50
129.80
122.60
115.60
109.10
102.60
96.36
90.21
84.06
78.07
72.26
66.59
60.97
55.54
50.32
45.43
40.86
36.60
32.76
29.28
26.16
23.36
20.91
18.74
16.83
15.15
13.70
12.42
11.32
10.38
9.57
8.89
8.32
7.85
7.45
7.11
6.84
6.60
6.39
6.21
6.06
5.92
5.79
5.68
5.58
5.49
5.40
5.31
5.23
5.14
5.06
4.99
4.92
4.85
4.79
4.75
4.70
4.67
4.65
4.63
4.63
4.63
4.64
4.65
4.66
4.69
4.71
4.75
4.79
4.83
4.88
4.93
4.99
5.05
5.11
5.17
5.23
5.30
5.37
5.44
5.51
5.59
5.67
5.75
5.86
5.96
6.08
6.20
6.33
6.47
6.62
6.77
6.92
7.07
7.23
7.38
7.54
7.67
7.80
7.91
8.00
8.07
8.12
8.15
8.15
8.14
8.10
8.03
7.93
7.81
7.67
7.52
7.35
7.16
6.98
6.86
6.87
7.01
7.09
7.13
39.77
40.76
42.01
43.69
45.73
48.17
51.01
54.44
58.07
62.28
67.37
73.18
79.66
86.71
94.47
102.60
111.10
120.00
128.90
137.80
146.60
155.40
164.30
173.30
182.80
191.70
201.10
209.90
219.00
228.00
236.30
244.40
251.80
258.50
264.60
269.90
274.10
277.30
279.50
280.40
280.30
279.20
276.60
273.40
268.80
263.50
257.40
250.00
242.60
234.10
225.30
215.40
205.30
195.50
185.40
175.90
166.70
158.40
150.30
142.80
135.60
128.90
122.30
116.10
110.20
104.40
98.49
92.76
87.33
81.86
76.34
71.06
65.78
60.49
55.30
50.39
45.59
41.22
37.06
33.25
29.80
26.65
23.77
21.23
18.95
17.00
15.26
13.77
12.47
11.34
10.40
9.59
8.93
8.36
7.90
7.50
7.16
6.88
6.64
6.43
6.25
6.10
5.95
5.82
5.70
5.61
5.52
5.42
5.33
5.26
5.17
5.09
5.02
4.95
4.89
4.83
4.79
4.75
4.72
4.70
4.68
4.67
4.67
4.67
4.67
4.69
4.71
4.74
4.77
4.81
4.86
4.91
4.96
5.01
5.07
5.13
5.19
5.25
5.31
5.38
5.45
5.51
5.59
5.67
5.76
5.86
5.96
6.08
6.21
6.35
6.47
6.63
6.77
6.93
7.08
7.24
7.39
7.53
7.66
7.79
7.90
7.99
8.06
8.11
8.15
8.17
8.15
8.11
8.04
7.94
7.81
7.67
7.52
7.34
7.14
6.95
6.84
6.86
6.99
7.06
7.10
39.82
40.69
41.96
43.54
45.52
47.90
50.71
54.06
57.62
61.77
66.73
72.63
78.54
85.65
93.24
101.50
110.00
118.80
127.60
136.70
145.80
154.70
164.20
173.20
182.80
192.00
201.40
210.70
220.20
229.00
237.90
245.90
253.90
260.90
267.70
273.40
278.50
282.80
286.00
287.90
289.00
288.80
287.90
285.70
282.80
278.80
273.90
268.40
261.20
253.80
245.00
236.00
225.80
215.00
204.20
193.40
182.80
172.40
162.90
153.60
145.60
137.50
129.80
122.60
115.60
109.10
102.60
96.36
90.21
84.06
78.07
72.26
66.59
60.97
55.54
50.32
45.43
40.86
36.60
32.76
29.28
26.16
23.36
20.91
18.74
16.83
15.15
13.70
12.42
11.32
10.38
9.57
8.89
8.32
7.85
7.45
7.11
6.84
6.60
6.39
6.21
6.06
5.92
5.79
5.68
5.58
5.49
5.40
5.31
5.23
5.14
5.06
4.99
4.92
4.85
4.79
4.75
4.70
4.67
4.65
4.63
4.63
4.63
4.64
4.65
4.66
4.69
4.71
4.75
4.79
4.83
4.88
4.93
4.99
5.05
5.11
5.17
5.23
5.30
5.37
5.44
5.51
5.59
5.67
5.75
5.86
5.96
6.08
6.20
6.33
6.47
6.62
6.77
6.92
7.07
7.23
7.38
7.54
7.67
7.80
7.91
8.00
8.07
8.12
8.15
8.15
8.14
8.10
8.03
7.93
7.81
7.67
7.52
7.35
7.16
6.98
6.86
6.87
7.01
7.09
7.13
40.01
40.87
42.09
43.62
45.54
47.90
50.69
53.92
57.45
61.58
66.55
72.26
78.71
85.74
93.32
101.50
110.00
118.70
127.60
136.60
145.60
154.60
164.10
173.40
183.20
192.90
202.70
212.30
222.10
231.80
241.20
250.20
258.80
267.70
275.80
283.50
290.70
297.30
303.40
308.80
312.90
316.00
317.90
319.20
319.20
318.60
316.10
313.10
308.70
303.70
297.30
290.30
282.10
272.60
262.00
250.90
239.00
226.50
213.70
200.90
188.70
176.50
165.00
153.50
143.10
132.70
122.90
113.50
104.50
95.68
87.33
79.45
72.15
64.85
58.13
51.87
46.04
40.90
36.26
32.11
28.44
25.27
22.46
20.00
17.87
16.01
14.41
13.01
11.79
10.76
9.87
9.13
8.49
7.97
7.53
7.17
6.87
6.63
6.41
6.22
6.06
5.91
5.78
5.67
5.57
5.47
5.38
5.29
5.21
5.12
5.05
4.97
4.90
4.84
4.77
4.71
4.66
4.63
4.59
4.57
4.56
4.55
4.54
4.54
4.55
4.56
4.58
4.62
4.65
4.69
4.73
4.77
4.82
4.88
4.94
5.01
5.07
5.14
5.20
5.27
5.35
5.42
5.50
5.59
5.68
5.78
5.89
6.00
6.13
6.26
6.41
6.55
6.71
6.86
7.02
7.19
7.35
7.50
7.65
7.78
7.89
7.97
8.04
8.09
8.12
8.13
8.11
8.06
7.98
7.88
7.76
7.62
7.49
7.33
7.16
7.00
6.90
6.92
7.06
7.16
7.22
40.04
40.78
41.85
43.28
45.15
47.40
50.03
53.13
56.52
60.44
65.26
70.87
76.67
83.41
90.75
98.41
106.60
114.90
123.30
131.80
140.20
148.90
157.40
166.40
175.00
183.90
192.70
201.60
210.00
218.40
226.50
234.80
242.60
250.20
257.60
265.10
271.80
279.10
285.90
292.50
298.70
304.60
310.10
314.50
319.00
323.00
325.60
327.70
328.90
329.00
328.50
326.50
324.60
321.20
317.30
312.40
306.80
299.90
292.20
283.10
272.80
261.70
249.00
235.30
220.90
206.10
190.80
175.20
159.90
144.90
130.00
115.70
102.10
89.31
77.57
66.79
57.25
49.17
42.23
36.52
31.85
28.01
24.90
22.29
20.10
18.14
16.45
14.94
13.57
12.38
11.34
10.45
9.66
9.00
8.44
7.97
7.58
7.24
6.95
6.70
6.48
6.29
6.12
5.96
5.82
5.69
5.58
5.47
5.36
5.26
5.16
5.07
4.98
4.90
4.82
4.76
4.69
4.64
4.61
4.57
4.55
4.54
4.53
4.53
4.54
4.54
4.55
4.58
4.60
4.63
4.68
4.72
4.76
4.81
4.87
4.93
4.98
5.04
5.11
5.17
5.24
5.31
5.39
5.47
5.56
5.66
5.76
5.87
6.01
6.13
6.27
6.42
6.57
6.74
6.90
7.07
7.23
7.40
7.55
7.68
7.80
7.90
7.98
8.03
8.06
8.05
8.04
8.00
7.93
7.84
7.72
7.59
7.46
7.33
7.17
7.03
6.95
7.00
7.17
7.29
7.35
40.19
40.81
41.78
43.19
44.94
47.03
49.57
52.59
55.77
59.67
64.31
69.72
75.79
82.33
89.42
96.73
104.40
112.20
120.10
128.10
136.00
143.80
151.50
159.20
167.20
175.00
182.60
190.10
197.60
204.90
211.80
218.50
224.80
231.00
237.40
243.20
249.20
254.90
260.90
266.90
273.10
279.40
285.20
291.90
298.00
304.70
311.50
318.10
324.50
331.40
337.50
343.60
349.60
354.70
359.00
363.00
366.10
368.60
370.00
370.00
368.80
366.70
363.00
358.20
350.90
342.10
331.80
319.20
304.10
287.00
267.60
246.40
223.60
199.70
175.30
151.30
128.20
107.30
88.60
73.55
60.51
49.49
41.14
34.62
29.61
25.64
22.53
20.07
18.00
16.33
14.90
13.71
12.64
11.76
10.99
10.32
9.73
9.23
8.77
8.37
7.99
7.67
7.37
7.10
6.85
6.63
6.43
6.24
6.06
5.89
5.73
5.59
5.45
5.32
5.21
5.10
5.01
4.93
4.86
4.81
4.76
4.73
4.70
4.68
4.67
4.66
4.66
4.66
4.68
4.69
4.72
4.75
4.79
4.83
4.87
4.93
4.98
5.03
5.08
5.14
5.20
5.27
5.34
5.41
5.49
5.58
5.68
5.78
5.90
6.03
6.16
6.31
6.45
6.62
6.77
6.94
7.10
7.27
7.42
7.56
7.67
7.77
7.84
7.90
7.93
7.94
7.94
7.89
7.83
7.75
7.65
7.54
7.41
7.29
7.16
7.03
6.98
7.05
7.24
7.39
7.45
40.32
40.81
41.59
42.72
44.24
46.19
48.58
51.27
54.23
57.78
62.29
67.44
73.35
79.25
86.09
93.12
100.70
108.30
116.00
123.80
131.70
139.60
147.60
155.80
164.10
172.20
180.70
188.80
197.20
205.10
213.00
220.90
228.10
235.50
243.30
250.10
257.10
264.30
271.30
278.10
285.40
292.10
299.40
306.90
314.20
321.70
329.20
337.30
345.30
353.30
361.50
370.40
379.10
387.80
396.40
405.00
413.10
420.10
427.80
434.10
439.80
444.00
446.70
448.40
447.80
445.90
441.90
436.30
427.10
416.80
402.80
386.50
366.50
343.80
318.30
290.00
259.30
228.20
196.70
167.00
139.30
113.60
92.11
74.68
60.57
49.46
40.93
34.42
29.27
25.34
22.24
19.78
17.77
16.13
14.77
13.61
12.62
11.76
11.02
10.37
9.77
9.24
8.76
8.35
7.97
7.62
7.31
7.03
6.76
6.52
6.30
6.09
5.90
5.73
5.58
5.44
5.32
5.21
5.13
5.05
4.98
4.94
4.89
4.87
4.85
4.84
4.84
4.84
4.85
4.86
4.89
4.91
4.94
4.98
5.01
5.05
5.10
5.14
5.18
5.24
5.29
5.34
5.40
5.47
5.54
5.61
5.71
5.79
5.90
6.01
6.14
6.26
6.40
6.54
6.69
6.84
7.00
7.15
7.30
7.42
7.53
7.64
7.71
7.76
7.80
7.82
7.80
7.78
7.73
7.66
7.57
7.47
7.37
7.25
7.12
7.01
6.98
7.07
7.28
7.43
7.49
40.63
40.80
41.33
42.20
43.40
45.00
47.02
49.39
51.95
55.17
59.20
63.96
69.33
75.06
81.33
88.00
94.93
102.10
109.30
116.90
124.30
132.20
139.70
147.40
155.20
163.10
171.00
178.70
186.40
193.70
201.00
208.00
214.90
221.70
228.30
234.60
240.80
246.70
252.50
258.20
263.50
269.20
274.30
279.50
284.60
289.60
295.00
300.10
305.50
311.00
315.60
320.70
325.80
331.10
335.80
340.40
344.80
348.80
352.40
355.30
357.50
358.60
358.80
358.00
355.90
352.80
348.80
343.40
336.80
328.80
318.70
307.60
294.00
278.50
260.50
240.40
218.40
194.70
170.00
145.30
122.40
100.60
82.32
65.70
52.76
42.58
34.68
28.73
24.21
20.78
18.19
16.15
14.54
13.25
12.20
11.33
10.60
9.97
9.44
8.96
8.53
8.16
7.82
7.51
7.24
6.98
6.75
6.53
6.33
6.15
5.97
5.81
5.66
5.52
5.40
5.29
5.19
5.11
5.04
4.99
4.94
4.91
4.88
4.87
4.86
4.85
4.86
4.87
4.88
4.90
4.93
4.95
4.99
5.02
5.06
5.11
5.15
5.20
5.24
5.30
5.35
5.39
5.46
5.51
5.58
5.65
5.72
5.81
5.90
6.00
6.11
6.22
6.35
6.49
6.62
6.76
6.91
7.06
7.19
7.32
7.42
7.52
7.60
7.65
7.69
7.70
7.71
7.69
7.65
7.58
7.51
7.41
7.32
7.22
7.11
7.02
6.99
7.07
7.22
7.33
7.38
40.32
40.12
40.35
40.91
41.83
43.15
44.87
46.94
49.18
52.12
55.85
60.22
65.12
70.43
76.07
82.07
88.28
94.58
101.00
107.40
114.00
120.60
127.30
134.00
140.90
147.50
154.30
160.90
167.70
174.20
180.40
186.60
192.80
198.40
203.70
209.10
214.20
219.10
223.60
227.80
231.70
236.30
239.80
243.70
246.70
250.10
253.30
256.30
258.90
261.70
264.10
266.30
268.60
270.40
271.80
273.30
274.60
274.70
274.70
274.40
273.00
271.00
268.00
264.20
259.60
253.80
247.40
239.60
231.10
221.80
211.30
199.90
187.70
174.30
160.00
145.00
128.90
112.80
96.94
82.61
68.71
57.42
47.02
38.83
32.29
27.23
23.25
20.16
17.76
15.81
14.22
12.94
11.86
10.97
10.21
9.59
9.04
8.60
8.18
7.82
7.50
7.21
6.95
6.71
6.51
6.30
6.13
5.97
5.81
5.67
5.54
5.41
5.30
5.20
5.11
5.02
4.96
4.90
4.86
4.82
4.80
4.78
4.78
4.78
4.78
4.79
4.81
4.83
4.86
4.89
4.93
4.96
5.01
5.06
5.11
5.17
5.22
5.28
5.33
5.39
5.46
5.51
5.57
5.62
5.69
5.76
5.83
5.91
6.00
6.10
6.21
6.33
6.45
6.58
6.71
6.84
6.99
7.11
7.24
7.36
7.46
7.55
7.62
7.68
7.71
7.75
7.76
7.75
7.72
7.67
7.60
7.52
7.44
7.36
7.27
7.21
7.21
7.26
7.36
7.44
7.49
40.19
39.80
39.72
40.07
40.71
41.75
43.09
44.77
46.58
49.02
52.14
55.92
60.13
64.64
69.42
74.33
79.23
84.52
89.58
94.68
99.82
104.90
109.80
114.60
119.50
124.20
128.90
133.20
137.50
141.60
145.30
148.90
152.40
155.60
158.40
161.10
163.20
165.50
167.60
169.40
170.90
172.40
173.70
174.90
175.90
176.80
177.30
177.80
178.30
178.30
178.60
178.60
178.00
177.70
177.30
176.70
176.00
174.60
173.30
171.50
169.10
166.40
163.00
159.20
154.70
149.50
144.10
137.90
131.20
124.00
116.20
108.00
99.15
89.99
80.60
71.32
62.26
53.81
46.16
39.52
33.88
29.28
25.50
22.35
19.79
17.64
15.85
14.31
12.99
11.86
10.90
10.07
9.35
8.73
8.23
7.79
7.42
7.11
6.83
6.59
6.37
6.17
5.99
5.83
5.69
5.56
5.44
5.35
5.25
5.15
5.06
4.98
4.90
4.83
4.77
4.72
4.68
4.64
4.62
4.61
4.61
4.62
4.62
4.64
4.66
4.68
4.71
4.74
4.78
4.82
4.87
4.92
4.97
5.03
5.09
5.15
5.21
5.27
5.34
5.41
5.47
5.53
5.59
5.66
5.73
5.79
5.87
5.95
6.04
6.14
6.25
6.36
6.48
6.60
6.72
6.85
6.97
7.09
7.20
7.31
7.40
7.49
7.55
7.60
7.64
7.67
7.68
7.68
7.66
7.62
7.56
7.48
7.40
7.32
7.25
7.18
7.17
7.20
7.28
7.38
7.45
40.04
39.54
39.30
39.41
39.84
40.58
41.61
42.91
44.44
46.42
49.12
52.34
55.86
59.74
63.74
67.96
72.20
76.50
80.69
84.87
88.96
93.07
97.15
101.10
105.00
108.80
112.60
116.10
119.60
122.90
126.00
128.80
131.60
134.00
136.20
138.30
140.10
141.60
143.00
144.00
144.90
145.80
146.20
146.50
147.00
147.10
147.30
147.00
146.80
146.40
146.10
145.60
144.80
144.20
143.30
142.50
141.30
140.10
138.30
136.60
134.40
132.00
129.10
125.90
122.30
118.20
113.70
108.70
103.10
97.27
90.91
84.45
77.60
70.85
63.96
57.25
50.65
44.54
39.00
34.13
29.82
26.15
22.97
20.26
17.95
16.00
14.32
12.90
11.70
10.67
9.80
9.06
8.44
7.92
7.48
7.11
6.80
6.53
6.29
6.08
5.89
5.73
5.58
5.45
5.33
5.23
5.13
5.04
4.96
4.88
4.82
4.75
4.69
4.63
4.59
4.55
4.52
4.50
4.48
4.47
4.47
4.48
4.49
4.51
4.53
4.55
4.59
4.62
4.66
4.71
4.75
4.81
4.86
4.92
4.99
5.05
5.11
5.17
5.24
5.31
5.38
5.45
5.51
5.58
5.66
5.74
5.83
5.92
6.02
6.12
6.23
6.34
6.46
6.59
6.70
6.82
6.93
7.05
7.15
7.25
7.34
7.41
7.48
7.53
7.57
7.60
7.62
7.62
7.60
7.57
7.51
7.43
7.36
7.28
7.21
7.15
7.13
7.15
7.21
7.28
7.34
40.01
39.33
38.93
38.86
39.09
39.58
40.32
41.32
42.44
43.97
46.19
48.89
51.96
55.16
58.62
62.21
65.72
69.25
72.72
76.19
79.65
83.04
86.31
89.56
92.78
95.95
98.98
102.00
104.70
107.50
109.90
112.30
114.40
116.50
118.20
120.00
121.30
122.60
123.70
124.60
125.50
126.10
126.60
127.10
127.40
127.70
128.00
128.30
128.50
128.70
128.70
128.70
128.50
128.30
127.70
127.30
126.30
125.40
124.20
122.80
121.10
119.10
116.90
114.20
111.20
107.80
103.90
99.81
95.45
90.76
85.88
80.95
75.60
70.09
64.37
58.52
52.57
46.80
41.29
36.11
31.49
27.35
23.74
20.62
18.00
15.77
13.93
12.42
11.16
10.10
9.24
8.52
7.91
7.40
6.98
6.63
6.32
6.06
5.85
5.66
5.48
5.33
5.20
5.08
4.98
4.89
4.80
4.73
4.66
4.60
4.54
4.48
4.43
4.38
4.35
4.31
4.29
4.28
4.27
4.28
4.28
4.30
4.32
4.34
4.37
4.40
4.45
4.48
4.53
4.57
4.63
4.69
4.75
4.81
4.88
4.94
5.01
5.08
5.15
5.22
5.30
5.37
5.45
5.53
5.61
5.70
5.78
5.89
5.99
6.10
6.20
6.32
6.44
6.56
6.68
6.79
6.90
7.01
7.11
7.21
7.29
7.37
7.44
7.48
7.52
7.55
7.57
7.57
7.56
7.52
7.47
7.39
7.32
7.25
7.17
7.11
7.09
7.09
7.13
7.18
7.23
39.82
39.06
38.63
38.45
38.58
38.96
39.58
40.39
41.30
42.62
44.57
47.01
49.72
52.61
55.63
58.70
61.90
64.95
67.95
70.99
73.90
76.77
79.53
82.33
85.04
87.66
90.15
92.60
94.93
97.10
99.17
101.00
102.80
104.40
105.90
107.20
108.20
109.30
110.10
110.80
111.60
112.20
112.80
113.50
114.00
114.60
115.20
115.70
116.10
116.50
116.80
117.00
116.90
116.70
116.50
115.90
115.30
114.40
113.40
112.30
110.80
109.30
107.40
105.30
102.80
99.95
96.87
93.28
89.64
85.70
81.54
77.16
72.46
67.39
62.05
56.53
50.97
45.45
40.19
35.18
30.66
26.69
23.17
20.17
17.58
15.37
13.51
11.94
10.66
9.58
8.69
7.97
7.37
6.87
6.46
6.12
5.83
5.60
5.39
5.21
5.06
4.93
4.82
4.72
4.63
4.56
4.50
4.44
4.39
4.34
4.30
4.25
4.21
4.18
4.15
4.13
4.12
4.12
4.11
4.11
4.13
4.15
4.18
4.21
4.25
4.29
4.33
4.37
4.42
4.47
4.53
4.59
4.65
4.72
4.78
4.84
4.91
4.98
5.05
5.12
5.20
5.27
5.35
5.44
5.53
5.63
5.72
5.82
5.94
6.05
6.17
6.29
6.41
6.53
6.66
6.77
6.88
6.99
7.09
7.18
7.27
7.34
7.39
7.45
7.48
7.51
7.53
7.54
7.53
7.50
7.45
7.39
7.32
7.24
7.16
7.08
7.04
7.02
7.04
7.08
7.13
39.77
38.99
38.47
38.29
38.38
38.69
39.23
39.97
40.79
42.00
43.81
46.05
48.69
51.45
54.28
57.30
60.26
63.12
66.03
68.81
71.54
74.21
76.85
79.37
82.01
84.47
86.93
89.31
91.60
93.76
95.82
97.84
99.61
101.30
102.70
104.10
105.40
106.40
107.50
108.30
109.10
109.80
110.70
111.40
112.20
112.90
113.70
114.30
115.10
115.60
116.10
116.30
116.40
116.20
115.90
115.50
114.80
113.90
113.10
112.00
110.60
108.90
107.10
105.20
102.70
99.92
96.83
93.35
89.74
85.84
81.79
77.57
72.97
68.06
62.92
57.62
52.41
47.19
42.17
37.42
32.89
28.72
24.91
21.48
18.53
16.04
13.93
12.20
10.78
9.63
8.69
7.92
7.29
6.77
6.36
6.01
5.71
5.48
5.27
5.10
4.95
4.82
4.71
4.61
4.54
4.46
4.40
4.35
4.30
4.25
4.21
4.18
4.14
4.11
4.09
4.08
4.07
4.07
4.08
4.08
4.10
4.13
4.14
4.18
4.22
4.26
4.30
4.35
4.40
4.45
4.51
4.57
4.63
4.69
4.76
4.83
4.89
4.97
5.04
5.10
5.18
5.26
5.34
5.42
5.52
5.60
5.70
5.81
5.92
6.04
6.16
6.28
6.40
6.52
6.65
6.76
6.87
6.98
7.08
7.17
7.26
7.33
7.39
7.43
7.47
7.51
7.53
7.52
7.52
7.49
7.44
7.38
7.31
7.24
7.16
7.06
7.01
6.99
7.02
7.05
7.10
39.82
39.06
38.63
38.45
38.58
38.96
39.58
40.39
41.30
42.62
44.57
47.01
49.72
52.61
55.63
58.70
61.90
64.95
67.95
70.99
73.90
76.77
79.53
82.33
85.04
87.66
90.15
92.60
94.93
97.10
99.17
101.00
102.80
104.40
105.90
107.20
108.20
109.30
110.10
110.80
111.60
112.20
112.80
113.50
114.00
114.60
115.20
115.70
116.10
116.50
116.80
117.00
116.90
116.70
116.50
115.90
115.30
114.40
113.40
112.30
110.80
109.30
107.40
105.30
102.80
99.95
96.87
93.28
89.64
85.70
81.54
77.16
72.46
67.39
62.05
56.53
50.97
45.45
40.19
35.18
30.66
26.69
23.17
20.17
17.58
15.37
13.51
11.94
10.66
9.58
8.69
7.97
7.37
6.87
6.46
6.12
5.83
5.60
5.39
5.21
5.06
4.93
4.82
4.72
4.63
4.56
4.50
4.44
4.39
4.34
4.30
4.25
4.21
4.18
4.15
4.13
4.12
4.12
4.11
4.11
4.13
4.15
4.18
4.21
4.25
4.29
4.33
4.37
4.42
4.47
4.53
4.59
4.65
4.72
4.78
4.84
4.91
4.98
5.05
5.12
5.20
5.27
5.35
5.44
5.53
5.63
5.72
5.82
5.94
6.05
6.17
6.29
6.41
6.53
6.66
6.77
6.88
6.99
7.09
7.18
7.27
7.34
7.39
7.45
7.48
7.51
7.53
7.54
7.53
7.50
7.45
7.39
7.32
7.24
7.16
7.08
7.04
7.02
7.04
7.08
7.13
40.01
39.33
38.93
38.86
39.09
39.58
40.32
41.32
42.44
43.97
46.19
48.89
51.96
55.16
58.62
62.21
65.72
69.25
72.72
76.19
79.65
83.04
86.31
89.56
92.78
95.95
98.98
102.00
104.70
107.50
109.90
112.30
114.40
116.50
118.20
120.00
121.30
122.60
123.70
124.60
125.50
126.10
126.60
127.10
127.40
127.70
128.00
128.30
128.50
128.70
128.70
128.70
128.50
128.30
127.70
127.30
126.30
125.40
124.20
122.80
121.10
119.10
116.90
114.20
111.20
107.80
103.90
99.81
95.45
90.76
85.88
80.95
75.60
70.09
64.37
58.52
52.57
46.80
41.29
36.11
31.49
27.35
23.74
20.62
18.00
15.77
13.93
12.42
11.16
10.10
9.24
8.52
7.91
7.40
6.98
6.63
6.32
6.06
5.85
5.66
5.48
5.33
5.20
5.08
4.98
4.89
4.80
4.73
4.66
4.60
4.54
4.48
4.43
4.38
4.35
4.31
4.29
4.28
4.27
4.28
4.28
4.30
4.32
4.34
4.37
4.40
4.45
4.48
4.53
4.57
4.63
4.69
4.75
4.81
4.88
4.94
5.01
5.08
5.15
5.22
5.30
5.37
5.45
5.53
5.61
5.70
5.78
5.89
5.99
6.10
6.20
6.32
6.44
6.56
6.68
6.79
6.90
7.01
7.11
7.21
7.29
7.37
7.44
7.48
7.52
7.55
7.57
7.57
7.56
7.52
7.47
7.39
7.32
7.25
7.17
7.11
7.09
7.09
7.13
7.18
7.23
40.04
39.54
39.30
39.41
39.84
40.58
41.61
42.91
44.44
46.42
49.12
52.34
55.86
59.74
63.74
67.96
72.20
76.50
80.69
84.87
88.96
93.07
97.15
101.10
105.00
108.80
112.60
116.10
119.60
122.90
126.00
128.80
131.60
134.00
136.20
138.30
140.10
141.60
143.00
144.00
144.90
145.80
146.20
146.50
147.00
147.10
147.30
147.00
146.80
146.40
146.10
145.60
144.80
144.20
143.30
142.50
141.30
140.10
138.30
136.60
134.40
132.00
129.10
125.90
122.30
118.20
113.70
108.70
103.10
97.27
90.91
84.45
77.60
70.85
63.96
57.25
50.65
44.54
39.00
34.13
29.82
26.15
22.97
20.26
17.95
16.00
14.32
12.90
11.70
10.67
9.80
9.06
8.44
7.92
7.48
7.11
6.80
6.53
6.29
6.08
5.89
5.73
5.58
5.45
5.33
5.23
5.13
5.04
4.96
4.88
4.82
4.75
4.69
4.63
4.59
4.55
4.52
4.50
4.48
4.47
4.47
4.48
4.49
4.51
4.53
4.55
4.59
4.62
4.66
4.71
4.75
4.81
4.86
4.92
4.99
5.05
5.11
5.17
5.24
5.31
5.38
5.45
5.51
5.58
5.66
5.74
5.83
5.92
6.02
6.12
6.23
6.34
6.46
6.59
6.70
6.82
6.93
7.05
7.15
7.25
7.34
7.41
7.48
7.53
7.57
7.60
7.62
7.62
7.60
7.57
7.51
7.43
7.36
7.28
7.21
7.15
7.13
7.15
7.21
7.28
7.34
40.19
39.80
39.72
40.07
40.71
41.75
43.09
44.77
46.58
49.02
52.14
55.92
60.13
64.64
69.42
74.33
79.23
84.52
89.58
94.68
99.82
104.90
109.80
114.60
119.50
124.20
128.90
133.20
137.50
141.60
145.30
148.90
152.40
155.60
158.40
161.10
163.20
165.50
167.60
169.40
170.90
172.40
173.70
174.90
175.90
176.80
177.30
177.80
178.30
178.30
178.60
178.60
178.00
177.70
177.30
176.70
176.00
174.60
173.30
171.50
169.10
166.40
163.00
159.20
154.70
149.50
144.10
137.90
131.20
124.00
116.20
108.00
99.15
89.99
80.60
71.32
62.26
53.81
46.16
39.52
33.88
29.28
25.50
22.35
19.79
17.64
15.85
14.31
12.99
11.86
10.90
10.07
9.35
8.73
8.23
7.79
7.42
7.11
6.83
6.59
6.37
6.17
5.99
5.83
5.69
5.56
5.44
5.35
5.25
5.15
5.06
4.98
4.90
4.83
4.77
4.72
4.68
4.64
4.62
4.61
4.61
4.62
4.62
4.64
4.66
4.68
4.71
4.74
4.78
4.82
4.87
4.92
4.97
5.03
5.09
5.15
5.21
5.27
5.34
5.41
5.47
5.53
5.59
5.66
5.73
5.79
5.87
5.95
6.04
6.14
6.25
6.36
6.48
6.60
6.72
6.85
6.97
7.09
7.20
7.31
7.40
7.49
7.55
7.60
7.64
7.67
7.68
7.68
7.66
7.62
7.56
7.48
7.40
7.32
7.25
7.18
7.17
7.20
7.28
7.38
7.45
40.32
40.12
40.35
40.91
41.83
43.15
44.87
46.94
49.18
52.12
55.85
60.22
65.12
70.43
76.07
82.07
88.28
94.58
101.00
107.40
114.00
120.60
127.30
134.00
140.90
147.50
154.30
160.90
167.70
174.20
180.40
186.60
192.80
198.40
203.70
209.10
214.20
219.10
223.60
227.80
231.70
236.30
239.80
243.70
246.70
250.10
253.30
256.30
258.90
261.70
264.10
266.30
268.60
270.40
271.80
273.30
274.60
274.70
274.70
274.40
273.00
271.00
268.00
264.20
259.60
253.80
247.40
239.60
231.10
221.80
211.30
199.90
187.70
174.30
160.00
145.00
128.90
112.80
96.94
82.61
68.71
57.42
47.02
38.83
32.29
27.23
23.25
20.16
17.76
15.81
14.22
12.94
11.86
10.97
10.21
9.59
9.04
8.60
8.18
7.82
7.50
7.21
6.95
6.71
6.51
6.30
6.13
5.97
5.81
5.67
5.54
5.41
5.30
5.20
5.11
5.02
4.96
4.90
4.86
4.82
4.80
4.78
4.78
4.78
4.78
4.79
4.81
4.83
4.86
4.89
4.93
4.96
5.01
5.06
5.11
5.17
5.22
5.28
5.33
5.39
5.46
5.51
5.57
5.62
5.69
5.76
5.83
5.91
6.00
6.10
6.21
6.33
6.45
6.58
6.71
6.84
6.99
7.11
7.24
7.36
7.46
7.55
7.62
7.68
7.71
7.75
7.76
7.75
7.72
7.67
7.60
7.52
7.44
7.36
7.27
7.21
7.21
7.26
7.36
7.44
7.49
