SALVI
1
0
24
15.0
181
1.0
250111 GRAN VIA 3000K F4MC
GRAN VIA 3000K F4MC

GRAN-VIA-F4MC-PMMAL.ldt
30-1-2025/TB
395
0
700
160
0
0
0
0
0
96.76
100.00
1.00
0.00
1
1
5050
3906.40
3000
70
29.20
0.11
0.20
0.30
0.39
0.45
0.56
0.62
0.68
0.74
0.78
0.00
15.00
30.00
45.00
60.00
75.00
90.00
105.00
120.00
135.00
150.00
165.00
180.00
195.00
210.00
225.00
240.00
255.00
270.00
285.00
300.00
315.00
330.00
345.00
0.00
1.00
2.00
3.00
4.00
5.00
6.00
7.00
8.00
9.00
10.00
11.00
12.00
13.00
14.00
15.00
16.00
17.00
18.00
19.00
20.00
21.00
22.00
23.00
24.00
25.00
26.00
27.00
28.00
29.00
30.00
31.00
32.00
33.00
34.00
35.00
36.00
37.00
38.00
39.00
40.00
41.00
42.00
43.00
44.00
45.00
46.00
47.00
48.00
49.00
50.00
51.00
52.00
53.00
54.00
55.00
56.00
57.00
58.00
59.00
60.00
61.00
62.00
63.00
64.00
65.00
66.00
67.00
68.00
69.00
70.00
71.00
72.00
73.00
74.00
75.00
76.00
77.00
78.00
79.00
80.00
81.00
82.00
83.00
84.00
85.00
86.00
87.00
88.00
89.00
90.00
91.00
92.00
93.00
94.00
95.00
96.00
97.00
98.00
99.00
100.00
101.00
102.00
103.00
104.00
105.00
106.00
107.00
108.00
109.00
110.00
111.00
112.00
113.00
114.00
115.00
116.00
117.00
118.00
119.00
120.00
121.00
122.00
123.00
124.00
125.00
126.00
127.00
128.00
129.00
130.00
131.00
132.00
133.00
134.00
135.00
136.00
137.00
138.00
139.00
140.00
141.00
142.00
143.00
144.00
145.00
146.00
147.00
148.00
149.00
150.00
151.00
152.00
153.00
154.00
155.00
156.00
157.00
158.00
159.00
160.00
161.00
162.00
163.00
164.00
165.00
166.00
167.00
168.00
169.00
170.00
171.00
172.00
173.00
174.00
175.00
176.00
177.00
178.00
179.00
180.00
36.32
36.40
36.74
37.35
38.26
39.44
40.96
42.74
44.76
47.27
50.50
54.49
59.07
64.09
69.72
75.81
82.11
88.79
95.99
103.40
111.10
119.20
127.60
136.10
144.80
153.70
162.70
171.40
180.40
188.90
197.70
205.60
213.40
220.70
227.60
234.60
240.50
246.00
251.00
255.60
260.10
263.80
266.80
269.60
272.00
273.50
275.10
275.30
275.30
275.20
274.00
272.40
270.50
267.60
264.50
261.30
257.00
252.50
247.20
241.10
234.30
227.00
218.50
208.80
198.80
187.60
175.60
162.70
149.70
136.10
122.30
109.10
95.96
83.72
72.58
62.36
53.25
45.21
38.27
32.37
27.42
23.36
20.07
17.38
15.21
13.43
11.96
10.74
9.72
8.87
8.15
7.54
7.04
6.61
6.28
6.01
5.79
5.62
5.48
5.37
5.28
5.19
5.11
5.03
4.96
4.88
4.79
4.70
4.62
4.52
4.43
4.33
4.24
4.16
4.09
4.02
3.96
3.91
3.87
3.84
3.82
3.81
3.80
3.80
3.80
3.80
3.81
3.81
3.83
3.85
3.87
3.90
3.92
3.95
3.98
4.01
4.05
4.08
4.12
4.16
4.19
4.24
4.28
4.33
4.38
4.43
4.49
4.55
4.63
4.70
4.79
4.88
4.98
5.09
5.20
5.31
5.43
5.54
5.64
5.74
5.82
5.87
5.92
5.95
5.96
5.96
5.95
5.93
5.89
5.83
5.76
5.69
5.62
5.53
5.46
5.40
5.40
5.46
5.57
5.66
5.69
34.27
34.88
35.77
37.00
38.52
40.42
42.65
45.13
47.89
51.21
55.19
59.84
64.96
70.59
76.42
82.86
89.57
96.71
104.30
111.90
119.90
128.00
136.80
145.60
154.60
163.90
172.90
182.30
191.60
201.00
210.10
219.00
227.80
236.10
244.10
252.60
260.10
267.70
274.60
281.20
287.70
293.70
299.80
305.90
311.10
316.40
321.60
326.50
330.80
335.50
339.80
343.40
347.00
349.90
352.00
353.30
354.20
354.10
352.60
350.60
347.30
342.10
336.00
328.10
318.80
307.30
294.40
280.20
263.70
245.80
226.30
205.80
184.50
163.20
142.10
121.60
102.50
85.45
70.27
57.29
46.67
38.00
31.18
25.85
21.77
18.60
16.14
14.19
12.60
11.34
10.29
9.42
8.69
8.09
7.59
7.18
6.83
6.56
6.33
6.14
5.99
5.85
5.74
5.63
5.54
5.43
5.33
5.21
5.08
4.95
4.82
4.68
4.55
4.42
4.30
4.20
4.11
4.03
3.96
3.91
3.87
3.84
3.82
3.81
3.81
3.81
3.81
3.82
3.84
3.85
3.87
3.90
3.93
3.95
3.99
4.02
4.06
4.10
4.14
4.18
4.22
4.27
4.32
4.37
4.43
4.49
4.55
4.63
4.71
4.79
4.88
4.98
5.09
5.21
5.32
5.43
5.55
5.67
5.77
5.86
5.93
5.99
6.02
6.03
6.03
6.02
5.99
5.96
5.91
5.85
5.77
5.68
5.59
5.51
5.41
5.33
5.31
5.36
5.51
5.65
5.73
34.21
35.22
36.50
38.09
40.00
42.21
44.84
47.69
50.78
54.43
58.63
63.42
68.65
74.32
80.37
86.84
93.53
100.50
107.90
115.20
122.90
130.70
138.70
146.80
155.10
163.50
171.80
180.40
188.50
197.10
205.00
213.60
221.50
229.20
236.70
244.40
251.90
259.00
266.40
273.50
281.00
288.00
295.10
303.00
310.10
317.90
325.80
333.40
341.10
348.60
355.80
361.50
366.90
371.90
374.70
377.10
377.90
377.50
374.80
370.80
365.80
358.80
349.70
338.80
326.10
312.00
295.40
277.90
258.20
237.40
215.40
192.90
169.90
147.70
126.40
106.40
88.43
74.10
59.78
48.74
39.87
32.82
27.36
23.19
19.98
17.54
15.60
14.08
12.80
11.74
10.81
10.00
9.29
8.67
8.13
7.67
7.29
6.97
6.70
6.48
6.30
6.15
6.02
5.90
5.79
5.68
5.57
5.43
5.30
5.15
5.00
4.84
4.68
4.52
4.37
4.24
4.12
4.03
3.94
3.88
3.83
3.79
3.76
3.74
3.72
3.71
3.71
3.72
3.73
3.75
3.77
3.80
3.83
3.86
3.90
3.95
3.99
4.03
4.08
4.13
4.18
4.23
4.29
4.35
4.41
4.49
4.56
4.64
4.73
4.83
4.93
5.04
5.16
5.28
5.40
5.52
5.64
5.75
5.85
5.93
5.99
6.04
6.05
6.07
6.06
6.04
6.00
5.96
5.90
5.83
5.75
5.66
5.57
5.49
5.39
5.31
5.28
5.31
5.46
5.60
5.69
33.99
35.31
36.89
38.73
40.90
43.39
46.18
49.27
52.59
56.37
60.70
65.50
70.70
76.35
82.44
88.81
95.49
102.50
110.00
117.60
125.40
133.40
141.60
150.10
159.00
167.60
176.70
185.70
195.10
204.50
213.60
222.90
232.30
241.80
251.10
260.90
271.20
280.80
291.80
302.30
314.00
326.30
339.40
353.00
368.20
383.90
400.50
417.70
435.00
451.30
466.20
480.50
492.70
502.40
509.70
512.90
514.10
510.60
504.30
493.90
480.20
462.80
441.30
417.90
392.90
365.40
337.40
307.40
277.00
246.20
215.80
186.70
160.00
133.30
110.90
91.22
74.67
61.16
50.21
41.57
34.74
29.39
25.19
21.89
19.26
17.06
15.27
13.74
12.42
11.28
10.31
9.47
8.75
8.15
7.65
7.24
6.90
6.63
6.42
6.25
6.12
6.01
5.93
5.85
5.78
5.70
5.61
5.51
5.39
5.25
5.10
4.94
4.77
4.61
4.46
4.31
4.19
4.08
3.98
3.90
3.84
3.80
3.76
3.74
3.73
3.72
3.73
3.74
3.76
3.78
3.80
3.83
3.87
3.91
3.94
3.99
4.05
4.09
4.15
4.20
4.26
4.31
4.38
4.44
4.52
4.59
4.67
4.77
4.86
4.95
5.06
5.18
5.29
5.41
5.53
5.65
5.76
5.86
5.96
6.03
6.08
6.11
6.12
6.10
6.09
6.05
6.01
5.95
5.88
5.81
5.73
5.63
5.55
5.45
5.36
5.27
5.24
5.27
5.41
5.55
5.64
33.93
35.46
37.30
39.39
41.78
44.48
47.50
50.73
54.29
58.23
62.67
67.67
73.05
78.79
85.12
91.67
98.78
106.10
113.80
121.70
130.00
138.50
147.40
156.50
166.00
175.80
185.60
195.90
206.20
216.60
227.40
238.60
249.60
260.70
271.90
284.10
296.10
309.00
322.60
337.30
353.30
370.40
389.80
411.10
435.20
460.30
487.70
517.00
547.50
578.10
609.60
638.30
665.20
687.80
704.20
717.00
722.80
721.70
713.10
698.30
676.30
645.60
609.90
566.40
518.60
466.50
411.10
355.10
300.30
249.70
205.20
166.80
135.60
110.80
91.08
77.19
63.37
53.63
45.74
39.31
34.08
29.82
26.26
23.34
20.83
18.69
16.79
15.12
13.63
12.30
11.16
10.19
9.37
8.70
8.14
7.69
7.34
7.07
6.85
6.68
6.55
6.44
6.35
6.27
6.19
6.10
6.01
5.90
5.76
5.60
5.43
5.25
5.07
4.89
4.72
4.57
4.42
4.30
4.19
4.11
4.04
3.99
3.95
3.92
3.90
3.89
3.89
3.89
3.89
3.91
3.94
3.97
4.00
4.05
4.09
4.14
4.19
4.24
4.29
4.35
4.41
4.47
4.53
4.60
4.67
4.75
4.83
4.92
5.02
5.11
5.22
5.33
5.44
5.56
5.67
5.78
5.88
5.97
6.05
6.10
6.14
6.15
6.16
6.14
6.11
6.06
6.01
5.95
5.88
5.80
5.72
5.62
5.54
5.44
5.34
5.25
5.21
5.21
5.34
5.47
5.56
33.67
35.35
37.29
39.49
42.00
44.83
47.94
51.35
54.93
58.91
63.46
68.38
73.81
79.52
85.58
92.34
99.22
106.80
114.50
122.60
131.00
139.80
148.80
158.10
167.90
177.50
187.60
197.80
208.20
218.40
229.10
239.60
250.10
260.80
271.70
282.40
294.00
305.40
318.00
331.10
345.90
362.80
381.70
404.70
430.30
461.00
496.30
535.70
580.10
626.80
674.40
720.30
762.20
797.70
824.50
841.20
846.70
843.50
829.60
805.70
770.80
727.20
674.00
609.60
538.70
464.00
389.60
319.70
258.10
205.60
166.90
134.00
107.50
89.35
75.54
64.95
56.48
49.69
43.88
38.93
34.72
31.00
27.76
24.95
22.45
20.21
18.20
16.46
14.90
13.59
12.48
11.57
10.84
10.25
9.78
9.41
9.11
8.87
8.65
8.46
8.29
8.13
7.98
7.83
7.67
7.52
7.35
7.15
6.94
6.71
6.47
6.21
5.96
5.71
5.47
5.25
5.05
4.87
4.71
4.58
4.47
4.38
4.31
4.25
4.20
4.16
4.14
4.14
4.14
4.15
4.16
4.18
4.20
4.24
4.27
4.31
4.36
4.40
4.45
4.50
4.55
4.60
4.66
4.72
4.79
4.86
4.94
5.03
5.12
5.22
5.32
5.42
5.53
5.64
5.74
5.85
5.94
6.02
6.09
6.13
6.17
6.18
6.17
6.14
6.11
6.06
6.01
5.95
5.89
5.81
5.72
5.63
5.54
5.45
5.34
5.24
5.19
5.20
5.32
5.43
5.51
33.72
35.47
37.50
39.81
42.36
45.27
48.41
51.85
55.50
59.60
64.08
69.07
74.51
80.31
86.64
93.39
100.50
107.90
115.90
123.90
132.30
141.20
150.20
159.30
168.90
178.90
189.10
199.10
209.70
220.00
230.80
241.50
251.60
262.20
272.10
282.80
293.10
304.30
315.80
328.40
341.00
356.90
375.90
397.70
426.80
459.60
501.10
546.70
597.10
649.20
700.20
748.30
786.00
815.60
831.10
836.50
831.90
820.80
806.80
784.60
756.00
714.30
656.20
583.70
502.50
418.30
338.10
268.50
210.30
165.00
131.00
106.50
88.45
77.00
65.55
57.62
51.08
45.62
40.81
36.57
32.77
29.38
26.44
23.79
21.49
19.50
17.76
16.24
14.87
13.72
12.69
11.85
11.15
10.55
10.06
9.66
9.31
9.02
8.77
8.56
8.37
8.21
8.04
7.89
7.76
7.59
7.42
7.24
7.02
6.80
6.56
6.30
6.04
5.79
5.54
5.33
5.13
4.96
4.79
4.68
4.56
4.47
4.40
4.34
4.30
4.26
4.24
4.22
4.21
4.21
4.22
4.23
4.26
4.29
4.33
4.37
4.40
4.44
4.49
4.53
4.57
4.62
4.68
4.73
4.80
4.86
4.95
5.03
5.12
5.21
5.31
5.41
5.52
5.62
5.73
5.83
5.93
6.00
6.07
6.12
6.15
6.16
6.17
6.15
6.12
6.08
6.03
5.97
5.90
5.83
5.74
5.64
5.55
5.45
5.34
5.25
5.19
5.18
5.30
5.40
5.48
33.67
35.35
37.29
39.49
42.00
44.83
47.94
51.35
54.93
58.91
63.46
68.38
73.81
79.52
85.58
92.34
99.22
106.80
114.50
122.60
131.00
139.80
148.80
158.10
167.90
177.50
187.60
197.80
208.20
218.40
229.10
239.60
250.10
260.80
271.70
282.40
294.00
305.40
318.00
331.10
345.90
362.80
381.70
404.70
430.30
461.00
496.30
535.70
580.10
626.80
674.40
720.30
762.20
797.70
824.50
841.20
846.70
843.50
829.60
805.70
770.80
727.20
674.00
609.60
538.70
464.00
389.60
319.70
258.10
205.60
166.90
134.00
107.50
89.35
75.54
64.95
56.48
49.69
43.88
38.93
34.72
31.00
27.76
24.95
22.45
20.21
18.20
16.46
14.90
13.59
12.48
11.57
10.84
10.25
9.78
9.41
9.11
8.87
8.65
8.46
8.29
8.13
7.98
7.83
7.67
7.52
7.35
7.15
6.94
6.71
6.47
6.21
5.96
5.71
5.47
5.25
5.05
4.87
4.71
4.58
4.47
4.38
4.31
4.25
4.20
4.16
4.14
4.14
4.14
4.15
4.16
4.18
4.20
4.24
4.27
4.31
4.36
4.40
4.45
4.50
4.55
4.60
4.66
4.72
4.79
4.86
4.94
5.03
5.12
5.22
5.32
5.42
5.53
5.64
5.74
5.85
5.94
6.02
6.09
6.13
6.17
6.18
6.17
6.14
6.11
6.06
6.01
5.95
5.89
5.81
5.72
5.63
5.54
5.45
5.34
5.24
5.19
5.20
5.32
5.43
5.51
33.93
35.46
37.30
39.39
41.78
44.48
47.50
50.73
54.29
58.23
62.67
67.67
73.05
78.79
85.12
91.67
98.78
106.10
113.80
121.70
130.00
138.50
147.40
156.50
166.00
175.80
185.60
195.90
206.20
216.60
227.40
238.60
249.60
260.70
271.90
284.10
296.10
309.00
322.60
337.30
353.30
370.40
389.80
411.10
435.20
460.30
487.70
517.00
547.50
578.10
609.60
638.30
665.20
687.80
704.20
717.00
722.80
721.70
713.10
698.30
676.30
645.60
609.90
566.40
518.60
466.50
411.10
355.10
300.30
249.70
205.20
166.80
135.60
110.80
91.08
77.19
63.37
53.63
45.74
39.31
34.08
29.82
26.26
23.34
20.83
18.69
16.79
15.12
13.63
12.30
11.16
10.19
9.37
8.70
8.14
7.69
7.34
7.07
6.85
6.68
6.55
6.44
6.35
6.27
6.19
6.10
6.01
5.90
5.76
5.60
5.43
5.25
5.07
4.89
4.72
4.57
4.42
4.30
4.19
4.11
4.04
3.99
3.95
3.92
3.90
3.89
3.89
3.89
3.89
3.91
3.94
3.97
4.00
4.05
4.09
4.14
4.19
4.24
4.29
4.35
4.41
4.47
4.53
4.60
4.67
4.75
4.83
4.92
5.02
5.11
5.22
5.33
5.44
5.56
5.67
5.78
5.88
5.97
6.05
6.10
6.14
6.15
6.16
6.14
6.11
6.06
6.01
5.95
5.88
5.80
5.72
5.62
5.54
5.44
5.34
5.25
5.21
5.21
5.34
5.47
5.56
33.99
35.31
36.89
38.73
40.90
43.39
46.18
49.27
52.59
56.37
60.70
65.50
70.70
76.35
82.44
88.81
95.49
102.50
110.00
117.60
125.40
133.40
141.60
150.10
159.00
167.60
176.70
185.70
195.10
204.50
213.60
222.90
232.30
241.80
251.10
260.90
271.20
280.80
291.80
302.30
314.00
326.30
339.40
353.00
368.20
383.90
400.50
417.70
435.00
451.30
466.20
480.50
492.70
502.40
509.70
512.90
514.10
510.60
504.30
493.90
480.20
462.80
441.30
417.90
392.90
365.40
337.40
307.40
277.00
246.20
215.80
186.70
160.00
133.30
110.90
91.22
74.67
61.16
50.21
41.57
34.74
29.39
25.19
21.89
19.26
17.06
15.27
13.74
12.42
11.28
10.31
9.47
8.75
8.15
7.65
7.24
6.90
6.63
6.42
6.25
6.12
6.01
5.93
5.85
5.78
5.70
5.61
5.51
5.39
5.25
5.10
4.94
4.77
4.61
4.46
4.31
4.19
4.08
3.98
3.90
3.84
3.80
3.76
3.74
3.73
3.72
3.73
3.74
3.76
3.78
3.80
3.83
3.87
3.91
3.94
3.99
4.05
4.09
4.15
4.20
4.26
4.31
4.38
4.44
4.52
4.59
4.67
4.77
4.86
4.95
5.06
5.18
5.29
5.41
5.53
5.65
5.76
5.86
5.96
6.03
6.08
6.11
6.12
6.10
6.09
6.05
6.01
5.95
5.88
5.81
5.73
5.63
5.55
5.45
5.36
5.27
5.24
5.27
5.41
5.55
5.64
34.21
35.22
36.50
38.09
40.00
42.21
44.84
47.69
50.78
54.43
58.63
63.42
68.65
74.32
80.37
86.84
93.53
100.50
107.90
115.20
122.90
130.70
138.70
146.80
155.10
163.50
171.80
180.40
188.50
197.10
205.00
213.60
221.50
229.20
236.70
244.40
251.90
259.00
266.40
273.50
281.00
288.00
295.10
303.00
310.10
317.90
325.80
333.40
341.10
348.60
355.80
361.50
366.90
371.90
374.70
377.10
377.90
377.50
374.80
370.80
365.80
358.80
349.70
338.80
326.10
312.00
295.40
277.90
258.20
237.40
215.40
192.90
169.90
147.70
126.40
106.40
88.43
74.10
59.78
48.74
39.87
32.82
27.36
23.19
19.98
17.54
15.60
14.08
12.80
11.74
10.81
10.00
9.29
8.67
8.13
7.67
7.29
6.97
6.70
6.48
6.30
6.15
6.02
5.90
5.79
5.68
5.57
5.43
5.30
5.15
5.00
4.84
4.68
4.52
4.37
4.24
4.12
4.03
3.94
3.88
3.83
3.79
3.76
3.74
3.72
3.71
3.71
3.72
3.73
3.75
3.77
3.80
3.83
3.86
3.90
3.95
3.99
4.03
4.08
4.13
4.18
4.23
4.29
4.35
4.41
4.49
4.56
4.64
4.73
4.83
4.93
5.04
5.16
5.28
5.40
5.52
5.64
5.75
5.85
5.93
5.99
6.04
6.05
6.07
6.06
6.04
6.00
5.96
5.90
5.83
5.75
5.66
5.57
5.49
5.39
5.31
5.28
5.31
5.46
5.60
5.69
34.27
34.88
35.77
37.00
38.52
40.42
42.65
45.13
47.89
51.21
55.19
59.84
64.96
70.59
76.42
82.86
89.57
96.71
104.30
111.90
119.90
128.00
136.80
145.60
154.60
163.90
172.90
182.30
191.60
201.00
210.10
219.00
227.80
236.10
244.10
252.60
260.10
267.70
274.60
281.20
287.70
293.70
299.80
305.90
311.10
316.40
321.60
326.50
330.80
335.50
339.80
343.40
347.00
349.90
352.00
353.30
354.20
354.10
352.60
350.60
347.30
342.10
336.00
328.10
318.80
307.30
294.40
280.20
263.70
245.80
226.30
205.80
184.50
163.20
142.10
121.60
102.50
85.45
70.27
57.29
46.67
38.00
31.18
25.85
21.77
18.60
16.14
14.19
12.60
11.34
10.29
9.42
8.69
8.09
7.59
7.18
6.83
6.56
6.33
6.14
5.99
5.85
5.74
5.63
5.54
5.43
5.33
5.21
5.08
4.95
4.82
4.68
4.55
4.42
4.30
4.20
4.11
4.03
3.96
3.91
3.87
3.84
3.82
3.81
3.81
3.81
3.81
3.82
3.84
3.85
3.87
3.90
3.93
3.95
3.99
4.02
4.06
4.10
4.14
4.18
4.22
4.27
4.32
4.37
4.43
4.49
4.55
4.63
4.71
4.79
4.88
4.98
5.09
5.21
5.32
5.43
5.55
5.67
5.77
5.86
5.93
5.99
6.02
6.03
6.03
6.02
5.99
5.96
5.91
5.85
5.77
5.68
5.59
5.51
5.41
5.33
5.31
5.36
5.51
5.65
5.73
36.32
36.40
36.74
37.35
38.26
39.44
40.96
42.74
44.76
47.27
50.50
54.49
59.07
64.09
69.72
75.81
82.11
88.79
95.99
103.40
111.10
119.20
127.60
136.10
144.80
153.70
162.70
171.40
180.40
188.90
197.70
205.60
213.40
220.70
227.60
234.60
240.50
246.00
251.00
255.60
260.10
263.80
266.80
269.60
272.00
273.50
275.10
275.30
275.30
275.20
274.00
272.40
270.50
267.60
264.50
261.30
257.00
252.50
247.20
241.10
234.30
227.00
218.50
208.80
198.80
187.60
175.60
162.70
149.70
136.10
122.30
109.10
95.96
83.72
72.58
62.36
53.25
45.21
38.27
32.37
27.42
23.36
20.07
17.38
15.21
13.43
11.96
10.74
9.72
8.87
8.15
7.54
7.04
6.61
6.28
6.01
5.79
5.62
5.48
5.37
5.28
5.19
5.11
5.03
4.96
4.88
4.79
4.70
4.62
4.52
4.43
4.33
4.24
4.16
4.09
4.02
3.96
3.91
3.87
3.84
3.82
3.81
3.80
3.80
3.80
3.80
3.81
3.81
3.83
3.85
3.87
3.90
3.92
3.95
3.98
4.01
4.05
4.08
4.12
4.16
4.19
4.24
4.28
4.33
4.38
4.43
4.49
4.55
4.63
4.70
4.79
4.88
4.98
5.09
5.20
5.31
5.43
5.54
5.64
5.74
5.82
5.87
5.92
5.95
5.96
5.96
5.95
5.93
5.89
5.83
5.76
5.69
5.62
5.53
5.46
5.40
5.40
5.46
5.57
5.66
5.69
34.27
33.87
33.79
34.00
34.50
35.36
36.54
38.02
39.72
41.88
44.81
48.44
52.55
57.10
62.04
67.42
73.09
79.00
85.16
91.49
98.15
104.80
111.70
118.80
126.00
133.40
140.50
147.60
154.50
160.90
167.40
172.80
177.20
181.60
184.50
187.00
188.10
188.60
187.80
185.90
183.30
179.30
174.70
169.50
163.20
156.10
148.10
139.80
130.70
121.40
111.80
103.00
93.92
85.89
78.77
72.79
67.81
63.95
60.95
58.70
56.99
55.62
54.43
53.30
52.14
50.93
49.51
47.86
46.04
44.03
41.94
39.67
37.35
34.85
32.28
29.69
27.04
24.43
22.04
19.85
17.93
16.25
14.81
13.52
12.36
11.34
10.39
9.55
8.79
8.12
7.53
7.03
6.60
6.25
5.97
5.73
5.54
5.39
5.26
5.15
5.05
4.96
4.88
4.80
4.73
4.66
4.59
4.53
4.46
4.40
4.34
4.28
4.22
4.17
4.13
4.09
4.06
4.04
4.01
4.00
3.99
3.99
3.99
3.99
4.00
4.01
4.01
4.03
4.05
4.07
4.09
4.12
4.15
4.17
4.20
4.24
4.27
4.32
4.35
4.39
4.43
4.47
4.51
4.55
4.60
4.65
4.71
4.77
4.84
4.92
5.01
5.10
5.20
5.31
5.43
5.53
5.64
5.76
5.85
5.94
6.01
6.07
6.12
6.15
6.17
6.18
6.18
6.16
6.12
6.07
6.00
5.92
5.85
5.76
5.69
5.62
5.61
5.64
5.69
5.72
5.73
34.21
33.37
32.84
32.60
32.66
33.02
33.73
34.69
35.82
37.39
39.66
42.59
45.94
49.65
53.59
57.83
62.16
66.57
71.00
75.34
79.56
83.62
87.53
91.14
94.40
97.34
99.75
101.60
102.90
103.50
103.30
102.40
100.90
98.60
95.68
92.11
87.93
83.18
78.06
72.63
66.96
61.46
56.21
51.48
47.44
44.20
41.80
40.12
39.18
38.83
38.97
39.52
40.38
41.50
42.83
44.27
45.87
47.46
49.04
50.35
51.44
52.25
52.71
52.90
52.69
52.17
51.42
50.39
49.11
47.59
45.75
43.71
41.38
38.85
36.14
33.28
30.41
27.59
24.99
22.61
20.55
18.73
17.13
15.69
14.38
13.17
12.07
11.05
10.12
9.29
8.56
7.93
7.38
6.92
6.53
6.20
5.93
5.70
5.49
5.32
5.16
5.02
4.90
4.79
4.69
4.61
4.53
4.46
4.40
4.34
4.29
4.24
4.20
4.16
4.13
4.11
4.09
4.07
4.07
4.07
4.07
4.07
4.07
4.08
4.09
4.11
4.12
4.14
4.16
4.18
4.20
4.23
4.26
4.29
4.32
4.35
4.39
4.43
4.47
4.50
4.54
4.59
4.62
4.67
4.71
4.77
4.82
4.89
4.95
5.04
5.11
5.20
5.29
5.39
5.50
5.60
5.70
5.80
5.89
5.97
6.04
6.10
6.14
6.18
6.20
6.20
6.19
6.17
6.14
6.08
6.02
5.93
5.85
5.77
5.70
5.63
5.62
5.63
5.67
5.70
5.70
33.99
32.87
32.00
31.37
31.03
31.00
31.23
31.71
32.33
33.37
35.09
37.37
39.95
42.85
45.84
48.95
52.03
54.93
57.63
60.10
62.19
63.85
65.18
66.11
66.52
66.58
66.10
65.18
63.81
62.08
59.90
57.43
54.76
51.95
49.24
46.71
44.45
42.58
41.19
40.20
39.71
39.53
39.65
40.03
40.64
41.35
42.25
43.25
44.42
45.66
47.07
48.62
50.26
52.03
53.89
55.68
57.39
59.03
60.38
61.51
62.40
62.95
63.15
62.98
62.40
61.52
60.29
58.82
57.03
55.09
52.80
50.39
47.62
44.69
41.47
38.13
34.71
31.28
28.10
25.19
22.62
20.36
18.40
16.65
15.09
13.68
12.40
11.25
10.22
9.33
8.54
7.86
7.29
6.79
6.39
6.05
5.77
5.52
5.31
5.13
4.97
4.84
4.72
4.62
4.53
4.45
4.38
4.32
4.27
4.23
4.19
4.16
4.14
4.12
4.10
4.09
4.09
4.08
4.07
4.07
4.07
4.08
4.08
4.10
4.11
4.12
4.14
4.16
4.19
4.21
4.24
4.27
4.30
4.33
4.36
4.39
4.43
4.46
4.50
4.53
4.56
4.60
4.64
4.69
4.73
4.79
4.85
4.92
4.99
5.07
5.15
5.24
5.33
5.42
5.52
5.61
5.70
5.78
5.87
5.93
6.00
6.05
6.09
6.12
6.15
6.16
6.16
6.15
6.12
6.07
6.00
5.91
5.83
5.76
5.69
5.62
5.60
5.59
5.62
5.64
5.64
33.93
32.53
31.34
30.42
29.78
29.37
29.23
29.33
29.50
30.03
31.21
32.94
34.97
37.15
39.40
41.68
43.81
45.74
47.40
48.73
49.65
50.23
50.41
50.27
49.76
49.05
48.03
46.79
45.37
43.90
42.47
41.13
39.98
39.06
38.40
38.02
37.85
37.97
38.27
38.70
39.31
40.00
40.85
41.69
42.59
43.60
44.64
45.75
46.92
48.12
49.49
51.01
52.62
54.40
56.30
58.28
60.28
62.34
64.25
66.01
67.63
68.90
69.91
70.54
70.83
70.75
70.37
69.49
68.43
66.81
65.01
62.77
60.09
57.02
53.51
49.61
45.44
41.06
36.76
32.66
28.92
25.59
22.62
20.01
17.70
15.66
13.84
12.25
10.90
9.73
8.73
7.90
7.20
6.63
6.16
5.78
5.47
5.22
5.00
4.82
4.67
4.54
4.44
4.35
4.27
4.21
4.15
4.11
4.07
4.04
4.02
4.00
3.99
3.99
3.99
3.99
4.00
4.01
4.01
4.03
4.04
4.06
4.08
4.10
4.13
4.15
4.18
4.21
4.23
4.26
4.29
4.32
4.35
4.38
4.41
4.43
4.46
4.49
4.52
4.55
4.58
4.62
4.66
4.70
4.76
4.81
4.87
4.94
5.02
5.10
5.18
5.27
5.35
5.44
5.53
5.61
5.69
5.77
5.84
5.91
5.97
6.02
6.06
6.09
6.11
6.12
6.12
6.11
6.08
6.03
5.97
5.90
5.81
5.74
5.66
5.60
5.57
5.56
5.57
5.58
5.56
33.67
32.12
30.76
29.68
28.86
28.25
27.91
27.77
27.67
27.96
28.92
30.35
31.99
33.76
35.61
37.39
39.02
40.38
41.46
42.20
42.63
42.70
42.47
42.03
41.37
40.54
39.63
38.71
37.79
37.00
36.38
35.95
35.71
35.64
35.81
36.12
36.51
37.07
37.72
38.52
39.33
40.27
41.31
42.37
43.57
44.86
46.23
47.67
49.27
50.89
52.73
54.70
56.88
59.32
61.93
64.82
67.88
71.02
74.10
77.01
79.62
81.79
83.55
84.85
85.71
86.04
85.77
85.02
83.80
82.14
79.83
77.11
73.75
69.96
65.62
60.91
55.81
50.54
45.40
40.47
35.86
31.66
27.88
24.48
21.43
18.70
16.28
14.18
12.37
10.84
9.55
8.50
7.62
6.91
6.34
5.88
5.51
5.20
4.96
4.76
4.59
4.46
4.35
4.26
4.19
4.12
4.07
4.03
4.00
3.98
3.96
3.94
3.94
3.93
3.93
3.94
3.94
3.95
3.97
3.98
4.00
4.03
4.05
4.08
4.11
4.14
4.16
4.19
4.22
4.25
4.28
4.31
4.34
4.37
4.39
4.42
4.45
4.48
4.50
4.53
4.56
4.60
4.64
4.69
4.75
4.81
4.87
4.94
5.02
5.10
5.18
5.27
5.35
5.44
5.52
5.60
5.67
5.74
5.81
5.87
5.93
5.98
6.02
6.06
6.08
6.10
6.11
6.10
6.08
6.03
5.98
5.90
5.83
5.76
5.68
5.60
5.56
5.53
5.52
5.52
5.51
33.72
32.07
30.66
29.50
28.59
27.94
27.46
27.22
27.01
27.18
27.99
29.28
30.80
32.46
34.09
35.73
37.26
38.49
39.50
40.12
40.42
40.42
40.09
39.56
38.93
38.14
37.36
36.59
35.94
35.37
35.01
34.81
34.80
34.96
35.29
35.73
36.30
36.96
37.76
38.63
39.53
40.53
41.65
42.79
44.08
45.43
46.87
48.48
50.27
52.20
54.40
56.86
59.59
62.43
65.72
69.16
72.73
76.34
79.97
83.33
86.56
89.48
91.95
93.81
95.24
96.04
96.13
95.53
94.46
92.59
90.21
87.19
83.47
79.25
74.38
69.07
63.38
57.51
51.70
46.02
40.74
35.86
31.39
27.37
23.81
20.64
17.84
15.44
13.38
11.63
10.20
8.99
8.02
7.21
6.58
6.07
5.66
5.32
5.05
4.82
4.64
4.50
4.37
4.27
4.19
4.13
4.08
4.03
4.01
3.98
3.97
3.97
3.97
3.97
3.97
3.97
3.98
4.00
4.01
4.02
4.04
4.06
4.08
4.10
4.13
4.16
4.19
4.21
4.24
4.27
4.30
4.33
4.35
4.38
4.41
4.43
4.46
4.49
4.51
4.54
4.57
4.61
4.66
4.71
4.77
4.82
4.89
4.95
5.03
5.11
5.19
5.28
5.35
5.45
5.53
5.61
5.68
5.74
5.81
5.88
5.93
5.99
6.03
6.07
6.08
6.09
6.10
6.09
6.06
6.02
5.97
5.90
5.82
5.75
5.68
5.59
5.54
5.51
5.50
5.49
5.48
33.67
32.12
30.76
29.68
28.86
28.25
27.91
27.77
27.67
27.96
28.92
30.35
31.99
33.76
35.61
37.39
39.02
40.38
41.46
42.20
42.63
42.70
42.47
42.03
41.37
40.54
39.63
38.71
37.79
37.00
36.38
35.95
35.71
35.64
35.81
36.12
36.51
37.07
37.72
38.52
39.33
40.27
41.31
42.37
43.57
44.86
46.23
47.67
49.27
50.89
52.73
54.70
56.88
59.32
61.93
64.82
67.88
71.02
74.10
77.01
79.62
81.79
83.55
84.85
85.71
86.04
85.77
85.02
83.80
82.14
79.83
77.11
73.75
69.96
65.62
60.91
55.81
50.54
45.40
40.47
35.86
31.66
27.88
24.48
21.43
18.70
16.28
14.18
12.37
10.84
9.55
8.50
7.62
6.91
6.34
5.88
5.51
5.20
4.96
4.76
4.59
4.46
4.35
4.26
4.19
4.12
4.07
4.03
4.00
3.98
3.96
3.94
3.94
3.93
3.93
3.94
3.94
3.95
3.97
3.98
4.00
4.03
4.05
4.08
4.11
4.14
4.16
4.19
4.22
4.25
4.28
4.31
4.34
4.37
4.39
4.42
4.45
4.48
4.50
4.53
4.56
4.60
4.64
4.69
4.75
4.81
4.87
4.94
5.02
5.10
5.18
5.27
5.35
5.44
5.52
5.60
5.67
5.74
5.81
5.87
5.93
5.98
6.02
6.06
6.08
6.10
6.11
6.10
6.08
6.03
5.98
5.90
5.83
5.76
5.68
5.60
5.56
5.53
5.52
5.52
5.51
33.93
32.53
31.34
30.42
29.78
29.37
29.23
29.33
29.50
30.03
31.21
32.94
34.97
37.15
39.40
41.68
43.81
45.74
47.40
48.73
49.65
50.23
50.41
50.27
49.76
49.05
48.03
46.79
45.37
43.90
42.47
41.13
39.98
39.06
38.40
38.02
37.85
37.97
38.27
38.70
39.31
40.00
40.85
41.69
42.59
43.60
44.64
45.75
46.92
48.12
49.49
51.01
52.62
54.40
56.30
58.28
60.28
62.34
64.25
66.01
67.63
68.90
69.91
70.54
70.83
70.75
70.37
69.49
68.43
66.81
65.01
62.77
60.09
57.02
53.51
49.61
45.44
41.06
36.76
32.66
28.92
25.59
22.62
20.01
17.70
15.66
13.84
12.25
10.90
9.73
8.73
7.90
7.20
6.63
6.16
5.78
5.47
5.22
5.00
4.82
4.67
4.54
4.44
4.35
4.27
4.21
4.15
4.11
4.07
4.04
4.02
4.00
3.99
3.99
3.99
3.99
4.00
4.01
4.01
4.03
4.04
4.06
4.08
4.10
4.13
4.15
4.18
4.21
4.23
4.26
4.29
4.32
4.35
4.38
4.41
4.43
4.46
4.49
4.52
4.55
4.58
4.62
4.66
4.70
4.76
4.81
4.87
4.94
5.02
5.10
5.18
5.27
5.35
5.44
5.53
5.61
5.69
5.77
5.84
5.91
5.97
6.02
6.06
6.09
6.11
6.12
6.12
6.11
6.08
6.03
5.97
5.90
5.81
5.74
5.66
5.60
5.57
5.56
5.57
5.58
5.56
33.99
32.87
32.00
31.37
31.03
31.00
31.23
31.71
32.33
33.37
35.09
37.37
39.95
42.85
45.84
48.95
52.03
54.93
57.63
60.10
62.19
63.85
65.18
66.11
66.52
66.58
66.10
65.18
63.81
62.08
59.90
57.43
54.76
51.95
49.24
46.71
44.45
42.58
41.19
40.20
39.71
39.53
39.65
40.03
40.64
41.35
42.25
43.25
44.42
45.66
47.07
48.62
50.26
52.03
53.89
55.68
57.39
59.03
60.38
61.51
62.40
62.95
63.15
62.98
62.40
61.52
60.29
58.82
57.03
55.09
52.80
50.39
47.62
44.69
41.47
38.13
34.71
31.28
28.10
25.19
22.62
20.36
18.40
16.65
15.09
13.68
12.40
11.25
10.22
9.33
8.54
7.86
7.29
6.79
6.39
6.05
5.77
5.52
5.31
5.13
4.97
4.84
4.72
4.62
4.53
4.45
4.38
4.32
4.27
4.23
4.19
4.16
4.14
4.12
4.10
4.09
4.09
4.08
4.07
4.07
4.07
4.08
4.08
4.10
4.11
4.12
4.14
4.16
4.19
4.21
4.24
4.27
4.30
4.33
4.36
4.39
4.43
4.46
4.50
4.53
4.56
4.60
4.64
4.69
4.73
4.79
4.85
4.92
4.99
5.07
5.15
5.24
5.33
5.42
5.52
5.61
5.70
5.78
5.87
5.93
6.00
6.05
6.09
6.12
6.15
6.16
6.16
6.15
6.12
6.07
6.00
5.91
5.83
5.76
5.69
5.62
5.60
5.59
5.62
5.64
5.64
34.21
33.37
32.84
32.60
32.66
33.02
33.73
34.69
35.82
37.39
39.66
42.59
45.94
49.65
53.59
57.83
62.16
66.57
71.00
75.34
79.56
83.62
87.53
91.14
94.40
97.34
99.75
101.60
102.90
103.50
103.30
102.40
100.90
98.60
95.68
92.11
87.93
83.18
78.06
72.63
66.96
61.46
56.21
51.48
47.44
44.20
41.80
40.12
39.18
38.83
38.97
39.52
40.38
41.50
42.83
44.27
45.87
47.46
49.04
50.35
51.44
52.25
52.71
52.90
52.69
52.17
51.42
50.39
49.11
47.59
45.75
43.71
41.38
38.85
36.14
33.28
30.41
27.59
24.99
22.61
20.55
18.73
17.13
15.69
14.38
13.17
12.07
11.05
10.12
9.29
8.56
7.93
7.38
6.92
6.53
6.20
5.93
5.70
5.49
5.32
5.16
5.02
4.90
4.79
4.69
4.61
4.53
4.46
4.40
4.34
4.29
4.24
4.20
4.16
4.13
4.11
4.09
4.07
4.07
4.07
4.07
4.07
4.07
4.08
4.09
4.11
4.12
4.14
4.16
4.18
4.20
4.23
4.26
4.29
4.32
4.35
4.39
4.43
4.47
4.50
4.54
4.59
4.62
4.67
4.71
4.77
4.82
4.89
4.95
5.04
5.11
5.20
5.29
5.39
5.50
5.60
5.70
5.80
5.89
5.97
6.04
6.10
6.14
6.18
6.20
6.20
6.19
6.17
6.14
6.08
6.02
5.93
5.85
5.77
5.70
5.63
5.62
5.63
5.67
5.70
5.70
34.27
33.87
33.79
34.00
34.50
35.36
36.54
38.02
39.72
41.88
44.81
48.44
52.55
57.10
62.04
67.42
73.09
79.00
85.16
91.49
98.15
104.80
111.70
118.80
126.00
133.40
140.50
147.60
154.50
160.90
167.40
172.80
177.20
181.60
184.50
187.00
188.10
188.60
187.80
185.90
183.30
179.30
174.70
169.50
163.20
156.10
148.10
139.80
130.70
121.40
111.80
103.00
93.92
85.89
78.77
72.79
67.81
63.95
60.95
58.70
56.99
55.62
54.43
53.30
52.14
50.93
49.51
47.86
46.04
44.03
41.94
39.67
37.35
34.85
32.28
29.69
27.04
24.43
22.04
19.85
17.93
16.25
14.81
13.52
12.36
11.34
10.39
9.55
8.79
8.12
7.53
7.03
6.60
6.25
5.97
5.73
5.54
5.39
5.26
5.15
5.05
4.96
4.88
4.80
4.73
4.66
4.59
4.53
4.46
4.40
4.34
4.28
4.22
4.17
4.13
4.09
4.06
4.04
4.01
4.00
3.99
3.99
3.99
3.99
4.00
4.01
4.01
4.03
4.05
4.07
4.09
4.12
4.15
4.17
4.20
4.24
4.27
4.32
4.35
4.39
4.43
4.47
4.51
4.55
4.60
4.65
4.71
4.77
4.84
4.92
5.01
5.10
5.20
5.31
5.43
5.53
5.64
5.76
5.85
5.94
6.01
6.07
6.12
6.15
6.17
6.18
6.18
6.16
6.12
6.07
6.00
5.92
5.85
5.76
5.69
5.62
5.61
5.64
5.69
5.72
5.73
