SALVI
1
0
24
15.0
181
1.0
250111 GRAN VIA 3000K F2MD
GRAN VIA 3000K F2MD

GRAN-VIA-F2MD-PMMAL.ldt
31-1-2025/TB
395
0
700
160
0
0
0
0
0
96.11
100.00
1.00
0.00
1
1
5050
3904.80
3000
70
29.20
0.13
0.22
0.31
0.39
0.45
0.55
0.61
0.66
0.73
0.77
0.00
15.00
30.00
45.00
60.00
75.00
90.00
105.00
120.00
135.00
150.00
165.00
180.00
195.00
210.00
225.00
240.00
255.00
270.00
285.00
300.00
315.00
330.00
345.00
0.00
1.00
2.00
3.00
4.00
5.00
6.00
7.00
8.00
9.00
10.00
11.00
12.00
13.00
14.00
15.00
16.00
17.00
18.00
19.00
20.00
21.00
22.00
23.00
24.00
25.00
26.00
27.00
28.00
29.00
30.00
31.00
32.00
33.00
34.00
35.00
36.00
37.00
38.00
39.00
40.00
41.00
42.00
43.00
44.00
45.00
46.00
47.00
48.00
49.00
50.00
51.00
52.00
53.00
54.00
55.00
56.00
57.00
58.00
59.00
60.00
61.00
62.00
63.00
64.00
65.00
66.00
67.00
68.00
69.00
70.00
71.00
72.00
73.00
74.00
75.00
76.00
77.00
78.00
79.00
80.00
81.00
82.00
83.00
84.00
85.00
86.00
87.00
88.00
89.00
90.00
91.00
92.00
93.00
94.00
95.00
96.00
97.00
98.00
99.00
100.00
101.00
102.00
103.00
104.00
105.00
106.00
107.00
108.00
109.00
110.00
111.00
112.00
113.00
114.00
115.00
116.00
117.00
118.00
119.00
120.00
121.00
122.00
123.00
124.00
125.00
126.00
127.00
128.00
129.00
130.00
131.00
132.00
133.00
134.00
135.00
136.00
137.00
138.00
139.00
140.00
141.00
142.00
143.00
144.00
145.00
146.00
147.00
148.00
149.00
150.00
151.00
152.00
153.00
154.00
155.00
156.00
157.00
158.00
159.00
160.00
161.00
162.00
163.00
164.00
165.00
166.00
167.00
168.00
169.00
170.00
171.00
172.00
173.00
174.00
175.00
176.00
177.00
178.00
179.00
180.00
40.73
40.89
41.34
42.13
43.35
44.86
46.84
49.09
51.57
54.71
58.75
63.63
69.10
75.14
81.76
88.44
95.52
103.00
110.70
118.50
126.20
134.30
142.50
150.60
159.00
167.40
175.80
184.10
192.20
200.40
208.20
215.90
223.60
231.00
238.20
245.40
252.00
258.80
265.70
272.20
278.50
285.00
291.30
297.60
304.10
310.50
316.80
323.20
329.80
336.20
342.80
348.80
355.30
361.40
367.80
373.30
379.40
384.30
388.80
392.40
395.90
398.40
399.40
399.30
398.10
395.30
390.70
384.00
376.00
364.60
351.10
335.30
316.40
295.50
271.80
246.40
219.10
191.60
164.50
138.40
115.00
93.62
75.82
61.16
49.56
40.51
33.57
28.25
24.17
21.00
18.55
16.58
15.00
13.71
12.64
11.74
10.98
10.33
9.77
9.27
8.83
8.44
8.08
7.76
7.47
7.20
6.94
6.70
6.48
6.28
6.08
5.90
5.73
5.57
5.43
5.31
5.19
5.10
5.02
4.96
4.90
4.86
4.82
4.80
4.78
4.77
4.77
4.78
4.79
4.80
4.83
4.86
4.89
4.92
4.97
5.01
5.06
5.11
5.16
5.21
5.26
5.32
5.37
5.44
5.50
5.57
5.64
5.72
5.82
5.92
6.02
6.14
6.27
6.41
6.55
6.70
6.85
6.99
7.13
7.25
7.37
7.45
7.53
7.58
7.62
7.64
7.64
7.63
7.59
7.55
7.47
7.39
7.32
7.24
7.14
7.08
7.10
7.22
7.42
7.57
7.63
39.44
39.94
40.84
42.11
43.77
45.78
48.34
51.21
54.27
57.99
62.59
67.84
73.47
79.81
86.43
93.54
101.00
108.70
116.50
124.50
132.60
140.70
148.90
157.40
165.90
174.20
183.00
191.80
200.40
208.80
217.10
225.90
234.10
242.50
251.00
259.00
267.30
275.40
283.80
291.70
300.50
309.00
317.70
326.50
335.00
344.80
354.20
363.80
373.80
384.40
395.00
405.80
417.40
428.80
440.70
452.40
465.20
475.80
487.50
497.50
506.40
514.10
521.00
524.70
527.00
526.20
522.90
516.70
505.90
492.10
473.90
451.60
425.40
394.10
360.50
322.80
284.30
245.30
207.30
172.30
140.40
111.80
88.86
70.53
56.44
45.83
37.82
31.89
27.38
23.91
21.23
19.04
17.29
15.82
14.58
13.52
12.62
11.83
11.15
10.53
9.99
9.50
9.05
8.65
8.28
7.95
7.64
7.36
7.08
6.83
6.58
6.34
6.13
5.93
5.75
5.58
5.43
5.30
5.19
5.10
5.01
4.95
4.90
4.86
4.82
4.80
4.79
4.79
4.79
4.81
4.82
4.85
4.88
4.91
4.94
4.99
5.04
5.08
5.13
5.18
5.24
5.30
5.37
5.44
5.52
5.60
5.69
5.79
5.90
6.01
6.14
6.27
6.42
6.57
6.73
6.88
7.04
7.20
7.35
7.48
7.59
7.68
7.74
7.78
7.81
7.82
7.81
7.78
7.73
7.66
7.58
7.49
7.38
7.28
7.15
7.04
7.02
7.13
7.32
7.44
7.51
38.99
39.95
41.25
42.99
45.03
47.49
50.34
53.67
57.16
61.17
66.06
71.40
77.31
83.64
90.49
97.63
105.00
112.70
120.40
128.30
136.20
144.20
152.20
160.30
168.60
177.00
185.40
193.70
202.20
210.40
218.90
227.10
235.80
243.80
252.60
260.50
269.60
278.40
287.60
296.90
307.20
317.50
328.90
340.70
353.10
366.20
380.00
394.60
409.10
424.60
438.70
452.90
466.70
478.80
490.50
501.30
509.40
516.20
521.70
524.70
524.10
521.50
515.80
506.40
494.20
478.20
459.40
437.00
413.00
384.40
353.30
320.10
285.80
251.20
216.40
183.40
152.00
124.40
100.70
81.90
66.29
53.29
43.99
36.90
31.55
27.38
24.13
21.51
19.30
17.45
15.89
14.54
13.40
12.40
11.56
10.83
10.20
9.66
9.18
8.76
8.40
8.07
7.77
7.50
7.26
7.03
6.82
6.62
6.43
6.23
6.06
5.88
5.70
5.55
5.39
5.24
5.12
5.00
4.90
4.82
4.76
4.70
4.65
4.62
4.60
4.58
4.58
4.58
4.59
4.60
4.63
4.66
4.70
4.74
4.80
4.84
4.90
4.96
5.02
5.09
5.16
5.23
5.31
5.39
5.49
5.59
5.69
5.81
5.94
6.08
6.23
6.37
6.54
6.71
6.88
7.06
7.24
7.40
7.55
7.68
7.78
7.86
7.91
7.95
7.96
7.96
7.93
7.89
7.83
7.75
7.66
7.56
7.44
7.33
7.20
7.09
7.04
7.12
7.29
7.40
7.45
38.40
39.67
41.28
43.28
45.65
48.46
51.54
55.02
58.79
63.04
67.91
73.46
79.17
85.37
92.35
99.56
107.00
115.10
123.00
131.20
139.80
148.40
157.20
166.50
175.70
185.20
194.70
204.90
215.10
225.40
236.00
246.60
257.70
269.00
280.80
292.80
305.60
318.90
332.30
346.20
360.50
375.00
389.00
402.70
416.00
427.60
438.60
448.00
456.20
462.60
467.10
469.20
470.20
468.10
465.50
459.90
452.70
442.60
431.10
416.90
400.90
382.70
362.20
340.50
316.80
291.90
267.10
242.00
217.20
192.90
170.30
148.20
128.20
109.20
92.32
77.64
65.08
54.76
46.40
39.80
34.65
30.62
27.45
24.87
22.70
20.82
19.13
17.60
16.17
14.85
13.67
12.61
11.66
10.84
10.13
9.51
9.00
8.55
8.17
7.82
7.53
7.26
7.03
6.81
6.62
6.43
6.27
6.10
5.95
5.80
5.65
5.50
5.34
5.21
5.07
4.96
4.85
4.75
4.68
4.60
4.54
4.51
4.48
4.46
4.45
4.45
4.46
4.47
4.49
4.52
4.55
4.60
4.64
4.70
4.76
4.82
4.89
4.96
5.03
5.11
5.19
5.28
5.37
5.47
5.58
5.69
5.82
5.95
6.09
6.25
6.41
6.58
6.75
6.93
7.11
7.29
7.47
7.64
7.78
7.90
8.00
8.06
8.10
8.11
8.11
8.08
8.05
7.99
7.92
7.84
7.73
7.62
7.50
7.38
7.24
7.10
7.04
7.08
7.22
7.30
7.34
38.02
39.54
41.42
43.69
46.31
49.34
52.76
56.49
60.56
65.01
70.10
75.72
81.85
88.42
95.46
103.00
110.90
119.30
127.90
136.80
146.10
155.70
165.50
175.70
186.50
197.80
209.00
221.30
233.80
246.90
260.20
274.20
288.70
303.40
318.70
334.40
350.20
366.00
381.70
396.10
410.10
422.50
433.80
443.60
451.00
456.70
460.70
462.60
462.30
459.90
455.90
449.90
441.20
430.50
417.20
401.90
384.40
364.20
342.30
319.10
295.40
271.10
247.30
223.50
201.10
179.90
159.60
141.00
124.10
108.70
95.23
83.67
74.43
65.20
57.67
51.15
45.57
40.72
36.49
32.73
29.44
26.52
23.94
21.59
19.56
17.73
16.10
14.66
13.37
12.22
11.25
10.41
9.69
9.09
8.59
8.18
7.84
7.55
7.31
7.09
6.92
6.74
6.58
6.44
6.31
6.18
6.05
5.93
5.81
5.67
5.54
5.41
5.28
5.16
5.04
4.93
4.84
4.75
4.68
4.62
4.58
4.54
4.52
4.51
4.50
4.50
4.51
4.53
4.56
4.59
4.64
4.69
4.75
4.80
4.88
4.95
5.03
5.10
5.18
5.27
5.36
5.45
5.56
5.67
5.78
5.90
6.04
6.18
6.33
6.49
6.66
6.84
7.01
7.19
7.37
7.54
7.71
7.86
7.98
8.08
8.15
8.19
8.22
8.22
8.21
8.18
8.14
8.07
7.99
7.89
7.78
7.67
7.54
7.41
7.25
7.10
7.01
7.02
7.12
7.17
7.20
37.51
39.24
41.29
43.70
46.51
49.70
53.31
57.24
61.48
66.11
71.25
77.03
82.82
89.53
96.71
104.20
112.20
120.70
129.50
138.70
148.10
158.00
168.10
178.80
189.80
201.50
213.50
225.90
239.20
252.80
266.90
281.00
295.90
310.40
325.50
339.80
353.70
367.50
379.90
391.00
400.90
409.30
416.00
420.00
422.90
423.50
423.20
420.30
415.60
409.30
400.60
389.60
376.10
360.00
342.20
321.50
299.70
277.70
255.50
234.00
213.20
193.40
175.10
158.20
142.40
127.80
115.20
104.50
95.35
87.38
80.21
73.29
66.50
60.27
54.50
49.31
44.68
40.54
36.84
33.43
30.37
27.56
25.01
22.75
20.71
18.89
17.29
15.84
14.56
13.45
12.46
11.65
10.97
10.41
9.96
9.60
9.30
9.05
8.84
8.64
8.45
8.28
8.11
7.95
7.78
7.61
7.43
7.25
7.06
6.86
6.65
6.45
6.25
6.06
5.87
5.70
5.54
5.40
5.28
5.17
5.08
5.01
4.95
4.90
4.87
4.85
4.85
4.85
4.86
4.88
4.91
4.95
5.00
5.05
5.11
5.17
5.24
5.31
5.38
5.46
5.54
5.63
5.73
5.82
5.94
6.06
6.19
6.33
6.48
6.64
6.80
6.97
7.14
7.33
7.50
7.66
7.83
7.97
8.09
8.18
8.25
8.29
8.31
8.30
8.28
8.25
8.21
8.15
8.07
7.99
7.87
7.75
7.60
7.45
7.27
7.11
6.98
6.98
7.07
7.09
7.11
37.57
39.43
41.56
44.11
47.04
50.33
53.98
58.11
62.40
67.19
72.45
78.16
84.48
91.14
98.41
106.00
114.10
122.60
131.30
140.50
150.10
159.60
169.90
180.50
191.60
203.30
215.50
228.20
241.10
254.60
268.20
282.70
297.20
311.90
325.50
338.90
352.80
365.80
376.50
386.80
395.50
401.60
405.90
408.20
409.60
407.50
404.60
400.20
393.90
385.60
374.40
360.90
345.40
327.30
306.50
286.20
264.30
242.70
222.50
202.70
183.80
166.30
150.60
135.70
122.50
111.40
101.90
94.26
87.62
81.16
75.12
69.08
63.30
58.04
53.40
49.17
45.38
41.89
38.59
35.45
32.54
29.86
27.37
25.14
23.12
21.32
19.71
18.29
16.99
15.92
15.02
14.28
13.74
13.30
12.97
12.71
12.51
12.34
12.18
12.03
11.85
11.65
11.42
11.18
10.91
10.61
10.27
9.92
9.54
9.16
8.76
8.37
7.99
7.62
7.28
6.95
6.66
6.40
6.17
5.96
5.79
5.63
5.51
5.40
5.31
5.24
5.18
5.14
5.12
5.11
5.11
5.13
5.15
5.19
5.24
5.28
5.35
5.41
5.47
5.54
5.62
5.70
5.79
5.90
5.99
6.12
6.24
6.38
6.52
6.68
6.84
7.00
7.17
7.35
7.52
7.69
7.86
7.99
8.10
8.20
8.27
8.31
8.32
8.33
8.32
8.29
8.24
8.18
8.11
8.02
7.91
7.76
7.62
7.46
7.28
7.11
6.98
6.96
7.04
7.06
7.06
37.51
39.24
41.29
43.70
46.51
49.70
53.31
57.24
61.48
66.11
71.25
77.03
82.82
89.53
96.71
104.20
112.20
120.70
129.50
138.70
148.10
158.00
168.10
178.80
189.80
201.50
213.50
225.90
239.20
252.80
266.90
281.00
295.90
310.40
325.50
339.80
353.70
367.50
379.90
391.00
400.90
409.30
416.00
420.00
422.90
423.50
423.20
420.30
415.60
409.30
400.60
389.60
376.10
360.00
342.20
321.50
299.70
277.70
255.50
234.00
213.20
193.40
175.10
158.20
142.40
127.80
115.20
104.50
95.35
87.38
80.21
73.29
66.50
60.27
54.50
49.31
44.68
40.54
36.84
33.43
30.37
27.56
25.01
22.75
20.71
18.89
17.29
15.84
14.56
13.45
12.46
11.65
10.97
10.41
9.96
9.60
9.30
9.05
8.84
8.64
8.45
8.28
8.11
7.95
7.78
7.61
7.43
7.25
7.06
6.86
6.65
6.45
6.25
6.06
5.87
5.70
5.54
5.40
5.28
5.17
5.08
5.01
4.95
4.90
4.87
4.85
4.85
4.85
4.86
4.88
4.91
4.95
5.00
5.05
5.11
5.17
5.24
5.31
5.38
5.46
5.54
5.63
5.73
5.82
5.94
6.06
6.19
6.33
6.48
6.64
6.80
6.97
7.14
7.33
7.50
7.66
7.83
7.97
8.09
8.18
8.25
8.29
8.31
8.30
8.28
8.25
8.21
8.15
8.07
7.99
7.87
7.75
7.60
7.45
7.27
7.11
6.98
6.98
7.07
7.09
7.11
38.02
39.54
41.42
43.69
46.31
49.34
52.76
56.49
60.56
65.01
70.10
75.72
81.85
88.42
95.46
103.00
110.90
119.30
127.90
136.80
146.10
155.70
165.50
175.70
186.50
197.80
209.00
221.30
233.80
246.90
260.20
274.20
288.70
303.40
318.70
334.40
350.20
366.00
381.70
396.10
410.10
422.50
433.80
443.60
451.00
456.70
460.70
462.60
462.30
459.90
455.90
449.90
441.20
430.50
417.20
401.90
384.40
364.20
342.30
319.10
295.40
271.10
247.30
223.50
201.10
179.90
159.60
141.00
124.10
108.70
95.23
83.67
74.43
65.20
57.67
51.15
45.57
40.72
36.49
32.73
29.44
26.52
23.94
21.59
19.56
17.73
16.10
14.66
13.37
12.22
11.25
10.41
9.69
9.09
8.59
8.18
7.84
7.55
7.31
7.09
6.92
6.74
6.58
6.44
6.31
6.18
6.05
5.93
5.81
5.67
5.54
5.41
5.28
5.16
5.04
4.93
4.84
4.75
4.68
4.62
4.58
4.54
4.52
4.51
4.50
4.50
4.51
4.53
4.56
4.59
4.64
4.69
4.75
4.80
4.88
4.95
5.03
5.10
5.18
5.27
5.36
5.45
5.56
5.67
5.78
5.90
6.04
6.18
6.33
6.49
6.66
6.84
7.01
7.19
7.37
7.54
7.71
7.86
7.98
8.08
8.15
8.19
8.22
8.22
8.21
8.18
8.14
8.07
7.99
7.89
7.78
7.67
7.54
7.41
7.25
7.10
7.01
7.02
7.12
7.17
7.20
38.40
39.67
41.28
43.28
45.65
48.46
51.54
55.02
58.79
63.04
67.91
73.46
79.17
85.37
92.35
99.56
107.00
115.10
123.00
131.20
139.80
148.40
157.20
166.50
175.70
185.20
194.70
204.90
215.10
225.40
236.00
246.60
257.70
269.00
280.80
292.80
305.60
318.90
332.30
346.20
360.50
375.00
389.00
402.70
416.00
427.60
438.60
448.00
456.20
462.60
467.10
469.20
470.20
468.10
465.50
459.90
452.70
442.60
431.10
416.90
400.90
382.70
362.20
340.50
316.80
291.90
267.10
242.00
217.20
192.90
170.30
148.20
128.20
109.20
92.32
77.64
65.08
54.76
46.40
39.80
34.65
30.62
27.45
24.87
22.70
20.82
19.13
17.60
16.17
14.85
13.67
12.61
11.66
10.84
10.13
9.51
9.00
8.55
8.17
7.82
7.53
7.26
7.03
6.81
6.62
6.43
6.27
6.10
5.95
5.80
5.65
5.50
5.34
5.21
5.07
4.96
4.85
4.75
4.68
4.60
4.54
4.51
4.48
4.46
4.45
4.45
4.46
4.47
4.49
4.52
4.55
4.60
4.64
4.70
4.76
4.82
4.89
4.96
5.03
5.11
5.19
5.28
5.37
5.47
5.58
5.69
5.82
5.95
6.09
6.25
6.41
6.58
6.75
6.93
7.11
7.29
7.47
7.64
7.78
7.90
8.00
8.06
8.10
8.11
8.11
8.08
8.05
7.99
7.92
7.84
7.73
7.62
7.50
7.38
7.24
7.10
7.04
7.08
7.22
7.30
7.34
38.99
39.95
41.25
42.99
45.03
47.49
50.34
53.67
57.16
61.17
66.06
71.40
77.31
83.64
90.49
97.63
105.00
112.70
120.40
128.30
136.20
144.20
152.20
160.30
168.60
177.00
185.40
193.70
202.20
210.40
218.90
227.10
235.80
243.80
252.60
260.50
269.60
278.40
287.60
296.90
307.20
317.50
328.90
340.70
353.10
366.20
380.00
394.60
409.10
424.60
438.70
452.90
466.70
478.80
490.50
501.30
509.40
516.20
521.70
524.70
524.10
521.50
515.80
506.40
494.20
478.20
459.40
437.00
413.00
384.40
353.30
320.10
285.80
251.20
216.40
183.40
152.00
124.40
100.70
81.90
66.29
53.29
43.99
36.90
31.55
27.38
24.13
21.51
19.30
17.45
15.89
14.54
13.40
12.40
11.56
10.83
10.20
9.66
9.18
8.76
8.40
8.07
7.77
7.50
7.26
7.03
6.82
6.62
6.43
6.23
6.06
5.88
5.70
5.55
5.39
5.24
5.12
5.00
4.90
4.82
4.76
4.70
4.65
4.62
4.60
4.58
4.58
4.58
4.59
4.60
4.63
4.66
4.70
4.74
4.80
4.84
4.90
4.96
5.02
5.09
5.16
5.23
5.31
5.39
5.49
5.59
5.69
5.81
5.94
6.08
6.23
6.37
6.54
6.71
6.88
7.06
7.24
7.40
7.55
7.68
7.78
7.86
7.91
7.95
7.96
7.96
7.93
7.89
7.83
7.75
7.66
7.56
7.44
7.33
7.20
7.09
7.04
7.12
7.29
7.40
7.45
39.44
39.94
40.84
42.11
43.77
45.78
48.34
51.21
54.27
57.99
62.59
67.84
73.47
79.81
86.43
93.54
101.00
108.70
116.50
124.50
132.60
140.70
148.90
157.40
165.90
174.20
183.00
191.80
200.40
208.80
217.10
225.90
234.10
242.50
251.00
259.00
267.30
275.40
283.80
291.70
300.50
309.00
317.70
326.50
335.00
344.80
354.20
363.80
373.80
384.40
395.00
405.80
417.40
428.80
440.70
452.40
465.20
475.80
487.50
497.50
506.40
514.10
521.00
524.70
527.00
526.20
522.90
516.70
505.90
492.10
473.90
451.60
425.40
394.10
360.50
322.80
284.30
245.30
207.30
172.30
140.40
111.80
88.86
70.53
56.44
45.83
37.82
31.89
27.38
23.91
21.23
19.04
17.29
15.82
14.58
13.52
12.62
11.83
11.15
10.53
9.99
9.50
9.05
8.65
8.28
7.95
7.64
7.36
7.08
6.83
6.58
6.34
6.13
5.93
5.75
5.58
5.43
5.30
5.19
5.10
5.01
4.95
4.90
4.86
4.82
4.80
4.79
4.79
4.79
4.81
4.82
4.85
4.88
4.91
4.94
4.99
5.04
5.08
5.13
5.18
5.24
5.30
5.37
5.44
5.52
5.60
5.69
5.79
5.90
6.01
6.14
6.27
6.42
6.57
6.73
6.88
7.04
7.20
7.35
7.48
7.59
7.68
7.74
7.78
7.81
7.82
7.81
7.78
7.73
7.66
7.58
7.49
7.38
7.28
7.15
7.04
7.02
7.13
7.32
7.44
7.51
40.73
40.89
41.34
42.13
43.35
44.86
46.84
49.09
51.57
54.71
58.75
63.63
69.10
75.14
81.76
88.44
95.52
103.00
110.70
118.50
126.20
134.30
142.50
150.60
159.00
167.40
175.80
184.10
192.20
200.40
208.20
215.90
223.60
231.00
238.20
245.40
252.00
258.80
265.70
272.20
278.50
285.00
291.30
297.60
304.10
310.50
316.80
323.20
329.80
336.20
342.80
348.80
355.30
361.40
367.80
373.30
379.40
384.30
388.80
392.40
395.90
398.40
399.40
399.30
398.10
395.30
390.70
384.00
376.00
364.60
351.10
335.30
316.40
295.50
271.80
246.40
219.10
191.60
164.50
138.40
115.00
93.62
75.82
61.16
49.56
40.51
33.57
28.25
24.17
21.00
18.55
16.58
15.00
13.71
12.64
11.74
10.98
10.33
9.77
9.27
8.83
8.44
8.08
7.76
7.47
7.20
6.94
6.70
6.48
6.28
6.08
5.90
5.73
5.57
5.43
5.31
5.19
5.10
5.02
4.96
4.90
4.86
4.82
4.80
4.78
4.77
4.77
4.78
4.79
4.80
4.83
4.86
4.89
4.92
4.97
5.01
5.06
5.11
5.16
5.21
5.26
5.32
5.37
5.44
5.50
5.57
5.64
5.72
5.82
5.92
6.02
6.14
6.27
6.41
6.55
6.70
6.85
6.99
7.13
7.25
7.37
7.45
7.53
7.58
7.62
7.64
7.64
7.63
7.59
7.55
7.47
7.39
7.32
7.24
7.14
7.08
7.10
7.22
7.42
7.57
7.63
39.44
39.21
39.36
39.87
40.80
42.11
43.83
45.92
48.26
51.25
55.21
59.83
65.04
70.76
76.76
83.15
89.65
96.20
102.80
109.60
116.30
123.00
129.60
136.40
143.00
149.70
156.20
162.60
168.70
174.70
180.30
185.30
189.90
194.20
198.20
201.60
204.00
206.10
207.70
208.90
209.40
209.30
208.90
208.10
206.70
205.60
203.60
201.70
199.70
197.30
195.40
193.10
190.60
188.40
186.30
184.20
182.40
180.60
179.10
177.40
176.00
174.10
172.20
169.80
167.10
163.80
160.10
155.20
149.70
143.00
135.30
127.10
118.00
108.10
97.93
87.64
77.44
67.40
58.44
49.85
42.49
36.24
31.11
26.88
23.46
20.71
18.44
16.56
14.99
13.64
12.49
11.50
10.65
9.92
9.32
8.78
8.34
7.95
7.62
7.33
7.07
6.83
6.63
6.44
6.27
6.10
5.95
5.82
5.68
5.56
5.44
5.34
5.23
5.14
5.06
5.00
4.94
4.89
4.85
4.82
4.81
4.80
4.79
4.79
4.80
4.81
4.82
4.85
4.88
4.91
4.95
4.99
5.03
5.08
5.13
5.19
5.24
5.29
5.35
5.40
5.46
5.52
5.57
5.63
5.69
5.76
5.83
5.91
5.99
6.09
6.19
6.30
6.42
6.56
6.68
6.82
6.95
7.10
7.23
7.35
7.47
7.56
7.64
7.70
7.73
7.75
7.77
7.76
7.72
7.67
7.59
7.50
7.41
7.32
7.23
7.16
7.16
7.22
7.35
7.47
7.51
38.99
38.27
37.90
37.91
38.33
39.10
40.27
41.78
43.50
45.78
48.95
52.75
57.06
61.64
66.42
71.33
76.28
80.95
85.50
89.78
93.75
97.52
100.90
103.80
106.40
108.40
110.00
111.00
111.40
111.10
110.20
108.80
106.90
104.40
101.60
98.51
95.10
91.37
87.42
83.39
79.24
75.07
70.97
67.24
63.84
60.97
58.62
57.01
56.11
55.91
56.46
57.70
59.59
62.09
65.00
68.15
71.59
74.96
78.33
81.31
83.99
86.08
87.40
88.09
87.92
87.06
85.37
82.92
79.87
76.15
72.03
67.45
62.65
57.73
52.67
47.74
42.93
38.34
34.08
30.22
26.80
23.88
21.31
19.09
17.17
15.47
13.98
12.69
11.53
10.53
9.66
8.93
8.30
7.79
7.37
7.01
6.73
6.48
6.28
6.09
5.93
5.79
5.66
5.54
5.42
5.32
5.23
5.14
5.06
4.98
4.91
4.85
4.79
4.74
4.70
4.66
4.64
4.62
4.62
4.61
4.62
4.63
4.64
4.66
4.68
4.70
4.73
4.77
4.80
4.84
4.88
4.94
4.98
5.04
5.10
5.15
5.21
5.27
5.33
5.39
5.44
5.50
5.56
5.62
5.68
5.75
5.82
5.90
5.99
6.08
6.18
6.29
6.40
6.52
6.65
6.78
6.90
7.03
7.15
7.27
7.38
7.48
7.56
7.62
7.66
7.69
7.70
7.68
7.66
7.60
7.53
7.44
7.35
7.26
7.17
7.10
7.09
7.13
7.24
7.38
7.46
38.40
37.34
36.61
36.18
36.10
36.40
37.00
37.90
38.91
40.47
42.82
45.67
48.83
52.13
55.39
58.57
61.47
64.01
66.24
67.94
69.18
69.95
70.28
70.18
69.61
68.60
67.08
65.25
62.91
60.26
57.25
54.10
50.81
47.64
44.60
41.79
39.40
37.42
35.95
34.88
34.26
34.01
34.10
34.44
35.04
35.85
36.85
38.03
39.37
40.91
42.58
44.44
46.39
48.49
50.69
52.88
55.04
57.10
58.90
60.49
61.74
62.54
62.92
62.86
62.32
61.38
60.03
58.24
56.20
53.93
51.44
48.82
46.06
43.25
40.26
37.16
33.97
30.73
27.62
24.65
21.94
19.55
17.47
15.64
14.07
12.70
11.50
10.45
9.56
8.80
8.14
7.58
7.10
6.71
6.40
6.13
5.91
5.73
5.57
5.42
5.28
5.16
5.05
4.95
4.87
4.79
4.71
4.65
4.60
4.55
4.51
4.47
4.44
4.42
4.40
4.38
4.38
4.37
4.37
4.38
4.39
4.40
4.42
4.44
4.47
4.50
4.53
4.57
4.61
4.65
4.69
4.74
4.79
4.84
4.90
4.96
5.02
5.07
5.13
5.19
5.26
5.32
5.38
5.45
5.52
5.60
5.68
5.77
5.87
5.98
6.08
6.19
6.31
6.43
6.56
6.68
6.79
6.92
7.03
7.14
7.25
7.34
7.42
7.48
7.53
7.56
7.58
7.59
7.57
7.52
7.45
7.35
7.27
7.17
7.08
7.01
7.00
7.03
7.12
7.24
7.33
38.02
36.63
35.54
34.79
34.34
34.17
34.27
34.58
34.98
35.78
37.25
39.20
41.33
43.45
45.51
47.29
48.78
49.83
50.45
50.66
50.39
49.72
48.71
47.44
45.88
44.11
42.21
40.26
38.30
36.47
34.80
33.40
32.21
31.34
30.73
30.37
30.20
30.18
30.33
30.59
30.94
31.42
32.00
32.62
33.31
34.10
34.92
35.83
36.74
37.67
38.63
39.66
40.61
41.52
42.46
43.33
44.15
44.90
45.60
46.08
46.50
46.70
46.73
46.56
46.26
45.75
45.12
44.26
43.24
42.09
40.75
39.19
37.46
35.52
33.41
31.09
28.54
25.94
23.34
20.83
18.52
16.46
14.64
13.06
11.71
10.54
9.52
8.67
7.93
7.30
6.79
6.36
5.99
5.70
5.45
5.25
5.08
4.93
4.80
4.69
4.59
4.50
4.43
4.35
4.29
4.24
4.20
4.17
4.14
4.12
4.10
4.09
4.08
4.08
4.09
4.09
4.10
4.11
4.12
4.14
4.17
4.19
4.22
4.26
4.29
4.33
4.37
4.41
4.45
4.50
4.56
4.61
4.66
4.72
4.77
4.83
4.89
4.95
5.01
5.07
5.13
5.20
5.27
5.33
5.41
5.49
5.58
5.67
5.77
5.87
5.99
6.10
6.22
6.33
6.46
6.57
6.69
6.80
6.91
7.02
7.12
7.21
7.28
7.35
7.41
7.46
7.48
7.49
7.48
7.43
7.36
7.28
7.19
7.10
7.02
6.94
6.92
6.93
7.01
7.12
7.21
37.51
36.00
34.76
33.81
33.13
32.68
32.45
32.39
32.31
32.68
33.67
35.03
36.50
38.00
39.30
40.36
41.06
41.40
41.32
40.83
40.06
38.96
37.72
36.31
34.89
33.46
32.11
30.92
29.87
29.04
28.41
27.95
27.68
27.55
27.57
27.67
27.86
28.10
28.44
28.80
29.25
29.72
30.30
30.91
31.55
32.27
33.00
33.76
34.55
35.34
36.06
36.79
37.49
38.13
38.72
39.24
39.76
40.23
40.68
40.99
41.27
41.42
41.45
41.31
41.08
40.61
40.05
39.25
38.25
37.04
35.66
34.07
32.28
30.30
28.18
25.93
23.61
21.28
19.04
16.96
15.05
13.37
11.90
10.62
9.52
8.57
7.77
7.07
6.49
6.00
5.60
5.26
4.99
4.76
4.58
4.42
4.30
4.19
4.10
4.03
3.97
3.92
3.88
3.85
3.82
3.80
3.79
3.79
3.78
3.77
3.78
3.78
3.79
3.80
3.81
3.83
3.85
3.88
3.90
3.93
3.96
4.00
4.04
4.08
4.12
4.16
4.20
4.24
4.29
4.34
4.39
4.45
4.50
4.56
4.61
4.67
4.73
4.79
4.85
4.91
4.98
5.05
5.12
5.19
5.27
5.36
5.45
5.55
5.66
5.76
5.88
5.99
6.11
6.24
6.36
6.47
6.58
6.69
6.80
6.91
7.01
7.10
7.18
7.25
7.31
7.36
7.40
7.41
7.41
7.37
7.32
7.25
7.16
7.07
6.98
6.90
6.86
6.85
6.92
7.02
7.11
37.57
35.92
34.57
33.55
32.74
32.22
31.84
31.63
31.36
31.49
32.26
33.43
34.70
35.97
37.09
37.96
38.53
38.72
38.49
37.90
37.00
35.91
34.68
33.38
32.12
30.86
29.79
28.79
28.02
27.41
26.99
26.70
26.54
26.50
26.56
26.68
26.80
26.97
27.21
27.48
27.81
28.18
28.58
28.99
29.48
29.98
30.51
31.08
31.66
32.23
32.80
33.41
33.95
34.54
35.12
35.73
36.26
36.85
37.33
37.82
38.26
38.58
38.85
38.96
38.91
38.72
38.29
37.69
36.85
35.78
34.43
32.94
31.19
29.29
27.25
25.12
22.96
20.76
18.63
16.59
14.70
13.01
11.51
10.19
9.08
8.14
7.30
6.59
6.04
5.57
5.18
4.85
4.59
4.38
4.20
4.06
3.95
3.86
3.78
3.72
3.67
3.64
3.62
3.60
3.60
3.61
3.61
3.61
3.63
3.64
3.66
3.67
3.70
3.72
3.74
3.77
3.79
3.82
3.85
3.88
3.91
3.94
3.98
4.01
4.06
4.10
4.14
4.18
4.23
4.27
4.33
4.38
4.44
4.50
4.55
4.61
4.67
4.73
4.78
4.85
4.92
4.99
5.06
5.14
5.22
5.31
5.40
5.50
5.61
5.72
5.85
5.96
6.07
6.20
6.31
6.43
6.54
6.66
6.77
6.87
6.98
7.06
7.15
7.23
7.29
7.34
7.37
7.39
7.39
7.36
7.31
7.23
7.15
7.07
6.97
6.89
6.84
6.83
6.88
6.98
7.07
37.51
36.00
34.76
33.81
33.13
32.68
32.45
32.39
32.31
32.68
33.67
35.03
36.50
38.00
39.30
40.36
41.06
41.40
41.32
40.83
40.06
38.96
37.72
36.31
34.89
33.46
32.11
30.92
29.87
29.04
28.41
27.95
27.68
27.55
27.57
27.67
27.86
28.10
28.44
28.80
29.25
29.72
30.30
30.91
31.55
32.27
33.00
33.76
34.55
35.34
36.06
36.79
37.49
38.13
38.72
39.24
39.76
40.23
40.68
40.99
41.27
41.42
41.45
41.31
41.08
40.61
40.05
39.25
38.25
37.04
35.66
34.07
32.28
30.30
28.18
25.93
23.61
21.28
19.04
16.96
15.05
13.37
11.90
10.62
9.52
8.57
7.77
7.07
6.49
6.00
5.60
5.26
4.99
4.76
4.58
4.42
4.30
4.19
4.10
4.03
3.97
3.92
3.88
3.85
3.82
3.80
3.79
3.79
3.78
3.77
3.78
3.78
3.79
3.80
3.81
3.83
3.85
3.88
3.90
3.93
3.96
4.00
4.04
4.08
4.12
4.16
4.20
4.24
4.29
4.34
4.39
4.45
4.50
4.56
4.61
4.67
4.73
4.79
4.85
4.91
4.98
5.05
5.12
5.19
5.27
5.36
5.45
5.55
5.66
5.76
5.88
5.99
6.11
6.24
6.36
6.47
6.58
6.69
6.80
6.91
7.01
7.10
7.18
7.25
7.31
7.36
7.40
7.41
7.41
7.37
7.32
7.25
7.16
7.07
6.98
6.90
6.86
6.85
6.92
7.02
7.11
38.02
36.63
35.54
34.79
34.34
34.17
34.27
34.58
34.98
35.78
37.25
39.20
41.33
43.45
45.51
47.29
48.78
49.83
50.45
50.66
50.39
49.72
48.71
47.44
45.88
44.11
42.21
40.26
38.30
36.47
34.80
33.40
32.21
31.34
30.73
30.37
30.20
30.18
30.33
30.59
30.94
31.42
32.00
32.62
33.31
34.10
34.92
35.83
36.74
37.67
38.63
39.66
40.61
41.52
42.46
43.33
44.15
44.90
45.60
46.08
46.50
46.70
46.73
46.56
46.26
45.75
45.12
44.26
43.24
42.09
40.75
39.19
37.46
35.52
33.41
31.09
28.54
25.94
23.34
20.83
18.52
16.46
14.64
13.06
11.71
10.54
9.52
8.67
7.93
7.30
6.79
6.36
5.99
5.70
5.45
5.25
5.08
4.93
4.80
4.69
4.59
4.50
4.43
4.35
4.29
4.24
4.20
4.17
4.14
4.12
4.10
4.09
4.08
4.08
4.09
4.09
4.10
4.11
4.12
4.14
4.17
4.19
4.22
4.26
4.29
4.33
4.37
4.41
4.45
4.50
4.56
4.61
4.66
4.72
4.77
4.83
4.89
4.95
5.01
5.07
5.13
5.20
5.27
5.33
5.41
5.49
5.58
5.67
5.77
5.87
5.99
6.10
6.22
6.33
6.46
6.57
6.69
6.80
6.91
7.02
7.12
7.21
7.28
7.35
7.41
7.46
7.48
7.49
7.48
7.43
7.36
7.28
7.19
7.10
7.02
6.94
6.92
6.93
7.01
7.12
7.21
38.40
37.34
36.61
36.18
36.10
36.40
37.00
37.90
38.91
40.47
42.82
45.67
48.83
52.13
55.39
58.57
61.47
64.01
66.24
67.94
69.18
69.95
70.28
70.18
69.61
68.60
67.08
65.25
62.91
60.26
57.25
54.10
50.81
47.64
44.60
41.79
39.40
37.42
35.95
34.88
34.26
34.01
34.10
34.44
35.04
35.85
36.85
38.03
39.37
40.91
42.58
44.44
46.39
48.49
50.69
52.88
55.04
57.10
58.90
60.49
61.74
62.54
62.92
62.86
62.32
61.38
60.03
58.24
56.20
53.93
51.44
48.82
46.06
43.25
40.26
37.16
33.97
30.73
27.62
24.65
21.94
19.55
17.47
15.64
14.07
12.70
11.50
10.45
9.56
8.80
8.14
7.58
7.10
6.71
6.40
6.13
5.91
5.73
5.57
5.42
5.28
5.16
5.05
4.95
4.87
4.79
4.71
4.65
4.60
4.55
4.51
4.47
4.44
4.42
4.40
4.38
4.38
4.37
4.37
4.38
4.39
4.40
4.42
4.44
4.47
4.50
4.53
4.57
4.61
4.65
4.69
4.74
4.79
4.84
4.90
4.96
5.02
5.07
5.13
5.19
5.26
5.32
5.38
5.45
5.52
5.60
5.68
5.77
5.87
5.98
6.08
6.19
6.31
6.43
6.56
6.68
6.79
6.92
7.03
7.14
7.25
7.34
7.42
7.48
7.53
7.56
7.58
7.59
7.57
7.52
7.45
7.35
7.27
7.17
7.08
7.01
7.00
7.03
7.12
7.24
7.33
38.99
38.27
37.90
37.91
38.33
39.10
40.27
41.78
43.50
45.78
48.95
52.75
57.06
61.64
66.42
71.33
76.28
80.95
85.50
89.78
93.75
97.52
100.90
103.80
106.40
108.40
110.00
111.00
111.40
111.10
110.20
108.80
106.90
104.40
101.60
98.51
95.10
91.37
87.42
83.39
79.24
75.07
70.97
67.24
63.84
60.97
58.62
57.01
56.11
55.91
56.46
57.70
59.59
62.09
65.00
68.15
71.59
74.96
78.33
81.31
83.99
86.08
87.40
88.09
87.92
87.06
85.37
82.92
79.87
76.15
72.03
67.45
62.65
57.73
52.67
47.74
42.93
38.34
34.08
30.22
26.80
23.88
21.31
19.09
17.17
15.47
13.98
12.69
11.53
10.53
9.66
8.93
8.30
7.79
7.37
7.01
6.73
6.48
6.28
6.09
5.93
5.79
5.66
5.54
5.42
5.32
5.23
5.14
5.06
4.98
4.91
4.85
4.79
4.74
4.70
4.66
4.64
4.62
4.62
4.61
4.62
4.63
4.64
4.66
4.68
4.70
4.73
4.77
4.80
4.84
4.88
4.94
4.98
5.04
5.10
5.15
5.21
5.27
5.33
5.39
5.44
5.50
5.56
5.62
5.68
5.75
5.82
5.90
5.99
6.08
6.18
6.29
6.40
6.52
6.65
6.78
6.90
7.03
7.15
7.27
7.38
7.48
7.56
7.62
7.66
7.69
7.70
7.68
7.66
7.60
7.53
7.44
7.35
7.26
7.17
7.10
7.09
7.13
7.24
7.38
7.46
39.44
39.21
39.36
39.87
40.80
42.11
43.83
45.92
48.26
51.25
55.21
59.83
65.04
70.76
76.76
83.15
89.65
96.20
102.80
109.60
116.30
123.00
129.60
136.40
143.00
149.70
156.20
162.60
168.70
174.70
180.30
185.30
189.90
194.20
198.20
201.60
204.00
206.10
207.70
208.90
209.40
209.30
208.90
208.10
206.70
205.60
203.60
201.70
199.70
197.30
195.40
193.10
190.60
188.40
186.30
184.20
182.40
180.60
179.10
177.40
176.00
174.10
172.20
169.80
167.10
163.80
160.10
155.20
149.70
143.00
135.30
127.10
118.00
108.10
97.93
87.64
77.44
67.40
58.44
49.85
42.49
36.24
31.11
26.88
23.46
20.71
18.44
16.56
14.99
13.64
12.49
11.50
10.65
9.92
9.32
8.78
8.34
7.95
7.62
7.33
7.07
6.83
6.63
6.44
6.27
6.10
5.95
5.82
5.68
5.56
5.44
5.34
5.23
5.14
5.06
5.00
4.94
4.89
4.85
4.82
4.81
4.80
4.79
4.79
4.80
4.81
4.82
4.85
4.88
4.91
4.95
4.99
5.03
5.08
5.13
5.19
5.24
5.29
5.35
5.40
5.46
5.52
5.57
5.63
5.69
5.76
5.83
5.91
5.99
6.09
6.19
6.30
6.42
6.56
6.68
6.82
6.95
7.10
7.23
7.35
7.47
7.56
7.64
7.70
7.73
7.75
7.77
7.76
7.72
7.67
7.59
7.50
7.41
7.32
7.23
7.16
7.16
7.22
7.35
7.47
7.51
