SALVI
1
0
24
15.0
181
1.0
240208 Icon Y22  F4T1 350 TRANS L
ICON Y22  F4T1 350 TRANS L

ICON-Y22-F4T1-PMMAL.ldt
4 Mar? 2024/TB
570
0
435
500
60
0
0
0
0
93.95
100.00
1.00
0.00
1
1
Y22
4205.30
3000
70
41.50
0.25
0.33
0.41
0.48
0.54
0.62
0.66
0.70
0.75
0.78
0.00
15.00
30.00
45.00
60.00
75.00
90.00
105.00
120.00
135.00
150.00
165.00
180.00
195.00
210.00
225.00
240.00
255.00
270.00
285.00
300.00
315.00
330.00
345.00
0.00
1.00
2.00
3.00
4.00
5.00
6.00
7.00
8.00
9.00
10.00
11.00
12.00
13.00
14.00
15.00
16.00
17.00
18.00
19.00
20.00
21.00
22.00
23.00
24.00
25.00
26.00
27.00
28.00
29.00
30.00
31.00
32.00
33.00
34.00
35.00
36.00
37.00
38.00
39.00
40.00
41.00
42.00
43.00
44.00
45.00
46.00
47.00
48.00
49.00
50.00
51.00
52.00
53.00
54.00
55.00
56.00
57.00
58.00
59.00
60.00
61.00
62.00
63.00
64.00
65.00
66.00
67.00
68.00
69.00
70.00
71.00
72.00
73.00
74.00
75.00
76.00
77.00
78.00
79.00
80.00
81.00
82.00
83.00
84.00
85.00
86.00
87.00
88.00
89.00
90.00
91.00
92.00
93.00
94.00
95.00
96.00
97.00
98.00
99.00
100.00
101.00
102.00
103.00
104.00
105.00
106.00
107.00
108.00
109.00
110.00
111.00
112.00
113.00
114.00
115.00
116.00
117.00
118.00
119.00
120.00
121.00
122.00
123.00
124.00
125.00
126.00
127.00
128.00
129.00
130.00
131.00
132.00
133.00
134.00
135.00
136.00
137.00
138.00
139.00
140.00
141.00
142.00
143.00
144.00
145.00
146.00
147.00
148.00
149.00
150.00
151.00
152.00
153.00
154.00
155.00
156.00
157.00
158.00
159.00
160.00
161.00
162.00
163.00
164.00
165.00
166.00
167.00
168.00
169.00
170.00
171.00
172.00
173.00
174.00
175.00
176.00
177.00
178.00
179.00
180.00
263.40
263.20
263.00
262.90
262.90
262.80
262.60
262.10
261.80
261.80
261.50
261.00
260.30
259.40
258.30
257.30
256.00
254.00
251.30
245.90
241.50
238.50
236.40
235.00
233.70
232.80
232.40
232.10
232.00
232.10
232.20
232.40
232.60
233.00
233.50
234.10
234.10
234.60
235.10
236.30
237.70
241.40
239.40
237.40
234.90
231.60
228.50
225.30
222.00
218.40
214.10
209.50
204.40
199.70
195.30
190.90
186.80
182.80
179.10
174.60
168.80
162.30
155.90
148.90
141.20
133.50
126.00
118.70
111.40
104.20
97.49
90.96
85.00
79.46
74.47
69.80
65.04
60.13
55.34
50.90
46.72
42.17
38.07
34.05
30.06
26.21
22.86
20.10
16.94
12.43
8.24
6.93
6.74
6.85
7.00
7.29
7.60
7.91
8.05
8.02
8.06
8.01
8.00
7.91
7.88
7.96
8.07
8.19
8.29
8.34
8.39
8.44
8.46
8.48
8.49
8.53
8.56
8.56
8.57
8.57
8.46
8.28
8.15
8.12
8.10
8.10
8.10
8.11
8.12
8.13
8.15
8.15
8.14
8.17
8.25
8.38
8.55
8.79
9.16
9.69
10.41
11.28
12.04
12.90
13.99
14.41
14.01
13.57
13.40
13.38
13.39
13.36
13.36
13.40
13.49
13.61
13.86
14.22
14.60
15.08
15.69
16.34
17.06
17.95
18.68
19.08
19.23
19.76
19.78
19.86
19.88
20.02
20.13
20.23
20.42
20.57
20.65
20.60
20.67
20.72
20.71
261.90
262.70
263.60
264.20
265.10
265.90
266.60
267.00
267.60
268.40
268.80
268.80
269.10
269.20
269.20
269.10
268.50
267.50
265.20
260.90
256.00
253.70
252.30
251.30
250.60
250.30
250.50
250.80
251.00
251.70
252.50
253.20
254.10
254.90
255.60
256.40
257.30
258.30
259.50
260.50
262.20
266.90
265.80
263.60
260.80
257.40
253.90
250.50
247.40
243.60
239.60
235.40
230.20
225.50
220.70
215.30
210.10
205.00
199.60
194.10
188.00
181.10
173.70
165.80
157.70
149.70
141.30
132.90
124.60
116.50
108.90
101.40
94.55
88.45
82.82
77.47
71.93
66.45
61.07
56.12
51.31
46.52
41.78
37.18
32.94
28.78
25.01
22.21
18.69
13.71
8.92
7.31
7.17
7.34
7.35
7.66
8.11
8.42
8.54
8.57
8.75
8.68
8.62
8.49
8.42
8.47
8.60
8.75
8.84
8.85
8.88
8.91
8.93
8.96
9.00
9.05
9.12
9.14
9.16
9.16
9.05
8.83
8.67
8.63
8.62
8.62
8.63
8.63
8.64
8.64
8.65
8.62
8.62
8.65
8.70
8.83
8.99
9.22
9.60
10.18
11.03
11.90
12.68
13.64
14.56
14.41
13.97
13.73
13.59
13.54
13.48
13.41
13.35
13.30
13.15
13.00
13.05
13.25
13.54
13.86
14.32
14.89
15.62
16.33
16.94
17.22
17.11
17.17
17.16
17.27
17.44
17.92
18.04
18.13
18.31
18.69
18.86
18.88
19.25
19.38
19.57
262.10
263.60
265.10
266.70
268.30
269.90
271.30
272.70
274.00
275.20
276.70
278.10
279.20
280.40
280.70
281.40
281.50
280.90
279.60
276.10
271.40
269.30
268.50
267.70
267.80
267.90
268.40
269.20
269.90
270.70
272.00
273.20
274.30
275.40
276.20
277.50
278.80
280.00
281.40
283.30
285.10
289.40
289.40
287.20
284.10
280.70
277.40
274.10
270.90
267.60
262.70
257.30
252.10
246.60
242.10
237.80
233.30
229.50
224.50
219.00
212.40
204.30
196.30
187.50
178.40
169.20
159.70
150.40
141.00
131.90
123.60
115.20
107.60
101.60
93.94
87.07
80.27
73.99
67.97
62.13
56.82
51.35
46.22
41.14
36.33
31.56
27.29
24.17
20.54
14.73
9.37
7.57
7.55
7.81
7.76
8.07
8.56
8.83
9.02
9.14
9.33
9.34
9.27
9.05
8.95
8.99
9.13
9.32
9.37
9.34
9.37
9.37
9.38
9.40
9.44
9.51
9.60
9.64
9.68
9.69
9.63
9.41
9.24
9.20
9.17
9.15
9.15
9.15
9.15
9.15
9.17
9.11
9.08
9.09
9.15
9.27
9.43
9.67
10.06
10.73
11.70
12.61
13.54
14.61
15.35
15.19
14.77
14.46
14.30
14.22
14.17
14.09
14.03
13.97
13.70
13.60
13.67
13.88
14.17
14.56
14.96
15.46
15.97
16.67
17.57
17.93
17.68
17.36
17.18
17.05
17.11
17.37
17.61
17.73
17.98
18.40
18.56
18.70
19.02
19.24
19.49
262.00
264.10
266.30
268.60
271.10
273.40
275.50
277.70
279.80
282.10
284.20
286.00
288.20
290.20
291.80
293.50
293.90
294.30
293.20
289.90
285.10
283.90
283.30
283.50
283.40
284.20
284.90
285.70
286.90
288.20
289.40
290.40
291.50
292.40
293.70
294.90
295.50
296.50
298.20
299.70
302.20
305.40
306.60
304.10
301.00
297.50
293.90
290.70
287.30
283.80
280.10
275.20
270.10
265.30
261.00
256.70
253.30
249.20
244.60
239.30
233.60
226.30
218.20
209.50
200.20
191.20
181.10
171.40
161.00
151.10
141.30
131.50
121.90
113.50
105.50
97.69
90.17
82.89
75.74
69.16
62.90
56.93
51.04
45.60
40.19
34.95
29.94
26.41
22.71
16.50
10.32
7.78
7.71
8.21
8.24
8.43
8.87
9.20
9.50
9.74
9.86
9.92
9.78
9.56
9.44
9.51
9.70
9.93
9.88
9.82
9.84
9.84
9.86
9.90
9.96
10.10
10.31
10.35
10.36
10.29
10.06
9.80
9.67
9.64
9.64
9.64
9.64
9.65
9.65
9.65
9.64
9.56
9.53
9.53
9.57
9.67
9.84
10.10
10.52
11.22
12.28
13.34
14.37
15.66
16.46
16.15
15.65
15.30
15.12
15.07
15.06
14.99
14.86
14.72
14.42
14.28
14.34
14.54
14.83
15.13
15.30
15.66
16.23
16.89
17.65
18.33
18.21
17.58
17.05
16.84
16.85
17.06
17.25
17.44
17.70
18.14
18.33
18.56
19.02
19.23
19.51
262.30
264.90
267.90
270.50
273.40
276.50
279.60
282.10
285.10
287.90
290.80
293.80
296.40
298.80
300.80
302.30
303.90
304.90
304.40
301.70
296.40
294.90
294.90
295.00
295.70
296.60
297.90
299.50
300.60
301.40
303.20
304.00
305.40
306.30
307.60
309.30
310.10
311.40
312.40
314.00
316.20
320.00
321.80
320.20
316.40
311.80
308.20
304.90
301.60
297.80
293.40
288.80
283.30
277.50
273.20
269.00
265.10
261.40
257.30
252.50
245.70
238.20
229.70
220.70
211.40
202.00
192.10
182.00
171.80
161.20
150.40
139.30
128.50
118.60
109.60
101.70
93.94
86.39
79.07
72.62
66.18
59.61
53.41
47.50
41.93
36.24
30.93
27.30
23.49
16.94
10.39
7.77
7.76
8.38
8.54
8.77
9.25
9.55
9.84
10.14
10.25
10.24
10.04
9.88
9.84
9.99
10.19
10.31
10.19
10.11
10.12
10.13
10.15
10.17
10.23
10.32
10.45
10.55
10.70
10.72
10.52
10.21
10.08
10.05
10.01
10.00
9.99
9.99
10.00
10.01
10.00
9.91
9.87
9.87
9.89
10.00
10.21
10.54
11.02
11.93
13.12
14.25
15.43
16.99
17.33
16.77
16.29
15.95
15.78
15.70
15.63
15.55
15.46
15.25
14.99
14.91
14.99
15.21
15.55
15.80
15.97
16.34
16.83
17.47
18.33
18.97
18.61
17.69
16.97
16.72
16.76
17.04
17.14
17.37
17.65
18.03
18.29
18.51
18.95
19.28
19.54
262.00
265.20
268.20
271.10
274.70
278.20
281.40
284.60
288.10
291.70
295.10
298.20
301.20
304.10
306.50
308.70
310.50
311.50
310.90
308.40
302.70
301.80
301.80
302.10
302.70
303.50
304.80
306.20
307.70
309.00
310.40
311.40
312.40
313.60
314.60
315.30
316.50
318.10
320.30
321.80
323.90
326.90
329.30
326.90
323.60
319.70
315.40
311.50
308.10
304.40
299.70
294.40
289.10
283.60
278.80
274.20
269.80
265.60
261.30
256.00
249.10
241.30
232.30
223.10
213.30
203.20
192.70
181.80
170.60
158.90
147.30
135.90
125.30
116.60
108.90
101.60
94.10
86.68
79.55
72.74
66.22
59.67
53.27
47.33
41.63
36.18
30.81
27.15
23.66
17.85
10.92
7.74
7.67
8.24
8.57
8.91
9.46
9.79
10.00
10.21
10.35
10.30
10.14
10.07
10.13
10.31
10.46
10.52
10.41
10.33
10.33
10.35
10.37
10.39
10.46
10.58
10.75
10.89
10.96
10.90
10.71
10.42
10.27
10.24
10.22
10.22
10.23
10.24
10.24
10.25
10.22
10.14
10.09
10.10
10.13
10.23
10.44
10.77
11.30
12.31
13.59
14.72
16.03
17.83
17.68
17.01
16.68
16.41
16.27
16.15
16.09
15.99
15.89
15.78
15.56
15.51
15.41
15.52
15.69
15.89
16.20
16.83
17.52
18.34
19.12
19.48
18.96
17.76
16.84
16.65
16.69
16.98
17.14
17.26
17.53
17.93
18.13
18.45
18.94
19.34
19.69
262.10
265.20
268.40
271.80
275.30
278.60
282.30
285.60
289.40
292.90
296.20
300.10
303.40
305.90
308.50
310.80
312.10
313.30
312.70
309.30
304.70
304.00
303.80
303.80
304.50
305.50
307.20
308.90
310.80
311.70
313.00
314.80
316.00
317.60
318.90
319.40
320.20
322.20
324.20
326.00
328.20
331.60
333.20
331.30
327.00
322.40
318.60
314.80
311.70
307.50
302.70
297.00
291.10
284.90
279.80
275.00
271.00
266.90
262.50
257.20
250.00
241.80
232.90
223.50
213.60
203.40
192.40
180.90
169.00
156.80
144.60
133.50
123.60
115.20
107.40
100.40
92.87
85.54
78.49
72.02
65.55
58.86
52.59
46.86
41.13
35.53
30.30
26.75
23.26
17.38
10.57
7.67
7.70
8.22
8.58
9.00
9.59
9.88
10.03
10.20
10.33
10.33
10.15
10.14
10.25
10.45
10.54
10.55
10.49
10.42
10.40
10.40
10.41
10.46
10.54
10.66
10.83
10.98
11.04
10.98
10.73
10.49
10.38
10.34
10.30
10.29
10.29
10.29
10.31
10.33
10.32
10.21
10.18
10.15
10.17
10.28
10.49
10.83
11.31
12.33
13.42
14.45
15.74
17.57
18.28
17.93
17.55
17.25
16.96
16.70
16.58
16.41
16.26
15.98
15.74
15.59
15.62
15.79
16.01
16.24
16.56
17.21
17.93
18.63
19.36
19.64
18.92
17.68
16.83
16.64
16.67
16.98
17.16
17.28
17.56
17.92
18.10
18.47
18.94
19.35
19.65
262.00
265.20
268.20
271.10
274.70
278.20
281.40
284.60
288.10
291.70
295.10
298.20
301.20
304.10
306.50
308.70
310.50
311.50
310.90
308.40
302.70
301.80
301.80
302.10
302.70
303.50
304.80
306.20
307.70
309.00
310.40
311.40
312.40
313.60
314.60
315.30
316.50
318.10
320.30
321.80
323.90
326.90
329.30
326.90
323.60
319.70
315.40
311.50
308.10
304.40
299.70
294.40
289.10
283.60
278.80
274.20
269.80
265.60
261.30
256.00
249.10
241.30
232.30
223.10
213.30
203.20
192.70
181.80
170.60
158.90
147.30
135.90
125.30
116.60
108.90
101.60
94.10
86.68
79.55
72.74
66.22
59.67
53.27
47.33
41.63
36.18
30.81
27.15
23.66
17.85
10.92
7.74
7.67
8.24
8.57
8.91
9.46
9.79
10.00
10.21
10.35
10.30
10.14
10.07
10.13
10.31
10.46
10.52
10.41
10.33
10.33
10.35
10.37
10.39
10.46
10.58
10.75
10.89
10.96
10.90
10.71
10.42
10.27
10.24
10.22
10.22
10.23
10.24
10.24
10.25
10.22
10.14
10.09
10.10
10.13
10.23
10.44
10.77
11.30
12.31
13.59
14.72
16.03
17.83
17.68
17.01
16.68
16.41
16.27
16.15
16.09
15.99
15.89
15.78
15.56
15.51
15.41
15.52
15.69
15.89
16.20
16.83
17.52
18.34
19.12
19.48
18.96
17.76
16.84
16.65
16.69
16.98
17.14
17.26
17.53
17.93
18.13
18.45
18.94
19.34
19.69
262.30
264.90
267.90
270.50
273.40
276.50
279.60
282.10
285.10
287.90
290.80
293.80
296.40
298.80
300.80
302.30
303.90
304.90
304.40
301.70
296.40
294.90
294.90
295.00
295.70
296.60
297.90
299.50
300.60
301.40
303.20
304.00
305.40
306.30
307.60
309.30
310.10
311.40
312.40
314.00
316.20
320.00
321.80
320.20
316.40
311.80
308.20
304.90
301.60
297.80
293.40
288.80
283.30
277.50
273.20
269.00
265.10
261.40
257.30
252.50
245.70
238.20
229.70
220.70
211.40
202.00
192.10
182.00
171.80
161.20
150.40
139.30
128.50
118.60
109.60
101.70
93.94
86.39
79.07
72.62
66.18
59.61
53.41
47.50
41.93
36.24
30.93
27.30
23.49
16.94
10.39
7.77
7.76
8.38
8.54
8.77
9.25
9.55
9.84
10.14
10.25
10.24
10.04
9.88
9.84
9.99
10.19
10.31
10.19
10.11
10.12
10.13
10.15
10.17
10.23
10.32
10.45
10.55
10.70
10.72
10.52
10.21
10.08
10.05
10.01
10.00
9.99
9.99
10.00
10.01
10.00
9.91
9.87
9.87
9.89
10.00
10.21
10.54
11.02
11.93
13.12
14.25
15.43
16.99
17.33
16.77
16.29
15.95
15.78
15.70
15.63
15.55
15.46
15.25
14.99
14.91
14.99
15.21
15.55
15.80
15.97
16.34
16.83
17.47
18.33
18.97
18.61
17.69
16.97
16.72
16.76
17.04
17.14
17.37
17.65
18.03
18.29
18.51
18.95
19.28
19.54
262.00
264.10
266.30
268.60
271.10
273.40
275.50
277.70
279.80
282.10
284.20
286.00
288.20
290.20
291.80
293.50
293.90
294.30
293.20
289.90
285.10
283.90
283.30
283.50
283.40
284.20
284.90
285.70
286.90
288.20
289.40
290.40
291.50
292.40
293.70
294.90
295.50
296.50
298.20
299.70
302.20
305.40
306.60
304.10
301.00
297.50
293.90
290.70
287.30
283.80
280.10
275.20
270.10
265.30
261.00
256.70
253.30
249.20
244.60
239.30
233.60
226.30
218.20
209.50
200.20
191.20
181.10
171.40
161.00
151.10
141.30
131.50
121.90
113.50
105.50
97.69
90.17
82.89
75.74
69.16
62.90
56.93
51.04
45.60
40.19
34.95
29.94
26.41
22.71
16.50
10.32
7.78
7.71
8.21
8.24
8.43
8.87
9.20
9.50
9.74
9.86
9.92
9.78
9.56
9.44
9.51
9.70
9.93
9.88
9.82
9.84
9.84
9.86
9.90
9.96
10.10
10.31
10.35
10.36
10.29
10.06
9.80
9.67
9.64
9.64
9.64
9.64
9.65
9.65
9.65
9.64
9.56
9.53
9.53
9.57
9.67
9.84
10.10
10.52
11.22
12.28
13.34
14.37
15.66
16.46
16.15
15.65
15.30
15.12
15.07
15.06
14.99
14.86
14.72
14.42
14.28
14.34
14.54
14.83
15.13
15.30
15.66
16.23
16.89
17.65
18.33
18.21
17.58
17.05
16.84
16.85
17.06
17.25
17.44
17.70
18.14
18.33
18.56
19.02
19.23
19.51
262.10
263.60
265.10
266.70
268.30
269.90
271.30
272.70
274.00
275.20
276.70
278.10
279.20
280.40
280.70
281.40
281.50
280.90
279.60
276.10
271.40
269.30
268.50
267.70
267.80
267.90
268.40
269.20
269.90
270.70
272.00
273.20
274.30
275.40
276.20
277.50
278.80
280.00
281.40
283.30
285.10
289.40
289.40
287.20
284.10
280.70
277.40
274.10
270.90
267.60
262.70
257.30
252.10
246.60
242.10
237.80
233.30
229.50
224.50
219.00
212.40
204.30
196.30
187.50
178.40
169.20
159.70
150.40
141.00
131.90
123.60
115.20
107.60
101.60
93.94
87.07
80.27
73.99
67.97
62.13
56.82
51.35
46.22
41.14
36.33
31.56
27.29
24.17
20.54
14.73
9.37
7.57
7.55
7.81
7.76
8.07
8.56
8.83
9.02
9.14
9.33
9.34
9.27
9.05
8.95
8.99
9.13
9.32
9.37
9.34
9.37
9.37
9.38
9.40
9.44
9.51
9.60
9.64
9.68
9.69
9.63
9.41
9.24
9.20
9.17
9.15
9.15
9.15
9.15
9.15
9.17
9.11
9.08
9.09
9.15
9.27
9.43
9.67
10.06
10.73
11.70
12.61
13.54
14.61
15.35
15.19
14.77
14.46
14.30
14.22
14.17
14.09
14.03
13.97
13.70
13.60
13.67
13.88
14.17
14.56
14.96
15.46
15.97
16.67
17.57
17.93
17.68
17.36
17.18
17.05
17.11
17.37
17.61
17.73
17.98
18.40
18.56
18.70
19.02
19.24
19.49
261.90
262.70
263.60
264.20
265.10
265.90
266.60
267.00
267.60
268.40
268.80
268.80
269.10
269.20
269.20
269.10
268.50
267.50
265.20
260.90
256.00
253.70
252.30
251.30
250.60
250.30
250.50
250.80
251.00
251.70
252.50
253.20
254.10
254.90
255.60
256.40
257.30
258.30
259.50
260.50
262.20
266.90
265.80
263.60
260.80
257.40
253.90
250.50
247.40
243.60
239.60
235.40
230.20
225.50
220.70
215.30
210.10
205.00
199.60
194.10
188.00
181.10
173.70
165.80
157.70
149.70
141.30
132.90
124.60
116.50
108.90
101.40
94.55
88.45
82.82
77.47
71.93
66.45
61.07
56.12
51.31
46.52
41.78
37.18
32.94
28.78
25.01
22.21
18.69
13.71
8.92
7.31
7.17
7.34
7.35
7.66
8.11
8.42
8.54
8.57
8.75
8.68
8.62
8.49
8.42
8.47
8.60
8.75
8.84
8.85
8.88
8.91
8.93
8.96
9.00
9.05
9.12
9.14
9.16
9.16
9.05
8.83
8.67
8.63
8.62
8.62
8.63
8.63
8.64
8.64
8.65
8.62
8.62
8.65
8.70
8.83
8.99
9.22
9.60
10.18
11.03
11.90
12.68
13.64
14.56
14.41
13.97
13.73
13.59
13.54
13.48
13.41
13.35
13.30
13.15
13.00
13.05
13.25
13.54
13.86
14.32
14.89
15.62
16.33
16.94
17.22
17.11
17.17
17.16
17.27
17.44
17.92
18.04
18.13
18.31
18.69
18.86
18.88
19.25
19.38
19.57
263.40
263.20
263.00
262.90
262.90
262.80
262.60
262.10
261.80
261.80
261.50
261.00
260.30
259.40
258.30
257.30
256.00
254.00
251.30
245.90
241.50
238.50
236.40
235.00
233.70
232.80
232.40
232.10
232.00
232.10
232.20
232.40
232.60
233.00
233.50
234.10
234.10
234.60
235.10
236.30
237.70
241.40
239.40
237.40
234.90
231.60
228.50
225.30
222.00
218.40
214.10
209.50
204.40
199.70
195.30
190.90
186.80
182.80
179.10
174.60
168.80
162.30
155.90
148.90
141.20
133.50
126.00
118.70
111.40
104.20
97.49
90.96
85.00
79.46
74.47
69.80
65.04
60.13
55.34
50.90
46.72
42.17
38.07
34.05
30.06
26.21
22.86
20.10
16.94
12.43
8.24
6.93
6.74
6.85
7.00
7.29
7.60
7.91
8.05
8.02
8.06
8.01
8.00
7.91
7.88
7.96
8.07
8.19
8.29
8.34
8.39
8.44
8.46
8.48
8.49
8.53
8.56
8.56
8.57
8.57
8.46
8.28
8.15
8.12
8.10
8.10
8.10
8.11
8.12
8.13
8.15
8.15
8.14
8.17
8.25
8.38
8.55
8.79
9.16
9.69
10.41
11.28
12.04
12.90
13.99
14.41
14.01
13.57
13.40
13.38
13.39
13.36
13.36
13.40
13.49
13.61
13.86
14.22
14.60
15.08
15.69
16.34
17.06
17.95
18.68
19.08
19.23
19.76
19.78
19.86
19.88
20.02
20.13
20.23
20.42
20.57
20.65
20.60
20.67
20.72
20.71
261.90
261.30
260.00
259.20
258.50
257.60
256.50
255.10
254.20
252.90
251.80
250.60
249.10
247.80
246.10
244.40
242.40
239.70
235.90
230.50
225.90
222.80
220.00
217.70
215.60
213.80
212.60
211.20
210.00
209.40
208.70
208.40
207.80
207.30
206.60
206.30
206.00
206.10
206.00
206.40
207.10
209.50
207.60
205.70
203.40
200.80
197.90
195.10
192.20
188.90
185.10
181.10
177.00
173.00
169.00
165.20
161.70
158.20
154.50
150.20
145.30
140.10
134.80
128.90
122.80
116.80
110.50
104.30
98.03
92.08
86.33
81.03
76.02
71.65
67.13
62.52
58.17
53.73
49.49
45.52
41.76
37.97
34.12
30.80
27.26
23.68
20.63
18.16
15.33
11.45
7.73
6.49
6.43
6.57
6.73
6.98
7.20
7.49
7.59
7.58
7.58
7.54
7.53
7.49
7.46
7.52
7.64
7.75
7.84
7.91
7.96
8.02
8.06
8.07
8.09
8.10
8.12
8.11
8.10
8.10
7.99
7.81
7.69
7.66
7.64
7.63
7.64
7.65
7.65
7.66
7.69
7.70
7.71
7.74
7.83
7.98
8.16
8.40
8.76
9.25
9.94
10.78
11.45
12.06
12.76
13.14
12.69
12.24
12.02
11.98
12.07
12.06
12.13
12.11
11.94
12.02
12.07
12.28
12.63
13.01
13.49
13.97
14.63
15.22
16.03
16.53
16.69
17.40
17.71
18.15
18.27
18.74
18.93
19.01
19.21
19.54
19.53
19.50
19.52
19.58
19.56
262.10
260.40
258.50
256.90
255.30
253.60
251.90
250.20
248.30
246.50
244.60
242.40
240.60
238.60
236.40
233.90
231.20
228.30
224.40
218.70
213.90
210.10
206.50
203.40
200.80
198.40
196.30
194.20
192.40
191.00
189.60
188.20
186.90
185.70
184.40
183.30
182.00
181.30
180.50
179.90
179.60
180.20
178.60
176.70
174.40
172.10
169.50
166.90
163.90
160.80
157.20
153.50
149.90
146.40
143.20
140.00
136.90
133.70
130.50
127.10
123.20
119.00
114.50
109.90
104.90
99.74
94.54
89.36
84.35
79.50
74.78
70.36
66.17
62.32
58.63
55.06
51.41
47.60
44.04
40.63
37.25
33.87
30.75
27.70
24.47
21.39
18.60
16.28
13.91
10.75
7.55
6.15
6.07
6.23
6.39
6.59
6.80
7.06
7.14
7.15
7.18
7.17
7.15
7.16
7.13
7.18
7.28
7.39
7.51
7.58
7.63
7.69
7.73
7.74
7.75
7.73
7.72
7.67
7.65
7.65
7.57
7.40
7.27
7.25
7.25
7.25
7.26
7.28
7.29
7.31
7.34
7.35
7.37
7.41
7.49
7.63
7.82
8.03
8.34
8.75
9.25
9.95
10.64
11.16
11.68
12.36
12.39
11.83
11.49
11.30
11.32
11.29
11.32
11.32
11.30
11.36
11.52
11.58
11.88
12.28
12.77
13.36
13.95
14.42
15.13
15.93
16.17
17.12
17.82
18.37
18.37
18.75
19.08
19.18
19.37
19.73
19.75
19.67
19.60
19.60
19.49
262.00
259.60
257.10
254.90
252.70
250.50
248.10
245.70
243.20
240.90
238.50
236.00
233.60
230.80
228.00
225.10
222.00
218.70
214.20
208.40
203.40
199.20
195.20
191.90
188.90
186.20
183.50
181.10
178.90
176.80
175.00
173.20
171.30
169.50
167.60
165.90
164.40
163.00
161.60
160.30
159.40
158.80
157.10
155.00
152.50
150.20
147.60
145.00
142.00
138.80
135.60
132.10
128.90
125.70
122.80
119.90
117.00
114.30
111.60
108.60
105.50
102.20
98.70
94.80
90.61
86.33
82.02
77.69
73.57
69.61
65.70
61.95
58.47
55.14
51.96
48.93
45.72
42.38
39.18
36.12
33.13
30.18
27.41
24.75
21.98
19.02
16.67
14.55
12.40
9.72
7.03
5.83
5.78
5.95
6.04
6.19
6.49
6.71
6.82
6.86
6.89
6.90
6.89
6.90
6.90
6.91
7.01
7.14
7.25
7.32
7.38
7.46
7.52
7.54
7.55
7.55
7.53
7.47
7.41
7.35
7.21
7.03
6.94
6.93
6.93
6.93
6.94
6.97
7.00
7.02
7.05
7.08
7.11
7.16
7.25
7.39
7.59
7.82
8.13
8.50
8.94
9.58
10.16
10.60
10.97
11.54
11.52
11.17
10.90
10.77
10.74
10.67
10.66
10.64
10.61
10.77
10.88
10.98
11.29
11.70
12.18
12.64
13.36
13.97
14.61
15.08
15.49
16.88
17.54
18.29
18.41
18.88
19.21
19.26
19.41
19.86
19.90
19.78
19.71
19.73
19.52
262.30
259.30
256.70
253.70
251.00
248.20
245.60
242.80
239.80
236.90
234.10
231.60
228.60
225.50
222.60
219.40
216.10
212.60
208.30
202.40
197.20
192.50
188.60
184.80
181.50
178.20
175.40
172.70
170.20
168.00
165.90
163.80
161.60
159.60
157.50
155.70
153.90
152.20
150.50
149.10
148.00
147.40
145.80
143.90
141.70
139.40
137.00
134.30
131.50
128.50
125.30
122.00
118.80
115.80
113.00
110.20
107.60
105.00
102.40
99.87
97.11
94.28
91.18
87.83
84.15
80.35
76.52
72.66
68.90
65.18
61.60
58.22
54.91
51.85
48.85
45.96
42.99
39.92
36.91
34.02
31.33
28.59
25.87
23.51
20.90
18.03
15.76
13.73
11.71
9.34
6.95
5.71
5.58
5.74
5.80
5.92
6.23
6.49
6.60
6.67
6.70
6.71
6.71
6.72
6.71
6.71
6.78
6.89
7.02
7.10
7.17
7.26
7.31
7.32
7.30
7.26
7.20
7.12
7.07
7.03
6.95
6.82
6.70
6.70
6.71
6.72
6.74
6.77
6.79
6.83
6.86
6.89
6.93
6.99
7.07
7.21
7.40
7.63
7.91
8.24
8.64
9.19
9.67
10.07
10.43
10.99
10.87
10.58
10.35
10.25
10.19
10.09
10.08
10.10
10.07
10.21
10.32
10.46
10.81
11.20
11.70
12.25
12.86
13.35
14.07
14.82
15.32
16.56
17.56
18.30
18.42
18.85
19.34
19.44
19.59
20.07
20.07
19.99
19.85
19.76
19.56
262.00
258.70
255.90
252.70
249.50
246.40
243.50
240.50
237.30
234.20
231.00
228.00
224.90
222.00
219.00
215.60
212.20
208.50
204.20
198.20
193.40
188.70
184.60
180.70
177.10
173.90
170.60
167.80
165.00
162.50
160.20
158.00
156.10
154.00
152.10
150.20
148.40
146.60
144.90
143.50
142.40
141.60
139.90
138.00
135.90
133.70
131.30
128.80
126.00
123.00
119.90
116.70
113.70
110.90
108.10
105.40
102.80
100.40
97.94
95.38
92.80
90.06
87.20
84.01
80.60
76.97
73.45
69.93
66.41
62.92
59.46
56.19
53.03
50.00
47.08
44.23
41.27
38.26
35.43
32.71
30.06
27.41
24.82
22.43
19.84
17.11
15.03
13.08
11.05
8.81
6.67
5.55
5.49
5.65
5.69
5.79
6.12
6.37
6.50
6.58
6.59
6.60
6.60
6.65
6.65
6.61
6.66
6.76
6.88
6.98
7.06
7.16
7.21
7.22
7.22
7.18
7.11
7.01
6.94
6.91
6.80
6.64
6.55
6.53
6.53
6.55
6.57
6.61
6.65
6.69
6.73
6.76
6.80
6.86
6.95
7.09
7.30
7.53
7.82
8.14
8.52
9.02
9.43
9.77
10.08
10.48
10.37
10.11
9.90
9.80
9.75
9.69
9.69
9.72
9.71
9.86
10.00
10.19
10.56
10.95
11.39
12.02
12.64
13.37
14.12
14.68
15.16
16.60
17.51
18.32
18.51
19.05
19.39
19.49
19.67
20.10
20.13
20.07
19.95
19.83
19.68
262.10
258.80
256.00
252.30
249.20
246.40
243.10
240.00
236.80
233.40
230.70
227.40
224.40
221.20
218.30
214.80
211.20
207.40
203.20
197.10
192.30
187.60
183.40
179.40
175.70
172.40
169.10
166.40
163.60
161.20
159.00
156.70
154.60
152.70
150.70
148.80
147.20
145.40
143.70
142.30
141.00
140.00
139.10
137.30
135.00
132.80
130.50
127.90
125.20
122.20
119.10
115.90
112.90
109.80
107.20
104.60
102.10
99.68
97.25
94.85
92.21
89.62
86.85
83.76
80.31
76.75
73.00
69.65
66.03
62.55
59.09
55.93
52.82
49.78
46.86
43.98
41.02
38.06
35.23
32.45
29.85
27.29
24.66
22.40
19.79
17.10
14.99
13.02
11.02
8.86
6.76
5.54
5.44
5.62
5.67
5.74
6.04
6.32
6.48
6.57
6.57
6.57
6.60
6.62
6.60
6.58
6.64
6.74
6.86
6.98
7.06
7.15
7.21
7.21
7.18
7.14
7.07
6.96
6.88
6.85
6.76
6.60
6.49
6.49
6.49
6.52
6.54
6.58
6.62
6.67
6.71
6.74
6.78
6.83
6.91
7.04
7.25
7.48
7.77
8.09
8.44
8.91
9.32
9.67
9.93
10.23
10.34
10.22
10.06
9.92
9.83
9.74
9.75
9.76
9.76
9.94
10.05
10.27
10.58
10.95
11.42
11.98
12.60
13.33
14.05
14.61
14.97
16.33
17.46
18.39
18.53
18.97
19.43
19.56
19.89
20.27
20.17
20.09
19.94
19.85
19.66
262.00
258.70
255.90
252.70
249.50
246.40
243.50
240.50
237.30
234.20
231.00
228.00
224.90
222.00
219.00
215.60
212.20
208.50
204.20
198.20
193.40
188.70
184.60
180.70
177.10
173.90
170.60
167.80
165.00
162.50
160.20
158.00
156.10
154.00
152.10
150.20
148.40
146.60
144.90
143.50
142.40
141.60
139.90
138.00
135.90
133.70
131.30
128.80
126.00
123.00
119.90
116.70
113.70
110.90
108.10
105.40
102.80
100.40
97.94
95.38
92.80
90.06
87.20
84.01
80.60
76.97
73.45
69.93
66.41
62.92
59.46
56.19
53.03
50.00
47.08
44.23
41.27
38.26
35.43
32.71
30.06
27.41
24.82
22.43
19.84
17.11
15.03
13.08
11.05
8.81
6.67
5.55
5.49
5.65
5.69
5.79
6.12
6.37
6.50
6.58
6.59
6.60
6.60
6.65
6.65
6.61
6.66
6.76
6.88
6.98
7.06
7.16
7.21
7.22
7.22
7.18
7.11
7.01
6.94
6.91
6.80
6.64
6.55
6.53
6.53
6.55
6.57
6.61
6.65
6.69
6.73
6.76
6.80
6.86
6.95
7.09
7.30
7.53
7.82
8.14
8.52
9.02
9.43
9.77
10.08
10.48
10.37
10.11
9.90
9.80
9.75
9.69
9.69
9.72
9.71
9.86
10.00
10.19
10.56
10.95
11.39
12.02
12.64
13.37
14.12
14.68
15.16
16.60
17.51
18.32
18.51
19.05
19.39
19.49
19.67
20.10
20.13
20.07
19.95
19.83
19.68
262.30
259.30
256.70
253.70
251.00
248.20
245.60
242.80
239.80
236.90
234.10
231.60
228.60
225.50
222.60
219.40
216.10
212.60
208.30
202.40
197.20
192.50
188.60
184.80
181.50
178.20
175.40
172.70
170.20
168.00
165.90
163.80
161.60
159.60
157.50
155.70
153.90
152.20
150.50
149.10
148.00
147.40
145.80
143.90
141.70
139.40
137.00
134.30
131.50
128.50
125.30
122.00
118.80
115.80
113.00
110.20
107.60
105.00
102.40
99.87
97.11
94.28
91.18
87.83
84.15
80.35
76.52
72.66
68.90
65.18
61.60
58.22
54.91
51.85
48.85
45.96
42.99
39.92
36.91
34.02
31.33
28.59
25.87
23.51
20.90
18.03
15.76
13.73
11.71
9.34
6.95
5.71
5.58
5.74
5.80
5.92
6.23
6.49
6.60
6.67
6.70
6.71
6.71
6.72
6.71
6.71
6.78
6.89
7.02
7.10
7.17
7.26
7.31
7.32
7.30
7.26
7.20
7.12
7.07
7.03
6.95
6.82
6.70
6.70
6.71
6.72
6.74
6.77
6.79
6.83
6.86
6.89
6.93
6.99
7.07
7.21
7.40
7.63
7.91
8.24
8.64
9.19
9.67
10.07
10.43
10.99
10.87
10.58
10.35
10.25
10.19
10.09
10.08
10.10
10.07
10.21
10.32
10.46
10.81
11.20
11.70
12.25
12.86
13.35
14.07
14.82
15.32
16.56
17.56
18.30
18.42
18.85
19.34
19.44
19.59
20.07
20.07
19.99
19.85
19.76
19.56
262.00
259.60
257.10
254.90
252.70
250.50
248.10
245.70
243.20
240.90
238.50
236.00
233.60
230.80
228.00
225.10
222.00
218.70
214.20
208.40
203.40
199.20
195.20
191.90
188.90
186.20
183.50
181.10
178.90
176.80
175.00
173.20
171.30
169.50
167.60
165.90
164.40
163.00
161.60
160.30
159.40
158.80
157.10
155.00
152.50
150.20
147.60
145.00
142.00
138.80
135.60
132.10
128.90
125.70
122.80
119.90
117.00
114.30
111.60
108.60
105.50
102.20
98.70
94.80
90.61
86.33
82.02
77.69
73.57
69.61
65.70
61.95
58.47
55.14
51.96
48.93
45.72
42.38
39.18
36.12
33.13
30.18
27.41
24.75
21.98
19.02
16.67
14.55
12.40
9.72
7.03
5.83
5.78
5.95
6.04
6.19
6.49
6.71
6.82
6.86
6.89
6.90
6.89
6.90
6.90
6.91
7.01
7.14
7.25
7.32
7.38
7.46
7.52
7.54
7.55
7.55
7.53
7.47
7.41
7.35
7.21
7.03
6.94
6.93
6.93
6.93
6.94
6.97
7.00
7.02
7.05
7.08
7.11
7.16
7.25
7.39
7.59
7.82
8.13
8.50
8.94
9.58
10.16
10.60
10.97
11.54
11.52
11.17
10.90
10.77
10.74
10.67
10.66
10.64
10.61
10.77
10.88
10.98
11.29
11.70
12.18
12.64
13.36
13.97
14.61
15.08
15.49
16.88
17.54
18.29
18.41
18.88
19.21
19.26
19.41
19.86
19.90
19.78
19.71
19.73
19.52
262.10
260.40
258.50
256.90
255.30
253.60
251.90
250.20
248.30
246.50
244.60
242.40
240.60
238.60
236.40
233.90
231.20
228.30
224.40
218.70
213.90
210.10
206.50
203.40
200.80
198.40
196.30
194.20
192.40
191.00
189.60
188.20
186.90
185.70
184.40
183.30
182.00
181.30
180.50
179.90
179.60
180.20
178.60
176.70
174.40
172.10
169.50
166.90
163.90
160.80
157.20
153.50
149.90
146.40
143.20
140.00
136.90
133.70
130.50
127.10
123.20
119.00
114.50
109.90
104.90
99.74
94.54
89.36
84.35
79.50
74.78
70.36
66.17
62.32
58.63
55.06
51.41
47.60
44.04
40.63
37.25
33.87
30.75
27.70
24.47
21.39
18.60
16.28
13.91
10.75
7.55
6.15
6.07
6.23
6.39
6.59
6.80
7.06
7.14
7.15
7.18
7.17
7.15
7.16
7.13
7.18
7.28
7.39
7.51
7.58
7.63
7.69
7.73
7.74
7.75
7.73
7.72
7.67
7.65
7.65
7.57
7.40
7.27
7.25
7.25
7.25
7.26
7.28
7.29
7.31
7.34
7.35
7.37
7.41
7.49
7.63
7.82
8.03
8.34
8.75
9.25
9.95
10.64
11.16
11.68
12.36
12.39
11.83
11.49
11.30
11.32
11.29
11.32
11.32
11.30
11.36
11.52
11.58
11.88
12.28
12.77
13.36
13.95
14.42
15.13
15.93
16.17
17.12
17.82
18.37
18.37
18.75
19.08
19.18
19.37
19.73
19.75
19.67
19.60
19.60
19.49
261.90
261.30
260.00
259.20
258.50
257.60
256.50
255.10
254.20
252.90
251.80
250.60
249.10
247.80
246.10
244.40
242.40
239.70
235.90
230.50
225.90
222.80
220.00
217.70
215.60
213.80
212.60
211.20
210.00
209.40
208.70
208.40
207.80
207.30
206.60
206.30
206.00
206.10
206.00
206.40
207.10
209.50
207.60
205.70
203.40
200.80
197.90
195.10
192.20
188.90
185.10
181.10
177.00
173.00
169.00
165.20
161.70
158.20
154.50
150.20
145.30
140.10
134.80
128.90
122.80
116.80
110.50
104.30
98.03
92.08
86.33
81.03
76.02
71.65
67.13
62.52
58.17
53.73
49.49
45.52
41.76
37.97
34.12
30.80
27.26
23.68
20.63
18.16
15.33
11.45
7.73
6.49
6.43
6.57
6.73
6.98
7.20
7.49
7.59
7.58
7.58
7.54
7.53
7.49
7.46
7.52
7.64
7.75
7.84
7.91
7.96
8.02
8.06
8.07
8.09
8.10
8.12
8.11
8.10
8.10
7.99
7.81
7.69
7.66
7.64
7.63
7.64
7.65
7.65
7.66
7.69
7.70
7.71
7.74
7.83
7.98
8.16
8.40
8.76
9.25
9.94
10.78
11.45
12.06
12.76
13.14
12.69
12.24
12.02
11.98
12.07
12.06
12.13
12.11
11.94
12.02
12.07
12.28
12.63
13.01
13.49
13.97
14.63
15.22
16.03
16.53
16.69
17.40
17.71
18.15
18.27
18.74
18.93
19.01
19.21
19.54
19.53
19.50
19.52
19.58
19.56
