SALVI
1
0
24
15.0
181
1.0
240208 Icon Y22  F4T1 350 TRANS S
ICON Y22  F4T1 350 TRANS S

ICON-Y22-F4T1-PMMAS.ldt
4 Mar? 2024/TB
570
0
435
500
60
0
0
0
0
96.09
100.00
1.00
0.00
1
1
Y22
5526.10
3000
70
41.50
0.16
0.24
0.33
0.41
0.47
0.58
0.64
0.69
0.76
0.80
0.00
15.00
30.00
45.00
60.00
75.00
90.00
105.00
120.00
135.00
150.00
165.00
180.00
195.00
210.00
225.00
240.00
255.00
270.00
285.00
300.00
315.00
330.00
345.00
0.00
1.00
2.00
3.00
4.00
5.00
6.00
7.00
8.00
9.00
10.00
11.00
12.00
13.00
14.00
15.00
16.00
17.00
18.00
19.00
20.00
21.00
22.00
23.00
24.00
25.00
26.00
27.00
28.00
29.00
30.00
31.00
32.00
33.00
34.00
35.00
36.00
37.00
38.00
39.00
40.00
41.00
42.00
43.00
44.00
45.00
46.00
47.00
48.00
49.00
50.00
51.00
52.00
53.00
54.00
55.00
56.00
57.00
58.00
59.00
60.00
61.00
62.00
63.00
64.00
65.00
66.00
67.00
68.00
69.00
70.00
71.00
72.00
73.00
74.00
75.00
76.00
77.00
78.00
79.00
80.00
81.00
82.00
83.00
84.00
85.00
86.00
87.00
88.00
89.00
90.00
91.00
92.00
93.00
94.00
95.00
96.00
97.00
98.00
99.00
100.00
101.00
102.00
103.00
104.00
105.00
106.00
107.00
108.00
109.00
110.00
111.00
112.00
113.00
114.00
115.00
116.00
117.00
118.00
119.00
120.00
121.00
122.00
123.00
124.00
125.00
126.00
127.00
128.00
129.00
130.00
131.00
132.00
133.00
134.00
135.00
136.00
137.00
138.00
139.00
140.00
141.00
142.00
143.00
144.00
145.00
146.00
147.00
148.00
149.00
150.00
151.00
152.00
153.00
154.00
155.00
156.00
157.00
158.00
159.00
160.00
161.00
162.00
163.00
164.00
165.00
166.00
167.00
168.00
169.00
170.00
171.00
172.00
173.00
174.00
175.00
176.00
177.00
178.00
179.00
180.00
150.00
149.50
148.00
149.70
149.30
148.60
146.90
148.10
146.90
147.50
147.50
146.40
146.50
147.60
146.10
147.20
147.40
146.50
148.80
138.30
135.80
135.90
137.50
135.50
138.30
139.60
139.70
144.70
147.90
150.20
152.20
156.90
162.90
165.60
173.40
180.10
184.20
190.80
196.00
202.60
207.40
241.70
240.00
245.90
246.10
250.00
254.60
265.10
268.10
270.70
267.30
264.60
271.00
269.20
270.50
268.10
269.70
273.50
274.70
272.80
267.40
255.80
253.70
244.30
228.70
217.10
202.40
189.00
168.20
147.40
126.50
107.10
85.28
64.10
47.44
32.95
25.03
20.76
18.00
16.28
14.52
12.67
11.47
9.72
8.65
7.90
6.78
5.71
3.86
3.36
3.28
3.29
3.34
3.39
3.47
3.57
3.67
3.74
3.77
3.73
3.71
3.68
3.64
3.59
3.56
3.53
3.52
3.51
3.48
3.45
3.43
3.39
3.33
3.27
3.22
3.19
3.19
3.52
3.80
4.18
4.70
3.74
3.44
3.44
3.36
3.37
3.38
3.40
3.40
3.40
3.61
3.41
3.37
3.35
3.34
3.36
3.37
3.38
3.45
4.01
6.31
9.72
10.22
11.53
23.61
46.11
27.23
14.97
12.05
19.39
19.36
18.20
16.36
15.06
13.82
14.62
14.88
15.44
16.14
16.08
16.89
17.09
17.65
18.15
19.82
20.41
20.43
23.80
24.31
24.83
24.56
25.18
25.86
26.66
27.93
28.61
29.14
29.74
30.64
29.80
29.75
147.10
149.20
149.90
151.50
150.50
151.20
152.90
152.80
154.20
153.50
154.30
155.60
155.90
156.00
157.50
157.40
158.10
161.20
163.10
157.90
152.60
153.90
154.60
157.90
159.00
161.80
163.00
167.70
170.60
173.40
176.60
182.40
188.30
194.60
199.80
208.90
216.60
222.50
230.40
234.90
248.00
286.50
283.30
284.00
292.00
294.50
298.60
306.30
312.10
317.50
317.50
316.60
318.90
318.70
319.80
323.50
324.00
321.70
322.10
315.60
311.60
303.40
304.80
291.30
276.90
265.00
240.90
226.00
196.80
171.30
144.70
120.50
93.96
70.67
49.41
34.64
25.44
19.80
16.85
14.62
12.95
11.29
9.99
8.86
7.95
7.22
6.54
5.72
3.93
3.46
3.39
3.40
3.45
3.49
3.58
3.69
3.79
3.87
3.89
3.88
3.85
3.82
3.77
3.72
3.68
3.66
3.64
3.62
3.58
3.55
3.51
3.48
3.42
3.37
3.33
3.31
3.31
3.66
4.63
4.42
4.53
3.73
3.51
3.49
3.49
3.51
3.53
3.53
3.54
3.57
3.71
3.58
3.51
3.50
3.50
3.52
3.53
3.54
3.59
4.22
8.06
10.84
11.59
14.24
36.73
37.91
17.34
10.92
10.16
14.70
15.98
16.75
14.78
13.80
11.66
11.22
9.73
9.80
10.73
11.88
13.26
13.58
13.75
14.29
15.64
14.66
14.39
15.30
15.83
15.65
15.98
18.15
18.70
19.13
20.18
22.06
23.74
24.80
26.79
25.66
26.15
147.40
151.10
151.60
152.70
153.90
155.10
155.90
158.00
159.60
161.80
163.00
164.60
167.90
170.00
173.00
175.40
178.50
180.60
183.60
180.00
174.20
175.80
177.70
179.30
180.10
183.30
190.40
193.70
196.50
201.40
207.00
209.90
213.60
220.70
228.30
234.20
236.80
244.20
252.10
261.60
269.00
308.60
306.60
311.20
313.50
321.00
325.10
336.90
344.60
350.40
352.20
355.50
360.00
360.50
370.40
376.60
383.80
393.50
399.10
406.80
403.60
393.70
383.70
381.00
356.30
340.30
317.30
298.50
267.60
233.80
204.40
172.00
136.80
110.30
77.86
55.31
38.56
25.77
19.12
15.71
12.88
11.12
9.76
8.43
7.43
6.57
5.75
5.05
3.88
3.54
3.49
3.49
3.53
3.58
3.66
3.77
3.87
3.94
3.98
3.99
3.97
3.95
3.90
3.84
3.80
3.77
3.74
3.72
3.68
3.63
3.61
3.56
3.52
3.45
3.41
3.39
3.44
4.14
4.89
4.43
3.95
3.99
3.88
3.63
3.60
3.58
3.60
3.62
3.63
3.71
3.88
3.70
3.65
3.63
3.62
3.64
3.66
3.67
3.69
3.82
9.43
12.37
11.93
14.22
35.66
33.70
17.91
12.24
10.34
14.05
15.06
15.99
13.64
12.47
9.41
10.79
9.57
10.31
11.83
13.41
13.46
12.35
12.14
12.60
14.05
14.49
13.76
13.58
15.30
15.14
14.88
15.77
15.67
16.47
17.15
19.36
21.43
22.78
25.12
25.99
27.08
146.70
152.00
152.60
156.40
157.20
157.80
161.00
164.80
167.80
171.20
171.60
176.20
180.30
183.50
190.40
195.70
202.00
206.60
205.80
206.60
199.40
202.80
204.10
206.50
209.30
213.90
217.10
222.30
223.70
229.50
235.70
237.90
242.60
245.30
248.90
256.20
259.00
266.30
266.50
274.80
280.60
334.20
313.20
318.30
320.20
321.30
325.70
334.40
341.60
350.10
351.00
351.30
362.00
368.70
379.80
399.00
405.50
419.80
432.60
447.80
462.80
458.10
463.60
474.70
471.80
458.40
447.70
432.90
409.80
370.20
331.50
288.90
241.40
199.60
156.50
116.20
75.96
46.18
29.06
21.12
16.43
13.80
11.77
10.18
8.95
8.14
7.15
5.94
4.18
3.72
3.63
3.64
3.66
3.69
3.76
3.87
3.96
4.04
4.08
4.10
4.11
4.06
4.01
3.95
3.90
3.86
3.84
3.80
3.76
3.72
3.68
3.64
3.59
3.54
3.52
3.66
4.70
4.36
4.36
4.46
4.59
4.02
3.75
3.65
3.66
3.68
3.70
3.72
3.75
3.80
3.97
3.82
3.76
3.75
3.76
3.78
3.83
3.85
3.86
3.99
8.44
13.22
12.64
17.72
30.57
39.52
22.48
13.08
11.23
15.02
17.31
15.55
14.28
12.50
10.37
10.87
9.81
10.90
11.70
13.50
13.76
13.29
12.55
12.42
13.68
14.70
13.49
13.52
13.66
14.38
12.62
13.92
14.45
15.06
15.54
17.75
18.87
21.73
25.37
25.85
27.81
147.10
152.20
152.80
156.20
158.30
161.90
165.30
170.80
174.50
179.20
184.20
190.00
195.10
199.20
204.40
213.80
219.20
222.40
229.70
230.20
220.40
224.80
225.00
229.20
235.40
238.40
241.30
244.50
249.90
252.90
257.70
261.70
267.60
271.00
273.30
276.20
281.40
284.90
290.90
298.60
302.10
335.30
342.70
347.20
349.70
347.00
351.90
359.60
368.70
373.70
377.10
376.90
382.90
387.60
395.00
405.50
420.10
440.90
455.90
468.20
487.00
481.40
489.50
501.90
498.10
493.90
490.00
495.00
471.80
434.90
408.50
369.30
303.40
227.70
143.30
76.28
54.38
32.58
27.33
23.27
19.14
16.44
13.95
11.74
10.19
9.27
8.09
6.64
4.27
3.79
3.72
3.71
3.72
3.74
3.81
3.92
4.02
4.08
4.13
4.16
4.18
4.15
4.09
4.02
3.98
3.95
3.92
3.87
3.83
3.79
3.74
3.70
3.65
3.59
3.53
3.51
3.54
4.38
5.05
5.06
5.02
4.11
3.81
3.77
3.70
3.72
3.74
3.77
3.80
3.91
4.09
3.89
3.86
3.84
3.84
3.87
3.92
3.96
4.00
4.72
11.00
13.97
14.04
23.91
37.28
39.88
21.68
14.25
13.56
16.61
19.83
16.39
14.21
12.73
10.88
12.63
11.46
11.47
12.28
13.70
13.53
12.60
12.30
12.45
13.38
13.63
14.51
12.19
12.85
12.71
12.29
13.08
12.88
14.17
15.29
16.47
18.93
21.13
24.60
26.31
28.30
146.30
151.20
152.20
156.60
161.10
164.40
169.00
171.50
175.50
184.20
188.90
196.60
202.50
207.70
216.30
221.70
228.80
237.70
242.30
242.40
228.10
233.40
239.10
242.30
242.60
247.20
250.50
258.40
259.90
264.50
269.20
271.90
275.70
276.90
282.80
287.50
289.20
293.80
295.00
303.20
306.70
332.80
345.90
347.90
353.90
357.10
361.70
369.70
378.90
385.30
387.30
388.90
394.70
398.00
416.80
424.60
436.00
454.30
467.50
476.30
489.40
489.00
501.80
500.00
501.90
489.70
479.40
475.90
449.90
396.10
337.80
261.40
178.80
122.90
66.99
41.48
29.22
23.15
19.94
17.74
15.49
13.49
11.67
9.98
8.95
8.03
7.06
5.97
4.26
3.76
3.69
3.70
3.72
3.73
3.80
3.92
4.01
4.09
4.13
4.18
4.21
4.19
4.12
4.05
4.01
3.98
3.94
3.89
3.86
3.81
3.77
3.72
3.68
3.62
3.56
3.55
3.56
4.07
5.35
5.93
4.80
3.93
3.81
3.75
3.72
3.76
3.78
3.81
3.85
4.01
4.16
3.95
3.91
3.92
3.93
3.97
4.03
4.07
4.14
5.75
11.65
14.63
17.28
35.01
34.32
35.61
19.98
15.40
16.32
18.35
18.00
17.13
15.19
14.07
11.82
11.73
11.18
10.72
11.01
13.04
15.04
14.88
14.23
14.08
14.45
14.15
14.91
12.05
11.42
11.26
11.18
12.42
13.06
13.32
13.94
15.58
17.77
20.53
24.49
26.12
28.48
147.00
151.20
153.60
157.20
160.00
164.10
167.90
173.70
176.90
183.00
192.40
196.70
207.50
210.70
220.00
228.90
233.90
241.30
247.20
245.60
235.20
239.90
240.00
244.80
250.50
252.60
260.00
262.00
266.90
272.80
278.00
279.60
282.40
285.50
291.10
293.00
302.30
301.90
309.30
314.80
320.90
353.00
362.20
361.10
362.50
375.50
374.70
391.40
389.40
399.80
398.40
405.60
408.40
418.90
423.90
438.90
456.90
464.80
488.20
502.80
515.90
520.00
521.60
529.50
514.80
516.20
506.80
487.20
438.10
361.80
294.20
221.80
151.30
98.66
57.45
41.92
26.71
21.50
18.55
16.64
14.86
12.95
11.42
9.93
8.78
7.90
7.23
6.13
4.28
3.74
3.68
3.67
3.69
3.69
3.79
3.90
3.99
4.05
4.11
4.16
4.19
4.20
4.12
4.06
4.03
4.00
3.97
3.92
3.88
3.83
3.78
3.74
3.69
3.63
3.57
3.56
3.56
4.16
5.60
5.94
4.74
3.98
3.89
3.82
3.74
3.76
3.78
3.81
3.85
4.05
4.11
3.95
3.94
3.94
3.94
3.98
4.04
4.08
4.15
6.38
12.11
13.38
13.81
30.59
32.60
34.35
20.54
19.10
20.25
21.84
18.32
16.30
14.37
13.48
11.19
13.06
10.31
10.07
10.94
12.64
15.30
16.42
16.66
16.69
16.46
16.15
16.18
12.49
10.96
10.94
10.78
11.78
12.74
13.40
13.56
15.57
17.81
20.51
23.99
25.86
28.70
146.30
151.20
152.20
156.60
161.10
164.40
169.00
171.50
175.50
184.20
188.90
196.60
202.50
207.70
216.30
221.70
228.80
237.70
242.30
242.40
228.10
233.40
239.10
242.30
242.60
247.20
250.50
258.40
259.90
264.50
269.20
271.90
275.70
276.90
282.80
287.50
289.20
293.80
295.00
303.20
306.70
332.80
345.90
347.90
353.90
357.10
361.70
369.70
378.90
385.30
387.30
388.90
394.70
398.00
416.80
424.60
436.00
454.30
467.50
476.30
489.40
489.00
501.80
500.00
501.90
489.70
479.40
475.90
449.90
396.10
337.80
261.40
178.80
122.90
66.99
41.48
29.22
23.15
19.94
17.74
15.49
13.49
11.67
9.98
8.95
8.03
7.06
5.97
4.26
3.76
3.69
3.70
3.72
3.73
3.80
3.92
4.01
4.09
4.13
4.18
4.21
4.19
4.12
4.05
4.01
3.98
3.94
3.89
3.86
3.81
3.77
3.72
3.68
3.62
3.56
3.55
3.56
4.07
5.35
5.93
4.80
3.93
3.81
3.75
3.72
3.76
3.78
3.81
3.85
4.01
4.16
3.95
3.91
3.92
3.93
3.97
4.03
4.07
4.14
5.75
11.65
14.63
17.28
35.01
34.32
35.61
19.98
15.40
16.32
18.35
18.00
17.13
15.19
14.07
11.82
11.73
11.18
10.72
11.01
13.04
15.04
14.88
14.23
14.08
14.45
14.15
14.91
12.05
11.42
11.26
11.18
12.42
13.06
13.32
13.94
15.58
17.77
20.53
24.49
26.12
28.48
147.10
152.20
152.80
156.20
158.30
161.90
165.30
170.80
174.50
179.20
184.20
190.00
195.10
199.20
204.40
213.80
219.20
222.40
229.70
230.20
220.40
224.80
225.00
229.20
235.40
238.40
241.30
244.50
249.90
252.90
257.70
261.70
267.60
271.00
273.30
276.20
281.40
284.90
290.90
298.60
302.10
335.30
342.70
347.20
349.70
347.00
351.90
359.60
368.70
373.70
377.10
376.90
382.90
387.60
395.00
405.50
420.10
440.90
455.90
468.20
487.00
481.40
489.50
501.90
498.10
493.90
490.00
495.00
471.80
434.90
408.50
369.30
303.40
227.70
143.30
76.28
54.38
32.58
27.33
23.27
19.14
16.44
13.95
11.74
10.19
9.27
8.09
6.64
4.27
3.79
3.72
3.71
3.72
3.74
3.81
3.92
4.02
4.08
4.13
4.16
4.18
4.15
4.09
4.02
3.98
3.95
3.92
3.87
3.83
3.79
3.74
3.70
3.65
3.59
3.53
3.51
3.54
4.38
5.05
5.06
5.02
4.11
3.81
3.77
3.70
3.72
3.74
3.77
3.80
3.91
4.09
3.89
3.86
3.84
3.84
3.87
3.92
3.96
4.00
4.72
11.00
13.97
14.04
23.91
37.28
39.88
21.68
14.25
13.56
16.61
19.83
16.39
14.21
12.73
10.88
12.63
11.46
11.47
12.28
13.70
13.53
12.60
12.30
12.45
13.38
13.63
14.51
12.19
12.85
12.71
12.29
13.08
12.88
14.17
15.29
16.47
18.93
21.13
24.60
26.31
28.30
146.70
152.00
152.60
156.40
157.20
157.80
161.00
164.80
167.80
171.20
171.60
176.20
180.30
183.50
190.40
195.70
202.00
206.60
205.80
206.60
199.40
202.80
204.10
206.50
209.30
213.90
217.10
222.30
223.70
229.50
235.70
237.90
242.60
245.30
248.90
256.20
259.00
266.30
266.50
274.80
280.60
334.20
313.20
318.30
320.20
321.30
325.70
334.40
341.60
350.10
351.00
351.30
362.00
368.70
379.80
399.00
405.50
419.80
432.60
447.80
462.80
458.10
463.60
474.70
471.80
458.40
447.70
432.90
409.80
370.20
331.50
288.90
241.40
199.60
156.50
116.20
75.96
46.18
29.06
21.12
16.43
13.80
11.77
10.18
8.95
8.14
7.15
5.94
4.18
3.72
3.63
3.64
3.66
3.69
3.76
3.87
3.96
4.04
4.08
4.10
4.11
4.06
4.01
3.95
3.90
3.86
3.84
3.80
3.76
3.72
3.68
3.64
3.59
3.54
3.52
3.66
4.70
4.36
4.36
4.46
4.59
4.02
3.75
3.65
3.66
3.68
3.70
3.72
3.75
3.80
3.97
3.82
3.76
3.75
3.76
3.78
3.83
3.85
3.86
3.99
8.44
13.22
12.64
17.72
30.57
39.52
22.48
13.08
11.23
15.02
17.31
15.55
14.28
12.50
10.37
10.87
9.81
10.90
11.70
13.50
13.76
13.29
12.55
12.42
13.68
14.70
13.49
13.52
13.66
14.38
12.62
13.92
14.45
15.06
15.54
17.75
18.87
21.73
25.37
25.85
27.81
147.40
151.10
151.60
152.70
153.90
155.10
155.90
158.00
159.60
161.80
163.00
164.60
167.90
170.00
173.00
175.40
178.50
180.60
183.60
180.00
174.20
175.80
177.70
179.30
180.10
183.30
190.40
193.70
196.50
201.40
207.00
209.90
213.60
220.70
228.30
234.20
236.80
244.20
252.10
261.60
269.00
308.60
306.60
311.20
313.50
321.00
325.10
336.90
344.60
350.40
352.20
355.50
360.00
360.50
370.40
376.60
383.80
393.50
399.10
406.80
403.60
393.70
383.70
381.00
356.30
340.30
317.30
298.50
267.60
233.80
204.40
172.00
136.80
110.30
77.86
55.31
38.56
25.77
19.12
15.71
12.88
11.12
9.76
8.43
7.43
6.57
5.75
5.05
3.88
3.54
3.49
3.49
3.53
3.58
3.66
3.77
3.87
3.94
3.98
3.99
3.97
3.95
3.90
3.84
3.80
3.77
3.74
3.72
3.68
3.63
3.61
3.56
3.52
3.45
3.41
3.39
3.44
4.14
4.89
4.43
3.95
3.99
3.88
3.63
3.60
3.58
3.60
3.62
3.63
3.71
3.88
3.70
3.65
3.63
3.62
3.64
3.66
3.67
3.69
3.82
9.43
12.37
11.93
14.22
35.66
33.70
17.91
12.24
10.34
14.05
15.06
15.99
13.64
12.47
9.41
10.79
9.57
10.31
11.83
13.41
13.46
12.35
12.14
12.60
14.05
14.49
13.76
13.58
15.30
15.14
14.88
15.77
15.67
16.47
17.15
19.36
21.43
22.78
25.12
25.99
27.08
147.10
149.20
149.90
151.50
150.50
151.20
152.90
152.80
154.20
153.50
154.30
155.60
155.90
156.00
157.50
157.40
158.10
161.20
163.10
157.90
152.60
153.90
154.60
157.90
159.00
161.80
163.00
167.70
170.60
173.40
176.60
182.40
188.30
194.60
199.80
208.90
216.60
222.50
230.40
234.90
248.00
286.50
283.30
284.00
292.00
294.50
298.60
306.30
312.10
317.50
317.50
316.60
318.90
318.70
319.80
323.50
324.00
321.70
322.10
315.60
311.60
303.40
304.80
291.30
276.90
265.00
240.90
226.00
196.80
171.30
144.70
120.50
93.96
70.67
49.41
34.64
25.44
19.80
16.85
14.62
12.95
11.29
9.99
8.86
7.95
7.22
6.54
5.72
3.93
3.46
3.39
3.40
3.45
3.49
3.58
3.69
3.79
3.87
3.89
3.88
3.85
3.82
3.77
3.72
3.68
3.66
3.64
3.62
3.58
3.55
3.51
3.48
3.42
3.37
3.33
3.31
3.31
3.66
4.63
4.42
4.53
3.73
3.51
3.49
3.49
3.51
3.53
3.53
3.54
3.57
3.71
3.58
3.51
3.50
3.50
3.52
3.53
3.54
3.59
4.22
8.06
10.84
11.59
14.24
36.73
37.91
17.34
10.92
10.16
14.70
15.98
16.75
14.78
13.80
11.66
11.22
9.73
9.80
10.73
11.88
13.26
13.58
13.75
14.29
15.64
14.66
14.39
15.30
15.83
15.65
15.98
18.15
18.70
19.13
20.18
22.06
23.74
24.80
26.79
25.66
26.15
150.00
149.50
148.00
149.70
149.30
148.60
146.90
148.10
146.90
147.50
147.50
146.40
146.50
147.60
146.10
147.20
147.40
146.50
148.80
138.30
135.80
135.90
137.50
135.50
138.30
139.60
139.70
144.70
147.90
150.20
152.20
156.90
162.90
165.60
173.40
180.10
184.20
190.80
196.00
202.60
207.40
241.70
240.00
245.90
246.10
250.00
254.60
265.10
268.10
270.70
267.30
264.60
271.00
269.20
270.50
268.10
269.70
273.50
274.70
272.80
267.40
255.80
253.70
244.30
228.70
217.10
202.40
189.00
168.20
147.40
126.50
107.10
85.28
64.10
47.44
32.95
25.03
20.76
18.00
16.28
14.52
12.67
11.47
9.72
8.65
7.90
6.78
5.71
3.86
3.36
3.28
3.29
3.34
3.39
3.47
3.57
3.67
3.74
3.77
3.73
3.71
3.68
3.64
3.59
3.56
3.53
3.52
3.51
3.48
3.45
3.43
3.39
3.33
3.27
3.22
3.19
3.19
3.52
3.80
4.18
4.70
3.74
3.44
3.44
3.36
3.37
3.38
3.40
3.40
3.40
3.61
3.41
3.37
3.35
3.34
3.36
3.37
3.38
3.45
4.01
6.31
9.72
10.22
11.53
23.61
46.11
27.23
14.97
12.05
19.39
19.36
18.20
16.36
15.06
13.82
14.62
14.88
15.44
16.14
16.08
16.89
17.09
17.65
18.15
19.82
20.41
20.43
23.80
24.31
24.83
24.56
25.18
25.86
26.66
27.93
28.61
29.14
29.74
30.64
29.80
29.75
147.10
147.90
146.20
147.50
145.00
142.70
143.70
142.60
142.10
140.80
139.80
138.00
137.90
138.70
136.40
134.90
134.70
133.50
133.10
123.90
123.00
121.20
119.40
120.30
119.70
118.60
119.30
119.20
121.30
121.90
123.60
125.00
125.70
128.40
130.70
134.90
139.40
142.90
147.90
150.60
159.90
183.50
182.80
185.60
185.60
188.60
192.80
197.90
203.30
209.50
212.60
212.20
212.00
210.30
214.40
210.30
214.90
213.50
218.40
210.10
209.20
201.80
199.50
194.30
179.70
173.10
161.40
150.80
132.30
116.80
105.10
91.77
77.38
64.19
50.83
37.46
27.47
22.43
19.94
17.79
15.88
14.30
12.50
10.69
9.43
8.24
7.19
5.86
3.84
3.35
3.29
3.29
3.33
3.38
3.46
3.56
3.64
3.70
3.72
3.69
3.67
3.65
3.60
3.56
3.53
3.51
3.50
3.49
3.46
3.43
3.40
3.36
3.31
3.24
3.20
3.17
3.14
3.38
3.65
4.00
4.39
3.43
3.37
3.37
3.30
3.30
3.31
3.32
3.32
3.32
3.41
3.32
3.28
3.25
3.24
3.24
3.25
3.26
3.32
3.56
5.63
8.84
10.44
12.93
19.08
40.47
21.50
11.85
8.10
9.93
14.45
15.46
14.27
12.25
10.81
12.83
11.98
11.36
12.18
11.94
13.17
13.49
14.15
14.39
16.06
15.84
15.61
19.39
20.57
22.20
20.82
23.18
23.60
22.90
25.35
28.05
27.23
27.40
27.47
27.00
26.13
147.40
148.50
146.10
144.60
142.60
142.20
141.10
138.30
135.60
134.20
133.20
132.10
131.40
128.10
126.70
125.80
124.50
122.60
121.30
110.80
109.50
106.70
105.70
104.30
103.40
101.90
100.60
100.90
101.30
100.80
101.70
100.40
99.57
99.74
101.30
102.00
102.60
103.80
103.60
105.80
109.00
118.20
120.00
122.20
122.80
125.10
127.80
129.00
134.10
135.30
136.30
138.10
135.80
137.20
140.70
141.40
143.80
141.80
142.80
138.70
139.80
133.10
129.10
123.20
115.20
108.80
100.40
91.72
82.61
73.10
66.12
57.45
50.37
43.17
37.41
31.23
26.85
22.45
19.76
17.48
15.77
13.92
12.51
10.80
9.33
8.37
7.30
6.30
4.02
3.35
3.26
3.27
3.30
3.36
3.44
3.53
3.60
3.65
3.66
3.63
3.60
3.57
3.52
3.49
3.46
3.44
3.43
3.42
3.38
3.36
3.33
3.30
3.25
3.18
3.13
3.10
3.08
3.12
3.26
3.70
4.18
3.33
3.29
3.31
3.22
3.24
3.24
3.24
3.24
3.25
3.31
3.23
3.18
3.15
3.14
3.15
3.17
3.17
3.20
3.26
3.72
6.77
9.04
8.69
11.88
21.56
27.62
16.12
10.98
9.35
10.08
11.81
10.47
11.40
9.99
11.28
11.13
9.67
9.83
11.54
11.75
12.94
13.07
12.96
14.46
15.29
15.91
19.02
20.60
22.39
21.10
22.84
23.94
24.90
25.58
28.07
28.37
28.70
28.07
27.44
27.16
146.70
146.90
144.50
143.20
141.80
141.30
135.60
135.40
134.40
130.30
128.20
127.40
124.10
122.70
119.20
117.70
116.30
111.70
108.90
103.50
100.00
99.12
97.89
96.64
94.47
93.46
93.05
92.64
93.33
92.23
91.48
90.61
89.41
88.98
88.18
87.31
85.77
85.48
84.82
84.12
86.23
90.08
89.47
87.98
88.42
87.68
87.51
87.83
88.69
89.05
89.81
88.12
86.70
87.21
87.65
88.84
89.52
88.79
90.21
89.31
88.49
87.18
87.66
83.58
78.23
73.84
70.30
65.69
57.80
52.49
47.67
44.73
39.11
35.60
31.94
28.20
24.63
21.41
18.41
16.58
14.98
13.41
11.96
10.65
9.45
8.46
7.80
6.46
3.98
3.36
3.28
3.25
3.27
3.33
3.40
3.49
3.55
3.59
3.60
3.59
3.55
3.52
3.48
3.45
3.42
3.41
3.40
3.39
3.36
3.34
3.32
3.29
3.23
3.17
3.13
3.10
3.17
3.44
3.51
3.65
3.51
3.17
3.14
3.18
3.16
3.17
3.17
3.18
3.18
3.18
3.27
3.17
3.13
3.10
3.07
3.07
3.07
3.09
3.12
3.16
3.50
6.39
7.70
7.52
8.83
16.21
23.86
14.05
11.36
10.39
11.88
9.42
9.76
9.34
8.34
9.72
9.12
8.72
9.72
10.51
11.35
11.53
12.14
11.73
13.86
14.22
14.21
18.65
19.57
21.81
21.15
23.90
24.82
25.51
25.95
28.56
29.45
29.31
29.53
28.53
27.75
147.10
146.30
144.20
142.20
139.00
138.20
135.00
132.30
131.00
128.30
125.50
122.10
118.90
116.30
114.90
111.50
111.10
108.70
103.70
98.74
96.48
93.47
92.97
92.22
89.64
88.84
89.18
87.94
85.98
86.37
83.95
84.51
83.14
80.99
79.50
79.23
78.17
76.99
77.59
75.33
78.65
81.09
81.84
79.10
78.71
79.35
76.01
76.50
76.15
75.78
74.67
73.53
72.99
70.78
71.26
71.10
70.32
71.52
70.51
70.18
69.46
67.46
67.93
65.59
64.68
63.05
59.16
57.48
55.65
51.26
47.44
43.54
39.78
37.10
32.99
28.82
25.15
22.24
18.67
16.43
14.50
12.60
11.41
10.58
9.40
8.35
7.64
6.24
4.08
3.41
3.30
3.26
3.27
3.33
3.41
3.49
3.55
3.57
3.57
3.56
3.51
3.46
3.43
3.40
3.37
3.36
3.36
3.34
3.31
3.28
3.25
3.22
3.17
3.11
3.05
3.02
3.00
3.05
3.19
3.46
3.45
3.27
3.13
3.15
3.10
3.10
3.11
3.10
3.10
3.10
3.15
3.07
3.03
3.00
2.99
2.99
3.00
3.01
3.06
3.06
3.19
5.94
7.32
6.84
7.67
14.77
20.53
13.93
11.24
9.81
10.12
9.31
9.15
8.04
7.80
9.01
8.67
8.19
9.23
10.09
10.81
10.90
12.26
12.17
13.98
14.27
14.66
18.09
19.66
21.55
21.87
23.93
25.35
25.64
26.59
29.49
30.55
30.61
30.19
28.81
28.28
146.30
146.10
144.20
141.60
136.70
135.90
133.40
131.20
128.70
125.50
122.30
119.90
116.70
114.30
113.80
112.20
109.40
107.10
103.70
97.09
95.35
94.09
92.45
90.22
89.04
87.74
88.08
85.41
83.02
81.91
80.61
79.13
77.68
77.29
76.88
75.81
74.90
74.60
74.55
76.02
78.72
79.08
81.62
79.32
77.68
75.78
75.14
75.67
75.04
74.56
73.37
70.54
69.45
68.21
67.82
65.48
66.49
66.64
66.88
65.74
64.54
64.27
63.68
63.88
63.06
59.49
59.18
56.59
54.37
51.78
49.59
46.14
43.40
39.22
34.68
29.81
25.23
21.11
17.25
14.39
12.92
11.59
10.80
9.99
9.26
8.20
7.38
5.85
3.98
3.39
3.31
3.26
3.26
3.32
3.40
3.48
3.53
3.55
3.56
3.56
3.51
3.45
3.42
3.39
3.37
3.36
3.36
3.34
3.31
3.29
3.26
3.21
3.16
3.10
3.05
3.02
2.99
2.99
3.22
3.60
3.41
3.05
3.05
3.05
3.05
3.05
3.05
3.05
3.05
3.04
3.08
3.01
2.98
2.95
2.93
2.93
2.93
2.93
2.98
2.99
3.18
6.14
6.22
5.83
6.91
16.77
17.11
11.54
9.34
7.79
8.67
8.66
8.19
7.50
8.34
9.26
7.71
8.32
9.35
9.87
10.16
10.92
11.04
11.47
12.96
13.90
13.36
17.95
19.15
21.32
21.84
24.62
25.47
26.22
27.00
30.42
31.39
31.40
30.78
29.62
28.48
147.00
146.60
143.20
142.30
136.90
136.40
132.20
131.30
124.90
124.90
121.50
117.90
115.30
113.00
111.60
110.80
108.60
106.60
104.60
96.99
94.53
94.61
92.54
90.62
86.47
88.57
86.95
85.36
83.68
82.19
81.23
78.48
77.87
76.32
74.95
75.62
73.13
75.22
74.49
76.52
77.28
78.76
80.08
79.06
76.41
74.97
74.99
74.03
73.14
73.41
70.39
67.32
66.32
67.26
63.89
66.40
65.21
64.91
65.85
65.42
66.42
63.18
63.39
60.75
60.89
58.90
57.40
57.37
55.35
51.73
50.90
47.62
43.85
40.94
35.57
31.41
26.52
21.11
15.61
13.07
12.13
11.60
11.01
10.10
9.01
8.07
7.27
5.91
4.07
3.41
3.29
3.25
3.26
3.33
3.40
3.48
3.54
3.56
3.56
3.55
3.49
3.41
3.38
3.36
3.35
3.36
3.36
3.34
3.30
3.28
3.25
3.21
3.15
3.09
3.03
3.00
2.95
2.96
3.21
3.48
3.42
3.01
3.02
3.04
3.02
3.02
3.02
3.02
3.02
3.02
3.06
2.99
2.95
2.91
2.90
2.90
2.90
2.90
2.94
2.96
3.06
5.95
5.60
5.47
6.15
10.88
15.69
12.21
10.37
11.45
10.19
9.61
9.10
7.90
9.93
10.38
9.05
9.82
10.06
9.85
11.12
11.30
12.29
11.75
12.92
14.32
14.33
17.89
19.10
21.26
21.23
23.82
24.72
25.38
28.44
29.91
30.76
31.28
30.18
28.98
28.68
146.30
146.10
144.20
141.60
136.70
135.90
133.40
131.20
128.70
125.50
122.30
119.90
116.70
114.30
113.80
112.20
109.40
107.10
103.70
97.09
95.35
94.09
92.45
90.22
89.04
87.74
88.08
85.41
83.02
81.91
80.61
79.13
77.68
77.29
76.88
75.81
74.90
74.60
74.55
76.02
78.72
79.08
81.62
79.32
77.68
75.78
75.14
75.67
75.04
74.56
73.37
70.54
69.45
68.21
67.82
65.48
66.49
66.64
66.88
65.74
64.54
64.27
63.68
63.88
63.06
59.49
59.18
56.59
54.37
51.78
49.59
46.14
43.40
39.22
34.68
29.81
25.23
21.11
17.25
14.39
12.92
11.59
10.80
9.99
9.26
8.20
7.38
5.85
3.98
3.39
3.31
3.26
3.26
3.32
3.40
3.48
3.53
3.55
3.56
3.56
3.51
3.45
3.42
3.39
3.37
3.36
3.36
3.34
3.31
3.29
3.26
3.21
3.16
3.10
3.05
3.02
2.99
2.99
3.22
3.60
3.41
3.05
3.05
3.05
3.05
3.05
3.05
3.05
3.05
3.04
3.08
3.01
2.98
2.95
2.93
2.93
2.93
2.93
2.98
2.99
3.18
6.14
6.22
5.83
6.91
16.77
17.11
11.54
9.34
7.79
8.67
8.66
8.19
7.50
8.34
9.26
7.71
8.32
9.35
9.87
10.16
10.92
11.04
11.47
12.96
13.90
13.36
17.95
19.15
21.32
21.84
24.62
25.47
26.22
27.00
30.42
31.39
31.40
30.78
29.62
28.48
147.10
146.30
144.20
142.20
139.00
138.20
135.00
132.30
131.00
128.30
125.50
122.10
118.90
116.30
114.90
111.50
111.10
108.70
103.70
98.74
96.48
93.47
92.97
92.22
89.64
88.84
89.18
87.94
85.98
86.37
83.95
84.51
83.14
80.99
79.50
79.23
78.17
76.99
77.59
75.33
78.65
81.09
81.84
79.10
78.71
79.35
76.01
76.50
76.15
75.78
74.67
73.53
72.99
70.78
71.26
71.10
70.32
71.52
70.51
70.18
69.46
67.46
67.93
65.59
64.68
63.05
59.16
57.48
55.65
51.26
47.44
43.54
39.78
37.10
32.99
28.82
25.15
22.24
18.67
16.43
14.50
12.60
11.41
10.58
9.40
8.35
7.64
6.24
4.08
3.41
3.30
3.26
3.27
3.33
3.41
3.49
3.55
3.57
3.57
3.56
3.51
3.46
3.43
3.40
3.37
3.36
3.36
3.34
3.31
3.28
3.25
3.22
3.17
3.11
3.05
3.02
3.00
3.05
3.19
3.46
3.45
3.27
3.13
3.15
3.10
3.10
3.11
3.10
3.10
3.10
3.15
3.07
3.03
3.00
2.99
2.99
3.00
3.01
3.06
3.06
3.19
5.94
7.32
6.84
7.67
14.77
20.53
13.93
11.24
9.81
10.12
9.31
9.15
8.04
7.80
9.01
8.67
8.19
9.23
10.09
10.81
10.90
12.26
12.17
13.98
14.27
14.66
18.09
19.66
21.55
21.87
23.93
25.35
25.64
26.59
29.49
30.55
30.61
30.19
28.81
28.28
146.70
146.90
144.50
143.20
141.80
141.30
135.60
135.40
134.40
130.30
128.20
127.40
124.10
122.70
119.20
117.70
116.30
111.70
108.90
103.50
100.00
99.12
97.89
96.64
94.47
93.46
93.05
92.64
93.33
92.23
91.48
90.61
89.41
88.98
88.18
87.31
85.77
85.48
84.82
84.12
86.23
90.08
89.47
87.98
88.42
87.68
87.51
87.83
88.69
89.05
89.81
88.12
86.70
87.21
87.65
88.84
89.52
88.79
90.21
89.31
88.49
87.18
87.66
83.58
78.23
73.84
70.30
65.69
57.80
52.49
47.67
44.73
39.11
35.60
31.94
28.20
24.63
21.41
18.41
16.58
14.98
13.41
11.96
10.65
9.45
8.46
7.80
6.46
3.98
3.36
3.28
3.25
3.27
3.33
3.40
3.49
3.55
3.59
3.60
3.59
3.55
3.52
3.48
3.45
3.42
3.41
3.40
3.39
3.36
3.34
3.32
3.29
3.23
3.17
3.13
3.10
3.17
3.44
3.51
3.65
3.51
3.17
3.14
3.18
3.16
3.17
3.17
3.18
3.18
3.18
3.27
3.17
3.13
3.10
3.07
3.07
3.07
3.09
3.12
3.16
3.50
6.39
7.70
7.52
8.83
16.21
23.86
14.05
11.36
10.39
11.88
9.42
9.76
9.34
8.34
9.72
9.12
8.72
9.72
10.51
11.35
11.53
12.14
11.73
13.86
14.22
14.21
18.65
19.57
21.81
21.15
23.90
24.82
25.51
25.95
28.56
29.45
29.31
29.53
28.53
27.75
147.40
148.50
146.10
144.60
142.60
142.20
141.10
138.30
135.60
134.20
133.20
132.10
131.40
128.10
126.70
125.80
124.50
122.60
121.30
110.80
109.50
106.70
105.70
104.30
103.40
101.90
100.60
100.90
101.30
100.80
101.70
100.40
99.57
99.74
101.30
102.00
102.60
103.80
103.60
105.80
109.00
118.20
120.00
122.20
122.80
125.10
127.80
129.00
134.10
135.30
136.30
138.10
135.80
137.20
140.70
141.40
143.80
141.80
142.80
138.70
139.80
133.10
129.10
123.20
115.20
108.80
100.40
91.72
82.61
73.10
66.12
57.45
50.37
43.17
37.41
31.23
26.85
22.45
19.76
17.48
15.77
13.92
12.51
10.80
9.33
8.37
7.30
6.30
4.02
3.35
3.26
3.27
3.30
3.36
3.44
3.53
3.60
3.65
3.66
3.63
3.60
3.57
3.52
3.49
3.46
3.44
3.43
3.42
3.38
3.36
3.33
3.30
3.25
3.18
3.13
3.10
3.08
3.12
3.26
3.70
4.18
3.33
3.29
3.31
3.22
3.24
3.24
3.24
3.24
3.25
3.31
3.23
3.18
3.15
3.14
3.15
3.17
3.17
3.20
3.26
3.72
6.77
9.04
8.69
11.88
21.56
27.62
16.12
10.98
9.35
10.08
11.81
10.47
11.40
9.99
11.28
11.13
9.67
9.83
11.54
11.75
12.94
13.07
12.96
14.46
15.29
15.91
19.02
20.60
22.39
21.10
22.84
23.94
24.90
25.58
28.07
28.37
28.70
28.07
27.44
27.16
147.10
147.90
146.20
147.50
145.00
142.70
143.70
142.60
142.10
140.80
139.80
138.00
137.90
138.70
136.40
134.90
134.70
133.50
133.10
123.90
123.00
121.20
119.40
120.30
119.70
118.60
119.30
119.20
121.30
121.90
123.60
125.00
125.70
128.40
130.70
134.90
139.40
142.90
147.90
150.60
159.90
183.50
182.80
185.60
185.60
188.60
192.80
197.90
203.30
209.50
212.60
212.20
212.00
210.30
214.40
210.30
214.90
213.50
218.40
210.10
209.20
201.80
199.50
194.30
179.70
173.10
161.40
150.80
132.30
116.80
105.10
91.77
77.38
64.19
50.83
37.46
27.47
22.43
19.94
17.79
15.88
14.30
12.50
10.69
9.43
8.24
7.19
5.86
3.84
3.35
3.29
3.29
3.33
3.38
3.46
3.56
3.64
3.70
3.72
3.69
3.67
3.65
3.60
3.56
3.53
3.51
3.50
3.49
3.46
3.43
3.40
3.36
3.31
3.24
3.20
3.17
3.14
3.38
3.65
4.00
4.39
3.43
3.37
3.37
3.30
3.30
3.31
3.32
3.32
3.32
3.41
3.32
3.28
3.25
3.24
3.24
3.25
3.26
3.32
3.56
5.63
8.84
10.44
12.93
19.08
40.47
21.50
11.85
8.10
9.93
14.45
15.46
14.27
12.25
10.81
12.83
11.98
11.36
12.18
11.94
13.17
13.49
14.15
14.39
16.06
15.84
15.61
19.39
20.57
22.20
20.82
23.18
23.60
22.90
25.35
28.05
27.23
27.40
27.47
27.00
26.13
