SALVI
1
0
24
15.0
181
1.0
240208 Icon Y22 F3T4 312 TRANS S
ICON Y22 F3T4 312 TRANS S

ICON-Y22-F3T4-PMMAS.ldt
4 Mar? 2024/TB
570
0
435
500
60
0
0
0
0
96.08
100.00
1.00
0.00
1
1
Y22
5473.50
3000
70
41.40
0.21
0.29
0.38
0.46
0.52
0.61
0.66
0.71
0.77
0.81
0.00
15.00
30.00
45.00
60.00
75.00
90.00
105.00
120.00
135.00
150.00
165.00
180.00
195.00
210.00
225.00
240.00
255.00
270.00
285.00
300.00
315.00
330.00
345.00
0.00
1.00
2.00
3.00
4.00
5.00
6.00
7.00
8.00
9.00
10.00
11.00
12.00
13.00
14.00
15.00
16.00
17.00
18.00
19.00
20.00
21.00
22.00
23.00
24.00
25.00
26.00
27.00
28.00
29.00
30.00
31.00
32.00
33.00
34.00
35.00
36.00
37.00
38.00
39.00
40.00
41.00
42.00
43.00
44.00
45.00
46.00
47.00
48.00
49.00
50.00
51.00
52.00
53.00
54.00
55.00
56.00
57.00
58.00
59.00
60.00
61.00
62.00
63.00
64.00
65.00
66.00
67.00
68.00
69.00
70.00
71.00
72.00
73.00
74.00
75.00
76.00
77.00
78.00
79.00
80.00
81.00
82.00
83.00
84.00
85.00
86.00
87.00
88.00
89.00
90.00
91.00
92.00
93.00
94.00
95.00
96.00
97.00
98.00
99.00
100.00
101.00
102.00
103.00
104.00
105.00
106.00
107.00
108.00
109.00
110.00
111.00
112.00
113.00
114.00
115.00
116.00
117.00
118.00
119.00
120.00
121.00
122.00
123.00
124.00
125.00
126.00
127.00
128.00
129.00
130.00
131.00
132.00
133.00
134.00
135.00
136.00
137.00
138.00
139.00
140.00
141.00
142.00
143.00
144.00
145.00
146.00
147.00
148.00
149.00
150.00
151.00
152.00
153.00
154.00
155.00
156.00
157.00
158.00
159.00
160.00
161.00
162.00
163.00
164.00
165.00
166.00
167.00
168.00
169.00
170.00
171.00
172.00
173.00
174.00
175.00
176.00
177.00
178.00
179.00
180.00
219.10
219.10
218.90
220.00
221.20
221.50
221.40
221.30
223.80
223.10
225.80
228.90
226.20
229.20
230.30
231.00
228.30
233.10
234.10
220.80
215.60
216.50
212.30
211.80
211.90
213.30
214.70
213.00
216.50
215.50
216.70
220.20
217.90
221.20
224.30
224.10
222.90
224.40
224.50
226.20
224.80
247.90
244.20
245.90
243.30
241.40
239.70
241.00
243.40
244.40
240.40
239.80
236.40
234.00
238.00
240.60
236.60
244.80
241.20
248.50
246.00
244.50
239.50
240.40
234.10
229.40
227.90
224.00
211.40
204.50
191.10
183.90
175.70
162.80
144.10
121.20
100.20
80.22
59.08
41.45
26.47
18.05
13.71
11.68
10.56
9.52
8.51
6.74
4.54
4.03
3.93
3.90
3.90
3.94
4.01
4.09
4.18
4.25
4.29
4.31
4.32
4.25
4.17
4.13
4.08
4.05
4.04
4.00
3.96
3.92
3.88
3.82
3.77
3.70
3.64
3.60
3.59
3.99
4.30
4.87
4.93
3.91
3.76
3.80
3.73
3.74
3.76
3.78
3.78
3.79
3.86
3.81
3.76
3.74
3.73
3.73
3.73
3.73
3.75
3.81
7.05
8.40
8.41
9.02
20.15
28.11
16.43
10.69
10.81
10.26
10.56
11.59
10.56
10.00
9.93
9.82
10.14
10.86
11.76
12.32
11.75
12.09
12.47
12.99
14.38
15.07
16.04
19.70
21.59
17.44
17.66
18.50
19.26
20.17
21.06
21.92
23.29
23.92
24.15
23.90
24.36
217.40
220.40
221.30
223.70
226.90
229.10
230.50
232.70
237.70
237.60
242.60
243.90
244.80
249.10
253.80
255.30
255.50
261.00
261.10
244.90
240.70
242.00
241.90
244.20
242.20
242.90
242.90
243.90
246.50
247.00
248.10
250.10
253.00
253.20
250.10
251.50
255.10
255.60
255.90
257.50
260.00
282.20
283.80
281.10
275.10
275.50
275.30
282.30
279.10
281.60
281.60
275.90
278.80
278.30
283.30
284.60
289.10
300.90
305.00
303.60
313.90
312.20
319.10
320.20
317.30
319.10
317.50
319.30
311.60
309.50
306.00
292.60
272.80
258.00
230.20
202.60
165.50
131.70
96.34
66.88
46.89
32.75
21.35
15.50
12.99
11.43
10.34
8.21
5.26
4.28
4.14
4.10
4.10
4.13
4.20
4.27
4.35
4.41
4.45
4.46
4.46
4.38
4.29
4.24
4.20
4.16
4.13
4.09
4.04
3.99
3.95
3.90
3.84
3.77
3.71
3.66
3.67
4.13
4.71
5.31
5.04
3.95
3.84
3.86
3.79
3.81
3.83
3.84
3.85
3.89
3.98
3.85
3.80
3.77
3.76
3.77
3.76
3.76
3.77
3.94
6.92
7.16
6.59
9.74
19.29
17.54
11.35
8.65
7.89
7.78
8.47
8.96
8.25
8.20
7.90
7.73
7.35
7.75
8.30
8.71
9.55
9.64
9.69
10.09
11.15
11.98
12.55
14.34
14.37
15.15
13.44
15.27
16.21
16.61
18.19
19.58
21.50
21.90
23.18
22.56
23.58
217.80
223.10
224.50
230.80
231.30
240.70
241.90
249.20
250.00
255.00
255.80
261.50
259.70
266.40
267.90
269.30
272.60
274.10
273.90
259.20
257.90
259.00
257.40
258.50
257.60
255.70
261.70
261.50
264.20
265.90
266.50
265.70
263.60
266.40
268.70
265.50
266.70
271.40
268.10
269.30
266.90
301.90
301.80
291.10
293.80
294.70
295.50
297.60
296.40
301.90
304.40
304.20
301.40
306.50
318.10
325.00
333.90
348.70
360.50
372.00
378.20
385.10
387.20
397.70
392.30
385.20
381.90
387.20
376.40
350.40
344.40
321.90
290.70
263.80
229.10
188.90
150.20
110.60
77.49
55.08
36.62
23.67
18.20
15.27
12.09
9.99
9.17
6.85
4.67
4.20
4.11
4.07
4.06
4.10
4.17
4.25
4.32
4.38
4.41
4.43
4.42
4.35
4.29
4.24
4.19
4.16
4.12
4.08
4.02
3.98
3.94
3.89
3.82
3.75
3.68
3.65
3.66
4.22
4.70
5.34
4.87
4.28
3.94
3.86
3.78
3.79
3.81
3.83
3.85
4.01
4.02
3.88
3.85
3.81
3.80
3.79
3.79
3.78
3.78
4.25
6.63
7.65
7.39
11.02
14.97
19.87
13.11
10.34
10.00
9.43
9.39
9.01
8.46
7.76
7.74
7.47
7.93
8.44
8.72
9.99
10.48
10.27
10.61
11.83
13.23
13.68
12.36
12.31
12.50
12.45
12.39
13.94
14.75
15.77
17.62
19.45
21.01
21.16
22.72
22.20
22.96
217.60
225.20
229.30
235.00
241.70
245.30
249.70
253.10
258.30
262.10
262.50
265.30
271.10
270.30
277.90
283.50
283.40
285.60
285.80
265.90
265.60
264.90
264.20
265.40
263.10
264.90
268.40
270.50
269.40
270.10
269.80
274.50
272.30
274.30
278.20
274.00
279.70
283.60
282.50
286.00
288.00
328.80
312.60
315.00
316.50
312.80
318.30
328.00
331.20
335.70
341.30
341.70
348.90
358.80
373.70
379.40
392.60
416.90
427.10
433.10
438.30
435.60
447.40
441.50
422.40
414.80
389.70
362.50
331.90
289.80
253.10
210.80
173.10
136.50
103.60
74.34
51.77
37.66
28.34
22.35
19.42
17.18
15.36
13.55
12.28
10.35
9.07
6.38
4.40
4.01
3.95
3.94
3.96
4.01
4.10
4.18
4.26
4.32
4.35
4.36
4.33
4.27
4.21
4.18
4.13
4.09
4.05
4.01
3.96
3.91
3.87
3.83
3.76
3.69
3.67
3.78
4.61
5.37
5.66
5.25
4.27
3.82
3.75
3.77
3.79
3.82
3.84
3.87
3.90
4.15
4.03
3.91
3.86
3.83
3.84
3.84
3.85
3.85
3.86
3.95
7.20
8.31
7.90
9.08
21.13
28.33
17.75
12.12
13.99
12.69
11.14
10.33
9.46
10.87
9.91
9.71
9.39
9.55
9.67
10.91
11.88
12.68
12.90
13.99
13.79
13.15
12.44
13.22
13.70
12.47
12.75
13.37
14.44
15.34
16.89
17.82
18.88
19.82
22.10
21.26
22.17
218.30
226.70
232.60
236.80
243.80
248.20
255.60
259.90
262.50
269.20
270.80
274.70
280.30
278.30
282.00
286.30
287.30
292.60
290.20
270.20
268.80
267.30
268.10
271.10
268.90
270.80
273.20
275.40
276.80
275.30
275.80
276.40
277.30
280.30
281.00
290.10
291.70
291.70
296.10
302.80
315.50
339.40
338.90
333.30
344.30
347.50
353.70
364.40
368.80
381.00
382.20
384.60
390.10
395.80
403.10
415.10
429.80
437.40
444.60
437.20
423.80
405.40
378.70
349.40
314.80
273.10
235.70
200.30
168.30
139.00
115.90
92.71
75.29
60.73
45.93
33.04
25.08
20.83
18.44
16.71
15.04
13.21
11.67
10.10
8.87
7.80
7.06
5.08
4.08
3.84
3.80
3.80
3.83
3.90
4.00
4.09
4.18
4.23
4.27
4.27
4.24
4.18
4.15
4.11
4.07
4.03
4.00
3.95
3.91
3.86
3.82
3.77
3.71
3.64
3.59
3.57
3.62
4.16
5.37
5.72
5.02
4.10
3.92
3.88
3.80
3.82
3.84
3.89
3.92
4.16
4.19
3.92
3.89
3.87
3.86
3.87
3.89
3.90
3.92
4.80
8.40
10.43
11.16
14.01
34.33
32.97
19.43
17.75
17.33
15.21
15.32
14.99
15.22
15.15
14.41
12.68
10.68
11.33
12.34
13.32
13.81
14.37
14.06
13.77
13.53
14.14
15.25
16.38
15.56
12.93
12.91
14.01
14.30
14.92
16.51
17.46
18.16
19.10
21.06
21.18
21.24
217.80
226.80
233.80
240.20
247.70
249.30
257.60
260.20
264.60
269.10
275.30
280.20
282.50
286.30
286.40
291.40
292.70
293.00
295.80
277.00
277.40
280.80
277.70
279.80
283.20
283.80
281.90
280.60
281.60
279.20
279.70
281.00
287.30
288.20
293.30
293.10
299.90
307.60
312.30
314.40
332.80
356.60
361.00
363.60
363.80
369.70
371.60
387.00
390.80
397.00
402.70
402.80
400.50
406.70
407.20
411.50
406.30
410.20
394.50
369.20
336.30
304.90
274.90
238.50
200.10
174.80
154.10
134.00
114.20
94.50
82.26
68.57
55.10
45.41
35.52
27.78
23.03
19.65
17.28
15.39
13.73
11.71
10.45
9.32
8.38
7.45
6.82
5.04
3.98
3.74
3.72
3.74
3.78
3.85
3.95
4.06
4.15
4.20
4.23
4.21
4.17
4.12
4.09
4.06
4.02
3.99
3.95
3.91
3.86
3.83
3.79
3.74
3.68
3.61
3.56
3.55
3.58
4.16
5.77
5.63
4.76
4.06
3.93
3.80
3.82
3.85
3.88
3.91
3.96
4.27
4.23
3.92
3.90
3.89
3.89
3.93
3.96
3.96
3.99
4.99
10.90
13.52
14.95
25.98
38.17
29.23
25.08
19.24
15.66
20.52
20.71
19.51
17.98
16.63
15.87
13.20
12.32
12.50
12.46
13.65
15.30
15.44
14.18
14.50
15.20
15.09
15.70
14.37
13.98
13.20
13.63
14.97
15.42
16.01
15.58
16.76
17.56
18.90
20.10
20.57
20.90
218.80
226.70
235.80
239.50
246.00
250.50
253.20
256.70
260.20
271.70
278.90
283.00
284.50
284.80
286.90
292.00
294.00
295.70
295.80
278.60
278.70
282.00
282.10
287.10
291.20
286.00
295.70
288.20
290.50
292.70
298.30
299.80
301.60
297.50
307.60
308.50
312.20
326.30
328.60
325.10
356.60
372.10
374.40
366.90
373.90
375.20
374.00
392.60
396.20
404.70
403.40
400.80
402.20
398.10
396.70
394.80
381.10
381.30
372.90
338.30
304.20
275.10
246.30
221.70
195.40
174.30
152.20
136.30
115.00
96.58
84.97
70.72
56.80
45.43
34.69
25.88
21.66
18.77
16.95
15.33
13.60
11.85
10.85
9.64
8.60
7.55
6.90
4.94
3.93
3.73
3.71
3.70
3.75
3.83
3.93
4.04
4.13
4.17
4.19
4.21
4.15
4.11
4.07
4.04
4.01
3.98
3.95
3.90
3.87
3.83
3.79
3.74
3.67
3.60
3.56
3.54
3.54
4.29
6.37
5.97
4.34
4.07
3.87
3.81
3.82
3.83
3.86
3.89
3.94
4.41
4.13
3.95
3.93
3.92
3.91
3.94
3.97
3.97
4.01
5.38
11.70
13.79
13.64
29.49
37.30
35.45
29.52
21.93
15.93
13.14
21.08
19.19
16.99
15.95
13.49
13.06
13.33
13.59
13.94
16.16
17.00
14.42
13.00
13.32
13.75
13.95
14.64
13.21
13.54
13.98
14.11
15.24
15.49
15.86
15.51
17.23
18.11
17.35
19.89
20.51
20.99
217.80
226.80
233.80
240.20
247.70
249.30
257.60
260.20
264.60
269.10
275.30
280.20
282.50
286.30
286.40
291.40
292.70
293.00
295.80
277.00
277.40
280.80
277.70
279.80
283.20
283.80
281.90
280.60
281.60
279.20
279.70
281.00
287.30
288.20
293.30
293.10
299.90
307.60
312.30
314.40
332.80
356.60
361.00
363.60
363.80
369.70
371.60
387.00
390.80
397.00
402.70
402.80
400.50
406.70
407.20
411.50
406.30
410.20
394.50
369.20
336.30
304.90
274.90
238.50
200.10
174.80
154.10
134.00
114.20
94.50
82.26
68.57
55.10
45.41
35.52
27.78
23.03
19.65
17.28
15.39
13.73
11.71
10.45
9.32
8.38
7.45
6.82
5.04
3.98
3.74
3.72
3.74
3.78
3.85
3.95
4.06
4.15
4.20
4.23
4.21
4.17
4.12
4.09
4.06
4.02
3.99
3.95
3.91
3.86
3.83
3.79
3.74
3.68
3.61
3.56
3.55
3.58
4.16
5.77
5.63
4.76
4.06
3.93
3.80
3.82
3.85
3.88
3.91
3.96
4.27
4.23
3.92
3.90
3.89
3.89
3.93
3.96
3.96
3.99
4.99
10.90
13.52
14.95
25.98
38.17
29.23
25.08
19.24
15.66
20.52
20.71
19.51
17.98
16.63
15.87
13.20
12.32
12.50
12.46
13.65
15.30
15.44
14.18
14.50
15.20
15.09
15.70
14.37
13.98
13.20
13.63
14.97
15.42
16.01
15.58
16.76
17.56
18.90
20.10
20.57
20.90
218.30
226.70
232.60
236.80
243.80
248.20
255.60
259.90
262.50
269.20
270.80
274.70
280.30
278.30
282.00
286.30
287.30
292.60
290.20
270.20
268.80
267.30
268.10
271.10
268.90
270.80
273.20
275.40
276.80
275.30
275.80
276.40
277.30
280.30
281.00
290.10
291.70
291.70
296.10
302.80
315.50
339.40
338.90
333.30
344.30
347.50
353.70
364.40
368.80
381.00
382.20
384.60
390.10
395.80
403.10
415.10
429.80
437.40
444.60
437.20
423.80
405.40
378.70
349.40
314.80
273.10
235.70
200.30
168.30
139.00
115.90
92.71
75.29
60.73
45.93
33.04
25.08
20.83
18.44
16.71
15.04
13.21
11.67
10.10
8.87
7.80
7.06
5.08
4.08
3.84
3.80
3.80
3.83
3.90
4.00
4.09
4.18
4.23
4.27
4.27
4.24
4.18
4.15
4.11
4.07
4.03
4.00
3.95
3.91
3.86
3.82
3.77
3.71
3.64
3.59
3.57
3.62
4.16
5.37
5.72
5.02
4.10
3.92
3.88
3.80
3.82
3.84
3.89
3.92
4.16
4.19
3.92
3.89
3.87
3.86
3.87
3.89
3.90
3.92
4.80
8.40
10.43
11.16
14.01
34.33
32.97
19.43
17.75
17.33
15.21
15.32
14.99
15.22
15.15
14.41
12.68
10.68
11.33
12.34
13.32
13.81
14.37
14.06
13.77
13.53
14.14
15.25
16.38
15.56
12.93
12.91
14.01
14.30
14.92
16.51
17.46
18.16
19.10
21.06
21.18
21.24
217.60
225.20
229.30
235.00
241.70
245.30
249.70
253.10
258.30
262.10
262.50
265.30
271.10
270.30
277.90
283.50
283.40
285.60
285.80
265.90
265.60
264.90
264.20
265.40
263.10
264.90
268.40
270.50
269.40
270.10
269.80
274.50
272.30
274.30
278.20
274.00
279.70
283.60
282.50
286.00
288.00
328.80
312.60
315.00
316.50
312.80
318.30
328.00
331.20
335.70
341.30
341.70
348.90
358.80
373.70
379.40
392.60
416.90
427.10
433.10
438.30
435.60
447.40
441.50
422.40
414.80
389.70
362.50
331.90
289.80
253.10
210.80
173.10
136.50
103.60
74.34
51.77
37.66
28.34
22.35
19.42
17.18
15.36
13.55
12.28
10.35
9.07
6.38
4.40
4.01
3.95
3.94
3.96
4.01
4.10
4.18
4.26
4.32
4.35
4.36
4.33
4.27
4.21
4.18
4.13
4.09
4.05
4.01
3.96
3.91
3.87
3.83
3.76
3.69
3.67
3.78
4.61
5.37
5.66
5.25
4.27
3.82
3.75
3.77
3.79
3.82
3.84
3.87
3.90
4.15
4.03
3.91
3.86
3.83
3.84
3.84
3.85
3.85
3.86
3.95
7.20
8.31
7.90
9.08
21.13
28.33
17.75
12.12
13.99
12.69
11.14
10.33
9.46
10.87
9.91
9.71
9.39
9.55
9.67
10.91
11.88
12.68
12.90
13.99
13.79
13.15
12.44
13.22
13.70
12.47
12.75
13.37
14.44
15.34
16.89
17.82
18.88
19.82
22.10
21.26
22.17
217.80
223.10
224.50
230.80
231.30
240.70
241.90
249.20
250.00
255.00
255.80
261.50
259.70
266.40
267.90
269.30
272.60
274.10
273.90
259.20
257.90
259.00
257.40
258.50
257.60
255.70
261.70
261.50
264.20
265.90
266.50
265.70
263.60
266.40
268.70
265.50
266.70
271.40
268.10
269.30
266.90
301.90
301.80
291.10
293.80
294.70
295.50
297.60
296.40
301.90
304.40
304.20
301.40
306.50
318.10
325.00
333.90
348.70
360.50
372.00
378.20
385.10
387.20
397.70
392.30
385.20
381.90
387.20
376.40
350.40
344.40
321.90
290.70
263.80
229.10
188.90
150.20
110.60
77.49
55.08
36.62
23.67
18.20
15.27
12.09
9.99
9.17
6.85
4.67
4.20
4.11
4.07
4.06
4.10
4.17
4.25
4.32
4.38
4.41
4.43
4.42
4.35
4.29
4.24
4.19
4.16
4.12
4.08
4.02
3.98
3.94
3.89
3.82
3.75
3.68
3.65
3.66
4.22
4.70
5.34
4.87
4.28
3.94
3.86
3.78
3.79
3.81
3.83
3.85
4.01
4.02
3.88
3.85
3.81
3.80
3.79
3.79
3.78
3.78
4.25
6.63
7.65
7.39
11.02
14.97
19.87
13.11
10.34
10.00
9.43
9.39
9.01
8.46
7.76
7.74
7.47
7.93
8.44
8.72
9.99
10.48
10.27
10.61
11.83
13.23
13.68
12.36
12.31
12.50
12.45
12.39
13.94
14.75
15.77
17.62
19.45
21.01
21.16
22.72
22.20
22.96
217.40
220.40
221.30
223.70
226.90
229.10
230.50
232.70
237.70
237.60
242.60
243.90
244.80
249.10
253.80
255.30
255.50
261.00
261.10
244.90
240.70
242.00
241.90
244.20
242.20
242.90
242.90
243.90
246.50
247.00
248.10
250.10
253.00
253.20
250.10
251.50
255.10
255.60
255.90
257.50
260.00
282.20
283.80
281.10
275.10
275.50
275.30
282.30
279.10
281.60
281.60
275.90
278.80
278.30
283.30
284.60
289.10
300.90
305.00
303.60
313.90
312.20
319.10
320.20
317.30
319.10
317.50
319.30
311.60
309.50
306.00
292.60
272.80
258.00
230.20
202.60
165.50
131.70
96.34
66.88
46.89
32.75
21.35
15.50
12.99
11.43
10.34
8.21
5.26
4.28
4.14
4.10
4.10
4.13
4.20
4.27
4.35
4.41
4.45
4.46
4.46
4.38
4.29
4.24
4.20
4.16
4.13
4.09
4.04
3.99
3.95
3.90
3.84
3.77
3.71
3.66
3.67
4.13
4.71
5.31
5.04
3.95
3.84
3.86
3.79
3.81
3.83
3.84
3.85
3.89
3.98
3.85
3.80
3.77
3.76
3.77
3.76
3.76
3.77
3.94
6.92
7.16
6.59
9.74
19.29
17.54
11.35
8.65
7.89
7.78
8.47
8.96
8.25
8.20
7.90
7.73
7.35
7.75
8.30
8.71
9.55
9.64
9.69
10.09
11.15
11.98
12.55
14.34
14.37
15.15
13.44
15.27
16.21
16.61
18.19
19.58
21.50
21.90
23.18
22.56
23.58
219.10
219.10
218.90
220.00
221.20
221.50
221.40
221.30
223.80
223.10
225.80
228.90
226.20
229.20
230.30
231.00
228.30
233.10
234.10
220.80
215.60
216.50
212.30
211.80
211.90
213.30
214.70
213.00
216.50
215.50
216.70
220.20
217.90
221.20
224.30
224.10
222.90
224.40
224.50
226.20
224.80
247.90
244.20
245.90
243.30
241.40
239.70
241.00
243.40
244.40
240.40
239.80
236.40
234.00
238.00
240.60
236.60
244.80
241.20
248.50
246.00
244.50
239.50
240.40
234.10
229.40
227.90
224.00
211.40
204.50
191.10
183.90
175.70
162.80
144.10
121.20
100.20
80.22
59.08
41.45
26.47
18.05
13.71
11.68
10.56
9.52
8.51
6.74
4.54
4.03
3.93
3.90
3.90
3.94
4.01
4.09
4.18
4.25
4.29
4.31
4.32
4.25
4.17
4.13
4.08
4.05
4.04
4.00
3.96
3.92
3.88
3.82
3.77
3.70
3.64
3.60
3.59
3.99
4.30
4.87
4.93
3.91
3.76
3.80
3.73
3.74
3.76
3.78
3.78
3.79
3.86
3.81
3.76
3.74
3.73
3.73
3.73
3.73
3.75
3.81
7.05
8.40
8.41
9.02
20.15
28.11
16.43
10.69
10.81
10.26
10.56
11.59
10.56
10.00
9.93
9.82
10.14
10.86
11.76
12.32
11.75
12.09
12.47
12.99
14.38
15.07
16.04
19.70
21.59
17.44
17.66
18.50
19.26
20.17
21.06
21.92
23.29
23.92
24.15
23.90
24.36
217.40
215.00
214.30
212.90
212.30
211.20
209.10
207.80
208.40
206.40
203.80
204.90
203.10
200.60
202.00
201.30
201.30
200.30
196.90
186.10
184.60
181.50
179.50
176.60
176.50
174.50
175.40
175.30
174.70
172.50
172.70
173.10
172.10
169.70
170.80
172.10
173.60
171.40
171.50
173.70
174.80
183.50
183.90
184.10
180.40
178.70
179.30
175.20
174.70
172.60
170.90
166.60
165.90
160.80
164.30
161.60
161.20
163.50
161.60
161.20
155.90
157.00
153.00
149.70
142.60
134.60
131.40
124.80
118.70
107.80
101.70
91.18
83.89
74.92
62.25
53.11
44.02
37.62
29.35
23.75
18.49
15.48
13.30
11.18
9.70
8.79
7.67
6.57
4.49
3.92
3.83
3.81
3.80
3.82
3.90
3.98
4.07
4.14
4.19
4.21
4.23
4.16
4.09
4.05
4.01
3.98
3.97
3.94
3.90
3.87
3.83
3.78
3.73
3.66
3.60
3.58
3.55
3.74
4.29
4.40
4.81
3.91
3.70
3.81
3.70
3.70
3.71
3.73
3.74
3.74
3.76
3.79
3.74
3.70
3.69
3.69
3.70
3.70
3.74
3.80
5.60
9.62
9.86
13.54
25.57
35.00
23.07
14.72
12.10
17.94
15.43
14.87
14.39
13.08
12.74
12.09
10.54
10.50
10.48
11.08
11.39
11.95
12.79
15.07
14.67
14.80
15.01
17.33
18.70
17.49
17.50
19.29
19.95
20.74
21.84
23.06
23.51
23.52
23.38
23.04
23.58
217.80
213.30
211.30
207.90
206.00
201.70
198.50
197.10
192.70
191.70
189.20
187.10
183.70
181.10
181.20
178.40
177.80
172.70
172.00
162.40
153.40
150.50
150.20
146.00
146.00
146.00
144.80
144.30
142.90
139.50
137.20
138.20
137.70
135.90
136.20
135.90
134.90
136.60
133.10
132.20
134.40
143.60
139.20
137.70
136.40
132.90
130.60
129.30
126.10
124.50
121.70
119.80
116.20
113.40
112.60
112.40
111.20
110.30
108.80
107.70
104.40
101.90
96.93
93.07
88.16
82.22
78.12
74.29
67.15
59.68
54.81
48.04
42.23
37.71
33.14
27.83
24.47
21.51
19.47
17.66
15.98
14.38
12.86
11.43
10.08
9.17
8.34
7.14
4.84
3.89
3.71
3.70
3.72
3.74
3.81
3.88
3.96
4.04
4.10
4.12
4.11
4.05
3.98
3.94
3.89
3.86
3.84
3.82
3.79
3.76
3.73
3.69
3.64
3.59
3.52
3.49
3.47
3.54
3.68
3.81
4.58
4.16
3.63
3.65
3.62
3.64
3.65
3.67
3.68
3.68
3.72
3.69
3.64
3.60
3.59
3.59
3.60
3.61
3.64
3.68
3.87
8.09
9.43
10.60
12.64
38.29
33.42
19.87
16.01
16.90
16.99
19.20
17.62
16.65
15.51
16.26
13.52
13.27
13.02
13.78
13.90
13.96
14.56
14.90
15.25
16.76
17.50
18.85
19.89
20.97
20.47
21.39
22.02
22.56
23.42
24.24
23.94
24.06
23.40
22.89
22.96
217.60
212.40
208.50
202.20
200.20
193.60
190.60
183.90
181.60
177.80
173.90
171.50
166.00
163.00
161.10
158.40
153.60
150.60
152.50
142.30
136.20
133.00
130.30
124.90
123.20
122.30
122.60
120.20
120.00
118.00
117.90
116.40
117.60
115.40
116.40
114.10
114.40
113.70
112.50
111.40
109.30
139.80
113.40
114.20
113.00
107.90
108.60
106.70
104.10
103.70
102.40
98.99
96.18
93.68
93.97
91.02
90.00
91.77
87.03
87.44
83.72
81.31
78.68
76.65
69.96
66.07
61.59
57.54
51.98
46.14
40.93
36.32
31.55
28.17
25.24
23.38
21.67
20.13
18.19
16.28
14.52
13.14
12.24
10.66
9.62
8.84
7.77
6.83
4.63
3.82
3.66
3.65
3.65
3.67
3.73
3.82
3.89
3.95
4.00
4.02
4.02
3.97
3.90
3.86
3.82
3.79
3.78
3.77
3.74
3.71
3.68
3.66
3.61
3.54
3.48
3.45
3.57
3.62
3.96
4.11
4.15
3.73
3.47
3.52
3.52
3.54
3.55
3.56
3.57
3.57
3.63
3.62
3.54
3.50
3.47
3.46
3.46
3.46
3.47
3.50
3.60
6.07
8.12
8.57
11.78
22.92
28.08
22.67
15.46
14.63
14.26
15.98
15.71
14.20
13.78
14.33
13.48
11.75
12.07
13.22
14.29
15.32
15.23
15.12
16.68
16.43
15.89
19.98
20.74
22.60
21.64
23.83
23.95
23.88
24.08
24.76
23.88
23.35
22.82
22.27
22.08
218.30
210.30
206.10
201.10
195.10
188.20
183.90
178.60
175.30
169.90
165.10
160.80
155.60
150.20
148.60
146.00
142.20
140.60
137.50
131.40
119.80
117.10
116.90
114.30
113.10
110.60
109.20
107.80
106.70
106.30
105.70
105.10
102.70
101.20
102.40
100.50
100.00
97.97
98.05
96.13
95.40
104.40
100.60
101.20
99.33
96.08
94.62
93.24
92.96
90.85
88.66
87.49
84.23
82.28
83.16
82.27
80.66
79.63
79.54
78.71
76.52
73.09
70.16
67.04
63.26
58.24
54.31
50.83
45.38
40.26
36.17
33.29
29.15
26.97
24.45
22.54
20.65
19.03
17.43
15.95
14.36
13.15
11.65
10.44
9.31
8.37
7.60
6.55
4.69
3.78
3.59
3.58
3.60
3.62
3.67
3.75
3.82
3.89
3.92
3.93
3.92
3.88
3.81
3.76
3.71
3.68
3.67
3.66
3.64
3.61
3.58
3.55
3.51
3.46
3.40
3.35
3.32
3.32
3.42
4.02
3.95
3.54
3.61
3.51
3.45
3.46
3.46
3.46
3.46
3.46
3.47
3.50
3.39
3.35
3.31
3.30
3.31
3.30
3.31
3.33
3.43
4.96
7.25
7.37
8.19
16.30
20.21
17.37
11.30
11.80
11.19
11.67
11.11
11.45
11.11
10.99
11.02
9.70
10.13
10.63
11.66
12.31
13.00
12.83
14.94
15.49
15.99
18.99
20.60
22.09
21.83
23.15
23.29
22.99
23.53
24.57
23.19
22.19
22.06
22.55
21.26
217.80
209.00
203.50
197.70
190.90
184.40
178.60
174.20
168.30
163.30
157.60
153.30
148.30
144.20
142.70
138.90
135.80
131.60
127.80
120.80
114.10
110.70
108.80
107.10
104.20
103.70
101.80
101.00
100.10
98.35
96.26
94.81
93.94
92.56
92.11
91.20
91.20
89.73
86.98
88.03
87.33
92.73
93.04
91.34
87.59
88.38
84.93
83.61
81.75
80.45
80.02
78.90
76.97
76.37
75.83
74.09
74.28
73.71
71.99
71.22
69.34
67.00
63.74
61.79
58.72
54.21
49.69
46.62
41.66
38.15
34.44
31.95
28.42
26.24
23.70
21.69
20.06
18.45
16.77
15.66
14.26
12.68
11.51
10.15
9.13
8.32
7.49
6.49
4.50
3.71
3.55
3.53
3.54
3.54
3.61
3.68
3.76
3.81
3.84
3.86
3.86
3.82
3.75
3.69
3.65
3.62
3.61
3.60
3.59
3.56
3.54
3.51
3.48
3.42
3.36
3.32
3.29
3.27
3.42
3.92
3.96
3.38
3.37
3.40
3.39
3.39
3.40
3.40
3.39
3.39
3.41
3.39
3.32
3.28
3.23
3.21
3.21
3.21
3.20
3.23
3.50
5.22
6.09
5.89
8.22
13.75
14.76
10.97
9.09
8.70
8.52
8.36
8.36
8.14
8.28
9.00
8.37
8.80
9.52
9.98
9.64
10.79
11.08
11.85
13.71
14.50
15.03
19.10
19.76
21.18
21.50
24.11
24.63
24.36
24.07
24.33
23.55
22.91
21.94
21.71
21.01
218.80
209.10
202.90
196.40
187.60
181.70
179.90
173.50
165.90
162.40
153.70
149.30
144.90
142.90
140.70
135.00
134.90
129.20
124.20
121.50
111.50
108.60
106.80
105.00
104.10
101.30
101.90
98.19
98.12
94.60
93.41
92.79
90.80
90.07
90.28
90.16
87.99
86.59
87.00
85.59
85.71
93.84
91.97
87.42
86.50
83.10
82.13
79.49
78.64
78.93
77.54
75.91
73.82
72.88
72.07
71.35
70.09
70.00
68.39
67.56
65.48
62.73
60.63
59.06
56.03
50.75
48.02
45.11
41.77
38.31
35.69
31.74
29.54
27.24
24.50
22.04
20.09
18.21
16.72
15.59
14.14
12.76
11.54
10.41
9.20
8.35
7.67
6.52
4.61
3.71
3.51
3.51
3.53
3.54
3.59
3.67
3.75
3.80
3.83
3.85
3.83
3.79
3.72
3.65
3.60
3.58
3.57
3.56
3.55
3.53
3.50
3.48
3.45
3.39
3.34
3.29
3.26
3.25
3.37
3.68
4.17
3.37
3.37
3.37
3.37
3.38
3.38
3.37
3.37
3.37
3.41
3.37
3.28
3.23
3.19
3.18
3.18
3.18
3.19
3.23
3.60
4.83
5.49
5.48
6.53
9.18
10.71
11.03
9.91
9.22
9.13
8.61
8.47
8.39
8.99
9.42
8.64
8.80
9.59
9.41
9.78
9.80
11.06
11.34
13.37
14.58
14.58
18.05
19.67
22.54
22.94
23.50
24.43
24.01
23.98
24.89
23.61
23.00
21.72
22.02
21.00
217.80
209.00
203.50
197.70
190.90
184.40
178.60
174.20
168.30
163.30
157.60
153.30
148.30
144.20
142.70
138.90
135.80
131.60
127.80
120.80
114.10
110.70
108.80
107.10
104.20
103.70
101.80
101.00
100.10
98.35
96.26
94.81
93.94
92.56
92.11
91.20
91.20
89.73
86.98
88.03
87.33
92.73
93.04
91.34
87.59
88.38
84.93
83.61
81.75
80.45
80.02
78.90
76.97
76.37
75.83
74.09
74.28
73.71
71.99
71.22
69.34
67.00
63.74
61.79
58.72
54.21
49.69
46.62
41.66
38.15
34.44
31.95
28.42
26.24
23.70
21.69
20.06
18.45
16.77
15.66
14.26
12.68
11.51
10.15
9.13
8.32
7.49
6.49
4.50
3.71
3.55
3.53
3.54
3.54
3.61
3.68
3.76
3.81
3.84
3.86
3.86
3.82
3.75
3.69
3.65
3.62
3.61
3.60
3.59
3.56
3.54
3.51
3.48
3.42
3.36
3.32
3.29
3.27
3.42
3.92
3.96
3.38
3.37
3.40
3.39
3.39
3.40
3.40
3.39
3.39
3.41
3.39
3.32
3.28
3.23
3.21
3.21
3.21
3.20
3.23
3.50
5.22
6.09
5.89
8.22
13.75
14.76
10.97
9.09
8.70
8.52
8.36
8.36
8.14
8.28
9.00
8.37
8.80
9.52
9.98
9.64
10.79
11.08
11.85
13.71
14.50
15.03
19.10
19.76
21.18
21.50
24.11
24.63
24.36
24.07
24.33
23.55
22.91
21.94
21.71
21.01
218.30
210.30
206.10
201.10
195.10
188.20
183.90
178.60
175.30
169.90
165.10
160.80
155.60
150.20
148.60
146.00
142.20
140.60
137.50
131.40
119.80
117.10
116.90
114.30
113.10
110.60
109.20
107.80
106.70
106.30
105.70
105.10
102.70
101.20
102.40
100.50
100.00
97.97
98.05
96.13
95.40
104.40
100.60
101.20
99.33
96.08
94.62
93.24
92.96
90.85
88.66
87.49
84.23
82.28
83.16
82.27
80.66
79.63
79.54
78.71
76.52
73.09
70.16
67.04
63.26
58.24
54.31
50.83
45.38
40.26
36.17
33.29
29.15
26.97
24.45
22.54
20.65
19.03
17.43
15.95
14.36
13.15
11.65
10.44
9.31
8.37
7.60
6.55
4.69
3.78
3.59
3.58
3.60
3.62
3.67
3.75
3.82
3.89
3.92
3.93
3.92
3.88
3.81
3.76
3.71
3.68
3.67
3.66
3.64
3.61
3.58
3.55
3.51
3.46
3.40
3.35
3.32
3.32
3.42
4.02
3.95
3.54
3.61
3.51
3.45
3.46
3.46
3.46
3.46
3.46
3.47
3.50
3.39
3.35
3.31
3.30
3.31
3.30
3.31
3.33
3.43
4.96
7.25
7.37
8.19
16.30
20.21
17.37
11.30
11.80
11.19
11.67
11.11
11.45
11.11
10.99
11.02
9.70
10.13
10.63
11.66
12.31
13.00
12.83
14.94
15.49
15.99
18.99
20.60
22.09
21.83
23.15
23.29
22.99
23.53
24.57
23.19
22.19
22.06
22.55
21.26
217.60
212.40
208.50
202.20
200.20
193.60
190.60
183.90
181.60
177.80
173.90
171.50
166.00
163.00
161.10
158.40
153.60
150.60
152.50
142.30
136.20
133.00
130.30
124.90
123.20
122.30
122.60
120.20
120.00
118.00
117.90
116.40
117.60
115.40
116.40
114.10
114.40
113.70
112.50
111.40
109.30
139.80
113.40
114.20
113.00
107.90
108.60
106.70
104.10
103.70
102.40
98.99
96.18
93.68
93.97
91.02
90.00
91.77
87.03
87.44
83.72
81.31
78.68
76.65
69.96
66.07
61.59
57.54
51.98
46.14
40.93
36.32
31.55
28.17
25.24
23.38
21.67
20.13
18.19
16.28
14.52
13.14
12.24
10.66
9.62
8.84
7.77
6.83
4.63
3.82
3.66
3.65
3.65
3.67
3.73
3.82
3.89
3.95
4.00
4.02
4.02
3.97
3.90
3.86
3.82
3.79
3.78
3.77
3.74
3.71
3.68
3.66
3.61
3.54
3.48
3.45
3.57
3.62
3.96
4.11
4.15
3.73
3.47
3.52
3.52
3.54
3.55
3.56
3.57
3.57
3.63
3.62
3.54
3.50
3.47
3.46
3.46
3.46
3.47
3.50
3.60
6.07
8.12
8.57
11.78
22.92
28.08
22.67
15.46
14.63
14.26
15.98
15.71
14.20
13.78
14.33
13.48
11.75
12.07
13.22
14.29
15.32
15.23
15.12
16.68
16.43
15.89
19.98
20.74
22.60
21.64
23.83
23.95
23.88
24.08
24.76
23.88
23.35
22.82
22.27
22.08
217.80
213.30
211.30
207.90
206.00
201.70
198.50
197.10
192.70
191.70
189.20
187.10
183.70
181.10
181.20
178.40
177.80
172.70
172.00
162.40
153.40
150.50
150.20
146.00
146.00
146.00
144.80
144.30
142.90
139.50
137.20
138.20
137.70
135.90
136.20
135.90
134.90
136.60
133.10
132.20
134.40
143.60
139.20
137.70
136.40
132.90
130.60
129.30
126.10
124.50
121.70
119.80
116.20
113.40
112.60
112.40
111.20
110.30
108.80
107.70
104.40
101.90
96.93
93.07
88.16
82.22
78.12
74.29
67.15
59.68
54.81
48.04
42.23
37.71
33.14
27.83
24.47
21.51
19.47
17.66
15.98
14.38
12.86
11.43
10.08
9.17
8.34
7.14
4.84
3.89
3.71
3.70
3.72
3.74
3.81
3.88
3.96
4.04
4.10
4.12
4.11
4.05
3.98
3.94
3.89
3.86
3.84
3.82
3.79
3.76
3.73
3.69
3.64
3.59
3.52
3.49
3.47
3.54
3.68
3.81
4.58
4.16
3.63
3.65
3.62
3.64
3.65
3.67
3.68
3.68
3.72
3.69
3.64
3.60
3.59
3.59
3.60
3.61
3.64
3.68
3.87
8.09
9.43
10.60
12.64
38.29
33.42
19.87
16.01
16.90
16.99
19.20
17.62
16.65
15.51
16.26
13.52
13.27
13.02
13.78
13.90
13.96
14.56
14.90
15.25
16.76
17.50
18.85
19.89
20.97
20.47
21.39
22.02
22.56
23.42
24.24
23.94
24.06
23.40
22.89
22.96
217.40
215.00
214.30
212.90
212.30
211.20
209.10
207.80
208.40
206.40
203.80
204.90
203.10
200.60
202.00
201.30
201.30
200.30
196.90
186.10
184.60
181.50
179.50
176.60
176.50
174.50
175.40
175.30
174.70
172.50
172.70
173.10
172.10
169.70
170.80
172.10
173.60
171.40
171.50
173.70
174.80
183.50
183.90
184.10
180.40
178.70
179.30
175.20
174.70
172.60
170.90
166.60
165.90
160.80
164.30
161.60
161.20
163.50
161.60
161.20
155.90
157.00
153.00
149.70
142.60
134.60
131.40
124.80
118.70
107.80
101.70
91.18
83.89
74.92
62.25
53.11
44.02
37.62
29.35
23.75
18.49
15.48
13.30
11.18
9.70
8.79
7.67
6.57
4.49
3.92
3.83
3.81
3.80
3.82
3.90
3.98
4.07
4.14
4.19
4.21
4.23
4.16
4.09
4.05
4.01
3.98
3.97
3.94
3.90
3.87
3.83
3.78
3.73
3.66
3.60
3.58
3.55
3.74
4.29
4.40
4.81
3.91
3.70
3.81
3.70
3.70
3.71
3.73
3.74
3.74
3.76
3.79
3.74
3.70
3.69
3.69
3.70
3.70
3.74
3.80
5.60
9.62
9.86
13.54
25.57
35.00
23.07
14.72
12.10
17.94
15.43
14.87
14.39
13.08
12.74
12.09
10.54
10.50
10.48
11.08
11.39
11.95
12.79
15.07
14.67
14.80
15.01
17.33
18.70
17.49
17.50
19.29
19.95
20.74
21.84
23.06
23.51
23.52
23.38
23.04
23.58
