SALVI
1
0
24
15.0
181
1.0
240208 Icon Y22 F3T4 312 TRANS L
ICON Y22 F3T4 312 TRANS L

ICON-Y22-F3T4-PMMAL.ldt
4 Mar? 2024/TB
570
0
435
500
60
0
0
0
0
94.15
100.00
1.00
0.00
1
1
Y22
4228.60
3000
70
41.40
0.27
0.35
0.43
0.50
0.55
0.63
0.67
0.71
0.76
0.79
0.00
15.00
30.00
45.00
60.00
75.00
90.00
105.00
120.00
135.00
150.00
165.00
180.00
195.00
210.00
225.00
240.00
255.00
270.00
285.00
300.00
315.00
330.00
345.00
0.00
1.00
2.00
3.00
4.00
5.00
6.00
7.00
8.00
9.00
10.00
11.00
12.00
13.00
14.00
15.00
16.00
17.00
18.00
19.00
20.00
21.00
22.00
23.00
24.00
25.00
26.00
27.00
28.00
29.00
30.00
31.00
32.00
33.00
34.00
35.00
36.00
37.00
38.00
39.00
40.00
41.00
42.00
43.00
44.00
45.00
46.00
47.00
48.00
49.00
50.00
51.00
52.00
53.00
54.00
55.00
56.00
57.00
58.00
59.00
60.00
61.00
62.00
63.00
64.00
65.00
66.00
67.00
68.00
69.00
70.00
71.00
72.00
73.00
74.00
75.00
76.00
77.00
78.00
79.00
80.00
81.00
82.00
83.00
84.00
85.00
86.00
87.00
88.00
89.00
90.00
91.00
92.00
93.00
94.00
95.00
96.00
97.00
98.00
99.00
100.00
101.00
102.00
103.00
104.00
105.00
106.00
107.00
108.00
109.00
110.00
111.00
112.00
113.00
114.00
115.00
116.00
117.00
118.00
119.00
120.00
121.00
122.00
123.00
124.00
125.00
126.00
127.00
128.00
129.00
130.00
131.00
132.00
133.00
134.00
135.00
136.00
137.00
138.00
139.00
140.00
141.00
142.00
143.00
144.00
145.00
146.00
147.00
148.00
149.00
150.00
151.00
152.00
153.00
154.00
155.00
156.00
157.00
158.00
159.00
160.00
161.00
162.00
163.00
164.00
165.00
166.00
167.00
168.00
169.00
170.00
171.00
172.00
173.00
174.00
175.00
176.00
177.00
178.00
179.00
180.00
300.10
299.80
299.50
299.80
299.70
299.70
299.70
298.90
298.80
298.50
298.30
297.60
297.20
296.10
295.40
293.90
292.40
290.70
287.00
280.30
274.40
270.60
267.50
264.70
262.80
260.90
259.40
257.60
256.30
255.40
254.40
252.60
252.00
250.80
249.70
248.50
247.30
246.00
245.00
244.00
243.60
245.80
243.80
240.40
236.80
233.10
228.90
225.10
221.10
217.30
212.80
208.20
203.60
198.90
194.50
190.50
186.60
182.80
178.80
174.70
169.70
164.10
158.20
152.10
145.70
139.20
132.60
125.80
119.10
112.40
106.00
100.00
94.15
88.66
83.03
77.47
71.61
65.73
60.19
55.05
50.40
45.68
41.15
36.93
32.79
28.31
24.85
21.90
18.13
13.07
8.56
7.00
6.87
7.02
7.31
7.55
7.90
8.13
8.14
8.12
8.11
8.07
8.05
8.09
8.15
8.09
8.12
8.16
8.20
8.25
8.30
8.37
8.42
8.44
8.46
8.49
8.53
8.52
8.52
8.53
8.45
8.24
8.10
8.07
8.03
8.02
8.03
8.05
8.05
8.05
8.06
8.05
8.04
8.04
8.08
8.18
8.31
8.50
8.82
9.27
9.94
10.66
11.39
12.11
13.15
13.31
12.92
12.59
12.39
12.25
12.20
12.20
12.23
12.30
12.36
12.47
12.70
13.00
13.37
13.84
14.36
15.03
15.71
16.43
17.38
18.06
18.43
18.97
19.05
18.83
18.58
18.67
18.80
18.97
19.19
19.34
19.41
19.47
19.53
19.53
19.56
298.50
299.50
300.60
301.70
302.50
303.40
304.40
305.00
305.40
306.10
306.90
307.40
307.60
307.50
307.30
307.00
306.20
304.30
301.20
294.30
288.60
285.50
283.40
281.20
279.80
278.60
277.20
276.10
275.20
274.60
274.00
273.40
272.50
271.80
271.20
270.40
269.50
269.00
268.50
267.90
268.00
270.50
269.10
266.30
262.00
258.00
253.90
250.50
247.10
243.40
239.30
234.50
229.80
225.50
221.10
217.40
213.40
209.80
206.00
201.40
196.40
190.50
184.30
177.50
170.50
163.30
155.90
149.30
141.60
134.00
126.30
118.90
111.80
105.30
98.57
91.71
84.14
76.91
70.27
64.01
58.07
52.35
47.19
42.31
38.47
32.43
28.49
24.76
20.05
14.02
9.02
7.64
7.57
7.59
7.70
7.96
8.42
8.60
8.56
8.49
8.51
8.40
8.26
8.29
8.37
8.41
8.48
8.57
8.58
8.58
8.62
8.66
8.70
8.73
8.76
8.82
8.90
8.90
8.93
8.92
8.79
8.57
8.41
8.36
8.34
8.35
8.36
8.36
8.37
8.37
8.38
8.33
8.33
8.34
8.38
8.48
8.61
8.82
9.15
9.64
10.33
11.04
11.73
12.29
12.82
12.69
12.46
12.26
12.14
12.03
12.00
12.00
12.03
12.07
12.08
12.11
12.14
12.32
12.63
12.98
13.47
14.05
14.69
15.44
16.10
16.63
16.68
16.89
16.79
16.73
16.68
16.92
17.24
17.46
17.70
18.01
18.35
18.49
18.66
18.80
18.88
298.70
300.70
302.70
304.60
306.50
308.30
310.10
311.70
313.10
314.40
315.30
316.70
317.20
318.10
318.50
318.30
318.00
316.50
312.80
305.80
300.50
297.70
296.00
294.10
292.60
291.50
291.20
291.00
290.50
290.40
289.90
289.60
288.60
287.90
287.60
286.60
286.30
285.90
285.50
285.70
286.70
290.00
288.50
285.10
280.90
276.70
273.00
269.30
265.60
261.70
257.30
252.20
247.50
242.90
239.00
235.70
231.80
228.90
225.10
220.30
215.00
208.60
201.50
194.10
185.90
178.10
169.30
161.30
152.40
143.70
135.10
126.70
118.80
111.40
103.90
96.19
88.19
80.40
73.35
66.73
60.68
54.66
49.28
44.13
38.76
33.89
29.77
25.78
20.49
13.72
8.88
7.92
8.03
7.94
7.86
8.19
8.76
8.84
8.76
8.73
8.74
8.58
8.43
8.43
8.52
8.62
8.77
8.85
8.83
8.82
8.84
8.86
8.88
8.90
8.95
9.04
9.14
9.17
9.22
9.16
8.99
8.81
8.71
8.67
8.63
8.62
8.61
8.61
8.62
8.63
8.63
8.59
8.57
8.58
8.63
8.73
8.90
9.15
9.52
10.11
10.87
11.65
12.27
12.79
13.30
13.19
12.96
12.77
12.65
12.53
12.47
12.46
12.46
12.49
12.52
12.52
12.64
12.89
13.20
13.63
14.17
14.85
15.57
16.34
17.06
17.17
16.78
16.51
16.22
16.26
16.39
16.63
16.94
17.24
17.58
17.85
18.15
18.25
18.42
18.65
18.76
298.60
301.30
304.00
306.90
309.50
312.30
314.50
316.60
318.60
320.40
322.10
323.90
325.30
326.00
326.90
327.00
326.70
325.00
321.30
313.30
308.80
306.60
305.10
303.50
302.40
301.60
300.80
300.80
300.10
299.80
299.70
299.30
299.10
298.60
298.40
298.10
298.00
297.50
297.40
297.80
298.90
303.40
300.70
296.90
292.60
288.50
284.60
280.70
277.00
272.90
268.50
263.00
258.60
253.70
249.20
244.70
240.60
237.00
232.40
227.30
220.90
213.50
205.60
197.00
187.90
178.80
168.70
159.00
149.10
139.40
129.70
120.60
112.20
104.70
97.69
90.83
83.90
77.14
70.67
64.66
58.96
53.39
48.04
42.97
37.79
32.77
28.88
25.17
20.12
13.58
8.75
7.89
8.09
7.96
7.84
8.30
8.79
8.91
8.85
8.79
8.80
8.62
8.55
8.55
8.70
8.81
8.93
9.02
9.01
9.01
9.03
9.06
9.10
9.16
9.29
9.50
9.58
9.52
9.45
9.36
9.17
8.96
8.83
8.80
8.78
8.78
8.79
8.81
8.82
8.82
8.80
8.75
8.74
8.76
8.81
8.92
9.11
9.37
9.79
10.47
11.34
12.21
13.03
13.79
14.36
14.28
13.94
13.71
13.56
13.37
13.34
13.31
13.32
13.31
13.24
13.24
13.38
13.62
13.92
14.28
14.72
15.30
15.97
16.62
17.19
17.30
16.77
16.35
16.04
16.13
16.22
16.48
16.79
17.07
17.35
17.65
17.93
18.04
18.34
18.53
18.69
298.90
302.20
305.70
308.80
312.20
315.30
318.20
320.70
323.10
325.70
327.80
329.50
331.10
331.90
332.80
333.40
332.60
331.10
327.20
319.20
315.20
313.10
311.50
310.20
309.40
308.50
308.20
307.40
307.30
306.80
307.00
306.80
306.70
306.20
306.10
306.00
305.80
306.00
306.50
307.10
308.10
310.70
308.60
304.50
299.70
295.00
290.70
286.50
282.90
278.10
272.90
267.10
261.00
255.30
249.70
244.80
240.10
235.40
229.70
223.10
215.00
205.80
196.10
185.70
175.10
164.50
154.30
144.40
135.10
126.30
117.60
109.80
102.60
96.16
90.09
84.27
77.97
72.15
66.34
60.76
55.45
50.06
44.96
39.93
34.72
30.46
26.73
23.33
18.56
12.42
8.34
7.81
8.01
7.80
7.90
8.40
8.76
8.89
8.86
8.80
8.79
8.62
8.59
8.67
8.81
8.91
9.00
9.04
9.03
9.02
9.05
9.07
9.10
9.14
9.23
9.38
9.53
9.55
9.57
9.54
9.37
9.11
9.00
8.96
8.92
8.91
8.91
8.92
8.93
8.94
8.92
8.86
8.85
8.86
8.94
9.10
9.32
9.67
10.21
11.10
12.14
13.18
14.36
15.27
15.70
15.43
15.05
14.74
14.53
14.32
14.18
14.18
14.17
14.14
14.13
14.08
14.08
14.27
14.49
14.90
15.41
15.89
16.39
17.06
17.69
17.50
16.79
16.37
16.08
16.06
16.17
16.42
16.73
16.99
17.31
17.58
17.79
17.90
18.18
18.41
18.58
298.50
302.30
306.30
310.00
313.80
316.90
320.00
322.50
325.40
328.60
331.40
333.40
334.90
336.50
336.80
336.80
336.50
334.60
330.90
322.80
318.90
317.00
315.40
314.20
313.40
313.00
312.70
312.00
311.50
311.40
311.50
311.40
311.10
310.40
309.80
309.20
309.10
308.90
309.50
310.00
311.20
313.40
312.10
307.60
302.40
297.30
292.10
287.20
282.90
277.70
271.90
265.30
258.60
252.10
245.90
239.80
233.70
227.90
221.20
212.80
203.20
193.50
183.50
173.40
163.60
154.20
145.30
136.50
127.70
119.70
112.00
104.80
97.93
91.88
86.28
80.88
75.04
69.25
63.53
58.39
53.40
48.03
43.08
38.31
33.11
29.04
25.35
22.17
17.96
12.22
8.23
7.69
7.81
7.69
7.90
8.39
8.72
8.91
8.91
8.78
8.79
8.57
8.61
8.71
8.90
8.98
9.01
9.01
9.03
9.05
9.07
9.10
9.14
9.19
9.29
9.45
9.64
9.69
9.74
9.65
9.40
9.14
9.03
8.99
8.96
8.96
8.97
8.99
9.02
9.02
9.00
8.94
8.96
8.99
9.07
9.25
9.54
9.98
10.65
11.70
12.89
13.95
15.10
15.82
16.29
16.23
15.84
15.52
15.37
15.19
15.01
14.85
14.76
14.67
14.60
14.53
14.43
14.56
14.81
15.22
15.60
16.05
16.54
17.20
17.73
17.57
16.75
16.17
16.01
16.07
16.22
16.45
16.74
16.99
17.21
17.55
17.69
17.82
18.13
18.40
18.59
299.00
302.80
306.90
310.70
314.20
317.80
320.90
323.80
326.90
329.90
332.30
334.20
335.80
336.90
337.70
337.60
337.80
335.70
332.00
323.60
320.00
318.00
317.20
317.20
316.50
316.00
315.80
315.40
315.00
314.70
314.40
314.60
314.50
314.10
313.50
313.00
312.70
311.80
312.20
312.60
313.90
316.10
314.00
309.70
303.90
298.00
292.60
287.10
282.50
276.80
269.70
262.50
255.70
248.80
241.90
235.00
229.00
222.80
215.80
207.80
198.80
190.10
180.20
170.60
161.30
151.90
142.80
133.90
125.40
117.30
109.70
102.50
96.08
90.01
84.61
79.28
73.39
67.93
62.49
57.38
52.34
47.15
42.47
37.41
32.30
28.25
24.77
21.58
17.25
11.67
8.06
7.65
7.75
7.61
7.92
8.45
8.73
8.95
8.92
8.79
8.76
8.58
8.58
8.73
8.96
9.02
9.03
9.04
9.04
9.05
9.06
9.09
9.12
9.18
9.31
9.47
9.65
9.70
9.74
9.61
9.35
9.12
9.04
9.00
8.98
8.97
8.97
9.00
9.05
9.07
9.05
8.99
8.98
9.01
9.12
9.34
9.66
10.11
10.83
11.95
13.12
14.28
15.74
16.54
16.87
16.59
16.23
15.92
15.63
15.28
15.03
14.81
14.80
14.81
14.78
14.62
14.59
14.73
14.98
15.37
15.74
16.10
16.60
17.30
17.68
17.43
16.57
15.96
15.92
16.06
16.25
16.44
16.75
16.98
17.21
17.54
17.69
17.85
18.13
18.41
18.57
298.50
302.30
306.30
310.00
313.80
316.90
320.00
322.50
325.40
328.60
331.40
333.40
334.90
336.50
336.80
336.80
336.50
334.60
330.90
322.80
318.90
317.00
315.40
314.20
313.40
313.00
312.70
312.00
311.50
311.40
311.50
311.40
311.10
310.40
309.80
309.20
309.10
308.90
309.50
310.00
311.20
313.40
312.10
307.60
302.40
297.30
292.10
287.20
282.90
277.70
271.90
265.30
258.60
252.10
245.90
239.80
233.70
227.90
221.20
212.80
203.20
193.50
183.50
173.40
163.60
154.20
145.30
136.50
127.70
119.70
112.00
104.80
97.93
91.88
86.28
80.88
75.04
69.25
63.53
58.39
53.40
48.03
43.08
38.31
33.11
29.04
25.35
22.17
17.96
12.22
8.23
7.69
7.81
7.69
7.90
8.39
8.72
8.91
8.91
8.78
8.79
8.57
8.61
8.71
8.90
8.98
9.01
9.01
9.03
9.05
9.07
9.10
9.14
9.19
9.29
9.45
9.64
9.69
9.74
9.65
9.40
9.14
9.03
8.99
8.96
8.96
8.97
8.99
9.02
9.02
9.00
8.94
8.96
8.99
9.07
9.25
9.54
9.98
10.65
11.70
12.89
13.95
15.10
15.82
16.29
16.23
15.84
15.52
15.37
15.19
15.01
14.85
14.76
14.67
14.60
14.53
14.43
14.56
14.81
15.22
15.60
16.05
16.54
17.20
17.73
17.57
16.75
16.17
16.01
16.07
16.22
16.45
16.74
16.99
17.21
17.55
17.69
17.82
18.13
18.40
18.59
298.90
302.20
305.70
308.80
312.20
315.30
318.20
320.70
323.10
325.70
327.80
329.50
331.10
331.90
332.80
333.40
332.60
331.10
327.20
319.20
315.20
313.10
311.50
310.20
309.40
308.50
308.20
307.40
307.30
306.80
307.00
306.80
306.70
306.20
306.10
306.00
305.80
306.00
306.50
307.10
308.10
310.70
308.60
304.50
299.70
295.00
290.70
286.50
282.90
278.10
272.90
267.10
261.00
255.30
249.70
244.80
240.10
235.40
229.70
223.10
215.00
205.80
196.10
185.70
175.10
164.50
154.30
144.40
135.10
126.30
117.60
109.80
102.60
96.16
90.09
84.27
77.97
72.15
66.34
60.76
55.45
50.06
44.96
39.93
34.72
30.46
26.73
23.33
18.56
12.42
8.34
7.81
8.01
7.80
7.90
8.40
8.76
8.89
8.86
8.80
8.79
8.62
8.59
8.67
8.81
8.91
9.00
9.04
9.03
9.02
9.05
9.07
9.10
9.14
9.23
9.38
9.53
9.55
9.57
9.54
9.37
9.11
9.00
8.96
8.92
8.91
8.91
8.92
8.93
8.94
8.92
8.86
8.85
8.86
8.94
9.10
9.32
9.67
10.21
11.10
12.14
13.18
14.36
15.27
15.70
15.43
15.05
14.74
14.53
14.32
14.18
14.18
14.17
14.14
14.13
14.08
14.08
14.27
14.49
14.90
15.41
15.89
16.39
17.06
17.69
17.50
16.79
16.37
16.08
16.06
16.17
16.42
16.73
16.99
17.31
17.58
17.79
17.90
18.18
18.41
18.58
298.60
301.30
304.00
306.90
309.50
312.30
314.50
316.60
318.60
320.40
322.10
323.90
325.30
326.00
326.90
327.00
326.70
325.00
321.30
313.30
308.80
306.60
305.10
303.50
302.40
301.60
300.80
300.80
300.10
299.80
299.70
299.30
299.10
298.60
298.40
298.10
298.00
297.50
297.40
297.80
298.90
303.40
300.70
296.90
292.60
288.50
284.60
280.70
277.00
272.90
268.50
263.00
258.60
253.70
249.20
244.70
240.60
237.00
232.40
227.30
220.90
213.50
205.60
197.00
187.90
178.80
168.70
159.00
149.10
139.40
129.70
120.60
112.20
104.70
97.69
90.83
83.90
77.14
70.67
64.66
58.96
53.39
48.04
42.97
37.79
32.77
28.88
25.17
20.12
13.58
8.75
7.89
8.09
7.96
7.84
8.30
8.79
8.91
8.85
8.79
8.80
8.62
8.55
8.55
8.70
8.81
8.93
9.02
9.01
9.01
9.03
9.06
9.10
9.16
9.29
9.50
9.58
9.52
9.45
9.36
9.17
8.96
8.83
8.80
8.78
8.78
8.79
8.81
8.82
8.82
8.80
8.75
8.74
8.76
8.81
8.92
9.11
9.37
9.79
10.47
11.34
12.21
13.03
13.79
14.36
14.28
13.94
13.71
13.56
13.37
13.34
13.31
13.32
13.31
13.24
13.24
13.38
13.62
13.92
14.28
14.72
15.30
15.97
16.62
17.19
17.30
16.77
16.35
16.04
16.13
16.22
16.48
16.79
17.07
17.35
17.65
17.93
18.04
18.34
18.53
18.69
298.70
300.70
302.70
304.60
306.50
308.30
310.10
311.70
313.10
314.40
315.30
316.70
317.20
318.10
318.50
318.30
318.00
316.50
312.80
305.80
300.50
297.70
296.00
294.10
292.60
291.50
291.20
291.00
290.50
290.40
289.90
289.60
288.60
287.90
287.60
286.60
286.30
285.90
285.50
285.70
286.70
290.00
288.50
285.10
280.90
276.70
273.00
269.30
265.60
261.70
257.30
252.20
247.50
242.90
239.00
235.70
231.80
228.90
225.10
220.30
215.00
208.60
201.50
194.10
185.90
178.10
169.30
161.30
152.40
143.70
135.10
126.70
118.80
111.40
103.90
96.19
88.19
80.40
73.35
66.73
60.68
54.66
49.28
44.13
38.76
33.89
29.77
25.78
20.49
13.72
8.88
7.92
8.03
7.94
7.86
8.19
8.76
8.84
8.76
8.73
8.74
8.58
8.43
8.43
8.52
8.62
8.77
8.85
8.83
8.82
8.84
8.86
8.88
8.90
8.95
9.04
9.14
9.17
9.22
9.16
8.99
8.81
8.71
8.67
8.63
8.62
8.61
8.61
8.62
8.63
8.63
8.59
8.57
8.58
8.63
8.73
8.90
9.15
9.52
10.11
10.87
11.65
12.27
12.79
13.30
13.19
12.96
12.77
12.65
12.53
12.47
12.46
12.46
12.49
12.52
12.52
12.64
12.89
13.20
13.63
14.17
14.85
15.57
16.34
17.06
17.17
16.78
16.51
16.22
16.26
16.39
16.63
16.94
17.24
17.58
17.85
18.15
18.25
18.42
18.65
18.76
298.50
299.50
300.60
301.70
302.50
303.40
304.40
305.00
305.40
306.10
306.90
307.40
307.60
307.50
307.30
307.00
306.20
304.30
301.20
294.30
288.60
285.50
283.40
281.20
279.80
278.60
277.20
276.10
275.20
274.60
274.00
273.40
272.50
271.80
271.20
270.40
269.50
269.00
268.50
267.90
268.00
270.50
269.10
266.30
262.00
258.00
253.90
250.50
247.10
243.40
239.30
234.50
229.80
225.50
221.10
217.40
213.40
209.80
206.00
201.40
196.40
190.50
184.30
177.50
170.50
163.30
155.90
149.30
141.60
134.00
126.30
118.90
111.80
105.30
98.57
91.71
84.14
76.91
70.27
64.01
58.07
52.35
47.19
42.31
38.47
32.43
28.49
24.76
20.05
14.02
9.02
7.64
7.57
7.59
7.70
7.96
8.42
8.60
8.56
8.49
8.51
8.40
8.26
8.29
8.37
8.41
8.48
8.57
8.58
8.58
8.62
8.66
8.70
8.73
8.76
8.82
8.90
8.90
8.93
8.92
8.79
8.57
8.41
8.36
8.34
8.35
8.36
8.36
8.37
8.37
8.38
8.33
8.33
8.34
8.38
8.48
8.61
8.82
9.15
9.64
10.33
11.04
11.73
12.29
12.82
12.69
12.46
12.26
12.14
12.03
12.00
12.00
12.03
12.07
12.08
12.11
12.14
12.32
12.63
12.98
13.47
14.05
14.69
15.44
16.10
16.63
16.68
16.89
16.79
16.73
16.68
16.92
17.24
17.46
17.70
18.01
18.35
18.49
18.66
18.80
18.88
300.10
299.80
299.50
299.80
299.70
299.70
299.70
298.90
298.80
298.50
298.30
297.60
297.20
296.10
295.40
293.90
292.40
290.70
287.00
280.30
274.40
270.60
267.50
264.70
262.80
260.90
259.40
257.60
256.30
255.40
254.40
252.60
252.00
250.80
249.70
248.50
247.30
246.00
245.00
244.00
243.60
245.80
243.80
240.40
236.80
233.10
228.90
225.10
221.10
217.30
212.80
208.20
203.60
198.90
194.50
190.50
186.60
182.80
178.80
174.70
169.70
164.10
158.20
152.10
145.70
139.20
132.60
125.80
119.10
112.40
106.00
100.00
94.15
88.66
83.03
77.47
71.61
65.73
60.19
55.05
50.40
45.68
41.15
36.93
32.79
28.31
24.85
21.90
18.13
13.07
8.56
7.00
6.87
7.02
7.31
7.55
7.90
8.13
8.14
8.12
8.11
8.07
8.05
8.09
8.15
8.09
8.12
8.16
8.20
8.25
8.30
8.37
8.42
8.44
8.46
8.49
8.53
8.52
8.52
8.53
8.45
8.24
8.10
8.07
8.03
8.02
8.03
8.05
8.05
8.05
8.06
8.05
8.04
8.04
8.08
8.18
8.31
8.50
8.82
9.27
9.94
10.66
11.39
12.11
13.15
13.31
12.92
12.59
12.39
12.25
12.20
12.20
12.23
12.30
12.36
12.47
12.70
13.00
13.37
13.84
14.36
15.03
15.71
16.43
17.38
18.06
18.43
18.97
19.05
18.83
18.58
18.67
18.80
18.97
19.19
19.34
19.41
19.47
19.53
19.53
19.56
298.50
297.50
296.20
295.30
293.90
293.40
291.80
290.50
289.20
288.10
286.60
285.20
283.70
282.10
280.10
278.20
275.70
272.80
269.00
262.50
256.10
251.30
247.50
244.30
241.10
238.50
236.20
234.20
231.90
230.00
228.10
226.50
224.80
223.10
221.30
219.60
218.00
216.40
214.80
213.20
212.60
213.40
210.80
207.80
204.10
200.30
196.20
192.30
188.30
184.40
180.10
175.70
171.40
167.00
163.10
159.00
155.10
151.50
147.90
143.80
139.60
134.70
129.50
124.20
118.60
113.10
107.40
101.60
96.04
90.62
85.56
80.45
75.80
71.53
67.25
63.09
58.65
54.17
50.02
46.06
42.16
38.32
34.78
31.18
27.61
23.99
20.95
18.50
15.64
11.87
8.23
6.51
6.24
6.39
6.85
7.16
7.38
7.62
7.74
7.80
7.87
7.80
7.79
7.81
7.90
7.81
7.82
7.86
7.89
7.93
7.99
8.07
8.13
8.14
8.15
8.15
8.16
8.17
8.14
8.16
8.10
7.91
7.79
7.76
7.74
7.74
7.74
7.75
7.76
7.77
7.80
7.80
7.78
7.78
7.82
7.93
8.08
8.29
8.63
9.10
9.85
10.70
11.42
12.25
13.53
13.29
12.74
12.42
12.27
12.23
12.11
12.03
12.02
12.01
11.96
11.84
11.88
12.03
12.30
12.58
12.93
13.48
14.13
15.09
15.98
16.30
16.59
17.21
17.54
17.70
17.72
18.20
18.35
18.48
18.75
18.90
18.86
18.84
18.89
18.87
18.88
298.70
296.70
294.70
292.50
290.50
288.30
286.00
284.00
281.70
279.50
277.10
274.50
272.40
269.80
267.50
264.60
261.50
257.90
253.50
247.20
240.40
234.70
229.90
226.30
222.70
219.40
216.60
213.90
211.30
208.90
206.50
204.40
202.40
200.40
198.30
195.90
193.90
191.60
189.80
188.20
186.70
186.80
184.20
181.30
177.90
174.20
170.30
166.50
162.70
158.80
154.80
150.50
146.40
142.60
138.90
135.20
131.70
128.40
125.00
121.50
117.70
113.60
109.30
104.70
99.97
95.18
90.32
85.58
80.87
76.33
72.00
67.77
63.89
60.27
56.77
53.43
49.99
46.39
42.95
39.59
36.42
33.21
30.08
27.15
24.27
21.01
18.16
15.98
13.76
10.94
8.04
6.25
5.74
5.88
6.35
6.71
6.89
7.14
7.36
7.51
7.62
7.56
7.52
7.53
7.58
7.57
7.57
7.60
7.63
7.67
7.73
7.82
7.88
7.89
7.88
7.87
7.86
7.84
7.80
7.80
7.77
7.65
7.49
7.44
7.44
7.44
7.46
7.48
7.48
7.49
7.50
7.50
7.50
7.51
7.55
7.64
7.79
8.00
8.30
8.72
9.30
10.10
10.83
11.53
12.41
13.40
12.90
12.33
12.03
12.00
12.00
11.91
11.88
11.93
11.95
11.91
11.81
11.95
12.18
12.51
12.89
13.32
13.82
14.43
15.21
15.80
16.35
17.25
17.86
18.09
18.09
18.52
18.70
18.79
18.96
19.12
18.98
18.90
18.87
18.82
18.77
298.60
295.50
292.90
289.90
287.00
284.20
280.90
277.70
275.10
272.20
268.80
265.80
262.20
258.90
255.60
252.40
248.60
244.90
240.30
233.70
226.30
220.40
215.60
211.10
207.10
203.50
200.40
197.40
194.80
192.00
189.40
187.10
185.00
182.60
180.40
178.10
175.90
173.60
171.60
169.50
167.90
168.70
165.10
162.60
159.60
156.10
152.60
149.20
145.70
142.10
138.30
134.40
130.50
126.90
123.40
120.00
116.70
113.60
110.60
107.40
104.20
100.60
96.94
92.91
88.59
84.40
80.13
75.87
71.90
67.92
64.10
60.42
56.95
53.73
50.69
47.76
44.75
41.51
38.36
35.37
32.47
29.53
26.92
24.32
21.66
18.75
16.18
14.13
12.20
9.87
7.57
6.00
5.45
5.60
6.02
6.35
6.54
6.79
7.06
7.24
7.35
7.34
7.30
7.28
7.30
7.30
7.34
7.40
7.45
7.49
7.54
7.63
7.70
7.74
7.75
7.76
7.77
7.71
7.65
7.59
7.51
7.34
7.22
7.19
7.19
7.19
7.19
7.20
7.22
7.23
7.24
7.25
7.25
7.26
7.31
7.42
7.58
7.80
8.10
8.50
9.00
9.68
10.37
10.95
11.60
12.52
12.53
11.95
11.55
11.47
11.47
11.46
11.44
11.46
11.46
11.45
11.33
11.47
11.73
12.05
12.38
12.68
13.23
13.87
14.68
15.35
15.90
17.14
17.77
18.32
18.33
18.73
18.95
18.98
19.09
19.12
18.99
18.87
18.83
18.76
18.67
298.90
295.10
291.60
288.10
284.40
281.00
277.40
273.50
269.70
266.20
262.70
259.00
255.30
251.40
247.80
244.10
240.30
236.40
231.40
225.30
217.90
211.90
206.40
201.90
197.20
193.60
190.10
186.80
183.90
181.00
178.40
175.70
173.20
170.90
168.60
166.30
164.10
161.90
159.90
157.90
156.60
156.30
153.80
151.50
148.80
145.80
142.70
139.50
136.30
132.70
129.20
125.70
122.10
118.60
115.40
112.20
109.10
106.20
103.40
100.50
97.54
94.40
91.00
87.40
83.44
79.46
75.40
71.41
67.56
63.75
60.14
56.73
53.50
50.47
47.58
44.76
42.04
39.04
36.19
33.28
30.57
27.90
25.33
22.90
20.39
17.62
15.20
13.20
11.40
9.42
7.47
5.98
5.28
5.37
5.71
6.05
6.31
6.53
6.77
6.96
7.08
7.11
7.08
7.07
7.08
7.08
7.12
7.19
7.25
7.29
7.34
7.41
7.46
7.49
7.48
7.45
7.42
7.37
7.34
7.32
7.27
7.11
6.99
6.96
6.97
6.97
6.98
6.99
7.01
7.02
7.03
7.04
7.05
7.09
7.15
7.25
7.42
7.64
7.92
8.29
8.75
9.31
9.96
10.44
10.85
11.42
11.69
11.27
10.86
10.70
10.66
10.64
10.66
10.68
10.70
10.76
10.71
10.81
11.07
11.38
11.80
12.27
12.86
13.27
14.04
14.86
15.73
16.63
17.57
18.22
18.33
18.82
19.02
19.01
19.14
19.30
19.08
18.87
18.75
18.68
18.58
298.50
294.50
290.80
286.60
282.60
278.70
274.70
270.40
266.50
262.70
258.30
254.50
250.80
246.80
242.90
238.70
234.20
229.90
225.00
218.90
211.70
205.50
200.30
195.30
191.00
187.30
183.60
180.30
177.10
174.10
171.40
168.70
166.30
164.00
161.60
159.20
157.00
154.90
152.90
150.90
149.40
149.20
146.70
144.30
141.90
139.10
136.20
132.90
129.70
126.40
123.00
119.50
116.10
112.90
109.80
106.80
103.90
101.20
98.39
95.60
92.76
89.78
86.64
83.06
79.33
75.57
71.88
68.18
64.47
60.88
57.48
54.21
51.08
48.20
45.49
42.85
40.21
37.26
34.48
31.72
29.15
26.51
24.11
21.89
19.37
16.71
14.38
12.45
10.75
8.94
7.22
5.86
5.19
5.27
5.56
5.87
6.15
6.40
6.60
6.77
6.88
6.94
6.94
6.92
6.93
6.94
6.97
7.05
7.13
7.18
7.22
7.28
7.35
7.37
7.39
7.38
7.33
7.25
7.21
7.19
7.11
7.00
6.86
6.84
6.84
6.84
6.85
6.87
6.89
6.91
6.93
6.94
6.96
7.00
7.08
7.19
7.37
7.60
7.87
8.20
8.61
9.07
9.55
9.88
10.19
10.60
10.68
10.52
10.27
10.10
10.00
9.96
9.96
9.99
10.04
10.08
10.13
10.37
10.69
11.02
11.41
12.02
12.63
13.36
14.30
14.89
15.53
16.64
17.48
18.21
18.32
18.95
19.12
19.08
19.15
19.36
19.12
18.88
18.79
18.65
18.59
299.00
294.60
290.90
286.40
282.50
278.40
273.90
269.80
265.40
261.00
257.00
252.90
249.00
244.70
241.10
237.00
232.70
228.30
223.50
217.50
210.10
204.00
198.20
193.70
189.00
185.00
181.60
178.20
174.90
172.10
169.50
166.70
164.40
162.30
159.80
157.50
155.20
153.10
151.10
149.10
147.50
147.40
144.70
142.90
140.40
137.90
134.80
131.70
128.40
125.10
121.70
118.20
114.80
111.60
108.50
105.50
102.60
99.97
97.27
94.55
91.72
88.86
85.77
82.30
78.72
74.94
71.25
67.49
63.85
60.31
56.89
53.70
50.59
47.77
44.99
42.46
39.81
36.92
34.21
31.44
28.82
26.24
23.90
21.66
19.35
16.61
14.31
12.40
10.70
8.92
7.26
5.92
5.15
5.20
5.47
5.75
6.06
6.33
6.54
6.71
6.83
6.89
6.87
6.88
6.90
6.90
6.94
7.03
7.10
7.16
7.20
7.25
7.31
7.34
7.34
7.31
7.26
7.18
7.13
7.11
7.06
6.94
6.80
6.79
6.79
6.81
6.83
6.85
6.88
6.92
6.93
6.94
6.96
6.99
7.05
7.14
7.31
7.52
7.78
8.09
8.47
8.91
9.34
9.67
9.98
10.30
10.40
10.37
10.21
10.14
10.03
10.00
10.00
10.02
10.03
10.00
10.09
10.32
10.61
10.96
11.37
11.87
12.51
13.27
14.03
14.93
15.29
16.33
17.28
18.19
18.37
18.89
19.11
19.04
19.32
19.43
19.09
18.87
18.73
18.65
18.56
298.50
294.50
290.80
286.60
282.60
278.70
274.70
270.40
266.50
262.70
258.30
254.50
250.80
246.80
242.90
238.70
234.20
229.90
225.00
218.90
211.70
205.50
200.30
195.30
191.00
187.30
183.60
180.30
177.10
174.10
171.40
168.70
166.30
164.00
161.60
159.20
157.00
154.90
152.90
150.90
149.40
149.20
146.70
144.30
141.90
139.10
136.20
132.90
129.70
126.40
123.00
119.50
116.10
112.90
109.80
106.80
103.90
101.20
98.39
95.60
92.76
89.78
86.64
83.06
79.33
75.57
71.88
68.18
64.47
60.88
57.48
54.21
51.08
48.20
45.49
42.85
40.21
37.26
34.48
31.72
29.15
26.51
24.11
21.89
19.37
16.71
14.38
12.45
10.75
8.94
7.22
5.86
5.19
5.27
5.56
5.87
6.15
6.40
6.60
6.77
6.88
6.94
6.94
6.92
6.93
6.94
6.97
7.05
7.13
7.18
7.22
7.28
7.35
7.37
7.39
7.38
7.33
7.25
7.21
7.19
7.11
7.00
6.86
6.84
6.84
6.84
6.85
6.87
6.89
6.91
6.93
6.94
6.96
7.00
7.08
7.19
7.37
7.60
7.87
8.20
8.61
9.07
9.55
9.88
10.19
10.60
10.68
10.52
10.27
10.10
10.00
9.96
9.96
9.99
10.04
10.08
10.13
10.37
10.69
11.02
11.41
12.02
12.63
13.36
14.30
14.89
15.53
16.64
17.48
18.21
18.32
18.95
19.12
19.08
19.15
19.36
19.12
18.88
18.79
18.65
18.59
298.90
295.10
291.60
288.10
284.40
281.00
277.40
273.50
269.70
266.20
262.70
259.00
255.30
251.40
247.80
244.10
240.30
236.40
231.40
225.30
217.90
211.90
206.40
201.90
197.20
193.60
190.10
186.80
183.90
181.00
178.40
175.70
173.20
170.90
168.60
166.30
164.10
161.90
159.90
157.90
156.60
156.30
153.80
151.50
148.80
145.80
142.70
139.50
136.30
132.70
129.20
125.70
122.10
118.60
115.40
112.20
109.10
106.20
103.40
100.50
97.54
94.40
91.00
87.40
83.44
79.46
75.40
71.41
67.56
63.75
60.14
56.73
53.50
50.47
47.58
44.76
42.04
39.04
36.19
33.28
30.57
27.90
25.33
22.90
20.39
17.62
15.20
13.20
11.40
9.42
7.47
5.98
5.28
5.37
5.71
6.05
6.31
6.53
6.77
6.96
7.08
7.11
7.08
7.07
7.08
7.08
7.12
7.19
7.25
7.29
7.34
7.41
7.46
7.49
7.48
7.45
7.42
7.37
7.34
7.32
7.27
7.11
6.99
6.96
6.97
6.97
6.98
6.99
7.01
7.02
7.03
7.04
7.05
7.09
7.15
7.25
7.42
7.64
7.92
8.29
8.75
9.31
9.96
10.44
10.85
11.42
11.69
11.27
10.86
10.70
10.66
10.64
10.66
10.68
10.70
10.76
10.71
10.81
11.07
11.38
11.80
12.27
12.86
13.27
14.04
14.86
15.73
16.63
17.57
18.22
18.33
18.82
19.02
19.01
19.14
19.30
19.08
18.87
18.75
18.68
18.58
298.60
295.50
292.90
289.90
287.00
284.20
280.90
277.70
275.10
272.20
268.80
265.80
262.20
258.90
255.60
252.40
248.60
244.90
240.30
233.70
226.30
220.40
215.60
211.10
207.10
203.50
200.40
197.40
194.80
192.00
189.40
187.10
185.00
182.60
180.40
178.10
175.90
173.60
171.60
169.50
167.90
168.70
165.10
162.60
159.60
156.10
152.60
149.20
145.70
142.10
138.30
134.40
130.50
126.90
123.40
120.00
116.70
113.60
110.60
107.40
104.20
100.60
96.94
92.91
88.59
84.40
80.13
75.87
71.90
67.92
64.10
60.42
56.95
53.73
50.69
47.76
44.75
41.51
38.36
35.37
32.47
29.53
26.92
24.32
21.66
18.75
16.18
14.13
12.20
9.87
7.57
6.00
5.45
5.60
6.02
6.35
6.54
6.79
7.06
7.24
7.35
7.34
7.30
7.28
7.30
7.30
7.34
7.40
7.45
7.49
7.54
7.63
7.70
7.74
7.75
7.76
7.77
7.71
7.65
7.59
7.51
7.34
7.22
7.19
7.19
7.19
7.19
7.20
7.22
7.23
7.24
7.25
7.25
7.26
7.31
7.42
7.58
7.80
8.10
8.50
9.00
9.68
10.37
10.95
11.60
12.52
12.53
11.95
11.55
11.47
11.47
11.46
11.44
11.46
11.46
11.45
11.33
11.47
11.73
12.05
12.38
12.68
13.23
13.87
14.68
15.35
15.90
17.14
17.77
18.32
18.33
18.73
18.95
18.98
19.09
19.12
18.99
18.87
18.83
18.76
18.67
298.70
296.70
294.70
292.50
290.50
288.30
286.00
284.00
281.70
279.50
277.10
274.50
272.40
269.80
267.50
264.60
261.50
257.90
253.50
247.20
240.40
234.70
229.90
226.30
222.70
219.40
216.60
213.90
211.30
208.90
206.50
204.40
202.40
200.40
198.30
195.90
193.90
191.60
189.80
188.20
186.70
186.80
184.20
181.30
177.90
174.20
170.30
166.50
162.70
158.80
154.80
150.50
146.40
142.60
138.90
135.20
131.70
128.40
125.00
121.50
117.70
113.60
109.30
104.70
99.97
95.18
90.32
85.58
80.87
76.33
72.00
67.77
63.89
60.27
56.77
53.43
49.99
46.39
42.95
39.59
36.42
33.21
30.08
27.15
24.27
21.01
18.16
15.98
13.76
10.94
8.04
6.25
5.74
5.88
6.35
6.71
6.89
7.14
7.36
7.51
7.62
7.56
7.52
7.53
7.58
7.57
7.57
7.60
7.63
7.67
7.73
7.82
7.88
7.89
7.88
7.87
7.86
7.84
7.80
7.80
7.77
7.65
7.49
7.44
7.44
7.44
7.46
7.48
7.48
7.49
7.50
7.50
7.50
7.51
7.55
7.64
7.79
8.00
8.30
8.72
9.30
10.10
10.83
11.53
12.41
13.40
12.90
12.33
12.03
12.00
12.00
11.91
11.88
11.93
11.95
11.91
11.81
11.95
12.18
12.51
12.89
13.32
13.82
14.43
15.21
15.80
16.35
17.25
17.86
18.09
18.09
18.52
18.70
18.79
18.96
19.12
18.98
18.90
18.87
18.82
18.77
298.50
297.50
296.20
295.30
293.90
293.40
291.80
290.50
289.20
288.10
286.60
285.20
283.70
282.10
280.10
278.20
275.70
272.80
269.00
262.50
256.10
251.30
247.50
244.30
241.10
238.50
236.20
234.20
231.90
230.00
228.10
226.50
224.80
223.10
221.30
219.60
218.00
216.40
214.80
213.20
212.60
213.40
210.80
207.80
204.10
200.30
196.20
192.30
188.30
184.40
180.10
175.70
171.40
167.00
163.10
159.00
155.10
151.50
147.90
143.80
139.60
134.70
129.50
124.20
118.60
113.10
107.40
101.60
96.04
90.62
85.56
80.45
75.80
71.53
67.25
63.09
58.65
54.17
50.02
46.06
42.16
38.32
34.78
31.18
27.61
23.99
20.95
18.50
15.64
11.87
8.23
6.51
6.24
6.39
6.85
7.16
7.38
7.62
7.74
7.80
7.87
7.80
7.79
7.81
7.90
7.81
7.82
7.86
7.89
7.93
7.99
8.07
8.13
8.14
8.15
8.15
8.16
8.17
8.14
8.16
8.10
7.91
7.79
7.76
7.74
7.74
7.74
7.75
7.76
7.77
7.80
7.80
7.78
7.78
7.82
7.93
8.08
8.29
8.63
9.10
9.85
10.70
11.42
12.25
13.53
13.29
12.74
12.42
12.27
12.23
12.11
12.03
12.02
12.01
11.96
11.84
11.88
12.03
12.30
12.58
12.93
13.48
14.13
15.09
15.98
16.30
16.59
17.21
17.54
17.70
17.72
18.20
18.35
18.48
18.75
18.90
18.86
18.84
18.89
18.87
18.88
