SALVI
1
0
24
15.0
181
1.0
240208 Icon Y22 F3T3 300 TRANS L
ICON Y22 F3T3 300 TRANS L

ICON-Y22-F3T3-PMMAL.ldt
4 Mar? 2024/TB
570
0
435
500
60
0
0
0
0
92.98
100.00
1.00
0.00
1
1
Y22
4128.30
3000
70
41.30
0.25
0.33
0.41
0.48
0.53
0.61
0.65
0.69
0.74
0.77
0.00
15.00
30.00
45.00
60.00
75.00
90.00
105.00
120.00
135.00
150.00
165.00
180.00
195.00
210.00
225.00
240.00
255.00
270.00
285.00
300.00
315.00
330.00
345.00
0.00
1.00
2.00
3.00
4.00
5.00
6.00
7.00
8.00
9.00
10.00
11.00
12.00
13.00
14.00
15.00
16.00
17.00
18.00
19.00
20.00
21.00
22.00
23.00
24.00
25.00
26.00
27.00
28.00
29.00
30.00
31.00
32.00
33.00
34.00
35.00
36.00
37.00
38.00
39.00
40.00
41.00
42.00
43.00
44.00
45.00
46.00
47.00
48.00
49.00
50.00
51.00
52.00
53.00
54.00
55.00
56.00
57.00
58.00
59.00
60.00
61.00
62.00
63.00
64.00
65.00
66.00
67.00
68.00
69.00
70.00
71.00
72.00
73.00
74.00
75.00
76.00
77.00
78.00
79.00
80.00
81.00
82.00
83.00
84.00
85.00
86.00
87.00
88.00
89.00
90.00
91.00
92.00
93.00
94.00
95.00
96.00
97.00
98.00
99.00
100.00
101.00
102.00
103.00
104.00
105.00
106.00
107.00
108.00
109.00
110.00
111.00
112.00
113.00
114.00
115.00
116.00
117.00
118.00
119.00
120.00
121.00
122.00
123.00
124.00
125.00
126.00
127.00
128.00
129.00
130.00
131.00
132.00
133.00
134.00
135.00
136.00
137.00
138.00
139.00
140.00
141.00
142.00
143.00
144.00
145.00
146.00
147.00
148.00
149.00
150.00
151.00
152.00
153.00
154.00
155.00
156.00
157.00
158.00
159.00
160.00
161.00
162.00
163.00
164.00
165.00
166.00
167.00
168.00
169.00
170.00
171.00
172.00
173.00
174.00
175.00
176.00
177.00
178.00
179.00
180.00
286.00
285.90
285.70
285.50
285.20
285.30
284.90
284.40
283.80
283.10
282.50
281.50
280.40
279.30
277.70
276.00
274.10
271.80
268.20
261.90
256.10
252.40
249.10
246.50
244.10
242.20
240.40
239.00
237.20
236.20
235.00
234.30
233.40
232.60
231.70
230.60
229.70
228.70
228.10
227.60
227.50
229.00
228.00
226.10
223.50
221.30
218.90
217.10
214.70
212.00
208.80
205.80
202.70
199.70
197.10
194.70
192.50
190.10
187.70
185.10
182.00
178.00
173.80
169.20
164.30
159.00
153.80
148.90
144.00
139.30
134.60
130.30
126.20
121.90
117.00
111.50
105.00
97.87
90.32
81.92
74.15
66.36
59.23
52.90
46.77
41.20
35.18
28.56
22.02
15.69
11.81
9.80
8.78
8.66
8.90
9.36
9.85
10.27
10.41
10.51
10.69
10.69
10.60
10.38
10.32
10.33
10.38
10.52
10.63
10.74
10.80
10.83
10.86
10.86
10.88
10.91
10.95
10.97
10.98
10.99
10.86
10.65
10.53
10.51
10.50
10.51
10.55
10.58
10.60
10.63
10.65
10.63
10.63
10.63
10.65
10.70
10.80
10.94
11.19
11.57
12.09
12.69
13.27
13.89
14.69
14.73
14.47
14.12
13.87
13.68
13.55
13.49
13.48
13.54
13.64
13.87
14.16
14.52
14.88
15.30
15.98
17.31
18.27
18.62
19.12
19.63
20.11
20.79
20.19
20.00
19.35
19.40
19.77
20.02
20.29
20.44
20.54
20.57
20.62
20.64
20.69
285.10
285.30
285.00
284.90
284.90
285.20
285.50
284.80
284.50
283.80
283.20
282.40
281.20
280.10
278.70
277.40
275.40
273.00
269.20
262.70
257.50
253.90
250.70
247.90
245.90
243.80
241.90
240.40
238.90
237.80
236.60
235.60
234.70
233.80
232.60
231.50
230.60
229.60
229.00
228.40
228.80
230.30
229.10
227.00
224.30
221.70
219.40
217.10
214.70
212.10
209.30
206.10
203.00
200.50
198.20
196.10
194.00
191.60
189.20
186.40
183.10
179.40
175.20
170.70
165.90
161.00
155.70
150.80
145.90
141.30
136.80
133.40
130.90
128.30
124.40
118.90
112.30
104.90
95.98
86.46
77.79
69.30
61.41
54.43
48.24
41.88
35.50
28.55
21.85
15.37
11.81
9.76
8.89
9.02
9.36
9.59
9.96
10.31
10.43
10.55
10.70
10.66
10.54
10.35
10.33
10.33
10.38
10.49
10.58
10.66
10.75
10.80
10.83
10.86
10.89
10.93
10.98
10.99
11.00
10.96
10.83
10.61
10.50
10.49
10.49
10.50
10.53
10.55
10.59
10.63
10.69
10.67
10.64
10.61
10.63
10.70
10.80
10.99
11.27
11.72
12.31
12.93
13.56
14.18
14.40
14.63
14.50
14.37
14.08
13.97
13.72
13.62
13.61
13.66
13.70
13.83
14.06
14.35
14.67
15.15
15.86
16.74
17.63
18.23
18.95
19.18
19.51
19.85
19.49
19.20
18.69
18.91
19.24
19.46
19.62
19.82
20.06
20.11
20.17
20.28
20.37
285.00
285.60
285.60
285.70
285.90
286.00
286.10
286.30
286.10
285.80
285.30
284.30
283.40
281.90
280.70
279.00
277.20
274.60
270.20
263.80
258.40
254.90
252.00
249.30
247.10
245.30
244.00
242.60
241.30
240.40
239.20
238.60
237.40
236.30
235.50
234.60
233.40
232.80
232.50
232.10
232.20
233.40
232.00
229.70
227.10
224.40
221.60
219.40
216.70
214.10
210.70
207.10
203.80
200.90
198.30
195.80
193.50
191.40
189.20
186.10
183.00
179.00
174.60
169.90
164.90
159.80
154.10
149.00
143.00
137.10
131.20
125.90
121.30
116.70
110.90
104.20
96.87
89.15
81.26
73.69
66.66
59.96
53.85
48.25
42.57
37.05
31.64
25.87
19.77
13.66
10.48
8.99
8.64
9.08
9.34
9.43
9.80
10.10
10.16
10.30
10.29
10.30
10.22
10.19
10.28
10.25
10.21
10.27
10.36
10.42
10.50
10.58
10.62
10.65
10.69
10.75
10.78
10.78
10.79
10.73
10.58
10.43
10.34
10.32
10.31
10.31
10.33
10.35
10.38
10.40
10.41
10.41
10.39
10.40
10.43
10.52
10.66
10.89
11.22
11.75
12.39
13.07
13.77
14.60
15.04
15.33
15.08
14.93
14.72
14.60
14.36
14.22
14.16
14.14
14.16
14.26
14.52
14.86
15.26
15.70
16.24
16.82
17.42
18.26
18.89
19.06
19.31
19.67
18.79
18.55
18.56
18.84
19.08
19.27
19.50
19.65
19.80
19.76
19.93
20.08
20.11
285.10
285.60
285.90
286.30
286.40
286.80
286.90
287.10
286.90
286.70
286.00
285.70
284.40
283.20
282.30
281.10
278.90
275.80
271.20
264.30
260.10
257.00
254.30
252.00
249.90
248.10
246.50
245.10
243.70
242.80
241.80
240.80
240.10
238.90
237.90
236.90
236.30
235.90
235.40
234.60
234.80
236.20
234.00
231.60
228.70
225.60
222.50
219.60
216.70
213.40
209.40
205.50
201.80
198.20
194.90
191.70
188.70
185.90
182.80
178.70
174.10
168.80
163.00
157.00
150.50
143.80
137.00
130.20
123.20
116.00
109.00
102.10
95.16
88.78
82.96
77.55
72.11
66.86
61.68
56.83
52.21
47.55
43.18
38.80
34.18
30.01
26.18
22.00
17.26
12.27
9.04
8.04
8.09
8.56
8.85
8.96
9.35
9.63
9.72
9.85
9.80
9.86
9.84
9.90
9.99
9.94
9.95
9.99
10.05
10.14
10.23
10.31
10.36
10.41
10.49
10.60
10.69
10.63
10.57
10.49
10.31
10.12
10.06
10.05
10.05
10.08
10.10
10.14
10.18
10.20
10.19
10.19
10.20
10.23
10.29
10.41
10.61
10.89
11.29
11.88
12.60
13.38
14.16
15.17
15.57
15.80
15.58
15.43
15.16
15.01
14.80
14.72
14.69
14.72
14.72
14.81
15.05
15.35
15.60
15.90
16.36
16.93
17.59
18.19
18.55
18.71
18.68
18.96
18.39
18.30
18.32
18.60
18.80
18.90
19.11
19.39
19.47
19.47
19.64
19.68
19.78
285.00
285.60
286.20
286.50
286.70
287.10
287.50
287.40
287.60
287.30
287.10
286.70
285.80
284.70
283.70
282.20
280.00
277.30
272.10
265.40
261.40
258.40
255.90
253.70
251.80
250.20
248.80
247.60
246.30
245.20
244.40
243.30
242.20
241.30
240.30
239.60
238.50
237.60
237.30
237.10
237.40
237.80
235.70
232.60
229.10
225.40
222.30
219.00
215.20
211.20
206.40
201.60
196.80
192.50
188.70
184.30
180.20
175.80
171.30
165.90
160.00
153.60
146.70
139.40
131.80
123.70
115.70
108.00
101.10
94.98
89.27
84.08
79.28
75.02
70.84
66.54
62.03
57.48
53.08
48.88
44.94
40.79
36.90
32.97
28.62
25.10
21.88
18.79
15.13
10.91
8.04
7.36
7.59
8.06
8.36
8.62
9.01
9.23
9.35
9.51
9.47
9.51
9.49
9.57
9.65
9.68
9.70
9.73
9.78
9.85
9.91
9.98
10.04
10.08
10.12
10.18
10.22
10.26
10.29
10.26
10.09
9.93
9.87
9.85
9.84
9.85
9.89
9.93
9.97
10.02
10.04
10.04
10.08
10.14
10.26
10.45
10.69
11.01
11.44
12.07
12.83
13.63
14.44
15.35
16.16
16.30
16.11
16.04
15.84
15.52
15.26
15.21
15.16
15.13
15.07
15.15
15.34
15.60
15.91
16.28
16.74
17.28
17.65
18.03
18.59
18.52
18.24
18.24
18.02
17.94
18.02
18.23
18.35
18.55
18.85
19.13
19.21
19.19
19.25
19.38
19.46
285.00
285.50
286.20
286.60
287.20
287.30
287.80
287.80
287.90
288.10
287.90
287.30
286.50
285.30
284.60
283.00
281.10
278.10
273.00
267.00
263.00
260.00
257.40
255.40
253.70
252.20
250.40
249.40
248.20
247.10
245.90
244.80
244.00
243.00
241.90
240.70
239.50
238.80
238.20
237.80
238.00
238.20
236.20
232.90
228.50
224.50
220.40
216.50
212.50
207.80
203.00
197.80
192.70
187.60
182.60
177.50
172.70
168.00
162.80
156.80
150.30
142.80
135.30
127.10
119.20
112.10
105.50
99.45
93.75
88.42
83.27
78.36
73.81
69.70
65.91
61.98
57.65
53.42
49.39
45.42
41.55
37.64
34.08
30.40
26.17
22.96
20.06
17.35
14.36
10.61
7.67
7.04
7.24
7.61
8.03
8.49
8.80
9.01
9.14
9.27
9.32
9.25
9.28
9.35
9.43
9.54
9.57
9.57
9.61
9.68
9.73
9.80
9.86
9.90
9.96
10.02
10.07
10.13
10.17
10.11
9.93
9.74
9.69
9.69
9.70
9.72
9.76
9.81
9.86
9.92
9.96
9.97
10.04
10.12
10.25
10.46
10.73
11.08
11.57
12.28
13.20
14.07
14.93
16.12
16.68
16.54
16.27
16.08
15.93
15.77
15.56
15.48
15.40
15.32
15.18
15.14
15.25
15.46
15.72
16.06
16.52
16.81
17.22
17.80
18.22
18.14
17.54
17.32
17.40
17.64
17.77
17.86
18.15
18.32
18.58
18.91
18.95
19.02
19.25
19.20
19.34
284.90
285.80
286.50
286.80
287.10
287.80
287.90
287.70
288.10
288.10
288.20
287.70
287.10
285.90
285.00
283.20
281.00
278.10
272.40
266.40
262.90
260.10
257.30
255.70
254.10
252.60
251.20
250.10
249.00
248.00
247.50
246.20
244.70
243.70
242.20
241.20
240.40
239.70
238.90
238.60
239.80
239.20
236.80
232.90
228.50
224.40
220.20
216.20
212.00
207.40
202.10
196.40
190.60
185.20
179.70
174.60
169.80
164.60
159.00
152.80
145.70
138.10
130.10
122.30
115.20
108.80
102.50
96.50
90.94
85.70
80.63
75.96
71.83
67.78
63.98
60.19
56.11
51.85
47.77
44.01
40.24
36.36
33.01
29.22
25.10
22.09
19.21
16.65
13.81
10.19
7.44
6.96
7.17
7.50
7.95
8.47
8.74
8.94
9.06
9.19
9.25
9.16
9.17
9.22
9.32
9.46
9.52
9.52
9.55
9.62
9.68
9.74
9.81
9.84
9.88
9.94
9.98
10.06
10.13
10.03
9.83
9.67
9.63
9.63
9.63
9.66
9.71
9.75
9.82
9.88
9.90
9.91
9.98
10.06
10.21
10.44
10.74
11.12
11.64
12.42
13.38
14.33
15.27
16.51
17.25
16.98
16.53
16.37
16.20
15.88
15.60
15.48
15.38
15.32
15.17
15.07
15.19
15.35
15.65
16.08
16.39
16.58
16.95
17.58
17.92
17.71
17.24
17.05
17.27
17.42
17.49
17.61
17.91
18.20
18.50
18.90
18.97
18.99
19.23
19.11
19.29
285.00
285.50
286.20
286.60
287.20
287.30
287.80
287.80
287.90
288.10
287.90
287.30
286.50
285.30
284.60
283.00
281.10
278.10
273.00
267.00
263.00
260.00
257.40
255.40
253.70
252.20
250.40
249.40
248.20
247.10
245.90
244.80
244.00
243.00
241.90
240.70
239.50
238.80
238.20
237.80
238.00
238.20
236.20
232.90
228.50
224.50
220.40
216.50
212.50
207.80
203.00
197.80
192.70
187.60
182.60
177.50
172.70
168.00
162.80
156.80
150.30
142.80
135.30
127.10
119.20
112.10
105.50
99.45
93.75
88.42
83.27
78.36
73.81
69.70
65.91
61.98
57.65
53.42
49.39
45.42
41.55
37.64
34.08
30.40
26.17
22.96
20.06
17.35
14.36
10.61
7.67
7.04
7.24
7.61
8.03
8.49
8.80
9.01
9.14
9.27
9.32
9.25
9.28
9.35
9.43
9.54
9.57
9.57
9.61
9.68
9.73
9.80
9.86
9.90
9.96
10.02
10.07
10.13
10.17
10.11
9.93
9.74
9.69
9.69
9.70
9.72
9.76
9.81
9.86
9.92
9.96
9.97
10.04
10.12
10.25
10.46
10.73
11.08
11.57
12.28
13.20
14.07
14.93
16.12
16.68
16.54
16.27
16.08
15.93
15.77
15.56
15.48
15.40
15.32
15.18
15.14
15.25
15.46
15.72
16.06
16.52
16.81
17.22
17.80
18.22
18.14
17.54
17.32
17.40
17.64
17.77
17.86
18.15
18.32
18.58
18.91
18.95
19.02
19.25
19.20
19.34
285.00
285.60
286.20
286.50
286.70
287.10
287.50
287.40
287.60
287.30
287.10
286.70
285.80
284.70
283.70
282.20
280.00
277.30
272.10
265.40
261.40
258.40
255.90
253.70
251.80
250.20
248.80
247.60
246.30
245.20
244.40
243.30
242.20
241.30
240.30
239.60
238.50
237.60
237.30
237.10
237.40
237.80
235.70
232.60
229.10
225.40
222.30
219.00
215.20
211.20
206.40
201.60
196.80
192.50
188.70
184.30
180.20
175.80
171.30
165.90
160.00
153.60
146.70
139.40
131.80
123.70
115.70
108.00
101.10
94.98
89.27
84.08
79.28
75.02
70.84
66.54
62.03
57.48
53.08
48.88
44.94
40.79
36.90
32.97
28.62
25.10
21.88
18.79
15.13
10.91
8.04
7.36
7.59
8.06
8.36
8.62
9.01
9.23
9.35
9.51
9.47
9.51
9.49
9.57
9.65
9.68
9.70
9.73
9.78
9.85
9.91
9.98
10.04
10.08
10.12
10.18
10.22
10.26
10.29
10.26
10.09
9.93
9.87
9.85
9.84
9.85
9.89
9.93
9.97
10.02
10.04
10.04
10.08
10.14
10.26
10.45
10.69
11.01
11.44
12.07
12.83
13.63
14.44
15.35
16.16
16.30
16.11
16.04
15.84
15.52
15.26
15.21
15.16
15.13
15.07
15.15
15.34
15.60
15.91
16.28
16.74
17.28
17.65
18.03
18.59
18.52
18.24
18.24
18.02
17.94
18.02
18.23
18.35
18.55
18.85
19.13
19.21
19.19
19.25
19.38
19.46
285.10
285.60
285.90
286.30
286.40
286.80
286.90
287.10
286.90
286.70
286.00
285.70
284.40
283.20
282.30
281.10
278.90
275.80
271.20
264.30
260.10
257.00
254.30
252.00
249.90
248.10
246.50
245.10
243.70
242.80
241.80
240.80
240.10
238.90
237.90
236.90
236.30
235.90
235.40
234.60
234.80
236.20
234.00
231.60
228.70
225.60
222.50
219.60
216.70
213.40
209.40
205.50
201.80
198.20
194.90
191.70
188.70
185.90
182.80
178.70
174.10
168.80
163.00
157.00
150.50
143.80
137.00
130.20
123.20
116.00
109.00
102.10
95.16
88.78
82.96
77.55
72.11
66.86
61.68
56.83
52.21
47.55
43.18
38.80
34.18
30.01
26.18
22.00
17.26
12.27
9.04
8.04
8.09
8.56
8.85
8.96
9.35
9.63
9.72
9.85
9.80
9.86
9.84
9.90
9.99
9.94
9.95
9.99
10.05
10.14
10.23
10.31
10.36
10.41
10.49
10.60
10.69
10.63
10.57
10.49
10.31
10.12
10.06
10.05
10.05
10.08
10.10
10.14
10.18
10.20
10.19
10.19
10.20
10.23
10.29
10.41
10.61
10.89
11.29
11.88
12.60
13.38
14.16
15.17
15.57
15.80
15.58
15.43
15.16
15.01
14.80
14.72
14.69
14.72
14.72
14.81
15.05
15.35
15.60
15.90
16.36
16.93
17.59
18.19
18.55
18.71
18.68
18.96
18.39
18.30
18.32
18.60
18.80
18.90
19.11
19.39
19.47
19.47
19.64
19.68
19.78
285.00
285.60
285.60
285.70
285.90
286.00
286.10
286.30
286.10
285.80
285.30
284.30
283.40
281.90
280.70
279.00
277.20
274.60
270.20
263.80
258.40
254.90
252.00
249.30
247.10
245.30
244.00
242.60
241.30
240.40
239.20
238.60
237.40
236.30
235.50
234.60
233.40
232.80
232.50
232.10
232.20
233.40
232.00
229.70
227.10
224.40
221.60
219.40
216.70
214.10
210.70
207.10
203.80
200.90
198.30
195.80
193.50
191.40
189.20
186.10
183.00
179.00
174.60
169.90
164.90
159.80
154.10
149.00
143.00
137.10
131.20
125.90
121.30
116.70
110.90
104.20
96.87
89.15
81.26
73.69
66.66
59.96
53.85
48.25
42.57
37.05
31.64
25.87
19.77
13.66
10.48
8.99
8.64
9.08
9.34
9.43
9.80
10.10
10.16
10.30
10.29
10.30
10.22
10.19
10.28
10.25
10.21
10.27
10.36
10.42
10.50
10.58
10.62
10.65
10.69
10.75
10.78
10.78
10.79
10.73
10.58
10.43
10.34
10.32
10.31
10.31
10.33
10.35
10.38
10.40
10.41
10.41
10.39
10.40
10.43
10.52
10.66
10.89
11.22
11.75
12.39
13.07
13.77
14.60
15.04
15.33
15.08
14.93
14.72
14.60
14.36
14.22
14.16
14.14
14.16
14.26
14.52
14.86
15.26
15.70
16.24
16.82
17.42
18.26
18.89
19.06
19.31
19.67
18.79
18.55
18.56
18.84
19.08
19.27
19.50
19.65
19.80
19.76
19.93
20.08
20.11
285.10
285.30
285.00
284.90
284.90
285.20
285.50
284.80
284.50
283.80
283.20
282.40
281.20
280.10
278.70
277.40
275.40
273.00
269.20
262.70
257.50
253.90
250.70
247.90
245.90
243.80
241.90
240.40
238.90
237.80
236.60
235.60
234.70
233.80
232.60
231.50
230.60
229.60
229.00
228.40
228.80
230.30
229.10
227.00
224.30
221.70
219.40
217.10
214.70
212.10
209.30
206.10
203.00
200.50
198.20
196.10
194.00
191.60
189.20
186.40
183.10
179.40
175.20
170.70
165.90
161.00
155.70
150.80
145.90
141.30
136.80
133.40
130.90
128.30
124.40
118.90
112.30
104.90
95.98
86.46
77.79
69.30
61.41
54.43
48.24
41.88
35.50
28.55
21.85
15.37
11.81
9.76
8.89
9.02
9.36
9.59
9.96
10.31
10.43
10.55
10.70
10.66
10.54
10.35
10.33
10.33
10.38
10.49
10.58
10.66
10.75
10.80
10.83
10.86
10.89
10.93
10.98
10.99
11.00
10.96
10.83
10.61
10.50
10.49
10.49
10.50
10.53
10.55
10.59
10.63
10.69
10.67
10.64
10.61
10.63
10.70
10.80
10.99
11.27
11.72
12.31
12.93
13.56
14.18
14.40
14.63
14.50
14.37
14.08
13.97
13.72
13.62
13.61
13.66
13.70
13.83
14.06
14.35
14.67
15.15
15.86
16.74
17.63
18.23
18.95
19.18
19.51
19.85
19.49
19.20
18.69
18.91
19.24
19.46
19.62
19.82
20.06
20.11
20.17
20.28
20.37
286.00
285.90
285.70
285.50
285.20
285.30
284.90
284.40
283.80
283.10
282.50
281.50
280.40
279.30
277.70
276.00
274.10
271.80
268.20
261.90
256.10
252.40
249.10
246.50
244.10
242.20
240.40
239.00
237.20
236.20
235.00
234.30
233.40
232.60
231.70
230.60
229.70
228.70
228.10
227.60
227.50
229.00
228.00
226.10
223.50
221.30
218.90
217.10
214.70
212.00
208.80
205.80
202.70
199.70
197.10
194.70
192.50
190.10
187.70
185.10
182.00
178.00
173.80
169.20
164.30
159.00
153.80
148.90
144.00
139.30
134.60
130.30
126.20
121.90
117.00
111.50
105.00
97.87
90.32
81.92
74.15
66.36
59.23
52.90
46.77
41.20
35.18
28.56
22.02
15.69
11.81
9.80
8.78
8.66
8.90
9.36
9.85
10.27
10.41
10.51
10.69
10.69
10.60
10.38
10.32
10.33
10.38
10.52
10.63
10.74
10.80
10.83
10.86
10.86
10.88
10.91
10.95
10.97
10.98
10.99
10.86
10.65
10.53
10.51
10.50
10.51
10.55
10.58
10.60
10.63
10.65
10.63
10.63
10.63
10.65
10.70
10.80
10.94
11.19
11.57
12.09
12.69
13.27
13.89
14.69
14.73
14.47
14.12
13.87
13.68
13.55
13.49
13.48
13.54
13.64
13.87
14.16
14.52
14.88
15.30
15.98
17.31
18.27
18.62
19.12
19.63
20.11
20.79
20.19
20.00
19.35
19.40
19.77
20.02
20.29
20.44
20.54
20.57
20.62
20.64
20.69
285.10
284.80
284.30
284.00
283.80
283.60
283.00
282.30
281.60
280.90
279.60
278.70
277.50
276.10
274.60
272.70
271.10
268.50
264.90
259.30
253.30
249.30
246.30
243.60
241.20
239.40
237.30
235.40
234.00
232.80
231.80
230.60
229.50
228.70
228.10
226.90
226.10
225.40
224.80
224.50
224.60
225.80
225.40
223.60
221.40
219.10
216.90
214.50
211.90
209.90
206.70
203.50
200.50
197.70
195.10
192.80
190.80
188.80
186.10
183.00
179.70
176.00
171.70
167.30
162.20
157.20
151.80
146.80
141.50
136.40
131.20
126.10
121.60
117.40
111.70
105.80
99.03
91.71
84.48
77.15
69.88
62.60
55.92
50.12
44.97
39.48
33.61
27.53
21.52
15.68
11.65
9.68
8.56
8.25
8.44
8.99
9.58
9.97
10.18
10.34
10.56
10.49
10.40
10.23
10.23
10.27
10.35
10.45
10.59
10.66
10.66
10.66
10.69
10.71
10.72
10.74
10.76
10.78
10.78
10.80
10.74
10.54
10.42
10.39
10.38
10.38
10.40
10.43
10.45
10.47
10.51
10.51
10.50
10.50
10.51
10.57
10.67
10.84
11.10
11.51
12.10
12.70
13.22
14.07
14.65
14.51
14.32
14.34
14.15
13.95
13.85
13.81
13.78
13.83
13.94
14.07
14.20
14.47
14.73
15.09
15.67
16.29
17.02
17.86
18.58
19.25
19.65
20.24
19.76
19.54
19.19
19.39
19.61
19.79
19.98
20.17
20.19
20.24
20.31
20.33
20.37
285.00
284.60
283.90
283.30
283.10
282.70
282.30
281.30
280.50
279.40
278.50
277.20
275.50
274.50
272.60
270.70
268.80
266.50
263.30
258.70
251.70
247.10
243.40
240.50
238.20
235.90
233.80
232.00
230.40
228.90
227.60
226.60
225.60
224.50
223.90
223.10
222.00
221.00
220.00
219.60
219.50
220.40
220.20
218.80
216.70
214.50
211.40
209.00
206.20
203.40
200.30
197.10
193.80
190.50
187.70
185.20
182.60
180.10
177.40
174.50
171.30
167.30
162.80
157.80
152.70
147.60
142.10
136.60
130.90
125.30
119.80
114.50
109.60
104.80
99.56
93.93
87.46
80.77
74.13
67.73
61.64
55.89
50.46
45.39
41.82
36.60
30.59
25.69
20.59
15.35
11.06
9.04
8.05
7.76
7.83
8.39
9.08
9.49
9.71
9.89
10.16
10.18
10.09
10.02
10.07
10.12
10.16
10.23
10.35
10.43
10.43
10.42
10.45
10.48
10.48
10.48
10.48
10.48
10.48
10.54
10.52
10.33
10.17
10.12
10.12
10.12
10.14
10.17
10.20
10.22
10.24
10.23
10.22
10.23
10.25
10.32
10.44
10.61
10.86
11.24
11.79
12.40
12.99
13.89
14.44
14.89
14.91
15.11
14.73
14.68
14.52
14.38
14.35
14.32
14.40
14.52
14.65
14.83
15.08
15.41
15.87
16.30
16.83
17.50
18.22
18.98
19.85
20.48
20.37
19.93
19.37
19.38
19.62
19.70
19.86
20.08
20.03
20.03
20.08
20.14
20.11
285.10
284.50
283.70
283.10
282.40
282.00
281.40
280.00
279.20
278.30
276.90
275.30
273.70
272.20
270.30
268.60
266.40
263.90
260.70
255.50
248.80
243.80
239.80
236.70
233.80
231.10
228.80
226.70
225.00
223.30
221.90
220.30
219.30
218.00
216.70
215.40
214.00
212.80
211.80
210.50
209.90
211.50
210.00
207.80
205.30
202.10
199.10
196.00
193.00
189.70
186.20
182.40
178.70
174.80
171.20
168.10
164.80
162.00
159.00
155.40
151.80
147.30
142.50
137.60
132.30
126.80
121.20
115.70
109.90
104.30
98.70
93.43
88.26
83.41
78.43
73.51
68.58
63.24
58.33
53.60
49.21
44.86
40.79
37.05
33.35
28.87
25.06
21.49
17.83
13.57
9.97
7.95
7.27
7.19
7.38
7.91
8.57
9.03
9.23
9.42
9.68
9.71
9.67
9.68
9.74
9.79
9.84
9.91
10.00
10.06
10.10
10.12
10.16
10.19
10.21
10.24
10.28
10.32
10.35
10.29
10.18
9.97
9.85
9.81
9.81
9.81
9.81
9.84
9.87
9.90
9.92
9.93
9.92
9.93
9.96
10.05
10.21
10.43
10.71
11.11
11.66
12.27
12.91
13.73
14.23
14.79
14.98
15.14
14.93
14.79
14.59
14.41
14.37
14.39
14.55
14.61
14.59
14.80
15.07
15.36
15.62
15.94
16.55
17.30
18.00
18.67
20.11
19.79
19.88
19.50
19.12
19.29
19.47
19.53
19.63
19.80
19.72
19.67
19.72
19.85
19.78
285.00
284.20
283.60
282.70
281.90
281.40
280.60
279.40
278.10
276.80
275.50
274.20
272.70
270.70
268.80
266.70
264.40
261.70
258.50
254.10
247.00
241.00
236.80
233.20
230.20
227.50
225.00
222.50
220.40
218.20
216.10
214.40
212.60
211.00
209.30
207.70
205.70
203.80
202.20
200.80
199.30
199.20
198.30
195.90
192.80
189.10
185.30
181.70
178.00
174.30
170.40
166.10
162.00
157.80
153.70
150.00
146.50
143.10
139.70
136.10
132.30
127.90
123.30
118.30
113.00
107.80
102.30
96.90
91.67
86.59
81.60
76.87
72.32
68.32
64.52
60.75
57.04
53.03
49.15
45.33
41.68
38.13
34.71
31.45
28.15
24.57
21.24
18.31
15.61
12.52
9.45
7.41
6.67
6.68
6.97
7.46
8.08
8.58
8.82
8.99
9.16
9.26
9.29
9.33
9.40
9.45
9.50
9.55
9.62
9.67
9.70
9.74
9.78
9.81
9.82
9.83
9.84
9.83
9.85
9.88
9.85
9.75
9.59
9.53
9.52
9.53
9.54
9.58
9.60
9.63
9.65
9.67
9.68
9.70
9.76
9.86
10.02
10.24
10.52
10.91
11.45
12.12
12.80
13.61
14.37
14.80
15.06
14.99
14.88
14.66
14.48
14.30
14.24
14.20
14.22
14.26
14.28
14.39
14.67
15.02
15.43
15.88
16.33
16.91
17.59
18.31
18.41
19.00
19.17
19.05
18.87
19.05
19.31
19.36
19.54
19.70
19.54
19.46
19.44
19.59
19.46
285.00
284.00
283.20
282.40
281.70
280.80
279.80
278.50
277.00
276.20
274.70
273.40
271.60
269.60
267.60
265.20
263.10
260.20
256.70
252.20
244.70
239.10
234.70
231.00
227.50
224.70
221.80
219.00
216.50
214.20
211.90
209.90
207.50
205.40
203.20
201.10
198.90
196.80
194.70
192.60
190.90
190.20
188.30
185.30
181.90
177.70
173.80
169.70
165.70
161.70
157.40
153.00
148.60
144.10
139.90
136.10
132.20
128.60
124.80
121.20
117.20
112.90
108.50
104.00
99.01
94.21
89.38
84.58
79.87
75.44
71.44
67.44
63.68
60.16
56.83
53.66
50.52
47.08
43.77
40.40
37.16
33.91
30.87
27.91
24.88
21.74
18.76
16.20
13.92
11.42
8.87
7.01
6.29
6.39
6.76
7.25
7.82
8.33
8.58
8.72
8.86
8.98
9.02
9.07
9.12
9.17
9.24
9.32
9.37
9.41
9.47
9.51
9.56
9.59
9.62
9.65
9.68
9.69
9.69
9.74
9.68
9.53
9.38
9.35
9.35
9.35
9.37
9.40
9.44
9.49
9.53
9.56
9.56
9.60
9.66
9.75
9.91
10.12
10.42
10.81
11.35
12.08
12.83
13.57
14.50
15.18
15.22
14.84
14.51
14.46
14.29
14.15
14.12
14.11
14.10
14.07
14.04
14.09
14.31
14.62
15.03
15.34
15.85
16.36
16.94
17.40
17.74
18.36
18.54
18.77
18.66
19.04
19.26
19.31
19.52
19.70
19.48
19.42
19.40
19.43
19.35
284.90
284.20
283.20
282.50
281.40
281.00
279.70
278.60
277.30
275.90
274.50
273.00
271.30
269.10
267.10
264.90
262.40
259.70
256.40
251.70
244.60
238.80
233.90
230.00
226.50
223.30
220.60
218.00
215.50
213.20
210.90
208.20
206.10
203.80
201.80
199.40
197.10
194.50
192.20
190.10
188.10
186.90
184.70
182.10
178.40
174.30
170.10
166.00
161.80
157.50
153.30
148.70
144.20
139.70
135.40
131.30
127.50
123.60
120.00
116.40
112.60
108.50
104.20
99.86
95.13
90.41
85.80
81.28
76.92
72.67
68.72
64.92
61.29
57.95
54.75
51.76
48.75
45.49
42.23
38.92
35.89
32.80
29.80
27.02
24.10
21.10
18.25
15.73
13.56
11.25
8.86
6.98
6.15
6.27
6.63
7.11
7.67
8.16
8.51
8.65
8.77
8.89
8.94
8.99
9.04
9.08
9.15
9.25
9.31
9.35
9.41
9.47
9.51
9.55
9.57
9.61
9.62
9.62
9.62
9.66
9.59
9.46
9.30
9.29
9.29
9.31
9.34
9.37
9.41
9.46
9.50
9.51
9.52
9.56
9.61
9.69
9.82
10.03
10.29
10.66
11.16
11.82
12.63
13.40
14.21
15.33
15.72
15.31
14.86
14.80
14.70
14.45
14.31
14.20
14.16
14.05
13.91
14.03
14.27
14.56
14.98
15.37
15.62
16.08
16.62
17.14
17.55
18.15
18.51
18.75
18.68
18.96
19.21
19.32
19.64
19.80
19.54
19.44
19.36
19.41
19.27
285.00
284.00
283.20
282.40
281.70
280.80
279.80
278.50
277.00
276.20
274.70
273.40
271.60
269.60
267.60
265.20
263.10
260.20
256.70
252.20
244.70
239.10
234.70
231.00
227.50
224.70
221.80
219.00
216.50
214.20
211.90
209.90
207.50
205.40
203.20
201.10
198.90
196.80
194.70
192.60
190.90
190.20
188.30
185.30
181.90
177.70
173.80
169.70
165.70
161.70
157.40
153.00
148.60
144.10
139.90
136.10
132.20
128.60
124.80
121.20
117.20
112.90
108.50
104.00
99.01
94.21
89.38
84.58
79.87
75.44
71.44
67.44
63.68
60.16
56.83
53.66
50.52
47.08
43.77
40.40
37.16
33.91
30.87
27.91
24.88
21.74
18.76
16.20
13.92
11.42
8.87
7.01
6.29
6.39
6.76
7.25
7.82
8.33
8.58
8.72
8.86
8.98
9.02
9.07
9.12
9.17
9.24
9.32
9.37
9.41
9.47
9.51
9.56
9.59
9.62
9.65
9.68
9.69
9.69
9.74
9.68
9.53
9.38
9.35
9.35
9.35
9.37
9.40
9.44
9.49
9.53
9.56
9.56
9.60
9.66
9.75
9.91
10.12
10.42
10.81
11.35
12.08
12.83
13.57
14.50
15.18
15.22
14.84
14.51
14.46
14.29
14.15
14.12
14.11
14.10
14.07
14.04
14.09
14.31
14.62
15.03
15.34
15.85
16.36
16.94
17.40
17.74
18.36
18.54
18.77
18.66
19.04
19.26
19.31
19.52
19.70
19.48
19.42
19.40
19.43
19.35
285.00
284.20
283.60
282.70
281.90
281.40
280.60
279.40
278.10
276.80
275.50
274.20
272.70
270.70
268.80
266.70
264.40
261.70
258.50
254.10
247.00
241.00
236.80
233.20
230.20
227.50
225.00
222.50
220.40
218.20
216.10
214.40
212.60
211.00
209.30
207.70
205.70
203.80
202.20
200.80
199.30
199.20
198.30
195.90
192.80
189.10
185.30
181.70
178.00
174.30
170.40
166.10
162.00
157.80
153.70
150.00
146.50
143.10
139.70
136.10
132.30
127.90
123.30
118.30
113.00
107.80
102.30
96.90
91.67
86.59
81.60
76.87
72.32
68.32
64.52
60.75
57.04
53.03
49.15
45.33
41.68
38.13
34.71
31.45
28.15
24.57
21.24
18.31
15.61
12.52
9.45
7.41
6.67
6.68
6.97
7.46
8.08
8.58
8.82
8.99
9.16
9.26
9.29
9.33
9.40
9.45
9.50
9.55
9.62
9.67
9.70
9.74
9.78
9.81
9.82
9.83
9.84
9.83
9.85
9.88
9.85
9.75
9.59
9.53
9.52
9.53
9.54
9.58
9.60
9.63
9.65
9.67
9.68
9.70
9.76
9.86
10.02
10.24
10.52
10.91
11.45
12.12
12.80
13.61
14.37
14.80
15.06
14.99
14.88
14.66
14.48
14.30
14.24
14.20
14.22
14.26
14.28
14.39
14.67
15.02
15.43
15.88
16.33
16.91
17.59
18.31
18.41
19.00
19.17
19.05
18.87
19.05
19.31
19.36
19.54
19.70
19.54
19.46
19.44
19.59
19.46
285.10
284.50
283.70
283.10
282.40
282.00
281.40
280.00
279.20
278.30
276.90
275.30
273.70
272.20
270.30
268.60
266.40
263.90
260.70
255.50
248.80
243.80
239.80
236.70
233.80
231.10
228.80
226.70
225.00
223.30
221.90
220.30
219.30
218.00
216.70
215.40
214.00
212.80
211.80
210.50
209.90
211.50
210.00
207.80
205.30
202.10
199.10
196.00
193.00
189.70
186.20
182.40
178.70
174.80
171.20
168.10
164.80
162.00
159.00
155.40
151.80
147.30
142.50
137.60
132.30
126.80
121.20
115.70
109.90
104.30
98.70
93.43
88.26
83.41
78.43
73.51
68.58
63.24
58.33
53.60
49.21
44.86
40.79
37.05
33.35
28.87
25.06
21.49
17.83
13.57
9.97
7.95
7.27
7.19
7.38
7.91
8.57
9.03
9.23
9.42
9.68
9.71
9.67
9.68
9.74
9.79
9.84
9.91
10.00
10.06
10.10
10.12
10.16
10.19
10.21
10.24
10.28
10.32
10.35
10.29
10.18
9.97
9.85
9.81
9.81
9.81
9.81
9.84
9.87
9.90
9.92
9.93
9.92
9.93
9.96
10.05
10.21
10.43
10.71
11.11
11.66
12.27
12.91
13.73
14.23
14.79
14.98
15.14
14.93
14.79
14.59
14.41
14.37
14.39
14.55
14.61
14.59
14.80
15.07
15.36
15.62
15.94
16.55
17.30
18.00
18.67
20.11
19.79
19.88
19.50
19.12
19.29
19.47
19.53
19.63
19.80
19.72
19.67
19.72
19.85
19.78
285.00
284.60
283.90
283.30
283.10
282.70
282.30
281.30
280.50
279.40
278.50
277.20
275.50
274.50
272.60
270.70
268.80
266.50
263.30
258.70
251.70
247.10
243.40
240.50
238.20
235.90
233.80
232.00
230.40
228.90
227.60
226.60
225.60
224.50
223.90
223.10
222.00
221.00
220.00
219.60
219.50
220.40
220.20
218.80
216.70
214.50
211.40
209.00
206.20
203.40
200.30
197.10
193.80
190.50
187.70
185.20
182.60
180.10
177.40
174.50
171.30
167.30
162.80
157.80
152.70
147.60
142.10
136.60
130.90
125.30
119.80
114.50
109.60
104.80
99.56
93.93
87.46
80.77
74.13
67.73
61.64
55.89
50.46
45.39
41.82
36.60
30.59
25.69
20.59
15.35
11.06
9.04
8.05
7.76
7.83
8.39
9.08
9.49
9.71
9.89
10.16
10.18
10.09
10.02
10.07
10.12
10.16
10.23
10.35
10.43
10.43
10.42
10.45
10.48
10.48
10.48
10.48
10.48
10.48
10.54
10.52
10.33
10.17
10.12
10.12
10.12
10.14
10.17
10.20
10.22
10.24
10.23
10.22
10.23
10.25
10.32
10.44
10.61
10.86
11.24
11.79
12.40
12.99
13.89
14.44
14.89
14.91
15.11
14.73
14.68
14.52
14.38
14.35
14.32
14.40
14.52
14.65
14.83
15.08
15.41
15.87
16.30
16.83
17.50
18.22
18.98
19.85
20.48
20.37
19.93
19.37
19.38
19.62
19.70
19.86
20.08
20.03
20.03
20.08
20.14
20.11
285.10
284.80
284.30
284.00
283.80
283.60
283.00
282.30
281.60
280.90
279.60
278.70
277.50
276.10
274.60
272.70
271.10
268.50
264.90
259.30
253.30
249.30
246.30
243.60
241.20
239.40
237.30
235.40
234.00
232.80
231.80
230.60
229.50
228.70
228.10
226.90
226.10
225.40
224.80
224.50
224.60
225.80
225.40
223.60
221.40
219.10
216.90
214.50
211.90
209.90
206.70
203.50
200.50
197.70
195.10
192.80
190.80
188.80
186.10
183.00
179.70
176.00
171.70
167.30
162.20
157.20
151.80
146.80
141.50
136.40
131.20
126.10
121.60
117.40
111.70
105.80
99.03
91.71
84.48
77.15
69.88
62.60
55.92
50.12
44.97
39.48
33.61
27.53
21.52
15.68
11.65
9.68
8.56
8.25
8.44
8.99
9.58
9.97
10.18
10.34
10.56
10.49
10.40
10.23
10.23
10.27
10.35
10.45
10.59
10.66
10.66
10.66
10.69
10.71
10.72
10.74
10.76
10.78
10.78
10.80
10.74
10.54
10.42
10.39
10.38
10.38
10.40
10.43
10.45
10.47
10.51
10.51
10.50
10.50
10.51
10.57
10.67
10.84
11.10
11.51
12.10
12.70
13.22
14.07
14.65
14.51
14.32
14.34
14.15
13.95
13.85
13.81
13.78
13.83
13.94
14.07
14.20
14.47
14.73
15.09
15.67
16.29
17.02
17.86
18.58
19.25
19.65
20.24
19.76
19.54
19.19
19.39
19.61
19.79
19.98
20.17
20.19
20.24
20.31
20.33
20.37
