SALVI
1
0
24
15.0
181
1.0
240208 Icon Y22 F1T2 TRANS S
ICON Y22 F1T2 TRANS S

ICON-Y22-F1T2-PMMAS.ldt
29 February 2024/TB
570
0
435
500
60
0
0
0
0
95.81
100.00
1.00
0.00
1
1
Y22
5333.90
3000
70
41.30
0.21
0.29
0.37
0.45
0.51
0.60
0.65
0.70
0.76
0.80
0.00
15.00
30.00
45.00
60.00
75.00
90.00
105.00
120.00
135.00
150.00
165.00
180.00
195.00
210.00
225.00
240.00
255.00
270.00
285.00
300.00
315.00
330.00
345.00
0.00
1.00
2.00
3.00
4.00
5.00
6.00
7.00
8.00
9.00
10.00
11.00
12.00
13.00
14.00
15.00
16.00
17.00
18.00
19.00
20.00
21.00
22.00
23.00
24.00
25.00
26.00
27.00
28.00
29.00
30.00
31.00
32.00
33.00
34.00
35.00
36.00
37.00
38.00
39.00
40.00
41.00
42.00
43.00
44.00
45.00
46.00
47.00
48.00
49.00
50.00
51.00
52.00
53.00
54.00
55.00
56.00
57.00
58.00
59.00
60.00
61.00
62.00
63.00
64.00
65.00
66.00
67.00
68.00
69.00
70.00
71.00
72.00
73.00
74.00
75.00
76.00
77.00
78.00
79.00
80.00
81.00
82.00
83.00
84.00
85.00
86.00
87.00
88.00
89.00
90.00
91.00
92.00
93.00
94.00
95.00
96.00
97.00
98.00
99.00
100.00
101.00
102.00
103.00
104.00
105.00
106.00
107.00
108.00
109.00
110.00
111.00
112.00
113.00
114.00
115.00
116.00
117.00
118.00
119.00
120.00
121.00
122.00
123.00
124.00
125.00
126.00
127.00
128.00
129.00
130.00
131.00
132.00
133.00
134.00
135.00
136.00
137.00
138.00
139.00
140.00
141.00
142.00
143.00
144.00
145.00
146.00
147.00
148.00
149.00
150.00
151.00
152.00
153.00
154.00
155.00
156.00
157.00
158.00
159.00
160.00
161.00
162.00
163.00
164.00
165.00
166.00
167.00
168.00
169.00
170.00
171.00
172.00
173.00
174.00
175.00
176.00
177.00
178.00
179.00
180.00
213.60
211.10
213.40
213.50
212.60
213.30
212.10
214.20
214.20
215.80
214.40
216.10
214.60
217.00
216.70
216.60
220.50
219.60
217.80
212.40
202.50
203.90
202.10
203.60
203.80
201.70
205.00
207.50
208.30
207.80
213.30
212.80
215.90
217.40
219.90
222.60
226.40
228.50
230.00
232.10
240.90
293.80
259.60
258.70
261.20
262.20
269.10
268.50
271.60
275.80
278.00
275.90
282.50
286.20
293.60
303.80
309.60
325.90
337.30
347.90
360.00
366.90
373.80
393.30
406.60
420.40
444.20
466.10
463.10
455.30
448.90
436.00
414.20
395.30
317.80
216.60
118.10
74.18
51.80
39.62
29.28
23.79
19.84
16.69
14.29
12.70
10.65
7.95
5.46
4.77
4.63
4.59
4.59
4.58
4.61
4.69
4.76
4.81
4.86
4.89
4.86
4.84
4.77
4.69
4.62
4.58
4.55
4.51
4.46
4.42
4.36
4.31
4.24
4.17
4.10
4.07
4.40
4.39
5.05
5.71
4.93
4.21
4.12
4.15
4.11
4.12
4.13
4.15
4.18
4.33
4.43
4.25
4.18
4.15
4.14
4.15
4.18
4.18
4.20
4.18
4.52
5.15
5.14
5.27
6.03
6.40
8.07
7.97
8.06
8.04
7.76
7.86
7.43
7.04
6.88
6.60
6.40
6.38
6.43
6.56
6.60
6.90
7.19
8.45
9.47
9.79
10.89
13.90
16.09
14.28
13.92
14.69
15.88
17.40
19.37
22.67
26.37
28.69
29.79
30.52
30.95
212.80
212.00
214.10
215.70
213.80
216.60
217.50
216.70
219.10
219.90
221.00
223.10
224.10
225.10
225.80
229.80
229.80
229.30
229.60
225.00
212.70
212.60
211.50
214.90
211.50
215.30
214.10
216.30
219.30
220.10
221.60
222.20
222.10
227.10
228.20
231.40
236.30
235.10
238.80
241.30
250.80
297.70
272.20
277.20
274.80
280.60
280.00
287.40
291.40
297.40
303.90
308.20
311.60
319.20
332.00
344.90
358.80
390.20
406.50
437.40
467.70
505.50
528.20
578.90
622.60
666.20
723.00
802.90
859.20
862.10
847.50
851.80
834.00
805.30
727.40
527.40
319.40
199.60
143.10
100.80
69.60
51.94
38.34
28.08
20.47
16.05
12.98
10.04
6.54
5.23
4.93
4.82
4.79
4.78
4.79
4.85
4.93
4.99
5.03
5.06
5.04
4.98
4.93
4.82
4.74
4.69
4.66
4.62
4.55
4.50
4.44
4.39
4.32
4.24
4.17
4.13
4.22
4.69
5.46
5.47
5.31
4.30
4.14
4.16
4.14
4.15
4.15
4.17
4.19
4.40
4.39
4.28
4.18
4.15
4.14
4.15
4.16
4.15
4.15
4.24
4.75
5.68
5.80
7.64
6.62
6.90
7.21
7.59
7.97
7.87
7.57
7.30
6.69
6.64
6.43
6.25
6.42
6.18
6.26
6.45
6.65
6.70
6.65
7.24
8.46
8.45
9.07
12.47
17.47
19.24
13.46
14.32
16.29
17.50
19.58
22.99
26.40
28.29
29.49
30.39
30.81
212.90
214.00
215.30
217.90
219.10
218.40
221.70
224.30
225.30
229.10
227.50
229.00
229.60
234.20
233.10
233.40
236.10
240.90
239.30
236.90
227.20
221.50
222.80
220.40
221.90
222.80
223.00
225.10
227.70
230.10
233.10
234.10
235.80
239.30
242.30
244.50
248.10
252.40
254.00
255.50
264.40
296.00
298.80
296.00
304.00
308.90
310.20
320.00
331.10
342.20
347.60
362.50
362.30
368.50
378.20
393.80
406.20
421.40
434.00
448.40
443.00
436.20
437.20
432.00
428.80
410.40
393.20
384.30
364.70
333.50
282.40
223.40
159.10
102.10
66.17
49.43
36.85
32.47
28.60
25.68
23.45
21.03
17.77
14.86
12.31
10.68
9.23
7.66
5.59
4.62
4.36
4.31
4.30
4.33
4.36
4.46
4.56
4.64
4.71
4.77
4.78
4.74
4.71
4.63
4.56
4.52
4.49
4.45
4.40
4.36
4.31
4.27
4.21
4.15
4.08
4.04
4.11
4.43
4.99
5.01
5.33
4.84
4.18
4.17
4.13
4.12
4.13
4.15
4.16
4.31
4.35
4.31
4.18
4.15
4.13
4.13
4.14
4.15
4.15
4.19
5.37
6.17
6.47
9.56
14.41
14.02
9.91
9.35
11.01
10.54
9.49
9.16
9.07
8.70
8.61
8.20
7.69
7.57
7.17
7.14
7.34
7.84
7.87
8.31
9.72
10.16
11.40
16.14
24.58
20.84
13.50
13.70
15.92
17.64
20.20
22.99
26.96
27.60
29.24
30.41
30.65
212.60
212.90
215.40
219.40
221.60
221.10
222.40
225.60
228.80
228.40
232.30
233.50
237.60
238.60
239.20
241.60
242.60
246.10
246.60
246.80
232.00
229.70
231.60
230.30
229.60
231.90
233.70
232.90
238.10
242.60
243.40
246.30
249.00
250.50
257.40
259.40
263.50
269.30
273.10
277.60
285.20
292.80
333.20
321.00
324.80
322.20
326.60
323.40
333.00
332.50
335.90
328.10
325.20
313.20
307.00
305.50
292.20
285.40
275.70
260.00
239.70
214.40
190.10
165.70
132.00
102.30
78.51
64.89
55.54
48.04
41.05
36.35
33.43
31.66
29.50
27.70
25.47
23.49
22.05
20.29
18.06
16.17
14.13
12.36
11.19
10.53
9.99
8.77
6.44
4.54
3.95
3.87
3.88
3.93
3.98
4.08
4.20
4.31
4.40
4.46
4.50
4.49
4.44
4.39
4.34
4.29
4.27
4.25
4.22
4.18
4.16
4.13
4.09
4.04
3.98
3.96
4.00
4.88
5.50
5.66
5.14
4.35
4.10
4.06
4.10
4.12
4.14
4.16
4.18
4.21
4.28
4.32
4.20
4.16
4.15
4.15
4.17
4.18
4.19
4.25
6.41
8.35
8.65
10.38
28.92
25.64
14.64
11.98
19.14
16.45
14.64
13.82
14.04
13.25
13.03
12.04
10.51
10.37
10.19
10.24
10.25
10.73
10.80
11.98
12.80
13.25
11.99
13.07
14.89
14.91
14.39
15.49
18.23
19.66
20.51
22.36
25.89
27.69
28.93
30.11
30.22
212.50
213.10
215.50
219.00
223.10
223.30
228.30
228.80
231.90
234.80
237.30
239.90
241.40
243.00
246.20
249.00
251.40
251.70
254.20
257.50
248.40
239.70
241.60
241.10
243.50
241.30
245.40
246.30
248.00
251.20
252.50
256.40
257.80
260.70
267.80
272.10
276.10
277.90
282.00
284.20
288.80
300.80
319.30
315.60
309.20
296.00
293.40
288.90
280.20
277.90
264.60
250.50
239.30
224.90
215.30
203.40
181.30
171.20
154.90
132.10
111.00
91.81
76.08
65.00
57.55
52.32
47.46
43.74
39.11
36.51
33.28
31.66
30.36
29.61
28.62
27.36
26.01
23.86
21.74
19.41
17.34
15.32
13.79
12.54
11.08
9.85
8.73
7.95
6.01
4.24
3.71
3.65
3.64
3.69
3.74
3.85
3.98
4.09
4.18
4.24
4.28
4.31
4.29
4.24
4.19
4.15
4.13
4.11
4.09
4.07
4.05
4.03
4.01
3.97
3.92
3.89
3.87
3.87
4.24
5.46
6.01
5.04
4.40
4.21
4.10
4.10
4.11
4.13
4.15
4.16
4.23
4.33
4.19
4.16
4.13
4.12
4.14
4.18
4.19
4.24
6.99
10.05
11.10
15.35
42.76
50.10
39.29
26.63
31.65
37.30
25.01
20.83
21.38
21.20
20.76
20.89
17.04
14.64
14.60
14.76
16.96
18.38
18.73
18.20
17.75
17.02
16.19
16.55
17.05
17.75
18.50
20.13
22.13
22.72
22.59
22.58
23.49
24.89
27.28
27.53
27.52
212.50
214.10
216.80
221.00
222.30
225.70
227.20
232.90
233.20
237.20
238.80
238.90
242.00
247.20
248.00
248.90
254.80
259.20
259.10
261.90
251.30
246.30
248.10
246.40
246.90
249.10
253.30
253.10
254.50
260.30
263.10
266.80
269.70
272.30
273.80
278.30
281.10
286.80
287.70
286.40
287.60
291.60
310.40
294.60
286.40
275.40
267.90
263.00
250.60
239.20
227.80
212.80
195.60
182.10
168.50
154.20
137.60
118.70
103.30
89.82
75.35
65.86
58.08
55.00
51.07
46.21
43.23
40.13
37.20
33.12
29.68
27.66
25.92
24.44
23.53
22.33
20.86
19.52
18.37
16.87
15.74
14.51
13.00
11.52
10.51
9.46
8.60
7.51
5.99
4.17
3.58
3.50
3.52
3.56
3.62
3.71
3.84
3.96
4.06
4.13
4.16
4.19
4.19
4.15
4.09
4.06
4.03
4.02
4.00
3.99
3.97
3.96
3.95
3.92
3.87
3.86
3.86
3.95
4.41
5.91
5.99
4.99
4.21
4.19
4.10
4.08
4.11
4.12
4.14
4.14
4.16
4.26
4.18
4.12
4.11
4.11
4.12
4.16
4.17
4.20
4.85
9.27
14.23
15.27
26.42
46.41
46.64
22.59
13.88
21.17
27.15
28.23
23.78
19.89
21.42
20.76
20.42
19.73
19.69
19.26
18.49
18.29
18.16
19.23
20.69
20.98
21.54
21.07
20.44
21.49
21.48
21.53
22.66
23.09
21.45
21.64
22.17
21.85
24.47
24.34
24.13
212.40
215.60
219.20
220.00
222.40
225.30
229.40
230.60
232.50
235.40
240.50
240.90
245.80
246.10
248.10
252.20
255.70
255.70
257.30
259.00
249.80
243.80
246.50
246.70
246.80
248.80
256.60
259.30
262.20
263.80
267.50
274.10
275.80
271.90
276.00
283.00
284.00
284.00
289.90
288.60
286.60
288.20
302.40
287.00
275.00
268.20
262.70
250.60
240.20
226.90
218.60
199.80
183.60
165.50
157.40
138.00
120.90
103.90
93.24
78.67
68.36
63.88
58.89
53.89
48.88
45.60
42.40
39.03
36.51
32.49
28.29
25.73
23.93
22.88
21.93
20.67
19.49
17.95
17.08
16.35
15.15
14.07
12.51
11.40
10.20
9.16
8.37
7.08
5.49
3.98
3.52
3.46
3.46
3.51
3.57
3.66
3.80
3.92
4.01
4.07
4.10
4.15
4.15
4.12
4.07
4.05
4.03
4.01
4.01
3.99
3.98
3.96
3.95
3.92
3.87
3.84
3.84
3.88
4.33
5.90
5.73
4.88
4.16
4.14
4.08
4.06
4.07
4.10
4.12
4.13
4.15
4.20
4.16
4.13
4.10
4.09
4.09
4.10
4.10
4.11
4.19
7.71
12.47
10.11
9.23
27.89
47.06
28.20
13.00
10.13
13.54
21.83
22.25
21.55
20.45
17.14
13.11
13.56
18.23
20.79
21.36
19.74
16.86
16.60
19.87
21.20
22.26
21.07
20.57
19.96
18.18
19.51
22.00
22.27
19.57
20.91
21.66
19.85
22.38
22.75
23.27
212.50
214.10
216.80
221.00
222.30
225.70
227.20
232.90
233.20
237.20
238.80
238.90
242.00
247.20
248.00
248.90
254.80
259.20
259.10
261.90
251.30
246.30
248.10
246.40
246.90
249.10
253.30
253.10
254.50
260.30
263.10
266.80
269.70
272.30
273.80
278.30
281.10
286.80
287.70
286.40
287.60
291.60
310.40
294.60
286.40
275.40
267.90
263.00
250.60
239.20
227.80
212.80
195.60
182.10
168.50
154.20
137.60
118.70
103.30
89.82
75.35
65.86
58.08
55.00
51.07
46.21
43.23
40.13
37.20
33.12
29.68
27.66
25.92
24.44
23.53
22.33
20.86
19.52
18.37
16.87
15.74
14.51
13.00
11.52
10.51
9.46
8.60
7.51
5.99
4.17
3.58
3.50
3.52
3.56
3.62
3.71
3.84
3.96
4.06
4.13
4.16
4.19
4.19
4.15
4.09
4.06
4.03
4.02
4.00
3.99
3.97
3.96
3.95
3.92
3.87
3.86
3.86
3.95
4.41
5.91
5.99
4.99
4.21
4.19
4.10
4.08
4.11
4.12
4.14
4.14
4.16
4.26
4.18
4.12
4.11
4.11
4.12
4.16
4.17
4.20
4.85
9.27
14.23
15.27
26.42
46.41
46.64
22.59
13.88
21.17
27.15
28.23
23.78
19.89
21.42
20.76
20.42
19.73
19.69
19.26
18.49
18.29
18.16
19.23
20.69
20.98
21.54
21.07
20.44
21.49
21.48
21.53
22.66
23.09
21.45
21.64
22.17
21.85
24.47
24.34
24.13
212.50
213.10
215.50
219.00
223.10
223.30
228.30
228.80
231.90
234.80
237.30
239.90
241.40
243.00
246.20
249.00
251.40
251.70
254.20
257.50
248.40
239.70
241.60
241.10
243.50
241.30
245.40
246.30
248.00
251.20
252.50
256.40
257.80
260.70
267.80
272.10
276.10
277.90
282.00
284.20
288.80
300.80
319.30
315.60
309.20
296.00
293.40
288.90
280.20
277.90
264.60
250.50
239.30
224.90
215.30
203.40
181.30
171.20
154.90
132.10
111.00
91.81
76.08
65.00
57.55
52.32
47.46
43.74
39.11
36.51
33.28
31.66
30.36
29.61
28.62
27.36
26.01
23.86
21.74
19.41
17.34
15.32
13.79
12.54
11.08
9.85
8.73
7.95
6.01
4.24
3.71
3.65
3.64
3.69
3.74
3.85
3.98
4.09
4.18
4.24
4.28
4.31
4.29
4.24
4.19
4.15
4.13
4.11
4.09
4.07
4.05
4.03
4.01
3.97
3.92
3.89
3.87
3.87
4.24
5.46
6.01
5.04
4.40
4.21
4.10
4.10
4.11
4.13
4.15
4.16
4.23
4.33
4.19
4.16
4.13
4.12
4.14
4.18
4.19
4.24
6.99
10.05
11.10
15.35
42.76
50.10
39.29
26.63
31.65
37.30
25.01
20.83
21.38
21.20
20.76
20.89
17.04
14.64
14.60
14.76
16.96
18.38
18.73
18.20
17.75
17.02
16.19
16.55
17.05
17.75
18.50
20.13
22.13
22.72
22.59
22.58
23.49
24.89
27.28
27.53
27.52
212.60
212.90
215.40
219.40
221.60
221.10
222.40
225.60
228.80
228.40
232.30
233.50
237.60
238.60
239.20
241.60
242.60
246.10
246.60
246.80
232.00
229.70
231.60
230.30
229.60
231.90
233.70
232.90
238.10
242.60
243.40
246.30
249.00
250.50
257.40
259.40
263.50
269.30
273.10
277.60
285.20
292.80
333.20
321.00
324.80
322.20
326.60
323.40
333.00
332.50
335.90
328.10
325.20
313.20
307.00
305.50
292.20
285.40
275.70
260.00
239.70
214.40
190.10
165.70
132.00
102.30
78.51
64.89
55.54
48.04
41.05
36.35
33.43
31.66
29.50
27.70
25.47
23.49
22.05
20.29
18.06
16.17
14.13
12.36
11.19
10.53
9.99
8.77
6.44
4.54
3.95
3.87
3.88
3.93
3.98
4.08
4.20
4.31
4.40
4.46
4.50
4.49
4.44
4.39
4.34
4.29
4.27
4.25
4.22
4.18
4.16
4.13
4.09
4.04
3.98
3.96
4.00
4.88
5.50
5.66
5.14
4.35
4.10
4.06
4.10
4.12
4.14
4.16
4.18
4.21
4.28
4.32
4.20
4.16
4.15
4.15
4.17
4.18
4.19
4.25
6.41
8.35
8.65
10.38
28.92
25.64
14.64
11.98
19.14
16.45
14.64
13.82
14.04
13.25
13.03
12.04
10.51
10.37
10.19
10.24
10.25
10.73
10.80
11.98
12.80
13.25
11.99
13.07
14.89
14.91
14.39
15.49
18.23
19.66
20.51
22.36
25.89
27.69
28.93
30.11
30.22
212.90
214.00
215.30
217.90
219.10
218.40
221.70
224.30
225.30
229.10
227.50
229.00
229.60
234.20
233.10
233.40
236.10
240.90
239.30
236.90
227.20
221.50
222.80
220.40
221.90
222.80
223.00
225.10
227.70
230.10
233.10
234.10
235.80
239.30
242.30
244.50
248.10
252.40
254.00
255.50
264.40
296.00
298.80
296.00
304.00
308.90
310.20
320.00
331.10
342.20
347.60
362.50
362.30
368.50
378.20
393.80
406.20
421.40
434.00
448.40
443.00
436.20
437.20
432.00
428.80
410.40
393.20
384.30
364.70
333.50
282.40
223.40
159.10
102.10
66.17
49.43
36.85
32.47
28.60
25.68
23.45
21.03
17.77
14.86
12.31
10.68
9.23
7.66
5.59
4.62
4.36
4.31
4.30
4.33
4.36
4.46
4.56
4.64
4.71
4.77
4.78
4.74
4.71
4.63
4.56
4.52
4.49
4.45
4.40
4.36
4.31
4.27
4.21
4.15
4.08
4.04
4.11
4.43
4.99
5.01
5.33
4.84
4.18
4.17
4.13
4.12
4.13
4.15
4.16
4.31
4.35
4.31
4.18
4.15
4.13
4.13
4.14
4.15
4.15
4.19
5.37
6.17
6.47
9.56
14.41
14.02
9.91
9.35
11.01
10.54
9.49
9.16
9.07
8.70
8.61
8.20
7.69
7.57
7.17
7.14
7.34
7.84
7.87
8.31
9.72
10.16
11.40
16.14
24.58
20.84
13.50
13.70
15.92
17.64
20.20
22.99
26.96
27.60
29.24
30.41
30.65
212.80
212.00
214.10
215.70
213.80
216.60
217.50
216.70
219.10
219.90
221.00
223.10
224.10
225.10
225.80
229.80
229.80
229.30
229.60
225.00
212.70
212.60
211.50
214.90
211.50
215.30
214.10
216.30
219.30
220.10
221.60
222.20
222.10
227.10
228.20
231.40
236.30
235.10
238.80
241.30
250.80
297.70
272.20
277.20
274.80
280.60
280.00
287.40
291.40
297.40
303.90
308.20
311.60
319.20
332.00
344.90
358.80
390.20
406.50
437.40
467.70
505.50
528.20
578.90
622.60
666.20
723.00
802.90
859.20
862.10
847.50
851.80
834.00
805.30
727.40
527.40
319.40
199.60
143.10
100.80
69.60
51.94
38.34
28.08
20.47
16.05
12.98
10.04
6.54
5.23
4.93
4.82
4.79
4.78
4.79
4.85
4.93
4.99
5.03
5.06
5.04
4.98
4.93
4.82
4.74
4.69
4.66
4.62
4.55
4.50
4.44
4.39
4.32
4.24
4.17
4.13
4.22
4.69
5.46
5.47
5.31
4.30
4.14
4.16
4.14
4.15
4.15
4.17
4.19
4.40
4.39
4.28
4.18
4.15
4.14
4.15
4.16
4.15
4.15
4.24
4.75
5.68
5.80
7.64
6.62
6.90
7.21
7.59
7.97
7.87
7.57
7.30
6.69
6.64
6.43
6.25
6.42
6.18
6.26
6.45
6.65
6.70
6.65
7.24
8.46
8.45
9.07
12.47
17.47
19.24
13.46
14.32
16.29
17.50
19.58
22.99
26.40
28.29
29.49
30.39
30.81
213.60
211.10
213.40
213.50
212.60
213.30
212.10
214.20
214.20
215.80
214.40
216.10
214.60
217.00
216.70
216.60
220.50
219.60
217.80
212.40
202.50
203.90
202.10
203.60
203.80
201.70
205.00
207.50
208.30
207.80
213.30
212.80
215.90
217.40
219.90
222.60
226.40
228.50
230.00
232.10
240.90
293.80
259.60
258.70
261.20
262.20
269.10
268.50
271.60
275.80
278.00
275.90
282.50
286.20
293.60
303.80
309.60
325.90
337.30
347.90
360.00
366.90
373.80
393.30
406.60
420.40
444.20
466.10
463.10
455.30
448.90
436.00
414.20
395.30
317.80
216.60
118.10
74.18
51.80
39.62
29.28
23.79
19.84
16.69
14.29
12.70
10.65
7.95
5.46
4.77
4.63
4.59
4.59
4.58
4.61
4.69
4.76
4.81
4.86
4.89
4.86
4.84
4.77
4.69
4.62
4.58
4.55
4.51
4.46
4.42
4.36
4.31
4.24
4.17
4.10
4.07
4.40
4.39
5.05
5.71
4.93
4.21
4.12
4.15
4.11
4.12
4.13
4.15
4.18
4.33
4.43
4.25
4.18
4.15
4.14
4.15
4.18
4.18
4.20
4.18
4.52
5.15
5.14
5.27
6.03
6.40
8.07
7.97
8.06
8.04
7.76
7.86
7.43
7.04
6.88
6.60
6.40
6.38
6.43
6.56
6.60
6.90
7.19
8.45
9.47
9.79
10.89
13.90
16.09
14.28
13.92
14.69
15.88
17.40
19.37
22.67
26.37
28.69
29.79
30.52
30.95
212.80
210.80
210.90
211.10
211.50
212.40
208.50
207.80
207.70
209.10
207.50
207.30
208.70
208.20
206.60
208.20
207.20
208.10
204.00
195.90
192.40
190.80
189.20
191.00
188.70
189.10
192.10
190.30
191.20
192.80
195.40
196.00
199.30
198.20
200.50
203.60
205.50
206.20
210.00
209.40
222.50
238.60
231.60
233.20
230.10
227.20
230.80
230.60
237.50
235.50
231.70
232.00
237.10
235.40
237.70
243.10
248.00
247.50
253.40
255.60
257.80
252.90
256.60
253.50
253.20
253.00
254.30
247.40
235.70
218.20
208.00
188.60
170.40
151.40
127.80
103.90
73.08
53.38
33.76
25.67
21.09
17.80
15.72
13.63
12.10
10.62
9.47
6.65
4.72
4.34
4.28
4.26
4.26
4.27
4.34
4.43
4.50
4.55
4.59
4.62
4.58
4.56
4.49
4.43
4.39
4.35
4.33
4.30
4.25
4.21
4.16
4.12
4.06
3.99
3.93
3.93
4.16
4.28
4.82
5.21
4.68
4.06
4.04
4.05
4.01
4.02
4.04
4.06
4.14
4.21
4.39
4.17
4.14
4.10
4.09
4.12
4.15
4.19
4.30
4.37
6.06
5.58
6.31
6.33
7.74
8.79
8.58
8.84
8.40
7.47
6.84
6.48
6.54
6.32
6.29
6.09
6.00
6.12
6.65
7.10
7.47
7.80
8.73
10.60
12.67
11.97
14.10
20.56
16.54
13.96
14.13
15.05
15.75
17.50
20.25
23.46
26.59
28.12
29.49
30.25
30.81
212.90
210.70
210.60
209.20
207.00
205.60
204.60
204.40
203.70
201.50
200.50
201.40
200.00
199.90
195.70
196.80
197.80
198.00
190.90
183.90
179.40
178.30
173.10
173.80
175.30
174.40
177.00
175.30
173.80
174.30
174.70
176.20
175.80
177.00
176.00
176.80
176.50
179.20
176.80
175.90
194.70
189.70
190.90
184.90
183.00
186.10
180.20
183.90
179.50
177.70
179.70
175.40
170.00
171.00
168.90
170.70
170.80
169.70
172.10
168.70
165.80
158.80
155.90
149.20
142.80
136.10
122.70
112.00
101.30
86.57
71.49
57.30
49.22
42.39
35.80
31.12
27.61
25.32
23.51
21.62
19.40
16.87
14.98
12.88
11.06
10.02
8.92
6.00
4.30
3.98
3.96
3.93
3.94
3.98
4.07
4.16
4.24
4.29
4.32
4.34
4.30
4.26
4.19
4.14
4.10
4.09
4.08
4.04
4.01
3.97
3.93
3.89
3.85
3.78
3.73
3.72
3.73
3.83
4.52
4.87
4.57
4.10
3.98
3.91
3.90
3.90
3.92
3.93
3.94
4.03
4.10
3.95
3.95
3.95
3.97
4.02
4.08
4.15
4.37
7.92
8.96
11.34
14.89
32.14
33.57
25.23
19.66
26.14
20.05
17.24
15.92
15.26
13.79
10.79
9.26
9.02
8.87
9.22
10.54
11.72
12.98
14.22
15.72
15.95
14.79
12.88
15.56
17.04
14.17
15.27
15.67
16.32
17.53
20.02
21.65
24.29
26.77
27.61
29.07
30.07
30.67
212.60
211.00
207.30
206.80
207.10
203.50
201.60
200.70
200.00
196.80
194.50
191.10
192.90
188.80
189.30
190.40
188.50
184.60
172.60
166.50
165.20
161.90
159.80
159.60
155.10
156.00
153.50
154.90
151.70
151.30
147.80
146.80
147.50
147.90
148.10
146.60
146.50
144.30
144.00
143.80
167.90
149.80
148.90
144.60
144.60
141.50
143.80
142.70
138.50
139.40
133.00
130.70
128.00
126.90
125.80
122.90
119.20
117.10
111.90
104.60
95.68
91.26
82.40
74.14
64.46
56.81
49.19
44.19
39.76
36.39
33.74
30.47
27.81
26.01
24.60
23.14
21.97
20.21
18.32
16.38
14.76
13.08
11.40
9.92
8.76
8.04
7.01
4.64
3.78
3.64
3.64
3.63
3.65
3.72
3.82
3.91
3.97
4.02
4.05
4.06
4.01
3.95
3.91
3.87
3.85
3.85
3.84
3.81
3.78
3.76
3.73
3.69
3.64
3.58
3.56
3.56
3.62
4.31
4.99
4.23
3.72
3.69
3.68
3.70
3.71
3.72
3.74
3.75
3.76
3.80
3.82
3.75
3.74
3.73
3.73
3.76
3.80
3.86
4.40
8.13
11.35
13.03
25.77
40.14
47.89
35.17
20.84
24.30
30.72
30.91
25.31
20.16
19.33
19.06
17.95
17.01
16.43
15.26
16.32
17.22
17.46
17.44
16.45
16.78
16.52
16.94
17.80
18.14
17.91
18.80
19.74
21.71
22.50
23.34
24.11
24.21
25.55
27.32
28.45
29.55
30.21
212.50
210.60
206.10
206.00
201.70
201.10
199.00
197.30
195.20
192.90
189.50
187.10
185.20
182.90
182.60
180.80
178.60
171.60
160.70
155.50
151.20
148.20
145.70
143.90
138.50
137.10
135.10
132.10
131.20
130.40
130.10
128.50
128.60
125.40
127.60
124.60
124.10
121.90
121.70
124.00
126.70
127.30
124.70
123.10
117.40
116.70
115.40
113.10
110.30
107.60
103.40
99.93
95.10
92.54
88.09
85.90
79.58
77.17
73.44
68.38
61.79
55.15
48.08
42.26
38.04
34.98
32.45
29.46
26.55
24.20
22.16
20.77
20.26
19.66
18.73
17.62
16.47
15.75
14.65
13.44
12.39
11.35
10.28
9.15
8.28
7.61
6.97
4.36
3.57
3.45
3.44
3.46
3.49
3.55
3.64
3.72
3.78
3.79
3.80
3.79
3.73
3.68
3.65
3.61
3.59
3.59
3.58
3.56
3.54
3.52
3.50
3.47
3.42
3.37
3.34
3.33
3.33
3.62
3.56
4.08
4.58
3.58
3.62
3.56
3.56
3.57
3.57
3.57
3.57
3.57
3.58
3.52
3.49
3.48
3.49
3.50
3.52
3.55
3.66
4.73
8.11
9.10
10.66
21.27
27.99
28.14
17.49
12.27
16.61
18.17
19.95
18.81
17.14
15.60
15.31
14.64
13.25
14.60
16.34
17.75
17.25
19.46
18.89
19.02
20.30
20.06
19.59
20.29
18.93
18.57
20.16
21.93
22.74
23.39
24.11
25.89
24.04
24.44
24.01
26.24
27.54
212.50
211.20
207.10
203.70
201.60
198.20
197.10
193.30
190.60
189.00
185.30
183.60
180.10
179.10
175.60
173.40
169.90
165.60
152.20
146.20
141.90
137.80
134.70
131.30
128.80
124.80
122.80
121.00
118.90
117.40
115.70
113.70
115.50
113.20
112.60
111.20
109.90
107.80
106.90
110.10
110.10
109.10
105.40
104.80
101.00
100.10
99.24
95.16
94.16
90.67
85.89
81.36
79.93
76.25
73.01
69.08
68.18
64.90
61.44
55.36
49.26
44.03
39.66
35.82
33.31
30.48
28.45
26.29
24.28
22.77
21.48
20.32
19.55
18.58
17.66
16.67
15.68
14.57
13.46
12.34
11.06
9.99
9.03
8.19
7.50
6.90
5.74
3.88
3.40
3.35
3.34
3.34
3.38
3.45
3.53
3.60
3.64
3.67
3.67
3.66
3.61
3.58
3.54
3.51
3.49
3.47
3.46
3.44
3.42
3.42
3.39
3.36
3.31
3.27
3.24
3.22
3.24
3.68
3.81
3.68
4.11
3.40
3.44
3.42
3.43
3.43
3.44
3.44
3.43
3.44
3.42
3.39
3.35
3.32
3.32
3.32
3.32
3.34
3.41
3.57
7.10
7.44
7.45
10.77
22.14
20.47
13.37
9.67
8.33
9.73
11.11
11.14
10.87
11.70
12.05
11.86
10.42
11.23
13.07
14.27
14.23
16.09
15.19
15.68
16.66
16.81
17.49
18.81
19.19
17.96
17.65
19.01
19.11
19.62
20.80
22.28
21.22
21.21
21.49
21.71
24.32
212.40
210.60
207.70
204.90
201.90
200.90
194.80
195.50
191.80
186.70
185.40
181.80
180.50
176.70
172.70
168.80
167.30
162.00
148.60
143.50
137.70
135.00
128.10
125.30
126.50
122.00
120.70
118.00
116.70
114.30
114.40
112.40
110.50
108.70
107.50
106.70
104.70
104.30
99.18
103.70
107.90
103.50
101.00
100.40
96.90
94.21
91.86
89.36
86.96
86.21
79.67
74.66
72.38
68.81
65.87
64.10
62.64
58.59
55.60
48.89
44.49
39.90
35.61
32.49
29.77
27.44
25.84
24.14
22.18
20.94
19.60
18.81
18.11
17.29
16.48
15.61
14.79
13.80
12.92
11.64
10.47
9.63
8.72
8.01
7.35
6.86
5.94
3.87
3.37
3.30
3.30
3.31
3.35
3.43
3.50
3.57
3.62
3.62
3.62
3.60
3.55
3.51
3.48
3.44
3.42
3.41
3.39
3.38
3.36
3.34
3.32
3.28
3.24
3.20
3.17
3.15
3.16
3.50
3.89
3.51
3.98
3.27
3.34
3.36
3.38
3.38
3.38
3.38
3.38
3.39
3.37
3.32
3.28
3.25
3.25
3.25
3.25
3.25
3.37
3.48
5.84
7.00
6.55
7.27
7.96
20.54
14.93
11.95
9.69
9.53
9.29
10.29
10.37
10.94
10.47
9.60
9.09
10.53
12.60
13.06
14.38
15.29
15.52
15.19
15.48
15.65
16.59
17.65
18.50
18.58
16.56
17.88
18.20
19.01
20.88
19.99
19.07
18.21
19.17
20.12
23.28
212.50
211.20
207.10
203.70
201.60
198.20
197.10
193.30
190.60
189.00
185.30
183.60
180.10
179.10
175.60
173.40
169.90
165.60
152.20
146.20
141.90
137.80
134.70
131.30
128.80
124.80
122.80
121.00
118.90
117.40
115.70
113.70
115.50
113.20
112.60
111.20
109.90
107.80
106.90
110.10
110.10
109.10
105.40
104.80
101.00
100.10
99.24
95.16
94.16
90.67
85.89
81.36
79.93
76.25
73.01
69.08
68.18
64.90
61.44
55.36
49.26
44.03
39.66
35.82
33.31
30.48
28.45
26.29
24.28
22.77
21.48
20.32
19.55
18.58
17.66
16.67
15.68
14.57
13.46
12.34
11.06
9.99
9.03
8.19
7.50
6.90
5.74
3.88
3.40
3.35
3.34
3.34
3.38
3.45
3.53
3.60
3.64
3.67
3.67
3.66
3.61
3.58
3.54
3.51
3.49
3.47
3.46
3.44
3.42
3.42
3.39
3.36
3.31
3.27
3.24
3.22
3.24
3.68
3.81
3.68
4.11
3.40
3.44
3.42
3.43
3.43
3.44
3.44
3.43
3.44
3.42
3.39
3.35
3.32
3.32
3.32
3.32
3.34
3.41
3.57
7.10
7.44
7.45
10.77
22.14
20.47
13.37
9.67
8.33
9.73
11.11
11.14
10.87
11.70
12.05
11.86
10.42
11.23
13.07
14.27
14.23
16.09
15.19
15.68
16.66
16.81
17.49
18.81
19.19
17.96
17.65
19.01
19.11
19.62
20.80
22.28
21.22
21.21
21.49
21.71
24.32
212.50
210.60
206.10
206.00
201.70
201.10
199.00
197.30
195.20
192.90
189.50
187.10
185.20
182.90
182.60
180.80
178.60
171.60
160.70
155.50
151.20
148.20
145.70
143.90
138.50
137.10
135.10
132.10
131.20
130.40
130.10
128.50
128.60
125.40
127.60
124.60
124.10
121.90
121.70
124.00
126.70
127.30
124.70
123.10
117.40
116.70
115.40
113.10
110.30
107.60
103.40
99.93
95.10
92.54
88.09
85.90
79.58
77.17
73.44
68.38
61.79
55.15
48.08
42.26
38.04
34.98
32.45
29.46
26.55
24.20
22.16
20.77
20.26
19.66
18.73
17.62
16.47
15.75
14.65
13.44
12.39
11.35
10.28
9.15
8.28
7.61
6.97
4.36
3.57
3.45
3.44
3.46
3.49
3.55
3.64
3.72
3.78
3.79
3.80
3.79
3.73
3.68
3.65
3.61
3.59
3.59
3.58
3.56
3.54
3.52
3.50
3.47
3.42
3.37
3.34
3.33
3.33
3.62
3.56
4.08
4.58
3.58
3.62
3.56
3.56
3.57
3.57
3.57
3.57
3.57
3.58
3.52
3.49
3.48
3.49
3.50
3.52
3.55
3.66
4.73
8.11
9.10
10.66
21.27
27.99
28.14
17.49
12.27
16.61
18.17
19.95
18.81
17.14
15.60
15.31
14.64
13.25
14.60
16.34
17.75
17.25
19.46
18.89
19.02
20.30
20.06
19.59
20.29
18.93
18.57
20.16
21.93
22.74
23.39
24.11
25.89
24.04
24.44
24.01
26.24
27.54
212.60
211.00
207.30
206.80
207.10
203.50
201.60
200.70
200.00
196.80
194.50
191.10
192.90
188.80
189.30
190.40
188.50
184.60
172.60
166.50
165.20
161.90
159.80
159.60
155.10
156.00
153.50
154.90
151.70
151.30
147.80
146.80
147.50
147.90
148.10
146.60
146.50
144.30
144.00
143.80
167.90
149.80
148.90
144.60
144.60
141.50
143.80
142.70
138.50
139.40
133.00
130.70
128.00
126.90
125.80
122.90
119.20
117.10
111.90
104.60
95.68
91.26
82.40
74.14
64.46
56.81
49.19
44.19
39.76
36.39
33.74
30.47
27.81
26.01
24.60
23.14
21.97
20.21
18.32
16.38
14.76
13.08
11.40
9.92
8.76
8.04
7.01
4.64
3.78
3.64
3.64
3.63
3.65
3.72
3.82
3.91
3.97
4.02
4.05
4.06
4.01
3.95
3.91
3.87
3.85
3.85
3.84
3.81
3.78
3.76
3.73
3.69
3.64
3.58
3.56
3.56
3.62
4.31
4.99
4.23
3.72
3.69
3.68
3.70
3.71
3.72
3.74
3.75
3.76
3.80
3.82
3.75
3.74
3.73
3.73
3.76
3.80
3.86
4.40
8.13
11.35
13.03
25.77
40.14
47.89
35.17
20.84
24.30
30.72
30.91
25.31
20.16
19.33
19.06
17.95
17.01
16.43
15.26
16.32
17.22
17.46
17.44
16.45
16.78
16.52
16.94
17.80
18.14
17.91
18.80
19.74
21.71
22.50
23.34
24.11
24.21
25.55
27.32
28.45
29.55
30.21
212.90
210.70
210.60
209.20
207.00
205.60
204.60
204.40
203.70
201.50
200.50
201.40
200.00
199.90
195.70
196.80
197.80
198.00
190.90
183.90
179.40
178.30
173.10
173.80
175.30
174.40
177.00
175.30
173.80
174.30
174.70
176.20
175.80
177.00
176.00
176.80
176.50
179.20
176.80
175.90
194.70
189.70
190.90
184.90
183.00
186.10
180.20
183.90
179.50
177.70
179.70
175.40
170.00
171.00
168.90
170.70
170.80
169.70
172.10
168.70
165.80
158.80
155.90
149.20
142.80
136.10
122.70
112.00
101.30
86.57
71.49
57.30
49.22
42.39
35.80
31.12
27.61
25.32
23.51
21.62
19.40
16.87
14.98
12.88
11.06
10.02
8.92
6.00
4.30
3.98
3.96
3.93
3.94
3.98
4.07
4.16
4.24
4.29
4.32
4.34
4.30
4.26
4.19
4.14
4.10
4.09
4.08
4.04
4.01
3.97
3.93
3.89
3.85
3.78
3.73
3.72
3.73
3.83
4.52
4.87
4.57
4.10
3.98
3.91
3.90
3.90
3.92
3.93
3.94
4.03
4.10
3.95
3.95
3.95
3.97
4.02
4.08
4.15
4.37
7.92
8.96
11.34
14.89
32.14
33.57
25.23
19.66
26.14
20.05
17.24
15.92
15.26
13.79
10.79
9.26
9.02
8.87
9.22
10.54
11.72
12.98
14.22
15.72
15.95
14.79
12.88
15.56
17.04
14.17
15.27
15.67
16.32
17.53
20.02
21.65
24.29
26.77
27.61
29.07
30.07
30.67
212.80
210.80
210.90
211.10
211.50
212.40
208.50
207.80
207.70
209.10
207.50
207.30
208.70
208.20
206.60
208.20
207.20
208.10
204.00
195.90
192.40
190.80
189.20
191.00
188.70
189.10
192.10
190.30
191.20
192.80
195.40
196.00
199.30
198.20
200.50
203.60
205.50
206.20
210.00
209.40
222.50
238.60
231.60
233.20
230.10
227.20
230.80
230.60
237.50
235.50
231.70
232.00
237.10
235.40
237.70
243.10
248.00
247.50
253.40
255.60
257.80
252.90
256.60
253.50
253.20
253.00
254.30
247.40
235.70
218.20
208.00
188.60
170.40
151.40
127.80
103.90
73.08
53.38
33.76
25.67
21.09
17.80
15.72
13.63
12.10
10.62
9.47
6.65
4.72
4.34
4.28
4.26
4.26
4.27
4.34
4.43
4.50
4.55
4.59
4.62
4.58
4.56
4.49
4.43
4.39
4.35
4.33
4.30
4.25
4.21
4.16
4.12
4.06
3.99
3.93
3.93
4.16
4.28
4.82
5.21
4.68
4.06
4.04
4.05
4.01
4.02
4.04
4.06
4.14
4.21
4.39
4.17
4.14
4.10
4.09
4.12
4.15
4.19
4.30
4.37
6.06
5.58
6.31
6.33
7.74
8.79
8.58
8.84
8.40
7.47
6.84
6.48
6.54
6.32
6.29
6.09
6.00
6.12
6.65
7.10
7.47
7.80
8.73
10.60
12.67
11.97
14.10
20.56
16.54
13.96
14.13
15.05
15.75
17.50
20.25
23.46
26.59
28.12
29.49
30.25
30.81
