SALVI
1
0
24
15.0
181
1.0
240208 Icon Y22 F2T1 TRANS L
ICON Y22 F2T1 TRANS L

ICON-Y22-F2T1-PMMAL.ldt
28 February 2024/TB
570
0
435
500
60
0
0
0
0
93.79
100.00
1.00
0.00
1
1
Y22
4201.60
3000
70
41.40
0.27
0.35
0.43
0.50
0.55
0.63
0.67
0.71
0.76
0.79
0.00
15.00
30.00
45.00
60.00
75.00
90.00
105.00
120.00
135.00
150.00
165.00
180.00
195.00
210.00
225.00
240.00
255.00
270.00
285.00
300.00
315.00
330.00
345.00
0.00
1.00
2.00
3.00
4.00
5.00
6.00
7.00
8.00
9.00
10.00
11.00
12.00
13.00
14.00
15.00
16.00
17.00
18.00
19.00
20.00
21.00
22.00
23.00
24.00
25.00
26.00
27.00
28.00
29.00
30.00
31.00
32.00
33.00
34.00
35.00
36.00
37.00
38.00
39.00
40.00
41.00
42.00
43.00
44.00
45.00
46.00
47.00
48.00
49.00
50.00
51.00
52.00
53.00
54.00
55.00
56.00
57.00
58.00
59.00
60.00
61.00
62.00
63.00
64.00
65.00
66.00
67.00
68.00
69.00
70.00
71.00
72.00
73.00
74.00
75.00
76.00
77.00
78.00
79.00
80.00
81.00
82.00
83.00
84.00
85.00
86.00
87.00
88.00
89.00
90.00
91.00
92.00
93.00
94.00
95.00
96.00
97.00
98.00
99.00
100.00
101.00
102.00
103.00
104.00
105.00
106.00
107.00
108.00
109.00
110.00
111.00
112.00
113.00
114.00
115.00
116.00
117.00
118.00
119.00
120.00
121.00
122.00
123.00
124.00
125.00
126.00
127.00
128.00
129.00
130.00
131.00
132.00
133.00
134.00
135.00
136.00
137.00
138.00
139.00
140.00
141.00
142.00
143.00
144.00
145.00
146.00
147.00
148.00
149.00
150.00
151.00
152.00
153.00
154.00
155.00
156.00
157.00
158.00
159.00
160.00
161.00
162.00
163.00
164.00
165.00
166.00
167.00
168.00
169.00
170.00
171.00
172.00
173.00
174.00
175.00
176.00
177.00
178.00
179.00
180.00
303.50
303.30
303.70
303.70
303.80
304.10
303.70
302.80
302.30
301.90
301.00
300.30
299.10
298.40
297.00
295.30
293.90
291.30
287.60
281.10
274.90
271.10
268.30
265.90
263.50
261.70
260.10
259.10
258.30
257.20
256.10
255.60
255.00
254.20
253.30
252.70
252.20
252.00
251.70
251.50
252.00
253.70
253.10
251.00
247.70
244.60
241.70
238.70
235.70
232.50
228.90
224.70
220.40
216.60
213.10
209.90
206.60
203.70
200.30
196.70
192.50
187.30
181.50
175.70
169.40
162.60
156.10
149.70
143.20
136.70
130.30
123.70
117.90
112.30
106.30
99.69
92.36
84.69
77.21
69.84
63.11
56.93
51.09
45.67
40.47
35.62
31.16
27.00
21.46
15.20
10.31
8.29
8.77
9.13
8.67
8.39
8.95
9.41
9.58
9.54
9.53
9.63
9.62
9.42
9.21
9.17
9.19
9.26
9.32
9.38
9.45
9.49
9.51
9.52
9.53
9.57
9.63
9.69
9.75
9.72
9.55
9.33
9.21
9.17
9.16
9.17
9.19
9.22
9.26
9.29
9.32
9.30
9.29
9.29
9.31
9.39
9.50
9.66
9.88
10.21
10.69
11.20
11.72
12.20
12.59
12.78
12.70
12.51
12.34
12.21
12.14
12.10
12.11
12.19
12.31
12.45
12.61
12.82
13.08
13.43
13.93
14.63
15.35
16.31
17.28
17.74
17.95
18.31
18.24
17.86
17.59
17.73
17.96
18.14
18.37
18.57
18.71
18.82
18.85
18.95
18.98
302.40
302.40
303.50
304.00
304.60
305.60
305.40
305.40
305.50
305.50
305.40
304.90
304.70
304.00
303.10
302.10
300.90
299.00
295.40
289.00
282.70
279.20
276.70
274.70
272.90
271.30
270.00
269.20
268.10
267.20
266.70
266.40
265.70
265.50
264.80
264.20
264.10
263.70
263.40
263.70
264.30
267.00
266.50
264.10
261.10
257.70
254.50
251.30
248.20
244.90
241.10
237.30
232.80
229.10
225.40
221.80
218.30
215.00
211.80
207.90
202.80
197.40
191.20
184.50
177.80
170.90
163.70
157.10
150.00
142.90
136.00
128.90
122.20
116.00
108.90
101.70
93.63
85.59
77.98
70.82
64.27
57.96
52.01
46.64
41.42
36.08
31.55
27.70
22.80
16.77
11.46
8.65
8.54
9.13
8.95
8.38
8.72
9.30
9.56
9.61
9.60
9.64
9.71
9.58
9.37
9.32
9.27
9.28
9.33
9.39
9.45
9.50
9.52
9.54
9.56
9.60
9.68
9.74
9.81
9.81
9.63
9.40
9.25
9.22
9.22
9.23
9.23
9.25
9.28
9.32
9.34
9.31
9.29
9.30
9.32
9.38
9.47
9.60
9.80
10.10
10.58
11.10
11.63
12.13
12.47
12.63
12.62
12.48
12.30
12.11
12.00
11.97
11.95
11.99
12.07
12.15
12.29
12.44
12.65
12.92
13.39
14.02
14.79
15.54
16.40
16.90
17.12
17.41
17.57
17.17
16.89
17.07
17.38
17.63
17.88
18.15
18.30
18.48
18.59
18.75
18.77
302.50
303.30
304.70
305.80
306.60
307.60
308.30
309.00
309.50
309.70
310.20
310.30
310.40
310.20
309.60
308.80
308.00
306.00
303.30
297.20
290.50
286.60
284.20
282.50
281.00
279.70
278.80
278.10
277.20
276.80
276.40
276.40
276.00
275.90
275.30
274.90
274.90
274.40
274.20
274.60
275.50
278.00
277.70
275.50
271.70
267.80
264.00
260.60
257.00
253.30
249.00
244.20
238.90
233.70
229.30
225.20
221.30
217.40
213.40
208.70
202.90
196.60
189.80
182.50
175.10
167.30
159.30
151.30
143.00
135.20
127.00
119.20
111.70
104.80
97.61
90.52
83.19
76.20
69.83
63.95
58.53
53.25
48.05
43.01
37.96
33.08
28.83
25.30
21.40
16.58
11.86
8.70
7.94
8.47
8.73
8.30
8.34
8.91
9.23
9.35
9.37
9.39
9.38
9.34
9.23
9.21
9.17
9.13
9.14
9.19
9.26
9.30
9.34
9.36
9.37
9.40
9.48
9.54
9.62
9.69
9.62
9.35
9.19
9.13
9.11
9.11
9.11
9.12
9.14
9.18
9.21
9.20
9.18
9.16
9.17
9.21
9.31
9.45
9.66
10.01
10.53
11.16
11.82
12.41
12.88
13.04
13.13
13.04
12.87
12.63
12.49
12.43
12.40
12.37
12.38
12.46
12.58
12.80
13.03
13.30
13.72
14.22
14.77
15.32
16.04
16.67
17.07
17.18
17.13
17.01
16.66
16.84
17.19
17.46
17.71
17.99
18.14
18.28
18.41
18.56
18.62
302.50
303.70
305.30
306.90
308.20
309.50
310.60
311.70
312.40
313.30
314.10
314.60
314.70
314.50
314.80
313.80
313.30
312.00
309.40
303.90
296.30
292.60
290.00
288.10
286.90
285.80
285.00
284.60
284.00
283.50
283.30
283.00
283.00
282.80
282.30
281.70
281.30
280.50
279.90
280.00
280.20
284.50
283.00
279.70
275.00
270.10
265.30
260.80
256.70
251.90
246.50
240.40
234.10
227.80
221.50
215.80
210.00
204.40
198.90
193.00
185.90
178.50
170.50
162.20
154.10
145.50
136.80
128.10
119.90
112.00
104.80
97.90
91.56
85.83
80.54
75.64
70.55
65.37
60.40
55.40
50.92
46.41
41.96
37.82
33.52
29.25
25.37
22.11
19.19
15.87
12.23
8.96
7.43
7.57
8.12
8.22
8.00
8.38
8.76
8.95
9.03
9.04
9.03
8.99
8.94
8.96
8.95
8.89
8.92
8.98
9.05
9.11
9.14
9.18
9.23
9.32
9.46
9.62
9.58
9.54
9.40
9.13
8.97
8.90
8.90
8.91
8.93
8.95
8.96
8.99
9.03
9.01
8.98
8.98
8.99
9.03
9.13
9.27
9.51
9.89
10.48
11.20
11.97
12.72
13.37
13.63
13.83
13.83
13.74
13.46
13.19
13.16
13.09
13.02
12.97
12.86
12.95
13.14
13.36
13.54
13.78
14.13
14.60
15.21
15.98
16.52
16.88
16.99
16.71
16.62
16.47
16.56
16.87
17.10
17.36
17.72
17.88
18.03
18.20
18.40
18.34
302.70
304.30
306.10
307.90
309.60
311.20
312.50
313.80
314.60
315.40
316.20
317.10
317.70
317.60
317.60
317.20
316.80
315.70
313.30
308.30
300.80
296.80
293.70
292.00
290.70
289.50
288.60
288.30
287.60
287.00
286.80
286.50
286.30
286.00
285.50
285.00
283.90
282.70
282.20
281.40
280.90
282.60
282.80
278.10
272.90
267.00
260.70
255.30
249.40
243.40
236.80
229.50
222.10
214.40
207.00
200.10
193.10
186.70
180.40
173.70
166.30
158.70
150.90
142.70
134.90
127.30
119.90
112.40
105.30
98.66
92.45
86.62
81.19
76.27
71.92
67.67
63.31
58.59
54.05
49.76
45.70
41.60
37.53
33.80
29.99
26.20
22.78
19.79
17.23
14.60
11.87
8.94
7.11
7.03
7.55
7.89
7.81
8.07
8.42
8.59
8.69
8.72
8.73
8.69
8.67
8.67
8.64
8.63
8.68
8.74
8.80
8.85
8.89
8.91
8.95
9.01
9.10
9.19
9.23
9.30
9.25
9.05
8.87
8.79
8.76
8.75
8.76
8.76
8.78
8.80
8.84
8.86
8.84
8.83
8.83
8.90
9.02
9.21
9.50
9.95
10.63
11.49
12.41
13.31
14.21
14.68
14.77
14.57
14.17
13.88
13.54
13.38
13.36
13.29
13.28
13.27
13.24
13.31
13.53
13.75
14.03
14.42
14.82
15.29
15.80
16.27
16.59
16.50
16.23
16.17
16.17
16.35
16.64
16.80
17.07
17.44
17.59
17.70
17.87
18.09
18.02
302.50
304.50
306.50
308.40
309.90
311.70
313.50
314.90
315.70
316.70
317.60
318.50
319.00
319.60
319.60
319.50
318.70
317.50
314.90
310.20
302.30
298.10
295.90
293.90
292.00
290.90
289.80
289.10
288.00
287.40
287.30
286.90
286.10
285.60
284.40
283.20
281.30
280.10
278.30
276.90
275.40
276.40
276.00
271.20
264.60
257.70
250.80
243.90
237.10
230.10
222.90
215.40
207.50
199.50
191.90
184.60
177.80
171.40
165.20
158.90
152.70
145.90
138.90
131.90
124.80
118.10
111.20
104.50
98.04
92.01
86.52
81.27
76.25
71.69
67.55
63.59
59.57
55.30
51.09
46.98
43.06
39.38
35.65
32.07
28.44
24.95
21.79
18.88
16.46
14.19
11.94
9.31
7.12
6.69
7.13
7.55
7.62
7.82
8.17
8.36
8.47
8.51
8.52
8.46
8.43
8.43
8.42
8.45
8.53
8.64
8.67
8.68
8.73
8.76
8.80
8.86
8.96
9.09
9.17
9.25
9.20
8.94
8.71
8.63
8.61
8.63
8.65
8.67
8.69
8.72
8.77
8.77
8.76
8.77
8.80
8.88
9.03
9.25
9.58
10.09
10.82
11.85
12.84
13.75
14.79
15.71
15.49
14.75
14.12
13.91
13.72
13.58
13.46
13.43
13.44
13.46
13.29
13.23
13.33
13.60
13.79
14.18
14.44
14.88
15.49
15.89
16.26
16.42
16.04
16.04
16.03
16.18
16.50
16.63
16.81
17.06
17.37
17.41
17.61
17.82
17.82
302.70
304.70
307.00
308.60
310.90
311.80
313.60
315.30
316.40
317.50
318.20
318.80
319.30
319.80
319.80
320.00
319.10
318.20
315.50
310.50
302.50
298.40
295.80
293.70
292.00
291.00
289.90
289.00
288.60
288.10
288.40
287.90
286.40
285.20
284.20
282.70
280.90
279.20
276.70
274.70
273.50
274.30
272.60
267.30
260.70
253.50
246.00
239.00
231.60
224.10
216.20
207.90
199.70
191.60
184.50
177.70
171.00
164.80
158.60
152.90
146.90
140.80
134.10
127.40
120.70
114.00
107.50
100.90
94.71
88.95
83.74
78.70
74.23
69.75
65.68
61.84
58.02
53.87
49.69
45.69
41.94
38.37
34.64
31.27
27.71
24.19
21.24
18.35
15.95
13.85
11.71
9.16
7.04
6.61
7.04
7.45
7.50
7.80
8.10
8.30
8.39
8.42
8.45
8.37
8.33
8.33
8.33
8.37
8.48
8.61
8.63
8.62
8.65
8.68
8.71
8.77
8.88
9.02
9.10
9.17
9.15
8.84
8.65
8.58
8.56
8.56
8.59
8.62
8.66
8.70
8.75
8.76
8.75
8.75
8.76
8.85
9.01
9.25
9.62
10.13
10.90
12.01
13.08
14.05
15.02
16.13
16.15
15.12
14.34
14.12
14.02
13.85
13.62
13.48
13.42
13.47
13.37
13.35
13.46
13.49
13.82
14.16
14.52
15.02
15.57
15.97
16.32
16.38
16.09
16.00
15.99
16.12
16.36
16.57
16.80
16.95
17.15
17.22
17.49
17.70
17.71
302.50
304.50
306.50
308.40
309.90
311.70
313.50
314.90
315.70
316.70
317.60
318.50
319.00
319.60
319.60
319.50
318.70
317.50
314.90
310.20
302.30
298.10
295.90
293.90
292.00
290.90
289.80
289.10
288.00
287.40
287.30
286.90
286.10
285.60
284.40
283.20
281.30
280.10
278.30
276.90
275.40
276.40
276.00
271.20
264.60
257.70
250.80
243.90
237.10
230.10
222.90
215.40
207.50
199.50
191.90
184.60
177.80
171.40
165.20
158.90
152.70
145.90
138.90
131.90
124.80
118.10
111.20
104.50
98.04
92.01
86.52
81.27
76.25
71.69
67.55
63.59
59.57
55.30
51.09
46.98
43.06
39.38
35.65
32.07
28.44
24.95
21.79
18.88
16.46
14.19
11.94
9.31
7.12
6.69
7.13
7.55
7.62
7.82
8.17
8.36
8.47
8.51
8.52
8.46
8.43
8.43
8.42
8.45
8.53
8.64
8.67
8.68
8.73
8.76
8.80
8.86
8.96
9.09
9.17
9.25
9.20
8.94
8.71
8.63
8.61
8.63
8.65
8.67
8.69
8.72
8.77
8.77
8.76
8.77
8.80
8.88
9.03
9.25
9.58
10.09
10.82
11.85
12.84
13.75
14.79
15.71
15.49
14.75
14.12
13.91
13.72
13.58
13.46
13.43
13.44
13.46
13.29
13.23
13.33
13.60
13.79
14.18
14.44
14.88
15.49
15.89
16.26
16.42
16.04
16.04
16.03
16.18
16.50
16.63
16.81
17.06
17.37
17.41
17.61
17.82
17.82
302.70
304.30
306.10
307.90
309.60
311.20
312.50
313.80
314.60
315.40
316.20
317.10
317.70
317.60
317.60
317.20
316.80
315.70
313.30
308.30
300.80
296.80
293.70
292.00
290.70
289.50
288.60
288.30
287.60
287.00
286.80
286.50
286.30
286.00
285.50
285.00
283.90
282.70
282.20
281.40
280.90
282.60
282.80
278.10
272.90
267.00
260.70
255.30
249.40
243.40
236.80
229.50
222.10
214.40
207.00
200.10
193.10
186.70
180.40
173.70
166.30
158.70
150.90
142.70
134.90
127.30
119.90
112.40
105.30
98.66
92.45
86.62
81.19
76.27
71.92
67.67
63.31
58.59
54.05
49.76
45.70
41.60
37.53
33.80
29.99
26.20
22.78
19.79
17.23
14.60
11.87
8.94
7.11
7.03
7.55
7.89
7.81
8.07
8.42
8.59
8.69
8.72
8.73
8.69
8.67
8.67
8.64
8.63
8.68
8.74
8.80
8.85
8.89
8.91
8.95
9.01
9.10
9.19
9.23
9.30
9.25
9.05
8.87
8.79
8.76
8.75
8.76
8.76
8.78
8.80
8.84
8.86
8.84
8.83
8.83
8.90
9.02
9.21
9.50
9.95
10.63
11.49
12.41
13.31
14.21
14.68
14.77
14.57
14.17
13.88
13.54
13.38
13.36
13.29
13.28
13.27
13.24
13.31
13.53
13.75
14.03
14.42
14.82
15.29
15.80
16.27
16.59
16.50
16.23
16.17
16.17
16.35
16.64
16.80
17.07
17.44
17.59
17.70
17.87
18.09
18.02
302.50
303.70
305.30
306.90
308.20
309.50
310.60
311.70
312.40
313.30
314.10
314.60
314.70
314.50
314.80
313.80
313.30
312.00
309.40
303.90
296.30
292.60
290.00
288.10
286.90
285.80
285.00
284.60
284.00
283.50
283.30
283.00
283.00
282.80
282.30
281.70
281.30
280.50
279.90
280.00
280.20
284.50
283.00
279.70
275.00
270.10
265.30
260.80
256.70
251.90
246.50
240.40
234.10
227.80
221.50
215.80
210.00
204.40
198.90
193.00
185.90
178.50
170.50
162.20
154.10
145.50
136.80
128.10
119.90
112.00
104.80
97.90
91.56
85.83
80.54
75.64
70.55
65.37
60.40
55.40
50.92
46.41
41.96
37.82
33.52
29.25
25.37
22.11
19.19
15.87
12.23
8.96
7.43
7.57
8.12
8.22
8.00
8.38
8.76
8.95
9.03
9.04
9.03
8.99
8.94
8.96
8.95
8.89
8.92
8.98
9.05
9.11
9.14
9.18
9.23
9.32
9.46
9.62
9.58
9.54
9.40
9.13
8.97
8.90
8.90
8.91
8.93
8.95
8.96
8.99
9.03
9.01
8.98
8.98
8.99
9.03
9.13
9.27
9.51
9.89
10.48
11.20
11.97
12.72
13.37
13.63
13.83
13.83
13.74
13.46
13.19
13.16
13.09
13.02
12.97
12.86
12.95
13.14
13.36
13.54
13.78
14.13
14.60
15.21
15.98
16.52
16.88
16.99
16.71
16.62
16.47
16.56
16.87
17.10
17.36
17.72
17.88
18.03
18.20
18.40
18.34
302.50
303.30
304.70
305.80
306.60
307.60
308.30
309.00
309.50
309.70
310.20
310.30
310.40
310.20
309.60
308.80
308.00
306.00
303.30
297.20
290.50
286.60
284.20
282.50
281.00
279.70
278.80
278.10
277.20
276.80
276.40
276.40
276.00
275.90
275.30
274.90
274.90
274.40
274.20
274.60
275.50
278.00
277.70
275.50
271.70
267.80
264.00
260.60
257.00
253.30
249.00
244.20
238.90
233.70
229.30
225.20
221.30
217.40
213.40
208.70
202.90
196.60
189.80
182.50
175.10
167.30
159.30
151.30
143.00
135.20
127.00
119.20
111.70
104.80
97.61
90.52
83.19
76.20
69.83
63.95
58.53
53.25
48.05
43.01
37.96
33.08
28.83
25.30
21.40
16.58
11.86
8.70
7.94
8.47
8.73
8.30
8.34
8.91
9.23
9.35
9.37
9.39
9.38
9.34
9.23
9.21
9.17
9.13
9.14
9.19
9.26
9.30
9.34
9.36
9.37
9.40
9.48
9.54
9.62
9.69
9.62
9.35
9.19
9.13
9.11
9.11
9.11
9.12
9.14
9.18
9.21
9.20
9.18
9.16
9.17
9.21
9.31
9.45
9.66
10.01
10.53
11.16
11.82
12.41
12.88
13.04
13.13
13.04
12.87
12.63
12.49
12.43
12.40
12.37
12.38
12.46
12.58
12.80
13.03
13.30
13.72
14.22
14.77
15.32
16.04
16.67
17.07
17.18
17.13
17.01
16.66
16.84
17.19
17.46
17.71
17.99
18.14
18.28
18.41
18.56
18.62
302.40
302.40
303.50
304.00
304.60
305.60
305.40
305.40
305.50
305.50
305.40
304.90
304.70
304.00
303.10
302.10
300.90
299.00
295.40
289.00
282.70
279.20
276.70
274.70
272.90
271.30
270.00
269.20
268.10
267.20
266.70
266.40
265.70
265.50
264.80
264.20
264.10
263.70
263.40
263.70
264.30
267.00
266.50
264.10
261.10
257.70
254.50
251.30
248.20
244.90
241.10
237.30
232.80
229.10
225.40
221.80
218.30
215.00
211.80
207.90
202.80
197.40
191.20
184.50
177.80
170.90
163.70
157.10
150.00
142.90
136.00
128.90
122.20
116.00
108.90
101.70
93.63
85.59
77.98
70.82
64.27
57.96
52.01
46.64
41.42
36.08
31.55
27.70
22.80
16.77
11.46
8.65
8.54
9.13
8.95
8.38
8.72
9.30
9.56
9.61
9.60
9.64
9.71
9.58
9.37
9.32
9.27
9.28
9.33
9.39
9.45
9.50
9.52
9.54
9.56
9.60
9.68
9.74
9.81
9.81
9.63
9.40
9.25
9.22
9.22
9.23
9.23
9.25
9.28
9.32
9.34
9.31
9.29
9.30
9.32
9.38
9.47
9.60
9.80
10.10
10.58
11.10
11.63
12.13
12.47
12.63
12.62
12.48
12.30
12.11
12.00
11.97
11.95
11.99
12.07
12.15
12.29
12.44
12.65
12.92
13.39
14.02
14.79
15.54
16.40
16.90
17.12
17.41
17.57
17.17
16.89
17.07
17.38
17.63
17.88
18.15
18.30
18.48
18.59
18.75
18.77
303.50
303.30
303.70
303.70
303.80
304.10
303.70
302.80
302.30
301.90
301.00
300.30
299.10
298.40
297.00
295.30
293.90
291.30
287.60
281.10
274.90
271.10
268.30
265.90
263.50
261.70
260.10
259.10
258.30
257.20
256.10
255.60
255.00
254.20
253.30
252.70
252.20
252.00
251.70
251.50
252.00
253.70
253.10
251.00
247.70
244.60
241.70
238.70
235.70
232.50
228.90
224.70
220.40
216.60
213.10
209.90
206.60
203.70
200.30
196.70
192.50
187.30
181.50
175.70
169.40
162.60
156.10
149.70
143.20
136.70
130.30
123.70
117.90
112.30
106.30
99.69
92.36
84.69
77.21
69.84
63.11
56.93
51.09
45.67
40.47
35.62
31.16
27.00
21.46
15.20
10.31
8.29
8.77
9.13
8.67
8.39
8.95
9.41
9.58
9.54
9.53
9.63
9.62
9.42
9.21
9.17
9.19
9.26
9.32
9.38
9.45
9.49
9.51
9.52
9.53
9.57
9.63
9.69
9.75
9.72
9.55
9.33
9.21
9.17
9.16
9.17
9.19
9.22
9.26
9.29
9.32
9.30
9.29
9.29
9.31
9.39
9.50
9.66
9.88
10.21
10.69
11.20
11.72
12.20
12.59
12.78
12.70
12.51
12.34
12.21
12.14
12.10
12.11
12.19
12.31
12.45
12.61
12.82
13.08
13.43
13.93
14.63
15.35
16.31
17.28
17.74
17.95
18.31
18.24
17.86
17.59
17.73
17.96
18.14
18.37
18.57
18.71
18.82
18.85
18.95
18.98
302.40
301.70
301.40
300.70
300.30
299.40
298.50
297.60
296.70
295.60
294.40
292.60
291.00
289.30
287.80
285.80
283.70
280.70
276.80
269.10
263.10
258.80
255.70
252.90
250.50
248.20
246.30
244.50
243.00
241.80
240.70
239.40
238.30
237.50
236.40
235.20
234.50
233.40
232.60
232.30
233.10
234.20
232.70
230.40
227.30
224.10
221.40
218.20
214.90
211.90
208.40
204.50
200.70
196.90
193.60
190.20
187.20
184.10
180.50
176.60
172.10
167.00
161.80
156.00
150.20
144.20
138.20
131.80
125.40
119.20
113.20
107.30
101.70
96.54
90.88
84.80
78.60
72.35
66.44
60.78
55.21
49.90
45.16
40.40
35.67
31.10
27.52
23.64
18.58
12.99
8.82
7.83
8.41
8.63
8.27
8.29
8.87
9.21
9.32
9.27
9.26
9.38
9.31
9.08
8.92
8.91
8.97
9.06
9.14
9.21
9.25
9.30
9.33
9.35
9.36
9.38
9.42
9.45
9.51
9.46
9.30
9.11
9.02
8.99
8.99
8.99
9.00
9.04
9.08
9.12
9.14
9.13
9.13
9.13
9.17
9.28
9.43
9.64
9.96
10.41
10.97
11.53
12.02
12.51
12.83
12.90
12.70
12.50
12.33
12.23
12.16
12.12
12.11
12.14
12.20
12.27
12.38
12.56
12.79
13.14
13.70
14.33
15.08
15.92
16.55
16.85
16.93
17.35
17.35
17.31
17.34
17.67
17.89
18.07
18.32
18.52
18.57
18.63
18.68
18.71
18.76
302.50
301.20
300.30
298.80
297.90
296.90
295.30
293.50
292.00
290.10
288.40
286.70
284.50
282.20
280.20
277.50
274.70
271.10
266.40
259.00
252.40
247.90
244.00
240.70
237.40
234.50
232.20
230.10
228.10
226.30
224.50
222.80
221.20
219.60
217.80
216.30
214.80
213.30
212.00
211.10
211.40
211.60
209.80
207.10
204.20
201.00
197.80
194.50
190.80
187.20
183.50
179.40
175.40
171.50
167.80
164.40
161.10
157.90
154.60
150.60
146.20
141.50
136.30
131.10
125.30
119.80
114.00
108.30
102.40
96.83
91.32
86.01
81.29
76.61
72.09
67.43
62.63
57.95
53.33
49.03
44.88
40.76
36.87
33.29
29.76
26.08
23.11
19.99
15.90
11.34
7.80
7.29
7.82
8.03
7.83
7.97
8.50
8.79
8.86
8.80
8.84
8.84
8.83
8.62
8.50
8.54
8.62
8.72
8.82
8.89
8.95
9.02
9.05
9.06
9.07
9.07
9.07
9.08
9.11
9.07
8.93
8.76
8.68
8.69
8.69
8.70
8.72
8.76
8.79
8.82
8.83
8.82
8.83
8.85
8.92
9.04
9.21
9.46
9.83
10.36
11.02
11.69
12.32
13.01
13.54
13.38
13.12
12.93
12.87
12.68
12.58
12.52
12.51
12.52
12.55
12.56
12.65
12.79
13.07
13.48
14.05
14.59
15.01
15.97
16.92
16.90
16.51
16.86
17.15
17.38
17.42
17.71
18.00
18.14
18.27
18.49
18.53
18.54
18.58
18.57
18.63
302.50
300.70
299.10
297.40
295.80
294.00
291.80
289.80
287.30
285.10
283.00
280.40
277.90
275.10
272.10
269.00
265.50
261.30
255.50
246.90
240.90
236.20
231.70
227.90
224.00
220.90
217.60
214.80
212.10
209.40
207.10
204.80
202.50
200.30
198.00
195.90
193.80
192.20
190.30
188.80
188.50
187.20
185.10
182.40
179.20
175.70
172.30
168.70
164.90
161.00
157.10
153.10
149.10
145.50
141.80
138.30
134.80
131.50
128.00
124.30
120.40
116.00
111.60
106.90
102.20
97.36
92.34
87.54
82.70
78.19
73.83
69.71
65.85
62.17
58.56
55.08
51.34
47.59
44.00
40.52
37.08
33.82
30.72
27.74
24.75
21.65
19.20
16.63
13.28
9.51
6.86
6.96
7.40
7.55
7.43
7.69
8.10
8.30
8.35
8.29
8.31
8.33
8.35
8.17
8.10
8.14
8.22
8.32
8.41
8.52
8.62
8.72
8.79
8.83
8.85
8.88
8.87
8.81
8.75
8.70
8.50
8.36
8.32
8.31
8.32
8.34
8.37
8.41
8.44
8.47
8.49
8.49
8.50
8.54
8.65
8.82
9.04
9.35
9.77
10.35
11.03
11.64
12.23
13.08
13.51
13.40
13.16
13.04
13.05
12.96
12.87
12.82
12.82
12.82
12.84
12.84
12.91
13.09
13.37
13.70
14.17
14.81
15.27
15.63
16.06
16.06
15.92
16.70
17.08
17.34
17.46
17.79
18.02
18.09
18.17
18.32
18.29
18.26
18.32
18.31
18.33
302.70
300.60
298.60
296.60
294.60
292.10
289.60
286.90
284.40
281.50
278.70
276.00
272.50
269.10
265.60
261.70
257.80
253.10
247.40
238.90
231.90
226.30
221.10
216.50
212.20
208.20
204.80
201.40
198.50
195.60
192.90
190.40
187.90
185.20
182.90
180.60
178.20
175.90
173.90
172.10
171.00
169.40
167.20
164.50
161.60
158.00
154.50
150.80
147.10
143.30
139.50
135.70
132.10
128.50
125.10
121.80
118.80
115.80
112.80
109.50
106.20
102.60
98.72
94.62
90.33
86.06
81.79
77.49
73.38
69.42
65.60
61.91
58.61
55.50
52.36
49.25
45.96
42.63
39.42
36.32
33.34
30.43
27.74
25.02
22.21
19.47
17.24
15.05
12.12
8.82
6.44
6.67
7.10
7.26
7.15
7.38
7.74
7.90
7.90
7.87
7.89
7.91
7.94
7.80
7.73
7.76
7.81
7.89
7.98
8.10
8.23
8.34
8.41
8.45
8.44
8.42
8.37
8.33
8.33
8.30
8.19
8.04
8.00
8.02
8.02
8.04
8.07
8.11
8.13
8.16
8.19
8.20
8.23
8.30
8.43
8.62
8.87
9.20
9.66
10.24
10.96
11.60
12.17
12.89
13.47
13.23
12.87
12.69
12.70
12.54
12.50
12.52
12.57
12.62
12.69
12.71
12.78
12.97
13.30
13.68
14.20
14.61
15.01
15.47
15.99
16.09
15.97
16.37
16.83
17.17
17.27
17.62
17.86
17.88
18.02
18.18
18.10
17.94
18.01
18.03
18.03
302.50
300.30
297.90
295.80
293.60
290.50
287.80
284.80
281.90
278.70
275.60
272.00
268.40
264.70
260.40
256.40
251.70
246.70
240.00
231.30
224.40
218.60
213.00
208.10
203.70
199.90
196.40
192.70
189.70
186.80
183.80
181.20
178.50
175.80
173.20
170.40
168.20
166.00
163.70
161.80
160.70
158.80
156.60
154.00
150.90
147.50
144.10
140.50
136.90
133.40
129.80
126.50
123.20
120.20
116.90
113.60
110.70
108.00
105.10
102.20
99.05
95.74
92.09
88.17
84.15
80.09
76.13
72.29
68.45
64.75
61.27
57.86
54.74
51.73
48.83
45.98
42.89
39.79
36.71
33.89
31.05
28.49
25.88
23.27
20.68
18.16
16.13
13.93
11.17
8.05
6.23
6.58
6.97
7.08
6.94
7.25
7.50
7.62
7.64
7.60
7.61
7.65
7.69
7.56
7.49
7.49
7.54
7.60
7.70
7.85
7.99
8.12
8.21
8.27
8.28
8.27
8.21
8.15
8.15
8.09
7.94
7.80
7.76
7.77
7.79
7.82
7.86
7.89
7.92
7.95
7.99
8.02
8.08
8.18
8.35
8.58
8.86
9.22
9.68
10.24
10.96
11.51
11.97
12.53
12.94
12.55
12.26
12.08
12.12
12.17
12.15
12.15
12.17
12.24
12.28
12.33
12.34
12.60
12.96
13.30
13.74
14.24
14.71
15.45
15.95
15.97
15.83
16.34
16.80
17.03
17.12
17.52
17.68
17.71
17.87
17.95
17.84
17.64
17.75
17.79
17.81
302.70
300.50
297.90
295.60
293.70
290.80
287.40
284.70
281.50
277.70
274.20
271.00
266.90
263.20
259.30
255.60
250.80
245.50
238.50
229.60
222.40
216.40
210.80
205.90
201.40
197.60
193.90
190.50
187.40
184.30
181.30
178.40
175.70
173.30
170.50
167.70
165.50
163.10
160.90
159.00
157.80
155.70
153.60
151.30
148.40
145.10
141.60
138.00
134.60
131.00
127.70
124.30
121.20
118.10
115.20
112.20
109.30
106.50
103.80
100.90
97.81
94.50
90.87
87.14
83.21
79.24
75.16
71.31
67.49
63.91
60.44
57.14
54.04
51.04
48.17
45.35
42.32
39.27
36.34
33.50
30.68
28.28
25.80
23.18
20.61
18.03
15.99
13.86
11.14
8.12
6.14
6.49
6.89
7.00
6.88
7.16
7.41
7.53
7.53
7.51
7.52
7.56
7.59
7.47
7.40
7.41
7.47
7.53
7.61
7.75
7.90
8.04
8.15
8.20
8.20
8.17
8.12
8.05
8.05
8.01
7.87
7.71
7.68
7.71
7.74
7.76
7.80
7.83
7.87
7.90
7.94
7.97
8.04
8.15
8.31
8.54
8.82
9.17
9.64
10.20
10.86
11.45
11.88
12.34
13.04
13.02
12.52
12.23
12.14
12.14
12.16
12.14
12.14
12.22
12.18
12.13
12.26
12.56
12.87
13.21
13.68
14.13
14.60
15.23
15.82
15.86
15.82
16.28
16.70
16.92
16.97
17.30
17.53
17.61
17.96
17.95
17.80
17.52
17.63
17.64
17.72
302.50
300.30
297.90
295.80
293.60
290.50
287.80
284.80
281.90
278.70
275.60
272.00
268.40
264.70
260.40
256.40
251.70
246.70
240.00
231.30
224.40
218.60
213.00
208.10
203.70
199.90
196.40
192.70
189.70
186.80
183.80
181.20
178.50
175.80
173.20
170.40
168.20
166.00
163.70
161.80
160.70
158.80
156.60
154.00
150.90
147.50
144.10
140.50
136.90
133.40
129.80
126.50
123.20
120.20
116.90
113.60
110.70
108.00
105.10
102.20
99.05
95.74
92.09
88.17
84.15
80.09
76.13
72.29
68.45
64.75
61.27
57.86
54.74
51.73
48.83
45.98
42.89
39.79
36.71
33.89
31.05
28.49
25.88
23.27
20.68
18.16
16.13
13.93
11.17
8.05
6.23
6.58
6.97
7.08
6.94
7.25
7.50
7.62
7.64
7.60
7.61
7.65
7.69
7.56
7.49
7.49
7.54
7.60
7.70
7.85
7.99
8.12
8.21
8.27
8.28
8.27
8.21
8.15
8.15
8.09
7.94
7.80
7.76
7.77
7.79
7.82
7.86
7.89
7.92
7.95
7.99
8.02
8.08
8.18
8.35
8.58
8.86
9.22
9.68
10.24
10.96
11.51
11.97
12.53
12.94
12.55
12.26
12.08
12.12
12.17
12.15
12.15
12.17
12.24
12.28
12.33
12.34
12.60
12.96
13.30
13.74
14.24
14.71
15.45
15.95
15.97
15.83
16.34
16.80
17.03
17.12
17.52
17.68
17.71
17.87
17.95
17.84
17.64
17.75
17.79
17.81
302.70
300.60
298.60
296.60
294.60
292.10
289.60
286.90
284.40
281.50
278.70
276.00
272.50
269.10
265.60
261.70
257.80
253.10
247.40
238.90
231.90
226.30
221.10
216.50
212.20
208.20
204.80
201.40
198.50
195.60
192.90
190.40
187.90
185.20
182.90
180.60
178.20
175.90
173.90
172.10
171.00
169.40
167.20
164.50
161.60
158.00
154.50
150.80
147.10
143.30
139.50
135.70
132.10
128.50
125.10
121.80
118.80
115.80
112.80
109.50
106.20
102.60
98.72
94.62
90.33
86.06
81.79
77.49
73.38
69.42
65.60
61.91
58.61
55.50
52.36
49.25
45.96
42.63
39.42
36.32
33.34
30.43
27.74
25.02
22.21
19.47
17.24
15.05
12.12
8.82
6.44
6.67
7.10
7.26
7.15
7.38
7.74
7.90
7.90
7.87
7.89
7.91
7.94
7.80
7.73
7.76
7.81
7.89
7.98
8.10
8.23
8.34
8.41
8.45
8.44
8.42
8.37
8.33
8.33
8.30
8.19
8.04
8.00
8.02
8.02
8.04
8.07
8.11
8.13
8.16
8.19
8.20
8.23
8.30
8.43
8.62
8.87
9.20
9.66
10.24
10.96
11.60
12.17
12.89
13.47
13.23
12.87
12.69
12.70
12.54
12.50
12.52
12.57
12.62
12.69
12.71
12.78
12.97
13.30
13.68
14.20
14.61
15.01
15.47
15.99
16.09
15.97
16.37
16.83
17.17
17.27
17.62
17.86
17.88
18.02
18.18
18.10
17.94
18.01
18.03
18.03
302.50
300.70
299.10
297.40
295.80
294.00
291.80
289.80
287.30
285.10
283.00
280.40
277.90
275.10
272.10
269.00
265.50
261.30
255.50
246.90
240.90
236.20
231.70
227.90
224.00
220.90
217.60
214.80
212.10
209.40
207.10
204.80
202.50
200.30
198.00
195.90
193.80
192.20
190.30
188.80
188.50
187.20
185.10
182.40
179.20
175.70
172.30
168.70
164.90
161.00
157.10
153.10
149.10
145.50
141.80
138.30
134.80
131.50
128.00
124.30
120.40
116.00
111.60
106.90
102.20
97.36
92.34
87.54
82.70
78.19
73.83
69.71
65.85
62.17
58.56
55.08
51.34
47.59
44.00
40.52
37.08
33.82
30.72
27.74
24.75
21.65
19.20
16.63
13.28
9.51
6.86
6.96
7.40
7.55
7.43
7.69
8.10
8.30
8.35
8.29
8.31
8.33
8.35
8.17
8.10
8.14
8.22
8.32
8.41
8.52
8.62
8.72
8.79
8.83
8.85
8.88
8.87
8.81
8.75
8.70
8.50
8.36
8.32
8.31
8.32
8.34
8.37
8.41
8.44
8.47
8.49
8.49
8.50
8.54
8.65
8.82
9.04
9.35
9.77
10.35
11.03
11.64
12.23
13.08
13.51
13.40
13.16
13.04
13.05
12.96
12.87
12.82
12.82
12.82
12.84
12.84
12.91
13.09
13.37
13.70
14.17
14.81
15.27
15.63
16.06
16.06
15.92
16.70
17.08
17.34
17.46
17.79
18.02
18.09
18.17
18.32
18.29
18.26
18.32
18.31
18.33
302.50
301.20
300.30
298.80
297.90
296.90
295.30
293.50
292.00
290.10
288.40
286.70
284.50
282.20
280.20
277.50
274.70
271.10
266.40
259.00
252.40
247.90
244.00
240.70
237.40
234.50
232.20
230.10
228.10
226.30
224.50
222.80
221.20
219.60
217.80
216.30
214.80
213.30
212.00
211.10
211.40
211.60
209.80
207.10
204.20
201.00
197.80
194.50
190.80
187.20
183.50
179.40
175.40
171.50
167.80
164.40
161.10
157.90
154.60
150.60
146.20
141.50
136.30
131.10
125.30
119.80
114.00
108.30
102.40
96.83
91.32
86.01
81.29
76.61
72.09
67.43
62.63
57.95
53.33
49.03
44.88
40.76
36.87
33.29
29.76
26.08
23.11
19.99
15.90
11.34
7.80
7.29
7.82
8.03
7.83
7.97
8.50
8.79
8.86
8.80
8.84
8.84
8.83
8.62
8.50
8.54
8.62
8.72
8.82
8.89
8.95
9.02
9.05
9.06
9.07
9.07
9.07
9.08
9.11
9.07
8.93
8.76
8.68
8.69
8.69
8.70
8.72
8.76
8.79
8.82
8.83
8.82
8.83
8.85
8.92
9.04
9.21
9.46
9.83
10.36
11.02
11.69
12.32
13.01
13.54
13.38
13.12
12.93
12.87
12.68
12.58
12.52
12.51
12.52
12.55
12.56
12.65
12.79
13.07
13.48
14.05
14.59
15.01
15.97
16.92
16.90
16.51
16.86
17.15
17.38
17.42
17.71
18.00
18.14
18.27
18.49
18.53
18.54
18.58
18.57
18.63
302.40
301.70
301.40
300.70
300.30
299.40
298.50
297.60
296.70
295.60
294.40
292.60
291.00
289.30
287.80
285.80
283.70
280.70
276.80
269.10
263.10
258.80
255.70
252.90
250.50
248.20
246.30
244.50
243.00
241.80
240.70
239.40
238.30
237.50
236.40
235.20
234.50
233.40
232.60
232.30
233.10
234.20
232.70
230.40
227.30
224.10
221.40
218.20
214.90
211.90
208.40
204.50
200.70
196.90
193.60
190.20
187.20
184.10
180.50
176.60
172.10
167.00
161.80
156.00
150.20
144.20
138.20
131.80
125.40
119.20
113.20
107.30
101.70
96.54
90.88
84.80
78.60
72.35
66.44
60.78
55.21
49.90
45.16
40.40
35.67
31.10
27.52
23.64
18.58
12.99
8.82
7.83
8.41
8.63
8.27
8.29
8.87
9.21
9.32
9.27
9.26
9.38
9.31
9.08
8.92
8.91
8.97
9.06
9.14
9.21
9.25
9.30
9.33
9.35
9.36
9.38
9.42
9.45
9.51
9.46
9.30
9.11
9.02
8.99
8.99
8.99
9.00
9.04
9.08
9.12
9.14
9.13
9.13
9.13
9.17
9.28
9.43
9.64
9.96
10.41
10.97
11.53
12.02
12.51
12.83
12.90
12.70
12.50
12.33
12.23
12.16
12.12
12.11
12.14
12.20
12.27
12.38
12.56
12.79
13.14
13.70
14.33
15.08
15.92
16.55
16.85
16.93
17.35
17.35
17.31
17.34
17.67
17.89
18.07
18.32
18.52
18.57
18.63
18.68
18.71
18.76
