SALVI
1
0
24
15.0
181
1.0
240208 Icon Y22 F3T3 300 TRANS S
ICON Y22 F3T3 300 TRANS S

ICON-Y22-F3T3-PMMAS.ldt
4 Mar? 2024/TB
570
0
435
500
60
0
0
0
0
95.06
100.00
1.00
0.00
1
1
Y22
5467.30
3000
70
41.40
0.19
0.26
0.33
0.40
0.45
0.54
0.59
0.64
0.71
0.75
0.00
15.00
30.00
45.00
60.00
75.00
90.00
105.00
120.00
135.00
150.00
165.00
180.00
195.00
210.00
225.00
240.00
255.00
270.00
285.00
300.00
315.00
330.00
345.00
0.00
1.00
2.00
3.00
4.00
5.00
6.00
7.00
8.00
9.00
10.00
11.00
12.00
13.00
14.00
15.00
16.00
17.00
18.00
19.00
20.00
21.00
22.00
23.00
24.00
25.00
26.00
27.00
28.00
29.00
30.00
31.00
32.00
33.00
34.00
35.00
36.00
37.00
38.00
39.00
40.00
41.00
42.00
43.00
44.00
45.00
46.00
47.00
48.00
49.00
50.00
51.00
52.00
53.00
54.00
55.00
56.00
57.00
58.00
59.00
60.00
61.00
62.00
63.00
64.00
65.00
66.00
67.00
68.00
69.00
70.00
71.00
72.00
73.00
74.00
75.00
76.00
77.00
78.00
79.00
80.00
81.00
82.00
83.00
84.00
85.00
86.00
87.00
88.00
89.00
90.00
91.00
92.00
93.00
94.00
95.00
96.00
97.00
98.00
99.00
100.00
101.00
102.00
103.00
104.00
105.00
106.00
107.00
108.00
109.00
110.00
111.00
112.00
113.00
114.00
115.00
116.00
117.00
118.00
119.00
120.00
121.00
122.00
123.00
124.00
125.00
126.00
127.00
128.00
129.00
130.00
131.00
132.00
133.00
134.00
135.00
136.00
137.00
138.00
139.00
140.00
141.00
142.00
143.00
144.00
145.00
146.00
147.00
148.00
149.00
150.00
151.00
152.00
153.00
154.00
155.00
156.00
157.00
158.00
159.00
160.00
161.00
162.00
163.00
164.00
165.00
166.00
167.00
168.00
169.00
170.00
171.00
172.00
173.00
174.00
175.00
176.00
177.00
178.00
179.00
180.00
209.10
208.20
205.00
206.00
205.10
205.00
205.30
204.40
203.20
204.00
203.00
202.10
202.20
200.50
201.30
201.30
198.70
197.70
196.10
186.80
178.90
177.40
173.90
171.10
169.70
168.70
169.10
169.50
167.20
166.50
167.20
168.30
163.40
164.20
162.80
162.20
162.80
162.90
161.80
161.20
162.40
181.50
174.00
169.50
171.40
169.40
170.50
170.60
171.30
172.90
171.40
170.60
165.20
167.00
171.10
174.20
173.80
175.90
178.50
183.60
186.30
186.60
191.20
196.10
196.90
193.80
201.80
210.50
226.80
241.10
260.50
307.80
328.60
356.70
373.60
368.50
370.20
373.60
366.90
324.80
247.80
182.10
120.30
84.81
58.14
41.32
28.45
17.88
8.09
5.23
4.86
4.70
4.59
4.54
4.56
4.61
4.71
4.85
5.03
5.30
5.43
5.40
5.22
5.14
5.10
5.05
5.02
4.97
4.91
4.88
4.82
4.76
4.68
4.61
4.54
4.49
4.46
4.66
5.25
5.85
5.36
4.60
4.48
4.50
4.48
4.49
4.51
4.54
4.56
4.57
4.64
4.60
4.56
4.52
4.51
4.52
4.53
4.54
4.56
4.62
7.71
8.85
8.87
9.37
16.49
27.29
16.67
13.17
12.08
11.19
10.33
10.60
9.70
9.00
8.99
9.04
8.83
9.30
9.23
10.40
11.58
13.70
16.01
18.02
20.35
22.82
26.38
27.62
29.81
25.91
18.96
22.05
25.34
27.38
28.38
28.04
28.20
28.32
27.69
27.31
27.30
208.20
207.10
206.60
205.40
206.60
207.10
208.30
205.50
205.40
204.80
205.40
205.70
206.40
204.20
202.70
203.90
202.80
204.70
198.30
186.80
184.10
179.50
177.70
174.70
173.90
174.50
170.90
170.80
169.50
171.10
167.60
165.30
165.90
166.40
163.70
165.90
166.60
165.50
163.60
162.10
162.90
180.30
175.30
173.90
172.60
172.60
171.20
172.10
172.10
174.00
170.50
165.10
164.90
166.40
167.70
172.70
171.60
176.70
176.40
182.10
182.60
186.00
187.10
193.00
195.30
194.70
202.70
212.00
219.30
229.90
253.30
290.70
344.70
410.30
444.90
463.90
486.70
497.60
489.20
428.70
334.80
246.20
157.20
115.70
74.48
50.69
35.86
24.36
8.15
5.47
5.10
4.85
4.71
4.66
4.68
4.72
4.80
4.92
5.06
5.28
5.43
5.37
5.19
5.11
5.05
5.00
4.96
4.92
4.88
4.82
4.78
4.73
4.66
4.58
4.51
4.46
4.47
4.67
5.31
5.93
5.17
4.54
4.47
4.44
4.42
4.44
4.46
4.49
4.51
4.53
4.65
4.51
4.48
4.46
4.46
4.46
4.47
4.48
4.50
4.56
7.70
7.41
7.77
9.26
20.08
24.35
19.71
16.57
17.96
19.67
15.94
14.02
13.87
12.71
11.74
11.58
10.93
11.35
11.58
12.98
13.73
14.87
16.45
17.57
19.55
22.10
21.95
23.71
26.90
19.73
17.98
21.35
24.64
26.49
26.89
27.04
28.21
27.63
27.18
26.70
27.22
208.10
207.50
207.80
206.60
207.20
207.50
208.90
207.00
209.70
210.50
209.00
206.60
207.90
207.80
205.50
209.10
208.30
205.80
202.70
187.20
184.00
183.90
179.60
176.60
177.10
175.00
174.80
174.60
172.90
172.80
170.80
173.80
171.10
171.10
173.20
172.20
172.80
170.50
170.80
169.10
177.30
186.90
186.50
185.90
180.80
180.90
181.20
184.10
185.80
183.90
182.70
178.90
180.00
183.40
186.10
193.40
196.50
204.40
210.40
220.10
221.00
227.90
239.40
249.90
261.80
272.70
287.60
305.70
313.10
313.00
318.50
324.30
335.80
356.20
355.70
350.20
329.30
296.80
272.10
213.60
149.70
101.20
67.82
41.51
31.58
23.17
18.18
11.38
5.70
4.73
4.56
4.37
4.29
4.27
4.31
4.37
4.47
4.57
4.72
4.90
5.00
4.91
4.76
4.72
4.68
4.65
4.62
4.59
4.55
4.51
4.46
4.42
4.36
4.29
4.23
4.18
4.15
4.17
4.89
5.82
4.96
4.39
4.34
4.23
4.22
4.23
4.25
4.26
4.28
4.38
4.39
4.32
4.30
4.28
4.28
4.28
4.29
4.31
4.33
4.46
6.93
7.86
8.60
9.84
14.53
32.20
29.68
25.19
23.63
24.72
21.25
19.50
18.98
17.73
16.46
16.15
15.55
15.74
14.98
15.35
17.82
18.82
19.70
21.85
23.65
24.95
21.26
18.04
20.43
18.58
19.22
22.23
24.59
25.77
26.15
26.41
27.38
25.79
25.72
25.49
25.72
208.10
207.20
209.10
208.20
209.40
210.00
211.50
209.50
209.90
211.10
210.40
210.40
208.20
210.40
209.90
209.40
211.60
208.30
202.50
190.80
187.10
185.40
186.90
182.60
180.40
180.00
180.90
182.80
178.90
180.40
181.30
182.30
179.00
183.40
179.80
178.90
183.20
184.50
182.70
182.80
188.90
201.50
199.70
198.00
201.90
200.00
203.70
204.40
208.70
213.90
212.60
216.20
214.60
223.00
225.50
235.60
241.60
259.40
272.90
275.60
282.90
280.60
279.90
278.00
269.50
260.10
249.40
243.20
230.90
215.20
206.00
181.80
148.90
107.50
67.77
39.01
27.71
22.93
20.29
18.38
16.67
14.73
12.83
11.19
10.02
8.98
8.27
5.67
4.31
3.94
3.88
3.80
3.74
3.78
3.86
3.96
4.07
4.18
4.30
4.41
4.47
4.36
4.26
4.24
4.21
4.21
4.19
4.16
4.13
4.10
4.07
4.04
3.99
3.92
3.89
3.89
4.20
5.23
5.05
4.97
4.23
3.95
3.95
3.96
3.98
4.00
4.03
4.05
4.08
4.24
4.16
4.11
4.10
4.10
4.10
4.12
4.15
4.17
4.20
4.34
6.68
7.90
8.24
10.15
18.83
32.38
36.49
28.49
33.16
26.80
23.02
22.58
20.97
19.96
19.75
18.48
17.03
17.70
17.12
17.47
20.43
21.30
23.62
24.66
24.09
25.02
22.09
20.46
19.15
19.44
20.88
22.32
22.68
23.79
25.02
24.78
24.25
23.79
24.44
23.97
24.58
208.60
206.90
208.60
208.90
208.80
210.40
211.30
212.10
212.90
213.00
214.00
211.00
210.40
212.80
207.40
211.80
212.70
211.10
201.60
192.10
192.60
191.30
188.50
189.80
187.80
188.60
187.50
188.50
187.80
188.50
188.50
190.20
191.00
191.30
189.90
194.00
190.70
193.40
195.50
199.40
216.50
222.00
221.60
220.20
225.70
225.90
230.80
235.60
235.90
246.50
246.00
246.10
244.20
255.20
260.10
265.80
269.00
272.90
268.30
257.50
248.50
236.40
225.40
208.80
184.70
161.60
124.70
83.40
55.29
38.08
27.62
22.84
20.95
19.62
18.43
17.35
16.26
15.14
14.01
13.17
12.14
10.80
9.84
8.88
8.01
7.39
6.69
4.74
3.82
3.59
3.56
3.49
3.46
3.50
3.60
3.71
3.81
3.90
3.98
4.04
4.05
3.96
3.91
3.88
3.86
3.85
3.85
3.82
3.80
3.78
3.76
3.73
3.69
3.63
3.60
3.58
3.58
3.90
4.51
4.90
4.41
3.88
3.82
3.80
3.79
3.81
3.84
3.86
3.89
4.04
4.06
3.95
3.94
3.93
3.94
3.96
3.98
4.00
4.04
4.15
7.36
8.38
7.80
10.75
25.09
36.43
33.58
34.14
34.86
37.31
25.98
24.73
25.89
23.91
21.76
20.89
20.91
21.56
19.79
21.69
22.46
22.93
20.78
22.70
21.95
21.69
24.45
24.68
21.43
20.51
20.66
21.54
21.64
22.47
22.66
23.57
23.57
22.16
23.52
23.18
23.55
208.50
207.80
209.30
207.60
210.80
211.00
210.80
210.10
212.00
212.30
212.20
213.00
214.60
214.90
212.50
214.90
210.90
212.30
203.20
196.40
195.80
194.80
194.50
194.70
194.00
194.90
192.50
191.90
193.10
193.50
194.30
195.20
198.90
198.10
197.40
202.50
202.80
206.50
210.40
214.30
232.20
231.70
238.90
234.30
243.20
242.40
250.50
255.10
260.60
263.00
262.30
263.00
267.50
267.70
269.00
260.30
253.40
249.60
243.40
227.10
206.20
186.50
160.50
118.50
76.69
48.83
36.89
28.89
24.21
21.27
19.71
18.77
17.96
17.00
16.00
14.98
14.01
13.22
12.38
11.54
10.71
9.72
8.97
8.21
7.54
6.98
6.28
4.45
3.61
3.39
3.36
3.32
3.31
3.37
3.46
3.58
3.67
3.74
3.80
3.82
3.79
3.71
3.68
3.65
3.63
3.63
3.62
3.60
3.58
3.57
3.55
3.53
3.49
3.45
3.44
3.44
3.47
3.96
4.76
4.79
4.18
3.80
3.69
3.68
3.71
3.73
3.76
3.78
3.81
4.01
3.95
3.84
3.84
3.84
3.86
3.90
3.93
3.94
4.01
4.19
6.73
9.93
10.92
18.09
25.14
36.59
30.70
29.63
26.34
23.51
27.71
25.29
22.62
21.41
20.88
20.25
19.47
18.85
17.67
17.98
19.87
20.18
19.95
20.45
20.40
21.42
21.10
19.10
19.35
19.37
19.88
21.32
21.49
21.15
21.49
22.56
22.72
21.84
22.79
22.39
23.12
208.80
208.90
209.60
210.40
213.10
212.10
212.30
210.90
215.40
209.50
213.50
213.40
214.60
213.90
215.10
213.80
211.90
209.70
202.30
197.90
195.10
199.00
194.40
196.60
194.10
194.50
192.80
195.90
194.00
195.90
198.40
199.00
200.40
202.60
201.60
208.50
207.90
213.60
215.60
220.40
235.70
247.70
245.20
246.70
251.70
253.30
255.50
266.90
267.00
259.70
272.50
271.80
272.60
270.40
262.80
258.40
253.00
241.70
233.90
213.20
190.60
162.90
114.80
73.97
55.83
37.90
30.51
25.41
22.35
20.42
18.99
17.86
17.34
16.21
15.19
14.10
13.21
12.41
11.71
11.14
10.53
9.32
8.64
7.99
7.31
6.83
6.12
4.18
3.51
3.35
3.32
3.27
3.26
3.32
3.42
3.53
3.62
3.67
3.73
3.74
3.70
3.65
3.62
3.60
3.59
3.58
3.57
3.55
3.54
3.53
3.52
3.49
3.45
3.41
3.39
3.39
3.39
3.96
4.39
4.72
4.01
3.84
3.67
3.64
3.66
3.68
3.71
3.73
3.76
4.06
3.91
3.82
3.81
3.80
3.81
3.84
3.87
3.88
3.93
4.29
7.83
10.97
12.74
20.14
31.39
26.26
35.39
29.14
21.21
19.12
21.33
20.28
19.73
19.95
17.27
14.74
14.89
16.37
17.24
19.69
20.68
17.16
15.79
16.95
17.78
17.67
18.84
18.09
18.16
18.72
19.29
20.80
21.67
21.21
21.07
23.66
22.63
21.82
22.61
21.94
22.09
208.50
207.80
209.30
207.60
210.80
211.00
210.80
210.10
212.00
212.30
212.20
213.00
214.60
214.90
212.50
214.90
210.90
212.30
203.20
196.40
195.80
194.80
194.50
194.70
194.00
194.90
192.50
191.90
193.10
193.50
194.30
195.20
198.90
198.10
197.40
202.50
202.80
206.50
210.40
214.30
232.20
231.70
238.90
234.30
243.20
242.40
250.50
255.10
260.60
263.00
262.30
263.00
267.50
267.70
269.00
260.30
253.40
249.60
243.40
227.10
206.20
186.50
160.50
118.50
76.69
48.83
36.89
28.89
24.21
21.27
19.71
18.77
17.96
17.00
16.00
14.98
14.01
13.22
12.38
11.54
10.71
9.72
8.97
8.21
7.54
6.98
6.28
4.45
3.61
3.39
3.36
3.32
3.31
3.37
3.46
3.58
3.67
3.74
3.80
3.82
3.79
3.71
3.68
3.65
3.63
3.63
3.62
3.60
3.58
3.57
3.55
3.53
3.49
3.45
3.44
3.44
3.47
3.96
4.76
4.79
4.18
3.80
3.69
3.68
3.71
3.73
3.76
3.78
3.81
4.01
3.95
3.84
3.84
3.84
3.86
3.90
3.93
3.94
4.01
4.19
6.73
9.93
10.92
18.09
25.14
36.59
30.70
29.63
26.34
23.51
27.71
25.29
22.62
21.41
20.88
20.25
19.47
18.85
17.67
17.98
19.87
20.18
19.95
20.45
20.40
21.42
21.10
19.10
19.35
19.37
19.88
21.32
21.49
21.15
21.49
22.56
22.72
21.84
22.79
22.39
23.12
208.60
206.90
208.60
208.90
208.80
210.40
211.30
212.10
212.90
213.00
214.00
211.00
210.40
212.80
207.40
211.80
212.70
211.10
201.60
192.10
192.60
191.30
188.50
189.80
187.80
188.60
187.50
188.50
187.80
188.50
188.50
190.20
191.00
191.30
189.90
194.00
190.70
193.40
195.50
199.40
216.50
222.00
221.60
220.20
225.70
225.90
230.80
235.60
235.90
246.50
246.00
246.10
244.20
255.20
260.10
265.80
269.00
272.90
268.30
257.50
248.50
236.40
225.40
208.80
184.70
161.60
124.70
83.40
55.29
38.08
27.62
22.84
20.95
19.62
18.43
17.35
16.26
15.14
14.01
13.17
12.14
10.80
9.84
8.88
8.01
7.39
6.69
4.74
3.82
3.59
3.56
3.49
3.46
3.50
3.60
3.71
3.81
3.90
3.98
4.04
4.05
3.96
3.91
3.88
3.86
3.85
3.85
3.82
3.80
3.78
3.76
3.73
3.69
3.63
3.60
3.58
3.58
3.90
4.51
4.90
4.41
3.88
3.82
3.80
3.79
3.81
3.84
3.86
3.89
4.04
4.06
3.95
3.94
3.93
3.94
3.96
3.98
4.00
4.04
4.15
7.36
8.38
7.80
10.75
25.09
36.43
33.58
34.14
34.86
37.31
25.98
24.73
25.89
23.91
21.76
20.89
20.91
21.56
19.79
21.69
22.46
22.93
20.78
22.70
21.95
21.69
24.45
24.68
21.43
20.51
20.66
21.54
21.64
22.47
22.66
23.57
23.57
22.16
23.52
23.18
23.55
208.10
207.20
209.10
208.20
209.40
210.00
211.50
209.50
209.90
211.10
210.40
210.40
208.20
210.40
209.90
209.40
211.60
208.30
202.50
190.80
187.10
185.40
186.90
182.60
180.40
180.00
180.90
182.80
178.90
180.40
181.30
182.30
179.00
183.40
179.80
178.90
183.20
184.50
182.70
182.80
188.90
201.50
199.70
198.00
201.90
200.00
203.70
204.40
208.70
213.90
212.60
216.20
214.60
223.00
225.50
235.60
241.60
259.40
272.90
275.60
282.90
280.60
279.90
278.00
269.50
260.10
249.40
243.20
230.90
215.20
206.00
181.80
148.90
107.50
67.77
39.01
27.71
22.93
20.29
18.38
16.67
14.73
12.83
11.19
10.02
8.98
8.27
5.67
4.31
3.94
3.88
3.80
3.74
3.78
3.86
3.96
4.07
4.18
4.30
4.41
4.47
4.36
4.26
4.24
4.21
4.21
4.19
4.16
4.13
4.10
4.07
4.04
3.99
3.92
3.89
3.89
4.20
5.23
5.05
4.97
4.23
3.95
3.95
3.96
3.98
4.00
4.03
4.05
4.08
4.24
4.16
4.11
4.10
4.10
4.10
4.12
4.15
4.17
4.20
4.34
6.68
7.90
8.24
10.15
18.83
32.38
36.49
28.49
33.16
26.80
23.02
22.58
20.97
19.96
19.75
18.48
17.03
17.70
17.12
17.47
20.43
21.30
23.62
24.66
24.09
25.02
22.09
20.46
19.15
19.44
20.88
22.32
22.68
23.79
25.02
24.78
24.25
23.79
24.44
23.97
24.58
208.10
207.50
207.80
206.60
207.20
207.50
208.90
207.00
209.70
210.50
209.00
206.60
207.90
207.80
205.50
209.10
208.30
205.80
202.70
187.20
184.00
183.90
179.60
176.60
177.10
175.00
174.80
174.60
172.90
172.80
170.80
173.80
171.10
171.10
173.20
172.20
172.80
170.50
170.80
169.10
177.30
186.90
186.50
185.90
180.80
180.90
181.20
184.10
185.80
183.90
182.70
178.90
180.00
183.40
186.10
193.40
196.50
204.40
210.40
220.10
221.00
227.90
239.40
249.90
261.80
272.70
287.60
305.70
313.10
313.00
318.50
324.30
335.80
356.20
355.70
350.20
329.30
296.80
272.10
213.60
149.70
101.20
67.82
41.51
31.58
23.17
18.18
11.38
5.70
4.73
4.56
4.37
4.29
4.27
4.31
4.37
4.47
4.57
4.72
4.90
5.00
4.91
4.76
4.72
4.68
4.65
4.62
4.59
4.55
4.51
4.46
4.42
4.36
4.29
4.23
4.18
4.15
4.17
4.89
5.82
4.96
4.39
4.34
4.23
4.22
4.23
4.25
4.26
4.28
4.38
4.39
4.32
4.30
4.28
4.28
4.28
4.29
4.31
4.33
4.46
6.93
7.86
8.60
9.84
14.53
32.20
29.68
25.19
23.63
24.72
21.25
19.50
18.98
17.73
16.46
16.15
15.55
15.74
14.98
15.35
17.82
18.82
19.70
21.85
23.65
24.95
21.26
18.04
20.43
18.58
19.22
22.23
24.59
25.77
26.15
26.41
27.38
25.79
25.72
25.49
25.72
208.20
207.10
206.60
205.40
206.60
207.10
208.30
205.50
205.40
204.80
205.40
205.70
206.40
204.20
202.70
203.90
202.80
204.70
198.30
186.80
184.10
179.50
177.70
174.70
173.90
174.50
170.90
170.80
169.50
171.10
167.60
165.30
165.90
166.40
163.70
165.90
166.60
165.50
163.60
162.10
162.90
180.30
175.30
173.90
172.60
172.60
171.20
172.10
172.10
174.00
170.50
165.10
164.90
166.40
167.70
172.70
171.60
176.70
176.40
182.10
182.60
186.00
187.10
193.00
195.30
194.70
202.70
212.00
219.30
229.90
253.30
290.70
344.70
410.30
444.90
463.90
486.70
497.60
489.20
428.70
334.80
246.20
157.20
115.70
74.48
50.69
35.86
24.36
8.15
5.47
5.10
4.85
4.71
4.66
4.68
4.72
4.80
4.92
5.06
5.28
5.43
5.37
5.19
5.11
5.05
5.00
4.96
4.92
4.88
4.82
4.78
4.73
4.66
4.58
4.51
4.46
4.47
4.67
5.31
5.93
5.17
4.54
4.47
4.44
4.42
4.44
4.46
4.49
4.51
4.53
4.65
4.51
4.48
4.46
4.46
4.46
4.47
4.48
4.50
4.56
7.70
7.41
7.77
9.26
20.08
24.35
19.71
16.57
17.96
19.67
15.94
14.02
13.87
12.71
11.74
11.58
10.93
11.35
11.58
12.98
13.73
14.87
16.45
17.57
19.55
22.10
21.95
23.71
26.90
19.73
17.98
21.35
24.64
26.49
26.89
27.04
28.21
27.63
27.18
26.70
27.22
209.10
208.20
205.00
206.00
205.10
205.00
205.30
204.40
203.20
204.00
203.00
202.10
202.20
200.50
201.30
201.30
198.70
197.70
196.10
186.80
178.90
177.40
173.90
171.10
169.70
168.70
169.10
169.50
167.20
166.50
167.20
168.30
163.40
164.20
162.80
162.20
162.80
162.90
161.80
161.20
162.40
181.50
174.00
169.50
171.40
169.40
170.50
170.60
171.30
172.90
171.40
170.60
165.20
167.00
171.10
174.20
173.80
175.90
178.50
183.60
186.30
186.60
191.20
196.10
196.90
193.80
201.80
210.50
226.80
241.10
260.50
307.80
328.60
356.70
373.60
368.50
370.20
373.60
366.90
324.80
247.80
182.10
120.30
84.81
58.14
41.32
28.45
17.88
8.09
5.23
4.86
4.70
4.59
4.54
4.56
4.61
4.71
4.85
5.03
5.30
5.43
5.40
5.22
5.14
5.10
5.05
5.02
4.97
4.91
4.88
4.82
4.76
4.68
4.61
4.54
4.49
4.46
4.66
5.25
5.85
5.36
4.60
4.48
4.50
4.48
4.49
4.51
4.54
4.56
4.57
4.64
4.60
4.56
4.52
4.51
4.52
4.53
4.54
4.56
4.62
7.71
8.85
8.87
9.37
16.49
27.29
16.67
13.17
12.08
11.19
10.33
10.60
9.70
9.00
8.99
9.04
8.83
9.30
9.23
10.40
11.58
13.70
16.01
18.02
20.35
22.82
26.38
27.62
29.81
25.91
18.96
22.05
25.34
27.38
28.38
28.04
28.20
28.32
27.69
27.31
27.30
208.20
206.80
205.70
203.60
206.10
205.40
201.80
202.50
202.90
200.00
201.10
199.30
198.70
199.60
198.50
196.20
197.40
194.80
192.90
183.80
179.20
173.70
173.60
170.10
167.40
168.60
166.50
164.90
166.60
164.80
161.40
163.10
162.20
161.60
162.60
162.40
163.00
162.50
163.20
168.40
164.90
181.90
181.30
179.90
175.70
176.00
176.10
179.60
178.30
180.60
180.90
179.00
179.90
180.30
183.80
188.20
193.20
198.10
204.80
209.60
211.50
216.70
217.40
219.10
224.20
228.40
237.40
252.60
264.90
273.10
281.90
312.30
325.80
339.50
346.40
340.70
336.10
326.40
317.30
275.90
222.90
169.00
110.00
74.58
52.68
30.83
20.72
13.41
6.94
5.00
4.64
4.53
4.46
4.39
4.40
4.46
4.56
4.71
4.91
5.16
5.23
5.22
5.07
5.00
4.96
4.91
4.87
4.82
4.77
4.73
4.68
4.63
4.56
4.49
4.42
4.37
4.33
4.40
5.09
5.55
5.32
4.47
4.38
4.40
4.38
4.38
4.40
4.43
4.45
4.47
4.51
4.55
4.48
4.45
4.43
4.43
4.46
4.48
4.52
4.59
7.53
9.81
8.98
13.77
28.45
27.14
23.27
21.73
36.10
22.53
21.59
21.64
19.70
18.53
17.96
17.09
16.34
15.91
15.36
15.10
15.34
15.74
17.37
18.26
20.32
23.81
23.87
23.27
26.44
19.63
19.84
22.68
25.32
27.00
28.02
28.19
28.16
28.00
27.34
27.06
27.19
208.10
205.40
205.80
204.40
203.70
202.30
202.90
202.30
200.90
199.00
197.60
200.80
198.00
194.50
195.40
194.70
196.60
193.70
188.90
185.60
175.50
172.10
168.90
166.70
164.00
163.20
161.50
163.10
161.70
161.70
159.90
161.30
162.20
162.50
161.50
163.70
165.70
165.10
166.80
164.50
165.60
179.60
180.90
184.70
182.80
177.90
182.90
184.60
187.80
187.50
189.10
187.30
187.90
188.60
191.70
199.80
202.90
208.60
213.90
218.00
216.10
223.60
221.20
230.20
234.60
229.80
234.40
242.80
254.70
248.90
259.90
266.20
265.10
274.40
274.20
269.50
253.30
236.60
207.80
171.90
138.90
110.00
81.12
57.85
37.75
24.19
16.37
11.19
6.27
4.63
4.28
4.20
4.17
4.13
4.15
4.22
4.31
4.45
4.62
4.83
4.90
4.87
4.71
4.66
4.62
4.59
4.56
4.51
4.46
4.43
4.39
4.35
4.29
4.23
4.17
4.11
4.09
4.12
4.66
5.05
5.02
4.70
4.31
4.27
4.18
4.20
4.22
4.25
4.27
4.29
4.37
4.33
4.28
4.25
4.25
4.26
4.28
4.29
4.31
4.38
5.31
7.99
7.61
8.83
22.16
31.00
28.19
27.91
42.22
39.91
25.98
26.28
26.72
25.96
23.13
22.68
20.79
21.77
20.26
20.57
20.66
21.78
22.38
23.01
23.98
26.17
25.15
26.31
27.06
30.89
22.63
24.22
26.04
27.13
27.59
27.93
26.99
26.45
26.16
26.48
25.66
208.10
203.60
205.00
204.30
203.30
202.30
200.80
201.50
199.30
201.00
198.20
196.70
195.00
193.20
192.70
194.20
190.60
190.20
188.30
185.30
172.70
167.30
166.90
162.80
160.80
161.80
160.00
159.70
157.30
159.60
156.80
159.50
158.10
159.90
159.80
159.40
159.20
159.90
159.30
162.70
161.00
189.60
174.40
175.40
173.70
174.80
175.00
178.50
177.40
180.60
182.00
176.50
177.10
174.30
177.10
182.20
178.90
183.50
188.20
192.70
194.20
188.80
191.50
190.40
188.80
188.90
181.00
180.40
179.90
170.40
162.90
161.00
148.70
145.80
135.60
119.30
102.60
83.02
60.43
43.65
28.59
20.07
15.51
12.55
11.04
10.11
8.98
7.59
5.03
4.04
3.82
3.78
3.76
3.75
3.78
3.87
3.98
4.13
4.28
4.42
4.50
4.43
4.31
4.28
4.25
4.23
4.22
4.18
4.15
4.12
4.09
4.05
4.01
3.95
3.90
3.87
4.08
4.45
4.53
5.05
4.53
3.97
3.95
3.97
3.96
3.97
3.99
4.01
4.04
4.05
4.18
4.12
4.06
4.04
4.02
4.02
4.04
4.05
4.07
4.11
4.42
7.12
7.10
7.42
12.56
26.91
26.91
24.74
30.36
30.08
27.76
22.43
21.92
21.99
22.51
21.61
19.92
19.48
19.27
20.17
19.96
21.10
23.99
23.81
24.88
27.29
26.34
25.18
24.42
23.67
23.47
25.58
26.12
26.61
26.10
26.93
25.85
24.39
24.51
24.51
24.58
208.60
203.00
204.00
205.00
203.10
200.00
201.90
198.80
198.90
197.70
198.60
196.40
194.60
193.80
194.30
189.60
188.60
189.80
187.30
184.20
167.60
166.60
164.40
163.50
161.40
160.60
157.70
159.10
158.10
157.80
157.00
156.40
156.50
156.60
154.50
152.70
155.00
153.20
154.90
155.70
154.80
162.60
166.60
163.10
163.30
160.50
160.40
158.30
158.70
156.20
153.20
150.10
148.10
148.00
146.20
145.50
146.60
149.10
150.20
146.80
143.90
137.00
133.90
129.60
120.40
115.50
108.30
101.10
92.59
79.96
70.75
63.11
52.39
45.06
39.48
34.19
29.21
23.97
18.80
15.43
13.00
11.31
10.19
9.21
8.20
7.58
6.84
5.90
4.53
3.73
3.51
3.48
3.48
3.49
3.53
3.62
3.72
3.85
3.97
4.06
4.09
4.03
3.95
3.92
3.89
3.88
3.87
3.86
3.83
3.81
3.78
3.76
3.73
3.69
3.65
3.62
3.62
3.62
3.84
4.80
4.42
4.11
3.89
3.84
3.81
3.81
3.82
3.84
3.85
3.86
3.92
3.98
3.84
3.82
3.82
3.83
3.86
3.88
3.90
3.94
4.26
6.62
7.70
8.54
11.65
24.71
30.05
24.79
24.45
32.94
25.87
22.78
22.80
21.99
21.26
20.47
18.88
19.40
18.96
19.50
20.87
22.02
23.60
23.17
24.13
24.70
21.37
22.48
23.09
23.65
22.63
23.84
24.57
24.52
25.49
25.94
24.24
23.37
23.00
23.92
23.57
208.50
203.70
204.00
204.30
201.30
201.50
200.10
199.30
198.60
197.30
195.10
195.50
194.00
191.80
188.20
189.20
187.70
187.10
186.50
182.60
169.60
168.00
164.70
162.70
160.30
159.60
157.90
156.10
156.20
152.80
153.80
151.80
153.40
151.10
150.30
149.00
150.20
148.80
147.70
145.20
148.30
153.80
154.70
151.00
145.60
144.20
138.80
137.90
135.10
134.30
133.00
127.00
126.50
120.70
117.50
116.40
114.70
110.80
107.80
102.80
98.86
91.53
85.62
80.00
71.13
62.19
55.35
48.42
41.58
34.98
30.06
26.44
22.93
20.71
18.63
16.77
15.15
13.80
12.81
11.77
10.77
9.89
9.00
8.13
7.38
6.85
6.25
5.51
4.16
3.51
3.34
3.31
3.31
3.31
3.36
3.45
3.56
3.67
3.75
3.81
3.82
3.78
3.73
3.70
3.68
3.67
3.67
3.66
3.65
3.64
3.63
3.62
3.59
3.56
3.52
3.51
3.51
3.50
3.79
4.80
4.40
3.77
3.72
3.68
3.68
3.68
3.69
3.71
3.72
3.73
3.82
3.83
3.74
3.73
3.72
3.72
3.74
3.77
3.79
3.86
4.71
6.98
9.82
10.69
17.49
24.74
39.78
27.43
21.96
20.91
25.50
21.88
20.94
19.76
19.79
18.31
17.51
16.99
17.37
17.07
17.06
17.89
18.30
18.61
20.86
20.05
18.62
20.32
21.83
22.32
22.13
24.16
24.58
24.80
24.67
25.80
24.04
22.65
22.70
23.16
23.13
208.80
204.90
202.60
203.70
201.70
201.00
199.30
200.50
197.30
201.10
196.70
196.70
196.30
193.70
192.50
188.10
191.20
184.90
185.50
181.90
167.60
166.10
163.00
160.50
162.70
159.70
157.60
159.80
158.50
151.70
151.50
152.10
151.00
151.40
149.40
147.10
148.10
148.70
145.00
146.10
142.90
148.10
145.80
146.70
138.00
132.80
134.80
132.90
129.40
125.70
122.10
117.50
114.80
108.50
106.80
103.90
100.90
96.67
91.63
88.55
81.77
75.23
67.14
60.27
52.66
45.48
37.88
33.74
29.69
24.91
21.86
19.39
16.93
15.49
14.59
13.71
12.80
12.01
11.27
10.41
9.59
8.82
8.08
7.53
6.85
6.37
6.03
5.22
4.14
3.47
3.28
3.26
3.26
3.27
3.32
3.40
3.51
3.62
3.70
3.73
3.72
3.68
3.63
3.60
3.59
3.59
3.59
3.58
3.57
3.57
3.55
3.54
3.54
3.50
3.47
3.46
3.46
3.47
3.73
4.85
4.51
3.75
3.71
3.69
3.64
3.66
3.68
3.70
3.71
3.72
3.81
3.80
3.69
3.69
3.69
3.70
3.74
3.76
3.78
3.83
4.14
7.61
10.31
11.72
13.98
28.88
35.11
30.79
25.92
19.07
23.84
23.08
18.85
18.48
18.47
18.58
16.86
16.46
16.15
16.44
16.58
18.42
21.45
20.96
21.70
22.30
19.98
20.54
21.50
22.35
21.63
22.85
24.57
24.90
24.96
25.59
24.21
22.54
22.14
22.78
22.09
208.50
203.70
204.00
204.30
201.30
201.50
200.10
199.30
198.60
197.30
195.10
195.50
194.00
191.80
188.20
189.20
187.70
187.10
186.50
182.60
169.60
168.00
164.70
162.70
160.30
159.60
157.90
156.10
156.20
152.80
153.80
151.80
153.40
151.10
150.30
149.00
150.20
148.80
147.70
145.20
148.30
153.80
154.70
151.00
145.60
144.20
138.80
137.90
135.10
134.30
133.00
127.00
126.50
120.70
117.50
116.40
114.70
110.80
107.80
102.80
98.86
91.53
85.62
80.00
71.13
62.19
55.35
48.42
41.58
34.98
30.06
26.44
22.93
20.71
18.63
16.77
15.15
13.80
12.81
11.77
10.77
9.89
9.00
8.13
7.38
6.85
6.25
5.51
4.16
3.51
3.34
3.31
3.31
3.31
3.36
3.45
3.56
3.67
3.75
3.81
3.82
3.78
3.73
3.70
3.68
3.67
3.67
3.66
3.65
3.64
3.63
3.62
3.59
3.56
3.52
3.51
3.51
3.50
3.79
4.80
4.40
3.77
3.72
3.68
3.68
3.68
3.69
3.71
3.72
3.73
3.82
3.83
3.74
3.73
3.72
3.72
3.74
3.77
3.79
3.86
4.71
6.98
9.82
10.69
17.49
24.74
39.78
27.43
21.96
20.91
25.50
21.88
20.94
19.76
19.79
18.31
17.51
16.99
17.37
17.07
17.06
17.89
18.30
18.61
20.86
20.05
18.62
20.32
21.83
22.32
22.13
24.16
24.58
24.80
24.67
25.80
24.04
22.65
22.70
23.16
23.13
208.60
203.00
204.00
205.00
203.10
200.00
201.90
198.80
198.90
197.70
198.60
196.40
194.60
193.80
194.30
189.60
188.60
189.80
187.30
184.20
167.60
166.60
164.40
163.50
161.40
160.60
157.70
159.10
158.10
157.80
157.00
156.40
156.50
156.60
154.50
152.70
155.00
153.20
154.90
155.70
154.80
162.60
166.60
163.10
163.30
160.50
160.40
158.30
158.70
156.20
153.20
150.10
148.10
148.00
146.20
145.50
146.60
149.10
150.20
146.80
143.90
137.00
133.90
129.60
120.40
115.50
108.30
101.10
92.59
79.96
70.75
63.11
52.39
45.06
39.48
34.19
29.21
23.97
18.80
15.43
13.00
11.31
10.19
9.21
8.20
7.58
6.84
5.90
4.53
3.73
3.51
3.48
3.48
3.49
3.53
3.62
3.72
3.85
3.97
4.06
4.09
4.03
3.95
3.92
3.89
3.88
3.87
3.86
3.83
3.81
3.78
3.76
3.73
3.69
3.65
3.62
3.62
3.62
3.84
4.80
4.42
4.11
3.89
3.84
3.81
3.81
3.82
3.84
3.85
3.86
3.92
3.98
3.84
3.82
3.82
3.83
3.86
3.88
3.90
3.94
4.26
6.62
7.70
8.54
11.65
24.71
30.05
24.79
24.45
32.94
25.87
22.78
22.80
21.99
21.26
20.47
18.88
19.40
18.96
19.50
20.87
22.02
23.60
23.17
24.13
24.70
21.37
22.48
23.09
23.65
22.63
23.84
24.57
24.52
25.49
25.94
24.24
23.37
23.00
23.92
23.57
208.10
203.60
205.00
204.30
203.30
202.30
200.80
201.50
199.30
201.00
198.20
196.70
195.00
193.20
192.70
194.20
190.60
190.20
188.30
185.30
172.70
167.30
166.90
162.80
160.80
161.80
160.00
159.70
157.30
159.60
156.80
159.50
158.10
159.90
159.80
159.40
159.20
159.90
159.30
162.70
161.00
189.60
174.40
175.40
173.70
174.80
175.00
178.50
177.40
180.60
182.00
176.50
177.10
174.30
177.10
182.20
178.90
183.50
188.20
192.70
194.20
188.80
191.50
190.40
188.80
188.90
181.00
180.40
179.90
170.40
162.90
161.00
148.70
145.80
135.60
119.30
102.60
83.02
60.43
43.65
28.59
20.07
15.51
12.55
11.04
10.11
8.98
7.59
5.03
4.04
3.82
3.78
3.76
3.75
3.78
3.87
3.98
4.13
4.28
4.42
4.50
4.43
4.31
4.28
4.25
4.23
4.22
4.18
4.15
4.12
4.09
4.05
4.01
3.95
3.90
3.87
4.08
4.45
4.53
5.05
4.53
3.97
3.95
3.97
3.96
3.97
3.99
4.01
4.04
4.05
4.18
4.12
4.06
4.04
4.02
4.02
4.04
4.05
4.07
4.11
4.42
7.12
7.10
7.42
12.56
26.91
26.91
24.74
30.36
30.08
27.76
22.43
21.92
21.99
22.51
21.61
19.92
19.48
19.27
20.17
19.96
21.10
23.99
23.81
24.88
27.29
26.34
25.18
24.42
23.67
23.47
25.58
26.12
26.61
26.10
26.93
25.85
24.39
24.51
24.51
24.58
208.10
205.40
205.80
204.40
203.70
202.30
202.90
202.30
200.90
199.00
197.60
200.80
198.00
194.50
195.40
194.70
196.60
193.70
188.90
185.60
175.50
172.10
168.90
166.70
164.00
163.20
161.50
163.10
161.70
161.70
159.90
161.30
162.20
162.50
161.50
163.70
165.70
165.10
166.80
164.50
165.60
179.60
180.90
184.70
182.80
177.90
182.90
184.60
187.80
187.50
189.10
187.30
187.90
188.60
191.70
199.80
202.90
208.60
213.90
218.00
216.10
223.60
221.20
230.20
234.60
229.80
234.40
242.80
254.70
248.90
259.90
266.20
265.10
274.40
274.20
269.50
253.30
236.60
207.80
171.90
138.90
110.00
81.12
57.85
37.75
24.19
16.37
11.19
6.27
4.63
4.28
4.20
4.17
4.13
4.15
4.22
4.31
4.45
4.62
4.83
4.90
4.87
4.71
4.66
4.62
4.59
4.56
4.51
4.46
4.43
4.39
4.35
4.29
4.23
4.17
4.11
4.09
4.12
4.66
5.05
5.02
4.70
4.31
4.27
4.18
4.20
4.22
4.25
4.27
4.29
4.37
4.33
4.28
4.25
4.25
4.26
4.28
4.29
4.31
4.38
5.31
7.99
7.61
8.83
22.16
31.00
28.19
27.91
42.22
39.91
25.98
26.28
26.72
25.96
23.13
22.68
20.79
21.77
20.26
20.57
20.66
21.78
22.38
23.01
23.98
26.17
25.15
26.31
27.06
30.89
22.63
24.22
26.04
27.13
27.59
27.93
26.99
26.45
26.16
26.48
25.66
208.20
206.80
205.70
203.60
206.10
205.40
201.80
202.50
202.90
200.00
201.10
199.30
198.70
199.60
198.50
196.20
197.40
194.80
192.90
183.80
179.20
173.70
173.60
170.10
167.40
168.60
166.50
164.90
166.60
164.80
161.40
163.10
162.20
161.60
162.60
162.40
163.00
162.50
163.20
168.40
164.90
181.90
181.30
179.90
175.70
176.00
176.10
179.60
178.30
180.60
180.90
179.00
179.90
180.30
183.80
188.20
193.20
198.10
204.80
209.60
211.50
216.70
217.40
219.10
224.20
228.40
237.40
252.60
264.90
273.10
281.90
312.30
325.80
339.50
346.40
340.70
336.10
326.40
317.30
275.90
222.90
169.00
110.00
74.58
52.68
30.83
20.72
13.41
6.94
5.00
4.64
4.53
4.46
4.39
4.40
4.46
4.56
4.71
4.91
5.16
5.23
5.22
5.07
5.00
4.96
4.91
4.87
4.82
4.77
4.73
4.68
4.63
4.56
4.49
4.42
4.37
4.33
4.40
5.09
5.55
5.32
4.47
4.38
4.40
4.38
4.38
4.40
4.43
4.45
4.47
4.51
4.55
4.48
4.45
4.43
4.43
4.46
4.48
4.52
4.59
7.53
9.81
8.98
13.77
28.45
27.14
23.27
21.73
36.10
22.53
21.59
21.64
19.70
18.53
17.96
17.09
16.34
15.91
15.36
15.10
15.34
15.74
17.37
18.26
20.32
23.81
23.87
23.27
26.44
19.63
19.84
22.68
25.32
27.00
28.02
28.19
28.16
28.00
27.34
27.06
27.19
