SALVI
1
0
24
15.0
181
1.0
241005 Palacio 5050 350mA F4MC C TRANSL
PALACIO 5050 350mA F4MC PMMA LC

PALACIO-5050-F4MC-PMMALC.ldt
28 September 2024/TB
465
0
825
200
10
0
0
0
0
96.31
100.00
1.00
0.00
1
1
5050
4217.60
3000
70
40.50
0.15
0.24
0.33
0.41
0.47
0.57
0.62
0.67
0.74
0.77
0.00
15.00
30.00
45.00
60.00
75.00
90.00
105.00
120.00
135.00
150.00
165.00
180.00
195.00
210.00
225.00
240.00
255.00
270.00
285.00
300.00
315.00
330.00
345.00
0.00
1.00
2.00
3.00
4.00
5.00
6.00
7.00
8.00
9.00
10.00
11.00
12.00
13.00
14.00
15.00
16.00
17.00
18.00
19.00
20.00
21.00
22.00
23.00
24.00
25.00
26.00
27.00
28.00
29.00
30.00
31.00
32.00
33.00
34.00
35.00
36.00
37.00
38.00
39.00
40.00
41.00
42.00
43.00
44.00
45.00
46.00
47.00
48.00
49.00
50.00
51.00
52.00
53.00
54.00
55.00
56.00
57.00
58.00
59.00
60.00
61.00
62.00
63.00
64.00
65.00
66.00
67.00
68.00
69.00
70.00
71.00
72.00
73.00
74.00
75.00
76.00
77.00
78.00
79.00
80.00
81.00
82.00
83.00
84.00
85.00
86.00
87.00
88.00
89.00
90.00
91.00
92.00
93.00
94.00
95.00
96.00
97.00
98.00
99.00
100.00
101.00
102.00
103.00
104.00
105.00
106.00
107.00
108.00
109.00
110.00
111.00
112.00
113.00
114.00
115.00
116.00
117.00
118.00
119.00
120.00
121.00
122.00
123.00
124.00
125.00
126.00
127.00
128.00
129.00
130.00
131.00
132.00
133.00
134.00
135.00
136.00
137.00
138.00
139.00
140.00
141.00
142.00
143.00
144.00
145.00
146.00
147.00
148.00
149.00
150.00
151.00
152.00
153.00
154.00
155.00
156.00
157.00
158.00
159.00
160.00
161.00
162.00
163.00
164.00
165.00
166.00
167.00
168.00
169.00
170.00
171.00
172.00
173.00
174.00
175.00
176.00
177.00
178.00
179.00
180.00
62.67
62.32
63.50
67.04
72.65
78.74
85.58
92.74
99.75
106.10
111.70
117.30
122.20
126.70
130.90
134.80
138.50
141.90
145.30
148.40
151.50
154.40
157.30
160.20
163.00
165.70
168.60
171.40
174.30
177.20
180.20
183.20
186.10
189.00
192.00
194.80
197.50
200.00
202.40
204.40
206.30
207.80
209.10
209.90
210.40
210.60
210.30
209.60
208.50
207.00
204.90
202.40
199.50
195.90
192.10
187.80
182.90
177.70
171.90
165.90
159.60
152.90
146.10
139.00
131.80
124.60
117.30
110.00
102.90
95.89
89.06
82.52
76.21
70.37
64.71
59.41
54.48
49.90
45.71
41.81
38.27
35.06
32.11
29.46
27.07
24.91
22.95
21.21
19.66
18.26
16.99
15.85
14.80
13.84
12.99
12.20
11.50
10.85
10.27
9.74
9.26
8.83
8.43
8.07
7.74
7.43
7.15
6.90
6.67
6.45
6.25
6.06
5.89
5.72
5.57
5.43
5.29
5.16
5.03
4.91
4.80
4.69
4.57
4.47
4.37
4.26
4.16
4.06
3.97
3.87
3.77
3.68
3.58
3.48
3.39
3.29
3.20
3.11
3.01
2.91
2.82
2.72
2.63
2.53
2.44
2.34
2.24
2.15
2.05
1.95
1.86
1.76
1.67
1.57
1.47
1.38
1.29
1.20
1.11
1.03
0.95
0.87
0.79
0.72
0.64
0.58
0.51
0.45
0.39
0.33
0.29
0.27
0.27
0.26
0.26
0.26
0.25
0.25
0.25
0.25
0.25
59.83
60.58
62.61
67.01
73.63
80.75
88.48
96.37
104.10
111.30
118.10
124.50
130.50
136.20
141.50
146.50
151.30
155.80
160.20
164.40
168.60
172.70
176.70
180.80
185.00
189.20
193.50
197.70
202.10
206.70
211.40
216.20
220.90
225.90
230.80
235.80
240.60
245.40
250.10
254.50
258.70
262.80
266.30
269.50
272.60
275.10
277.00
278.40
279.30
279.80
279.50
278.50
276.80
274.40
271.40
267.70
262.90
257.80
251.80
245.00
237.70
229.70
221.00
211.90
202.10
192.20
182.00
171.40
160.80
150.20
139.60
129.10
119.00
109.20
99.82
90.90
82.49
74.72
67.49
60.85
54.79
49.27
44.29
39.86
35.87
32.33
29.16
26.39
23.95
21.78
19.87
18.18
16.67
15.34
14.17
13.12
12.21
11.40
10.69
10.05
9.49
8.99
8.55
8.15
7.78
7.46
7.17
6.90
6.66
6.44
6.23
6.04
5.87
5.71
5.56
5.42
5.28
5.15
5.03
4.91
4.80
4.68
4.58
4.47
4.37
4.27
4.17
4.07
3.97
3.88
3.78
3.68
3.59
3.49
3.39
3.30
3.20
3.11
3.01
2.92
2.82
2.72
2.63
2.53
2.43
2.34
2.24
2.15
2.05
1.96
1.86
1.77
1.67
1.57
1.48
1.39
1.30
1.21
1.13
1.04
0.97
0.89
0.82
0.75
0.69
0.62
0.56
0.50
0.44
0.38
0.34
0.32
0.32
0.32
0.32
0.31
0.30
0.30
0.30
0.30
0.30
59.93
61.74
64.87
70.08
76.85
84.43
92.53
100.90
108.90
116.70
124.10
131.20
137.90
144.20
150.20
156.00
161.40
166.70
171.90
177.10
182.20
187.20
192.20
197.40
202.50
207.80
213.20
218.90
224.60
230.60
236.90
243.40
250.10
257.10
264.20
271.60
279.00
286.60
294.10
301.40
308.60
315.80
322.40
328.90
335.00
340.50
345.60
349.90
353.80
356.70
358.60
359.70
359.90
358.70
356.70
353.60
349.30
343.80
337.20
329.50
320.40
310.80
300.00
288.20
275.80
262.80
249.00
234.80
220.40
205.60
190.90
176.40
162.20
148.20
135.20
122.30
110.40
99.27
88.99
79.47
71.06
63.14
56.14
49.81
44.25
39.28
34.92
31.11
27.74
24.80
22.26
20.03
18.04
16.34
14.85
13.56
12.45
11.48
10.64
9.91
9.27
8.71
8.22
7.79
7.40
7.07
6.77
6.50
6.26
6.04
5.85
5.66
5.50
5.35
5.21
5.08
4.95
4.84
4.72
4.62
4.52
4.42
4.32
4.23
4.14
4.05
3.96
3.87
3.78
3.70
3.61
3.52
3.43
3.34
3.26
3.16
3.08
2.99
2.90
2.81
2.72
2.63
2.54
2.45
2.36
2.27
2.18
2.08
1.99
1.90
1.81
1.72
1.62
1.53
1.44
1.35
1.27
1.18
1.10
1.02
0.95
0.87
0.80
0.74
0.68
0.62
0.57
0.51
0.45
0.40
0.35
0.32
0.32
0.32
0.32
0.32
0.31
0.30
0.30
0.30
0.30
59.35
62.08
65.94
72.34
78.75
86.79
95.32
104.10
112.50
120.60
128.60
136.10
143.40
150.30
156.80
163.00
169.10
175.00
181.00
186.90
192.80
198.90
204.90
211.00
217.40
223.90
230.60
237.80
245.40
253.50
261.90
270.90
280.40
290.50
300.80
311.70
323.00
334.70
346.30
358.30
370.40
382.50
394.40
406.10
417.20
428.00
438.00
447.30
455.60
462.60
468.70
472.90
475.70
476.80
476.40
473.90
469.50
463.30
455.20
445.20
433.10
419.80
404.60
387.80
369.80
351.00
331.30
310.90
290.10
269.10
248.30
227.90
207.90
188.90
170.80
153.90
137.70
122.80
109.10
96.78
85.65
75.61
66.65
58.67
51.67
45.51
40.08
35.40
31.30
27.76
24.69
22.00
19.68
17.68
15.94
14.46
13.17
12.07
11.11
10.28
9.57
8.94
8.40
7.93
7.52
7.15
6.82
6.53
6.27
6.03
5.82
5.63
5.45
5.29
5.14
5.00
4.86
4.74
4.62
4.51
4.40
4.29
4.20
4.10
4.01
3.91
3.82
3.74
3.65
3.56
3.47
3.38
3.29
3.20
3.12
3.03
2.94
2.86
2.77
2.68
2.60
2.51
2.43
2.34
2.25
2.16
2.08
1.99
1.90
1.81
1.73
1.64
1.56
1.47
1.39
1.30
1.22
1.14
1.06
0.98
0.91
0.83
0.76
0.70
0.64
0.59
0.54
0.48
0.43
0.38
0.33
0.30
0.30
0.31
0.31
0.30
0.29
0.29
0.30
0.30
0.30
59.47
62.86
67.49
73.98
81.82
90.38
99.45
108.80
117.80
126.40
134.70
142.40
150.20
157.20
163.90
170.40
176.70
182.90
189.10
195.30
201.70
208.10
214.70
221.50
229.00
236.70
244.80
253.60
263.00
273.00
283.70
295.20
307.20
320.20
333.90
348.10
363.20
378.70
394.70
411.10
427.50
444.10
460.60
476.90
493.20
508.30
522.60
535.80
547.90
557.90
566.40
572.70
576.50
578.60
577.10
573.40
566.60
557.50
545.80
531.20
514.30
495.30
474.20
451.20
426.80
401.90
375.60
349.30
322.90
296.80
271.50
246.80
223.30
201.10
180.40
161.00
143.10
127.00
112.10
98.90
86.95
76.49
67.55
59.10
51.95
45.66
40.17
35.46
31.34
27.78
24.71
22.02
19.70
17.71
15.98
14.50
13.22
12.13
11.18
10.35
9.65
9.02
8.48
8.00
7.58
7.21
6.88
6.59
6.32
6.09
5.87
5.68
5.50
5.33
5.18
5.03
4.90
4.77
4.66
4.54
4.43
4.33
4.22
4.12
4.03
3.94
3.84
3.75
3.66
3.57
3.48
3.39
3.30
3.21
3.13
3.04
2.96
2.87
2.78
2.69
2.61
2.52
2.43
2.34
2.25
2.17
2.08
1.99
1.90
1.82
1.73
1.65
1.56
1.47
1.39
1.30
1.22
1.14
1.07
0.99
0.92
0.84
0.78
0.72
0.66
0.60
0.55
0.49
0.43
0.38
0.34
0.30
0.30
0.30
0.30
0.30
0.30
0.29
0.29
0.29
0.30
59.02
62.76
68.02
74.23
82.71
92.01
101.70
111.60
121.20
130.40
139.00
147.30
155.20
162.60
169.60
176.50
182.90
189.30
195.60
202.00
208.50
215.40
222.40
230.00
238.20
246.70
255.90
265.90
276.40
287.90
300.20
313.30
327.50
342.30
358.20
374.80
392.10
410.10
428.70
447.60
466.90
486.40
505.50
524.20
542.40
559.70
575.90
590.30
602.70
613.60
621.80
627.30
630.10
629.70
626.20
619.60
609.20
596.40
579.80
560.80
539.40
516.00
490.20
462.40
434.20
405.40
375.70
346.80
318.30
290.10
263.60
238.10
214.10
191.90
171.30
152.60
136.00
119.50
105.40
92.81
81.69
71.90
63.18
55.58
48.93
43.12
38.08
33.74
29.94
26.67
23.85
21.37
19.23
17.37
15.76
14.39
13.19
12.16
11.26
10.48
9.80
9.20
8.67
8.22
7.81
7.44
7.12
6.82
6.55
6.31
6.09
5.88
5.70
5.52
5.37
5.21
5.07
4.93
4.81
4.69
4.57
4.45
4.34
4.24
4.13
4.03
3.93
3.83
3.74
3.64
3.55
3.45
3.36
3.26
3.17
3.08
2.99
2.89
2.80
2.71
2.61
2.52
2.43
2.34
2.25
2.16
2.07
1.98
1.90
1.81
1.72
1.63
1.54
1.46
1.37
1.29
1.21
1.13
1.05
0.98
0.91
0.84
0.77
0.71
0.65
0.59
0.53
0.47
0.41
0.36
0.31
0.30
0.30
0.30
0.30
0.30
0.29
0.29
0.30
0.30
0.30
59.20
63.11
68.34
75.51
84.09
93.41
103.20
113.30
123.20
132.90
141.70
150.50
158.40
165.80
172.60
179.50
186.00
192.50
199.20
205.90
212.70
219.80
227.30
235.10
243.60
252.50
262.30
272.30
283.70
295.60
308.60
322.60
337.30
353.10
369.90
387.50
405.70
424.90
444.50
464.40
484.70
505.10
525.00
544.40
562.50
580.60
596.80
610.50
623.30
632.40
639.60
644.20
645.50
643.20
637.90
629.30
617.30
602.40
583.60
563.20
539.70
514.20
486.90
457.90
428.60
398.80
368.60
339.10
310.40
282.20
255.70
230.50
206.90
185.00
165.10
146.60
129.80
114.70
101.20
89.11
78.38
69.56
60.75
53.51
47.16
41.61
36.80
32.66
29.04
25.91
23.21
20.86
18.82
17.05
15.51
14.19
13.04
12.06
11.19
10.44
9.79
9.21
8.70
8.25
7.85
7.49
7.17
6.88
6.62
6.38
6.16
5.96
5.77
5.60
5.44
5.28
5.14
5.00
4.87
4.75
4.63
4.51
4.40
4.29
4.18
4.08
3.97
3.88
3.78
3.68
3.58
3.48
3.39
3.29
3.19
3.10
3.01
2.92
2.83
2.73
2.64
2.55
2.46
2.36
2.27
2.18
2.09
2.00
1.91
1.82
1.73
1.64
1.56
1.47
1.38
1.30
1.22
1.15
1.08
1.00
0.93
0.86
0.79
0.73
0.67
0.61
0.55
0.49
0.43
0.38
0.33
0.30
0.30
0.30
0.30
0.30
0.30
0.29
0.29
0.29
0.29
59.02
62.76
68.02
74.23
82.71
92.01
101.70
111.60
121.20
130.40
139.00
147.30
155.20
162.60
169.60
176.50
182.90
189.30
195.60
202.00
208.50
215.40
222.40
230.00
238.20
246.70
255.90
265.90
276.40
287.90
300.20
313.30
327.50
342.30
358.20
374.80
392.10
410.10
428.70
447.60
466.90
486.40
505.50
524.20
542.40
559.70
575.90
590.30
602.70
613.60
621.80
627.30
630.10
629.70
626.20
619.60
609.20
596.40
579.80
560.80
539.40
516.00
490.20
462.40
434.20
405.40
375.70
346.80
318.30
290.10
263.60
238.10
214.10
191.90
171.30
152.60
136.00
119.50
105.40
92.81
81.69
71.90
63.18
55.58
48.93
43.12
38.08
33.74
29.94
26.67
23.85
21.37
19.23
17.37
15.76
14.39
13.19
12.16
11.26
10.48
9.80
9.20
8.67
8.22
7.81
7.44
7.12
6.82
6.55
6.31
6.09
5.88
5.70
5.52
5.37
5.21
5.07
4.93
4.81
4.69
4.57
4.45
4.34
4.24
4.13
4.03
3.93
3.83
3.74
3.64
3.55
3.45
3.36
3.26
3.17
3.08
2.99
2.89
2.80
2.71
2.61
2.52
2.43
2.34
2.25
2.16
2.07
1.98
1.90
1.81
1.72
1.63
1.54
1.46
1.37
1.29
1.21
1.13
1.05
0.98
0.91
0.84
0.77
0.71
0.65
0.59
0.53
0.47
0.41
0.36
0.31
0.30
0.30
0.30
0.30
0.30
0.29
0.29
0.30
0.30
0.30
59.47
62.86
67.49
73.98
81.82
90.38
99.45
108.80
117.80
126.40
134.70
142.40
150.20
157.20
163.90
170.40
176.70
182.90
189.10
195.30
201.70
208.10
214.70
221.50
229.00
236.70
244.80
253.60
263.00
273.00
283.70
295.20
307.20
320.20
333.90
348.10
363.20
378.70
394.70
411.10
427.50
444.10
460.60
476.90
493.20
508.30
522.60
535.80
547.90
557.90
566.40
572.70
576.50
578.60
577.10
573.40
566.60
557.50
545.80
531.20
514.30
495.30
474.20
451.20
426.80
401.90
375.60
349.30
322.90
296.80
271.50
246.80
223.30
201.10
180.40
161.00
143.10
127.00
112.10
98.90
86.95
76.49
67.55
59.10
51.95
45.66
40.17
35.46
31.34
27.78
24.71
22.02
19.70
17.71
15.98
14.50
13.22
12.13
11.18
10.35
9.65
9.02
8.48
8.00
7.58
7.21
6.88
6.59
6.32
6.09
5.87
5.68
5.50
5.33
5.18
5.03
4.90
4.77
4.66
4.54
4.43
4.33
4.22
4.12
4.03
3.94
3.84
3.75
3.66
3.57
3.48
3.39
3.30
3.21
3.13
3.04
2.96
2.87
2.78
2.69
2.61
2.52
2.43
2.34
2.25
2.17
2.08
1.99
1.90
1.82
1.73
1.65
1.56
1.47
1.39
1.30
1.22
1.14
1.07
0.99
0.92
0.84
0.78
0.72
0.66
0.60
0.55
0.49
0.43
0.38
0.34
0.30
0.30
0.30
0.30
0.30
0.30
0.29
0.29
0.29
0.30
59.35
62.08
65.94
72.34
78.75
86.79
95.32
104.10
112.50
120.60
128.60
136.10
143.40
150.30
156.80
163.00
169.10
175.00
181.00
186.90
192.80
198.90
204.90
211.00
217.40
223.90
230.60
237.80
245.40
253.50
261.90
270.90
280.40
290.50
300.80
311.70
323.00
334.70
346.30
358.30
370.40
382.50
394.40
406.10
417.20
428.00
438.00
447.30
455.60
462.60
468.70
472.90
475.70
476.80
476.40
473.90
469.50
463.30
455.20
445.20
433.10
419.80
404.60
387.80
369.80
351.00
331.30
310.90
290.10
269.10
248.30
227.90
207.90
188.90
170.80
153.90
137.70
122.80
109.10
96.78
85.65
75.61
66.65
58.67
51.67
45.51
40.08
35.40
31.30
27.76
24.69
22.00
19.68
17.68
15.94
14.46
13.17
12.07
11.11
10.28
9.57
8.94
8.40
7.93
7.52
7.15
6.82
6.53
6.27
6.03
5.82
5.63
5.45
5.29
5.14
5.00
4.86
4.74
4.62
4.51
4.40
4.29
4.20
4.10
4.01
3.91
3.82
3.74
3.65
3.56
3.47
3.38
3.29
3.20
3.12
3.03
2.94
2.86
2.77
2.68
2.60
2.51
2.43
2.34
2.25
2.16
2.08
1.99
1.90
1.81
1.73
1.64
1.56
1.47
1.39
1.30
1.22
1.14
1.06
0.98
0.91
0.83
0.76
0.70
0.64
0.59
0.54
0.48
0.43
0.38
0.33
0.30
0.30
0.31
0.31
0.30
0.29
0.29
0.30
0.30
0.30
59.93
61.74
64.87
70.08
76.85
84.43
92.53
100.90
108.90
116.70
124.10
131.20
137.90
144.20
150.20
156.00
161.40
166.70
171.90
177.10
182.20
187.20
192.20
197.40
202.50
207.80
213.20
218.90
224.60
230.60
236.90
243.40
250.10
257.10
264.20
271.60
279.00
286.60
294.10
301.40
308.60
315.80
322.40
328.90
335.00
340.50
345.60
349.90
353.80
356.70
358.60
359.70
359.90
358.70
356.70
353.60
349.30
343.80
337.20
329.50
320.40
310.80
300.00
288.20
275.80
262.80
249.00
234.80
220.40
205.60
190.90
176.40
162.20
148.20
135.20
122.30
110.40
99.27
88.99
79.47
71.06
63.14
56.14
49.81
44.25
39.28
34.92
31.11
27.74
24.80
22.26
20.03
18.04
16.34
14.85
13.56
12.45
11.48
10.64
9.91
9.27
8.71
8.22
7.79
7.40
7.07
6.77
6.50
6.26
6.04
5.85
5.66
5.50
5.35
5.21
5.08
4.95
4.84
4.72
4.62
4.52
4.42
4.32
4.23
4.14
4.05
3.96
3.87
3.78
3.70
3.61
3.52
3.43
3.34
3.26
3.16
3.08
2.99
2.90
2.81
2.72
2.63
2.54
2.45
2.36
2.27
2.18
2.08
1.99
1.90
1.81
1.72
1.62
1.53
1.44
1.35
1.27
1.18
1.10
1.02
0.95
0.87
0.80
0.74
0.68
0.62
0.57
0.51
0.45
0.40
0.35
0.32
0.32
0.32
0.32
0.32
0.31
0.30
0.30
0.30
0.30
59.83
60.58
62.61
67.01
73.63
80.75
88.48
96.37
104.10
111.30
118.10
124.50
130.50
136.20
141.50
146.50
151.30
155.80
160.20
164.40
168.60
172.70
176.70
180.80
185.00
189.20
193.50
197.70
202.10
206.70
211.40
216.20
220.90
225.90
230.80
235.80
240.60
245.40
250.10
254.50
258.70
262.80
266.30
269.50
272.60
275.10
277.00
278.40
279.30
279.80
279.50
278.50
276.80
274.40
271.40
267.70
262.90
257.80
251.80
245.00
237.70
229.70
221.00
211.90
202.10
192.20
182.00
171.40
160.80
150.20
139.60
129.10
119.00
109.20
99.82
90.90
82.49
74.72
67.49
60.85
54.79
49.27
44.29
39.86
35.87
32.33
29.16
26.39
23.95
21.78
19.87
18.18
16.67
15.34
14.17
13.12
12.21
11.40
10.69
10.05
9.49
8.99
8.55
8.15
7.78
7.46
7.17
6.90
6.66
6.44
6.23
6.04
5.87
5.71
5.56
5.42
5.28
5.15
5.03
4.91
4.80
4.68
4.58
4.47
4.37
4.27
4.17
4.07
3.97
3.88
3.78
3.68
3.59
3.49
3.39
3.30
3.20
3.11
3.01
2.92
2.82
2.72
2.63
2.53
2.43
2.34
2.24
2.15
2.05
1.96
1.86
1.77
1.67
1.57
1.48
1.39
1.30
1.21
1.13
1.04
0.97
0.89
0.82
0.75
0.69
0.62
0.56
0.50
0.44
0.38
0.34
0.32
0.32
0.32
0.32
0.31
0.30
0.30
0.30
0.30
0.30
62.67
62.32
63.50
67.04
72.65
78.74
85.58
92.74
99.75
106.10
111.70
117.30
122.20
126.70
130.90
134.80
138.50
141.90
145.30
148.40
151.50
154.40
157.30
160.20
163.00
165.70
168.60
171.40
174.30
177.20
180.20
183.20
186.10
189.00
192.00
194.80
197.50
200.00
202.40
204.40
206.30
207.80
209.10
209.90
210.40
210.60
210.30
209.60
208.50
207.00
204.90
202.40
199.50
195.90
192.10
187.80
182.90
177.70
171.90
165.90
159.60
152.90
146.10
139.00
131.80
124.60
117.30
110.00
102.90
95.89
89.06
82.52
76.21
70.37
64.71
59.41
54.48
49.90
45.71
41.81
38.27
35.06
32.11
29.46
27.07
24.91
22.95
21.21
19.66
18.26
16.99
15.85
14.80
13.84
12.99
12.20
11.50
10.85
10.27
9.74
9.26
8.83
8.43
8.07
7.74
7.43
7.15
6.90
6.67
6.45
6.25
6.06
5.89
5.72
5.57
5.43
5.29
5.16
5.03
4.91
4.80
4.69
4.57
4.47
4.37
4.26
4.16
4.06
3.97
3.87
3.77
3.68
3.58
3.48
3.39
3.29
3.20
3.11
3.01
2.91
2.82
2.72
2.63
2.53
2.44
2.34
2.24
2.15
2.05
1.95
1.86
1.76
1.67
1.57
1.47
1.38
1.29
1.20
1.11
1.03
0.95
0.87
0.79
0.72
0.64
0.58
0.51
0.45
0.39
0.33
0.29
0.27
0.27
0.26
0.26
0.26
0.25
0.25
0.25
0.25
0.25
59.83
58.35
58.69
61.63
66.52
72.13
77.98
83.90
89.31
94.51
99.27
103.50
107.40
110.80
113.90
116.60
118.90
121.00
122.90
124.50
126.10
127.50
129.00
130.20
131.40
132.40
133.30
134.20
134.90
135.60
136.10
136.70
137.10
137.50
137.70
137.80
137.60
137.30
136.90
136.20
135.20
134.10
132.70
131.10
129.20
127.10
124.70
122.30
119.50
116.70
113.60
110.50
107.20
103.80
100.30
96.79
93.23
89.61
86.04
82.44
78.88
75.35
71.89
68.51
65.16
61.94
58.81
55.73
52.79
49.97
47.26
44.65
42.19
39.83
37.58
35.47
33.48
31.57
29.79
28.12
26.51
25.02
23.63
22.31
21.08
19.91
18.81
17.79
16.86
15.99
15.15
14.37
13.63
12.92
12.27
11.65
11.07
10.53
10.03
9.56
9.13
8.73
8.36
8.02
7.71
7.42
7.15
6.90
6.67
6.46
6.26
6.07
5.90
5.75
5.60
5.46
5.32
5.20
5.08
4.96
4.85
4.74
4.63
4.53
4.43
4.33
4.24
4.14
4.05
3.96
3.86
3.77
3.68
3.58
3.49
3.40
3.31
3.22
3.13
3.04
2.95
2.86
2.76
2.67
2.58
2.48
2.39
2.29
2.20
2.10
2.00
1.91
1.81
1.72
1.62
1.52
1.43
1.34
1.25
1.16
1.08
0.99
0.91
0.84
0.76
0.69
0.63
0.57
0.50
0.45
0.41
0.39
0.38
0.38
0.38
0.37
0.35
0.33
0.31
0.31
0.31
59.93
57.42
56.52
58.09
61.68
65.83
70.35
75.04
79.33
83.25
86.58
89.45
91.82
93.79
95.43
96.80
97.88
98.77
99.49
100.00
100.30
100.30
100.10
99.80
99.40
98.88
98.20
97.39
96.46
95.47
94.44
93.37
92.25
91.10
89.89
88.63
87.28
85.90
84.44
83.00
81.45
79.84
78.17
76.45
74.70
72.92
71.13
69.33
67.54
65.75
64.00
62.25
60.57
58.92
57.29
55.71
54.18
52.69
51.23
49.81
48.42
47.04
45.75
44.44
43.17
41.94
40.71
39.45
38.24
37.01
35.80
34.60
33.41
32.20
31.04
29.88
28.74
27.60
26.50
25.40
24.32
23.26
22.25
21.24
20.26
19.32
18.39
17.50
16.66
15.87
15.11
14.37
13.64
12.95
12.30
11.67
11.09
10.53
10.02
9.54
9.10
8.68
8.29
7.93
7.60
7.30
7.02
6.76
6.53
6.31
6.11
5.92
5.75
5.59
5.44
5.31
5.17
5.05
4.93
4.82
4.71
4.61
4.51
4.41
4.32
4.23
4.14
4.05
3.97
3.88
3.79
3.70
3.62
3.53
3.44
3.36
3.27
3.19
3.10
3.02
2.94
2.85
2.76
2.67
2.59
2.49
2.40
2.31
2.21
2.12
2.03
1.93
1.84
1.74
1.65
1.55
1.45
1.36
1.27
1.18
1.09
1.00
0.92
0.84
0.77
0.69
0.63
0.57
0.50
0.45
0.41
0.38
0.38
0.37
0.37
0.36
0.33
0.31
0.31
0.31
0.31
59.35
56.15
54.46
55.22
57.88
61.15
64.71
68.35
71.48
74.13
76.33
78.04
79.29
80.05
80.43
80.50
80.35
80.10
79.76
79.35
78.85
78.27
77.57
76.56
75.38
74.07
72.71
71.42
70.18
68.91
67.68
66.49
65.35
64.25
63.19
62.17
61.21
60.29
59.40
58.53
57.70
56.86
56.04
55.25
54.48
53.72
52.98
52.28
51.57
50.90
50.24
49.61
48.98
48.36
47.76
47.15
46.56
45.97
45.36
44.74
44.10
43.44
42.77
42.06
41.30
40.55
39.74
38.87
37.97
37.02
36.04
35.05
34.07
33.05
32.01
30.99
29.93
28.87
27.81
26.74
25.68
24.63
23.59
22.56
21.54
20.55
19.56
18.60
17.69
16.84
16.00
15.19
14.40
13.64
12.91
12.22
11.56
10.95
10.37
9.84
9.33
8.87
8.44
8.04
7.69
7.36
7.05
6.78
6.53
6.29
6.08
5.88
5.70
5.54
5.39
5.24
5.11
4.98
4.86
4.75
4.64
4.54
4.44
4.35
4.26
4.17
4.09
4.00
3.92
3.83
3.75
3.66
3.58
3.50
3.41
3.33
3.25
3.17
3.09
3.01
2.94
2.85
2.76
2.68
2.59
2.50
2.41
2.32
2.23
2.14
2.04
1.95
1.86
1.76
1.67
1.57
1.48
1.38
1.29
1.20
1.11
1.02
0.94
0.86
0.79
0.72
0.66
0.59
0.53
0.48
0.44
0.42
0.41
0.41
0.40
0.39
0.36
0.34
0.33
0.32
0.31
59.47
55.45
52.95
52.89
54.93
57.55
60.46
63.54
66.21
68.30
69.82
70.74
71.19
71.11
70.63
69.86
68.89
67.79
66.68
65.55
64.33
63.05
61.76
60.55
59.45
58.42
57.41
56.43
55.49
54.63
53.87
53.19
52.58
52.04
51.56
51.14
50.74
50.39
50.10
49.82
49.56
49.29
49.06
48.80
48.55
48.32
48.09
47.85
47.61
47.38
47.15
46.91
46.68
46.42
46.15
45.89
45.59
45.27
44.93
44.56
44.13
43.68
43.21
42.69
42.11
41.52
40.85
40.11
39.35
38.52
37.65
36.73
35.78
34.78
33.76
32.71
31.65
30.55
29.46
28.35
27.24
26.13
25.02
23.93
22.86
21.79
20.74
19.72
18.74
17.81
16.90
16.02
15.15
14.31
13.53
12.77
12.06
11.39
10.76
10.17
9.62
9.12
8.66
8.23
7.85
7.49
7.16
6.86
6.59
6.34
6.12
5.91
5.73
5.56
5.40
5.26
5.12
4.99
4.88
4.77
4.66
4.56
4.47
4.38
4.29
4.20
4.11
4.03
3.95
3.87
3.79
3.71
3.63
3.55
3.47
3.39
3.32
3.23
3.15
3.08
3.01
2.92
2.84
2.75
2.66
2.57
2.48
2.39
2.29
2.20
2.10
2.01
1.91
1.81
1.71
1.61
1.51
1.41
1.31
1.22
1.12
1.03
0.95
0.86
0.79
0.72
0.65
0.58
0.52
0.47
0.43
0.41
0.40
0.39
0.38
0.37
0.34
0.31
0.31
0.31
0.31
59.02
54.57
51.81
51.69
53.66
56.30
59.12
61.93
64.19
65.89
66.95
67.45
67.36
66.81
65.86
64.59
63.02
61.35
59.64
57.98
56.44
55.14
53.96
52.93
52.04
51.25
50.61
50.10
49.66
49.31
49.05
48.87
48.75
48.68
48.64
48.62
48.59
48.57
48.55
48.53
48.48
48.45
48.39
48.32
48.23
48.13
48.03
47.92
47.79
47.67
47.55
47.40
47.24
47.05
46.85
46.63
46.38
46.11
45.83
45.50
45.13
44.73
44.30
43.81
43.27
42.69
42.05
41.32
40.56
39.74
38.89
37.99
37.05
36.05
35.02
33.97
32.89
31.78
30.67
29.54
28.40
27.26
26.13
25.00
23.90
22.81
21.74
20.69
19.71
18.75
17.82
16.91
16.02
15.15
14.33
13.55
12.80
12.11
11.45
10.83
10.26
9.73
9.24
8.78
8.36
7.98
7.63
7.31
7.02
6.75
6.51
6.29
6.09
5.90
5.73
5.57
5.42
5.28
5.15
5.03
4.91
4.80
4.70
4.59
4.49
4.40
4.31
4.22
4.13
4.04
3.95
3.86
3.78
3.69
3.61
3.52
3.43
3.35
3.26
3.18
3.11
3.02
2.93
2.84
2.75
2.65
2.56
2.46
2.36
2.26
2.17
2.07
1.97
1.87
1.76
1.66
1.56
1.45
1.36
1.26
1.16
1.07
0.98
0.90
0.81
0.74
0.67
0.60
0.54
0.49
0.46
0.44
0.43
0.42
0.41
0.40
0.37
0.34
0.33
0.32
0.31
59.20
54.69
51.75
51.31
52.99
55.41
58.20
61.14
63.64
65.61
66.84
67.12
66.77
65.82
64.42
62.83
61.14
59.38
57.66
56.07
54.63
53.36
52.24
51.27
50.47
49.83
49.34
48.98
48.71
48.54
48.45
48.45
48.48
48.57
48.66
48.77
48.86
48.97
49.04
49.11
49.12
49.11
49.08
49.02
48.93
48.87
48.80
48.70
48.60
48.49
48.36
48.24
48.09
47.90
47.71
47.48
47.24
46.98
46.65
46.29
45.90
45.45
44.98
44.46
43.87
43.25
42.55
41.79
41.00
40.16
39.24
38.31
37.34
36.32
35.30
34.22
33.12
32.00
30.90
29.75
28.60
27.45
26.32
25.20
24.09
23.00
21.93
20.89
19.90
18.95
18.02
17.11
16.22
15.36
14.54
13.76
13.00
12.29
11.64
11.01
10.43
9.90
9.40
8.96
8.53
8.14
7.79
7.46
7.16
6.88
6.64
6.41
6.20
6.00
5.82
5.65
5.50
5.36
5.22
5.09
4.97
4.86
4.75
4.64
4.53
4.43
4.34
4.25
4.16
4.06
3.97
3.88
3.80
3.70
3.62
3.53
3.45
3.36
3.27
3.19
3.12
3.03
2.94
2.85
2.75
2.66
2.56
2.47
2.37
2.27
2.17
2.08
1.97
1.87
1.76
1.67
1.56
1.46
1.36
1.27
1.17
1.07
0.98
0.89
0.81
0.73
0.66
0.60
0.53
0.48
0.45
0.42
0.42
0.41
0.40
0.38
0.36
0.32
0.31
0.30
0.30
59.02
54.57
51.81
51.69
53.66
56.30
59.12
61.93
64.19
65.89
66.95
67.45
67.36
66.81
65.86
64.59
63.02
61.35
59.64
57.98
56.44
55.14
53.96
52.93
52.04
51.25
50.61
50.10
49.66
49.31
49.05
48.87
48.75
48.68
48.64
48.62
48.59
48.57
48.55
48.53
48.48
48.45
48.39
48.32
48.23
48.13
48.03
47.92
47.79
47.67
47.55
47.40
47.24
47.05
46.85
46.63
46.38
46.11
45.83
45.50
45.13
44.73
44.30
43.81
43.27
42.69
42.05
41.32
40.56
39.74
38.89
37.99
37.05
36.05
35.02
33.97
32.89
31.78
30.67
29.54
28.40
27.26
26.13
25.00
23.90
22.81
21.74
20.69
19.71
18.75
17.82
16.91
16.02
15.15
14.33
13.55
12.80
12.11
11.45
10.83
10.26
9.73
9.24
8.78
8.36
7.98
7.63
7.31
7.02
6.75
6.51
6.29
6.09
5.90
5.73
5.57
5.42
5.28
5.15
5.03
4.91
4.80
4.70
4.59
4.49
4.40
4.31
4.22
4.13
4.04
3.95
3.86
3.78
3.69
3.61
3.52
3.43
3.35
3.26
3.18
3.11
3.02
2.93
2.84
2.75
2.65
2.56
2.46
2.36
2.26
2.17
2.07
1.97
1.87
1.76
1.66
1.56
1.45
1.36
1.26
1.16
1.07
0.98
0.90
0.81
0.74
0.67
0.60
0.54
0.49
0.46
0.44
0.43
0.42
0.41
0.40
0.37
0.34
0.33
0.32
0.31
59.47
55.45
52.95
52.89
54.93
57.55
60.46
63.54
66.21
68.30
69.82
70.74
71.19
71.11
70.63
69.86
68.89
67.79
66.68
65.55
64.33
63.05
61.76
60.55
59.45
58.42
57.41
56.43
55.49
54.63
53.87
53.19
52.58
52.04
51.56
51.14
50.74
50.39
50.10
49.82
49.56
49.29
49.06
48.80
48.55
48.32
48.09
47.85
47.61
47.38
47.15
46.91
46.68
46.42
46.15
45.89
45.59
45.27
44.93
44.56
44.13
43.68
43.21
42.69
42.11
41.52
40.85
40.11
39.35
38.52
37.65
36.73
35.78
34.78
33.76
32.71
31.65
30.55
29.46
28.35
27.24
26.13
25.02
23.93
22.86
21.79
20.74
19.72
18.74
17.81
16.90
16.02
15.15
14.31
13.53
12.77
12.06
11.39
10.76
10.17
9.62
9.12
8.66
8.23
7.85
7.49
7.16
6.86
6.59
6.34
6.12
5.91
5.73
5.56
5.40
5.26
5.12
4.99
4.88
4.77
4.66
4.56
4.47
4.38
4.29
4.20
4.11
4.03
3.95
3.87
3.79
3.71
3.63
3.55
3.47
3.39
3.32
3.23
3.15
3.08
3.01
2.92
2.84
2.75
2.66
2.57
2.48
2.39
2.29
2.20
2.10
2.01
1.91
1.81
1.71
1.61
1.51
1.41
1.31
1.22
1.12
1.03
0.95
0.86
0.79
0.72
0.65
0.58
0.52
0.47
0.43
0.41
0.40
0.39
0.38
0.37
0.34
0.31
0.31
0.31
0.31
59.35
56.15
54.46
55.22
57.88
61.15
64.71
68.35
71.48
74.13
76.33
78.04
79.29
80.05
80.43
80.50
80.35
80.10
79.76
79.35
78.85
78.27
77.57
76.56
75.38
74.07
72.71
71.42
70.18
68.91
67.68
66.49
65.35
64.25
63.19
62.17
61.21
60.29
59.40
58.53
57.70
56.86
56.04
55.25
54.48
53.72
52.98
52.28
51.57
50.90
50.24
49.61
48.98
48.36
47.76
47.15
46.56
45.97
45.36
44.74
44.10
43.44
42.77
42.06
41.30
40.55
39.74
38.87
37.97
37.02
36.04
35.05
34.07
33.05
32.01
30.99
29.93
28.87
27.81
26.74
25.68
24.63
23.59
22.56
21.54
20.55
19.56
18.60
17.69
16.84
16.00
15.19
14.40
13.64
12.91
12.22
11.56
10.95
10.37
9.84
9.33
8.87
8.44
8.04
7.69
7.36
7.05
6.78
6.53
6.29
6.08
5.88
5.70
5.54
5.39
5.24
5.11
4.98
4.86
4.75
4.64
4.54
4.44
4.35
4.26
4.17
4.09
4.00
3.92
3.83
3.75
3.66
3.58
3.50
3.41
3.33
3.25
3.17
3.09
3.01
2.94
2.85
2.76
2.68
2.59
2.50
2.41
2.32
2.23
2.14
2.04
1.95
1.86
1.76
1.67
1.57
1.48
1.38
1.29
1.20
1.11
1.02
0.94
0.86
0.79
0.72
0.66
0.59
0.53
0.48
0.44
0.42
0.41
0.41
0.40
0.39
0.36
0.34
0.33
0.32
0.31
59.93
57.42
56.52
58.09
61.68
65.83
70.35
75.04
79.33
83.25
86.58
89.45
91.82
93.79
95.43
96.80
97.88
98.77
99.49
100.00
100.30
100.30
100.10
99.80
99.40
98.88
98.20
97.39
96.46
95.47
94.44
93.37
92.25
91.10
89.89
88.63
87.28
85.90
84.44
83.00
81.45
79.84
78.17
76.45
74.70
72.92
71.13
69.33
67.54
65.75
64.00
62.25
60.57
58.92
57.29
55.71
54.18
52.69
51.23
49.81
48.42
47.04
45.75
44.44
43.17
41.94
40.71
39.45
38.24
37.01
35.80
34.60
33.41
32.20
31.04
29.88
28.74
27.60
26.50
25.40
24.32
23.26
22.25
21.24
20.26
19.32
18.39
17.50
16.66
15.87
15.11
14.37
13.64
12.95
12.30
11.67
11.09
10.53
10.02
9.54
9.10
8.68
8.29
7.93
7.60
7.30
7.02
6.76
6.53
6.31
6.11
5.92
5.75
5.59
5.44
5.31
5.17
5.05
4.93
4.82
4.71
4.61
4.51
4.41
4.32
4.23
4.14
4.05
3.97
3.88
3.79
3.70
3.62
3.53
3.44
3.36
3.27
3.19
3.10
3.02
2.94
2.85
2.76
2.67
2.59
2.49
2.40
2.31
2.21
2.12
2.03
1.93
1.84
1.74
1.65
1.55
1.45
1.36
1.27
1.18
1.09
1.00
0.92
0.84
0.77
0.69
0.63
0.57
0.50
0.45
0.41
0.38
0.38
0.37
0.37
0.36
0.33
0.31
0.31
0.31
0.31
59.83
58.35
58.69
61.63
66.52
72.13
77.98
83.90
89.31
94.51
99.27
103.50
107.40
110.80
113.90
116.60
118.90
121.00
122.90
124.50
126.10
127.50
129.00
130.20
131.40
132.40
133.30
134.20
134.90
135.60
136.10
136.70
137.10
137.50
137.70
137.80
137.60
137.30
136.90
136.20
135.20
134.10
132.70
131.10
129.20
127.10
124.70
122.30
119.50
116.70
113.60
110.50
107.20
103.80
100.30
96.79
93.23
89.61
86.04
82.44
78.88
75.35
71.89
68.51
65.16
61.94
58.81
55.73
52.79
49.97
47.26
44.65
42.19
39.83
37.58
35.47
33.48
31.57
29.79
28.12
26.51
25.02
23.63
22.31
21.08
19.91
18.81
17.79
16.86
15.99
15.15
14.37
13.63
12.92
12.27
11.65
11.07
10.53
10.03
9.56
9.13
8.73
8.36
8.02
7.71
7.42
7.15
6.90
6.67
6.46
6.26
6.07
5.90
5.75
5.60
5.46
5.32
5.20
5.08
4.96
4.85
4.74
4.63
4.53
4.43
4.33
4.24
4.14
4.05
3.96
3.86
3.77
3.68
3.58
3.49
3.40
3.31
3.22
3.13
3.04
2.95
2.86
2.76
2.67
2.58
2.48
2.39
2.29
2.20
2.10
2.00
1.91
1.81
1.72
1.62
1.52
1.43
1.34
1.25
1.16
1.08
0.99
0.91
0.84
0.76
0.69
0.63
0.57
0.50
0.45
0.41
0.39
0.38
0.38
0.38
0.37
0.35
0.33
0.31
0.31
0.31
