SALVI
1
0
24
15.0
181
1.0
241005 Palacio 5050 350mA F4MC C TRANSP
PALACIO 5050 350mA F4MC PMMA SC

PALACIO-5050-F4MC-PMMASC.ldt
28 September 2024/TB
465
0
825
200
10
0
0
0
0
98.98
100.00
1.00
0.00
1
1
5050
4451.10
3000
70
40.70
0.10
0.20
0.31
0.40
0.47
0.58
0.64
0.70
0.77
0.81
0.00
15.00
30.00
45.00
60.00
75.00
90.00
105.00
120.00
135.00
150.00
165.00
180.00
195.00
210.00
225.00
240.00
255.00
270.00
285.00
300.00
315.00
330.00
345.00
0.00
1.00
2.00
3.00
4.00
5.00
6.00
7.00
8.00
9.00
10.00
11.00
12.00
13.00
14.00
15.00
16.00
17.00
18.00
19.00
20.00
21.00
22.00
23.00
24.00
25.00
26.00
27.00
28.00
29.00
30.00
31.00
32.00
33.00
34.00
35.00
36.00
37.00
38.00
39.00
40.00
41.00
42.00
43.00
44.00
45.00
46.00
47.00
48.00
49.00
50.00
51.00
52.00
53.00
54.00
55.00
56.00
57.00
58.00
59.00
60.00
61.00
62.00
63.00
64.00
65.00
66.00
67.00
68.00
69.00
70.00
71.00
72.00
73.00
74.00
75.00
76.00
77.00
78.00
79.00
80.00
81.00
82.00
83.00
84.00
85.00
86.00
87.00
88.00
89.00
90.00
91.00
92.00
93.00
94.00
95.00
96.00
97.00
98.00
99.00
100.00
101.00
102.00
103.00
104.00
105.00
106.00
107.00
108.00
109.00
110.00
111.00
112.00
113.00
114.00
115.00
116.00
117.00
118.00
119.00
120.00
121.00
122.00
123.00
124.00
125.00
126.00
127.00
128.00
129.00
130.00
131.00
132.00
133.00
134.00
135.00
136.00
137.00
138.00
139.00
140.00
141.00
142.00
143.00
144.00
145.00
146.00
147.00
148.00
149.00
150.00
151.00
152.00
153.00
154.00
155.00
156.00
157.00
158.00
159.00
160.00
161.00
162.00
163.00
164.00
165.00
166.00
167.00
168.00
169.00
170.00
171.00
172.00
173.00
174.00
175.00
176.00
177.00
178.00
179.00
180.00
56.32
44.60
43.27
52.12
70.10
75.56
75.23
76.97
81.18
84.24
88.87
103.20
95.34
100.10
106.50
117.10
113.70
112.20
113.20
120.30
130.60
140.10
150.40
143.70
134.70
143.30
155.20
159.30
175.10
187.30
188.60
223.00
234.50
247.20
260.40
258.50
265.40
269.10
276.70
277.50
284.40
293.30
313.30
306.60
304.70
309.70
310.20
314.70
317.90
321.50
312.80
312.20
305.90
308.10
299.20
288.60
281.20
268.10
261.10
249.20
232.60
226.10
206.70
183.10
172.30
158.60
145.50
122.10
99.03
83.08
74.47
62.83
49.49
41.87
40.36
37.44
30.35
26.88
26.11
22.54
18.87
15.86
14.10
11.82
9.37
8.29
6.90
5.33
4.28
3.48
2.89
2.49
2.25
2.05
1.84
1.62
1.46
1.36
1.28
1.21
1.13
1.05
0.99
0.96
0.95
0.96
0.98
0.98
1.04
1.05
1.07
1.06
1.07
1.00
0.95
0.95
0.94
0.92
0.91
0.90
0.91
0.99
1.00
1.20
1.24
1.64
1.53
1.58
1.87
1.98
2.08
2.19
2.47
2.45
2.59
2.56
2.35
2.21
2.14
1.93
1.88
1.81
1.63
1.63
1.30
1.24
0.98
0.83
0.86
0.97
0.92
1.10
1.39
1.70
2.04
2.32
2.47
2.82
2.89
2.47
2.15
1.85
1.56
1.20
0.89
0.68
0.60
0.45
0.36
0.30
0.25
0.22
0.22
0.22
0.21
0.22
0.21
0.21
0.21
0.21
0.21
56.66
45.80
46.65
57.88
63.66
73.09
83.28
82.31
74.61
79.63
73.19
89.82
91.17
93.45
108.30
117.60
111.10
120.50
126.80
130.10
139.30
132.20
125.90
129.70
120.10
142.30
140.20
144.60
152.00
176.50
191.40
199.80
211.60
220.20
214.30
225.30
237.80
251.80
256.60
265.10
260.90
265.40
275.00
279.60
292.20
290.00
294.50
302.80
306.30
309.60
311.90
318.40
317.40
323.70
311.70
315.30
323.10
322.00
321.30
311.30
292.50
272.30
268.20
263.60
256.40
234.80
204.50
186.60
169.70
160.80
133.50
106.30
97.67
85.82
73.66
46.09
31.66
22.96
17.24
14.71
13.17
12.26
10.80
9.01
8.36
6.81
5.58
4.85
3.95
3.53
2.84
2.51
2.37
2.20
2.01
1.83
1.65
1.51
1.38
1.29
1.20
1.12
1.06
1.06
1.04
1.03
1.04
1.04
1.04
1.03
1.04
1.05
1.03
1.00
0.97
0.97
0.98
0.97
0.96
0.96
0.99
1.03
1.11
1.33
1.40
1.53
1.47
1.70
1.70
1.88
1.96
2.28
3.04
3.11
3.27
3.18
3.12
3.10
2.98
2.68
2.53
1.90
1.57
1.43
1.25
1.13
1.42
0.95
0.92
1.15
1.27
1.57
1.66
2.09
2.05
2.40
2.96
2.98
3.01
2.87
2.14
1.83
1.40
1.14
1.03
0.72
0.60
0.50
0.40
0.34
0.28
0.26
0.26
0.25
0.25
0.25
0.24
0.24
0.25
0.25
0.25
53.76
46.49
46.80
50.90
52.38
59.13
62.36
73.48
72.41
62.81
79.70
94.19
91.64
102.90
100.90
107.30
122.40
126.20
118.30
119.40
125.20
125.20
137.10
147.40
164.80
154.20
150.20
165.50
176.60
182.00
200.60
215.10
232.10
237.70
244.20
245.70
257.70
267.90
266.90
276.80
285.80
291.10
300.80
314.20
325.80
328.00
344.70
355.10
365.50
380.40
390.90
396.10
403.80
414.80
414.00
415.60
430.40
431.80
429.50
411.30
396.60
390.40
371.70
355.10
347.20
345.70
330.20
307.40
274.00
232.70
201.60
183.70
151.80
122.60
94.50
69.78
43.91
24.26
15.61
14.31
13.49
12.10
11.57
10.99
9.69
8.94
7.92
7.18
6.26
5.10
4.26
3.73
3.38
2.66
2.20
1.83
1.62
1.48
1.37
1.28
1.20
1.13
1.07
1.08
1.09
1.13
1.12
1.14
1.28
1.46
1.52
1.30
1.24
1.44
1.38
1.31
1.25
1.21
1.03
0.99
0.98
0.98
1.04
1.18
1.39
1.47
1.55
1.68
1.78
1.90
1.81
1.97
2.25
2.27
2.39
2.37
2.27
2.09
1.92
1.74
1.64
1.63
1.57
1.61
1.31
1.17
1.00
0.90
0.89
1.03
1.46
1.57
2.08
2.56
2.93
3.03
3.20
3.42
3.46
2.90
2.69
2.20
1.50
1.08
0.88
0.86
0.67
0.53
0.42
0.36
0.30
0.27
0.26
0.26
0.26
0.26
0.25
0.24
0.24
0.24
0.24
57.06
46.34
48.66
49.98
54.44
61.66
80.85
78.17
73.62
77.23
81.19
81.87
78.53
83.56
95.71
104.20
112.90
133.70
151.50
162.20
164.80
159.80
155.20
172.50
169.00
197.80
172.60
175.50
188.90
209.30
228.50
242.20
246.50
261.10
268.40
283.40
294.40
299.00
317.50
316.30
322.70
339.50
358.10
378.30
400.30
420.30
454.20
496.20
509.50
524.00
548.60
579.20
615.70
628.50
645.30
659.70
670.30
682.20
683.70
669.80
632.50
592.40
573.10
562.50
522.30
470.80
427.70
383.50
353.40
322.70
256.90
192.00
149.70
113.20
76.38
39.99
23.43
15.92
11.99
10.37
10.16
10.02
8.42
7.88
7.41
6.45
6.07
5.47
4.81
3.92
3.26
2.78
2.46
2.20
1.95
1.68
1.45
1.25
1.18
1.10
1.02
0.96
0.94
0.98
1.02
1.07
1.09
1.10
1.12
1.10
1.08
1.15
1.10
1.06
1.07
1.06
0.96
0.93
0.94
0.94
0.93
0.91
0.92
0.95
1.03
1.17
1.20
1.30
1.46
1.45
1.68
1.80
1.88
2.19
2.21
2.30
2.18
2.15
2.27
2.26
2.14
1.88
1.60
1.48
1.38
1.19
1.23
0.90
0.85
0.89
1.21
1.78
2.03
2.35
2.84
3.27
3.59
3.72
4.25
3.49
2.53
2.14
1.56
1.42
1.12
0.79
0.71
0.54
0.41
0.36
0.30
0.25
0.25
0.25
0.25
0.24
0.24
0.24
0.25
0.25
0.25
52.59
47.07
46.95
52.54
59.79
68.95
75.06
75.67
75.65
67.95
79.44
95.91
94.90
109.50
116.90
126.70
132.50
119.00
108.30
122.80
132.60
145.20
154.30
147.90
146.40
147.30
160.10
169.20
176.80
181.90
202.70
218.00
227.10
242.30
255.90
257.90
261.90
276.40
291.20
299.70
315.50
331.30
345.20
369.90
396.80
436.00
474.40
521.90
578.70
639.60
702.20
736.50
773.90
830.80
871.50
894.70
917.80
935.20
911.30
886.00
856.50
805.40
745.10
680.00
630.80
590.40
535.90
435.40
317.70
243.10
185.60
118.60
74.57
57.60
42.11
22.65
13.57
10.53
9.25
8.33
8.01
7.85
7.52
7.21
6.86
5.94
5.41
4.77
4.27
3.77
3.30
3.00
2.81
2.55
2.21
1.82
1.52
1.39
1.33
1.24
1.16
1.08
1.03
1.07
1.12
1.17
1.15
1.17
1.21
1.16
1.14
1.15
1.07
1.05
0.97
0.98
0.95
0.93
0.90
0.88
0.88
0.85
0.85
0.85
0.85
0.88
0.91
0.94
0.98
1.02
1.02
1.12
1.20
1.31
1.37
1.37
1.49
1.50
1.41
1.40
1.51
1.34
1.47
1.42
1.20
1.23
0.87
0.84
0.84
0.85
1.15
1.74
1.95
2.19
3.08
3.54
3.54
3.73
3.80
2.91
2.49
2.43
1.83
1.19
0.93
0.71
0.74
0.52
0.41
0.35
0.30
0.26
0.25
0.25
0.25
0.25
0.24
0.24
0.24
0.24
0.24
54.83
47.64
40.03
56.17
68.00
79.77
80.04
81.38
77.32
94.47
107.40
121.60
115.10
115.10
121.30
118.60
118.00
128.20
134.70
134.00
139.90
132.60
139.10
138.60
153.20
159.60
153.60
163.70
174.00
180.00
201.50
206.90
209.10
221.50
229.80
239.90
246.00
257.00
276.90
280.30
286.00
302.50
320.70
343.80
373.00
410.40
458.90
513.00
565.40
643.40
712.20
785.40
858.90
919.00
973.50
993.20
977.80
965.30
933.60
892.20
850.20
809.20
758.50
689.50
608.10
495.10
381.70
265.00
185.20
130.90
76.77
59.68
42.72
32.92
25.29
19.96
14.38
10.14
8.56
7.32
6.83
6.80
6.79
6.65
6.22
5.41
4.91
4.29
3.78
3.41
2.98
2.70
2.51
2.23
2.01
1.71
1.45
1.32
1.25
1.15
1.07
1.00
0.97
1.00
1.03
1.10
1.09
1.09
1.14
1.05
1.07
1.07
1.07
0.99
0.96
0.93
0.92
0.92
0.88
0.85
0.83
0.81
0.81
0.81
0.81
0.81
0.81
0.83
0.85
0.87
0.91
1.04
1.07
1.15
1.17
1.13
1.10
1.11
1.12
1.09
1.11
1.23
1.21
1.12
1.04
0.87
0.85
0.75
0.75
0.78
0.87
1.62
2.07
2.39
2.74
2.82
3.26
2.93
3.42
3.18
2.51
1.96
1.48
1.33
1.06
0.73
0.66
0.49
0.39
0.33
0.27
0.24
0.24
0.24
0.24
0.24
0.24
0.24
0.25
0.25
0.25
52.16
49.45
35.68
49.87
68.32
68.74
73.24
81.63
84.65
77.41
94.31
100.60
96.65
111.90
112.40
111.60
127.80
132.90
137.80
133.30
133.30
135.50
149.70
155.30
185.00
172.70
182.50
201.40
188.80
190.40
208.50
238.70
251.60
255.80
266.40
275.90
275.20
284.10
275.00
291.50
303.50
311.90
331.20
360.90
395.10
456.80
499.90
585.80
672.80
765.40
874.30
968.60
1008.00
1037.00
1034.00
973.40
902.10
851.10
850.90
888.30
928.10
907.50
813.70
703.80
565.60
420.60
307.00
226.90
143.30
103.70
90.42
67.07
50.26
37.88
29.15
22.71
17.43
11.05
8.56
7.53
7.53
7.30
7.24
7.49
6.84
7.09
6.08
5.64
5.44
5.35
4.53
3.62
3.07
2.43
1.95
1.55
1.28
1.19
1.12
1.03
0.93
0.87
0.83
0.82
0.87
0.92
0.96
1.05
1.05
1.37
1.27
1.34
1.28
1.20
1.08
1.03
0.94
0.85
0.79
0.76
0.74
0.74
0.73
0.73
0.73
0.74
0.74
0.74
0.74
0.77
0.78
0.80
0.86
0.93
0.96
0.98
1.00
1.04
1.05
1.07
1.13
1.09
1.07
1.17
0.97
0.93
0.73
0.69
0.69
0.70
0.87
1.42
1.78
1.93
2.12
2.71
2.25
2.63
3.17
3.67
2.98
2.46
1.72
1.22
1.11
0.85
0.60
0.48
0.40
0.35
0.28
0.25
0.25
0.25
0.25
0.25
0.25
0.24
0.24
0.24
0.25
54.83
47.64
40.03
56.17
68.00
79.77
80.04
81.38
77.32
94.47
107.40
121.60
115.10
115.10
121.30
118.60
118.00
128.20
134.70
134.00
139.90
132.60
139.10
138.60
153.20
159.60
153.60
163.70
174.00
180.00
201.50
206.90
209.10
221.50
229.80
239.90
246.00
257.00
276.90
280.30
286.00
302.50
320.70
343.80
373.00
410.40
458.90
513.00
565.40
643.40
712.20
785.40
858.90
919.00
973.50
993.20
977.80
965.30
933.60
892.20
850.20
809.20
758.50
689.50
608.10
495.10
381.70
265.00
185.20
130.90
76.77
59.68
42.72
32.92
25.29
19.96
14.38
10.14
8.56
7.32
6.83
6.80
6.79
6.65
6.22
5.41
4.91
4.29
3.78
3.41
2.98
2.70
2.51
2.23
2.01
1.71
1.45
1.32
1.25
1.15
1.07
1.00
0.97
1.00
1.03
1.10
1.09
1.09
1.14
1.05
1.07
1.07
1.07
0.99
0.96
0.93
0.92
0.92
0.88
0.85
0.83
0.81
0.81
0.81
0.81
0.81
0.81
0.83
0.85
0.87
0.91
1.04
1.07
1.15
1.17
1.13
1.10
1.11
1.12
1.09
1.11
1.23
1.21
1.12
1.04
0.87
0.85
0.75
0.75
0.78
0.87
1.62
2.07
2.39
2.74
2.82
3.26
2.93
3.42
3.18
2.51
1.96
1.48
1.33
1.06
0.73
0.66
0.49
0.39
0.33
0.27
0.24
0.24
0.24
0.24
0.24
0.24
0.24
0.25
0.25
0.25
52.59
47.07
46.95
52.54
59.79
68.95
75.06
75.67
75.65
67.95
79.44
95.91
94.90
109.50
116.90
126.70
132.50
119.00
108.30
122.80
132.60
145.20
154.30
147.90
146.40
147.30
160.10
169.20
176.80
181.90
202.70
218.00
227.10
242.30
255.90
257.90
261.90
276.40
291.20
299.70
315.50
331.30
345.20
369.90
396.80
436.00
474.40
521.90
578.70
639.60
702.20
736.50
773.90
830.80
871.50
894.70
917.80
935.20
911.30
886.00
856.50
805.40
745.10
680.00
630.80
590.40
535.90
435.40
317.70
243.10
185.60
118.60
74.57
57.60
42.11
22.65
13.57
10.53
9.25
8.33
8.01
7.85
7.52
7.21
6.86
5.94
5.41
4.77
4.27
3.77
3.30
3.00
2.81
2.55
2.21
1.82
1.52
1.39
1.33
1.24
1.16
1.08
1.03
1.07
1.12
1.17
1.15
1.17
1.21
1.16
1.14
1.15
1.07
1.05
0.97
0.98
0.95
0.93
0.90
0.88
0.88
0.85
0.85
0.85
0.85
0.88
0.91
0.94
0.98
1.02
1.02
1.12
1.20
1.31
1.37
1.37
1.49
1.50
1.41
1.40
1.51
1.34
1.47
1.42
1.20
1.23
0.87
0.84
0.84
0.85
1.15
1.74
1.95
2.19
3.08
3.54
3.54
3.73
3.80
2.91
2.49
2.43
1.83
1.19
0.93
0.71
0.74
0.52
0.41
0.35
0.30
0.26
0.25
0.25
0.25
0.25
0.24
0.24
0.24
0.24
0.24
57.06
46.34
48.66
49.98
54.44
61.66
80.85
78.17
73.62
77.23
81.19
81.87
78.53
83.56
95.71
104.20
112.90
133.70
151.50
162.20
164.80
159.80
155.20
172.50
169.00
197.80
172.60
175.50
188.90
209.30
228.50
242.20
246.50
261.10
268.40
283.40
294.40
299.00
317.50
316.30
322.70
339.50
358.10
378.30
400.30
420.30
454.20
496.20
509.50
524.00
548.60
579.20
615.70
628.50
645.30
659.70
670.30
682.20
683.70
669.80
632.50
592.40
573.10
562.50
522.30
470.80
427.70
383.50
353.40
322.70
256.90
192.00
149.70
113.20
76.38
39.99
23.43
15.92
11.99
10.37
10.16
10.02
8.42
7.88
7.41
6.45
6.07
5.47
4.81
3.92
3.26
2.78
2.46
2.20
1.95
1.68
1.45
1.25
1.18
1.10
1.02
0.96
0.94
0.98
1.02
1.07
1.09
1.10
1.12
1.10
1.08
1.15
1.10
1.06
1.07
1.06
0.96
0.93
0.94
0.94
0.93
0.91
0.92
0.95
1.03
1.17
1.20
1.30
1.46
1.45
1.68
1.80
1.88
2.19
2.21
2.30
2.18
2.15
2.27
2.26
2.14
1.88
1.60
1.48
1.38
1.19
1.23
0.90
0.85
0.89
1.21
1.78
2.03
2.35
2.84
3.27
3.59
3.72
4.25
3.49
2.53
2.14
1.56
1.42
1.12
0.79
0.71
0.54
0.41
0.36
0.30
0.25
0.25
0.25
0.25
0.24
0.24
0.24
0.25
0.25
0.25
53.76
46.49
46.80
50.90
52.38
59.13
62.36
73.48
72.41
62.81
79.70
94.19
91.64
102.90
100.90
107.30
122.40
126.20
118.30
119.40
125.20
125.20
137.10
147.40
164.80
154.20
150.20
165.50
176.60
182.00
200.60
215.10
232.10
237.70
244.20
245.70
257.70
267.90
266.90
276.80
285.80
291.10
300.80
314.20
325.80
328.00
344.70
355.10
365.50
380.40
390.90
396.10
403.80
414.80
414.00
415.60
430.40
431.80
429.50
411.30
396.60
390.40
371.70
355.10
347.20
345.70
330.20
307.40
274.00
232.70
201.60
183.70
151.80
122.60
94.50
69.78
43.91
24.26
15.61
14.31
13.49
12.10
11.57
10.99
9.69
8.94
7.92
7.18
6.26
5.10
4.26
3.73
3.38
2.66
2.20
1.83
1.62
1.48
1.37
1.28
1.20
1.13
1.07
1.08
1.09
1.13
1.12
1.14
1.28
1.46
1.52
1.30
1.24
1.44
1.38
1.31
1.25
1.21
1.03
0.99
0.98
0.98
1.04
1.18
1.39
1.47
1.55
1.68
1.78
1.90
1.81
1.97
2.25
2.27
2.39
2.37
2.27
2.09
1.92
1.74
1.64
1.63
1.57
1.61
1.31
1.17
1.00
0.90
0.89
1.03
1.46
1.57
2.08
2.56
2.93
3.03
3.20
3.42
3.46
2.90
2.69
2.20
1.50
1.08
0.88
0.86
0.67
0.53
0.42
0.36
0.30
0.27
0.26
0.26
0.26
0.26
0.25
0.24
0.24
0.24
0.24
56.66
45.80
46.65
57.88
63.66
73.09
83.28
82.31
74.61
79.63
73.19
89.82
91.17
93.45
108.30
117.60
111.10
120.50
126.80
130.10
139.30
132.20
125.90
129.70
120.10
142.30
140.20
144.60
152.00
176.50
191.40
199.80
211.60
220.20
214.30
225.30
237.80
251.80
256.60
265.10
260.90
265.40
275.00
279.60
292.20
290.00
294.50
302.80
306.30
309.60
311.90
318.40
317.40
323.70
311.70
315.30
323.10
322.00
321.30
311.30
292.50
272.30
268.20
263.60
256.40
234.80
204.50
186.60
169.70
160.80
133.50
106.30
97.67
85.82
73.66
46.09
31.66
22.96
17.24
14.71
13.17
12.26
10.80
9.01
8.36
6.81
5.58
4.85
3.95
3.53
2.84
2.51
2.37
2.20
2.01
1.83
1.65
1.51
1.38
1.29
1.20
1.12
1.06
1.06
1.04
1.03
1.04
1.04
1.04
1.03
1.04
1.05
1.03
1.00
0.97
0.97
0.98
0.97
0.96
0.96
0.99
1.03
1.11
1.33
1.40
1.53
1.47
1.70
1.70
1.88
1.96
2.28
3.04
3.11
3.27
3.18
3.12
3.10
2.98
2.68
2.53
1.90
1.57
1.43
1.25
1.13
1.42
0.95
0.92
1.15
1.27
1.57
1.66
2.09
2.05
2.40
2.96
2.98
3.01
2.87
2.14
1.83
1.40
1.14
1.03
0.72
0.60
0.50
0.40
0.34
0.28
0.26
0.26
0.25
0.25
0.25
0.24
0.24
0.25
0.25
0.25
56.32
44.60
43.27
52.12
70.10
75.56
75.23
76.97
81.18
84.24
88.87
103.20
95.34
100.10
106.50
117.10
113.70
112.20
113.20
120.30
130.60
140.10
150.40
143.70
134.70
143.30
155.20
159.30
175.10
187.30
188.60
223.00
234.50
247.20
260.40
258.50
265.40
269.10
276.70
277.50
284.40
293.30
313.30
306.60
304.70
309.70
310.20
314.70
317.90
321.50
312.80
312.20
305.90
308.10
299.20
288.60
281.20
268.10
261.10
249.20
232.60
226.10
206.70
183.10
172.30
158.60
145.50
122.10
99.03
83.08
74.47
62.83
49.49
41.87
40.36
37.44
30.35
26.88
26.11
22.54
18.87
15.86
14.10
11.82
9.37
8.29
6.90
5.33
4.28
3.48
2.89
2.49
2.25
2.05
1.84
1.62
1.46
1.36
1.28
1.21
1.13
1.05
0.99
0.96
0.95
0.96
0.98
0.98
1.04
1.05
1.07
1.06
1.07
1.00
0.95
0.95
0.94
0.92
0.91
0.90
0.91
0.99
1.00
1.20
1.24
1.64
1.53
1.58
1.87
1.98
2.08
2.19
2.47
2.45
2.59
2.56
2.35
2.21
2.14
1.93
1.88
1.81
1.63
1.63
1.30
1.24
0.98
0.83
0.86
0.97
0.92
1.10
1.39
1.70
2.04
2.32
2.47
2.82
2.89
2.47
2.15
1.85
1.56
1.20
0.89
0.68
0.60
0.45
0.36
0.30
0.25
0.22
0.22
0.22
0.21
0.22
0.21
0.21
0.21
0.21
0.21
56.66
41.73
44.46
59.91
65.43
72.33
75.13
72.79
64.52
68.75
72.68
78.28
80.36
83.17
95.83
93.17
99.25
105.50
111.40
116.00
115.20
117.80
108.70
102.40
105.20
113.40
121.60
125.70
130.60
149.90
158.10
167.10
169.60
180.80
180.50
173.90
175.90
172.80
167.00
170.70
178.90
165.10
159.90
154.90
154.50
141.80
121.70
110.90
102.10
90.89
85.79
73.24
61.10
55.81
50.84
45.99
44.84
46.72
47.81
50.14
52.50
53.59
54.18
54.58
54.40
54.81
57.53
61.13
66.88
70.64
65.44
62.12
60.00
56.47
49.99
44.22
38.72
31.97
25.18
19.85
16.88
14.45
12.55
11.68
10.48
8.83
7.19
6.00
4.95
3.96
3.18
2.71
2.46
2.27
2.05
1.87
1.70
1.61
1.55
1.50
1.43
1.37
1.30
1.27
1.24
1.24
1.23
1.23
1.24
1.25
1.26
1.27
1.30
1.28
1.22
1.20
1.22
1.23
1.22
1.21
1.22
1.40
1.53
1.67
1.78
2.01
1.83
1.79
1.96
1.78
2.23
2.57
3.63
4.08
3.81
4.22
3.85
3.44
3.53
3.51
2.96
2.60
1.98
1.67
1.49
1.28
1.44
1.42
1.09
1.14
1.14
1.44
2.25
2.31
2.32
2.71
2.48
2.68
3.09
2.85
2.34
1.76
1.38
1.08
1.00
0.82
0.66
0.56
0.47
0.40
0.35
0.31
0.31
0.30
0.30
0.29
0.28
0.26
0.26
0.25
0.25
53.76
44.30
45.40
53.46
52.66
52.88
54.70
72.42
63.52
62.26
73.46
76.05
76.07
75.28
75.08
88.40
106.10
97.72
98.92
103.90
103.00
88.83
95.78
109.50
98.56
103.20
101.60
109.30
96.56
96.18
93.15
94.47
93.71
89.10
85.49
86.32
82.02
73.89
63.90
53.66
42.98
38.05
35.66
32.85
32.13
30.04
28.37
26.84
26.44
27.32
26.40
27.38
30.21
33.14
33.18
31.83
31.09
34.29
37.40
39.52
43.02
44.33
45.32
46.29
47.55
46.25
46.64
47.88
46.92
47.10
47.65
48.06
48.13
46.26
44.76
43.82
45.55
38.61
32.79
29.05
26.29
23.54
18.71
15.35
12.96
10.73
8.59
6.77
5.65
4.46
3.34
2.79
2.59
2.40
2.26
2.02
1.83
1.66
1.58
1.54
1.46
1.38
1.29
1.24
1.22
1.21
1.21
1.22
1.21
1.27
1.23
1.22
1.22
1.23
1.22
1.22
1.22
1.19
1.17
1.17
1.20
1.40
1.61
2.03
2.27
2.62
2.52
2.49
2.70
2.75
2.84
3.12
3.35
3.23
3.76
3.80
4.01
3.44
3.00
2.72
2.47
2.45
2.27
2.43
2.08
1.74
1.57
1.24
1.19
1.20
1.22
1.34
1.73
1.78
2.14
2.62
2.30
2.69
2.74
2.42
2.33
2.00
1.57
1.16
0.94
0.89
0.73
0.57
0.46
0.40
0.36
0.32
0.31
0.31
0.30
0.29
0.26
0.25
0.25
0.25
0.25
57.06
42.31
46.84
48.66
51.97
51.77
63.99
69.79
55.98
62.44
61.25
67.67
67.17
62.17
69.94
74.20
76.41
88.90
94.97
98.05
97.65
88.92
84.18
82.54
75.82
71.25
68.89
62.29
56.50
60.54
52.30
50.12
42.50
37.86
31.69
29.14
29.82
35.06
40.45
40.40
43.50
40.61
37.82
39.52
42.81
33.31
33.86
34.17
36.50
46.23
42.64
48.01
51.96
55.06
58.25
57.82
59.43
63.39
67.94
72.30
79.53
83.73
86.53
89.35
93.67
97.93
103.40
108.30
110.30
117.40
125.00
126.30
111.80
100.90
97.11
88.65
76.07
62.55
46.64
35.47
28.94
22.35
19.74
17.01
14.41
11.27
9.12
7.15
5.30
3.83
2.66
2.23
2.08
1.93
1.76
1.63
1.53
1.47
1.43
1.42
1.36
1.30
1.25
1.22
1.20
1.19
1.19
1.20
1.22
1.23
1.23
1.24
1.33
1.26
1.34
1.37
1.35
1.30
1.30
1.27
1.26
1.49
1.73
2.11
2.57
2.64
2.64
2.67
2.76
2.82
3.13
3.58
3.78
5.48
5.24
5.11
5.03
5.29
4.91
4.85
3.98
3.12
2.78
2.31
2.04
1.79
1.89
1.44
1.18
1.16
1.24
1.27
1.31
1.65
1.60
1.95
2.19
2.35
2.51
2.50
1.91
1.65
1.49
1.23
1.03
0.81
0.68
0.56
0.48
0.43
0.38
0.35
0.34
0.33
0.32
0.31
0.29
0.27
0.26
0.26
0.25
52.59
45.82
42.63
43.14
52.64
60.10
68.73
74.86
65.65
64.57
65.24
67.13
67.99
72.18
73.04
77.87
86.29
76.47
62.30
61.34
60.86
57.77
54.50
48.01
42.70
40.80
39.99
36.99
31.74
29.77
27.40
23.22
23.30
23.61
24.85
27.39
29.57
33.32
31.79
31.33
31.30
31.96
32.40
32.99
33.94
32.64
32.87
32.65
32.51
30.24
31.10
32.51
35.43
36.24
35.06
38.95
40.25
41.12
50.01
53.43
59.00
62.20
64.74
67.34
70.27
70.51
70.85
68.93
67.77
67.38
66.51
66.12
66.61
66.12
61.29
57.50
52.09
46.88
41.77
36.63
29.60
24.67
21.44
17.59
13.67
10.76
8.90
6.96
5.64
4.25
3.16
2.67
2.47
2.26
2.06
1.86
1.69
1.57
1.48
1.39
1.32
1.26
1.20
1.15
1.12
1.12
1.12
1.13
1.13
1.16
1.17
1.19
1.18
1.19
1.19
1.19
1.20
1.20
1.23
1.23
1.25
1.49
1.86
2.25
2.47
2.53
2.66
2.40
2.32
2.90
3.09
3.15
3.41
3.43
3.54
3.73
3.71
3.55
3.71
3.33
3.45
3.17
2.69
2.51
2.38
1.99
1.70
1.32
1.21
1.19
1.19
1.26
1.27
1.29
1.48
1.55
1.67
1.66
1.69
1.69
1.63
1.48
1.29
1.00
0.82
0.74
0.71
0.54
0.46
0.40
0.36
0.33
0.32
0.31
0.30
0.29
0.27
0.25
0.25
0.25
0.25
54.83
44.59
37.66
49.65
55.28
61.20
68.55
75.00
69.04
75.58
79.27
92.19
89.96
92.47
77.89
76.68
66.48
63.84
61.82
53.29
50.62
45.09
38.13
36.00
32.30
25.84
23.00
20.36
19.32
19.66
18.63
20.45
21.28
22.19
23.08
24.85
27.97
28.27
31.14
34.61
38.21
39.09
41.07
41.07
42.67
35.85
31.58
28.73
32.26
42.87
37.56
41.81
40.51
42.70
47.97
47.83
53.37
57.35
61.07
68.40
75.43
82.16
84.92
89.90
91.10
93.95
96.49
98.42
100.80
101.10
109.70
114.20
115.60
108.80
92.79
71.23
57.85
49.60
44.80
38.87
31.31
24.23
19.11
15.59
11.70
9.87
8.38
7.02
5.58
4.45
3.54
3.06
2.67
2.37
2.14
1.90
1.73
1.61
1.49
1.40
1.31
1.25
1.19
1.13
1.09
1.07
1.06
1.05
1.05
1.05
1.07
1.07
1.12
1.14
1.14
1.15
1.14
1.14
1.14
1.14
1.16
1.31
1.54
1.58
1.75
1.78
2.08
1.93
2.02
2.20
2.44
2.68
3.12
3.37
5.67
4.39
4.07
4.05
3.67
3.63
3.05
2.83
2.63
2.38
2.27
1.93
1.74
1.43
1.20
1.15
1.14
1.13
1.15
1.19
1.21
1.32
1.36
1.37
1.39
1.41
1.39
1.31
1.16
1.02
0.93
0.75
0.64
0.52
0.47
0.42
0.38
0.35
0.34
0.33
0.32
0.32
0.30
0.27
0.27
0.26
0.26
52.16
46.54
34.08
42.76
59.07
64.24
64.33
75.07
74.16
71.54
73.68
79.05
80.99
87.14
75.10
69.43
64.58
61.91
64.29
52.67
44.96
38.22
33.56
36.38
28.30
26.96
24.12
23.83
22.00
16.75
17.71
25.45
26.34
23.29
23.50
24.64
26.69
27.88
32.52
32.70
32.93
31.95
35.50
36.25
36.10
33.48
32.60
31.50
30.95
36.43
34.34
31.54
34.68
33.36
34.68
38.95
39.05
43.25
49.57
52.64
57.05
58.25
60.52
63.76
65.05
68.10
70.56
72.01
69.74
68.50
70.24
73.24
66.48
66.29
66.27
66.57
68.39
62.96
55.62
43.41
30.98
23.65
19.71
16.67
13.35
10.29
7.22
5.49
4.21
3.40
2.55
2.07
1.86
1.68
1.47
1.32
1.21
1.15
1.09
1.05
1.01
0.98
0.95
0.92
0.92
0.92
0.92
0.93
0.96
0.98
1.00
1.04
1.05
1.06
1.03
1.02
1.01
1.00
1.00
1.00
1.01
1.03
1.36
1.57
1.68
2.31
2.21
2.61
2.38
2.99
3.13
2.93
3.16
3.41
3.63
3.50
3.51
3.51
3.38
3.12
2.89
2.76
2.39
2.27
2.04
1.72
1.43
1.13
1.08
1.07
1.06
1.06
1.06
1.07
1.09
1.16
1.21
1.40
1.37
1.46
1.41
1.52
1.35
1.15
0.93
0.85
0.64
0.52
0.46
0.41
0.36
0.34
0.32
0.31
0.31
0.30
0.27
0.25
0.25
0.25
0.25
54.83
44.59
37.66
49.65
55.28
61.20
68.55
75.00
69.04
75.58
79.27
92.19
89.96
92.47
77.89
76.68
66.48
63.84
61.82
53.29
50.62
45.09
38.13
36.00
32.30
25.84
23.00
20.36
19.32
19.66
18.63
20.45
21.28
22.19
23.08
24.85
27.97
28.27
31.14
34.61
38.21
39.09
41.07
41.07
42.67
35.85
31.58
28.73
32.26
42.87
37.56
41.81
40.51
42.70
47.97
47.83
53.37
57.35
61.07
68.40
75.43
82.16
84.92
89.90
91.10
93.95
96.49
98.42
100.80
101.10
109.70
114.20
115.60
108.80
92.79
71.23
57.85
49.60
44.80
38.87
31.31
24.23
19.11
15.59
11.70
9.87
8.38
7.02
5.58
4.45
3.54
3.06
2.67
2.37
2.14
1.90
1.73
1.61
1.49
1.40
1.31
1.25
1.19
1.13
1.09
1.07
1.06
1.05
1.05
1.05
1.07
1.07
1.12
1.14
1.14
1.15
1.14
1.14
1.14
1.14
1.16
1.31
1.54
1.58
1.75
1.78
2.08
1.93
2.02
2.20
2.44
2.68
3.12
3.37
5.67
4.39
4.07
4.05
3.67
3.63
3.05
2.83
2.63
2.38
2.27
1.93
1.74
1.43
1.20
1.15
1.14
1.13
1.15
1.19
1.21
1.32
1.36
1.37
1.39
1.41
1.39
1.31
1.16
1.02
0.93
0.75
0.64
0.52
0.47
0.42
0.38
0.35
0.34
0.33
0.32
0.32
0.30
0.27
0.27
0.26
0.26
52.59
45.82
42.63
43.14
52.64
60.10
68.73
74.86
65.65
64.57
65.24
67.13
67.99
72.18
73.04
77.87
86.29
76.47
62.30
61.34
60.86
57.77
54.50
48.01
42.70
40.80
39.99
36.99
31.74
29.77
27.40
23.22
23.30
23.61
24.85
27.39
29.57
33.32
31.79
31.33
31.30
31.96
32.40
32.99
33.94
32.64
32.87
32.65
32.51
30.24
31.10
32.51
35.43
36.24
35.06
38.95
40.25
41.12
50.01
53.43
59.00
62.20
64.74
67.34
70.27
70.51
70.85
68.93
67.77
67.38
66.51
66.12
66.61
66.12
61.29
57.50
52.09
46.88
41.77
36.63
29.60
24.67
21.44
17.59
13.67
10.76
8.90
6.96
5.64
4.25
3.16
2.67
2.47
2.26
2.06
1.86
1.69
1.57
1.48
1.39
1.32
1.26
1.20
1.15
1.12
1.12
1.12
1.13
1.13
1.16
1.17
1.19
1.18
1.19
1.19
1.19
1.20
1.20
1.23
1.23
1.25
1.49
1.86
2.25
2.47
2.53
2.66
2.40
2.32
2.90
3.09
3.15
3.41
3.43
3.54
3.73
3.71
3.55
3.71
3.33
3.45
3.17
2.69
2.51
2.38
1.99
1.70
1.32
1.21
1.19
1.19
1.26
1.27
1.29
1.48
1.55
1.67
1.66
1.69
1.69
1.63
1.48
1.29
1.00
0.82
0.74
0.71
0.54
0.46
0.40
0.36
0.33
0.32
0.31
0.30
0.29
0.27
0.25
0.25
0.25
0.25
57.06
42.31
46.84
48.66
51.97
51.77
63.99
69.79
55.98
62.44
61.25
67.67
67.17
62.17
69.94
74.20
76.41
88.90
94.97
98.05
97.65
88.92
84.18
82.54
75.82
71.25
68.89
62.29
56.50
60.54
52.30
50.12
42.50
37.86
31.69
29.14
29.82
35.06
40.45
40.40
43.50
40.61
37.82
39.52
42.81
33.31
33.86
34.17
36.50
46.23
42.64
48.01
51.96
55.06
58.25
57.82
59.43
63.39
67.94
72.30
79.53
83.73
86.53
89.35
93.67
97.93
103.40
108.30
110.30
117.40
125.00
126.30
111.80
100.90
97.11
88.65
76.07
62.55
46.64
35.47
28.94
22.35
19.74
17.01
14.41
11.27
9.12
7.15
5.30
3.83
2.66
2.23
2.08
1.93
1.76
1.63
1.53
1.47
1.43
1.42
1.36
1.30
1.25
1.22
1.20
1.19
1.19
1.20
1.22
1.23
1.23
1.24
1.33
1.26
1.34
1.37
1.35
1.30
1.30
1.27
1.26
1.49
1.73
2.11
2.57
2.64
2.64
2.67
2.76
2.82
3.13
3.58
3.78
5.48
5.24
5.11
5.03
5.29
4.91
4.85
3.98
3.12
2.78
2.31
2.04
1.79
1.89
1.44
1.18
1.16
1.24
1.27
1.31
1.65
1.60
1.95
2.19
2.35
2.51
2.50
1.91
1.65
1.49
1.23
1.03
0.81
0.68
0.56
0.48
0.43
0.38
0.35
0.34
0.33
0.32
0.31
0.29
0.27
0.26
0.26
0.25
53.76
44.30
45.40
53.46
52.66
52.88
54.70
72.42
63.52
62.26
73.46
76.05
76.07
75.28
75.08
88.40
106.10
97.72
98.92
103.90
103.00
88.83
95.78
109.50
98.56
103.20
101.60
109.30
96.56
96.18
93.15
94.47
93.71
89.10
85.49
86.32
82.02
73.89
63.90
53.66
42.98
38.05
35.66
32.85
32.13
30.04
28.37
26.84
26.44
27.32
26.40
27.38
30.21
33.14
33.18
31.83
31.09
34.29
37.40
39.52
43.02
44.33
45.32
46.29
47.55
46.25
46.64
47.88
46.92
47.10
47.65
48.06
48.13
46.26
44.76
43.82
45.55
38.61
32.79
29.05
26.29
23.54
18.71
15.35
12.96
10.73
8.59
6.77
5.65
4.46
3.34
2.79
2.59
2.40
2.26
2.02
1.83
1.66
1.58
1.54
1.46
1.38
1.29
1.24
1.22
1.21
1.21
1.22
1.21
1.27
1.23
1.22
1.22
1.23
1.22
1.22
1.22
1.19
1.17
1.17
1.20
1.40
1.61
2.03
2.27
2.62
2.52
2.49
2.70
2.75
2.84
3.12
3.35
3.23
3.76
3.80
4.01
3.44
3.00
2.72
2.47
2.45
2.27
2.43
2.08
1.74
1.57
1.24
1.19
1.20
1.22
1.34
1.73
1.78
2.14
2.62
2.30
2.69
2.74
2.42
2.33
2.00
1.57
1.16
0.94
0.89
0.73
0.57
0.46
0.40
0.36
0.32
0.31
0.31
0.30
0.29
0.26
0.25
0.25
0.25
0.25
56.66
41.73
44.46
59.91
65.43
72.33
75.13
72.79
64.52
68.75
72.68
78.28
80.36
83.17
95.83
93.17
99.25
105.50
111.40
116.00
115.20
117.80
108.70
102.40
105.20
113.40
121.60
125.70
130.60
149.90
158.10
167.10
169.60
180.80
180.50
173.90
175.90
172.80
167.00
170.70
178.90
165.10
159.90
154.90
154.50
141.80
121.70
110.90
102.10
90.89
85.79
73.24
61.10
55.81
50.84
45.99
44.84
46.72
47.81
50.14
52.50
53.59
54.18
54.58
54.40
54.81
57.53
61.13
66.88
70.64
65.44
62.12
60.00
56.47
49.99
44.22
38.72
31.97
25.18
19.85
16.88
14.45
12.55
11.68
10.48
8.83
7.19
6.00
4.95
3.96
3.18
2.71
2.46
2.27
2.05
1.87
1.70
1.61
1.55
1.50
1.43
1.37
1.30
1.27
1.24
1.24
1.23
1.23
1.24
1.25
1.26
1.27
1.30
1.28
1.22
1.20
1.22
1.23
1.22
1.21
1.22
1.40
1.53
1.67
1.78
2.01
1.83
1.79
1.96
1.78
2.23
2.57
3.63
4.08
3.81
4.22
3.85
3.44
3.53
3.51
2.96
2.60
1.98
1.67
1.49
1.28
1.44
1.42
1.09
1.14
1.14
1.44
2.25
2.31
2.32
2.71
2.48
2.68
3.09
2.85
2.34
1.76
1.38
1.08
1.00
0.82
0.66
0.56
0.47
0.40
0.35
0.31
0.31
0.30
0.30
0.29
0.28
0.26
0.26
0.25
0.25
