SALVI
1
0
24
15.0
181
1.0
241005 Palacio 5050 350mA F4MD C TRANSL
PALACIO 5050 350mA F4MD PMMA LC

PALACIO-5050-F4MD-PMMALC.ldt
24 September 2024/TB
465
0
825
200
10
0
0
0
0
96.18
100.00
1.00
0.00
1
1
5050
4155.80
3000
70
40.70
0.17
0.25
0.34
0.42
0.48
0.58
0.63
0.68
0.74
0.78
0.00
15.00
30.00
45.00
60.00
75.00
90.00
105.00
120.00
135.00
150.00
165.00
180.00
195.00
210.00
225.00
240.00
255.00
270.00
285.00
300.00
315.00
330.00
345.00
0.00
1.00
2.00
3.00
4.00
5.00
6.00
7.00
8.00
9.00
10.00
11.00
12.00
13.00
14.00
15.00
16.00
17.00
18.00
19.00
20.00
21.00
22.00
23.00
24.00
25.00
26.00
27.00
28.00
29.00
30.00
31.00
32.00
33.00
34.00
35.00
36.00
37.00
38.00
39.00
40.00
41.00
42.00
43.00
44.00
45.00
46.00
47.00
48.00
49.00
50.00
51.00
52.00
53.00
54.00
55.00
56.00
57.00
58.00
59.00
60.00
61.00
62.00
63.00
64.00
65.00
66.00
67.00
68.00
69.00
70.00
71.00
72.00
73.00
74.00
75.00
76.00
77.00
78.00
79.00
80.00
81.00
82.00
83.00
84.00
85.00
86.00
87.00
88.00
89.00
90.00
91.00
92.00
93.00
94.00
95.00
96.00
97.00
98.00
99.00
100.00
101.00
102.00
103.00
104.00
105.00
106.00
107.00
108.00
109.00
110.00
111.00
112.00
113.00
114.00
115.00
116.00
117.00
118.00
119.00
120.00
121.00
122.00
123.00
124.00
125.00
126.00
127.00
128.00
129.00
130.00
131.00
132.00
133.00
134.00
135.00
136.00
137.00
138.00
139.00
140.00
141.00
142.00
143.00
144.00
145.00
146.00
147.00
148.00
149.00
150.00
151.00
152.00
153.00
154.00
155.00
156.00
157.00
158.00
159.00
160.00
161.00
162.00
163.00
164.00
165.00
166.00
167.00
168.00
169.00
170.00
171.00
172.00
173.00
174.00
175.00
176.00
177.00
178.00
179.00
180.00
66.06
65.81
67.09
71.37
76.65
83.46
90.80
98.47
106.10
113.00
119.20
125.30
130.90
135.90
140.60
145.10
149.40
153.40
157.40
161.20
164.80
168.50
172.10
175.60
179.20
182.90
186.40
190.10
193.90
197.70
201.60
205.50
209.60
213.50
217.60
221.50
225.40
229.10
232.80
236.20
239.30
242.30
244.90
247.00
249.00
250.60
251.70
252.30
252.30
252.10
251.10
249.60
247.60
244.70
241.50
237.50
232.70
227.40
221.70
215.30
208.20
200.70
192.80
184.50
175.80
166.90
157.80
148.70
139.40
130.10
121.00
112.20
103.70
95.43
87.63
80.20
73.37
66.74
60.78
55.20
50.14
45.52
41.35
37.56
34.17
31.12
28.38
25.98
23.81
21.89
20.16
18.62
17.22
15.96
14.84
13.83
12.93
12.13
11.40
10.75
10.18
9.65
9.18
8.75
8.37
8.02
7.71
7.42
7.16
6.92
6.70
6.49
6.31
6.13
5.96
5.80
5.66
5.52
5.39
5.26
5.14
5.02
4.90
4.80
4.68
4.58
4.47
4.37
4.26
4.16
4.06
3.96
3.85
3.75
3.65
3.55
3.45
3.35
3.24
3.15
3.05
2.94
2.84
2.74
2.64
2.54
2.43
2.33
2.22
2.12
2.02
1.91
1.81
1.70
1.60
1.50
1.40
1.31
1.21
1.12
1.03
0.94
0.86
0.78
0.70
0.63
0.56
0.49
0.42
0.36
0.32
0.29
0.29
0.29
0.29
0.29
0.28
0.28
0.28
0.28
0.28
62.93
63.64
65.96
71.82
77.68
85.64
93.97
102.60
110.80
118.60
125.90
132.90
139.50
145.60
151.60
157.20
162.40
167.50
172.50
177.20
181.90
186.70
191.40
196.20
201.00
205.70
210.80
215.90
221.10
226.30
231.90
237.40
243.00
248.90
254.90
260.70
266.80
272.60
278.40
284.00
289.40
294.80
299.70
304.30
308.50
312.30
315.60
318.50
320.60
322.00
323.00
322.80
322.20
320.50
318.20
314.70
310.30
305.10
299.00
291.70
283.80
275.00
265.30
254.90
243.80
232.20
220.20
207.90
195.20
182.40
169.80
157.30
145.10
132.90
121.60
110.70
100.40
90.90
82.03
73.81
66.36
59.54
53.38
47.88
42.95
38.56
34.64
31.23
28.16
25.50
23.14
21.04
19.17
17.54
16.09
14.81
13.69
12.72
11.85
11.08
10.41
9.82
9.29
8.82
8.40
8.03
7.69
7.39
7.11
6.86
6.63
6.43
6.24
6.06
5.89
5.74
5.59
5.46
5.33
5.20
5.08
4.97
4.85
4.74
4.63
4.53
4.42
4.33
4.22
4.12
4.02
3.92
3.81
3.71
3.61
3.51
3.41
3.31
3.21
3.11
3.00
2.90
2.80
2.70
2.60
2.50
2.39
2.29
2.19
2.08
1.98
1.88
1.78
1.68
1.58
1.48
1.38
1.29
1.20
1.11
1.03
0.95
0.87
0.80
0.73
0.66
0.59
0.53
0.46
0.40
0.36
0.35
0.34
0.34
0.34
0.33
0.32
0.32
0.32
0.33
0.33
63.10
64.97
68.46
74.18
81.50
89.72
98.42
107.60
116.30
124.60
132.60
140.30
147.90
154.70
161.30
167.60
173.70
179.70
185.60
191.50
197.30
203.10
208.90
214.70
220.60
226.80
233.10
239.70
246.30
253.30
260.60
268.30
276.10
284.10
292.50
301.20
309.80
318.90
327.70
336.60
345.50
354.30
362.80
371.10
379.00
386.50
393.40
399.60
405.20
410.00
413.60
416.10
418.00
418.30
417.30
414.90
411.20
406.10
399.40
391.20
381.90
371.00
358.80
345.50
331.00
315.90
299.70
282.90
265.80
248.30
230.60
213.20
195.90
179.20
163.10
147.70
133.20
119.60
107.00
95.37
84.81
75.56
66.98
59.10
52.36
46.31
41.00
36.37
32.30
28.75
25.65
22.97
20.59
18.54
16.76
15.21
13.89
12.74
11.74
10.88
10.13
9.48
8.91
8.41
7.96
7.58
7.24
6.94
6.66
6.42
6.21
6.00
5.83
5.66
5.51
5.36
5.23
5.11
4.99
4.88
4.77
4.66
4.56
4.46
4.36
4.27
4.18
4.09
3.99
3.90
3.81
3.71
3.62
3.53
3.44
3.34
3.25
3.16
3.07
2.97
2.88
2.79
2.69
2.59
2.50
2.40
2.30
2.21
2.11
2.02
1.92
1.82
1.73
1.63
1.53
1.44
1.35
1.26
1.17
1.09
1.01
0.93
0.86
0.79
0.72
0.66
0.60
0.54
0.48
0.42
0.37
0.34
0.34
0.34
0.34
0.34
0.33
0.32
0.32
0.32
0.33
62.56
65.36
70.05
76.25
83.68
92.41
101.70
111.30
120.50
129.30
138.00
146.40
154.30
162.00
169.20
176.30
183.10
190.00
196.80
203.50
210.30
217.20
224.10
231.20
238.30
245.70
253.20
261.00
269.50
278.00
287.00
296.60
306.30
316.40
327.00
337.70
348.90
359.90
371.30
382.50
393.70
404.70
415.30
425.70
435.60
444.80
453.50
461.20
468.10
473.70
478.30
481.40
483.40
483.50
482.30
479.40
474.80
468.50
460.30
450.70
439.30
426.20
411.60
395.60
378.20
359.90
340.60
320.60
299.90
279.10
258.20
237.50
217.30
197.90
179.30
161.70
145.60
129.60
115.30
102.30
90.61
80.00
70.55
62.14
54.73
48.18
42.43
37.44
33.07
29.31
26.04
23.18
20.71
18.58
16.73
15.14
13.79
12.61
11.61
10.73
9.98
9.31
8.74
8.25
7.81
7.43
7.09
6.78
6.51
6.27
6.05
5.85
5.67
5.50
5.35
5.20
5.07
4.93
4.81
4.70
4.59
4.48
4.38
4.28
4.19
4.10
4.00
3.92
3.82
3.73
3.64
3.55
3.46
3.37
3.28
3.19
3.10
3.01
2.92
2.83
2.74
2.65
2.56
2.47
2.38
2.29
2.20
2.10
2.01
1.92
1.83
1.74
1.65
1.56
1.47
1.38
1.30
1.21
1.13
1.05
0.97
0.89
0.82
0.75
0.69
0.63
0.58
0.52
0.46
0.41
0.36
0.33
0.33
0.33
0.33
0.33
0.32
0.32
0.33
0.34
0.34
62.64
66.20
71.28
78.39
86.92
96.30
106.20
116.40
126.20
135.70
144.70
153.80
162.20
170.20
178.00
185.30
192.60
199.70
207.00
214.00
221.30
228.50
235.80
243.30
251.10
259.20
267.60
276.20
285.10
294.40
304.00
314.00
324.10
334.60
345.10
355.90
366.70
377.60
388.40
399.00
409.20
419.20
428.50
437.70
445.70
453.20
459.90
465.50
470.00
473.40
475.40
475.80
474.90
472.30
468.30
462.50
455.20
446.00
435.40
422.90
409.00
393.70
377.40
359.30
340.70
321.30
301.30
281.30
260.90
240.90
221.00
202.00
183.50
166.00
149.60
134.30
119.90
106.90
94.99
84.20
74.83
66.21
58.22
51.46
45.52
40.26
35.65
31.66
28.17
25.15
22.53
20.23
18.21
16.48
15.00
13.69
12.57
11.60
10.76
10.03
9.39
8.83
8.34
7.91
7.53
7.18
6.88
6.61
6.37
6.15
5.95
5.76
5.59
5.44
5.29
5.15
5.02
4.90
4.78
4.67
4.56
4.46
4.36
4.26
4.16
4.07
3.98
3.89
3.80
3.71
3.62
3.53
3.43
3.34
3.26
3.17
3.09
3.00
2.91
2.82
2.73
2.64
2.55
2.46
2.37
2.28
2.19
2.10
2.01
1.92
1.83
1.74
1.65
1.56
1.47
1.39
1.30
1.22
1.14
1.06
0.98
0.91
0.84
0.77
0.71
0.65
0.59
0.54
0.47
0.41
0.37
0.33
0.33
0.33
0.33
0.33
0.33
0.32
0.32
0.33
0.33
62.30
66.24
72.52
78.83
88.09
98.22
108.90
119.90
130.50
140.60
150.20
159.50
168.40
176.80
185.00
192.80
200.30
207.70
215.10
222.30
229.70
237.00
244.80
252.60
260.70
268.90
277.30
286.00
295.00
304.10
313.50
323.10
332.90
342.70
352.50
362.20
372.10
381.60
390.80
400.00
408.50
416.50
424.30
431.00
437.00
441.90
446.30
449.20
451.30
452.20
451.40
449.50
446.00
441.00
434.60
426.50
416.70
405.80
393.10
378.90
363.70
347.60
330.20
312.20
293.50
274.70
255.60
236.70
218.10
199.90
182.40
166.00
150.40
135.50
121.50
108.90
97.20
86.69
77.14
68.49
60.88
54.01
47.95
42.60
37.92
33.78
30.16
27.05
24.30
21.91
19.85
18.02
16.42
15.03
13.82
12.76
11.84
11.04
10.33
9.71
9.17
8.69
8.26
7.89
7.54
7.24
6.96
6.71
6.47
6.26
6.06
5.88
5.71
5.56
5.41
5.27
5.14
5.01
4.89
4.77
4.66
4.55
4.44
4.34
4.23
4.13
4.04
3.94
3.84
3.75
3.65
3.56
3.46
3.37
3.27
3.18
3.09
3.00
2.91
2.81
2.72
2.63
2.53
2.45
2.35
2.26
2.17
2.08
1.99
1.90
1.81
1.72
1.63
1.54
1.45
1.37
1.29
1.20
1.12
1.04
0.97
0.90
0.83
0.76
0.70
0.64
0.58
0.51
0.45
0.39
0.34
0.32
0.32
0.32
0.32
0.32
0.32
0.32
0.33
0.34
0.33
62.48
66.59
72.24
80.07
89.41
99.68
110.40
121.60
132.60
143.00
153.40
163.00
172.00
180.60
188.60
196.30
204.00
211.50
219.30
226.70
234.20
242.00
249.50
257.60
265.60
273.90
282.30
291.20
299.90
308.90
318.10
327.40
337.00
346.70
356.00
365.40
374.70
383.50
392.60
400.80
408.70
416.10
422.90
428.70
433.90
438.40
441.40
443.70
444.70
444.50
443.10
440.20
436.00
430.10
423.10
414.20
403.90
392.10
379.00
364.60
349.40
332.70
315.80
297.60
279.30
260.90
242.20
224.00
206.10
188.90
172.10
156.20
141.30
127.30
114.40
102.30
91.28
81.41
72.91
64.43
57.25
50.87
45.18
40.21
35.84
31.99
28.63
25.73
23.16
20.96
19.02
17.32
15.84
14.54
13.41
12.42
11.57
10.81
10.16
9.58
9.07
8.61
8.21
7.85
7.52
7.23
6.97
6.73
6.50
6.29
6.10
5.92
5.76
5.60
5.46
5.32
5.18
5.05
4.93
4.81
4.70
4.59
4.48
4.37
4.27
4.16
4.06
3.97
3.87
3.77
3.67
3.57
3.48
3.38
3.29
3.20
3.11
3.02
2.92
2.83
2.73
2.64
2.55
2.46
2.36
2.27
2.18
2.09
2.00
1.91
1.82
1.73
1.64
1.55
1.47
1.38
1.30
1.22
1.14
1.07
0.99
0.92
0.85
0.78
0.72
0.65
0.60
0.53
0.46
0.41
0.36
0.33
0.33
0.33
0.33
0.33
0.33
0.32
0.32
0.32
0.33
62.30
66.24
72.52
78.83
88.09
98.22
108.90
119.90
130.50
140.60
150.20
159.50
168.40
176.80
185.00
192.80
200.30
207.70
215.10
222.30
229.70
237.00
244.80
252.60
260.70
268.90
277.30
286.00
295.00
304.10
313.50
323.10
332.90
342.70
352.50
362.20
372.10
381.60
390.80
400.00
408.50
416.50
424.30
431.00
437.00
441.90
446.30
449.20
451.30
452.20
451.40
449.50
446.00
441.00
434.60
426.50
416.70
405.80
393.10
378.90
363.70
347.60
330.20
312.20
293.50
274.70
255.60
236.70
218.10
199.90
182.40
166.00
150.40
135.50
121.50
108.90
97.20
86.69
77.14
68.49
60.88
54.01
47.95
42.60
37.92
33.78
30.16
27.05
24.30
21.91
19.85
18.02
16.42
15.03
13.82
12.76
11.84
11.04
10.33
9.71
9.17
8.69
8.26
7.89
7.54
7.24
6.96
6.71
6.47
6.26
6.06
5.88
5.71
5.56
5.41
5.27
5.14
5.01
4.89
4.77
4.66
4.55
4.44
4.34
4.23
4.13
4.04
3.94
3.84
3.75
3.65
3.56
3.46
3.37
3.27
3.18
3.09
3.00
2.91
2.81
2.72
2.63
2.53
2.45
2.35
2.26
2.17
2.08
1.99
1.90
1.81
1.72
1.63
1.54
1.45
1.37
1.29
1.20
1.12
1.04
0.97
0.90
0.83
0.76
0.70
0.64
0.58
0.51
0.45
0.39
0.34
0.32
0.32
0.32
0.32
0.32
0.32
0.32
0.33
0.34
0.33
62.64
66.20
71.28
78.39
86.92
96.30
106.20
116.40
126.20
135.70
144.70
153.80
162.20
170.20
178.00
185.30
192.60
199.70
207.00
214.00
221.30
228.50
235.80
243.30
251.10
259.20
267.60
276.20
285.10
294.40
304.00
314.00
324.10
334.60
345.10
355.90
366.70
377.60
388.40
399.00
409.20
419.20
428.50
437.70
445.70
453.20
459.90
465.50
470.00
473.40
475.40
475.80
474.90
472.30
468.30
462.50
455.20
446.00
435.40
422.90
409.00
393.70
377.40
359.30
340.70
321.30
301.30
281.30
260.90
240.90
221.00
202.00
183.50
166.00
149.60
134.30
119.90
106.90
94.99
84.20
74.83
66.21
58.22
51.46
45.52
40.26
35.65
31.66
28.17
25.15
22.53
20.23
18.21
16.48
15.00
13.69
12.57
11.60
10.76
10.03
9.39
8.83
8.34
7.91
7.53
7.18
6.88
6.61
6.37
6.15
5.95
5.76
5.59
5.44
5.29
5.15
5.02
4.90
4.78
4.67
4.56
4.46
4.36
4.26
4.16
4.07
3.98
3.89
3.80
3.71
3.62
3.53
3.43
3.34
3.26
3.17
3.09
3.00
2.91
2.82
2.73
2.64
2.55
2.46
2.37
2.28
2.19
2.10
2.01
1.92
1.83
1.74
1.65
1.56
1.47
1.39
1.30
1.22
1.14
1.06
0.98
0.91
0.84
0.77
0.71
0.65
0.59
0.54
0.47
0.41
0.37
0.33
0.33
0.33
0.33
0.33
0.33
0.32
0.32
0.33
0.33
62.56
65.36
70.05
76.25
83.68
92.41
101.70
111.30
120.50
129.30
138.00
146.40
154.30
162.00
169.20
176.30
183.10
190.00
196.80
203.50
210.30
217.20
224.10
231.20
238.30
245.70
253.20
261.00
269.50
278.00
287.00
296.60
306.30
316.40
327.00
337.70
348.90
359.90
371.30
382.50
393.70
404.70
415.30
425.70
435.60
444.80
453.50
461.20
468.10
473.70
478.30
481.40
483.40
483.50
482.30
479.40
474.80
468.50
460.30
450.70
439.30
426.20
411.60
395.60
378.20
359.90
340.60
320.60
299.90
279.10
258.20
237.50
217.30
197.90
179.30
161.70
145.60
129.60
115.30
102.30
90.61
80.00
70.55
62.14
54.73
48.18
42.43
37.44
33.07
29.31
26.04
23.18
20.71
18.58
16.73
15.14
13.79
12.61
11.61
10.73
9.98
9.31
8.74
8.25
7.81
7.43
7.09
6.78
6.51
6.27
6.05
5.85
5.67
5.50
5.35
5.20
5.07
4.93
4.81
4.70
4.59
4.48
4.38
4.28
4.19
4.10
4.00
3.92
3.82
3.73
3.64
3.55
3.46
3.37
3.28
3.19
3.10
3.01
2.92
2.83
2.74
2.65
2.56
2.47
2.38
2.29
2.20
2.10
2.01
1.92
1.83
1.74
1.65
1.56
1.47
1.38
1.30
1.21
1.13
1.05
0.97
0.89
0.82
0.75
0.69
0.63
0.58
0.52
0.46
0.41
0.36
0.33
0.33
0.33
0.33
0.33
0.32
0.32
0.33
0.34
0.34
63.10
64.97
68.46
74.18
81.50
89.72
98.42
107.60
116.30
124.60
132.60
140.30
147.90
154.70
161.30
167.60
173.70
179.70
185.60
191.50
197.30
203.10
208.90
214.70
220.60
226.80
233.10
239.70
246.30
253.30
260.60
268.30
276.10
284.10
292.50
301.20
309.80
318.90
327.70
336.60
345.50
354.30
362.80
371.10
379.00
386.50
393.40
399.60
405.20
410.00
413.60
416.10
418.00
418.30
417.30
414.90
411.20
406.10
399.40
391.20
381.90
371.00
358.80
345.50
331.00
315.90
299.70
282.90
265.80
248.30
230.60
213.20
195.90
179.20
163.10
147.70
133.20
119.60
107.00
95.37
84.81
75.56
66.98
59.10
52.36
46.31
41.00
36.37
32.30
28.75
25.65
22.97
20.59
18.54
16.76
15.21
13.89
12.74
11.74
10.88
10.13
9.48
8.91
8.41
7.96
7.58
7.24
6.94
6.66
6.42
6.21
6.00
5.83
5.66
5.51
5.36
5.23
5.11
4.99
4.88
4.77
4.66
4.56
4.46
4.36
4.27
4.18
4.09
3.99
3.90
3.81
3.71
3.62
3.53
3.44
3.34
3.25
3.16
3.07
2.97
2.88
2.79
2.69
2.59
2.50
2.40
2.30
2.21
2.11
2.02
1.92
1.82
1.73
1.63
1.53
1.44
1.35
1.26
1.17
1.09
1.01
0.93
0.86
0.79
0.72
0.66
0.60
0.54
0.48
0.42
0.37
0.34
0.34
0.34
0.34
0.34
0.33
0.32
0.32
0.32
0.33
62.93
63.64
65.96
71.82
77.68
85.64
93.97
102.60
110.80
118.60
125.90
132.90
139.50
145.60
151.60
157.20
162.40
167.50
172.50
177.20
181.90
186.70
191.40
196.20
201.00
205.70
210.80
215.90
221.10
226.30
231.90
237.40
243.00
248.90
254.90
260.70
266.80
272.60
278.40
284.00
289.40
294.80
299.70
304.30
308.50
312.30
315.60
318.50
320.60
322.00
323.00
322.80
322.20
320.50
318.20
314.70
310.30
305.10
299.00
291.70
283.80
275.00
265.30
254.90
243.80
232.20
220.20
207.90
195.20
182.40
169.80
157.30
145.10
132.90
121.60
110.70
100.40
90.90
82.03
73.81
66.36
59.54
53.38
47.88
42.95
38.56
34.64
31.23
28.16
25.50
23.14
21.04
19.17
17.54
16.09
14.81
13.69
12.72
11.85
11.08
10.41
9.82
9.29
8.82
8.40
8.03
7.69
7.39
7.11
6.86
6.63
6.43
6.24
6.06
5.89
5.74
5.59
5.46
5.33
5.20
5.08
4.97
4.85
4.74
4.63
4.53
4.42
4.33
4.22
4.12
4.02
3.92
3.81
3.71
3.61
3.51
3.41
3.31
3.21
3.11
3.00
2.90
2.80
2.70
2.60
2.50
2.39
2.29
2.19
2.08
1.98
1.88
1.78
1.68
1.58
1.48
1.38
1.29
1.20
1.11
1.03
0.95
0.87
0.80
0.73
0.66
0.59
0.53
0.46
0.40
0.36
0.35
0.34
0.34
0.34
0.33
0.32
0.32
0.32
0.33
0.33
66.06
65.81
67.09
71.37
76.65
83.46
90.80
98.47
106.10
113.00
119.20
125.30
130.90
135.90
140.60
145.10
149.40
153.40
157.40
161.20
164.80
168.50
172.10
175.60
179.20
182.90
186.40
190.10
193.90
197.70
201.60
205.50
209.60
213.50
217.60
221.50
225.40
229.10
232.80
236.20
239.30
242.30
244.90
247.00
249.00
250.60
251.70
252.30
252.30
252.10
251.10
249.60
247.60
244.70
241.50
237.50
232.70
227.40
221.70
215.30
208.20
200.70
192.80
184.50
175.80
166.90
157.80
148.70
139.40
130.10
121.00
112.20
103.70
95.43
87.63
80.20
73.37
66.74
60.78
55.20
50.14
45.52
41.35
37.56
34.17
31.12
28.38
25.98
23.81
21.89
20.16
18.62
17.22
15.96
14.84
13.83
12.93
12.13
11.40
10.75
10.18
9.65
9.18
8.75
8.37
8.02
7.71
7.42
7.16
6.92
6.70
6.49
6.31
6.13
5.96
5.80
5.66
5.52
5.39
5.26
5.14
5.02
4.90
4.80
4.68
4.58
4.47
4.37
4.26
4.16
4.06
3.96
3.85
3.75
3.65
3.55
3.45
3.35
3.24
3.15
3.05
2.94
2.84
2.74
2.64
2.54
2.43
2.33
2.22
2.12
2.02
1.91
1.81
1.70
1.60
1.50
1.40
1.31
1.21
1.12
1.03
0.94
0.86
0.78
0.70
0.63
0.56
0.49
0.42
0.36
0.32
0.29
0.29
0.29
0.29
0.29
0.28
0.28
0.28
0.28
0.28
62.93
61.60
61.92
65.00
70.17
76.20
82.49
88.81
94.84
100.60
105.90
110.80
115.20
119.20
122.90
126.20
129.10
131.80
134.40
136.70
139.10
141.50
143.70
145.80
147.90
149.90
151.80
153.60
155.40
157.10
158.90
160.60
162.30
163.90
165.40
166.80
168.10
169.20
170.10
170.80
171.20
171.50
171.30
171.00
170.30
169.40
168.10
166.60
164.70
162.60
160.10
157.40
154.30
151.00
147.50
143.50
139.60
135.30
130.80
126.20
121.40
116.50
111.50
106.50
101.40
96.25
91.25
86.15
81.24
76.42
71.74
67.18
62.82
58.59
54.57
50.85
47.27
43.91
40.80
37.90
35.18
32.69
30.39
28.25
26.30
24.51
22.84
21.33
19.97
18.72
17.56
16.48
15.49
14.56
13.71
12.93
12.21
11.56
10.96
10.41
9.90
9.44
9.01
8.63
8.27
7.96
7.66
7.40
7.15
6.91
6.70
6.51
6.33
6.16
6.01
5.85
5.72
5.58
5.45
5.33
5.21
5.10
4.99
4.88
4.77
4.67
4.57
4.47
4.37
4.27
4.17
4.07
3.97
3.87
3.77
3.68
3.58
3.48
3.38
3.29
3.19
3.09
3.00
2.89
2.79
2.69
2.59
2.48
2.38
2.28
2.17
2.07
1.96
1.86
1.75
1.65
1.55
1.45
1.35
1.26
1.16
1.07
0.98
0.90
0.82
0.75
0.69
0.62
0.55
0.49
0.45
0.42
0.41
0.41
0.41
0.40
0.38
0.35
0.35
0.34
0.33
63.10
60.63
59.63
61.25
65.08
69.59
74.47
79.60
84.41
88.81
92.70
96.07
99.03
101.60
103.80
105.70
107.40
108.90
110.30
111.40
112.40
113.10
113.60
114.00
114.30
114.50
114.50
114.40
114.20
113.90
113.50
113.10
112.60
112.10
111.40
110.70
109.80
108.90
107.80
106.70
105.40
103.90
102.40
100.70
98.88
96.99
94.98
92.90
90.72
88.53
86.30
84.05
81.80
79.53
77.25
75.00
72.77
70.55
68.37
66.20
64.06
61.94
59.91
57.86
55.85
53.90
51.95
50.00
48.10
46.21
44.35
42.52
40.73
38.96
37.22
35.55
33.91
32.32
30.77
29.26
27.82
26.43
25.08
23.78
22.55
21.37
20.24
19.16
18.15
17.20
16.30
15.44
14.60
13.82
13.08
12.40
11.74
11.14
10.58
10.06
9.59
9.15
8.73
8.36
8.02
7.70
7.42
7.16
6.91
6.69
6.49
6.30
6.12
5.96
5.81
5.67
5.54
5.41
5.29
5.17
5.06
4.95
4.85
4.75
4.65
4.55
4.46
4.36
4.27
4.18
4.09
3.99
3.90
3.80
3.71
3.62
3.53
3.44
3.34
3.26
3.17
3.08
2.98
2.88
2.79
2.69
2.59
2.49
2.39
2.28
2.18
2.08
1.98
1.87
1.77
1.66
1.56
1.46
1.36
1.27
1.17
1.08
0.99
0.90
0.82
0.75
0.68
0.61
0.55
0.50
0.46
0.43
0.42
0.41
0.41
0.39
0.37
0.35
0.34
0.34
0.34
62.56
59.33
57.49
58.29
61.14
64.71
68.56
72.53
76.11
79.28
81.96
84.11
85.84
87.05
87.88
88.43
88.78
88.99
89.10
89.11
89.04
88.86
88.48
87.78
86.84
85.75
84.60
83.46
82.34
81.11
79.89
78.68
77.49
76.31
75.14
73.97
72.81
71.72
70.58
69.47
68.36
67.22
66.08
64.97
63.86
62.78
61.68
60.63
59.58
58.57
57.60
56.63
55.71
54.79
53.89
53.04
52.18
51.35
50.51
49.69
48.86
48.00
47.14
46.25
45.33
44.40
43.40
42.35
41.25
40.11
38.94
37.75
36.58
35.34
34.11
32.89
31.66
30.40
29.16
27.94
26.72
25.52
24.35
23.20
22.09
20.99
19.93
18.91
17.94
17.05
16.18
15.34
14.53
13.75
13.02
12.33
11.67
11.06
10.50
9.97
9.48
9.03
8.62
8.24
7.90
7.58
7.29
7.03
6.79
6.57
6.36
6.18
6.01
5.85
5.70
5.56
5.43
5.30
5.19
5.08
4.97
4.86
4.76
4.66
4.57
4.47
4.39
4.30
4.20
4.11
4.02
3.93
3.84
3.75
3.66
3.57
3.48
3.39
3.30
3.22
3.14
3.05
2.95
2.86
2.76
2.66
2.57
2.47
2.37
2.27
2.17
2.07
1.97
1.87
1.77
1.66
1.57
1.47
1.37
1.27
1.18
1.09
1.00
0.91
0.84
0.76
0.70
0.64
0.58
0.53
0.49
0.47
0.46
0.45
0.44
0.43
0.40
0.37
0.36
0.35
0.35
62.64
58.57
55.92
55.87
58.05
60.89
64.00
67.44
70.47
72.97
74.87
76.20
76.99
77.28
77.14
76.69
76.00
75.16
74.28
73.32
72.19
70.99
69.75
68.56
67.41
66.28
65.12
63.92
62.74
61.63
60.60
59.62
58.75
57.93
57.19
56.50
55.85
55.26
54.73
54.21
53.72
53.25
52.80
52.34
51.92
51.48
51.08
50.67
50.27
49.89
49.51
49.14
48.75
48.37
47.99
47.60
47.20
46.78
46.33
45.84
45.33
44.78
44.20
43.57
42.89
42.19
41.42
40.56
39.67
38.74
37.74
36.71
35.64
34.55
33.41
32.28
31.12
29.95
28.79
27.62
26.46
25.31
24.20
23.10
22.01
20.96
19.92
18.92
17.97
17.09
16.22
15.38
14.57
13.79
13.06
12.36
11.70
11.08
10.51
9.97
9.49
9.04
8.63
8.24
7.89
7.57
7.28
7.01
6.77
6.55
6.34
6.16
5.99
5.83
5.68
5.55
5.42
5.30
5.18
5.07
4.97
4.87
4.77
4.68
4.58
4.49
4.40
4.32
4.23
4.14
4.05
3.96
3.88
3.79
3.70
3.61
3.52
3.43
3.34
3.26
3.18
3.09
2.99
2.90
2.80
2.70
2.60
2.50
2.40
2.30
2.19
2.09
1.99
1.88
1.78
1.67
1.57
1.46
1.36
1.26
1.17
1.08
0.99
0.90
0.82
0.75
0.68
0.61
0.55
0.50
0.47
0.44
0.43
0.43
0.42
0.41
0.38
0.35
0.34
0.34
0.34
62.30
57.80
54.87
54.74
56.85
59.68
62.68
65.71
68.30
70.36
71.77
72.58
72.82
72.52
71.83
70.74
69.30
67.73
66.09
64.41
62.88
61.47
60.16
58.95
57.83
56.82
55.91
55.08
54.35
53.69
53.12
52.67
52.28
51.95
51.67
51.45
51.23
51.05
50.88
50.70
50.53
50.36
50.17
49.99
49.79
49.59
49.38
49.16
48.93
48.69
48.46
48.21
47.94
47.66
47.36
47.03
46.70
46.33
45.96
45.55
45.09
44.60
44.06
43.48
42.85
42.16
41.42
40.61
39.75
38.84
37.89
36.90
35.86
34.80
33.70
32.59
31.45
30.31
29.17
28.04
26.88
25.76
24.65
23.55
22.49
21.44
20.42
19.45
18.52
17.64
16.79
15.95
15.14
14.36
13.62
12.91
12.24
11.62
11.03
10.49
9.98
9.51
9.08
8.68
8.31
7.98
7.68
7.40
7.13
6.90
6.68
6.48
6.29
6.12
5.97
5.82
5.68
5.55
5.43
5.31
5.19
5.08
4.97
4.87
4.77
4.67
4.57
4.48
4.38
4.29
4.19
4.10
4.00
3.91
3.81
3.72
3.62
3.53
3.43
3.34
3.25
3.15
3.05
2.95
2.85
2.75
2.65
2.54
2.44
2.33
2.23
2.12
2.01
1.91
1.80
1.69
1.59
1.49
1.38
1.29
1.19
1.10
1.01
0.92
0.84
0.77
0.69
0.63
0.57
0.52
0.49
0.47
0.46
0.45
0.45
0.43
0.40
0.38
0.36
0.35
0.35
62.48
57.97
54.81
54.34
56.12
58.71
61.68
64.85
67.71
70.02
71.51
72.06
71.96
71.24
70.07
68.66
67.13
65.48
63.79
62.17
60.61
59.18
57.87
56.67
55.59
54.67
53.87
53.18
52.61
52.13
51.74
51.48
51.28
51.16
51.07
51.02
50.94
50.90
50.87
50.80
50.73
50.61
50.47
50.32
50.15
49.99
49.86
49.66
49.48
49.28
49.08
48.86
48.61
48.35
48.06
47.78
47.45
47.09
46.70
46.29
45.84
45.32
44.78
44.19
43.56
42.87
42.09
41.28
40.39
39.49
38.51
37.50
36.46
35.38
34.27
33.14
31.99
30.84
29.66
28.49
27.32
26.15
25.02
23.90
22.82
21.78
20.74
19.75
18.81
17.92
17.06
16.22
15.40
14.61
13.86
13.14
12.46
11.83
11.23
10.67
10.16
9.69
9.25
8.84
8.47
8.13
7.81
7.52
7.26
7.01
6.79
6.58
6.39
6.21
6.05
5.89
5.74
5.60
5.47
5.35
5.23
5.12
5.00
4.90
4.79
4.69
4.59
4.49
4.39
4.30
4.20
4.11
4.01
3.91
3.81
3.72
3.62
3.52
3.43
3.33
3.24
3.15
3.05
2.95
2.85
2.75
2.64
2.54
2.43
2.33
2.22
2.12
2.01
1.91
1.80
1.70
1.60
1.50
1.39
1.29
1.19
1.10
1.01
0.92
0.84
0.77
0.69
0.63
0.56
0.52
0.48
0.45
0.45
0.44
0.43
0.42
0.39
0.35
0.34
0.34
0.34
62.30
57.80
54.87
54.74
56.85
59.68
62.68
65.71
68.30
70.36
71.77
72.58
72.82
72.52
71.83
70.74
69.30
67.73
66.09
64.41
62.88
61.47
60.16
58.95
57.83
56.82
55.91
55.08
54.35
53.69
53.12
52.67
52.28
51.95
51.67
51.45
51.23
51.05
50.88
50.70
50.53
50.36
50.17
49.99
49.79
49.59
49.38
49.16
48.93
48.69
48.46
48.21
47.94
47.66
47.36
47.03
46.70
46.33
45.96
45.55
45.09
44.60
44.06
43.48
42.85
42.16
41.42
40.61
39.75
38.84
37.89
36.90
35.86
34.80
33.70
32.59
31.45
30.31
29.17
28.04
26.88
25.76
24.65
23.55
22.49
21.44
20.42
19.45
18.52
17.64
16.79
15.95
15.14
14.36
13.62
12.91
12.24
11.62
11.03
10.49
9.98
9.51
9.08
8.68
8.31
7.98
7.68
7.40
7.13
6.90
6.68
6.48
6.29
6.12
5.97
5.82
5.68
5.55
5.43
5.31
5.19
5.08
4.97
4.87
4.77
4.67
4.57
4.48
4.38
4.29
4.19
4.10
4.00
3.91
3.81
3.72
3.62
3.53
3.43
3.34
3.25
3.15
3.05
2.95
2.85
2.75
2.65
2.54
2.44
2.33
2.23
2.12
2.01
1.91
1.80
1.69
1.59
1.49
1.38
1.29
1.19
1.10
1.01
0.92
0.84
0.77
0.69
0.63
0.57
0.52
0.49
0.47
0.46
0.45
0.45
0.43
0.40
0.38
0.36
0.35
0.35
62.64
58.57
55.92
55.87
58.05
60.89
64.00
67.44
70.47
72.97
74.87
76.20
76.99
77.28
77.14
76.69
76.00
75.16
74.28
73.32
72.19
70.99
69.75
68.56
67.41
66.28
65.12
63.92
62.74
61.63
60.60
59.62
58.75
57.93
57.19
56.50
55.85
55.26
54.73
54.21
53.72
53.25
52.80
52.34
51.92
51.48
51.08
50.67
50.27
49.89
49.51
49.14
48.75
48.37
47.99
47.60
47.20
46.78
46.33
45.84
45.33
44.78
44.20
43.57
42.89
42.19
41.42
40.56
39.67
38.74
37.74
36.71
35.64
34.55
33.41
32.28
31.12
29.95
28.79
27.62
26.46
25.31
24.20
23.10
22.01
20.96
19.92
18.92
17.97
17.09
16.22
15.38
14.57
13.79
13.06
12.36
11.70
11.08
10.51
9.97
9.49
9.04
8.63
8.24
7.89
7.57
7.28
7.01
6.77
6.55
6.34
6.16
5.99
5.83
5.68
5.55
5.42
5.30
5.18
5.07
4.97
4.87
4.77
4.68
4.58
4.49
4.40
4.32
4.23
4.14
4.05
3.96
3.88
3.79
3.70
3.61
3.52
3.43
3.34
3.26
3.18
3.09
2.99
2.90
2.80
2.70
2.60
2.50
2.40
2.30
2.19
2.09
1.99
1.88
1.78
1.67
1.57
1.46
1.36
1.26
1.17
1.08
0.99
0.90
0.82
0.75
0.68
0.61
0.55
0.50
0.47
0.44
0.43
0.43
0.42
0.41
0.38
0.35
0.34
0.34
0.34
62.56
59.33
57.49
58.29
61.14
64.71
68.56
72.53
76.11
79.28
81.96
84.11
85.84
87.05
87.88
88.43
88.78
88.99
89.10
89.11
89.04
88.86
88.48
87.78
86.84
85.75
84.60
83.46
82.34
81.11
79.89
78.68
77.49
76.31
75.14
73.97
72.81
71.72
70.58
69.47
68.36
67.22
66.08
64.97
63.86
62.78
61.68
60.63
59.58
58.57
57.60
56.63
55.71
54.79
53.89
53.04
52.18
51.35
50.51
49.69
48.86
48.00
47.14
46.25
45.33
44.40
43.40
42.35
41.25
40.11
38.94
37.75
36.58
35.34
34.11
32.89
31.66
30.40
29.16
27.94
26.72
25.52
24.35
23.20
22.09
20.99
19.93
18.91
17.94
17.05
16.18
15.34
14.53
13.75
13.02
12.33
11.67
11.06
10.50
9.97
9.48
9.03
8.62
8.24
7.90
7.58
7.29
7.03
6.79
6.57
6.36
6.18
6.01
5.85
5.70
5.56
5.43
5.30
5.19
5.08
4.97
4.86
4.76
4.66
4.57
4.47
4.39
4.30
4.20
4.11
4.02
3.93
3.84
3.75
3.66
3.57
3.48
3.39
3.30
3.22
3.14
3.05
2.95
2.86
2.76
2.66
2.57
2.47
2.37
2.27
2.17
2.07
1.97
1.87
1.77
1.66
1.57
1.47
1.37
1.27
1.18
1.09
1.00
0.91
0.84
0.76
0.70
0.64
0.58
0.53
0.49
0.47
0.46
0.45
0.44
0.43
0.40
0.37
0.36
0.35
0.35
63.10
60.63
59.63
61.25
65.08
69.59
74.47
79.60
84.41
88.81
92.70
96.07
99.03
101.60
103.80
105.70
107.40
108.90
110.30
111.40
112.40
113.10
113.60
114.00
114.30
114.50
114.50
114.40
114.20
113.90
113.50
113.10
112.60
112.10
111.40
110.70
109.80
108.90
107.80
106.70
105.40
103.90
102.40
100.70
98.88
96.99
94.98
92.90
90.72
88.53
86.30
84.05
81.80
79.53
77.25
75.00
72.77
70.55
68.37
66.20
64.06
61.94
59.91
57.86
55.85
53.90
51.95
50.00
48.10
46.21
44.35
42.52
40.73
38.96
37.22
35.55
33.91
32.32
30.77
29.26
27.82
26.43
25.08
23.78
22.55
21.37
20.24
19.16
18.15
17.20
16.30
15.44
14.60
13.82
13.08
12.40
11.74
11.14
10.58
10.06
9.59
9.15
8.73
8.36
8.02
7.70
7.42
7.16
6.91
6.69
6.49
6.30
6.12
5.96
5.81
5.67
5.54
5.41
5.29
5.17
5.06
4.95
4.85
4.75
4.65
4.55
4.46
4.36
4.27
4.18
4.09
3.99
3.90
3.80
3.71
3.62
3.53
3.44
3.34
3.26
3.17
3.08
2.98
2.88
2.79
2.69
2.59
2.49
2.39
2.28
2.18
2.08
1.98
1.87
1.77
1.66
1.56
1.46
1.36
1.27
1.17
1.08
0.99
0.90
0.82
0.75
0.68
0.61
0.55
0.50
0.46
0.43
0.42
0.41
0.41
0.39
0.37
0.35
0.34
0.34
0.34
62.93
61.60
61.92
65.00
70.17
76.20
82.49
88.81
94.84
100.60
105.90
110.80
115.20
119.20
122.90
126.20
129.10
131.80
134.40
136.70
139.10
141.50
143.70
145.80
147.90
149.90
151.80
153.60
155.40
157.10
158.90
160.60
162.30
163.90
165.40
166.80
168.10
169.20
170.10
170.80
171.20
171.50
171.30
171.00
170.30
169.40
168.10
166.60
164.70
162.60
160.10
157.40
154.30
151.00
147.50
143.50
139.60
135.30
130.80
126.20
121.40
116.50
111.50
106.50
101.40
96.25
91.25
86.15
81.24
76.42
71.74
67.18
62.82
58.59
54.57
50.85
47.27
43.91
40.80
37.90
35.18
32.69
30.39
28.25
26.30
24.51
22.84
21.33
19.97
18.72
17.56
16.48
15.49
14.56
13.71
12.93
12.21
11.56
10.96
10.41
9.90
9.44
9.01
8.63
8.27
7.96
7.66
7.40
7.15
6.91
6.70
6.51
6.33
6.16
6.01
5.85
5.72
5.58
5.45
5.33
5.21
5.10
4.99
4.88
4.77
4.67
4.57
4.47
4.37
4.27
4.17
4.07
3.97
3.87
3.77
3.68
3.58
3.48
3.38
3.29
3.19
3.09
3.00
2.89
2.79
2.69
2.59
2.48
2.38
2.28
2.17
2.07
1.96
1.86
1.75
1.65
1.55
1.45
1.35
1.26
1.16
1.07
0.98
0.90
0.82
0.75
0.69
0.62
0.55
0.49
0.45
0.42
0.41
0.41
0.41
0.40
0.38
0.35
0.35
0.34
0.33
