SALVI
1
0
24
15.0
181
1.0
241005 Palacio 5050 350mA F4M2 C TRANSL
PALACIO 5050 350 F4M2 PMMA LC

PALACIO-5050-F4M2-PMMALC.ldt
30 September 2024/TB
465
0
825
200
10
0
0
0
0
96.06
100.00
1.00
0.00
1
1
5050
4282.00
3000
70
13.60
0.17
0.26
0.35
0.43
0.49
0.58
0.63
0.68
0.74
0.78
0.00
15.00
30.00
45.00
60.00
75.00
90.00
105.00
120.00
135.00
150.00
165.00
180.00
195.00
210.00
225.00
240.00
255.00
270.00
285.00
300.00
315.00
330.00
345.00
0.00
1.00
2.00
3.00
4.00
5.00
6.00
7.00
8.00
9.00
10.00
11.00
12.00
13.00
14.00
15.00
16.00
17.00
18.00
19.00
20.00
21.00
22.00
23.00
24.00
25.00
26.00
27.00
28.00
29.00
30.00
31.00
32.00
33.00
34.00
35.00
36.00
37.00
38.00
39.00
40.00
41.00
42.00
43.00
44.00
45.00
46.00
47.00
48.00
49.00
50.00
51.00
52.00
53.00
54.00
55.00
56.00
57.00
58.00
59.00
60.00
61.00
62.00
63.00
64.00
65.00
66.00
67.00
68.00
69.00
70.00
71.00
72.00
73.00
74.00
75.00
76.00
77.00
78.00
79.00
80.00
81.00
82.00
83.00
84.00
85.00
86.00
87.00
88.00
89.00
90.00
91.00
92.00
93.00
94.00
95.00
96.00
97.00
98.00
99.00
100.00
101.00
102.00
103.00
104.00
105.00
106.00
107.00
108.00
109.00
110.00
111.00
112.00
113.00
114.00
115.00
116.00
117.00
118.00
119.00
120.00
121.00
122.00
123.00
124.00
125.00
126.00
127.00
128.00
129.00
130.00
131.00
132.00
133.00
134.00
135.00
136.00
137.00
138.00
139.00
140.00
141.00
142.00
143.00
144.00
145.00
146.00
147.00
148.00
149.00
150.00
151.00
152.00
153.00
154.00
155.00
156.00
157.00
158.00
159.00
160.00
161.00
162.00
163.00
164.00
165.00
166.00
167.00
168.00
169.00
170.00
171.00
172.00
173.00
174.00
175.00
176.00
177.00
178.00
179.00
180.00
66.78
66.58
67.99
72.59
78.27
85.57
93.36
101.50
109.50
117.10
123.60
130.20
136.00
141.60
146.70
151.50
156.10
160.50
164.70
168.80
172.70
176.60
180.40
184.30
188.00
191.80
195.50
199.40
203.20
207.10
211.20
215.10
219.30
223.40
227.50
231.60
235.60
239.50
243.40
246.80
250.10
253.00
255.60
257.80
259.80
261.40
262.50
263.10
263.20
262.70
261.70
260.10
257.70
254.90
251.40
247.20
242.20
236.70
230.50
223.90
216.50
208.80
200.50
191.80
182.80
173.60
164.10
154.50
145.00
135.40
125.80
116.70
107.80
99.26
91.12
83.40
76.10
69.51
63.17
57.39
52.08
47.28
42.92
38.98
35.42
32.26
29.41
26.88
24.64
22.64
20.85
19.24
17.79
16.49
15.33
14.29
13.36
12.54
11.80
11.13
10.54
10.00
9.53
9.09
8.70
8.35
8.02
7.74
7.47
7.22
7.00
6.79
6.60
6.41
6.24
6.08
5.93
5.79
5.65
5.52
5.40
5.27
5.16
5.04
4.92
4.81
4.70
4.59
4.48
4.38
4.27
4.16
4.06
3.95
3.85
3.74
3.63
3.53
3.42
3.32
3.21
3.11
3.00
2.90
2.79
2.68
2.57
2.46
2.36
2.25
2.14
2.03
1.92
1.81
1.71
1.60
1.50
1.40
1.31
1.21
1.12
1.02
0.93
0.85
0.77
0.70
0.62
0.55
0.48
0.41
0.37
0.34
0.34
0.34
0.34
0.33
0.32
0.32
0.31
0.31
0.31
64.62
64.85
66.90
72.31
78.76
86.86
95.31
104.00
112.30
120.20
127.60
134.60
141.10
147.30
153.10
158.50
163.50
168.30
172.90
177.30
181.70
185.80
190.00
194.20
198.50
202.60
206.80
211.10
215.60
220.00
224.60
229.40
234.10
238.90
243.80
248.70
253.50
258.20
262.90
267.20
271.40
275.40
279.10
282.40
285.30
287.80
289.80
291.40
292.30
292.70
292.60
291.80
290.10
287.70
284.90
281.30
276.70
271.40
265.40
258.70
251.30
243.20
234.40
225.00
215.10
204.90
194.30
183.50
172.50
161.40
150.50
139.70
128.90
118.50
108.70
99.34
90.42
82.17
74.40
67.25
60.75
54.77
49.37
44.50
40.17
36.25
32.77
29.69
26.95
24.54
22.40
20.49
18.78
17.27
15.93
14.74
13.69
12.77
11.95
11.22
10.57
10.00
9.49
9.04
8.63
8.26
7.93
7.64
7.36
7.11
6.89
6.68
6.49
6.31
6.14
5.99
5.84
5.70
5.57
5.44
5.32
5.20
5.08
4.97
4.86
4.76
4.65
4.54
4.43
4.33
4.23
4.12
4.02
3.92
3.81
3.71
3.60
3.50
3.39
3.28
3.18
3.08
2.97
2.87
2.76
2.65
2.55
2.44
2.34
2.23
2.12
2.02
1.91
1.80
1.70
1.59
1.49
1.39
1.30
1.20
1.11
1.03
0.94
0.86
0.79
0.72
0.64
0.57
0.50
0.44
0.38
0.36
0.36
0.36
0.36
0.35
0.33
0.33
0.33
0.33
0.33
64.68
65.76
68.66
74.08
81.31
89.42
97.99
106.80
115.30
123.30
131.00
138.10
145.30
151.60
157.60
163.30
168.60
173.90
178.80
183.70
188.30
193.00
197.50
201.90
206.40
211.10
215.70
220.40
225.20
230.10
235.30
240.60
246.20
251.90
257.70
263.50
269.30
275.40
281.20
286.80
292.60
298.00
303.30
308.30
312.80
317.10
320.80
324.10
326.90
328.80
330.40
331.10
331.20
330.40
328.70
326.10
322.50
318.00
312.50
306.00
298.70
290.40
281.20
271.20
260.50
249.00
237.10
224.50
211.60
198.40
185.00
171.80
158.70
145.90
133.50
121.50
110.30
99.66
89.69
80.55
72.42
64.80
57.77
51.58
46.05
41.08
36.73
32.88
29.47
26.50
23.87
21.56
19.51
17.73
16.17
14.80
13.62
12.59
11.68
10.88
10.20
9.59
9.06
8.58
8.16
7.79
7.47
7.17
6.91
6.67
6.45
6.26
6.08
5.92
5.77
5.62
5.49
5.37
5.25
5.13
5.02
4.92
4.81
4.71
4.61
4.52
4.42
4.33
4.24
4.14
4.05
3.95
3.86
3.76
3.66
3.57
3.47
3.38
3.28
3.18
3.09
2.99
2.90
2.79
2.69
2.59
2.49
2.39
2.29
2.19
2.09
1.99
1.88
1.78
1.68
1.58
1.48
1.38
1.29
1.20
1.11
1.03
0.94
0.87
0.80
0.73
0.67
0.60
0.53
0.47
0.42
0.38
0.38
0.38
0.38
0.37
0.36
0.34
0.34
0.34
0.34
64.16
65.90
70.35
74.83
82.33
90.78
99.64
108.80
117.40
125.70
133.70
141.30
148.40
155.20
161.30
167.10
172.60
178.10
183.30
188.40
193.30
198.30
203.10
207.90
212.70
217.30
222.20
227.10
232.30
237.70
243.30
249.20
255.30
261.60
268.10
274.70
281.50
288.20
295.10
301.80
308.60
315.20
321.30
327.60
333.20
338.50
343.60
348.10
351.80
354.80
357.20
358.90
359.80
359.50
358.50
356.30
353.00
348.60
343.40
336.70
328.80
320.00
310.00
298.90
287.00
274.20
260.60
246.40
231.80
216.80
201.70
186.90
171.90
157.50
143.90
130.20
117.70
106.00
95.13
85.08
75.95
67.62
60.15
53.49
47.56
42.28
37.59
33.52
29.90
26.78
24.05
21.64
19.52
17.68
16.08
14.68
13.48
12.43
11.51
10.72
10.02
9.41
8.88
8.42
8.00
7.64
7.31
7.02
6.75
6.52
6.31
6.11
5.93
5.77
5.61
5.47
5.34
5.21
5.10
4.98
4.87
4.76
4.66
4.56
4.46
4.37
4.28
4.19
4.10
4.00
3.91
3.82
3.72
3.63
3.53
3.44
3.35
3.26
3.17
3.07
2.98
2.89
2.79
2.70
2.60
2.51
2.41
2.31
2.22
2.12
2.03
1.93
1.84
1.73
1.64
1.55
1.45
1.36
1.27
1.18
1.09
1.01
0.92
0.85
0.77
0.71
0.65
0.59
0.53
0.47
0.41
0.37
0.37
0.37
0.36
0.36
0.34
0.34
0.34
0.34
0.34
64.12
66.31
70.28
76.59
84.62
93.44
102.80
112.30
121.50
130.10
138.10
146.10
153.20
159.80
165.80
171.50
176.70
181.90
186.80
191.60
196.20
200.90
205.30
209.80
214.40
219.20
224.00
229.00
234.10
239.40
245.00
250.90
256.90
263.10
269.50
275.90
282.30
289.00
295.40
301.80
308.10
314.10
320.00
325.40
330.60
335.10
339.20
342.90
345.60
347.70
348.80
349.10
348.50
347.00
344.40
340.70
335.70
329.50
322.50
314.10
304.70
294.40
283.00
270.60
257.80
244.50
230.40
216.10
201.90
187.50
173.30
159.40
146.00
133.10
121.00
109.50
98.74
88.82
79.67
71.50
64.00
57.05
50.92
45.44
40.60
36.28
32.48
29.15
26.22
23.65
21.38
19.38
17.63
16.09
14.75
13.56
12.53
11.64
10.84
10.16
9.56
9.02
8.55
8.13
7.75
7.42
7.13
6.87
6.63
6.41
6.21
6.03
5.87
5.71
5.57
5.44
5.31
5.19
5.08
4.97
4.86
4.75
4.66
4.56
4.46
4.37
4.28
4.19
4.10
4.01
3.92
3.83
3.74
3.64
3.55
3.46
3.37
3.28
3.18
3.10
3.00
2.91
2.82
2.72
2.63
2.53
2.43
2.34
2.24
2.15
2.05
1.95
1.85
1.75
1.66
1.56
1.47
1.38
1.29
1.20
1.12
1.03
0.95
0.88
0.80
0.74
0.68
0.61
0.54
0.48
0.43
0.39
0.38
0.38
0.38
0.37
0.36
0.35
0.34
0.34
0.34
63.83
66.22
71.38
76.59
85.23
94.79
104.70
115.00
124.70
133.70
142.30
150.30
157.70
164.20
170.40
176.10
181.20
186.10
190.70
195.00
199.30
203.50
207.80
212.20
216.50
221.10
225.70
230.70
235.60
240.80
246.10
251.60
257.40
263.10
268.90
274.90
280.90
286.80
292.50
298.00
303.60
308.80
313.60
318.20
322.30
325.90
328.90
331.20
333.00
333.70
333.60
332.60
330.70
327.70
323.70
318.50
312.00
304.60
296.20
286.50
276.10
264.80
252.70
240.10
227.10
213.70
200.30
186.80
173.30
160.20
147.50
135.50
123.40
112.30
102.00
92.26
83.23
75.01
67.46
60.57
54.40
48.81
43.80
39.35
35.40
31.89
28.77
26.05
23.63
21.54
19.67
18.01
16.54
15.24
14.09
13.08
12.20
11.41
10.72
10.10
9.56
9.08
8.65
8.26
7.91
7.60
7.32
7.06
6.82
6.61
6.41
6.22
6.06
5.90
5.75
5.61
5.47
5.35
5.23
5.11
5.00
4.89
4.78
4.67
4.58
4.47
4.37
4.28
4.18
4.08
3.99
3.89
3.79
3.70
3.60
3.50
3.40
3.31
3.21
3.11
3.02
2.92
2.82
2.73
2.63
2.53
2.43
2.34
2.24
2.14
2.04
1.94
1.85
1.75
1.65
1.56
1.46
1.37
1.28
1.19
1.11
1.03
0.95
0.87
0.80
0.73
0.66
0.60
0.52
0.46
0.40
0.37
0.36
0.36
0.35
0.35
0.34
0.34
0.34
0.34
0.34
63.92
66.45
70.83
77.78
86.55
96.15
106.20
116.50
126.70
136.00
145.30
153.40
160.60
167.10
173.10
178.50
183.50
188.40
193.10
197.40
201.80
206.10
210.20
214.50
219.00
223.40
227.80
232.40
237.30
242.50
247.50
253.10
258.50
264.20
269.80
275.60
281.10
286.80
292.30
297.70
302.80
307.60
312.10
316.10
319.80
323.20
325.90
327.60
328.70
329.10
328.60
327.20
324.70
321.20
316.50
310.80
304.00
296.20
287.10
277.40
266.60
255.00
243.00
230.20
217.30
204.10
190.80
177.60
164.70
152.00
139.60
127.90
116.70
106.10
96.26
87.07
78.59
71.18
63.77
57.31
51.48
46.27
41.59
37.43
33.75
30.42
27.55
25.01
22.74
20.78
19.04
17.48
16.11
14.89
13.81
12.85
12.02
11.27
10.62
10.04
9.52
9.06
8.64
8.27
7.93
7.64
7.36
7.11
6.88
6.66
6.47
6.29
6.12
5.96
5.81
5.66
5.52
5.40
5.28
5.16
5.05
4.93
4.82
4.72
4.61
4.51
4.41
4.31
4.21
4.11
4.01
3.91
3.82
3.72
3.62
3.52
3.42
3.32
3.23
3.13
3.04
2.94
2.84
2.74
2.64
2.54
2.44
2.34
2.24
2.15
2.05
1.95
1.85
1.75
1.66
1.57
1.47
1.39
1.30
1.21
1.13
1.05
0.96
0.89
0.81
0.75
0.68
0.61
0.53
0.47
0.42
0.38
0.37
0.37
0.37
0.37
0.36
0.34
0.34
0.34
0.34
63.83
66.22
71.38
76.59
85.23
94.79
104.70
115.00
124.70
133.70
142.30
150.30
157.70
164.20
170.40
176.10
181.20
186.10
190.70
195.00
199.30
203.50
207.80
212.20
216.50
221.10
225.70
230.70
235.60
240.80
246.10
251.60
257.40
263.10
268.90
274.90
280.90
286.80
292.50
298.00
303.60
308.80
313.60
318.20
322.30
325.90
328.90
331.20
333.00
333.70
333.60
332.60
330.70
327.70
323.70
318.50
312.00
304.60
296.20
286.50
276.10
264.80
252.70
240.10
227.10
213.70
200.30
186.80
173.30
160.20
147.50
135.50
123.40
112.30
102.00
92.26
83.23
75.01
67.46
60.57
54.40
48.81
43.80
39.35
35.40
31.89
28.77
26.05
23.63
21.54
19.67
18.01
16.54
15.24
14.09
13.08
12.20
11.41
10.72
10.10
9.56
9.08
8.65
8.26
7.91
7.60
7.32
7.06
6.82
6.61
6.41
6.22
6.06
5.90
5.75
5.61
5.47
5.35
5.23
5.11
5.00
4.89
4.78
4.67
4.58
4.47
4.37
4.28
4.18
4.08
3.99
3.89
3.79
3.70
3.60
3.50
3.40
3.31
3.21
3.11
3.02
2.92
2.82
2.73
2.63
2.53
2.43
2.34
2.24
2.14
2.04
1.94
1.85
1.75
1.65
1.56
1.46
1.37
1.28
1.19
1.11
1.03
0.95
0.87
0.80
0.73
0.66
0.60
0.52
0.46
0.40
0.37
0.36
0.36
0.35
0.35
0.34
0.34
0.34
0.34
0.34
64.12
66.31
70.28
76.59
84.62
93.44
102.80
112.30
121.50
130.10
138.10
146.10
153.20
159.80
165.80
171.50
176.70
181.90
186.80
191.60
196.20
200.90
205.30
209.80
214.40
219.20
224.00
229.00
234.10
239.40
245.00
250.90
256.90
263.10
269.50
275.90
282.30
289.00
295.40
301.80
308.10
314.10
320.00
325.40
330.60
335.10
339.20
342.90
345.60
347.70
348.80
349.10
348.50
347.00
344.40
340.70
335.70
329.50
322.50
314.10
304.70
294.40
283.00
270.60
257.80
244.50
230.40
216.10
201.90
187.50
173.30
159.40
146.00
133.10
121.00
109.50
98.74
88.82
79.67
71.50
64.00
57.05
50.92
45.44
40.60
36.28
32.48
29.15
26.22
23.65
21.38
19.38
17.63
16.09
14.75
13.56
12.53
11.64
10.84
10.16
9.56
9.02
8.55
8.13
7.75
7.42
7.13
6.87
6.63
6.41
6.21
6.03
5.87
5.71
5.57
5.44
5.31
5.19
5.08
4.97
4.86
4.75
4.66
4.56
4.46
4.37
4.28
4.19
4.10
4.01
3.92
3.83
3.74
3.64
3.55
3.46
3.37
3.28
3.18
3.10
3.00
2.91
2.82
2.72
2.63
2.53
2.43
2.34
2.24
2.15
2.05
1.95
1.85
1.75
1.66
1.56
1.47
1.38
1.29
1.20
1.12
1.03
0.95
0.88
0.80
0.74
0.68
0.61
0.54
0.48
0.43
0.39
0.38
0.38
0.38
0.37
0.36
0.35
0.34
0.34
0.34
64.16
65.90
70.35
74.83
82.33
90.78
99.64
108.80
117.40
125.70
133.70
141.30
148.40
155.20
161.30
167.10
172.60
178.10
183.30
188.40
193.30
198.30
203.10
207.90
212.70
217.30
222.20
227.10
232.30
237.70
243.30
249.20
255.30
261.60
268.10
274.70
281.50
288.20
295.10
301.80
308.60
315.20
321.30
327.60
333.20
338.50
343.60
348.10
351.80
354.80
357.20
358.90
359.80
359.50
358.50
356.30
353.00
348.60
343.40
336.70
328.80
320.00
310.00
298.90
287.00
274.20
260.60
246.40
231.80
216.80
201.70
186.90
171.90
157.50
143.90
130.20
117.70
106.00
95.13
85.08
75.95
67.62
60.15
53.49
47.56
42.28
37.59
33.52
29.90
26.78
24.05
21.64
19.52
17.68
16.08
14.68
13.48
12.43
11.51
10.72
10.02
9.41
8.88
8.42
8.00
7.64
7.31
7.02
6.75
6.52
6.31
6.11
5.93
5.77
5.61
5.47
5.34
5.21
5.10
4.98
4.87
4.76
4.66
4.56
4.46
4.37
4.28
4.19
4.10
4.00
3.91
3.82
3.72
3.63
3.53
3.44
3.35
3.26
3.17
3.07
2.98
2.89
2.79
2.70
2.60
2.51
2.41
2.31
2.22
2.12
2.03
1.93
1.84
1.73
1.64
1.55
1.45
1.36
1.27
1.18
1.09
1.01
0.92
0.85
0.77
0.71
0.65
0.59
0.53
0.47
0.41
0.37
0.37
0.37
0.36
0.36
0.34
0.34
0.34
0.34
0.34
64.68
65.76
68.66
74.08
81.31
89.42
97.99
106.80
115.30
123.30
131.00
138.10
145.30
151.60
157.60
163.30
168.60
173.90
178.80
183.70
188.30
193.00
197.50
201.90
206.40
211.10
215.70
220.40
225.20
230.10
235.30
240.60
246.20
251.90
257.70
263.50
269.30
275.40
281.20
286.80
292.60
298.00
303.30
308.30
312.80
317.10
320.80
324.10
326.90
328.80
330.40
331.10
331.20
330.40
328.70
326.10
322.50
318.00
312.50
306.00
298.70
290.40
281.20
271.20
260.50
249.00
237.10
224.50
211.60
198.40
185.00
171.80
158.70
145.90
133.50
121.50
110.30
99.66
89.69
80.55
72.42
64.80
57.77
51.58
46.05
41.08
36.73
32.88
29.47
26.50
23.87
21.56
19.51
17.73
16.17
14.80
13.62
12.59
11.68
10.88
10.20
9.59
9.06
8.58
8.16
7.79
7.47
7.17
6.91
6.67
6.45
6.26
6.08
5.92
5.77
5.62
5.49
5.37
5.25
5.13
5.02
4.92
4.81
4.71
4.61
4.52
4.42
4.33
4.24
4.14
4.05
3.95
3.86
3.76
3.66
3.57
3.47
3.38
3.28
3.18
3.09
2.99
2.90
2.79
2.69
2.59
2.49
2.39
2.29
2.19
2.09
1.99
1.88
1.78
1.68
1.58
1.48
1.38
1.29
1.20
1.11
1.03
0.94
0.87
0.80
0.73
0.67
0.60
0.53
0.47
0.42
0.38
0.38
0.38
0.38
0.37
0.36
0.34
0.34
0.34
0.34
64.62
64.85
66.90
72.31
78.76
86.86
95.31
104.00
112.30
120.20
127.60
134.60
141.10
147.30
153.10
158.50
163.50
168.30
172.90
177.30
181.70
185.80
190.00
194.20
198.50
202.60
206.80
211.10
215.60
220.00
224.60
229.40
234.10
238.90
243.80
248.70
253.50
258.20
262.90
267.20
271.40
275.40
279.10
282.40
285.30
287.80
289.80
291.40
292.30
292.70
292.60
291.80
290.10
287.70
284.90
281.30
276.70
271.40
265.40
258.70
251.30
243.20
234.40
225.00
215.10
204.90
194.30
183.50
172.50
161.40
150.50
139.70
128.90
118.50
108.70
99.34
90.42
82.17
74.40
67.25
60.75
54.77
49.37
44.50
40.17
36.25
32.77
29.69
26.95
24.54
22.40
20.49
18.78
17.27
15.93
14.74
13.69
12.77
11.95
11.22
10.57
10.00
9.49
9.04
8.63
8.26
7.93
7.64
7.36
7.11
6.89
6.68
6.49
6.31
6.14
5.99
5.84
5.70
5.57
5.44
5.32
5.20
5.08
4.97
4.86
4.76
4.65
4.54
4.43
4.33
4.23
4.12
4.02
3.92
3.81
3.71
3.60
3.50
3.39
3.28
3.18
3.08
2.97
2.87
2.76
2.65
2.55
2.44
2.34
2.23
2.12
2.02
1.91
1.80
1.70
1.59
1.49
1.39
1.30
1.20
1.11
1.03
0.94
0.86
0.79
0.72
0.64
0.57
0.50
0.44
0.38
0.36
0.36
0.36
0.36
0.35
0.33
0.33
0.33
0.33
0.33
66.78
66.58
67.99
72.59
78.27
85.57
93.36
101.50
109.50
117.10
123.60
130.20
136.00
141.60
146.70
151.50
156.10
160.50
164.70
168.80
172.70
176.60
180.40
184.30
188.00
191.80
195.50
199.40
203.20
207.10
211.20
215.10
219.30
223.40
227.50
231.60
235.60
239.50
243.40
246.80
250.10
253.00
255.60
257.80
259.80
261.40
262.50
263.10
263.20
262.70
261.70
260.10
257.70
254.90
251.40
247.20
242.20
236.70
230.50
223.90
216.50
208.80
200.50
191.80
182.80
173.60
164.10
154.50
145.00
135.40
125.80
116.70
107.80
99.26
91.12
83.40
76.10
69.51
63.17
57.39
52.08
47.28
42.92
38.98
35.42
32.26
29.41
26.88
24.64
22.64
20.85
19.24
17.79
16.49
15.33
14.29
13.36
12.54
11.80
11.13
10.54
10.00
9.53
9.09
8.70
8.35
8.02
7.74
7.47
7.22
7.00
6.79
6.60
6.41
6.24
6.08
5.93
5.79
5.65
5.52
5.40
5.27
5.16
5.04
4.92
4.81
4.70
4.59
4.48
4.38
4.27
4.16
4.06
3.95
3.85
3.74
3.63
3.53
3.42
3.32
3.21
3.11
3.00
2.90
2.79
2.68
2.57
2.46
2.36
2.25
2.14
2.03
1.92
1.81
1.71
1.60
1.50
1.40
1.31
1.21
1.12
1.02
0.93
0.85
0.77
0.70
0.62
0.55
0.48
0.41
0.37
0.34
0.34
0.34
0.34
0.33
0.32
0.32
0.31
0.31
0.31
64.62
63.74
64.46
68.02
73.76
80.36
87.26
94.36
101.20
107.80
113.90
119.60
124.90
129.90
134.40
138.90
142.80
146.40
150.00
153.40
156.70
160.10
163.30
166.50
169.70
172.80
175.80
178.80
181.90
185.00
188.00
191.10
194.20
197.30
200.30
203.30
206.20
209.00
211.40
213.90
215.90
217.70
219.20
220.40
221.20
221.70
221.60
221.20
220.40
219.20
217.50
215.20
212.50
209.40
205.60
201.50
196.90
191.80
186.30
180.30
174.10
167.50
160.60
153.60
146.30
138.80
131.50
123.80
116.40
109.00
101.80
94.73
87.93
81.38
75.04
69.38
63.72
58.47
53.65
49.13
44.99
41.21
37.75
34.59
31.73
29.15
26.78
24.68
22.81
21.13
19.59
18.21
16.94
15.79
14.76
13.83
12.98
12.22
11.53
10.91
10.35
9.85
9.39
8.96
8.59
8.25
7.94
7.66
7.40
7.15
6.93
6.73
6.55
6.37
6.21
6.05
5.91
5.77
5.64
5.51
5.39
5.27
5.16
5.04
4.93
4.82
4.72
4.61
4.51
4.41
4.31
4.20
4.10
3.99
3.89
3.79
3.68
3.58
3.48
3.37
3.28
3.17
3.07
2.96
2.86
2.75
2.65
2.54
2.43
2.32
2.21
2.10
1.99
1.89
1.78
1.67
1.57
1.47
1.37
1.27
1.17
1.08
0.99
0.90
0.82
0.75
0.68
0.61
0.54
0.48
0.43
0.41
0.41
0.40
0.40
0.39
0.37
0.35
0.34
0.34
0.34
64.68
63.06
62.90
65.39
70.32
75.26
81.05
87.27
93.17
98.78
103.90
108.60
112.90
116.90
120.60
124.20
127.50
130.70
133.80
136.80
139.70
142.30
144.80
147.30
149.70
152.00
154.40
156.50
158.70
160.90
162.90
165.10
167.30
169.50
171.60
173.70
175.60
177.50
179.30
180.90
182.30
183.30
184.30
185.00
185.30
185.20
185.00
184.40
183.50
182.20
180.60
178.50
176.10
173.30
170.20
166.80
163.00
158.80
154.50
149.70
144.80
139.50
134.10
128.50
122.80
117.10
111.20
105.30
99.46
93.67
87.89
82.30
76.84
71.52
66.41
61.60
57.00
52.65
48.60
44.78
41.24
37.99
35.00
32.23
29.72
27.44
25.33
23.41
21.70
20.16
18.75
17.44
16.25
15.16
14.18
13.28
12.47
11.74
11.07
10.47
9.92
9.43
8.98
8.58
8.21
7.88
7.58
7.30
7.06
6.82
6.61
6.42
6.24
6.08
5.93
5.78
5.64
5.52
5.40
5.28
5.17
5.06
4.95
4.85
4.75
4.65
4.55
4.46
4.36
4.27
4.17
4.08
3.98
3.88
3.79
3.69
3.60
3.50
3.40
3.31
3.22
3.12
3.03
2.92
2.82
2.72
2.62
2.51
2.40
2.30
2.19
2.09
1.98
1.88
1.77
1.66
1.56
1.45
1.35
1.25
1.16
1.06
0.97
0.89
0.81
0.73
0.66
0.59
0.53
0.47
0.43
0.40
0.40
0.39
0.39
0.39
0.36
0.34
0.34
0.34
0.34
64.16
62.09
61.47
63.52
67.49
72.24
77.33
82.69
87.74
92.42
96.73
100.60
104.10
107.30
110.10
112.80
115.30
117.80
120.20
122.60
125.00
127.30
129.50
131.50
133.20
134.80
136.40
137.90
139.50
141.10
142.60
144.30
145.80
147.30
149.00
150.50
152.00
153.50
154.70
156.00
157.10
157.90
158.60
159.10
159.50
159.60
159.40
158.90
158.40
157.50
156.30
154.80
153.00
151.00
148.60
146.00
143.10
139.90
136.40
132.80
128.80
124.60
120.30
115.80
111.10
106.30
101.40
96.38
91.36
86.36
81.31
76.38
71.62
66.97
62.45
58.12
53.98
50.03
46.31
42.81
39.55
36.52
33.74
31.15
28.80
26.63
24.62
22.79
21.15
19.67
18.32
17.07
15.92
14.87
13.91
13.04
12.24
11.52
10.86
10.26
9.72
9.24
8.80
8.39
8.03
7.71
7.41
7.15
6.90
6.67
6.47
6.28
6.10
5.94
5.80
5.65
5.52
5.40
5.28
5.16
5.05
4.94
4.84
4.74
4.65
4.55
4.46
4.37
4.27
4.18
4.09
4.00
3.90
3.81
3.71
3.62
3.53
3.43
3.34
3.25
3.16
3.07
2.97
2.87
2.77
2.67
2.57
2.47
2.37
2.26
2.16
2.06
1.96
1.86
1.75
1.65
1.54
1.45
1.34
1.25
1.15
1.06
0.97
0.89
0.81
0.74
0.67
0.61
0.55
0.49
0.45
0.44
0.43
0.42
0.42
0.42
0.39
0.36
0.35
0.35
0.35
64.12
61.49
60.33
61.89
65.57
69.95
74.57
79.59
84.36
88.70
92.57
95.95
98.94
101.50
103.70
105.80
107.60
109.30
111.10
112.70
114.20
115.70
117.10
118.40
119.80
121.10
122.40
123.60
124.80
125.90
127.10
128.30
129.60
130.80
132.00
133.20
134.30
135.50
136.40
137.40
138.20
139.00
139.60
140.00
140.30
140.30
140.30
140.00
139.50
138.90
138.00
136.90
135.60
133.90
132.20
130.10
127.80
125.20
122.50
119.50
116.20
112.80
109.20
105.50
101.50
97.47
93.33
89.05
84.76
80.41
76.03
71.72
67.45
63.21
59.12
55.21
51.41
47.77
44.35
41.10
38.06
35.24
32.62
30.19
27.96
25.92
24.02
22.29
20.74
19.31
18.01
16.80
15.69
14.66
13.73
12.88
12.10
11.39
10.75
10.16
9.63
9.16
8.72
8.32
7.97
7.65
7.35
7.09
6.84
6.62
6.42
6.24
6.07
5.91
5.76
5.63
5.50
5.38
5.27
5.16
5.05
4.95
4.85
4.75
4.66
4.56
4.47
4.38
4.29
4.20
4.12
4.02
3.93
3.84
3.75
3.65
3.56
3.47
3.37
3.28
3.19
3.10
3.00
2.90
2.80
2.70
2.60
2.49
2.39
2.28
2.18
2.07
1.96
1.86
1.75
1.65
1.54
1.44
1.33
1.24
1.14
1.05
0.96
0.87
0.79
0.72
0.65
0.59
0.53
0.47
0.44
0.41
0.41
0.40
0.40
0.39
0.37
0.35
0.35
0.35
0.35
63.83
60.92
59.61
61.35
65.10
69.66
74.50
79.48
84.01
88.12
91.68
94.80
97.46
99.69
101.60
103.10
104.40
105.60
106.60
107.60
108.60
109.70
110.90
112.00
113.10
114.20
115.30
116.40
117.50
118.60
119.70
120.90
122.00
123.20
124.30
125.30
126.40
127.30
128.20
129.00
129.60
130.20
130.70
131.00
131.30
131.30
131.30
131.00
130.60
130.10
129.30
128.40
127.30
125.90
124.30
122.50
120.60
118.30
115.90
113.30
110.30
107.30
104.00
100.60
96.98
93.23
89.40
85.39
81.36
77.28
73.15
69.07
65.06
61.07
57.19
53.48
49.85
46.39
43.17
40.09
37.20
34.53
32.04
29.74
27.62
25.67
23.87
22.23
20.75
19.41
18.17
17.01
15.93
14.95
14.05
13.22
12.45
11.76
11.12
10.53
10.02
9.54
9.09
8.69
8.33
8.00
7.70
7.43
7.17
6.94
6.73
6.54
6.36
6.19
6.04
5.89
5.75
5.62
5.50
5.38
5.27
5.15
5.04
4.94
4.84
4.73
4.63
4.53
4.44
4.34
4.24
4.14
4.05
3.95
3.85
3.75
3.65
3.55
3.45
3.35
3.25
3.15
3.05
2.95
2.84
2.74
2.63
2.52
2.42
2.31
2.20
2.09
1.98
1.87
1.76
1.66
1.55
1.45
1.34
1.24
1.15
1.06
0.97
0.88
0.80
0.73
0.66
0.60
0.54
0.49
0.45
0.44
0.43
0.42
0.42
0.42
0.39
0.37
0.36
0.35
0.35
63.92
61.07
59.62
61.10
64.57
68.92
73.75
78.91
83.75
88.15
91.93
94.91
97.28
99.20
100.70
102.00
103.20
104.20
105.20
106.20
107.20
108.20
109.20
110.30
111.30
112.30
113.40
114.50
115.60
116.70
117.90
119.00
120.20
121.50
122.60
123.70
124.70
125.70
126.60
127.40
128.10
128.70
129.20
129.50
129.80
129.90
129.90
129.80
129.50
129.00
128.40
127.50
126.50
125.30
123.90
122.20
120.30
118.20
115.90
113.40
110.60
107.50
104.40
101.10
97.52
93.84
90.00
86.07
82.07
78.00
73.84
69.80
65.72
61.73
57.81
54.01
50.38
46.86
43.59
40.48
37.53
34.85
32.31
29.98
27.85
25.89
24.07
22.43
20.95
19.60
18.35
17.21
16.13
15.14
14.24
13.40
12.63
11.94
11.30
10.71
10.17
9.70
9.25
8.85
8.48
8.14
7.84
7.56
7.30
7.06
6.84
6.64
6.45
6.29
6.12
5.96
5.82
5.69
5.55
5.44
5.32
5.20
5.09
4.98
4.87
4.76
4.66
4.56
4.46
4.36
4.26
4.16
4.06
3.96
3.86
3.75
3.65
3.55
3.45
3.35
3.25
3.15
3.05
2.94
2.83
2.73
2.62
2.51
2.40
2.29
2.19
2.08
1.97
1.86
1.75
1.65
1.55
1.44
1.34
1.24
1.15
1.05
0.96
0.88
0.80
0.73
0.66
0.59
0.52
0.47
0.43
0.42
0.41
0.41
0.40
0.39
0.37
0.34
0.34
0.34
0.34
63.83
60.92
59.61
61.35
65.10
69.66
74.50
79.48
84.01
88.12
91.68
94.80
97.46
99.69
101.60
103.10
104.40
105.60
106.60
107.60
108.60
109.70
110.90
112.00
113.10
114.20
115.30
116.40
117.50
118.60
119.70
120.90
122.00
123.20
124.30
125.30
126.40
127.30
128.20
129.00
129.60
130.20
130.70
131.00
131.30
131.30
131.30
131.00
130.60
130.10
129.30
128.40
127.30
125.90
124.30
122.50
120.60
118.30
115.90
113.30
110.30
107.30
104.00
100.60
96.98
93.23
89.40
85.39
81.36
77.28
73.15
69.07
65.06
61.07
57.19
53.48
49.85
46.39
43.17
40.09
37.20
34.53
32.04
29.74
27.62
25.67
23.87
22.23
20.75
19.41
18.17
17.01
15.93
14.95
14.05
13.22
12.45
11.76
11.12
10.53
10.02
9.54
9.09
8.69
8.33
8.00
7.70
7.43
7.17
6.94
6.73
6.54
6.36
6.19
6.04
5.89
5.75
5.62
5.50
5.38
5.27
5.15
5.04
4.94
4.84
4.73
4.63
4.53
4.44
4.34
4.24
4.14
4.05
3.95
3.85
3.75
3.65
3.55
3.45
3.35
3.25
3.15
3.05
2.95
2.84
2.74
2.63
2.52
2.42
2.31
2.20
2.09
1.98
1.87
1.76
1.66
1.55
1.45
1.34
1.24
1.15
1.06
0.97
0.88
0.80
0.73
0.66
0.60
0.54
0.49
0.45
0.44
0.43
0.42
0.42
0.42
0.39
0.37
0.36
0.35
0.35
64.12
61.49
60.33
61.89
65.57
69.95
74.57
79.59
84.36
88.70
92.57
95.95
98.94
101.50
103.70
105.80
107.60
109.30
111.10
112.70
114.20
115.70
117.10
118.40
119.80
121.10
122.40
123.60
124.80
125.90
127.10
128.30
129.60
130.80
132.00
133.20
134.30
135.50
136.40
137.40
138.20
139.00
139.60
140.00
140.30
140.30
140.30
140.00
139.50
138.90
138.00
136.90
135.60
133.90
132.20
130.10
127.80
125.20
122.50
119.50
116.20
112.80
109.20
105.50
101.50
97.47
93.33
89.05
84.76
80.41
76.03
71.72
67.45
63.21
59.12
55.21
51.41
47.77
44.35
41.10
38.06
35.24
32.62
30.19
27.96
25.92
24.02
22.29
20.74
19.31
18.01
16.80
15.69
14.66
13.73
12.88
12.10
11.39
10.75
10.16
9.63
9.16
8.72
8.32
7.97
7.65
7.35
7.09
6.84
6.62
6.42
6.24
6.07
5.91
5.76
5.63
5.50
5.38
5.27
5.16
5.05
4.95
4.85
4.75
4.66
4.56
4.47
4.38
4.29
4.20
4.12
4.02
3.93
3.84
3.75
3.65
3.56
3.47
3.37
3.28
3.19
3.10
3.00
2.90
2.80
2.70
2.60
2.49
2.39
2.28
2.18
2.07
1.96
1.86
1.75
1.65
1.54
1.44
1.33
1.24
1.14
1.05
0.96
0.87
0.79
0.72
0.65
0.59
0.53
0.47
0.44
0.41
0.41
0.40
0.40
0.39
0.37
0.35
0.35
0.35
0.35
64.16
62.09
61.47
63.52
67.49
72.24
77.33
82.69
87.74
92.42
96.73
100.60
104.10
107.30
110.10
112.80
115.30
117.80
120.20
122.60
125.00
127.30
129.50
131.50
133.20
134.80
136.40
137.90
139.50
141.10
142.60
144.30
145.80
147.30
149.00
150.50
152.00
153.50
154.70
156.00
157.10
157.90
158.60
159.10
159.50
159.60
159.40
158.90
158.40
157.50
156.30
154.80
153.00
151.00
148.60
146.00
143.10
139.90
136.40
132.80
128.80
124.60
120.30
115.80
111.10
106.30
101.40
96.38
91.36
86.36
81.31
76.38
71.62
66.97
62.45
58.12
53.98
50.03
46.31
42.81
39.55
36.52
33.74
31.15
28.80
26.63
24.62
22.79
21.15
19.67
18.32
17.07
15.92
14.87
13.91
13.04
12.24
11.52
10.86
10.26
9.72
9.24
8.80
8.39
8.03
7.71
7.41
7.15
6.90
6.67
6.47
6.28
6.10
5.94
5.80
5.65
5.52
5.40
5.28
5.16
5.05
4.94
4.84
4.74
4.65
4.55
4.46
4.37
4.27
4.18
4.09
4.00
3.90
3.81
3.71
3.62
3.53
3.43
3.34
3.25
3.16
3.07
2.97
2.87
2.77
2.67
2.57
2.47
2.37
2.26
2.16
2.06
1.96
1.86
1.75
1.65
1.54
1.45
1.34
1.25
1.15
1.06
0.97
0.89
0.81
0.74
0.67
0.61
0.55
0.49
0.45
0.44
0.43
0.42
0.42
0.42
0.39
0.36
0.35
0.35
0.35
64.68
63.06
62.90
65.39
70.32
75.26
81.05
87.27
93.17
98.78
103.90
108.60
112.90
116.90
120.60
124.20
127.50
130.70
133.80
136.80
139.70
142.30
144.80
147.30
149.70
152.00
154.40
156.50
158.70
160.90
162.90
165.10
167.30
169.50
171.60
173.70
175.60
177.50
179.30
180.90
182.30
183.30
184.30
185.00
185.30
185.20
185.00
184.40
183.50
182.20
180.60
178.50
176.10
173.30
170.20
166.80
163.00
158.80
154.50
149.70
144.80
139.50
134.10
128.50
122.80
117.10
111.20
105.30
99.46
93.67
87.89
82.30
76.84
71.52
66.41
61.60
57.00
52.65
48.60
44.78
41.24
37.99
35.00
32.23
29.72
27.44
25.33
23.41
21.70
20.16
18.75
17.44
16.25
15.16
14.18
13.28
12.47
11.74
11.07
10.47
9.92
9.43
8.98
8.58
8.21
7.88
7.58
7.30
7.06
6.82
6.61
6.42
6.24
6.08
5.93
5.78
5.64
5.52
5.40
5.28
5.17
5.06
4.95
4.85
4.75
4.65
4.55
4.46
4.36
4.27
4.17
4.08
3.98
3.88
3.79
3.69
3.60
3.50
3.40
3.31
3.22
3.12
3.03
2.92
2.82
2.72
2.62
2.51
2.40
2.30
2.19
2.09
1.98
1.88
1.77
1.66
1.56
1.45
1.35
1.25
1.16
1.06
0.97
0.89
0.81
0.73
0.66
0.59
0.53
0.47
0.43
0.40
0.40
0.39
0.39
0.39
0.36
0.34
0.34
0.34
0.34
64.62
63.74
64.46
68.02
73.76
80.36
87.26
94.36
101.20
107.80
113.90
119.60
124.90
129.90
134.40
138.90
142.80
146.40
150.00
153.40
156.70
160.10
163.30
166.50
169.70
172.80
175.80
178.80
181.90
185.00
188.00
191.10
194.20
197.30
200.30
203.30
206.20
209.00
211.40
213.90
215.90
217.70
219.20
220.40
221.20
221.70
221.60
221.20
220.40
219.20
217.50
215.20
212.50
209.40
205.60
201.50
196.90
191.80
186.30
180.30
174.10
167.50
160.60
153.60
146.30
138.80
131.50
123.80
116.40
109.00
101.80
94.73
87.93
81.38
75.04
69.38
63.72
58.47
53.65
49.13
44.99
41.21
37.75
34.59
31.73
29.15
26.78
24.68
22.81
21.13
19.59
18.21
16.94
15.79
14.76
13.83
12.98
12.22
11.53
10.91
10.35
9.85
9.39
8.96
8.59
8.25
7.94
7.66
7.40
7.15
6.93
6.73
6.55
6.37
6.21
6.05
5.91
5.77
5.64
5.51
5.39
5.27
5.16
5.04
4.93
4.82
4.72
4.61
4.51
4.41
4.31
4.20
4.10
3.99
3.89
3.79
3.68
3.58
3.48
3.37
3.28
3.17
3.07
2.96
2.86
2.75
2.65
2.54
2.43
2.32
2.21
2.10
1.99
1.89
1.78
1.67
1.57
1.47
1.37
1.27
1.17
1.08
0.99
0.90
0.82
0.75
0.68
0.61
0.54
0.48
0.43
0.41
0.41
0.40
0.40
0.39
0.37
0.35
0.34
0.34
0.34
