SALVI
1
0
24
15.0
181
1.0
241005 Palacio 5050 350mA F2MD C TRANSP
PALACIO 5050 F2MD PMMASC

PALACIO-5050-F2MD-PMMASC.ldt
29 September 2024/TB
465
0
825
200
10
0
0
0
0
98.74
100.00
1.00
0.00
1
1
5050
4294.30
3000
70
13.40
0.17
0.26
0.37
0.45
0.52
0.62
0.67
0.72
0.78
0.82
0.00
15.00
30.00
45.00
60.00
75.00
90.00
105.00
120.00
135.00
150.00
165.00
180.00
195.00
210.00
225.00
240.00
255.00
270.00
285.00
300.00
315.00
330.00
345.00
0.00
1.00
2.00
3.00
4.00
5.00
6.00
7.00
8.00
9.00
10.00
11.00
12.00
13.00
14.00
15.00
16.00
17.00
18.00
19.00
20.00
21.00
22.00
23.00
24.00
25.00
26.00
27.00
28.00
29.00
30.00
31.00
32.00
33.00
34.00
35.00
36.00
37.00
38.00
39.00
40.00
41.00
42.00
43.00
44.00
45.00
46.00
47.00
48.00
49.00
50.00
51.00
52.00
53.00
54.00
55.00
56.00
57.00
58.00
59.00
60.00
61.00
62.00
63.00
64.00
65.00
66.00
67.00
68.00
69.00
70.00
71.00
72.00
73.00
74.00
75.00
76.00
77.00
78.00
79.00
80.00
81.00
82.00
83.00
84.00
85.00
86.00
87.00
88.00
89.00
90.00
91.00
92.00
93.00
94.00
95.00
96.00
97.00
98.00
99.00
100.00
101.00
102.00
103.00
104.00
105.00
106.00
107.00
108.00
109.00
110.00
111.00
112.00
113.00
114.00
115.00
116.00
117.00
118.00
119.00
120.00
121.00
122.00
123.00
124.00
125.00
126.00
127.00
128.00
129.00
130.00
131.00
132.00
133.00
134.00
135.00
136.00
137.00
138.00
139.00
140.00
141.00
142.00
143.00
144.00
145.00
146.00
147.00
148.00
149.00
150.00
151.00
152.00
153.00
154.00
155.00
156.00
157.00
158.00
159.00
160.00
161.00
162.00
163.00
164.00
165.00
166.00
167.00
168.00
169.00
170.00
171.00
172.00
173.00
174.00
175.00
176.00
177.00
178.00
179.00
180.00
109.50
88.57
85.77
99.93
140.40
144.00
146.40
149.90
151.70
153.10
161.10
179.60
168.40
173.10
176.20
190.10
183.20
179.50
169.10
174.00
184.80
199.60
200.70
184.50
168.80
176.70
196.30
195.20
207.40
217.60
219.00
254.20
266.30
274.10
288.00
285.10
295.30
303.80
308.30
311.20
320.20
332.70
354.10
351.20
351.00
358.00
365.00
369.70
385.80
391.70
393.80
404.50
408.30
422.00
426.10
431.50
437.50
430.70
438.80
442.60
426.00
419.30
405.60
379.60
367.80
364.30
359.10
346.30
291.90
261.50
252.80
244.10
205.30
145.80
130.60
105.90
75.34
44.21
30.14
22.17
19.44
17.97
17.03
14.03
10.61
9.37
7.83
6.06
4.30
3.42
2.62
2.21
2.15
2.01
1.84
1.70
1.59
1.52
1.47
1.43
1.35
1.29
1.25
1.23
1.22
1.22
1.26
1.26
1.32
1.33
1.35
1.37
1.38
1.33
1.28
1.29
1.28
1.26
1.25
1.23
1.24
1.38
1.40
1.66
1.68
2.19
2.16
2.13
2.50
2.63
2.73
2.92
3.27
3.37
3.48
3.43
3.19
3.05
2.94
2.69
2.59
2.45
2.25
2.26
1.80
1.79
1.42
1.21
1.26
1.41
1.30
1.50
1.88
2.34
2.72
3.02
3.40
3.91
4.19
3.56
3.15
2.73
2.36
1.84
1.32
0.99
0.87
0.64
0.50
0.41
0.33
0.29
0.29
0.29
0.28
0.28
0.28
0.28
0.28
0.28
0.28
115.60
88.50
92.08
116.00
124.90
140.40
159.50
153.70
133.60
147.50
137.10
158.10
158.10
159.30
178.80
187.90
177.30
185.90
187.40
192.20
200.80
184.40
166.50
172.30
154.50
175.80
168.40
172.10
179.50
203.20
214.10
226.90
239.60
243.60
240.30
248.10
265.00
277.20
282.50
295.90
290.30
295.80
307.70
315.40
332.40
329.80
333.60
350.10
358.80
368.50
378.20
391.70
404.10
420.40
416.70
425.30
448.40
465.50
485.10
486.50
472.00
454.60
463.30
469.00
470.90
453.20
412.40
394.70
379.50
371.70
338.10
270.40
252.80
242.10
225.60
164.00
102.50
68.48
37.36
27.93
24.26
23.60
20.60
16.95
15.30
12.05
10.10
8.42
6.32
5.65
3.97
3.02
2.85
2.65
2.45
2.24
2.02
1.82
1.64
1.53
1.40
1.31
1.27
1.27
1.26
1.25
1.25
1.25
1.25
1.25
1.26
1.29
1.28
1.26
1.23
1.22
1.23
1.23
1.23
1.23
1.26
1.34
1.40
1.69
1.79
1.97
1.85
2.11
2.16
2.29
2.34
2.89
3.57
3.83
4.00
3.94
3.94
3.83
3.71
3.45
3.23
2.67
2.19
1.95
1.73
1.54
1.77
1.38
1.26
1.45
1.65
1.99
2.19
2.69
2.67
3.21
3.94
4.11
4.19
4.22
3.13
2.76
2.12
1.70
1.58
1.09
0.86
0.71
0.56
0.46
0.38
0.34
0.33
0.33
0.33
0.33
0.32
0.32
0.32
0.32
0.32
106.70
93.31
94.03
100.80
101.70
115.20
117.00
142.00
135.90
115.70
141.00
168.60
154.40
171.40
167.70
171.90
194.60
191.90
183.50
177.30
179.90
172.00
186.10
198.80
203.00
195.60
191.00
207.40
212.20
219.20
240.20
253.60
269.00
278.30
286.90
288.00
301.30
308.60
310.70
323.90
339.10
349.40
367.60
392.80
415.80
432.20
466.30
486.90
504.90
533.10
548.70
557.00
568.90
593.20
607.80
622.70
641.90
661.30
667.90
646.70
616.70
599.70
579.50
537.70
506.50
493.60
466.50
420.70
375.50
315.10
272.30
244.20
203.40
166.40
132.00
101.30
68.52
35.76
24.71
22.73
22.52
20.20
17.30
17.54
14.76
12.39
10.02
7.89
6.39
4.91
4.10
3.63
3.52
2.99
2.48
2.13
1.85
1.61
1.50
1.42
1.34
1.29
1.25
1.24
1.26
1.29
1.29
1.31
1.39
1.68
1.74
1.53
1.46
1.70
1.65
1.59
1.54
1.52
1.31
1.25
1.24
1.27
1.38
1.53
1.82
1.86
1.96
2.02
2.19
2.32
2.26
2.42
2.72
2.86
2.92
3.03
2.90
2.58
2.41
2.19
2.05
2.08
1.99
2.19
1.78
1.60
1.38
1.25
1.25
1.36
1.94
1.98
2.67
3.28
3.90
4.10
4.32
4.89
4.90
4.18
3.94
3.28
2.20
1.66
1.29
1.33
1.00
0.78
0.59
0.50
0.42
0.36
0.35
0.35
0.35
0.34
0.33
0.32
0.32
0.32
0.33
115.10
88.83
97.75
99.62
103.80
107.20
154.00
152.20
131.70
141.80
148.70
143.20
137.80
136.50
157.70
170.00
175.70
204.00
225.90
238.10
244.10
234.50
227.20
238.70
231.10
270.60
234.70
238.90
251.00
275.30
297.30
320.60
322.50
344.90
353.10
377.30
396.40
420.50
446.90
457.00
474.50
492.80
513.20
530.40
545.90
556.70
576.80
598.00
603.50
606.70
608.50
613.50
626.60
612.30
600.60
583.00
573.90
559.00
539.80
516.30
482.40
442.40
416.00
395.70
358.70
316.80
271.10
228.20
200.60
176.90
141.50
106.20
79.23
60.13
39.53
26.02
22.28
20.61
19.77
18.76
16.62
16.37
14.15
10.97
9.78
7.03
6.06
5.26
4.44
3.68
2.99
2.78
2.56
2.32
2.09
1.85
1.59
1.33
1.28
1.22
1.15
1.08
1.05
1.08
1.12
1.17
1.18
1.22
1.25
1.24
1.24
1.34
1.31
1.24
1.24
1.23
1.18
1.15
1.15
1.16
1.15
1.14
1.16
1.22
1.30
1.58
1.53
1.66
1.82
1.87
2.07
2.24
2.32
2.93
2.76
2.90
2.79
2.76
2.89
2.95
2.81
2.39
2.04
1.87
1.76
1.55
1.64
1.27
1.19
1.24
1.69
2.42
2.81
3.20
3.79
4.51
5.07
5.15
6.08
5.31
3.88
3.30
2.40
2.12
1.84
1.22
1.08
0.82
0.60
0.51
0.42
0.34
0.34
0.34
0.34
0.34
0.33
0.33
0.34
0.34
0.34
105.80
94.84
93.24
104.40
118.50
132.50
146.50
147.90
137.70
125.60
139.30
166.10
161.80
180.10
190.40
196.20
222.50
187.00
165.80
182.80
194.90
210.80
224.20
215.70
205.60
206.20
223.70
231.70
241.10
255.10
286.60
300.70
326.20
359.80
382.40
399.70
409.70
422.30
443.40
452.10
465.90
478.00
495.70
508.30
503.90
506.90
510.70
514.70
515.30
512.70
502.50
491.20
481.60
475.90
456.20
435.90
409.00
380.40
334.20
308.00
276.70
237.60
209.20
190.10
167.00
150.60
127.70
95.91
79.60
69.57
60.27
47.61
38.77
34.34
30.67
20.35
15.27
12.25
10.96
9.54
9.00
8.07
7.69
7.07
6.74
5.78
5.24
4.66
4.25
4.03
3.77
3.47
3.19
2.90
2.54
1.99
1.57
1.43
1.38
1.31
1.24
1.17
1.12
1.11
1.16
1.21
1.23
1.26
1.34
1.33
1.29
1.35
1.25
1.23
1.15
1.15
1.13
1.12
1.09
1.07
1.07
1.04
1.04
1.07
1.10
1.14
1.22
1.24
1.31
1.38
1.35
1.49
1.58
1.72
1.79
1.80
1.91
1.93
1.82
1.83
1.99
1.76
1.91
1.88
1.57
1.67
1.21
1.17
1.17
1.19
1.56
2.31
2.65
3.05
4.32
4.95
5.08
5.27
5.73
4.39
3.66
3.78
3.04
1.88
1.48
1.07
1.13
0.78
0.60
0.51
0.43
0.35
0.35
0.35
0.35
0.35
0.34
0.33
0.33
0.33
0.34
111.70
93.59
78.91
112.50
130.40
157.00
158.10
159.30
146.50
170.40
191.50
215.30
199.90
194.10
199.30
188.10
185.70
196.30
201.70
201.30
206.50
192.30
203.60
200.30
212.20
222.20
213.40
222.10
243.40
255.20
286.90
293.00
322.30
338.80
352.20
364.20
378.40
400.30
415.20
426.80
428.40
436.00
439.60
435.70
435.20
435.40
434.50
420.40
406.00
403.90
388.10
376.40
366.70
336.70
317.90
287.50
265.10
247.00
221.60
197.20
180.40
161.20
140.70
120.10
100.10
89.28
81.47
75.67
71.37
59.06
46.59
40.38
30.24
24.93
21.34
17.53
13.04
9.76
7.78
7.00
6.18
5.85
5.60
5.38
5.08
4.65
4.27
3.91
3.51
3.25
3.06
2.81
2.54
2.28
2.03
1.66
1.37
1.26
1.21
1.16
1.11
1.06
1.03
1.04
1.06
1.13
1.15
1.16
1.24
1.18
1.22
1.25
1.28
1.18
1.16
1.14
1.14
1.13
1.10
1.05
1.02
0.99
1.00
1.01
1.01
1.01
1.02
1.05
1.09
1.10
1.17
1.33
1.38
1.49
1.51
1.46
1.43
1.47
1.48
1.43
1.44
1.60
1.59
1.45
1.37
1.17
1.17
1.05
1.05
1.10
1.24
2.01
3.10
3.18
3.48
4.16
4.55
4.23
4.91
4.80
3.84
3.13
2.34
2.05
1.68
1.15
1.04
0.75
0.58
0.48
0.40
0.34
0.33
0.33
0.33
0.33
0.33
0.33
0.34
0.35
0.35
104.40
97.54
71.62
96.92
116.10
135.30
144.00
153.70
159.10
142.20
169.80
177.20
164.50
187.10
187.50
179.40
203.00
195.20
211.10
203.60
201.10
197.70
215.50
220.50
253.70
241.10
248.00
276.60
264.30
271.80
297.00
337.80
363.60
391.00
395.10
402.00
413.40
416.00
421.10
441.00
426.80
433.30
438.20
444.20
441.30
436.10
406.40
417.60
401.10
403.10
385.30
367.30
338.20
315.90
289.50
269.30
243.30
216.60
198.30
174.70
164.00
137.10
117.60
116.10
110.00
110.20
103.20
94.48
75.04
69.65
64.54
50.92
39.64
31.34
24.75
20.02
14.17
10.20
7.94
6.92
6.79
6.58
6.14
5.99
5.64
5.39
4.73
4.64
4.32
4.28
3.62
3.13
2.90
2.49
2.10
1.65
1.26
1.17
1.13
1.07
0.99
0.93
0.89
0.88
0.91
0.99
1.04
1.17
1.18
1.57
1.49
1.63
1.54
1.53
1.36
1.30
1.17
1.08
0.97
0.93
0.91
0.88
0.88
0.88
0.88
0.90
0.91
0.91
0.92
0.99
1.04
1.06
1.16
1.28
1.32
1.38
1.37
1.43
1.45
1.48
1.56
1.51
1.46
1.65
1.32
1.27
1.01
0.94
0.94
0.98
1.18
2.04
2.38
2.70
2.92
3.73
3.36
3.84
4.49
5.64
4.55
3.91
2.83
1.95
1.71
1.40
0.92
0.71
0.58
0.49
0.41
0.34
0.34
0.34
0.34
0.34
0.34
0.33
0.33
0.33
0.34
111.70
93.59
78.91
112.50
130.40
157.00
158.10
159.30
146.50
170.40
191.50
215.30
199.90
194.10
199.30
188.10
185.70
196.30
201.70
201.30
206.50
192.30
203.60
200.30
212.20
222.20
213.40
222.10
243.40
255.20
286.90
293.00
322.30
338.80
352.20
364.20
378.40
400.30
415.20
426.80
428.40
436.00
439.60
435.70
435.20
435.40
434.50
420.40
406.00
403.90
388.10
376.40
366.70
336.70
317.90
287.50
265.10
247.00
221.60
197.20
180.40
161.20
140.70
120.10
100.10
89.28
81.47
75.67
71.37
59.06
46.59
40.38
30.24
24.93
21.34
17.53
13.04
9.76
7.78
7.00
6.18
5.85
5.60
5.38
5.08
4.65
4.27
3.91
3.51
3.25
3.06
2.81
2.54
2.28
2.03
1.66
1.37
1.26
1.21
1.16
1.11
1.06
1.03
1.04
1.06
1.13
1.15
1.16
1.24
1.18
1.22
1.25
1.28
1.18
1.16
1.14
1.14
1.13
1.10
1.05
1.02
0.99
1.00
1.01
1.01
1.01
1.02
1.05
1.09
1.10
1.17
1.33
1.38
1.49
1.51
1.46
1.43
1.47
1.48
1.43
1.44
1.60
1.59
1.45
1.37
1.17
1.17
1.05
1.05
1.10
1.24
2.01
3.10
3.18
3.48
4.16
4.55
4.23
4.91
4.80
3.84
3.13
2.34
2.05
1.68
1.15
1.04
0.75
0.58
0.48
0.40
0.34
0.33
0.33
0.33
0.33
0.33
0.33
0.34
0.35
0.35
105.80
94.84
93.24
104.40
118.50
132.50
146.50
147.90
137.70
125.60
139.30
166.10
161.80
180.10
190.40
196.20
222.50
187.00
165.80
182.80
194.90
210.80
224.20
215.70
205.60
206.20
223.70
231.70
241.10
255.10
286.60
300.70
326.20
359.80
382.40
399.70
409.70
422.30
443.40
452.10
465.90
478.00
495.70
508.30
503.90
506.90
510.70
514.70
515.30
512.70
502.50
491.20
481.60
475.90
456.20
435.90
409.00
380.40
334.20
308.00
276.70
237.60
209.20
190.10
167.00
150.60
127.70
95.91
79.60
69.57
60.27
47.61
38.77
34.34
30.67
20.35
15.27
12.25
10.96
9.54
9.00
8.07
7.69
7.07
6.74
5.78
5.24
4.66
4.25
4.03
3.77
3.47
3.19
2.90
2.54
1.99
1.57
1.43
1.38
1.31
1.24
1.17
1.12
1.11
1.16
1.21
1.23
1.26
1.34
1.33
1.29
1.35
1.25
1.23
1.15
1.15
1.13
1.12
1.09
1.07
1.07
1.04
1.04
1.07
1.10
1.14
1.22
1.24
1.31
1.38
1.35
1.49
1.58
1.72
1.79
1.80
1.91
1.93
1.82
1.83
1.99
1.76
1.91
1.88
1.57
1.67
1.21
1.17
1.17
1.19
1.56
2.31
2.65
3.05
4.32
4.95
5.08
5.27
5.73
4.39
3.66
3.78
3.04
1.88
1.48
1.07
1.13
0.78
0.60
0.51
0.43
0.35
0.35
0.35
0.35
0.35
0.34
0.33
0.33
0.33
0.34
115.10
88.83
97.75
99.62
103.80
107.20
154.00
152.20
131.70
141.80
148.70
143.20
137.80
136.50
157.70
170.00
175.70
204.00
225.90
238.10
244.10
234.50
227.20
238.70
231.10
270.60
234.70
238.90
251.00
275.30
297.30
320.60
322.50
344.90
353.10
377.30
396.40
420.50
446.90
457.00
474.50
492.80
513.20
530.40
545.90
556.70
576.80
598.00
603.50
606.70
608.50
613.50
626.60
612.30
600.60
583.00
573.90
559.00
539.80
516.30
482.40
442.40
416.00
395.70
358.70
316.80
271.10
228.20
200.60
176.90
141.50
106.20
79.23
60.13
39.53
26.02
22.28
20.61
19.77
18.76
16.62
16.37
14.15
10.97
9.78
7.03
6.06
5.26
4.44
3.68
2.99
2.78
2.56
2.32
2.09
1.85
1.59
1.33
1.28
1.22
1.15
1.08
1.05
1.08
1.12
1.17
1.18
1.22
1.25
1.24
1.24
1.34
1.31
1.24
1.24
1.23
1.18
1.15
1.15
1.16
1.15
1.14
1.16
1.22
1.30
1.58
1.53
1.66
1.82
1.87
2.07
2.24
2.32
2.93
2.76
2.90
2.79
2.76
2.89
2.95
2.81
2.39
2.04
1.87
1.76
1.55
1.64
1.27
1.19
1.24
1.69
2.42
2.81
3.20
3.79
4.51
5.07
5.15
6.08
5.31
3.88
3.30
2.40
2.12
1.84
1.22
1.08
0.82
0.60
0.51
0.42
0.34
0.34
0.34
0.34
0.34
0.33
0.33
0.34
0.34
0.34
106.70
93.31
94.03
100.80
101.70
115.20
117.00
142.00
135.90
115.70
141.00
168.60
154.40
171.40
167.70
171.90
194.60
191.90
183.50
177.30
179.90
172.00
186.10
198.80
203.00
195.60
191.00
207.40
212.20
219.20
240.20
253.60
269.00
278.30
286.90
288.00
301.30
308.60
310.70
323.90
339.10
349.40
367.60
392.80
415.80
432.20
466.30
486.90
504.90
533.10
548.70
557.00
568.90
593.20
607.80
622.70
641.90
661.30
667.90
646.70
616.70
599.70
579.50
537.70
506.50
493.60
466.50
420.70
375.50
315.10
272.30
244.20
203.40
166.40
132.00
101.30
68.52
35.76
24.71
22.73
22.52
20.20
17.30
17.54
14.76
12.39
10.02
7.89
6.39
4.91
4.10
3.63
3.52
2.99
2.48
2.13
1.85
1.61
1.50
1.42
1.34
1.29
1.25
1.24
1.26
1.29
1.29
1.31
1.39
1.68
1.74
1.53
1.46
1.70
1.65
1.59
1.54
1.52
1.31
1.25
1.24
1.27
1.38
1.53
1.82
1.86
1.96
2.02
2.19
2.32
2.26
2.42
2.72
2.86
2.92
3.03
2.90
2.58
2.41
2.19
2.05
2.08
1.99
2.19
1.78
1.60
1.38
1.25
1.25
1.36
1.94
1.98
2.67
3.28
3.90
4.10
4.32
4.89
4.90
4.18
3.94
3.28
2.20
1.66
1.29
1.33
1.00
0.78
0.59
0.50
0.42
0.36
0.35
0.35
0.35
0.34
0.33
0.32
0.32
0.32
0.33
115.60
88.50
92.08
116.00
124.90
140.40
159.50
153.70
133.60
147.50
137.10
158.10
158.10
159.30
178.80
187.90
177.30
185.90
187.40
192.20
200.80
184.40
166.50
172.30
154.50
175.80
168.40
172.10
179.50
203.20
214.10
226.90
239.60
243.60
240.30
248.10
265.00
277.20
282.50
295.90
290.30
295.80
307.70
315.40
332.40
329.80
333.60
350.10
358.80
368.50
378.20
391.70
404.10
420.40
416.70
425.30
448.40
465.50
485.10
486.50
472.00
454.60
463.30
469.00
470.90
453.20
412.40
394.70
379.50
371.70
338.10
270.40
252.80
242.10
225.60
164.00
102.50
68.48
37.36
27.93
24.26
23.60
20.60
16.95
15.30
12.05
10.10
8.42
6.32
5.65
3.97
3.02
2.85
2.65
2.45
2.24
2.02
1.82
1.64
1.53
1.40
1.31
1.27
1.27
1.26
1.25
1.25
1.25
1.25
1.25
1.26
1.29
1.28
1.26
1.23
1.22
1.23
1.23
1.23
1.23
1.26
1.34
1.40
1.69
1.79
1.97
1.85
2.11
2.16
2.29
2.34
2.89
3.57
3.83
4.00
3.94
3.94
3.83
3.71
3.45
3.23
2.67
2.19
1.95
1.73
1.54
1.77
1.38
1.26
1.45
1.65
1.99
2.19
2.69
2.67
3.21
3.94
4.11
4.19
4.22
3.13
2.76
2.12
1.70
1.58
1.09
0.86
0.71
0.56
0.46
0.38
0.34
0.33
0.33
0.33
0.33
0.32
0.32
0.32
0.32
0.32
109.50
88.57
85.77
99.93
140.40
144.00
146.40
149.90
151.70
153.10
161.10
179.60
168.40
173.10
176.20
190.10
183.20
179.50
169.10
174.00
184.80
199.60
200.70
184.50
168.80
176.70
196.30
195.20
207.40
217.60
219.00
254.20
266.30
274.10
288.00
285.10
295.30
303.80
308.30
311.20
320.20
332.70
354.10
351.20
351.00
358.00
365.00
369.70
385.80
391.70
393.80
404.50
408.30
422.00
426.10
431.50
437.50
430.70
438.80
442.60
426.00
419.30
405.60
379.60
367.80
364.30
359.10
346.30
291.90
261.50
252.80
244.10
205.30
145.80
130.60
105.90
75.34
44.21
30.14
22.17
19.44
17.97
17.03
14.03
10.61
9.37
7.83
6.06
4.30
3.42
2.62
2.21
2.15
2.01
1.84
1.70
1.59
1.52
1.47
1.43
1.35
1.29
1.25
1.23
1.22
1.22
1.26
1.26
1.32
1.33
1.35
1.37
1.38
1.33
1.28
1.29
1.28
1.26
1.25
1.23
1.24
1.38
1.40
1.66
1.68
2.19
2.16
2.13
2.50
2.63
2.73
2.92
3.27
3.37
3.48
3.43
3.19
3.05
2.94
2.69
2.59
2.45
2.25
2.26
1.80
1.79
1.42
1.21
1.26
1.41
1.30
1.50
1.88
2.34
2.72
3.02
3.40
3.91
4.19
3.56
3.15
2.73
2.36
1.84
1.32
0.99
0.87
0.64
0.50
0.41
0.33
0.29
0.29
0.29
0.28
0.28
0.28
0.28
0.28
0.28
0.28
115.60
82.62
96.15
118.80
125.00
138.50
144.50
136.90
117.70
124.90
131.00
142.40
136.20
139.60
161.90
150.60
155.50
162.40
169.70
170.00
166.30
164.00
147.00
134.10
136.50
169.70
150.30
153.50
158.30
180.90
186.70
198.80
201.80
219.20
220.00
217.80
224.20
226.40
227.60
238.30
250.00
238.60
235.80
232.70
237.00
233.50
214.90
210.10
209.00
205.70
207.40
202.80
196.00
196.10
195.50
186.80
181.50
176.20
173.60
166.90
158.50
149.80
139.70
135.50
135.80
126.70
118.30
115.80
113.00
112.50
101.30
85.16
81.33
75.73
65.81
55.84
48.66
45.03
37.04
29.64
25.86
24.20
21.98
19.57
17.61
13.96
12.04
9.48
7.17
4.94
3.55
2.88
2.73
2.58
2.39
2.20
2.04
1.92
1.84
1.79
1.71
1.63
1.59
1.56
1.54
1.54
1.53
1.53
1.54
1.55
1.55
1.57
1.64
1.61
1.56
1.56
1.60
1.60
1.60
1.60
1.61
1.82
1.97
2.14
2.29
2.58
2.38
2.37
2.58
2.37
2.96
3.39
4.36
4.84
4.60
5.08
4.60
4.21
4.40
4.35
3.71
3.24
2.69
2.26
2.00
1.78
2.03
1.85
1.50
1.60
1.62
1.96
3.12
3.26
3.08
3.82
3.50
4.06
4.27
4.03
3.21
2.55
1.95
1.52
1.44
1.15
0.90
0.74
0.61
0.52
0.45
0.40
0.40
0.39
0.39
0.38
0.36
0.34
0.34
0.33
0.33
106.70
86.68
90.32
104.50
101.10
98.08
99.39
129.20
114.50
109.20
125.10
128.50
121.20
122.60
119.10
135.10
160.00
147.30
141.40
144.30
138.60
124.80
134.10
150.80
132.90
139.80
133.20
148.10
135.60
137.50
133.10
140.70
137.80
125.10
122.70
123.40
122.20
118.00
114.10
107.50
96.29
93.63
94.28
84.74
76.86
67.90
58.13
50.30
44.17
42.73
37.24
37.00
39.29
40.73
40.98
37.91
36.82
39.27
41.65
43.45
45.93
45.44
45.37
45.57
45.61
44.00
43.45
43.62
42.73
41.77
41.80
41.68
41.36
41.05
38.97
39.67
42.18
37.61
33.26
30.85
30.57
30.19
23.64
20.63
19.37
18.02
12.89
10.15
8.65
6.02
4.11
3.44
3.16
2.94
2.69
2.35
2.04
1.83
1.73
1.70
1.62
1.54
1.47
1.43
1.41
1.40
1.40
1.44
1.42
1.54
1.50
1.47
1.46
1.50
1.50
1.50
1.50
1.46
1.43
1.43
1.47
1.76
2.01
2.54
2.88
3.36
3.25
3.25
3.52
3.69
3.80
4.14
4.31
4.26
4.79
4.85
5.04
4.32
3.86
3.52
3.21
3.17
2.94
3.09
2.59
2.23
1.95
1.59
1.54
1.57
1.63
1.85
2.43
2.45
2.99
3.45
3.02
3.45
3.70
3.29
3.12
2.80
2.16
1.59
1.29
1.26
0.98
0.77
0.61
0.54
0.48
0.42
0.41
0.41
0.40
0.39
0.37
0.34
0.33
0.33
0.33
115.10
82.49
90.29
92.91
97.38
96.17
115.60
122.30
96.67
100.10
102.40
106.40
102.90
91.45
100.40
103.10
107.50
119.90
126.10
128.20
126.70
115.50
112.00
111.50
102.20
99.22
94.02
85.94
78.53
83.53
80.55
78.43
72.50
64.80
53.91
46.88
44.49
48.06
50.08
49.60
53.23
48.52
46.09
49.19
53.84
41.60
41.38
41.99
45.36
54.58
52.16
59.68
61.81
63.02
66.34
61.41
61.87
64.71
65.89
66.92
69.81
70.28
69.35
69.73
68.49
69.75
71.19
73.39
73.94
83.70
84.27
73.78
65.38
63.59
62.30
58.59
53.01
48.34
41.39
36.47
33.67
25.97
25.23
23.03
20.86
13.97
10.72
8.78
6.29
4.26
2.85
2.49
2.42
2.35
2.12
1.96
1.76
1.63
1.61
1.60
1.55
1.47
1.43
1.41
1.40
1.39
1.40
1.41
1.45
1.46
1.46
1.48
1.61
1.51
1.62
1.67
1.64
1.59
1.57
1.55
1.54
1.89
2.12
2.68
3.32
3.38
3.45
3.59
3.67
3.75
4.21
4.76
5.23
7.21
6.71
6.93
6.56
6.88
6.30
6.12
5.00
3.96
3.40
2.88
2.57
2.22
2.31
1.58
1.41
1.39
1.52
1.56
1.72
2.15
2.13
2.45
2.94
3.10
3.14
3.24
2.43
2.12
1.96
1.66
1.36
1.06
0.89
0.74
0.64
0.57
0.51
0.47
0.45
0.45
0.44
0.43
0.40
0.37
0.36
0.35
0.35
105.80
89.70
83.16
80.87
98.83
110.50
121.60
129.10
107.40
101.00
98.59
100.50
98.21
99.27
97.23
101.30
110.60
95.91
77.89
76.22
77.33
75.17
70.03
60.43
54.60
52.11
50.87
46.87
43.34
40.37
37.51
30.13
28.27
28.25
29.14
32.17
34.25
38.64
36.58
37.07
36.52
37.69
38.56
39.10
40.35
38.11
38.84
38.93
39.45
36.31
36.33
38.29
41.38
41.94
39.87
42.96
41.44
42.09
47.28
47.82
50.00
49.70
48.05
48.03
47.22
45.61
45.26
43.69
42.79
42.73
41.48
41.58
40.65
39.59
38.73
39.67
36.67
34.26
31.94
30.33
27.02
22.30
18.72
16.01
13.34
10.77
9.13
7.02
5.44
4.15
3.29
2.94
2.78
2.51
2.23
1.96
1.69
1.52
1.47
1.41
1.34
1.29
1.24
1.20
1.20
1.21
1.22
1.24
1.26
1.30
1.33
1.36
1.36
1.38
1.38
1.40
1.40
1.42
1.47
1.47
1.51
1.84
2.23
2.78
3.03
3.25
3.52
3.09
3.12
3.79
4.26
4.29
4.56
4.71
4.84
5.07
4.80
4.53
4.65
4.14
4.27
3.67
3.24
3.01
2.73
2.33
1.82
1.47
1.36
1.33
1.34
1.51
1.48
1.53
1.77
2.04
2.08
2.01
2.06
2.10
2.04
1.81
1.60
1.26
1.05
0.96
0.95
0.71
0.61
0.54
0.49
0.45
0.44
0.43
0.42
0.41
0.38
0.36
0.35
0.34
0.34
111.70
86.32
73.35
95.98
102.50
112.70
118.20
124.20
110.30
118.00
115.50
130.00
120.40
122.60
101.20
94.41
83.19
79.01
76.10
69.32
62.52
55.01
46.65
42.19
36.90
30.06
26.47
23.27
22.40
23.83
21.51
23.80
24.52
25.27
26.37
28.73
31.67
31.77
35.94
41.43
46.80
48.31
52.14
53.32
54.29
41.79
36.15
32.96
40.58
56.40
47.49
51.76
50.31
52.73
55.78
54.34
59.58
59.62
58.35
62.31
61.63
61.67
60.36
59.55
58.46
59.16
58.24
57.05
57.30
57.11
61.67
61.79
54.16
47.91
44.84
37.20
33.66
30.85
28.72
28.90
22.92
19.21
16.89
15.74
11.06
8.71
7.43
6.31
5.30
4.34
3.62
3.26
2.82
2.44
2.13
1.76
1.52
1.41
1.33
1.28
1.22
1.18
1.14
1.10
1.08
1.08
1.07
1.07
1.09
1.09
1.14
1.15
1.24
1.24
1.25
1.25
1.25
1.24
1.24
1.25
1.28
1.46
1.74
1.78
2.00
2.16
2.54
2.44
2.58
2.88
3.33
3.69
4.52
5.12
7.95
6.18
5.52
5.34
4.80
4.51
3.76
3.42
3.11
2.82
2.66
2.20
2.06
1.56
1.23
1.18
1.18
1.19
1.23
1.35
1.51
1.46
1.58
1.64
1.66
1.70
1.68
1.59
1.40
1.28
1.13
0.96
0.80
0.68
0.61
0.55
0.50
0.48
0.46
0.45
0.45
0.43
0.41
0.38
0.37
0.37
0.36
104.40
90.75
66.24
80.95
110.40
114.30
112.20
124.70
120.10
108.20
107.10
111.80
107.60
115.30
93.64
85.49
78.40
76.16
77.57
62.75
52.77
43.27
37.86
41.32
29.99
29.63
27.78
28.20
25.79
18.95
20.67
31.36
31.73
26.99
28.08
29.03
30.87
32.18
38.10
38.39
38.28
36.63
41.95
43.46
43.18
39.99
39.58
38.62
37.17
44.95
42.35
38.05
40.53
40.11
41.30
44.40
44.11
47.10
51.09
51.31
52.99
51.08
50.85
50.90
50.12
50.14
50.78
48.92
47.11
45.62
47.46
44.68
41.22
40.56
37.95
36.04
38.94
31.55
26.81
22.15
14.62
13.44
12.44
11.30
9.77
7.69
6.31
5.21
4.55
3.91
3.23
2.85
2.62
2.26
1.88
1.54
1.25
1.16
1.09
1.06
1.02
0.99
0.94
0.90
0.90
0.90
0.92
0.93
0.97
1.00
1.03
1.07
1.07
1.08
1.05
1.04
1.03
1.04
1.04
1.04
1.05
1.08
1.48
1.78
2.16
2.76
3.03
3.53
3.42
4.01
4.45
4.07
4.29
4.78
4.78
4.55
4.50
4.42
4.11
3.90
3.46
3.13
2.82
2.57
2.18
1.86
1.49
1.10
1.08
1.08
1.09
1.10
1.11
1.12
1.21
1.29
1.38
1.61
1.59
1.74
1.69
1.74
1.60
1.41
1.14
1.09
0.81
0.68
0.60
0.54
0.50
0.47
0.45
0.44
0.44
0.42
0.40
0.36
0.36
0.36
0.36
111.70
86.32
73.35
95.98
102.50
112.70
118.20
124.20
110.30
118.00
115.50
130.00
120.40
122.60
101.20
94.41
83.19
79.01
76.10
69.32
62.52
55.01
46.65
42.19
36.90
30.06
26.47
23.27
22.40
23.83
21.51
23.80
24.52
25.27
26.37
28.73
31.67
31.77
35.94
41.43
46.80
48.31
52.14
53.32
54.29
41.79
36.15
32.96
40.58
56.40
47.49
51.76
50.31
52.73
55.78
54.34
59.58
59.62
58.35
62.31
61.63
61.67
60.36
59.55
58.46
59.16
58.24
57.05
57.30
57.11
61.67
61.79
54.16
47.91
44.84
37.20
33.66
30.85
28.72
28.90
22.92
19.21
16.89
15.74
11.06
8.71
7.43
6.31
5.30
4.34
3.62
3.26
2.82
2.44
2.13
1.76
1.52
1.41
1.33
1.28
1.22
1.18
1.14
1.10
1.08
1.08
1.07
1.07
1.09
1.09
1.14
1.15
1.24
1.24
1.25
1.25
1.25
1.24
1.24
1.25
1.28
1.46
1.74
1.78
2.00
2.16
2.54
2.44
2.58
2.88
3.33
3.69
4.52
5.12
7.95
6.18
5.52
5.34
4.80
4.51
3.76
3.42
3.11
2.82
2.66
2.20
2.06
1.56
1.23
1.18
1.18
1.19
1.23
1.35
1.51
1.46
1.58
1.64
1.66
1.70
1.68
1.59
1.40
1.28
1.13
0.96
0.80
0.68
0.61
0.55
0.50
0.48
0.46
0.45
0.45
0.43
0.41
0.38
0.37
0.37
0.36
105.80
89.70
83.16
80.87
98.83
110.50
121.60
129.10
107.40
101.00
98.59
100.50
98.21
99.27
97.23
101.30
110.60
95.91
77.89
76.22
77.33
75.17
70.03
60.43
54.60
52.11
50.87
46.87
43.34
40.37
37.51
30.13
28.27
28.25
29.14
32.17
34.25
38.64
36.58
37.07
36.52
37.69
38.56
39.10
40.35
38.11
38.84
38.93
39.45
36.31
36.33
38.29
41.38
41.94
39.87
42.96
41.44
42.09
47.28
47.82
50.00
49.70
48.05
48.03
47.22
45.61
45.26
43.69
42.79
42.73
41.48
41.58
40.65
39.59
38.73
39.67
36.67
34.26
31.94
30.33
27.02
22.30
18.72
16.01
13.34
10.77
9.13
7.02
5.44
4.15
3.29
2.94
2.78
2.51
2.23
1.96
1.69
1.52
1.47
1.41
1.34
1.29
1.24
1.20
1.20
1.21
1.22
1.24
1.26
1.30
1.33
1.36
1.36
1.38
1.38
1.40
1.40
1.42
1.47
1.47
1.51
1.84
2.23
2.78
3.03
3.25
3.52
3.09
3.12
3.79
4.26
4.29
4.56
4.71
4.84
5.07
4.80
4.53
4.65
4.14
4.27
3.67
3.24
3.01
2.73
2.33
1.82
1.47
1.36
1.33
1.34
1.51
1.48
1.53
1.77
2.04
2.08
2.01
2.06
2.10
2.04
1.81
1.60
1.26
1.05
0.96
0.95
0.71
0.61
0.54
0.49
0.45
0.44
0.43
0.42
0.41
0.38
0.36
0.35
0.34
0.34
115.10
82.49
90.29
92.91
97.38
96.17
115.60
122.30
96.67
100.10
102.40
106.40
102.90
91.45
100.40
103.10
107.50
119.90
126.10
128.20
126.70
115.50
112.00
111.50
102.20
99.22
94.02
85.94
78.53
83.53
80.55
78.43
72.50
64.80
53.91
46.88
44.49
48.06
50.08
49.60
53.23
48.52
46.09
49.19
53.84
41.60
41.38
41.99
45.36
54.58
52.16
59.68
61.81
63.02
66.34
61.41
61.87
64.71
65.89
66.92
69.81
70.28
69.35
69.73
68.49
69.75
71.19
73.39
73.94
83.70
84.27
73.78
65.38
63.59
62.30
58.59
53.01
48.34
41.39
36.47
33.67
25.97
25.23
23.03
20.86
13.97
10.72
8.78
6.29
4.26
2.85
2.49
2.42
2.35
2.12
1.96
1.76
1.63
1.61
1.60
1.55
1.47
1.43
1.41
1.40
1.39
1.40
1.41
1.45
1.46
1.46
1.48
1.61
1.51
1.62
1.67
1.64
1.59
1.57
1.55
1.54
1.89
2.12
2.68
3.32
3.38
3.45
3.59
3.67
3.75
4.21
4.76
5.23
7.21
6.71
6.93
6.56
6.88
6.30
6.12
5.00
3.96
3.40
2.88
2.57
2.22
2.31
1.58
1.41
1.39
1.52
1.56
1.72
2.15
2.13
2.45
2.94
3.10
3.14
3.24
2.43
2.12
1.96
1.66
1.36
1.06
0.89
0.74
0.64
0.57
0.51
0.47
0.45
0.45
0.44
0.43
0.40
0.37
0.36
0.35
0.35
106.70
86.68
90.32
104.50
101.10
98.08
99.39
129.20
114.50
109.20
125.10
128.50
121.20
122.60
119.10
135.10
160.00
147.30
141.40
144.30
138.60
124.80
134.10
150.80
132.90
139.80
133.20
148.10
135.60
137.50
133.10
140.70
137.80
125.10
122.70
123.40
122.20
118.00
114.10
107.50
96.29
93.63
94.28
84.74
76.86
67.90
58.13
50.30
44.17
42.73
37.24
37.00
39.29
40.73
40.98
37.91
36.82
39.27
41.65
43.45
45.93
45.44
45.37
45.57
45.61
44.00
43.45
43.62
42.73
41.77
41.80
41.68
41.36
41.05
38.97
39.67
42.18
37.61
33.26
30.85
30.57
30.19
23.64
20.63
19.37
18.02
12.89
10.15
8.65
6.02
4.11
3.44
3.16
2.94
2.69
2.35
2.04
1.83
1.73
1.70
1.62
1.54
1.47
1.43
1.41
1.40
1.40
1.44
1.42
1.54
1.50
1.47
1.46
1.50
1.50
1.50
1.50
1.46
1.43
1.43
1.47
1.76
2.01
2.54
2.88
3.36
3.25
3.25
3.52
3.69
3.80
4.14
4.31
4.26
4.79
4.85
5.04
4.32
3.86
3.52
3.21
3.17
2.94
3.09
2.59
2.23
1.95
1.59
1.54
1.57
1.63
1.85
2.43
2.45
2.99
3.45
3.02
3.45
3.70
3.29
3.12
2.80
2.16
1.59
1.29
1.26
0.98
0.77
0.61
0.54
0.48
0.42
0.41
0.41
0.40
0.39
0.37
0.34
0.33
0.33
0.33
115.60
82.62
96.15
118.80
125.00
138.50
144.50
136.90
117.70
124.90
131.00
142.40
136.20
139.60
161.90
150.60
155.50
162.40
169.70
170.00
166.30
164.00
147.00
134.10
136.50
169.70
150.30
153.50
158.30
180.90
186.70
198.80
201.80
219.20
220.00
217.80
224.20
226.40
227.60
238.30
250.00
238.60
235.80
232.70
237.00
233.50
214.90
210.10
209.00
205.70
207.40
202.80
196.00
196.10
195.50
186.80
181.50
176.20
173.60
166.90
158.50
149.80
139.70
135.50
135.80
126.70
118.30
115.80
113.00
112.50
101.30
85.16
81.33
75.73
65.81
55.84
48.66
45.03
37.04
29.64
25.86
24.20
21.98
19.57
17.61
13.96
12.04
9.48
7.17
4.94
3.55
2.88
2.73
2.58
2.39
2.20
2.04
1.92
1.84
1.79
1.71
1.63
1.59
1.56
1.54
1.54
1.53
1.53
1.54
1.55
1.55
1.57
1.64
1.61
1.56
1.56
1.60
1.60
1.60
1.60
1.61
1.82
1.97
2.14
2.29
2.58
2.38
2.37
2.58
2.37
2.96
3.39
4.36
4.84
4.60
5.08
4.60
4.21
4.40
4.35
3.71
3.24
2.69
2.26
2.00
1.78
2.03
1.85
1.50
1.60
1.62
1.96
3.12
3.26
3.08
3.82
3.50
4.06
4.27
4.03
3.21
2.55
1.95
1.52
1.44
1.15
0.90
0.74
0.61
0.52
0.45
0.40
0.40
0.39
0.39
0.38
0.36
0.34
0.34
0.33
0.33
