SALVI
1
0
24
15.0
181
1.0
241005 Palacio 5050 350mA F5M1 C TRANSL
PALACIO 5050 350mA F5M1 PMMA LC

PALACIO-5050-F5M1-PMMALC.ldt
29 September 2024/TB
465
0
825
200
10
0
0
0
0
96.35
100.00
1.00
0.00
1
1
5050
4418.00
3000
70
13.40
0.14
0.23
0.32
0.40
0.46
0.56
0.61
0.67
0.73
0.77
0.00
15.00
30.00
45.00
60.00
75.00
90.00
105.00
120.00
135.00
150.00
165.00
180.00
195.00
210.00
225.00
240.00
255.00
270.00
285.00
300.00
315.00
330.00
345.00
0.00
1.00
2.00
3.00
4.00
5.00
6.00
7.00
8.00
9.00
10.00
11.00
12.00
13.00
14.00
15.00
16.00
17.00
18.00
19.00
20.00
21.00
22.00
23.00
24.00
25.00
26.00
27.00
28.00
29.00
30.00
31.00
32.00
33.00
34.00
35.00
36.00
37.00
38.00
39.00
40.00
41.00
42.00
43.00
44.00
45.00
46.00
47.00
48.00
49.00
50.00
51.00
52.00
53.00
54.00
55.00
56.00
57.00
58.00
59.00
60.00
61.00
62.00
63.00
64.00
65.00
66.00
67.00
68.00
69.00
70.00
71.00
72.00
73.00
74.00
75.00
76.00
77.00
78.00
79.00
80.00
81.00
82.00
83.00
84.00
85.00
86.00
87.00
88.00
89.00
90.00
91.00
92.00
93.00
94.00
95.00
96.00
97.00
98.00
99.00
100.00
101.00
102.00
103.00
104.00
105.00
106.00
107.00
108.00
109.00
110.00
111.00
112.00
113.00
114.00
115.00
116.00
117.00
118.00
119.00
120.00
121.00
122.00
123.00
124.00
125.00
126.00
127.00
128.00
129.00
130.00
131.00
132.00
133.00
134.00
135.00
136.00
137.00
138.00
139.00
140.00
141.00
142.00
143.00
144.00
145.00
146.00
147.00
148.00
149.00
150.00
151.00
152.00
153.00
154.00
155.00
156.00
157.00
158.00
159.00
160.00
161.00
162.00
163.00
164.00
165.00
166.00
167.00
168.00
169.00
170.00
171.00
172.00
173.00
174.00
175.00
176.00
177.00
178.00
179.00
180.00
47.96
47.79
48.80
51.78
56.36
61.63
67.29
73.10
78.88
84.33
89.12
94.00
98.44
102.60
106.60
110.40
114.20
118.10
121.90
125.70
129.50
133.30
137.30
141.20
145.20
149.10
153.20
157.40
161.80
166.20
170.70
175.40
180.20
185.10
190.10
195.10
200.00
205.20
210.30
215.20
220.30
225.00
229.70
234.20
238.60
242.70
246.80
250.20
253.40
256.20
258.60
260.30
261.40
261.90
261.70
260.60
258.70
256.00
252.30
247.80
242.20
235.70
228.50
220.40
211.40
201.80
191.70
181.10
170.30
159.30
148.20
137.30
126.70
116.30
106.30
97.05
88.13
79.96
72.61
65.50
59.13
53.41
48.19
43.52
39.34
35.61
32.28
29.30
26.68
24.36
22.27
20.40
18.73
17.22
15.89
14.69
13.63
12.68
11.83
11.07
10.39
9.78
9.22
8.74
8.29
7.89
7.52
7.20
6.90
6.63
6.38
6.15
5.94
5.74
5.56
5.39
5.23
5.08
4.94
4.81
4.68
4.56
4.44
4.32
4.22
4.11
4.00
3.90
3.80
3.70
3.61
3.51
3.41
3.31
3.22
3.13
3.04
2.95
2.85
2.76
2.67
2.58
2.49
2.40
2.31
2.22
2.13
2.03
1.95
1.86
1.76
1.68
1.59
1.50
1.41
1.33
1.24
1.16
1.08
1.01
0.93
0.86
0.78
0.72
0.66
0.60
0.54
0.48
0.43
0.38
0.35
0.33
0.33
0.33
0.32
0.31
0.30
0.29
0.29
0.29
0.29
47.60
47.31
48.30
51.28
55.98
61.32
66.96
72.60
78.13
83.43
88.44
93.21
97.60
101.90
106.10
110.00
113.90
117.60
121.30
125.00
128.70
132.60
136.40
140.30
144.40
148.40
152.60
156.90
161.40
165.90
170.40
175.30
180.20
185.20
190.20
195.30
200.50
205.80
210.90
216.00
221.10
226.10
230.90
235.50
240.00
244.30
248.40
252.10
255.30
258.30
260.50
262.20
263.60
264.20
263.90
263.10
261.20
258.70
255.10
250.60
245.20
239.00
231.80
223.70
214.80
205.30
195.10
184.60
173.70
162.50
151.40
140.30
129.40
118.70
108.70
99.02
89.92
81.60
73.77
66.62
60.09
54.14
48.79
43.98
39.69
35.85
32.43
29.40
26.70
24.31
22.19
20.28
18.57
17.05
15.69
14.48
13.42
12.47
11.61
10.85
10.17
9.56
9.01
8.53
8.09
7.70
7.35
7.02
6.73
6.46
6.22
6.00
5.79
5.61
5.43
5.27
5.12
4.98
4.84
4.72
4.59
4.47
4.36
4.25
4.15
4.04
3.94
3.84
3.74
3.64
3.55
3.45
3.36
3.27
3.17
3.08
2.99
2.90
2.81
2.72
2.62
2.54
2.44
2.35
2.26
2.17
2.08
1.99
1.90
1.82
1.73
1.64
1.55
1.46
1.38
1.29
1.21
1.13
1.05
0.97
0.90
0.83
0.76
0.70
0.64
0.58
0.52
0.47
0.42
0.36
0.33
0.32
0.31
0.31
0.31
0.30
0.29
0.29
0.29
0.29
0.29
47.49
47.41
48.63
51.75
56.19
61.25
66.59
72.25
77.56
82.71
87.56
92.31
96.79
101.00
105.10
109.10
113.00
116.90
120.90
124.80
128.80
132.80
136.80
140.80
145.00
149.20
153.60
158.10
162.60
167.40
172.30
177.50
182.60
188.10
193.60
199.40
205.00
210.80
216.80
222.60
228.30
234.00
239.80
245.10
250.50
255.40
260.10
264.50
268.40
271.70
274.60
276.90
278.40
279.20
279.10
278.30
276.40
273.50
269.80
264.70
258.80
251.90
244.20
235.50
226.00
215.70
205.00
193.80
182.10
170.20
158.30
146.50
135.00
123.80
113.10
102.90
93.24
84.34
76.09
68.66
61.67
55.42
49.78
44.71
40.22
36.17
32.57
29.40
26.57
24.08
21.87
19.90
18.14
16.58
15.19
13.97
12.89
11.93
11.08
10.31
9.65
9.05
8.52
8.04
7.62
7.24
6.90
6.59
6.32
6.07
5.85
5.64
5.45
5.28
5.12
4.98
4.84
4.71
4.59
4.47
4.36
4.26
4.15
4.06
3.96
3.87
3.78
3.69
3.61
3.52
3.43
3.34
3.26
3.17
3.08
3.00
2.92
2.83
2.75
2.66
2.58
2.49
2.41
2.32
2.24
2.15
2.07
1.98
1.89
1.81
1.72
1.64
1.55
1.46
1.38
1.30
1.21
1.13
1.06
0.98
0.91
0.84
0.77
0.72
0.65
0.60
0.55
0.50
0.45
0.40
0.36
0.34
0.34
0.33
0.33
0.32
0.31
0.30
0.29
0.29
0.29
47.21
47.28
48.49
51.48
55.91
60.88
66.16
71.63
76.79
81.90
86.78
91.54
96.05
100.30
104.60
108.60
112.50
116.60
120.70
124.70
128.90
133.20
137.50
141.70
146.00
150.30
154.70
159.20
163.90
168.80
173.90
179.20
184.60
190.30
196.10
202.10
208.20
214.20
220.50
226.70
232.80
238.90
244.80
250.60
256.20
261.30
266.30
270.70
274.60
278.00
280.60
282.50
283.50
283.70
283.20
281.40
278.80
275.10
270.20
264.40
257.40
249.70
240.80
231.10
220.70
209.90
198.40
186.70
174.60
162.60
150.70
139.00
127.40
116.60
106.30
96.50
87.38
79.00
71.18
64.08
57.63
51.80
46.57
41.87
37.69
33.93
30.60
27.66
25.05
22.73
20.71
18.87
17.25
15.80
14.51
13.37
12.36
11.46
10.66
9.94
9.31
8.74
8.24
7.80
7.40
7.04
6.72
6.42
6.16
5.92
5.70
5.50
5.32
5.16
5.00
4.86
4.72
4.59
4.48
4.36
4.25
4.15
4.05
3.96
3.86
3.77
3.68
3.60
3.51
3.42
3.34
3.25
3.17
3.08
3.00
2.92
2.83
2.75
2.67
2.58
2.50
2.42
2.34
2.26
2.17
2.09
2.01
1.93
1.85
1.76
1.68
1.60
1.52
1.43
1.35
1.27
1.19
1.12
1.04
0.96
0.89
0.82
0.75
0.70
0.64
0.58
0.54
0.49
0.44
0.39
0.35
0.32
0.32
0.31
0.31
0.31
0.29
0.29
0.29
0.29
0.29
47.23
47.37
48.77
52.07
56.66
61.76
67.18
72.87
78.36
83.56
88.45
93.17
97.65
101.90
105.90
109.90
113.80
117.60
121.50
125.50
129.50
133.60
137.60
141.50
145.60
149.90
154.30
158.60
163.10
167.70
172.60
177.60
182.70
188.00
193.30
198.70
204.20
209.70
215.20
220.70
226.00
231.20
236.20
240.80
245.30
249.20
252.90
255.70
258.20
260.00
261.10
261.30
260.80
259.30
257.00
253.60
249.20
244.00
237.90
231.00
223.10
214.50
205.40
195.60
185.40
174.90
164.20
153.50
142.90
132.40
122.10
112.30
102.80
93.97
85.65
77.77
70.70
64.11
57.94
52.37
47.35
42.80
38.75
35.08
31.83
28.87
26.26
23.95
21.87
20.03
18.40
16.91
15.57
14.38
13.31
12.35
11.50
10.73
10.04
9.43
8.88
8.38
7.93
7.53
7.17
6.85
6.55
6.29
6.05
5.83
5.63
5.44
5.28
5.12
4.98
4.84
4.71
4.60
4.48
4.37
4.27
4.17
4.08
3.98
3.89
3.80
3.71
3.63
3.54
3.46
3.37
3.29
3.20
3.12
3.04
2.95
2.87
2.79
2.71
2.62
2.54
2.46
2.38
2.29
2.21
2.13
2.04
1.96
1.88
1.79
1.71
1.62
1.54
1.45
1.37
1.29
1.21
1.13
1.06
0.98
0.91
0.84
0.78
0.72
0.66
0.60
0.55
0.50
0.45
0.40
0.37
0.34
0.34
0.34
0.33
0.32
0.31
0.30
0.30
0.29
0.29
47.24
47.31
48.57
51.85
56.68
62.16
67.96
73.76
79.47
84.87
89.95
94.78
99.31
103.60
107.70
111.60
115.40
119.10
122.80
126.20
130.00
133.90
137.70
141.60
145.60
149.60
153.80
158.10
162.40
166.80
171.30
175.90
180.50
185.20
190.00
194.70
199.40
204.20
208.70
213.10
217.30
221.40
225.20
228.60
231.70
234.40
236.60
238.20
239.20
239.50
239.20
238.00
236.10
233.20
229.80
225.40
220.20
214.20
207.50
200.20
192.20
183.80
174.90
165.70
156.30
146.80
137.30
127.80
118.70
109.70
101.20
93.02
85.27
78.03
71.30
65.05
59.25
54.00
49.15
44.75
40.78
37.18
33.92
31.00
28.39
26.03
23.91
22.01
20.32
18.79
17.42
16.17
15.03
13.99
13.06
12.21
11.45
10.76
10.13
9.56
9.04
8.59
8.17
7.78
7.44
7.12
6.83
6.56
6.31
6.09
5.88
5.69
5.51
5.35
5.19
5.05
4.91
4.78
4.66
4.54
4.43
4.32
4.21
4.11
4.01
3.92
3.82
3.73
3.63
3.54
3.45
3.36
3.27
3.18
3.09
3.00
2.92
2.83
2.74
2.65
2.56
2.48
2.39
2.30
2.22
2.13
2.05
1.96
1.87
1.79
1.70
1.62
1.53
1.45
1.36
1.28
1.20
1.12
1.04
0.97
0.90
0.83
0.77
0.71
0.65
0.59
0.53
0.48
0.43
0.38
0.34
0.32
0.32
0.31
0.31
0.30
0.29
0.29
0.29
0.29
0.29
47.24
47.40
48.87
52.41
57.30
62.79
68.54
74.63
80.63
86.37
91.62
96.56
101.10
105.20
109.10
112.90
116.50
120.20
123.90
127.60
131.40
135.30
139.10
142.90
146.90
150.80
154.90
159.10
163.30
167.50
171.80
176.40
180.90
185.40
189.90
194.50
198.80
203.30
207.60
211.70
215.30
219.10
222.40
225.50
228.10
230.30
232.00
232.80
233.40
233.20
232.30
230.60
228.20
225.00
220.90
216.20
210.70
204.40
197.50
190.00
181.90
173.50
164.80
155.80
146.60
137.40
128.30
119.30
110.70
102.20
94.21
86.65
79.44
72.69
66.78
60.88
55.56
50.71
46.25
42.24
38.59
35.30
32.29
29.60
27.18
25.01
23.04
21.30
19.71
18.30
17.00
15.84
14.75
13.78
12.90
12.09
11.36
10.71
10.10
9.56
9.06
8.61
8.19
7.82
7.48
7.17
6.88
6.61
6.37
6.15
5.94
5.75
5.58
5.41
5.25
5.11
4.97
4.84
4.71
4.59
4.48
4.37
4.26
4.15
4.05
3.95
3.85
3.76
3.66
3.57
3.48
3.38
3.29
3.20
3.11
3.02
2.93
2.84
2.76
2.66
2.57
2.49
2.40
2.32
2.23
2.14
2.06
1.97
1.88
1.80
1.71
1.62
1.54
1.45
1.37
1.29
1.21
1.13
1.06
0.99
0.91
0.85
0.78
0.72
0.66
0.60
0.55
0.49
0.44
0.39
0.36
0.34
0.33
0.33
0.33
0.32
0.31
0.30
0.29
0.29
0.29
47.24
47.31
48.57
51.85
56.68
62.16
67.96
73.76
79.47
84.87
89.95
94.78
99.31
103.60
107.70
111.60
115.40
119.10
122.80
126.20
130.00
133.90
137.70
141.60
145.60
149.60
153.80
158.10
162.40
166.80
171.30
175.90
180.50
185.20
190.00
194.70
199.40
204.20
208.70
213.10
217.30
221.40
225.20
228.60
231.70
234.40
236.60
238.20
239.20
239.50
239.20
238.00
236.10
233.20
229.80
225.40
220.20
214.20
207.50
200.20
192.20
183.80
174.90
165.70
156.30
146.80
137.30
127.80
118.70
109.70
101.20
93.02
85.27
78.03
71.30
65.05
59.25
54.00
49.15
44.75
40.78
37.18
33.92
31.00
28.39
26.03
23.91
22.01
20.32
18.79
17.42
16.17
15.03
13.99
13.06
12.21
11.45
10.76
10.13
9.56
9.04
8.59
8.17
7.78
7.44
7.12
6.83
6.56
6.31
6.09
5.88
5.69
5.51
5.35
5.19
5.05
4.91
4.78
4.66
4.54
4.43
4.32
4.21
4.11
4.01
3.92
3.82
3.73
3.63
3.54
3.45
3.36
3.27
3.18
3.09
3.00
2.92
2.83
2.74
2.65
2.56
2.48
2.39
2.30
2.22
2.13
2.05
1.96
1.87
1.79
1.70
1.62
1.53
1.45
1.36
1.28
1.20
1.12
1.04
0.97
0.90
0.83
0.77
0.71
0.65
0.59
0.53
0.48
0.43
0.38
0.34
0.32
0.32
0.31
0.31
0.30
0.29
0.29
0.29
0.29
0.29
47.23
47.37
48.77
52.07
56.66
61.76
67.18
72.87
78.36
83.56
88.45
93.17
97.65
101.90
105.90
109.90
113.80
117.60
121.50
125.50
129.50
133.60
137.60
141.50
145.60
149.90
154.30
158.60
163.10
167.70
172.60
177.60
182.70
188.00
193.30
198.70
204.20
209.70
215.20
220.70
226.00
231.20
236.20
240.80
245.30
249.20
252.90
255.70
258.20
260.00
261.10
261.30
260.80
259.30
257.00
253.60
249.20
244.00
237.90
231.00
223.10
214.50
205.40
195.60
185.40
174.90
164.20
153.50
142.90
132.40
122.10
112.30
102.80
93.97
85.65
77.77
70.70
64.11
57.94
52.37
47.35
42.80
38.75
35.08
31.83
28.87
26.26
23.95
21.87
20.03
18.40
16.91
15.57
14.38
13.31
12.35
11.50
10.73
10.04
9.43
8.88
8.38
7.93
7.53
7.17
6.85
6.55
6.29
6.05
5.83
5.63
5.44
5.28
5.12
4.98
4.84
4.71
4.60
4.48
4.37
4.27
4.17
4.08
3.98
3.89
3.80
3.71
3.63
3.54
3.46
3.37
3.29
3.20
3.12
3.04
2.95
2.87
2.79
2.71
2.62
2.54
2.46
2.38
2.29
2.21
2.13
2.04
1.96
1.88
1.79
1.71
1.62
1.54
1.45
1.37
1.29
1.21
1.13
1.06
0.98
0.91
0.84
0.78
0.72
0.66
0.60
0.55
0.50
0.45
0.40
0.37
0.34
0.34
0.34
0.33
0.32
0.31
0.30
0.30
0.29
0.29
47.21
47.28
48.49
51.48
55.91
60.88
66.16
71.63
76.79
81.90
86.78
91.54
96.05
100.30
104.60
108.60
112.50
116.60
120.70
124.70
128.90
133.20
137.50
141.70
146.00
150.30
154.70
159.20
163.90
168.80
173.90
179.20
184.60
190.30
196.10
202.10
208.20
214.20
220.50
226.70
232.80
238.90
244.80
250.60
256.20
261.30
266.30
270.70
274.60
278.00
280.60
282.50
283.50
283.70
283.20
281.40
278.80
275.10
270.20
264.40
257.40
249.70
240.80
231.10
220.70
209.90
198.40
186.70
174.60
162.60
150.70
139.00
127.40
116.60
106.30
96.50
87.38
79.00
71.18
64.08
57.63
51.80
46.57
41.87
37.69
33.93
30.60
27.66
25.05
22.73
20.71
18.87
17.25
15.80
14.51
13.37
12.36
11.46
10.66
9.94
9.31
8.74
8.24
7.80
7.40
7.04
6.72
6.42
6.16
5.92
5.70
5.50
5.32
5.16
5.00
4.86
4.72
4.59
4.48
4.36
4.25
4.15
4.05
3.96
3.86
3.77
3.68
3.60
3.51
3.42
3.34
3.25
3.17
3.08
3.00
2.92
2.83
2.75
2.67
2.58
2.50
2.42
2.34
2.26
2.17
2.09
2.01
1.93
1.85
1.76
1.68
1.60
1.52
1.43
1.35
1.27
1.19
1.12
1.04
0.96
0.89
0.82
0.75
0.70
0.64
0.58
0.54
0.49
0.44
0.39
0.35
0.32
0.32
0.31
0.31
0.31
0.29
0.29
0.29
0.29
0.29
47.49
47.41
48.63
51.75
56.19
61.25
66.59
72.25
77.56
82.71
87.56
92.31
96.79
101.00
105.10
109.10
113.00
116.90
120.90
124.80
128.80
132.80
136.80
140.80
145.00
149.20
153.60
158.10
162.60
167.40
172.30
177.50
182.60
188.10
193.60
199.40
205.00
210.80
216.80
222.60
228.30
234.00
239.80
245.10
250.50
255.40
260.10
264.50
268.40
271.70
274.60
276.90
278.40
279.20
279.10
278.30
276.40
273.50
269.80
264.70
258.80
251.90
244.20
235.50
226.00
215.70
205.00
193.80
182.10
170.20
158.30
146.50
135.00
123.80
113.10
102.90
93.24
84.34
76.09
68.66
61.67
55.42
49.78
44.71
40.22
36.17
32.57
29.40
26.57
24.08
21.87
19.90
18.14
16.58
15.19
13.97
12.89
11.93
11.08
10.31
9.65
9.05
8.52
8.04
7.62
7.24
6.90
6.59
6.32
6.07
5.85
5.64
5.45
5.28
5.12
4.98
4.84
4.71
4.59
4.47
4.36
4.26
4.15
4.06
3.96
3.87
3.78
3.69
3.61
3.52
3.43
3.34
3.26
3.17
3.08
3.00
2.92
2.83
2.75
2.66
2.58
2.49
2.41
2.32
2.24
2.15
2.07
1.98
1.89
1.81
1.72
1.64
1.55
1.46
1.38
1.30
1.21
1.13
1.06
0.98
0.91
0.84
0.77
0.72
0.65
0.60
0.55
0.50
0.45
0.40
0.36
0.34
0.34
0.33
0.33
0.32
0.31
0.30
0.29
0.29
0.29
47.60
47.31
48.30
51.28
55.98
61.32
66.96
72.60
78.13
83.43
88.44
93.21
97.60
101.90
106.10
110.00
113.90
117.60
121.30
125.00
128.70
132.60
136.40
140.30
144.40
148.40
152.60
156.90
161.40
165.90
170.40
175.30
180.20
185.20
190.20
195.30
200.50
205.80
210.90
216.00
221.10
226.10
230.90
235.50
240.00
244.30
248.40
252.10
255.30
258.30
260.50
262.20
263.60
264.20
263.90
263.10
261.20
258.70
255.10
250.60
245.20
239.00
231.80
223.70
214.80
205.30
195.10
184.60
173.70
162.50
151.40
140.30
129.40
118.70
108.70
99.02
89.92
81.60
73.77
66.62
60.09
54.14
48.79
43.98
39.69
35.85
32.43
29.40
26.70
24.31
22.19
20.28
18.57
17.05
15.69
14.48
13.42
12.47
11.61
10.85
10.17
9.56
9.01
8.53
8.09
7.70
7.35
7.02
6.73
6.46
6.22
6.00
5.79
5.61
5.43
5.27
5.12
4.98
4.84
4.72
4.59
4.47
4.36
4.25
4.15
4.04
3.94
3.84
3.74
3.64
3.55
3.45
3.36
3.27
3.17
3.08
2.99
2.90
2.81
2.72
2.62
2.54
2.44
2.35
2.26
2.17
2.08
1.99
1.90
1.82
1.73
1.64
1.55
1.46
1.38
1.29
1.21
1.13
1.05
0.97
0.90
0.83
0.76
0.70
0.64
0.58
0.52
0.47
0.42
0.36
0.33
0.32
0.31
0.31
0.31
0.30
0.29
0.29
0.29
0.29
0.29
47.96
47.79
48.80
51.78
56.36
61.63
67.29
73.10
78.88
84.33
89.12
94.00
98.44
102.60
106.60
110.40
114.20
118.10
121.90
125.70
129.50
133.30
137.30
141.20
145.20
149.10
153.20
157.40
161.80
166.20
170.70
175.40
180.20
185.10
190.10
195.10
200.00
205.20
210.30
215.20
220.30
225.00
229.70
234.20
238.60
242.70
246.80
250.20
253.40
256.20
258.60
260.30
261.40
261.90
261.70
260.60
258.70
256.00
252.30
247.80
242.20
235.70
228.50
220.40
211.40
201.80
191.70
181.10
170.30
159.30
148.20
137.30
126.70
116.30
106.30
97.05
88.13
79.96
72.61
65.50
59.13
53.41
48.19
43.52
39.34
35.61
32.28
29.30
26.68
24.36
22.27
20.40
18.73
17.22
15.89
14.69
13.63
12.68
11.83
11.07
10.39
9.78
9.22
8.74
8.29
7.89
7.52
7.20
6.90
6.63
6.38
6.15
5.94
5.74
5.56
5.39
5.23
5.08
4.94
4.81
4.68
4.56
4.44
4.32
4.22
4.11
4.00
3.90
3.80
3.70
3.61
3.51
3.41
3.31
3.22
3.13
3.04
2.95
2.85
2.76
2.67
2.58
2.49
2.40
2.31
2.22
2.13
2.03
1.95
1.86
1.76
1.68
1.59
1.50
1.41
1.33
1.24
1.16
1.08
1.01
0.93
0.86
0.78
0.72
0.66
0.60
0.54
0.48
0.43
0.38
0.35
0.33
0.33
0.33
0.32
0.31
0.30
0.29
0.29
0.29
0.29
47.60
47.35
48.23
51.11
55.62
60.77
66.20
71.73
77.04
82.22
87.17
91.88
96.33
100.60
104.80
108.80
112.70
116.40
120.20
123.90
127.70
131.50
135.50
139.40
143.40
147.40
151.40
155.60
159.90
164.40
168.80
173.60
178.30
183.10
188.10
193.00
198.10
203.20
208.40
213.50
218.30
223.30
228.20
232.80
237.40
241.60
245.70
249.40
252.80
255.70
258.20
260.10
261.40
262.10
262.10
261.30
259.70
257.20
253.80
249.70
244.50
238.30
231.40
223.60
214.90
205.60
195.80
185.40
174.70
163.70
152.80
141.90
131.10
120.60
110.40
100.90
91.78
83.26
75.39
68.34
61.73
55.58
50.14
45.22
40.83
36.89
33.37
30.23
27.47
25.00
22.81
20.85
19.08
17.51
16.12
14.88
13.77
12.78
11.90
11.11
10.41
9.78
9.22
8.71
8.26
7.85
7.47
7.14
6.83
6.56
6.31
6.08
5.87
5.67
5.49
5.33
5.18
5.03
4.89
4.76
4.63
4.52
4.40
4.29
4.18
4.08
3.98
3.88
3.78
3.69
3.59
3.50
3.40
3.31
3.22
3.13
3.04
2.95
2.86
2.77
2.69
2.60
2.51
2.42
2.33
2.24
2.15
2.06
1.97
1.88
1.79
1.71
1.62
1.53
1.44
1.36
1.27
1.19
1.11
1.03
0.95
0.88
0.81
0.75
0.68
0.63
0.57
0.51
0.45
0.41
0.37
0.35
0.35
0.34
0.34
0.33
0.31
0.30
0.29
0.29
0.29
47.49
47.19
47.89
50.41
54.49
59.19
64.26
69.50
74.74
79.83
84.59
89.07
93.48
97.67
101.70
105.80
109.80
113.70
117.70
121.70
125.70
129.60
133.50
137.50
141.50
145.60
149.80
154.10
158.50
162.90
167.50
172.40
177.40
182.50
187.80
193.20
198.50
204.10
209.70
215.30
220.80
226.60
232.10
237.40
242.60
247.70
252.50
256.90
261.00
264.70
267.80
270.40
272.50
273.80
274.20
273.90
272.80
270.70
267.60
263.50
258.60
252.60
245.50
237.50
228.70
219.10
208.80
197.90
186.70
175.20
163.40
151.90
140.40
129.10
118.10
107.80
97.98
88.73
80.25
72.35
65.14
58.61
52.68
47.32
42.54
38.28
34.46
31.07
28.09
25.44
23.10
21.01
19.11
17.46
16.00
14.69
13.53
12.51
11.60
10.79
10.07
9.42
8.85
8.34
7.89
7.49
7.12
6.79
6.50
6.23
5.99
5.76
5.56
5.38
5.21
5.05
4.90
4.77
4.64
4.52
4.41
4.30
4.19
4.09
3.99
3.90
3.81
3.72
3.64
3.54
3.46
3.37
3.28
3.20
3.11
3.03
2.95
2.87
2.78
2.70
2.63
2.54
2.46
2.37
2.29
2.20
2.12
2.04
1.94
1.86
1.77
1.69
1.60
1.51
1.43
1.34
1.26
1.17
1.09
1.02
0.94
0.87
0.79
0.73
0.67
0.61
0.56
0.50
0.45
0.40
0.36
0.34
0.33
0.33
0.32
0.32
0.30
0.29
0.29
0.29
0.29
47.21
46.91
47.65
50.20
54.24
58.92
63.95
69.20
74.25
79.13
83.80
88.31
92.63
96.76
100.80
104.70
108.60
112.60
116.60
120.70
124.80
129.00
133.20
137.30
141.50
145.50
149.70
154.00
158.50
163.10
167.90
173.00
178.20
183.40
189.00
194.70
200.40
206.30
212.20
218.20
224.10
230.10
236.00
241.70
247.30
252.60
257.60
262.20
266.60
270.30
273.50
276.10
277.80
278.80
278.90
278.10
276.40
273.50
269.60
264.70
258.70
251.70
243.70
234.70
225.10
214.70
203.70
192.20
180.50
168.60
156.60
144.90
133.40
122.20
111.50
101.60
92.18
83.30
75.18
67.87
61.00
54.90
49.37
44.36
39.92
35.94
32.41
29.24
26.47
24.03
21.86
19.93
18.18
16.63
15.27
14.06
12.97
12.01
11.16
10.39
9.71
9.11
8.57
8.09
7.66
7.27
6.92
6.60
6.32
6.06
5.83
5.62
5.43
5.25
5.09
4.93
4.79
4.66
4.53
4.42
4.30
4.20
4.10
4.00
3.91
3.81
3.73
3.64
3.56
3.47
3.39
3.30
3.22
3.13
3.05
2.97
2.89
2.81
2.73
2.65
2.58
2.50
2.41
2.33
2.25
2.17
2.09
2.00
1.92
1.84
1.75
1.67
1.59
1.51
1.42
1.34
1.26
1.18
1.10
1.02
0.95
0.87
0.80
0.74
0.68
0.63
0.57
0.52
0.47
0.42
0.39
0.36
0.36
0.35
0.35
0.34
0.32
0.30
0.30
0.29
0.29
47.23
46.81
47.44
49.91
53.95
58.69
63.75
69.02
74.28
79.33
84.08
88.66
92.92
97.00
101.00
104.80
108.50
112.20
116.00
119.80
123.70
127.40
131.40
135.10
139.10
143.20
147.40
151.50
155.90
160.30
165.00
169.70
174.60
179.60
184.70
190.00
195.10
200.60
205.80
211.20
216.50
221.60
226.80
231.70
236.30
240.60
244.60
248.10
251.20
253.70
255.70
256.90
257.20
256.90
255.60
253.40
250.30
246.20
241.10
235.20
228.30
220.70
212.20
203.20
193.40
183.50
173.10
162.40
151.90
141.30
130.80
120.60
110.70
101.30
92.52
84.20
76.48
69.33
62.76
56.71
51.23
46.32
41.88
37.89
34.29
31.10
28.24
25.69
23.45
21.45
19.67
18.06
16.60
15.30
14.15
13.11
12.18
11.35
10.60
9.93
9.33
8.78
8.29
7.87
7.47
7.12
6.79
6.50
6.24
5.99
5.78
5.57
5.39
5.22
5.07
4.92
4.78
4.65
4.53
4.42
4.31
4.21
4.11
4.01
3.92
3.83
3.74
3.66
3.57
3.49
3.40
3.32
3.24
3.15
3.07
2.99
2.91
2.83
2.75
2.67
2.60
2.51
2.43
2.35
2.26
2.18
2.10
2.01
1.93
1.84
1.76
1.68
1.59
1.50
1.42
1.33
1.25
1.17
1.09
1.01
0.94
0.87
0.80
0.73
0.67
0.61
0.56
0.50
0.45
0.40
0.36
0.34
0.34
0.33
0.33
0.32
0.30
0.29
0.29
0.29
0.29
47.24
46.77
47.46
50.19
54.54
59.64
65.05
70.65
76.01
81.16
86.03
90.61
94.98
99.06
102.90
106.70
110.30
113.80
117.20
120.70
124.30
127.90
131.60
135.40
139.10
143.00
147.00
151.10
155.20
159.40
163.80
168.30
172.80
177.40
182.10
186.70
191.40
196.00
200.70
205.20
209.50
213.80
217.80
221.70
225.20
228.30
231.10
233.40
235.10
236.30
236.90
236.70
235.80
234.10
231.60
228.20
223.90
218.90
213.10
206.50
199.10
191.10
182.60
173.60
164.40
154.90
145.30
135.60
126.10
116.80
107.80
99.20
91.02
83.28
75.96
69.57
63.19
57.46
52.25
47.52
43.21
39.30
35.82
32.67
29.85
27.33
25.06
23.02
21.23
19.62
18.16
16.86
15.65
14.56
13.58
12.69
11.88
11.15
10.49
9.89
9.34
8.86
8.40
7.99
7.63
7.29
6.98
6.70
6.44
6.20
5.98
5.78
5.59
5.41
5.26
5.11
4.97
4.84
4.71
4.59
4.47
4.36
4.25
4.15
4.05
3.96
3.86
3.77
3.68
3.59
3.50
3.41
3.32
3.23
3.14
3.06
2.97
2.89
2.80
2.72
2.64
2.55
2.46
2.38
2.29
2.20
2.12
2.03
1.94
1.86
1.77
1.69
1.60
1.51
1.43
1.34
1.26
1.18
1.10
1.02
0.95
0.88
0.81
0.75
0.68
0.62
0.57
0.51
0.46
0.41
0.38
0.36
0.35
0.35
0.34
0.34
0.32
0.30
0.30
0.29
0.29
47.24
46.85
47.49
50.12
54.35
59.35
64.76
70.41
76.09
81.62
86.61
91.32
95.60
99.50
103.20
106.80
110.30
113.80
117.30
120.80
124.40
128.10
131.70
135.30
139.00
142.90
146.80
150.80
154.90
159.10
163.40
167.70
172.10
176.60
181.20
185.60
190.10
194.60
199.00
203.30
207.40
211.40
215.10
218.60
221.70
224.50
227.10
229.10
230.60
231.30
231.60
231.10
229.80
227.70
224.80
221.40
216.60
211.50
205.30
198.50
190.90
183.00
174.50
165.60
156.50
147.10
137.80
128.40
119.30
110.50
101.90
93.72
86.01
78.73
71.96
65.68
59.84
54.53
49.70
45.25
41.22
37.62
34.37
31.43
28.80
26.45
24.31
22.41
20.73
19.20
17.85
16.61
15.47
14.43
13.50
12.66
11.88
11.16
10.53
9.94
9.41
8.94
8.49
8.09
7.72
7.39
7.08
6.79
6.53
6.29
6.07
5.87
5.68
5.50
5.33
5.18
5.03
4.89
4.76
4.64
4.52
4.40
4.29
4.18
4.09
3.98
3.88
3.79
3.69
3.60
3.51
3.42
3.33
3.24
3.15
3.06
2.98
2.89
2.80
2.72
2.63
2.55
2.46
2.37
2.28
2.20
2.11
2.02
1.93
1.85
1.76
1.67
1.58
1.50
1.41
1.33
1.24
1.16
1.09
1.01
0.93
0.86
0.79
0.72
0.66
0.60
0.55
0.50
0.45
0.39
0.36
0.33
0.33
0.33
0.33
0.32
0.30
0.29
0.29
0.29
0.29
47.24
46.77
47.46
50.19
54.54
59.64
65.05
70.65
76.01
81.16
86.03
90.61
94.98
99.06
102.90
106.70
110.30
113.80
117.20
120.70
124.30
127.90
131.60
135.40
139.10
143.00
147.00
151.10
155.20
159.40
163.80
168.30
172.80
177.40
182.10
186.70
191.40
196.00
200.70
205.20
209.50
213.80
217.80
221.70
225.20
228.30
231.10
233.40
235.10
236.30
236.90
236.70
235.80
234.10
231.60
228.20
223.90
218.90
213.10
206.50
199.10
191.10
182.60
173.60
164.40
154.90
145.30
135.60
126.10
116.80
107.80
99.20
91.02
83.28
75.96
69.57
63.19
57.46
52.25
47.52
43.21
39.30
35.82
32.67
29.85
27.33
25.06
23.02
21.23
19.62
18.16
16.86
15.65
14.56
13.58
12.69
11.88
11.15
10.49
9.89
9.34
8.86
8.40
7.99
7.63
7.29
6.98
6.70
6.44
6.20
5.98
5.78
5.59
5.41
5.26
5.11
4.97
4.84
4.71
4.59
4.47
4.36
4.25
4.15
4.05
3.96
3.86
3.77
3.68
3.59
3.50
3.41
3.32
3.23
3.14
3.06
2.97
2.89
2.80
2.72
2.64
2.55
2.46
2.38
2.29
2.20
2.12
2.03
1.94
1.86
1.77
1.69
1.60
1.51
1.43
1.34
1.26
1.18
1.10
1.02
0.95
0.88
0.81
0.75
0.68
0.62
0.57
0.51
0.46
0.41
0.38
0.36
0.35
0.35
0.34
0.34
0.32
0.30
0.30
0.29
0.29
47.23
46.81
47.44
49.91
53.95
58.69
63.75
69.02
74.28
79.33
84.08
88.66
92.92
97.00
101.00
104.80
108.50
112.20
116.00
119.80
123.70
127.40
131.40
135.10
139.10
143.20
147.40
151.50
155.90
160.30
165.00
169.70
174.60
179.60
184.70
190.00
195.10
200.60
205.80
211.20
216.50
221.60
226.80
231.70
236.30
240.60
244.60
248.10
251.20
253.70
255.70
256.90
257.20
256.90
255.60
253.40
250.30
246.20
241.10
235.20
228.30
220.70
212.20
203.20
193.40
183.50
173.10
162.40
151.90
141.30
130.80
120.60
110.70
101.30
92.52
84.20
76.48
69.33
62.76
56.71
51.23
46.32
41.88
37.89
34.29
31.10
28.24
25.69
23.45
21.45
19.67
18.06
16.60
15.30
14.15
13.11
12.18
11.35
10.60
9.93
9.33
8.78
8.29
7.87
7.47
7.12
6.79
6.50
6.24
5.99
5.78
5.57
5.39
5.22
5.07
4.92
4.78
4.65
4.53
4.42
4.31
4.21
4.11
4.01
3.92
3.83
3.74
3.66
3.57
3.49
3.40
3.32
3.24
3.15
3.07
2.99
2.91
2.83
2.75
2.67
2.60
2.51
2.43
2.35
2.26
2.18
2.10
2.01
1.93
1.84
1.76
1.68
1.59
1.50
1.42
1.33
1.25
1.17
1.09
1.01
0.94
0.87
0.80
0.73
0.67
0.61
0.56
0.50
0.45
0.40
0.36
0.34
0.34
0.33
0.33
0.32
0.30
0.29
0.29
0.29
0.29
47.21
46.91
47.65
50.20
54.24
58.92
63.95
69.20
74.25
79.13
83.80
88.31
92.63
96.76
100.80
104.70
108.60
112.60
116.60
120.70
124.80
129.00
133.20
137.30
141.50
145.50
149.70
154.00
158.50
163.10
167.90
173.00
178.20
183.40
189.00
194.70
200.40
206.30
212.20
218.20
224.10
230.10
236.00
241.70
247.30
252.60
257.60
262.20
266.60
270.30
273.50
276.10
277.80
278.80
278.90
278.10
276.40
273.50
269.60
264.70
258.70
251.70
243.70
234.70
225.10
214.70
203.70
192.20
180.50
168.60
156.60
144.90
133.40
122.20
111.50
101.60
92.18
83.30
75.18
67.87
61.00
54.90
49.37
44.36
39.92
35.94
32.41
29.24
26.47
24.03
21.86
19.93
18.18
16.63
15.27
14.06
12.97
12.01
11.16
10.39
9.71
9.11
8.57
8.09
7.66
7.27
6.92
6.60
6.32
6.06
5.83
5.62
5.43
5.25
5.09
4.93
4.79
4.66
4.53
4.42
4.30
4.20
4.10
4.00
3.91
3.81
3.73
3.64
3.56
3.47
3.39
3.30
3.22
3.13
3.05
2.97
2.89
2.81
2.73
2.65
2.58
2.50
2.41
2.33
2.25
2.17
2.09
2.00
1.92
1.84
1.75
1.67
1.59
1.51
1.42
1.34
1.26
1.18
1.10
1.02
0.95
0.87
0.80
0.74
0.68
0.63
0.57
0.52
0.47
0.42
0.39
0.36
0.36
0.35
0.35
0.34
0.32
0.30
0.30
0.29
0.29
47.49
47.19
47.89
50.41
54.49
59.19
64.26
69.50
74.74
79.83
84.59
89.07
93.48
97.67
101.70
105.80
109.80
113.70
117.70
121.70
125.70
129.60
133.50
137.50
141.50
145.60
149.80
154.10
158.50
162.90
167.50
172.40
177.40
182.50
187.80
193.20
198.50
204.10
209.70
215.30
220.80
226.60
232.10
237.40
242.60
247.70
252.50
256.90
261.00
264.70
267.80
270.40
272.50
273.80
274.20
273.90
272.80
270.70
267.60
263.50
258.60
252.60
245.50
237.50
228.70
219.10
208.80
197.90
186.70
175.20
163.40
151.90
140.40
129.10
118.10
107.80
97.98
88.73
80.25
72.35
65.14
58.61
52.68
47.32
42.54
38.28
34.46
31.07
28.09
25.44
23.10
21.01
19.11
17.46
16.00
14.69
13.53
12.51
11.60
10.79
10.07
9.42
8.85
8.34
7.89
7.49
7.12
6.79
6.50
6.23
5.99
5.76
5.56
5.38
5.21
5.05
4.90
4.77
4.64
4.52
4.41
4.30
4.19
4.09
3.99
3.90
3.81
3.72
3.64
3.54
3.46
3.37
3.28
3.20
3.11
3.03
2.95
2.87
2.78
2.70
2.63
2.54
2.46
2.37
2.29
2.20
2.12
2.04
1.94
1.86
1.77
1.69
1.60
1.51
1.43
1.34
1.26
1.17
1.09
1.02
0.94
0.87
0.79
0.73
0.67
0.61
0.56
0.50
0.45
0.40
0.36
0.34
0.33
0.33
0.32
0.32
0.30
0.29
0.29
0.29
0.29
47.60
47.35
48.23
51.11
55.62
60.77
66.20
71.73
77.04
82.22
87.17
91.88
96.33
100.60
104.80
108.80
112.70
116.40
120.20
123.90
127.70
131.50
135.50
139.40
143.40
147.40
151.40
155.60
159.90
164.40
168.80
173.60
178.30
183.10
188.10
193.00
198.10
203.20
208.40
213.50
218.30
223.30
228.20
232.80
237.40
241.60
245.70
249.40
252.80
255.70
258.20
260.10
261.40
262.10
262.10
261.30
259.70
257.20
253.80
249.70
244.50
238.30
231.40
223.60
214.90
205.60
195.80
185.40
174.70
163.70
152.80
141.90
131.10
120.60
110.40
100.90
91.78
83.26
75.39
68.34
61.73
55.58
50.14
45.22
40.83
36.89
33.37
30.23
27.47
25.00
22.81
20.85
19.08
17.51
16.12
14.88
13.77
12.78
11.90
11.11
10.41
9.78
9.22
8.71
8.26
7.85
7.47
7.14
6.83
6.56
6.31
6.08
5.87
5.67
5.49
5.33
5.18
5.03
4.89
4.76
4.63
4.52
4.40
4.29
4.18
4.08
3.98
3.88
3.78
3.69
3.59
3.50
3.40
3.31
3.22
3.13
3.04
2.95
2.86
2.77
2.69
2.60
2.51
2.42
2.33
2.24
2.15
2.06
1.97
1.88
1.79
1.71
1.62
1.53
1.44
1.36
1.27
1.19
1.11
1.03
0.95
0.88
0.81
0.75
0.68
0.63
0.57
0.51
0.45
0.41
0.37
0.35
0.35
0.34
0.34
0.33
0.31
0.30
0.29
0.29
0.29
