SALVI
1
0
24
15.0
181
1.0
241005 Palacio Z5M4 350mA F5T1 C TRANSL
PALACIO Z5M4 350mA F5T1 PMMA LC

PALACIO-Z5M4-F5T1-PMMALC.ldt
28 September 2024/TB
465
0
825
200
10
0
0
0
0
96.38
100.00
1.00
0.00
1
1
Z5M4
1965.80
3000
70
19.40
0.13
0.21
0.31
0.39
0.45
0.55
0.60
0.66
0.72
0.76
0.00
15.00
30.00
45.00
60.00
75.00
90.00
105.00
120.00
135.00
150.00
165.00
180.00
195.00
210.00
225.00
240.00
255.00
270.00
285.00
300.00
315.00
330.00
345.00
0.00
1.00
2.00
3.00
4.00
5.00
6.00
7.00
8.00
9.00
10.00
11.00
12.00
13.00
14.00
15.00
16.00
17.00
18.00
19.00
20.00
21.00
22.00
23.00
24.00
25.00
26.00
27.00
28.00
29.00
30.00
31.00
32.00
33.00
34.00
35.00
36.00
37.00
38.00
39.00
40.00
41.00
42.00
43.00
44.00
45.00
46.00
47.00
48.00
49.00
50.00
51.00
52.00
53.00
54.00
55.00
56.00
57.00
58.00
59.00
60.00
61.00
62.00
63.00
64.00
65.00
66.00
67.00
68.00
69.00
70.00
71.00
72.00
73.00
74.00
75.00
76.00
77.00
78.00
79.00
80.00
81.00
82.00
83.00
84.00
85.00
86.00
87.00
88.00
89.00
90.00
91.00
92.00
93.00
94.00
95.00
96.00
97.00
98.00
99.00
100.00
101.00
102.00
103.00
104.00
105.00
106.00
107.00
108.00
109.00
110.00
111.00
112.00
113.00
114.00
115.00
116.00
117.00
118.00
119.00
120.00
121.00
122.00
123.00
124.00
125.00
126.00
127.00
128.00
129.00
130.00
131.00
132.00
133.00
134.00
135.00
136.00
137.00
138.00
139.00
140.00
141.00
142.00
143.00
144.00
145.00
146.00
147.00
148.00
149.00
150.00
151.00
152.00
153.00
154.00
155.00
156.00
157.00
158.00
159.00
160.00
161.00
162.00
163.00
164.00
165.00
166.00
167.00
168.00
169.00
170.00
171.00
172.00
173.00
174.00
175.00
176.00
177.00
178.00
179.00
180.00
54.31
53.91
54.64
57.39
61.66
66.66
72.01
77.47
82.59
87.15
90.94
94.81
98.13
101.10
103.80
106.50
109.10
111.70
114.30
117.00
119.80
122.70
125.80
128.90
132.20
135.70
139.40
143.20
147.30
151.60
156.10
160.80
165.70
170.80
176.10
181.50
187.10
192.80
198.50
204.10
209.90
215.70
221.20
226.80
232.20
237.30
242.20
246.80
251.00
254.70
258.00
260.70
262.70
264.00
264.60
264.30
262.90
260.60
257.50
253.30
248.00
241.90
234.70
226.70
217.80
208.10
197.90
187.10
176.10
164.80
153.20
142.10
131.00
120.30
110.10
100.30
91.13
82.66
74.75
67.50
60.86
54.94
49.52
44.67
40.36
36.48
33.02
29.96
27.24
24.82
22.66
20.74
19.01
17.45
16.07
14.84
13.73
12.74
11.86
11.07
10.37
9.74
9.17
8.66
8.20
7.78
7.41
7.07
6.77
6.49
6.24
6.00
5.79
5.59
5.41
5.23
5.08
4.92
4.78
4.65
4.52
4.40
4.28
4.17
4.06
3.96
3.85
3.75
3.65
3.56
3.46
3.37
3.28
3.18
3.09
3.00
2.91
2.82
2.73
2.64
2.56
2.47
2.38
2.29
2.20
2.12
2.03
1.94
1.85
1.76
1.67
1.59
1.50
1.42
1.33
1.25
1.17
1.09
1.02
0.94
0.86
0.79
0.72
0.66
0.59
0.54
0.48
0.42
0.38
0.33
0.29
0.27
0.27
0.27
0.26
0.26
0.25
0.24
0.24
0.24
0.24
53.98
53.41
54.12
56.86
61.30
66.40
71.63
76.91
81.75
86.18
90.18
93.92
97.26
100.40
103.30
106.10
108.70
111.20
113.70
116.30
119.00
121.80
124.90
128.00
131.40
134.90
138.60
142.50
146.70
151.10
155.60
160.50
165.60
170.90
176.30
181.80
187.60
193.50
199.30
205.30
211.30
217.30
223.10
229.00
234.60
240.10
245.30
250.20
254.70
258.90
262.50
265.50
267.90
269.60
270.50
270.60
269.70
267.90
265.20
261.30
256.50
250.70
243.80
235.80
227.20
217.50
207.30
196.30
185.10
173.50
161.70
150.00
138.30
127.00
116.20
105.80
96.03
86.99
78.55
70.80
63.77
57.37
51.56
46.37
41.75
37.62
33.92
30.68
27.78
25.23
22.97
20.94
19.12
17.50
16.05
14.76
13.65
12.64
11.75
10.94
10.23
9.58
9.01
8.49
8.03
7.62
7.25
6.90
6.61
6.33
6.08
5.85
5.64
5.45
5.27
5.10
4.95
4.81
4.67
4.54
4.42
4.30
4.19
4.08
3.98
3.88
3.78
3.68
3.59
3.49
3.40
3.31
3.22
3.12
3.03
2.94
2.85
2.77
2.68
2.59
2.50
2.41
2.32
2.24
2.16
2.06
1.98
1.89
1.80
1.72
1.62
1.55
1.46
1.37
1.29
1.21
1.12
1.05
0.97
0.89
0.82
0.75
0.69
0.62
0.56
0.51
0.44
0.39
0.34
0.30
0.26
0.25
0.25
0.24
0.24
0.23
0.23
0.23
0.23
0.23
0.24
54.04
53.60
54.49
57.24
61.38
66.09
71.14
76.13
80.79
85.03
88.94
92.55
95.87
98.90
101.80
104.50
107.10
109.80
112.50
115.30
118.20
121.10
124.10
127.30
130.80
134.40
138.20
142.20
146.40
150.80
155.60
160.60
165.80
171.30
176.90
182.80
188.80
195.10
201.40
207.80
214.30
220.70
227.10
233.40
239.60
245.60
251.30
256.60
261.70
266.20
270.30
273.80
276.50
278.60
279.80
280.10
279.50
278.00
275.40
271.70
267.10
261.40
254.70
246.80
238.20
228.60
218.30
207.30
195.80
184.00
171.90
159.70
147.50
135.70
124.20
113.10
102.60
92.82
83.75
75.31
67.60
60.65
54.34
48.68
43.61
39.08
35.04
31.52
28.39
25.61
23.17
21.00
19.03
17.32
15.82
14.49
13.31
12.25
11.32
10.49
9.79
9.14
8.58
8.07
7.62
7.22
6.86
6.55
6.25
6.00
5.75
5.55
5.35
5.17
5.01
4.86
4.72
4.59
4.47
4.35
4.24
4.14
4.04
3.94
3.84
3.75
3.67
3.58
3.49
3.41
3.32
3.23
3.15
3.07
2.99
2.90
2.82
2.74
2.65
2.56
2.49
2.40
2.32
2.24
2.15
2.07
1.98
1.90
1.81
1.73
1.65
1.57
1.49
1.40
1.32
1.24
1.16
1.08
1.01
0.93
0.87
0.79
0.73
0.67
0.61
0.55
0.50
0.45
0.40
0.35
0.32
0.30
0.30
0.30
0.29
0.28
0.27
0.26
0.25
0.25
0.25
53.76
53.51
54.37
56.96
61.00
65.60
70.47
75.35
79.76
83.92
87.82
91.45
94.76
97.80
100.70
103.40
106.00
108.80
111.60
114.50
117.60
120.80
124.00
127.40
130.80
134.40
138.20
142.10
146.40
150.90
155.70
160.70
166.10
171.60
177.40
183.30
189.70
196.10
202.70
209.30
216.10
222.90
229.70
236.50
243.00
249.40
255.50
261.30
266.70
271.60
275.80
279.50
282.30
284.50
285.60
285.80
285.10
283.20
280.20
276.00
270.80
264.40
256.80
248.30
238.80
228.40
217.30
205.50
193.40
180.80
168.20
155.70
143.30
131.30
119.90
108.90
98.56
89.00
80.13
71.95
64.58
57.90
51.83
46.42
41.60
37.30
33.48
30.12
27.13
24.51
22.21
20.16
18.33
16.70
15.25
13.97
12.87
11.89
11.02
10.22
9.53
8.91
8.35
7.86
7.42
7.03
6.68
6.38
6.09
5.83
5.60
5.39
5.21
5.03
4.87
4.72
4.58
4.45
4.32
4.21
4.10
3.99
3.90
3.80
3.70
3.62
3.53
3.44
3.36
3.27
3.19
3.11
3.02
2.94
2.86
2.77
2.69
2.61
2.53
2.45
2.37
2.30
2.21
2.13
2.05
1.98
1.90
1.81
1.73
1.65
1.58
1.50
1.42
1.34
1.26
1.17
1.10
1.02
0.95
0.88
0.81
0.75
0.68
0.61
0.55
0.50
0.46
0.40
0.36
0.32
0.27
0.26
0.26
0.25
0.25
0.25
0.25
0.25
0.25
0.25
0.25
53.82
53.61
54.60
57.44
61.60
66.28
71.22
76.22
80.81
85.06
88.95
92.59
95.90
98.92
101.70
104.40
106.90
109.50
112.20
115.00
117.80
120.80
123.80
127.00
130.40
134.00
137.80
141.80
146.00
150.30
155.00
159.90
164.90
170.30
175.90
181.60
187.50
193.50
199.70
205.90
212.20
218.40
224.50
230.50
236.30
241.80
247.00
251.90
256.10
259.80
263.00
265.30
266.80
267.50
267.10
265.70
263.20
259.60
255.00
249.40
242.60
234.80
226.20
216.70
206.50
195.70
184.50
173.00
161.40
149.80
138.20
127.20
116.40
106.30
96.69
87.66
79.29
71.63
64.61
58.18
52.35
47.19
42.51
38.32
34.60
31.28
28.32
25.73
23.38
21.33
19.49
17.87
16.40
15.08
13.91
12.85
11.91
11.06
10.32
9.64
9.05
8.51
8.03
7.59
7.21
6.86
6.55
6.27
6.01
5.77
5.56
5.37
5.18
5.03
4.87
4.73
4.60
4.47
4.36
4.25
4.15
4.05
3.95
3.86
3.77
3.68
3.59
3.51
3.42
3.34
3.26
3.17
3.09
3.01
2.93
2.85
2.77
2.68
2.60
2.52
2.44
2.36
2.28
2.20
2.12
2.03
1.95
1.87
1.79
1.70
1.63
1.55
1.46
1.39
1.30
1.22
1.15
1.07
0.99
0.92
0.85
0.78
0.72
0.65
0.60
0.54
0.49
0.44
0.40
0.35
0.32
0.30
0.30
0.30
0.29
0.29
0.27
0.26
0.25
0.25
0.25
53.71
53.49
54.37
57.20
61.64
66.71
71.95
77.20
82.00
86.39
90.43
94.13
97.50
100.50
103.30
106.00
108.40
110.80
113.30
115.70
118.30
121.20
124.10
127.30
130.60
134.10
137.80
141.70
145.70
150.00
154.40
159.10
163.80
168.90
174.00
179.20
184.60
190.10
195.50
200.80
206.30
211.50
216.70
221.60
226.40
230.80
234.80
238.30
241.30
243.80
245.40
246.50
246.70
246.00
244.20
241.50
237.90
233.20
227.50
220.80
213.30
205.00
195.90
186.30
176.30
165.90
155.30
144.80
134.30
124.00
114.10
104.60
95.58
87.12
79.30
71.96
65.23
59.15
53.59
48.54
44.01
39.95
36.28
33.01
30.11
27.50
25.15
23.09
21.22
19.57
18.07
16.73
15.51
14.43
13.44
12.53
11.72
10.98
10.31
9.69
9.15
8.64
8.19
7.78
7.40
7.07
6.76
6.48
6.22
5.98
5.76
5.57
5.38
5.21
5.05
4.90
4.77
4.62
4.50
4.37
4.26
4.16
4.05
3.95
3.85
3.75
3.66
3.56
3.48
3.38
3.29
3.20
3.12
3.02
2.94
2.85
2.77
2.68
2.60
2.50
2.42
2.34
2.25
2.16
2.08
2.00
1.92
1.83
1.75
1.66
1.58
1.50
1.42
1.34
1.26
1.18
1.10
1.02
0.94
0.87
0.80
0.73
0.67
0.61
0.55
0.49
0.43
0.39
0.34
0.29
0.26
0.25
0.25
0.25
0.25
0.25
0.25
0.25
0.25
0.25
0.25
53.65
53.48
54.53
57.62
62.11
67.18
72.53
77.98
82.99
87.69
91.90
95.65
98.92
101.80
104.50
106.90
109.30
111.70
114.30
116.80
119.50
122.30
125.30
128.40
131.70
135.10
138.70
142.50
146.60
150.70
155.00
159.50
164.10
169.00
173.90
179.00
183.90
189.10
194.20
199.30
204.20
209.00
213.60
218.10
222.30
225.90
229.30
232.30
234.60
236.40
237.40
237.60
237.00
235.50
233.10
229.80
225.50
220.30
214.20
207.20
199.40
191.10
182.00
172.50
162.80
152.70
142.70
132.80
123.00
113.30
104.10
95.49
87.24
79.55
72.50
65.92
59.92
54.41
49.47
44.95
40.88
37.25
33.97
31.01
28.40
26.04
23.94
22.04
20.34
18.85
17.49
16.28
15.15
14.12
13.16
12.30
11.54
10.85
10.21
9.63
9.11
8.63
8.20
7.81
7.44
7.12
6.82
6.54
6.29
6.06
5.85
5.65
5.46
5.29
5.13
4.97
4.84
4.70
4.57
4.45
4.33
4.22
4.11
4.01
3.91
3.81
3.71
3.62
3.52
3.43
3.34
3.25
3.16
3.07
2.98
2.89
2.81
2.72
2.63
2.55
2.46
2.37
2.29
2.20
2.12
2.04
1.95
1.87
1.78
1.70
1.62
1.54
1.46
1.37
1.29
1.21
1.14
1.07
0.99
0.92
0.85
0.78
0.71
0.65
0.59
0.53
0.49
0.43
0.38
0.34
0.30
0.29
0.29
0.29
0.29
0.28
0.27
0.25
0.25
0.25
0.25
53.71
53.49
54.37
57.20
61.64
66.71
71.95
77.20
82.00
86.39
90.43
94.13
97.50
100.50
103.30
106.00
108.40
110.80
113.30
115.70
118.30
121.20
124.10
127.30
130.60
134.10
137.80
141.70
145.70
150.00
154.40
159.10
163.80
168.90
174.00
179.20
184.60
190.10
195.50
200.80
206.30
211.50
216.70
221.60
226.40
230.80
234.80
238.30
241.30
243.80
245.40
246.50
246.70
246.00
244.20
241.50
237.90
233.20
227.50
220.80
213.30
205.00
195.90
186.30
176.30
165.90
155.30
144.80
134.30
124.00
114.10
104.60
95.58
87.12
79.30
71.96
65.23
59.15
53.59
48.54
44.01
39.95
36.28
33.01
30.11
27.50
25.15
23.09
21.22
19.57
18.07
16.73
15.51
14.43
13.44
12.53
11.72
10.98
10.31
9.69
9.15
8.64
8.19
7.78
7.40
7.07
6.76
6.48
6.22
5.98
5.76
5.57
5.38
5.21
5.05
4.90
4.77
4.62
4.50
4.37
4.26
4.16
4.05
3.95
3.85
3.75
3.66
3.56
3.48
3.38
3.29
3.20
3.12
3.02
2.94
2.85
2.77
2.68
2.60
2.50
2.42
2.34
2.25
2.16
2.08
2.00
1.92
1.83
1.75
1.66
1.58
1.50
1.42
1.34
1.26
1.18
1.10
1.02
0.94
0.87
0.80
0.73
0.67
0.61
0.55
0.49
0.43
0.39
0.34
0.29
0.26
0.25
0.25
0.25
0.25
0.25
0.25
0.25
0.25
0.25
0.25
53.82
53.61
54.60
57.44
61.60
66.28
71.22
76.22
80.81
85.06
88.95
92.59
95.90
98.92
101.70
104.40
106.90
109.50
112.20
115.00
117.80
120.80
123.80
127.00
130.40
134.00
137.80
141.80
146.00
150.30
155.00
159.90
164.90
170.30
175.90
181.60
187.50
193.50
199.70
205.90
212.20
218.40
224.50
230.50
236.30
241.80
247.00
251.90
256.10
259.80
263.00
265.30
266.80
267.50
267.10
265.70
263.20
259.60
255.00
249.40
242.60
234.80
226.20
216.70
206.50
195.70
184.50
173.00
161.40
149.80
138.20
127.20
116.40
106.30
96.69
87.66
79.29
71.63
64.61
58.18
52.35
47.19
42.51
38.32
34.60
31.28
28.32
25.73
23.38
21.33
19.49
17.87
16.40
15.08
13.91
12.85
11.91
11.06
10.32
9.64
9.05
8.51
8.03
7.59
7.21
6.86
6.55
6.27
6.01
5.77
5.56
5.37
5.18
5.03
4.87
4.73
4.60
4.47
4.36
4.25
4.15
4.05
3.95
3.86
3.77
3.68
3.59
3.51
3.42
3.34
3.26
3.17
3.09
3.01
2.93
2.85
2.77
2.68
2.60
2.52
2.44
2.36
2.28
2.20
2.12
2.03
1.95
1.87
1.79
1.70
1.63
1.55
1.46
1.39
1.30
1.22
1.15
1.07
0.99
0.92
0.85
0.78
0.72
0.65
0.60
0.54
0.49
0.44
0.40
0.35
0.32
0.30
0.30
0.30
0.29
0.29
0.27
0.26
0.25
0.25
0.25
53.76
53.51
54.37
56.96
61.00
65.60
70.47
75.35
79.76
83.92
87.82
91.45
94.76
97.80
100.70
103.40
106.00
108.80
111.60
114.50
117.60
120.80
124.00
127.40
130.80
134.40
138.20
142.10
146.40
150.90
155.70
160.70
166.10
171.60
177.40
183.30
189.70
196.10
202.70
209.30
216.10
222.90
229.70
236.50
243.00
249.40
255.50
261.30
266.70
271.60
275.80
279.50
282.30
284.50
285.60
285.80
285.10
283.20
280.20
276.00
270.80
264.40
256.80
248.30
238.80
228.40
217.30
205.50
193.40
180.80
168.20
155.70
143.30
131.30
119.90
108.90
98.56
89.00
80.13
71.95
64.58
57.90
51.83
46.42
41.60
37.30
33.48
30.12
27.13
24.51
22.21
20.16
18.33
16.70
15.25
13.97
12.87
11.89
11.02
10.22
9.53
8.91
8.35
7.86
7.42
7.03
6.68
6.38
6.09
5.83
5.60
5.39
5.21
5.03
4.87
4.72
4.58
4.45
4.32
4.21
4.10
3.99
3.90
3.80
3.70
3.62
3.53
3.44
3.36
3.27
3.19
3.11
3.02
2.94
2.86
2.77
2.69
2.61
2.53
2.45
2.37
2.30
2.21
2.13
2.05
1.98
1.90
1.81
1.73
1.65
1.58
1.50
1.42
1.34
1.26
1.17
1.10
1.02
0.95
0.88
0.81
0.75
0.68
0.61
0.55
0.50
0.46
0.40
0.36
0.32
0.27
0.26
0.26
0.25
0.25
0.25
0.25
0.25
0.25
0.25
0.25
54.04
53.60
54.49
57.24
61.38
66.09
71.14
76.13
80.79
85.03
88.94
92.55
95.87
98.90
101.80
104.50
107.10
109.80
112.50
115.30
118.20
121.10
124.10
127.30
130.80
134.40
138.20
142.20
146.40
150.80
155.60
160.60
165.80
171.30
176.90
182.80
188.80
195.10
201.40
207.80
214.30
220.70
227.10
233.40
239.60
245.60
251.30
256.60
261.70
266.20
270.30
273.80
276.50
278.60
279.80
280.10
279.50
278.00
275.40
271.70
267.10
261.40
254.70
246.80
238.20
228.60
218.30
207.30
195.80
184.00
171.90
159.70
147.50
135.70
124.20
113.10
102.60
92.82
83.75
75.31
67.60
60.65
54.34
48.68
43.61
39.08
35.04
31.52
28.39
25.61
23.17
21.00
19.03
17.32
15.82
14.49
13.31
12.25
11.32
10.49
9.79
9.14
8.58
8.07
7.62
7.22
6.86
6.55
6.25
6.00
5.75
5.55
5.35
5.17
5.01
4.86
4.72
4.59
4.47
4.35
4.24
4.14
4.04
3.94
3.84
3.75
3.67
3.58
3.49
3.41
3.32
3.23
3.15
3.07
2.99
2.90
2.82
2.74
2.65
2.56
2.49
2.40
2.32
2.24
2.15
2.07
1.98
1.90
1.81
1.73
1.65
1.57
1.49
1.40
1.32
1.24
1.16
1.08
1.01
0.93
0.87
0.79
0.73
0.67
0.61
0.55
0.50
0.45
0.40
0.35
0.32
0.30
0.30
0.30
0.29
0.28
0.27
0.26
0.25
0.25
0.25
53.98
53.41
54.12
56.86
61.30
66.40
71.63
76.91
81.75
86.18
90.18
93.92
97.26
100.40
103.30
106.10
108.70
111.20
113.70
116.30
119.00
121.80
124.90
128.00
131.40
134.90
138.60
142.50
146.70
151.10
155.60
160.50
165.60
170.90
176.30
181.80
187.60
193.50
199.30
205.30
211.30
217.30
223.10
229.00
234.60
240.10
245.30
250.20
254.70
258.90
262.50
265.50
267.90
269.60
270.50
270.60
269.70
267.90
265.20
261.30
256.50
250.70
243.80
235.80
227.20
217.50
207.30
196.30
185.10
173.50
161.70
150.00
138.30
127.00
116.20
105.80
96.03
86.99
78.55
70.80
63.77
57.37
51.56
46.37
41.75
37.62
33.92
30.68
27.78
25.23
22.97
20.94
19.12
17.50
16.05
14.76
13.65
12.64
11.75
10.94
10.23
9.58
9.01
8.49
8.03
7.62
7.25
6.90
6.61
6.33
6.08
5.85
5.64
5.45
5.27
5.10
4.95
4.81
4.67
4.54
4.42
4.30
4.19
4.08
3.98
3.88
3.78
3.68
3.59
3.49
3.40
3.31
3.22
3.12
3.03
2.94
2.85
2.77
2.68
2.59
2.50
2.41
2.32
2.24
2.16
2.06
1.98
1.89
1.80
1.72
1.62
1.55
1.46
1.37
1.29
1.21
1.12
1.05
0.97
0.89
0.82
0.75
0.69
0.62
0.56
0.51
0.44
0.39
0.34
0.30
0.26
0.25
0.25
0.24
0.24
0.23
0.23
0.23
0.23
0.23
0.24
54.31
53.91
54.64
57.39
61.66
66.66
72.01
77.47
82.59
87.15
90.94
94.81
98.13
101.10
103.80
106.50
109.10
111.70
114.30
117.00
119.80
122.70
125.80
128.90
132.20
135.70
139.40
143.20
147.30
151.60
156.10
160.80
165.70
170.80
176.10
181.50
187.10
192.80
198.50
204.10
209.90
215.70
221.20
226.80
232.20
237.30
242.20
246.80
251.00
254.70
258.00
260.70
262.70
264.00
264.60
264.30
262.90
260.60
257.50
253.30
248.00
241.90
234.70
226.70
217.80
208.10
197.90
187.10
176.10
164.80
153.20
142.10
131.00
120.30
110.10
100.30
91.13
82.66
74.75
67.50
60.86
54.94
49.52
44.67
40.36
36.48
33.02
29.96
27.24
24.82
22.66
20.74
19.01
17.45
16.07
14.84
13.73
12.74
11.86
11.07
10.37
9.74
9.17
8.66
8.20
7.78
7.41
7.07
6.77
6.49
6.24
6.00
5.79
5.59
5.41
5.23
5.08
4.92
4.78
4.65
4.52
4.40
4.28
4.17
4.06
3.96
3.85
3.75
3.65
3.56
3.46
3.37
3.28
3.18
3.09
3.00
2.91
2.82
2.73
2.64
2.56
2.47
2.38
2.29
2.20
2.12
2.03
1.94
1.85
1.76
1.67
1.59
1.50
1.42
1.33
1.25
1.17
1.09
1.02
0.94
0.86
0.79
0.72
0.66
0.59
0.54
0.48
0.42
0.38
0.33
0.29
0.27
0.27
0.27
0.26
0.26
0.25
0.24
0.24
0.24
0.24
53.98
53.56
54.12
56.74
60.93
65.76
70.74
75.76
80.44
84.92
88.96
92.63
96.03
99.25
102.20
105.00
107.70
110.30
112.90
115.60
118.30
121.20
124.30
127.40
130.80
134.20
137.90
141.70
145.80
150.10
154.50
159.20
164.20
169.20
174.50
179.90
185.50
191.10
196.90
202.70
208.50
214.40
220.10
225.80
231.30
236.60
241.70
246.40
250.90
254.90
258.30
261.30
263.60
265.20
266.00
265.90
265.10
263.30
260.50
256.70
251.90
246.00
239.30
231.70
223.00
213.70
203.70
193.00
182.00
170.70
159.20
147.80
136.60
125.60
114.90
104.90
95.43
86.49
78.26
70.66
63.67
57.36
51.69
46.54
41.96
37.86
34.20
30.94
28.06
25.53
23.24
21.19
19.36
17.73
16.29
15.01
13.87
12.83
11.90
11.09
10.36
9.71
9.13
8.62
8.16
7.74
7.36
7.02
6.71
6.43
6.18
5.95
5.73
5.53
5.36
5.19
5.03
4.89
4.75
4.62
4.50
4.38
4.26
4.16
4.05
3.95
3.85
3.75
3.66
3.56
3.47
3.38
3.28
3.20
3.11
3.02
2.93
2.85
2.76
2.67
2.60
2.51
2.42
2.34
2.25
2.16
2.07
1.99
1.90
1.81
1.72
1.64
1.55
1.47
1.38
1.30
1.21
1.13
1.05
0.98
0.91
0.83
0.77
0.70
0.64
0.57
0.51
0.46
0.41
0.37
0.33
0.31
0.30
0.30
0.30
0.29
0.27
0.25
0.25
0.24
0.24
54.04
53.57
53.91
56.06
59.73
64.05
68.67
73.52
78.19
82.53
86.39
89.96
93.26
96.34
99.24
102.10
104.90
107.60
110.50
113.40
116.40
119.40
122.50
125.60
129.00
132.50
136.20
140.00
144.00
148.20
152.60
157.40
162.30
167.60
172.90
178.50
184.30
190.20
196.20
202.30
208.40
214.60
220.60
226.80
232.70
238.40
243.90
249.10
253.90
258.30
262.20
265.50
268.30
270.30
271.50
271.90
271.40
270.10
267.70
264.30
259.90
254.50
248.00
240.70
232.40
223.30
213.40
202.70
191.80
180.40
168.70
157.00
145.30
133.80
122.70
112.10
101.90
92.32
83.50
75.25
67.70
60.87
54.66
49.07
44.03
39.54
35.55
32.02
28.89
26.11
23.64
21.47
19.50
17.75
16.21
14.85
13.65
12.58
11.64
10.79
10.05
9.38
8.78
8.25
7.78
7.36
6.99
6.64
6.35
6.07
5.82
5.60
5.39
5.21
5.04
4.88
4.73
4.60
4.47
4.34
4.24
4.13
4.02
3.92
3.83
3.74
3.65
3.56
3.48
3.39
3.30
3.22
3.14
3.05
2.97
2.89
2.81
2.73
2.66
2.57
2.50
2.42
2.34
2.26
2.17
2.09
2.01
1.92
1.84
1.75
1.67
1.59
1.50
1.42
1.34
1.26
1.17
1.09
1.01
0.93
0.86
0.79
0.72
0.65
0.59
0.54
0.48
0.43
0.37
0.32
0.29
0.27
0.26
0.26
0.26
0.25
0.24
0.24
0.24
0.24
0.24
53.76
53.27
53.66
55.81
59.45
63.72
68.32
73.05
77.51
81.68
85.49
89.05
92.29
95.26
98.07
100.80
103.50
106.30
109.20
112.20
115.40
118.60
121.90
125.20
128.50
132.00
135.60
139.40
143.50
147.80
152.30
157.10
162.10
167.40
172.80
178.60
184.50
190.60
196.80
203.10
209.50
216.00
222.30
228.70
234.80
240.90
246.60
252.10
257.20
261.80
266.00
269.40
272.10
274.10
275.20
275.40
274.60
272.80
269.90
265.90
260.90
254.70
247.60
239.30
230.10
220.10
209.50
198.10
186.40
174.60
162.40
150.30
138.50
127.00
116.00
105.60
95.75
86.49
78.03
70.25
63.09
56.68
50.89
45.68
41.06
36.91
33.20
29.91
27.04
24.50
22.22
20.22
18.40
16.80
15.39
14.14
13.02
12.02
11.13
10.34
9.64
9.02
8.47
7.98
7.54
7.14
6.79
6.48
6.19
5.93
5.70
5.48
5.29
5.11
4.94
4.79
4.65
4.52
4.39
4.28
4.17
4.07
3.96
3.87
3.77
3.69
3.60
3.52
3.43
3.35
3.27
3.18
3.10
3.02
2.94
2.86
2.79
2.71
2.63
2.55
2.48
2.41
2.33
2.25
2.17
2.09
2.01
1.92
1.85
1.76
1.68
1.61
1.52
1.44
1.36
1.28
1.20
1.12
1.04
0.97
0.90
0.83
0.76
0.69
0.63
0.57
0.53
0.47
0.42
0.38
0.34
0.32
0.31
0.31
0.30
0.31
0.28
0.27
0.25
0.25
0.25
53.82
53.27
53.51
55.55
59.22
63.53
68.19
73.08
77.68
82.02
85.98
89.61
92.85
95.84
98.60
101.30
103.80
106.40
109.00
111.80
114.60
117.40
120.40
123.50
126.70
130.20
133.80
137.60
141.60
145.80
150.10
154.80
159.60
164.70
169.90
175.30
180.80
186.50
192.40
198.20
204.10
210.00
215.90
221.60
227.10
232.40
237.30
242.00
246.20
249.70
252.80
255.10
256.60
257.40
257.20
256.10
253.90
250.80
246.50
241.20
234.90
227.60
219.50
210.50
200.80
190.50
179.70
168.70
157.60
146.40
135.30
124.60
114.20
104.20
94.91
86.19
78.06
70.58
63.73
57.48
51.83
46.79
42.22
38.15
34.51
31.27
28.37
25.81
23.53
21.50
19.70
18.08
16.58
15.26
14.10
13.07
12.13
11.29
10.53
9.83
9.22
8.68
8.17
7.72
7.32
6.96
6.63
6.34
6.07
5.83
5.61
5.40
5.22
5.05
4.89
4.74
4.61
4.49
4.36
4.25
4.14
4.04
3.94
3.85
3.75
3.67
3.58
3.50
3.42
3.33
3.25
3.17
3.09
3.00
2.93
2.85
2.77
2.69
2.61
2.54
2.46
2.38
2.30
2.22
2.14
2.07
1.98
1.90
1.81
1.73
1.65
1.58
1.49
1.41
1.32
1.23
1.16
1.08
1.00
0.92
0.85
0.78
0.70
0.64
0.58
0.53
0.47
0.42
0.37
0.32
0.29
0.27
0.26
0.26
0.26
0.25
0.25
0.25
0.25
0.25
0.25
53.71
53.11
53.48
55.78
59.76
64.52
69.49
74.61
79.29
83.67
87.65
91.31
94.63
97.66
100.40
103.00
105.40
107.80
110.10
112.50
115.10
117.80
120.70
123.70
126.80
130.20
133.70
137.40
141.30
145.40
149.60
154.00
158.70
163.40
168.30
173.30
178.60
183.80
188.90
194.20
199.30
204.60
209.50
214.30
218.90
223.30
227.20
230.60
233.80
236.20
238.00
239.10
239.40
238.90
237.40
234.90
231.40
227.00
221.60
215.30
208.00
199.90
191.20
181.90
172.00
161.90
151.60
141.10
130.80
120.80
111.10
101.80
93.02
84.69
76.99
69.93
63.47
57.49
52.12
47.30
42.92
38.98
35.49
32.34
29.54
27.02
24.80
22.78
21.00
19.42
17.98
16.68
15.50
14.41
13.41
12.52
11.71
10.99
10.33
9.72
9.18
8.69
8.24
7.83
7.45
7.11
6.81
6.53
6.27
6.03
5.82
5.62
5.43
5.26
5.09
4.95
4.81
4.68
4.55
4.43
4.32
4.21
4.11
4.01
3.90
3.81
3.72
3.63
3.54
3.45
3.37
3.28
3.19
3.11
3.02
2.94
2.86
2.77
2.69
2.61
2.53
2.45
2.36
2.28
2.20
2.11
2.03
1.94
1.86
1.77
1.69
1.61
1.53
1.44
1.36
1.28
1.20
1.12
1.04
0.97
0.89
0.82
0.76
0.69
0.63
0.57
0.52
0.47
0.41
0.37
0.33
0.31
0.30
0.30
0.30
0.30
0.28
0.26
0.25
0.25
0.25
53.65
53.19
53.48
55.63
59.48
64.22
69.29
74.56
79.56
84.16
88.40
92.08
95.37
98.18
100.70
103.10
105.40
107.80
110.20
112.60
115.10
117.80
120.60
123.50
126.60
129.90
133.40
136.90
140.70
144.70
148.80
153.10
157.70
162.10
166.90
171.70
176.60
181.70
186.70
191.50
196.30
201.00
205.60
210.00
214.20
217.90
221.40
224.30
226.90
228.80
230.10
230.70
230.40
229.30
227.30
224.30
220.40
215.60
209.70
203.10
195.60
187.50
178.70
169.50
159.90
150.20
140.30
130.40
120.80
111.50
102.40
93.84
85.77
78.21
71.24
64.78
58.87
53.47
48.64
44.21
40.27
36.73
33.54
30.69
28.13
25.83
23.79
21.97
20.32
18.86
17.52
16.31
15.21
14.20
13.28
12.44
11.67
10.97
10.33
9.74
9.21
8.73
8.28
7.88
7.52
7.17
6.86
6.58
6.32
6.08
5.86
5.66
5.47
5.30
5.12
4.97
4.83
4.69
4.56
4.44
4.32
4.21
4.10
4.00
3.90
3.81
3.71
3.61
3.52
3.44
3.34
3.26
3.18
3.08
3.00
2.91
2.83
2.74
2.66
2.58
2.50
2.41
2.33
2.24
2.16
2.08
1.99
1.90
1.82
1.73
1.65
1.57
1.49
1.40
1.32
1.24
1.15
1.09
1.00
0.93
0.86
0.78
0.72
0.65
0.58
0.53
0.47
0.42
0.36
0.31
0.28
0.26
0.26
0.26
0.26
0.25
0.25
0.25
0.25
0.25
0.25
53.71
53.11
53.48
55.78
59.76
64.52
69.49
74.61
79.29
83.67
87.65
91.31
94.63
97.66
100.40
103.00
105.40
107.80
110.10
112.50
115.10
117.80
120.70
123.70
126.80
130.20
133.70
137.40
141.30
145.40
149.60
154.00
158.70
163.40
168.30
173.30
178.60
183.80
188.90
194.20
199.30
204.60
209.50
214.30
218.90
223.30
227.20
230.60
233.80
236.20
238.00
239.10
239.40
238.90
237.40
234.90
231.40
227.00
221.60
215.30
208.00
199.90
191.20
181.90
172.00
161.90
151.60
141.10
130.80
120.80
111.10
101.80
93.02
84.69
76.99
69.93
63.47
57.49
52.12
47.30
42.92
38.98
35.49
32.34
29.54
27.02
24.80
22.78
21.00
19.42
17.98
16.68
15.50
14.41
13.41
12.52
11.71
10.99
10.33
9.72
9.18
8.69
8.24
7.83
7.45
7.11
6.81
6.53
6.27
6.03
5.82
5.62
5.43
5.26
5.09
4.95
4.81
4.68
4.55
4.43
4.32
4.21
4.11
4.01
3.90
3.81
3.72
3.63
3.54
3.45
3.37
3.28
3.19
3.11
3.02
2.94
2.86
2.77
2.69
2.61
2.53
2.45
2.36
2.28
2.20
2.11
2.03
1.94
1.86
1.77
1.69
1.61
1.53
1.44
1.36
1.28
1.20
1.12
1.04
0.97
0.89
0.82
0.76
0.69
0.63
0.57
0.52
0.47
0.41
0.37
0.33
0.31
0.30
0.30
0.30
0.30
0.28
0.26
0.25
0.25
0.25
53.82
53.27
53.51
55.55
59.22
63.53
68.19
73.08
77.68
82.02
85.98
89.61
92.85
95.84
98.60
101.30
103.80
106.40
109.00
111.80
114.60
117.40
120.40
123.50
126.70
130.20
133.80
137.60
141.60
145.80
150.10
154.80
159.60
164.70
169.90
175.30
180.80
186.50
192.40
198.20
204.10
210.00
215.90
221.60
227.10
232.40
237.30
242.00
246.20
249.70
252.80
255.10
256.60
257.40
257.20
256.10
253.90
250.80
246.50
241.20
234.90
227.60
219.50
210.50
200.80
190.50
179.70
168.70
157.60
146.40
135.30
124.60
114.20
104.20
94.91
86.19
78.06
70.58
63.73
57.48
51.83
46.79
42.22
38.15
34.51
31.27
28.37
25.81
23.53
21.50
19.70
18.08
16.58
15.26
14.10
13.07
12.13
11.29
10.53
9.83
9.22
8.68
8.17
7.72
7.32
6.96
6.63
6.34
6.07
5.83
5.61
5.40
5.22
5.05
4.89
4.74
4.61
4.49
4.36
4.25
4.14
4.04
3.94
3.85
3.75
3.67
3.58
3.50
3.42
3.33
3.25
3.17
3.09
3.00
2.93
2.85
2.77
2.69
2.61
2.54
2.46
2.38
2.30
2.22
2.14
2.07
1.98
1.90
1.81
1.73
1.65
1.58
1.49
1.41
1.32
1.23
1.16
1.08
1.00
0.92
0.85
0.78
0.70
0.64
0.58
0.53
0.47
0.42
0.37
0.32
0.29
0.27
0.26
0.26
0.26
0.25
0.25
0.25
0.25
0.25
0.25
53.76
53.27
53.66
55.81
59.45
63.72
68.32
73.05
77.51
81.68
85.49
89.05
92.29
95.26
98.07
100.80
103.50
106.30
109.20
112.20
115.40
118.60
121.90
125.20
128.50
132.00
135.60
139.40
143.50
147.80
152.30
157.10
162.10
167.40
172.80
178.60
184.50
190.60
196.80
203.10
209.50
216.00
222.30
228.70
234.80
240.90
246.60
252.10
257.20
261.80
266.00
269.40
272.10
274.10
275.20
275.40
274.60
272.80
269.90
265.90
260.90
254.70
247.60
239.30
230.10
220.10
209.50
198.10
186.40
174.60
162.40
150.30
138.50
127.00
116.00
105.60
95.75
86.49
78.03
70.25
63.09
56.68
50.89
45.68
41.06
36.91
33.20
29.91
27.04
24.50
22.22
20.22
18.40
16.80
15.39
14.14
13.02
12.02
11.13
10.34
9.64
9.02
8.47
7.98
7.54
7.14
6.79
6.48
6.19
5.93
5.70
5.48
5.29
5.11
4.94
4.79
4.65
4.52
4.39
4.28
4.17
4.07
3.96
3.87
3.77
3.69
3.60
3.52
3.43
3.35
3.27
3.18
3.10
3.02
2.94
2.86
2.79
2.71
2.63
2.55
2.48
2.41
2.33
2.25
2.17
2.09
2.01
1.92
1.85
1.76
1.68
1.61
1.52
1.44
1.36
1.28
1.20
1.12
1.04
0.97
0.90
0.83
0.76
0.69
0.63
0.57
0.53
0.47
0.42
0.38
0.34
0.32
0.31
0.31
0.30
0.31
0.28
0.27
0.25
0.25
0.25
54.04
53.57
53.91
56.06
59.73
64.05
68.67
73.52
78.19
82.53
86.39
89.96
93.26
96.34
99.24
102.10
104.90
107.60
110.50
113.40
116.40
119.40
122.50
125.60
129.00
132.50
136.20
140.00
144.00
148.20
152.60
157.40
162.30
167.60
172.90
178.50
184.30
190.20
196.20
202.30
208.40
214.60
220.60
226.80
232.70
238.40
243.90
249.10
253.90
258.30
262.20
265.50
268.30
270.30
271.50
271.90
271.40
270.10
267.70
264.30
259.90
254.50
248.00
240.70
232.40
223.30
213.40
202.70
191.80
180.40
168.70
157.00
145.30
133.80
122.70
112.10
101.90
92.32
83.50
75.25
67.70
60.87
54.66
49.07
44.03
39.54
35.55
32.02
28.89
26.11
23.64
21.47
19.50
17.75
16.21
14.85
13.65
12.58
11.64
10.79
10.05
9.38
8.78
8.25
7.78
7.36
6.99
6.64
6.35
6.07
5.82
5.60
5.39
5.21
5.04
4.88
4.73
4.60
4.47
4.34
4.24
4.13
4.02
3.92
3.83
3.74
3.65
3.56
3.48
3.39
3.30
3.22
3.14
3.05
2.97
2.89
2.81
2.73
2.66
2.57
2.50
2.42
2.34
2.26
2.17
2.09
2.01
1.92
1.84
1.75
1.67
1.59
1.50
1.42
1.34
1.26
1.17
1.09
1.01
0.93
0.86
0.79
0.72
0.65
0.59
0.54
0.48
0.43
0.37
0.32
0.29
0.27
0.26
0.26
0.26
0.25
0.24
0.24
0.24
0.24
0.24
53.98
53.56
54.12
56.74
60.93
65.76
70.74
75.76
80.44
84.92
88.96
92.63
96.03
99.25
102.20
105.00
107.70
110.30
112.90
115.60
118.30
121.20
124.30
127.40
130.80
134.20
137.90
141.70
145.80
150.10
154.50
159.20
164.20
169.20
174.50
179.90
185.50
191.10
196.90
202.70
208.50
214.40
220.10
225.80
231.30
236.60
241.70
246.40
250.90
254.90
258.30
261.30
263.60
265.20
266.00
265.90
265.10
263.30
260.50
256.70
251.90
246.00
239.30
231.70
223.00
213.70
203.70
193.00
182.00
170.70
159.20
147.80
136.60
125.60
114.90
104.90
95.43
86.49
78.26
70.66
63.67
57.36
51.69
46.54
41.96
37.86
34.20
30.94
28.06
25.53
23.24
21.19
19.36
17.73
16.29
15.01
13.87
12.83
11.90
11.09
10.36
9.71
9.13
8.62
8.16
7.74
7.36
7.02
6.71
6.43
6.18
5.95
5.73
5.53
5.36
5.19
5.03
4.89
4.75
4.62
4.50
4.38
4.26
4.16
4.05
3.95
3.85
3.75
3.66
3.56
3.47
3.38
3.28
3.20
3.11
3.02
2.93
2.85
2.76
2.67
2.60
2.51
2.42
2.34
2.25
2.16
2.07
1.99
1.90
1.81
1.72
1.64
1.55
1.47
1.38
1.30
1.21
1.13
1.05
0.98
0.91
0.83
0.77
0.70
0.64
0.57
0.51
0.46
0.41
0.37
0.33
0.31
0.30
0.30
0.30
0.29
0.27
0.25
0.25
0.24
0.24
