SALVI
1
0
24
15.0
181
1.0
241005 Palacio 5050 350mA F4M2 C TRANSP
PALACIO 5050 F4M2 PMMA SC

PALACIO-5050-F4M2-PMMASC.ldt
29 September 2024/TB
465
0
825
200
10
0
0
0
0
98.85
100.00
1.00
0.00
1
1
5050
4530.50
3000
70
13.40
0.14
0.24
0.34
0.43
0.49
0.60
0.66
0.71
0.78
0.82
0.00
15.00
30.00
45.00
60.00
75.00
90.00
105.00
120.00
135.00
150.00
165.00
180.00
195.00
210.00
225.00
240.00
255.00
270.00
285.00
300.00
315.00
330.00
345.00
0.00
1.00
2.00
3.00
4.00
5.00
6.00
7.00
8.00
9.00
10.00
11.00
12.00
13.00
14.00
15.00
16.00
17.00
18.00
19.00
20.00
21.00
22.00
23.00
24.00
25.00
26.00
27.00
28.00
29.00
30.00
31.00
32.00
33.00
34.00
35.00
36.00
37.00
38.00
39.00
40.00
41.00
42.00
43.00
44.00
45.00
46.00
47.00
48.00
49.00
50.00
51.00
52.00
53.00
54.00
55.00
56.00
57.00
58.00
59.00
60.00
61.00
62.00
63.00
64.00
65.00
66.00
67.00
68.00
69.00
70.00
71.00
72.00
73.00
74.00
75.00
76.00
77.00
78.00
79.00
80.00
81.00
82.00
83.00
84.00
85.00
86.00
87.00
88.00
89.00
90.00
91.00
92.00
93.00
94.00
95.00
96.00
97.00
98.00
99.00
100.00
101.00
102.00
103.00
104.00
105.00
106.00
107.00
108.00
109.00
110.00
111.00
112.00
113.00
114.00
115.00
116.00
117.00
118.00
119.00
120.00
121.00
122.00
123.00
124.00
125.00
126.00
127.00
128.00
129.00
130.00
131.00
132.00
133.00
134.00
135.00
136.00
137.00
138.00
139.00
140.00
141.00
142.00
143.00
144.00
145.00
146.00
147.00
148.00
149.00
150.00
151.00
152.00
153.00
154.00
155.00
156.00
157.00
158.00
159.00
160.00
161.00
162.00
163.00
164.00
165.00
166.00
167.00
168.00
169.00
170.00
171.00
172.00
173.00
174.00
175.00
176.00
177.00
178.00
179.00
180.00
54.60
44.11
44.66
55.76
74.23
75.72
79.39
80.58
84.00
87.11
94.99
105.50
101.40
107.70
112.60
124.80
121.10
124.70
115.30
124.10
138.50
146.10
158.40
143.80
135.90
146.70
167.30
168.10
179.70
192.80
191.90
227.50
240.40
249.70
262.60
261.20
267.90
274.30
279.30
283.20
290.80
300.30
314.90
311.50
313.80
314.30
317.40
320.20
329.10
335.90
337.10
339.90
337.70
348.50
344.30
342.90
344.40
335.10
341.20
329.90
312.80
308.40
287.20
263.90
251.70
238.80
226.40
205.60
162.10
142.20
131.50
114.00
89.62
71.40
65.09
57.50
38.63
34.02
30.76
26.79
23.54
20.09
19.59
16.01
11.86
10.70
8.66
6.25
4.64
3.78
3.12
2.86
2.54
2.33
2.06
1.76
1.57
1.45
1.39
1.33
1.25
1.19
1.14
1.10
1.09
1.09
1.12
1.12
1.17
1.18
1.22
1.21
1.23
1.18
1.12
1.12
1.11
1.09
1.07
1.07
1.07
1.20
1.21
1.46
1.49
1.96
2.01
1.98
2.31
2.35
2.50
2.76
2.96
3.15
3.27
3.18
2.94
2.82
2.66
2.47
2.26
2.16
1.91
1.87
1.51
1.49
1.19
1.00
1.05
1.19
1.10
1.29
1.61
1.97
2.39
2.53
2.85
3.22
3.33
2.81
2.45
2.10
1.80
1.41
1.02
0.80
0.71
0.55
0.45
0.38
0.32
0.29
0.29
0.29
0.28
0.28
0.27
0.27
0.27
0.26
0.27
58.03
45.50
46.58
59.25
65.99
76.08
86.32
86.80
79.41
85.50
80.57
93.11
94.97
101.60
111.10
123.60
121.00
128.00
130.40
138.10
150.50
134.10
129.70
135.40
123.10
144.00
137.30
141.10
156.90
175.00
195.80
200.10
214.60
221.30
219.80
226.90
242.90
255.30
263.50
267.00
263.20
267.50
277.70
286.50
300.60
288.90
292.00
300.90
305.10
311.50
313.10
320.60
324.40
333.10
318.60
319.20
325.70
329.50
332.80
318.70
297.90
278.10
275.80
269.80
261.80
242.00
212.40
197.30
183.70
173.80
145.60
119.50
105.80
95.83
83.52
56.14
43.71
32.82
24.81
22.26
19.97
19.93
16.90
13.86
12.37
9.80
7.61
6.44
5.08
4.47
3.51
2.97
2.79
2.59
2.30
2.05
1.83
1.66
1.53
1.44
1.32
1.24
1.18
1.16
1.15
1.14
1.15
1.16
1.17
1.17
1.18
1.19
1.19
1.17
1.15
1.12
1.14
1.13
1.12
1.12
1.18
1.25
1.33
1.60
1.73
1.92
1.79
1.98
2.04
2.13
2.21
2.81
3.50
3.73
3.84
3.72
3.79
3.57
3.28
3.05
2.86
2.36
1.92
1.67
1.48
1.28
1.45
1.15
1.06
1.24
1.33
1.57
1.82
2.22
2.23
2.66
3.29
3.38
3.31
3.28
2.35
2.05
1.57
1.24
1.19
0.86
0.69
0.58
0.48
0.40
0.34
0.31
0.30
0.30
0.30
0.29
0.29
0.29
0.29
0.29
0.29
54.30
46.42
48.30
52.52
53.02
61.24
64.14
79.95
77.12
68.62
84.11
101.40
95.24
111.90
106.50
118.50
126.80
131.20
128.40
127.20
129.60
128.90
144.60
152.40
157.90
158.80
157.10
171.60
181.00
186.60
207.70
222.90
237.10
243.10
251.10
256.80
266.00
271.50
273.40
280.90
292.30
291.50
304.40
315.90
320.40
323.90
341.60
347.70
354.00
365.70
372.40
377.40
382.70
395.70
399.70
401.10
412.40
415.20
416.40
403.50
386.80
386.40
374.20
357.30
346.80
347.60
330.00
303.90
277.70
236.40
211.90
200.20
170.00
143.50
110.60
86.96
61.49
35.99
23.41
21.36
20.23
17.90
16.63
16.22
13.36
11.71
9.92
7.78
6.64
5.35
4.39
4.29
3.95
3.02
2.50
2.08
1.81
1.63
1.53
1.44
1.36
1.29
1.24
1.21
1.21
1.25
1.24
1.28
1.31
1.56
1.61
1.45
1.37
1.51
1.51
1.44
1.40
1.38
1.23
1.18
1.20
1.35
1.45
1.71
2.09
2.10
2.11
2.21
2.27
2.43
2.46
2.56
2.91
3.05
3.07
3.31
3.03
2.69
2.50
2.34
2.08
2.19
2.01
2.04
1.60
1.42
1.20
1.10
1.08
1.17
1.68
1.63
2.13
2.68
3.16
3.32
3.44
3.77
3.76
3.19
3.03
2.43
1.69
1.28
0.99
0.99
0.79
0.65
0.51
0.45
0.38
0.33
0.33
0.32
0.32
0.32
0.30
0.29
0.29
0.29
0.29
57.94
44.56
49.38
51.69
55.85
69.62
83.28
82.97
75.03
85.45
86.36
88.24
84.89
87.63
105.50
114.30
123.50
143.50
159.90
172.50
183.00
176.10
172.20
184.00
176.80
210.40
181.80
187.70
199.70
223.00
238.80
255.90
259.50
274.10
276.60
294.00
303.50
309.70
327.60
326.50
331.70
340.20
354.00
369.20
378.00
378.00
395.90
411.80
407.50
409.80
423.60
431.90
452.50
453.00
464.20
470.10
474.80
484.30
483.90
480.90
461.00
445.60
443.00
448.10
434.70
409.30
384.40
362.20
346.50
328.60
269.00
214.00
177.50
149.80
107.60
66.29
48.30
33.91
24.42
21.31
19.41
18.66
16.31
14.20
12.14
10.06
8.09
6.35
5.66
4.28
3.43
3.06
2.70
2.41
2.14
1.83
1.58
1.35
1.30
1.23
1.15
1.09
1.05
1.06
1.10
1.14
1.16
1.18
1.20
1.20
1.20
1.31
1.33
1.28
1.28
1.29
1.24
1.18
1.17
1.16
1.17
1.27
1.31
1.53
1.67
2.06
1.88
2.00
2.12
2.21
2.47
2.72
2.84
4.34
3.62
3.95
3.59
3.37
3.46
3.46
2.94
2.53
2.11
1.71
1.60
1.33
1.38
1.10
1.03
1.05
1.42
1.81
2.17
2.43
2.85
3.51
3.83
3.92
4.61
4.21
2.98
2.56
1.86
1.55
1.37
0.94
0.83
0.68
0.52
0.45
0.38
0.32
0.31
0.31
0.30
0.30
0.30
0.30
0.30
0.30
0.30
52.76
48.07
47.42
54.67
63.29
73.36
79.97
81.22
79.06
74.69
87.12
105.00
102.50
116.00
126.30
140.40
154.40
129.00
117.40
129.90
142.30
155.90
165.20
156.50
150.40
151.20
171.30
179.80
184.50
195.60
212.30
220.70
234.30
252.70
264.10
264.20
270.30
284.40
293.70
301.30
308.40
316.50
321.00
329.40
337.60
348.50
355.90
371.40
388.30
395.50
405.80
402.70
411.20
429.70
429.20
427.00
431.00
434.90
418.60
412.10
416.90
400.20
372.30
348.40
335.80
318.80
292.50
241.10
194.00
156.70
132.00
98.61
76.31
63.56
56.71
34.85
27.98
20.99
17.01
16.08
14.52
14.15
13.53
12.13
11.35
9.04
7.45
5.91
5.00
4.04
3.41
3.18
2.99
2.69
2.37
1.98
1.62
1.46
1.42
1.34
1.26
1.18
1.12
1.09
1.14
1.17
1.18
1.19
1.25
1.25
1.21
1.30
1.18
1.18
1.12
1.12
1.10
1.09
1.07
1.05
1.05
1.14
1.22
1.35
1.57
1.63
1.74
1.69
1.88
1.97
1.89
2.10
2.29
2.42
2.42
2.44
2.51
2.44
2.20
2.14
2.18
1.88
1.91
1.89
1.51
1.58
1.12
1.04
1.04
1.03
1.16
1.67
1.97
2.33
3.00
3.62
3.72
3.94
4.56
3.41
2.72
2.75
2.34
1.46
1.18
0.85
0.85
0.67
0.53
0.45
0.39
0.33
0.33
0.33
0.32
0.32
0.31
0.30
0.30
0.30
0.30
55.31
47.19
41.30
55.86
68.28
84.05
85.87
88.52
85.13
102.40
120.50
136.30
127.90
126.70
128.70
124.80
125.70
135.90
142.50
142.00
148.10
138.10
147.10
149.50
155.70
165.50
158.50
169.90
182.70
189.60
210.20
205.70
215.20
226.50
234.10
241.40
250.00
263.80
283.50
281.20
283.50
295.70
306.40
312.80
320.30
322.30
333.90
339.20
330.70
346.70
348.90
359.10
375.90
379.40
388.50
388.60
391.70
403.10
407.60
394.30
381.60
368.70
347.20
318.90
285.10
235.30
189.30
154.00
131.10
108.20
86.47
78.55
67.41
55.11
40.74
34.45
27.88
20.99
16.85
15.54
14.34
13.86
11.41
10.92
9.67
7.70
6.37
5.31
4.42
3.71
3.18
2.94
2.67
2.39
2.15
1.82
1.53
1.37
1.30
1.23
1.15
1.08
1.03
1.03
1.05
1.08
1.09
1.10
1.16
1.10
1.12
1.16
1.20
1.13
1.11
1.08
1.07
1.06
1.03
1.00
1.00
1.03
1.07
1.16
1.23
1.34
1.31
1.33
1.43
1.38
1.54
1.78
1.95
2.52
2.59
2.64
2.64
2.54
2.39
2.25
2.07
2.17
1.92
1.68
1.52
1.22
1.17
0.98
0.92
0.93
0.96
1.39
2.33
2.14
2.50
3.15
3.07
3.16
3.57
3.66
2.95
2.49
1.76
1.53
1.25
0.90
0.81
0.63
0.50
0.42
0.36
0.31
0.30
0.30
0.30
0.30
0.30
0.30
0.30
0.30
0.30
52.30
49.02
37.57
51.97
70.99
71.39
78.64
87.49
92.99
87.85
106.40
114.50
106.80
120.00
121.30
119.20
125.80
132.50
144.90
142.10
142.60
142.40
156.40
154.30
187.10
179.40
180.80
203.60
191.70
198.50
213.90
235.70
246.70
254.50
263.90
265.20
273.60
281.20
271.50
286.70
286.70
300.80
318.10
329.30
331.80
348.70
337.10
339.40
353.50
366.00
379.10
379.30
385.90
388.50
403.40
400.20
398.20
401.90
397.80
390.50
386.30
358.90
316.40
288.40
260.20
220.50
188.20
155.90
119.30
95.22
89.58
79.66
64.47
49.26
41.69
35.89
22.25
17.37
15.87
15.47
14.98
13.51
12.95
13.63
10.89
9.07
7.40
6.32
5.87
5.64
4.95
4.22
3.45
2.65
2.19
1.69
1.34
1.22
1.16
1.08
0.99
0.93
0.88
0.86
0.86
0.91
0.95
1.04
1.05
1.40
1.33
1.47
1.35
1.35
1.20
1.16
1.07
1.01
0.91
0.88
0.87
0.86
0.92
0.93
1.10
1.14
1.34
1.28
1.45
1.55
1.73
1.68
1.79
2.15
2.17
2.19
2.12
2.08
2.02
1.89
1.77
1.61
1.48
1.61
1.25
1.17
0.92
0.83
0.83
0.83
0.89
1.47
1.72
1.96
2.04
2.51
2.66
2.76
3.25
4.13
3.27
2.92
2.28
1.48
1.23
1.07
0.75
0.59
0.50
0.44
0.37
0.32
0.31
0.31
0.31
0.31
0.30
0.30
0.30
0.30
0.30
55.31
47.19
41.30
55.86
68.28
84.05
85.87
88.52
85.13
102.40
120.50
136.30
127.90
126.70
128.70
124.80
125.70
135.90
142.50
142.00
148.10
138.10
147.10
149.50
155.70
165.50
158.50
169.90
182.70
189.60
210.20
205.70
215.20
226.50
234.10
241.40
250.00
263.80
283.50
281.20
283.50
295.70
306.40
312.80
320.30
322.30
333.90
339.20
330.70
346.70
348.90
359.10
375.90
379.40
388.50
388.60
391.70
403.10
407.60
394.30
381.60
368.70
347.20
318.90
285.10
235.30
189.30
154.00
131.10
108.20
86.47
78.55
67.41
55.11
40.74
34.45
27.88
20.99
16.85
15.54
14.34
13.86
11.41
10.92
9.67
7.70
6.37
5.31
4.42
3.71
3.18
2.94
2.67
2.39
2.15
1.82
1.53
1.37
1.30
1.23
1.15
1.08
1.03
1.03
1.05
1.08
1.09
1.10
1.16
1.10
1.12
1.16
1.20
1.13
1.11
1.08
1.07
1.06
1.03
1.00
1.00
1.03
1.07
1.16
1.23
1.34
1.31
1.33
1.43
1.38
1.54
1.78
1.95
2.52
2.59
2.64
2.64
2.54
2.39
2.25
2.07
2.17
1.92
1.68
1.52
1.22
1.17
0.98
0.92
0.93
0.96
1.39
2.33
2.14
2.50
3.15
3.07
3.16
3.57
3.66
2.95
2.49
1.76
1.53
1.25
0.90
0.81
0.63
0.50
0.42
0.36
0.31
0.30
0.30
0.30
0.30
0.30
0.30
0.30
0.30
0.30
52.76
48.07
47.42
54.67
63.29
73.36
79.97
81.22
79.06
74.69
87.12
105.00
102.50
116.00
126.30
140.40
154.40
129.00
117.40
129.90
142.30
155.90
165.20
156.50
150.40
151.20
171.30
179.80
184.50
195.60
212.30
220.70
234.30
252.70
264.10
264.20
270.30
284.40
293.70
301.30
308.40
316.50
321.00
329.40
337.60
348.50
355.90
371.40
388.30
395.50
405.80
402.70
411.20
429.70
429.20
427.00
431.00
434.90
418.60
412.10
416.90
400.20
372.30
348.40
335.80
318.80
292.50
241.10
194.00
156.70
132.00
98.61
76.31
63.56
56.71
34.85
27.98
20.99
17.01
16.08
14.52
14.15
13.53
12.13
11.35
9.04
7.45
5.91
5.00
4.04
3.41
3.18
2.99
2.69
2.37
1.98
1.62
1.46
1.42
1.34
1.26
1.18
1.12
1.09
1.14
1.17
1.18
1.19
1.25
1.25
1.21
1.30
1.18
1.18
1.12
1.12
1.10
1.09
1.07
1.05
1.05
1.14
1.22
1.35
1.57
1.63
1.74
1.69
1.88
1.97
1.89
2.10
2.29
2.42
2.42
2.44
2.51
2.44
2.20
2.14
2.18
1.88
1.91
1.89
1.51
1.58
1.12
1.04
1.04
1.03
1.16
1.67
1.97
2.33
3.00
3.62
3.72
3.94
4.56
3.41
2.72
2.75
2.34
1.46
1.18
0.85
0.85
0.67
0.53
0.45
0.39
0.33
0.33
0.33
0.32
0.32
0.31
0.30
0.30
0.30
0.30
57.94
44.56
49.38
51.69
55.85
69.62
83.28
82.97
75.03
85.45
86.36
88.24
84.89
87.63
105.50
114.30
123.50
143.50
159.90
172.50
183.00
176.10
172.20
184.00
176.80
210.40
181.80
187.70
199.70
223.00
238.80
255.90
259.50
274.10
276.60
294.00
303.50
309.70
327.60
326.50
331.70
340.20
354.00
369.20
378.00
378.00
395.90
411.80
407.50
409.80
423.60
431.90
452.50
453.00
464.20
470.10
474.80
484.30
483.90
480.90
461.00
445.60
443.00
448.10
434.70
409.30
384.40
362.20
346.50
328.60
269.00
214.00
177.50
149.80
107.60
66.29
48.30
33.91
24.42
21.31
19.41
18.66
16.31
14.20
12.14
10.06
8.09
6.35
5.66
4.28
3.43
3.06
2.70
2.41
2.14
1.83
1.58
1.35
1.30
1.23
1.15
1.09
1.05
1.06
1.10
1.14
1.16
1.18
1.20
1.20
1.20
1.31
1.33
1.28
1.28
1.29
1.24
1.18
1.17
1.16
1.17
1.27
1.31
1.53
1.67
2.06
1.88
2.00
2.12
2.21
2.47
2.72
2.84
4.34
3.62
3.95
3.59
3.37
3.46
3.46
2.94
2.53
2.11
1.71
1.60
1.33
1.38
1.10
1.03
1.05
1.42
1.81
2.17
2.43
2.85
3.51
3.83
3.92
4.61
4.21
2.98
2.56
1.86
1.55
1.37
0.94
0.83
0.68
0.52
0.45
0.38
0.32
0.31
0.31
0.30
0.30
0.30
0.30
0.30
0.30
0.30
54.30
46.42
48.30
52.52
53.02
61.24
64.14
79.95
77.12
68.62
84.11
101.40
95.24
111.90
106.50
118.50
126.80
131.20
128.40
127.20
129.60
128.90
144.60
152.40
157.90
158.80
157.10
171.60
181.00
186.60
207.70
222.90
237.10
243.10
251.10
256.80
266.00
271.50
273.40
280.90
292.30
291.50
304.40
315.90
320.40
323.90
341.60
347.70
354.00
365.70
372.40
377.40
382.70
395.70
399.70
401.10
412.40
415.20
416.40
403.50
386.80
386.40
374.20
357.30
346.80
347.60
330.00
303.90
277.70
236.40
211.90
200.20
170.00
143.50
110.60
86.96
61.49
35.99
23.41
21.36
20.23
17.90
16.63
16.22
13.36
11.71
9.92
7.78
6.64
5.35
4.39
4.29
3.95
3.02
2.50
2.08
1.81
1.63
1.53
1.44
1.36
1.29
1.24
1.21
1.21
1.25
1.24
1.28
1.31
1.56
1.61
1.45
1.37
1.51
1.51
1.44
1.40
1.38
1.23
1.18
1.20
1.35
1.45
1.71
2.09
2.10
2.11
2.21
2.27
2.43
2.46
2.56
2.91
3.05
3.07
3.31
3.03
2.69
2.50
2.34
2.08
2.19
2.01
2.04
1.60
1.42
1.20
1.10
1.08
1.17
1.68
1.63
2.13
2.68
3.16
3.32
3.44
3.77
3.76
3.19
3.03
2.43
1.69
1.28
0.99
0.99
0.79
0.65
0.51
0.45
0.38
0.33
0.33
0.32
0.32
0.32
0.30
0.29
0.29
0.29
0.29
58.03
45.50
46.58
59.25
65.99
76.08
86.32
86.80
79.41
85.50
80.57
93.11
94.97
101.60
111.10
123.60
121.00
128.00
130.40
138.10
150.50
134.10
129.70
135.40
123.10
144.00
137.30
141.10
156.90
175.00
195.80
200.10
214.60
221.30
219.80
226.90
242.90
255.30
263.50
267.00
263.20
267.50
277.70
286.50
300.60
288.90
292.00
300.90
305.10
311.50
313.10
320.60
324.40
333.10
318.60
319.20
325.70
329.50
332.80
318.70
297.90
278.10
275.80
269.80
261.80
242.00
212.40
197.30
183.70
173.80
145.60
119.50
105.80
95.83
83.52
56.14
43.71
32.82
24.81
22.26
19.97
19.93
16.90
13.86
12.37
9.80
7.61
6.44
5.08
4.47
3.51
2.97
2.79
2.59
2.30
2.05
1.83
1.66
1.53
1.44
1.32
1.24
1.18
1.16
1.15
1.14
1.15
1.16
1.17
1.17
1.18
1.19
1.19
1.17
1.15
1.12
1.14
1.13
1.12
1.12
1.18
1.25
1.33
1.60
1.73
1.92
1.79
1.98
2.04
2.13
2.21
2.81
3.50
3.73
3.84
3.72
3.79
3.57
3.28
3.05
2.86
2.36
1.92
1.67
1.48
1.28
1.45
1.15
1.06
1.24
1.33
1.57
1.82
2.22
2.23
2.66
3.29
3.38
3.31
3.28
2.35
2.05
1.57
1.24
1.19
0.86
0.69
0.58
0.48
0.40
0.34
0.31
0.30
0.30
0.30
0.29
0.29
0.29
0.29
0.29
0.29
54.60
44.11
44.66
55.76
74.23
75.72
79.39
80.58
84.00
87.11
94.99
105.50
101.40
107.70
112.60
124.80
121.10
124.70
115.30
124.10
138.50
146.10
158.40
143.80
135.90
146.70
167.30
168.10
179.70
192.80
191.90
227.50
240.40
249.70
262.60
261.20
267.90
274.30
279.30
283.20
290.80
300.30
314.90
311.50
313.80
314.30
317.40
320.20
329.10
335.90
337.10
339.90
337.70
348.50
344.30
342.90
344.40
335.10
341.20
329.90
312.80
308.40
287.20
263.90
251.70
238.80
226.40
205.60
162.10
142.20
131.50
114.00
89.62
71.40
65.09
57.50
38.63
34.02
30.76
26.79
23.54
20.09
19.59
16.01
11.86
10.70
8.66
6.25
4.64
3.78
3.12
2.86
2.54
2.33
2.06
1.76
1.57
1.45
1.39
1.33
1.25
1.19
1.14
1.10
1.09
1.09
1.12
1.12
1.17
1.18
1.22
1.21
1.23
1.18
1.12
1.12
1.11
1.09
1.07
1.07
1.07
1.20
1.21
1.46
1.49
1.96
2.01
1.98
2.31
2.35
2.50
2.76
2.96
3.15
3.27
3.18
2.94
2.82
2.66
2.47
2.26
2.16
1.91
1.87
1.51
1.49
1.19
1.00
1.05
1.19
1.10
1.29
1.61
1.97
2.39
2.53
2.85
3.22
3.33
2.81
2.45
2.10
1.80
1.41
1.02
0.80
0.71
0.55
0.45
0.38
0.32
0.29
0.29
0.29
0.28
0.28
0.27
0.27
0.27
0.26
0.27
58.03
43.61
45.36
60.37
65.65
73.89
77.65
73.06
67.26
71.24
76.24
85.14
83.47
88.01
104.00
98.39
102.20
109.90
117.10
121.60
119.50
123.40
110.60
105.30
110.80
128.50
120.40
129.80
134.40
153.40
159.80
173.70
184.40
199.70
205.00
203.80
208.70
214.50
214.80
228.40
245.70
236.50
236.50
237.50
246.60
246.40
235.80
236.50
239.90
242.80
251.70
248.00
240.40
243.90
245.60
239.00
233.60
232.30
231.50
220.60
211.30
197.70
186.10
179.80
177.20
160.30
148.60
140.60
136.60
127.80
113.50
92.86
86.76
78.63
69.62
56.12
44.96
37.93
29.33
23.73
21.12
19.32
18.59
15.66
13.75
11.09
8.92
7.05
5.59
4.43
3.55
3.12
2.85
2.66
2.37
2.13
1.90
1.75
1.67
1.61
1.53
1.46
1.40
1.37
1.35
1.35
1.33
1.33
1.32
1.33
1.34
1.36
1.42
1.39
1.35
1.34
1.37
1.37
1.36
1.35
1.35
1.49
1.63
1.75
1.92
2.17
2.00
2.02
2.18
1.99
2.48
2.91
3.77
4.22
3.91
4.34
3.90
3.67
3.75
3.71
3.13
2.61
2.14
1.79
1.58
1.39
1.62
1.40
1.19
1.31
1.31
1.60
2.58
2.85
2.52
3.20
2.90
3.22
3.24
2.96
2.39
1.88
1.44
1.14
1.07
0.86
0.71
0.60
0.51
0.44
0.38
0.35
0.34
0.34
0.34
0.34
0.32
0.30
0.30
0.29
0.29
54.30
45.43
46.17
55.02
53.48
52.90
54.58
72.11
65.63
69.49
73.32
77.46
75.45
76.42
75.96
89.61
108.00
102.40
99.30
102.70
107.10
97.07
107.20
125.20
114.50
118.20
120.30
143.40
131.20
141.40
141.70
170.80
174.30
168.70
174.70
183.10
188.20
188.90
192.80
193.90
189.50
194.70
211.00
209.50
209.80
211.20
211.30
209.60
203.90
204.80
202.50
202.50
202.80
205.10
200.40
192.70
190.10
190.00
185.90
181.60
167.60
159.10
156.50
141.20
132.40
126.50
121.20
113.10
101.90
94.64
81.40
77.28
75.08
66.47
59.80
55.41
50.68
39.56
31.42
28.74
27.93
25.79
20.62
18.13
16.20
13.38
10.07
8.09
6.70
5.40
3.94
3.40
3.14
2.88
2.57
2.21
1.91
1.70
1.61
1.57
1.49
1.41
1.34
1.29
1.28
1.28
1.28
1.32
1.32
1.47
1.44
1.38
1.35
1.43
1.45
1.41
1.40
1.37
1.27
1.26
1.28
1.45
1.65
2.07
2.29
2.67
2.58
2.54
2.73
2.90
3.01
3.41
3.52
3.44
3.94
3.97
4.13
3.53
3.20
2.90
2.57
2.51
2.35
2.43
2.08
1.77
1.53
1.28
1.24
1.27
1.35
1.59
2.21
2.23
2.61
2.98
2.54
2.88
2.93
2.62
2.31
2.06
1.55
1.17
0.97
0.94
0.74
0.60
0.50
0.44
0.39
0.35
0.35
0.34
0.34
0.34
0.31
0.30
0.30
0.30
0.30
57.94
43.80
46.80
50.31
52.53
52.68
62.87
69.23
55.13
62.79
63.53
69.03
67.96
62.89
70.10
74.26
78.26
88.89
99.40
105.00
109.30
102.90
106.40
117.60
114.70
116.70
116.10
118.70
118.10
143.10
141.10
152.60
153.30
151.70
156.10
156.30
162.80
172.30
174.30
176.80
180.20
175.60
180.30
183.40
189.50
178.90
180.10
179.80
179.50
186.20
181.80
190.70
189.00
191.50
191.60
183.90
181.70
184.30
182.00
179.70
174.70
164.50
155.40
156.10
155.00
151.70
146.30
143.00
140.10
145.00
150.60
127.60
113.80
105.30
103.40
87.89
72.18
61.77
45.28
32.65
28.96
24.60
21.52
19.60
16.64
12.65
10.14
7.97
6.28
4.34
3.13
2.77
2.57
2.30
2.05
1.82
1.63
1.50
1.47
1.45
1.39
1.33
1.28
1.25
1.24
1.23
1.24
1.25
1.28
1.29
1.28
1.31
1.41
1.33
1.43
1.44
1.42
1.38
1.37
1.34
1.32
1.47
1.66
2.02
2.56
2.60
2.59
2.68
2.85
2.85
3.18
3.63
3.79
5.53
5.26
5.20
4.97
5.34
5.00
4.68
3.86
3.09
2.74
2.32
2.06
1.79
1.71
1.27
1.18
1.17
1.45
1.48
1.71
2.29
2.18
2.50
2.95
2.91
2.76
2.79
2.01
1.67
1.52
1.28
1.02
0.81
0.69
0.59
0.52
0.47
0.41
0.38
0.38
0.37
0.37
0.36
0.34
0.31
0.31
0.30
0.30
52.76
46.90
43.86
43.06
52.78
60.50
68.46
74.68
65.23
64.49
65.04
68.25
70.96
74.60
73.90
79.85
91.91
82.96
72.25
77.80
87.58
92.80
92.17
87.42
85.00
89.00
98.83
96.98
105.00
100.80
106.60
114.20
118.10
126.80
128.60
127.80
129.80
132.90
133.80
139.80
136.00
137.10
138.30
142.00
141.00
137.10
137.80
140.10
142.50
145.20
141.20
139.50
141.00
138.30
139.70
141.00
137.90
140.60
143.50
141.30
132.30
127.00
125.90
118.50
110.40
108.40
107.50
103.80
90.34
88.45
83.18
80.14
73.74
65.79
61.44
57.43
47.48
38.35
32.30
30.44
27.27
24.18
21.67
18.20
15.37
12.98
10.43
7.91
6.31
4.52
3.26
2.96
2.77
2.49
2.22
1.92
1.67
1.48
1.42
1.35
1.27
1.20
1.15
1.11
1.10
1.11
1.13
1.15
1.17
1.20
1.21
1.24
1.21
1.21
1.21
1.22
1.21
1.22
1.24
1.24
1.26
1.41
1.74
2.06
2.22
2.40
2.53
2.30
2.27
2.85
3.06
3.13
3.45
3.42
3.60
3.83
3.77
3.62
3.72
3.29
3.43
2.97
2.63
2.40
2.23
1.89
1.52
1.24
1.17
1.17
1.20
1.75
1.67
1.75
2.20
2.60
2.54
2.27
2.23
2.10
1.89
1.63
1.37
1.01
0.84
0.77
0.74
0.58
0.50
0.44
0.40
0.36
0.36
0.36
0.35
0.34
0.32
0.30
0.30
0.30
0.30
55.31
46.49
39.21
51.32
56.34
62.43
68.48
74.84
68.81
74.99
78.04
91.23
89.06
94.52
79.75
80.93
75.91
80.23
85.82
81.50
86.75
85.85
78.78
82.33
85.86
81.60
83.54
82.20
85.52
91.01
95.82
106.00
104.90
112.40
114.20
117.20
119.10
119.90
123.40
126.80
128.10
129.00
134.70
136.00
137.50
125.30
122.60
123.40
124.90
135.10
129.30
134.20
134.00
134.10
136.00
136.80
139.80
141.20
137.20
142.70
137.00
133.50
128.80
127.50
127.90
126.90
120.20
119.30
114.30
108.20
113.50
104.00
100.10
92.70
73.55
56.86
43.90
38.99
32.48
28.34
25.36
19.74
17.43
14.55
12.22
9.71
8.47
7.08
5.57
4.37
3.39
3.11
2.69
2.36
2.07
1.78
1.55
1.41
1.33
1.26
1.18
1.13
1.07
1.03
1.01
1.00
1.00
1.00
1.03
1.03
1.06
1.08
1.14
1.13
1.13
1.14
1.13
1.12
1.11
1.12
1.12
1.22
1.44
1.45
1.59
1.68
2.03
1.86
1.99
2.18
2.49
2.77
3.28
3.29
5.77
4.49
4.06
4.04
3.67
3.54
3.00
2.75
2.54
2.24
2.11
1.78
1.69
1.29
1.08
1.05
1.18
1.33
1.64
1.98
2.12
1.90
1.98
1.97
1.94
1.90
1.76
1.54
1.28
1.12
0.95
0.78
0.65
0.56
0.50
0.45
0.40
0.38
0.37
0.36
0.36
0.36
0.34
0.32
0.31
0.31
0.31
52.30
46.32
34.90
43.84
59.75
64.14
65.56
74.02
75.22
73.80
72.41
78.90
79.64
88.40
77.03
75.18
74.81
79.46
90.70
83.30
76.38
70.09
68.03
90.34
79.30
96.43
88.77
95.14
98.86
91.49
101.90
106.60
105.10
107.00
113.50
115.10
113.90
118.60
120.70
121.00
123.80
125.50
132.70
136.60
129.40
128.40
128.90
123.00
119.60
128.90
128.30
123.90
126.10
123.60
127.20
128.10
127.30
130.70
134.50
134.90
129.60
124.40
121.80
116.60
112.20
108.80
108.20
108.10
97.35
90.78
83.49
80.48
76.38
69.94
64.95
56.00
59.09
46.80
40.74
32.71
24.83
22.10
19.58
16.84
13.70
11.25
9.07
7.44
5.88
4.39
3.36
2.92
2.63
2.18
1.72
1.45
1.24
1.11
1.05
1.02
0.96
0.91
0.88
0.85
0.85
0.87
0.91
0.92
0.99
1.00
1.16
1.19
1.19
1.14
1.09
1.05
1.01
0.97
0.93
0.93
0.93
0.94
1.20
1.38
1.49
2.05
2.13
2.64
2.29
2.98
3.19
3.03
3.18
3.50
3.66
3.55
3.43
3.66
3.43
3.13
2.79
2.61
2.28
2.19
1.86
1.59
1.26
0.97
0.95
0.98
1.01
1.05
1.06
1.11
1.30
1.49
1.59
1.96
1.79
1.96
1.79
1.75
1.51
1.27
0.97
0.88
0.66
0.56
0.48
0.43
0.38
0.36
0.35
0.35
0.34
0.33
0.31
0.30
0.29
0.29
0.29
55.31
46.49
39.21
51.32
56.34
62.43
68.48
74.84
68.81
74.99
78.04
91.23
89.06
94.52
79.75
80.93
75.91
80.23
85.82
81.50
86.75
85.85
78.78
82.33
85.86
81.60
83.54
82.20
85.52
91.01
95.82
106.00
104.90
112.40
114.20
117.20
119.10
119.90
123.40
126.80
128.10
129.00
134.70
136.00
137.50
125.30
122.60
123.40
124.90
135.10
129.30
134.20
134.00
134.10
136.00
136.80
139.80
141.20
137.20
142.70
137.00
133.50
128.80
127.50
127.90
126.90
120.20
119.30
114.30
108.20
113.50
104.00
100.10
92.70
73.55
56.86
43.90
38.99
32.48
28.34
25.36
19.74
17.43
14.55
12.22
9.71
8.47
7.08
5.57
4.37
3.39
3.11
2.69
2.36
2.07
1.78
1.55
1.41
1.33
1.26
1.18
1.13
1.07
1.03
1.01
1.00
1.00
1.00
1.03
1.03
1.06
1.08
1.14
1.13
1.13
1.14
1.13
1.12
1.11
1.12
1.12
1.22
1.44
1.45
1.59
1.68
2.03
1.86
1.99
2.18
2.49
2.77
3.28
3.29
5.77
4.49
4.06
4.04
3.67
3.54
3.00
2.75
2.54
2.24
2.11
1.78
1.69
1.29
1.08
1.05
1.18
1.33
1.64
1.98
2.12
1.90
1.98
1.97
1.94
1.90
1.76
1.54
1.28
1.12
0.95
0.78
0.65
0.56
0.50
0.45
0.40
0.38
0.37
0.36
0.36
0.36
0.34
0.32
0.31
0.31
0.31
52.76
46.90
43.86
43.06
52.78
60.50
68.46
74.68
65.23
64.49
65.04
68.25
70.96
74.60
73.90
79.85
91.91
82.96
72.25
77.80
87.58
92.80
92.17
87.42
85.00
89.00
98.83
96.98
105.00
100.80
106.60
114.20
118.10
126.80
128.60
127.80
129.80
132.90
133.80
139.80
136.00
137.10
138.30
142.00
141.00
137.10
137.80
140.10
142.50
145.20
141.20
139.50
141.00
138.30
139.70
141.00
137.90
140.60
143.50
141.30
132.30
127.00
125.90
118.50
110.40
108.40
107.50
103.80
90.34
88.45
83.18
80.14
73.74
65.79
61.44
57.43
47.48
38.35
32.30
30.44
27.27
24.18
21.67
18.20
15.37
12.98
10.43
7.91
6.31
4.52
3.26
2.96
2.77
2.49
2.22
1.92
1.67
1.48
1.42
1.35
1.27
1.20
1.15
1.11
1.10
1.11
1.13
1.15
1.17
1.20
1.21
1.24
1.21
1.21
1.21
1.22
1.21
1.22
1.24
1.24
1.26
1.41
1.74
2.06
2.22
2.40
2.53
2.30
2.27
2.85
3.06
3.13
3.45
3.42
3.60
3.83
3.77
3.62
3.72
3.29
3.43
2.97
2.63
2.40
2.23
1.89
1.52
1.24
1.17
1.17
1.20
1.75
1.67
1.75
2.20
2.60
2.54
2.27
2.23
2.10
1.89
1.63
1.37
1.01
0.84
0.77
0.74
0.58
0.50
0.44
0.40
0.36
0.36
0.36
0.35
0.34
0.32
0.30
0.30
0.30
0.30
57.94
43.80
46.80
50.31
52.53
52.68
62.87
69.23
55.13
62.79
63.53
69.03
67.96
62.89
70.10
74.26
78.26
88.89
99.40
105.00
109.30
102.90
106.40
117.60
114.70
116.70
116.10
118.70
118.10
143.10
141.10
152.60
153.30
151.70
156.10
156.30
162.80
172.30
174.30
176.80
180.20
175.60
180.30
183.40
189.50
178.90
180.10
179.80
179.50
186.20
181.80
190.70
189.00
191.50
191.60
183.90
181.70
184.30
182.00
179.70
174.70
164.50
155.40
156.10
155.00
151.70
146.30
143.00
140.10
145.00
150.60
127.60
113.80
105.30
103.40
87.89
72.18
61.77
45.28
32.65
28.96
24.60
21.52
19.60
16.64
12.65
10.14
7.97
6.28
4.34
3.13
2.77
2.57
2.30
2.05
1.82
1.63
1.50
1.47
1.45
1.39
1.33
1.28
1.25
1.24
1.23
1.24
1.25
1.28
1.29
1.28
1.31
1.41
1.33
1.43
1.44
1.42
1.38
1.37
1.34
1.32
1.47
1.66
2.02
2.56
2.60
2.59
2.68
2.85
2.85
3.18
3.63
3.79
5.53
5.26
5.20
4.97
5.34
5.00
4.68
3.86
3.09
2.74
2.32
2.06
1.79
1.71
1.27
1.18
1.17
1.45
1.48
1.71
2.29
2.18
2.50
2.95
2.91
2.76
2.79
2.01
1.67
1.52
1.28
1.02
0.81
0.69
0.59
0.52
0.47
0.41
0.38
0.38
0.37
0.37
0.36
0.34
0.31
0.31
0.30
0.30
54.30
45.43
46.17
55.02
53.48
52.90
54.58
72.11
65.63
69.49
73.32
77.46
75.45
76.42
75.96
89.61
108.00
102.40
99.30
102.70
107.10
97.07
107.20
125.20
114.50
118.20
120.30
143.40
131.20
141.40
141.70
170.80
174.30
168.70
174.70
183.10
188.20
188.90
192.80
193.90
189.50
194.70
211.00
209.50
209.80
211.20
211.30
209.60
203.90
204.80
202.50
202.50
202.80
205.10
200.40
192.70
190.10
190.00
185.90
181.60
167.60
159.10
156.50
141.20
132.40
126.50
121.20
113.10
101.90
94.64
81.40
77.28
75.08
66.47
59.80
55.41
50.68
39.56
31.42
28.74
27.93
25.79
20.62
18.13
16.20
13.38
10.07
8.09
6.70
5.40
3.94
3.40
3.14
2.88
2.57
2.21
1.91
1.70
1.61
1.57
1.49
1.41
1.34
1.29
1.28
1.28
1.28
1.32
1.32
1.47
1.44
1.38
1.35
1.43
1.45
1.41
1.40
1.37
1.27
1.26
1.28
1.45
1.65
2.07
2.29
2.67
2.58
2.54
2.73
2.90
3.01
3.41
3.52
3.44
3.94
3.97
4.13
3.53
3.20
2.90
2.57
2.51
2.35
2.43
2.08
1.77
1.53
1.28
1.24
1.27
1.35
1.59
2.21
2.23
2.61
2.98
2.54
2.88
2.93
2.62
2.31
2.06
1.55
1.17
0.97
0.94
0.74
0.60
0.50
0.44
0.39
0.35
0.35
0.34
0.34
0.34
0.31
0.30
0.30
0.30
0.30
58.03
43.61
45.36
60.37
65.65
73.89
77.65
73.06
67.26
71.24
76.24
85.14
83.47
88.01
104.00
98.39
102.20
109.90
117.10
121.60
119.50
123.40
110.60
105.30
110.80
128.50
120.40
129.80
134.40
153.40
159.80
173.70
184.40
199.70
205.00
203.80
208.70
214.50
214.80
228.40
245.70
236.50
236.50
237.50
246.60
246.40
235.80
236.50
239.90
242.80
251.70
248.00
240.40
243.90
245.60
239.00
233.60
232.30
231.50
220.60
211.30
197.70
186.10
179.80
177.20
160.30
148.60
140.60
136.60
127.80
113.50
92.86
86.76
78.63
69.62
56.12
44.96
37.93
29.33
23.73
21.12
19.32
18.59
15.66
13.75
11.09
8.92
7.05
5.59
4.43
3.55
3.12
2.85
2.66
2.37
2.13
1.90
1.75
1.67
1.61
1.53
1.46
1.40
1.37
1.35
1.35
1.33
1.33
1.32
1.33
1.34
1.36
1.42
1.39
1.35
1.34
1.37
1.37
1.36
1.35
1.35
1.49
1.63
1.75
1.92
2.17
2.00
2.02
2.18
1.99
2.48
2.91
3.77
4.22
3.91
4.34
3.90
3.67
3.75
3.71
3.13
2.61
2.14
1.79
1.58
1.39
1.62
1.40
1.19
1.31
1.31
1.60
2.58
2.85
2.52
3.20
2.90
3.22
3.24
2.96
2.39
1.88
1.44
1.14
1.07
0.86
0.71
0.60
0.51
0.44
0.38
0.35
0.34
0.34
0.34
0.34
0.32
0.30
0.30
0.29
0.29
