SALVI
1
0
24
15.0
181
1.0
241005 Palacio 5050 350mA F151 C TRANSP
PALACIO 5050 350mA F151 PMMA SC

PALACIO-5050-F151-PMMASC.ldt
20 November 2024/TB
465
0
825
200
10
0
0
0
0
98.53
100.00
1.00
0.00
1
1
5050
4151.90
3000
70
40.30
0.23
0.32
0.41
0.49
0.54
0.64
0.69
0.73
0.79
0.83
0.00
15.00
30.00
45.00
60.00
75.00
90.00
105.00
120.00
135.00
150.00
165.00
180.00
195.00
210.00
225.00
240.00
255.00
270.00
285.00
300.00
315.00
330.00
345.00
0.00
1.00
2.00
3.00
4.00
5.00
6.00
7.00
8.00
9.00
10.00
11.00
12.00
13.00
14.00
15.00
16.00
17.00
18.00
19.00
20.00
21.00
22.00
23.00
24.00
25.00
26.00
27.00
28.00
29.00
30.00
31.00
32.00
33.00
34.00
35.00
36.00
37.00
38.00
39.00
40.00
41.00
42.00
43.00
44.00
45.00
46.00
47.00
48.00
49.00
50.00
51.00
52.00
53.00
54.00
55.00
56.00
57.00
58.00
59.00
60.00
61.00
62.00
63.00
64.00
65.00
66.00
67.00
68.00
69.00
70.00
71.00
72.00
73.00
74.00
75.00
76.00
77.00
78.00
79.00
80.00
81.00
82.00
83.00
84.00
85.00
86.00
87.00
88.00
89.00
90.00
91.00
92.00
93.00
94.00
95.00
96.00
97.00
98.00
99.00
100.00
101.00
102.00
103.00
104.00
105.00
106.00
107.00
108.00
109.00
110.00
111.00
112.00
113.00
114.00
115.00
116.00
117.00
118.00
119.00
120.00
121.00
122.00
123.00
124.00
125.00
126.00
127.00
128.00
129.00
130.00
131.00
132.00
133.00
134.00
135.00
136.00
137.00
138.00
139.00
140.00
141.00
142.00
143.00
144.00
145.00
146.00
147.00
148.00
149.00
150.00
151.00
152.00
153.00
154.00
155.00
156.00
157.00
158.00
159.00
160.00
161.00
162.00
163.00
164.00
165.00
166.00
167.00
168.00
169.00
170.00
171.00
172.00
173.00
174.00
175.00
176.00
177.00
178.00
179.00
180.00
111.20
91.53
82.88
104.50
133.90
144.30
150.90
157.80
158.00
162.60
167.60
177.60
176.80
171.70
185.70
190.40
191.40
192.70
176.30
178.30
187.30
211.90
214.60
186.80
188.00
195.00
215.00
222.10
229.80
239.90
240.10
263.20
278.80
288.90
294.50
293.80
296.40
308.40
309.00
317.40
320.50
325.10
338.10
330.00
329.90
331.40
326.80
327.60
330.50
335.30
334.50
341.00
342.70
348.80
351.40
354.50
363.90
369.70
375.70
384.90
381.70
376.40
380.30
365.00
349.00
340.40
339.20
340.00
290.40
249.90
237.50
234.10
200.40
151.40
121.40
112.00
79.34
50.03
38.55
32.52
28.80
26.66
28.40
25.64
18.42
15.07
13.21
9.62
6.49
4.42
3.23
2.60
2.47
2.31
2.12
1.93
1.84
1.75
1.69
1.63
1.54
1.48
1.44
1.41
1.41
1.41
1.41
1.41
1.44
1.46
1.47
1.50
1.52
1.50
1.46
1.47
1.46
1.46
1.45
1.45
1.47
1.65
1.65
1.94
2.03
2.72
2.47
2.61
3.17
3.30
3.41
3.81
4.19
4.37
4.43
4.51
4.22
4.12
3.98
3.74
3.70
3.19
3.04
2.98
2.32
2.29
1.75
1.51
1.57
1.63
1.61
1.91
2.30
2.62
2.88
3.35
3.65
4.30
4.48
3.66
3.39
3.07
2.77
2.16
1.56
1.19
1.03
0.78
0.63
0.52
0.44
0.39
0.38
0.38
0.38
0.38
0.38
0.38
0.38
0.38
0.38
114.90
92.27
97.07
121.90
142.70
157.70
182.00
189.00
171.70
188.80
184.40
206.30
212.20
212.30
233.50
241.50
232.00
248.80
251.20
257.40
269.90
259.80
241.40
250.40
236.60
258.00
255.70
264.70
272.40
302.80
329.50
349.10
377.70
382.80
392.80
399.70
416.20
430.50
438.60
457.10
447.30
444.30
452.00
458.20
477.00
476.10
472.90
480.80
483.30
492.50
508.50
516.20
530.40
541.40
537.20
546.00
566.70
579.70
597.60
617.10
601.30
587.60
584.30
603.10
614.00
604.70
560.00
521.50
498.30
481.90
458.00
378.40
330.10
314.00
284.10
211.20
148.10
85.17
49.02
34.01
30.44
29.78
28.33
23.62
20.75
18.08
13.39
10.64
7.90
5.91
4.36
3.64
3.33
3.04
2.77
2.50
2.27
2.01
1.82
1.70
1.57
1.47
1.43
1.43
1.41
1.40
1.40
1.40
1.40
1.40
1.43
1.42
1.44
1.41
1.40
1.41
1.45
1.44
1.44
1.44
1.47
1.51
1.62
1.81
1.97
2.06
2.11
2.35
2.43
2.67
2.88
3.20
3.76
3.93
4.09
4.14
4.06
4.02
3.95
3.61
3.51
3.08
2.76
2.55
2.44
2.03
2.26
1.69
1.68
1.91
2.24
2.66
3.46
4.22
4.64
5.03
5.98
6.45
6.11
5.37
4.24
3.79
2.79
2.35
2.01
1.41
1.14
0.92
0.72
0.59
0.49
0.43
0.43
0.43
0.43
0.42
0.42
0.42
0.43
0.43
0.43
111.30
96.77
103.40
116.80
130.70
140.70
150.70
178.30
192.80
173.80
207.40
243.90
234.60
257.00
267.70
266.60
292.70
303.20
305.60
298.70
302.70
287.20
309.00
325.30
332.80
331.80
329.60
350.30
353.00
364.00
397.90
425.00
448.20
457.40
468.70
475.20
481.40
494.70
495.60
507.00
512.60
517.40
521.70
532.80
538.60
536.80
548.80
551.30
556.20
561.70
575.40
582.00
592.80
610.90
622.20
625.10
630.80
645.30
654.60
654.30
630.30
616.90
609.40
578.70
535.40
532.00
499.70
454.20
409.90
352.30
315.10
287.70
255.50
209.20
167.90
139.20
95.60
66.56
37.70
31.07
30.90
29.96
26.34
23.47
21.83
17.67
14.40
11.08
8.87
6.09
4.84
4.12
3.94
3.36
2.80
2.31
2.00
1.73
1.61
1.53
1.45
1.39
1.35
1.36
1.34
1.35
1.35
1.36
1.48
1.57
1.62
1.48
1.49
1.65
1.65
1.58
1.57
1.52
1.38
1.36
1.36
1.39
1.48
1.69
1.90
2.02
2.12
2.23
2.41
2.54
2.56
2.83
3.17
3.22
3.29
3.28
3.25
3.25
3.03
2.79
2.80
2.74
2.52
2.46
2.21
2.00
1.81
1.67
1.75
2.17
2.96
3.56
4.29
5.25
5.95
6.85
6.96
7.56
7.72
6.32
5.92
4.55
3.23
2.44
2.02
1.90
1.35
1.02
0.78
0.66
0.53
0.45
0.44
0.44
0.44
0.43
0.42
0.42
0.42
0.43
0.43
115.50
105.80
101.20
118.10
130.30
142.40
198.70
215.30
202.80
217.00
237.30
238.80
234.80
238.80
278.80
302.30
308.10
359.90
403.70
429.10
450.10
420.60
400.10
413.70
410.30
462.10
423.10
409.60
415.00
443.90
467.30
490.90
492.30
510.20
515.30
516.60
529.60
524.60
540.50
536.70
534.90
533.30
539.10
541.20
537.50
532.20
525.10
520.40
478.50
458.90
442.90
426.80
423.70
400.90
386.50
370.20
350.80
324.90
289.10
253.60
224.30
198.40
182.70
169.70
153.10
137.00
122.40
108.90
100.40
92.90
77.17
67.46
58.07
53.49
44.66
34.49
30.73
28.51
28.58
27.06
24.55
23.04
22.37
17.69
15.31
10.76
8.34
7.14
5.88
4.90
4.03
3.67
3.44
2.98
2.43
2.07
1.77
1.47
1.40
1.34
1.27
1.20
1.18
1.19
1.21
1.24
1.25
1.28
1.30
1.31
1.33
1.42
1.41
1.36
1.37
1.36
1.30
1.28
1.29
1.31
1.30
1.30
1.32
1.38
1.52
1.65
1.71
1.85
1.96
2.01
2.27
2.47
2.58
3.00
3.06
3.26
3.01
2.97
3.00
2.97
2.71
2.72
2.47
2.50
2.31
2.01
1.96
1.67
1.69
1.94
2.81
3.80
4.70
6.04
7.24
8.33
8.38
9.51
10.11
8.85
6.78
5.09
4.20
3.42
2.81
1.96
1.65
1.13
0.83
0.70
0.56
0.45
0.45
0.45
0.45
0.44
0.43
0.44
0.44
0.45
0.45
109.20
102.80
105.30
127.80
153.50
179.20
207.10
210.00
222.40
213.80
223.30
268.60
295.20
318.00
350.70
379.00
411.00
377.00
322.70
342.20
372.00
393.90
414.80
399.60
371.90
361.70
380.10
390.20
396.70
400.60
415.00
424.70
435.80
460.20
462.00
451.00
439.20
437.40
424.40
404.70
386.70
377.20
358.00
344.20
329.30
316.80
301.60
281.10
250.20
230.10
212.00
201.30
189.90
184.10
173.20
165.00
153.80
146.80
129.90
125.40
115.90
103.80
92.33
87.92
82.80
77.38
71.43
61.67
54.27
50.44
47.12
39.14
32.31
28.82
27.16
21.07
17.68
14.98
13.85
13.53
13.18
12.13
11.53
10.74
9.42
7.85
6.75
5.78
5.01
4.48
4.17
3.96
3.54
3.12
2.67
2.14
1.68
1.52
1.48
1.43
1.34
1.27
1.21
1.20
1.23
1.25
1.30
1.31
1.37
1.36
1.35
1.39
1.36
1.33
1.29
1.31
1.30
1.26
1.24
1.23
1.23
1.21
1.22
1.26
1.29
1.35
1.42
1.43
1.48
1.53
1.56
1.68
1.78
1.89
1.95
2.00
2.08
2.11
2.01
2.08
2.16
2.01
2.12
2.06
1.94
1.91
1.66
1.63
1.68
1.96
2.94
4.26
4.98
6.42
8.26
9.16
9.78
10.72
10.21
8.02
6.94
6.30
4.85
3.22
2.23
1.91
1.75
1.09
0.83
0.70
0.56
0.46
0.45
0.45
0.45
0.45
0.44
0.43
0.43
0.44
0.46
112.20
108.70
92.34
131.20
167.70
208.00
233.40
238.50
243.90
276.50
309.30
364.40
370.00
376.10
375.90
361.90
350.60
370.80
380.70
386.70
375.40
361.00
360.70
357.10
352.60
357.30
350.40
351.90
349.90
359.20
371.70
374.90
376.20
366.80
367.70
347.70
341.00
332.80
328.00
303.20
286.60
274.80
256.10
236.90
218.20
202.70
196.10
182.20
168.50
165.20
155.60
150.90
150.40
138.60
130.80
125.10
118.80
114.50
107.00
97.82
90.44
86.53
81.59
75.76
67.83
62.15
54.76
47.25
43.53
38.63
33.96
31.73
28.13
24.86
20.01
17.78
15.44
12.67
11.84
11.07
10.23
10.01
9.08
8.57
7.33
6.30
5.44
4.73
4.11
3.67
3.44
3.25
2.80
2.44
2.13
1.77
1.45
1.34
1.29
1.25
1.20
1.15
1.12
1.13
1.14
1.18
1.19
1.21
1.26
1.24
1.26
1.31
1.35
1.28
1.28
1.27
1.25
1.25
1.21
1.17
1.16
1.16
1.16
1.18
1.21
1.24
1.25
1.28
1.32
1.33
1.41
1.49
1.54
1.64
1.69
1.70
1.72
1.71
1.71
1.69
1.70
1.78
1.77
1.73
1.67
1.60
1.58
1.49
1.51
1.69
2.08
3.12
4.59
5.10
6.06
7.20
8.27
8.78
9.13
8.13
6.62
5.00
4.02
3.34
2.59
2.05
1.74
1.13
0.85
0.69
0.55
0.45
0.45
0.45
0.45
0.45
0.45
0.45
0.46
0.47
0.47
110.60
114.80
90.95
113.80
152.70
191.80
208.10
230.70
258.40
251.20
275.10
309.40
315.00
347.70
348.10
347.80
365.70
380.70
386.40
378.80
368.80
372.20
371.00
380.30
397.60
391.10
401.30
390.90
374.80
370.00
376.70
393.50
386.70
388.80
372.10
351.20
339.40
326.20
305.40
289.60
277.00
252.30
240.20
222.70
214.70
199.60
183.00
176.60
170.50
164.40
154.20
144.20
140.90
132.70
125.60
118.90
114.90
107.00
92.39
88.93
88.04
75.48
72.39
69.36
65.95
58.91
54.86
47.55
40.35
35.23
33.42
31.22
25.40
22.40
18.84
15.51
13.24
10.87
10.14
10.16
10.21
9.20
9.09
8.46
7.41
6.73
5.62
5.23
4.88
4.84
4.44
3.89
3.67
3.21
2.58
1.90
1.39
1.28
1.24
1.18
1.10
1.05
1.00
0.98
1.00
1.06
1.10
1.22
1.27
1.55
1.53
1.62
1.56
1.52
1.41
1.33
1.26
1.15
1.09
1.05
1.04
1.03
1.03
1.04
1.08
1.12
1.15
1.17
1.18
1.25
1.31
1.32
1.40
1.55
1.60
1.62
1.63
1.65
1.65
1.66
1.68
1.65
1.61
1.67
1.54
1.50
1.39
1.35
1.38
1.59
2.08
2.74
3.72
4.25
4.98
6.47
6.56
8.32
8.34
9.02
7.47
6.19
4.75
3.82
2.87
2.28
1.42
1.03
0.83
0.70
0.56
0.46
0.46
0.46
0.46
0.46
0.45
0.45
0.45
0.45
0.47
112.20
108.70
92.34
131.20
167.70
208.00
233.40
238.50
243.90
276.50
309.30
364.40
370.00
376.10
375.90
361.90
350.60
370.80
380.70
386.70
375.40
361.00
360.70
357.10
352.60
357.30
350.40
351.90
349.90
359.20
371.70
374.90
376.20
366.80
367.70
347.70
341.00
332.80
328.00
303.20
286.60
274.80
256.10
236.90
218.20
202.70
196.10
182.20
168.50
165.20
155.60
150.90
150.40
138.60
130.80
125.10
118.80
114.50
107.00
97.82
90.44
86.53
81.59
75.76
67.83
62.15
54.76
47.25
43.53
38.63
33.96
31.73
28.13
24.86
20.01
17.78
15.44
12.67
11.84
11.07
10.23
10.01
9.08
8.57
7.33
6.30
5.44
4.73
4.11
3.67
3.44
3.25
2.80
2.44
2.13
1.77
1.45
1.34
1.29
1.25
1.20
1.15
1.12
1.13
1.14
1.18
1.19
1.21
1.26
1.24
1.26
1.31
1.35
1.28
1.28
1.27
1.25
1.25
1.21
1.17
1.16
1.16
1.16
1.18
1.21
1.24
1.25
1.28
1.32
1.33
1.41
1.49
1.54
1.64
1.69
1.70
1.72
1.71
1.71
1.69
1.70
1.78
1.77
1.73
1.67
1.60
1.58
1.49
1.51
1.69
2.08
3.12
4.59
5.10
6.06
7.20
8.27
8.78
9.13
8.13
6.62
5.00
4.02
3.34
2.59
2.05
1.74
1.13
0.85
0.69
0.55
0.45
0.45
0.45
0.45
0.45
0.45
0.45
0.46
0.47
0.47
109.20
102.80
105.30
127.80
153.50
179.20
207.10
210.00
222.40
213.80
223.30
268.60
295.20
318.00
350.70
379.00
411.00
377.00
322.70
342.20
372.00
393.90
414.80
399.60
371.90
361.70
380.10
390.20
396.70
400.60
415.00
424.70
435.80
460.20
462.00
451.00
439.20
437.40
424.40
404.70
386.70
377.20
358.00
344.20
329.30
316.80
301.60
281.10
250.20
230.10
212.00
201.30
189.90
184.10
173.20
165.00
153.80
146.80
129.90
125.40
115.90
103.80
92.33
87.92
82.80
77.38
71.43
61.67
54.27
50.44
47.12
39.14
32.31
28.82
27.16
21.07
17.68
14.98
13.85
13.53
13.18
12.13
11.53
10.74
9.42
7.85
6.75
5.78
5.01
4.48
4.17
3.96
3.54
3.12
2.67
2.14
1.68
1.52
1.48
1.43
1.34
1.27
1.21
1.20
1.23
1.25
1.30
1.31
1.37
1.36
1.35
1.39
1.36
1.33
1.29
1.31
1.30
1.26
1.24
1.23
1.23
1.21
1.22
1.26
1.29
1.35
1.42
1.43
1.48
1.53
1.56
1.68
1.78
1.89
1.95
2.00
2.08
2.11
2.01
2.08
2.16
2.01
2.12
2.06
1.94
1.91
1.66
1.63
1.68
1.96
2.94
4.26
4.98
6.42
8.26
9.16
9.78
10.72
10.21
8.02
6.94
6.30
4.85
3.22
2.23
1.91
1.75
1.09
0.83
0.70
0.56
0.46
0.45
0.45
0.45
0.45
0.44
0.43
0.43
0.44
0.46
115.50
105.80
101.20
118.10
130.30
142.40
198.70
215.30
202.80
217.00
237.30
238.80
234.80
238.80
278.80
302.30
308.10
359.90
403.70
429.10
450.10
420.60
400.10
413.70
410.30
462.10
423.10
409.60
415.00
443.90
467.30
490.90
492.30
510.20
515.30
516.60
529.60
524.60
540.50
536.70
534.90
533.30
539.10
541.20
537.50
532.20
525.10
520.40
478.50
458.90
442.90
426.80
423.70
400.90
386.50
370.20
350.80
324.90
289.10
253.60
224.30
198.40
182.70
169.70
153.10
137.00
122.40
108.90
100.40
92.90
77.17
67.46
58.07
53.49
44.66
34.49
30.73
28.51
28.58
27.06
24.55
23.04
22.37
17.69
15.31
10.76
8.34
7.14
5.88
4.90
4.03
3.67
3.44
2.98
2.43
2.07
1.77
1.47
1.40
1.34
1.27
1.20
1.18
1.19
1.21
1.24
1.25
1.28
1.30
1.31
1.33
1.42
1.41
1.36
1.37
1.36
1.30
1.28
1.29
1.31
1.30
1.30
1.32
1.38
1.52
1.65
1.71
1.85
1.96
2.01
2.27
2.47
2.58
3.00
3.06
3.26
3.01
2.97
3.00
2.97
2.71
2.72
2.47
2.50
2.31
2.01
1.96
1.67
1.69
1.94
2.81
3.80
4.70
6.04
7.24
8.33
8.38
9.51
10.11
8.85
6.78
5.09
4.20
3.42
2.81
1.96
1.65
1.13
0.83
0.70
0.56
0.45
0.45
0.45
0.45
0.44
0.43
0.44
0.44
0.45
0.45
111.30
96.77
103.40
116.80
130.70
140.70
150.70
178.30
192.80
173.80
207.40
243.90
234.60
257.00
267.70
266.60
292.70
303.20
305.60
298.70
302.70
287.20
309.00
325.30
332.80
331.80
329.60
350.30
353.00
364.00
397.90
425.00
448.20
457.40
468.70
475.20
481.40
494.70
495.60
507.00
512.60
517.40
521.70
532.80
538.60
536.80
548.80
551.30
556.20
561.70
575.40
582.00
592.80
610.90
622.20
625.10
630.80
645.30
654.60
654.30
630.30
616.90
609.40
578.70
535.40
532.00
499.70
454.20
409.90
352.30
315.10
287.70
255.50
209.20
167.90
139.20
95.60
66.56
37.70
31.07
30.90
29.96
26.34
23.47
21.83
17.67
14.40
11.08
8.87
6.09
4.84
4.12
3.94
3.36
2.80
2.31
2.00
1.73
1.61
1.53
1.45
1.39
1.35
1.36
1.34
1.35
1.35
1.36
1.48
1.57
1.62
1.48
1.49
1.65
1.65
1.58
1.57
1.52
1.38
1.36
1.36
1.39
1.48
1.69
1.90
2.02
2.12
2.23
2.41
2.54
2.56
2.83
3.17
3.22
3.29
3.28
3.25
3.25
3.03
2.79
2.80
2.74
2.52
2.46
2.21
2.00
1.81
1.67
1.75
2.17
2.96
3.56
4.29
5.25
5.95
6.85
6.96
7.56
7.72
6.32
5.92
4.55
3.23
2.44
2.02
1.90
1.35
1.02
0.78
0.66
0.53
0.45
0.44
0.44
0.44
0.43
0.42
0.42
0.42
0.43
0.43
114.90
92.27
97.07
121.90
142.70
157.70
182.00
189.00
171.70
188.80
184.40
206.30
212.20
212.30
233.50
241.50
232.00
248.80
251.20
257.40
269.90
259.80
241.40
250.40
236.60
258.00
255.70
264.70
272.40
302.80
329.50
349.10
377.70
382.80
392.80
399.70
416.20
430.50
438.60
457.10
447.30
444.30
452.00
458.20
477.00
476.10
472.90
480.80
483.30
492.50
508.50
516.20
530.40
541.40
537.20
546.00
566.70
579.70
597.60
617.10
601.30
587.60
584.30
603.10
614.00
604.70
560.00
521.50
498.30
481.90
458.00
378.40
330.10
314.00
284.10
211.20
148.10
85.17
49.02
34.01
30.44
29.78
28.33
23.62
20.75
18.08
13.39
10.64
7.90
5.91
4.36
3.64
3.33
3.04
2.77
2.50
2.27
2.01
1.82
1.70
1.57
1.47
1.43
1.43
1.41
1.40
1.40
1.40
1.40
1.40
1.43
1.42
1.44
1.41
1.40
1.41
1.45
1.44
1.44
1.44
1.47
1.51
1.62
1.81
1.97
2.06
2.11
2.35
2.43
2.67
2.88
3.20
3.76
3.93
4.09
4.14
4.06
4.02
3.95
3.61
3.51
3.08
2.76
2.55
2.44
2.03
2.26
1.69
1.68
1.91
2.24
2.66
3.46
4.22
4.64
5.03
5.98
6.45
6.11
5.37
4.24
3.79
2.79
2.35
2.01
1.41
1.14
0.92
0.72
0.59
0.49
0.43
0.43
0.43
0.43
0.42
0.42
0.42
0.43
0.43
0.43
111.20
91.53
82.88
104.50
133.90
144.30
150.90
157.80
158.00
162.60
167.60
177.60
176.80
171.70
185.70
190.40
191.40
192.70
176.30
178.30
187.30
211.90
214.60
186.80
188.00
195.00
215.00
222.10
229.80
239.90
240.10
263.20
278.80
288.90
294.50
293.80
296.40
308.40
309.00
317.40
320.50
325.10
338.10
330.00
329.90
331.40
326.80
327.60
330.50
335.30
334.50
341.00
342.70
348.80
351.40
354.50
363.90
369.70
375.70
384.90
381.70
376.40
380.30
365.00
349.00
340.40
339.20
340.00
290.40
249.90
237.50
234.10
200.40
151.40
121.40
112.00
79.34
50.03
38.55
32.52
28.80
26.66
28.40
25.64
18.42
15.07
13.21
9.62
6.49
4.42
3.23
2.60
2.47
2.31
2.12
1.93
1.84
1.75
1.69
1.63
1.54
1.48
1.44
1.41
1.41
1.41
1.41
1.41
1.44
1.46
1.47
1.50
1.52
1.50
1.46
1.47
1.46
1.46
1.45
1.45
1.47
1.65
1.65
1.94
2.03
2.72
2.47
2.61
3.17
3.30
3.41
3.81
4.19
4.37
4.43
4.51
4.22
4.12
3.98
3.74
3.70
3.19
3.04
2.98
2.32
2.29
1.75
1.51
1.57
1.63
1.61
1.91
2.30
2.62
2.88
3.35
3.65
4.30
4.48
3.66
3.39
3.07
2.77
2.16
1.56
1.19
1.03
0.78
0.63
0.52
0.44
0.39
0.38
0.38
0.38
0.38
0.38
0.38
0.38
0.38
0.38
114.90
85.84
95.35
115.30
113.50
124.30
130.30
125.90
119.70
123.10
119.80
140.40
133.20
134.90
146.10
127.70
126.80
132.40
136.00
139.40
135.00
129.90
115.50
115.50
115.80
122.50
113.10
126.90
118.90
131.10
132.20
138.50
146.80
146.80
155.50
153.30
158.40
170.20
168.50
166.40
170.50
164.30
162.80
164.20
166.70
161.90
148.70
141.40
147.70
147.50
151.00
145.40
143.70
143.70
141.60
138.50
134.40
131.20
131.80
133.90
128.10
124.60
121.80
122.90
124.20
120.10
114.50
117.20
113.80
121.50
120.60
101.10
93.76
90.79
88.11
76.88
65.72
57.04
46.12
35.61
30.82
27.52
25.52
23.51
23.23
19.88
17.28
12.96
9.65
6.53
4.36
3.39
3.20
2.97
2.75
2.48
2.22
2.06
1.94
1.87
1.79
1.71
1.66
1.64
1.62
1.61
1.59
1.60
1.60
1.60
1.61
1.61
1.64
1.64
1.63
1.62
1.64
1.65
1.66
1.65
1.77
1.92
2.20
2.32
2.55
2.81
2.56
2.55
2.72
2.68
3.25
3.67
4.82
5.32
5.22
5.90
5.21
4.64
4.90
4.77
4.19
3.71
3.13
2.77
2.36
2.12
2.30
2.07
1.68
1.70
1.74
1.95
2.63
2.61
2.67
2.91
2.95
3.22
3.52
3.37
2.93
2.33
1.89
1.55
1.48
1.23
0.99
0.83
0.70
0.61
0.54
0.50
0.50
0.50
0.49
0.48
0.46
0.44
0.44
0.43
0.43
111.30
91.12
88.37
92.02
98.98
94.51
88.93
105.10
91.52
87.55
97.99
97.69
90.67
96.66
89.74
95.11
93.55
97.58
98.12
94.02
89.06
84.81
88.32
91.72
86.60
79.85
78.99
83.54
86.52
92.20
94.56
94.81
98.03
96.82
95.78
96.84
97.43
98.58
90.00
88.86
82.36
82.44
81.41
79.21
80.00
75.17
72.06
67.70
64.88
63.99
62.22
61.43
65.15
66.77
67.59
63.55
60.80
61.73
62.64
63.33
63.03
63.17
61.54
59.84
58.82
57.97
57.08
55.66
54.80
52.95
51.79
51.90
52.00
51.40
50.02
46.47
47.82
44.62
39.13
36.12
35.66
38.84
35.72
30.66
26.23
23.29
18.61
13.10
11.33
8.16
5.29
4.32
3.89
3.57
3.19
2.74
2.33
2.06
1.92
1.87
1.81
1.73
1.66
1.61
1.59
1.58
1.58
1.62
1.60
1.65
1.63
1.64
1.64
1.63
1.63
1.65
1.65
1.63
1.62
1.63
1.70
2.04
2.32
2.80
3.11
3.61
3.33
3.38
3.67
3.91
4.35
4.86
5.05
5.06
5.69
5.95
6.13
5.22
4.84
4.42
3.77
3.73
3.55
3.78
3.15
2.59
2.21
1.82
1.73
1.69
1.70
1.76
1.99
1.99
2.15
2.43
2.34
2.61
2.73
2.51
2.40
2.14
1.80
1.45
1.22
1.16
1.00
0.82
0.69
0.62
0.57
0.53
0.53
0.52
0.51
0.49
0.46
0.44
0.44
0.44
0.44
115.50
82.56
89.84
88.95
87.01
91.67
96.39
92.28
77.34
80.40
77.68
76.00
68.33
66.03
72.94
69.83
71.74
73.89
73.88
74.21
74.74
70.15
69.84
70.86
73.31
73.12
70.86
68.50
67.33
67.34
71.12
80.28
75.33
78.75
75.62
70.82
69.85
76.55
82.48
80.57
84.91
81.94
78.55
80.24
83.15
69.72
67.31
67.78
70.46
82.82
77.95
82.41
85.05
85.67
87.30
83.10
81.44
82.45
81.97
80.39
82.01
79.60
78.68
77.46
75.44
75.82
76.00
78.50
80.54
82.94
88.14
81.47
76.17
74.18
71.84
67.28
64.53
60.49
53.64
44.53
41.50
35.63
30.67
28.70
27.83
22.18
14.51
11.12
8.82
5.53
3.57
3.14
3.04
2.84
2.54
2.28
2.03
1.84
1.82
1.83
1.80
1.71
1.66
1.64
1.64
1.63
1.63
1.63
1.64
1.65
1.68
1.69
1.78
1.71
1.83
1.87
1.85
1.83
1.81
1.80
1.81
2.04
2.30
2.84
3.53
3.59
3.29
3.54
3.83
3.96
4.50
5.34
5.79
8.36
8.03
8.41
8.20
8.75
8.19
7.87
6.59
5.26
4.56
4.01
3.40
2.91
2.94
2.02
1.58
1.52
1.52
1.57
1.59
1.80
1.86
2.08
2.21
2.30
2.32
2.30
1.94
1.73
1.55
1.37
1.20
1.04
0.92
0.79
0.72
0.66
0.60
0.58
0.57
0.57
0.56
0.55
0.51
0.48
0.47
0.46
0.46
109.20
87.68
74.83
78.82
87.97
87.49
91.08
85.12
77.17
65.35
70.02
66.94
60.92
60.69
64.91
62.88
65.23
58.63
58.37
53.85
59.73
56.15
55.62
51.48
52.15
51.04
51.49
53.51
53.94
56.42
55.18
52.68
51.16
51.22
53.26
54.56
56.69
60.27
60.49
61.66
62.23
62.01
62.69
64.70
66.27
63.02
63.16
61.49
59.99
56.90
55.82
56.27
58.52
59.78
56.83
58.58
57.04
54.95
56.65
56.59
55.51
55.05
52.59
52.00
50.79
49.76
49.59
48.36
46.94
46.80
45.17
44.42
43.57
42.68
39.83
38.63
35.13
33.15
29.39
29.96
25.95
25.25
22.15
21.71
18.65
14.85
11.55
9.65
7.26
5.21
3.72
3.36
3.26
3.04
2.65
2.33
1.90
1.63
1.57
1.51
1.44
1.38
1.31
1.28
1.28
1.29
1.30
1.33
1.35
1.38
1.41
1.44
1.45
1.49
1.50
1.51
1.53
1.59
1.64
1.65
1.68
1.84
2.25
2.58
2.74
2.77
3.09
2.97
3.01
3.82
4.38
4.45
4.96
5.24
5.63
5.94
6.00
5.83
6.13
5.49
5.57
4.93
4.47
4.19
3.57
2.92
2.25
1.64
1.47
1.41
1.40
1.47
1.51
1.54
1.66
1.74
1.86
1.81
1.81
1.80
1.67
1.47
1.36
1.14
1.00
0.92
0.88
0.75
0.68
0.62
0.58
0.55
0.55
0.55
0.54
0.53
0.50
0.47
0.47
0.47
0.47
112.20
80.25
78.93
77.92
83.26
97.40
92.06
83.53
75.66
76.15
69.56
72.93
69.51
65.95
59.68
55.22
57.76
59.49
54.90
52.67
50.20
46.84
45.42
44.11
41.59
40.42
40.07
39.14
40.82
41.52
40.31
43.39
46.32
47.47
48.90
51.22
53.82
54.86
60.93
68.45
74.55
75.04
80.22
80.30
82.82
69.46
63.66
57.91
64.77
71.74
66.83
72.12
67.68
67.97
69.63
64.71
65.22
64.43
60.86
61.71
58.86
57.78
56.20
55.55
54.16
55.55
56.28
55.71
56.29
56.69
57.79
59.73
51.34
42.75
39.36
34.45
31.61
28.44
26.94
26.68
27.08
21.67
19.32
19.29
16.15
11.83
8.82
7.22
5.63
4.69
4.04
3.80
3.47
2.92
2.47
1.97
1.61
1.46
1.39
1.34
1.28
1.24
1.20
1.16
1.15
1.15
1.15
1.16
1.17
1.18
1.22
1.24
1.35
1.36
1.36
1.38
1.37
1.36
1.36
1.37
1.38
1.44
1.59
1.67
1.79
1.99
2.28
2.34
2.67
3.08
3.51
4.14
4.88
5.37
8.10
7.22
6.77
6.82
6.20
5.75
4.92
4.56
4.17
3.70
3.43
2.91
2.61
1.81
1.30
1.22
1.21
1.22
1.28
1.34
1.38
1.45
1.52
1.54
1.54
1.56
1.51
1.39
1.25
1.10
1.00
0.88
0.79
0.70
0.64
0.60
0.56
0.55
0.55
0.54
0.54
0.54
0.52
0.49
0.49
0.49
0.48
110.60
90.68
64.01
69.63
88.99
84.41
77.53
84.25
81.30
70.50
69.59
69.64
66.44
70.01
61.01
57.37
52.61
55.73
55.98
48.20
46.34
42.91
44.71
44.12
41.69
39.90
43.78
47.57
47.13
37.13
39.86
56.89
60.18
54.58
55.85
55.68
60.12
62.15
67.51
69.90
70.37
69.29
76.17
75.02
75.09
69.17
66.84
63.87
62.31
70.52
65.51
61.22
62.10
59.00
59.54
61.22
59.25
59.21
59.54
57.83
56.44
54.81
53.23
53.66
53.73
54.37
57.07
57.95
60.02
60.00
57.74
50.98
41.51
37.73
33.52
29.42
28.01
29.39
22.22
20.73
19.19
17.18
17.33
14.52
13.07
9.70
7.97
6.86
5.95
5.03
4.56
4.11
3.79
3.17
2.55
1.93
1.50
1.33
1.25
1.21
1.15
1.10
1.05
1.00
0.99
1.00
1.01
1.03
1.06
1.11
1.14
1.21
1.22
1.23
1.21
1.21
1.18
1.18
1.18
1.18
1.18
1.21
1.33
1.46
1.71
2.25
2.77
3.27
3.22
4.09
4.49
4.49
4.87
5.67
5.98
5.90
5.87
6.13
5.79
5.41
4.94
4.60
4.05
3.91
3.22
2.59
1.84
1.21
1.10
1.10
1.11
1.13
1.13
1.15
1.21
1.31
1.39
1.50
1.53
1.54
1.47
1.47
1.31
1.18
1.00
0.91
0.77
0.67
0.62
0.58
0.54
0.54
0.54
0.54
0.54
0.53
0.51
0.49
0.49
0.49
0.48
112.20
80.25
78.93
77.92
83.26
97.40
92.06
83.53
75.66
76.15
69.56
72.93
69.51
65.95
59.68
55.22
57.76
59.49
54.90
52.67
50.20
46.84
45.42
44.11
41.59
40.42
40.07
39.14
40.82
41.52
40.31
43.39
46.32
47.47
48.90
51.22
53.82
54.86
60.93
68.45
74.55
75.04
80.22
80.30
82.82
69.46
63.66
57.91
64.77
71.74
66.83
72.12
67.68
67.97
69.63
64.71
65.22
64.43
60.86
61.71
58.86
57.78
56.20
55.55
54.16
55.55
56.28
55.71
56.29
56.69
57.79
59.73
51.34
42.75
39.36
34.45
31.61
28.44
26.94
26.68
27.08
21.67
19.32
19.29
16.15
11.83
8.82
7.22
5.63
4.69
4.04
3.80
3.47
2.92
2.47
1.97
1.61
1.46
1.39
1.34
1.28
1.24
1.20
1.16
1.15
1.15
1.15
1.16
1.17
1.18
1.22
1.24
1.35
1.36
1.36
1.38
1.37
1.36
1.36
1.37
1.38
1.44
1.59
1.67
1.79
1.99
2.28
2.34
2.67
3.08
3.51
4.14
4.88
5.37
8.10
7.22
6.77
6.82
6.20
5.75
4.92
4.56
4.17
3.70
3.43
2.91
2.61
1.81
1.30
1.22
1.21
1.22
1.28
1.34
1.38
1.45
1.52
1.54
1.54
1.56
1.51
1.39
1.25
1.10
1.00
0.88
0.79
0.70
0.64
0.60
0.56
0.55
0.55
0.54
0.54
0.54
0.52
0.49
0.49
0.49
0.48
109.20
87.68
74.83
78.82
87.97
87.49
91.08
85.12
77.17
65.35
70.02
66.94
60.92
60.69
64.91
62.88
65.23
58.63
58.37
53.85
59.73
56.15
55.62
51.48
52.15
51.04
51.49
53.51
53.94
56.42
55.18
52.68
51.16
51.22
53.26
54.56
56.69
60.27
60.49
61.66
62.23
62.01
62.69
64.70
66.27
63.02
63.16
61.49
59.99
56.90
55.82
56.27
58.52
59.78
56.83
58.58
57.04
54.95
56.65
56.59
55.51
55.05
52.59
52.00
50.79
49.76
49.59
48.36
46.94
46.80
45.17
44.42
43.57
42.68
39.83
38.63
35.13
33.15
29.39
29.96
25.95
25.25
22.15
21.71
18.65
14.85
11.55
9.65
7.26
5.21
3.72
3.36
3.26
3.04
2.65
2.33
1.90
1.63
1.57
1.51
1.44
1.38
1.31
1.28
1.28
1.29
1.30
1.33
1.35
1.38
1.41
1.44
1.45
1.49
1.50
1.51
1.53
1.59
1.64
1.65
1.68
1.84
2.25
2.58
2.74
2.77
3.09
2.97
3.01
3.82
4.38
4.45
4.96
5.24
5.63
5.94
6.00
5.83
6.13
5.49
5.57
4.93
4.47
4.19
3.57
2.92
2.25
1.64
1.47
1.41
1.40
1.47
1.51
1.54
1.66
1.74
1.86
1.81
1.81
1.80
1.67
1.47
1.36
1.14
1.00
0.92
0.88
0.75
0.68
0.62
0.58
0.55
0.55
0.55
0.54
0.53
0.50
0.47
0.47
0.47
0.47
115.50
82.56
89.84
88.95
87.01
91.67
96.39
92.28
77.34
80.40
77.68
76.00
68.33
66.03
72.94
69.83
71.74
73.89
73.88
74.21
74.74
70.15
69.84
70.86
73.31
73.12
70.86
68.50
67.33
67.34
71.12
80.28
75.33
78.75
75.62
70.82
69.85
76.55
82.48
80.57
84.91
81.94
78.55
80.24
83.15
69.72
67.31
67.78
70.46
82.82
77.95
82.41
85.05
85.67
87.30
83.10
81.44
82.45
81.97
80.39
82.01
79.60
78.68
77.46
75.44
75.82
76.00
78.50
80.54
82.94
88.14
81.47
76.17
74.18
71.84
67.28
64.53
60.49
53.64
44.53
41.50
35.63
30.67
28.70
27.83
22.18
14.51
11.12
8.82
5.53
3.57
3.14
3.04
2.84
2.54
2.28
2.03
1.84
1.82
1.83
1.80
1.71
1.66
1.64
1.64
1.63
1.63
1.63
1.64
1.65
1.68
1.69
1.78
1.71
1.83
1.87
1.85
1.83
1.81
1.80
1.81
2.04
2.30
2.84
3.53
3.59
3.29
3.54
3.83
3.96
4.50
5.34
5.79
8.36
8.03
8.41
8.20
8.75
8.19
7.87
6.59
5.26
4.56
4.01
3.40
2.91
2.94
2.02
1.58
1.52
1.52
1.57
1.59
1.80
1.86
2.08
2.21
2.30
2.32
2.30
1.94
1.73
1.55
1.37
1.20
1.04
0.92
0.79
0.72
0.66
0.60
0.58
0.57
0.57
0.56
0.55
0.51
0.48
0.47
0.46
0.46
111.30
91.12
88.37
92.02
98.98
94.51
88.93
105.10
91.52
87.55
97.99
97.69
90.67
96.66
89.74
95.11
93.55
97.58
98.12
94.02
89.06
84.81
88.32
91.72
86.60
79.85
78.99
83.54
86.52
92.20
94.56
94.81
98.03
96.82
95.78
96.84
97.43
98.58
90.00
88.86
82.36
82.44
81.41
79.21
80.00
75.17
72.06
67.70
64.88
63.99
62.22
61.43
65.15
66.77
67.59
63.55
60.80
61.73
62.64
63.33
63.03
63.17
61.54
59.84
58.82
57.97
57.08
55.66
54.80
52.95
51.79
51.90
52.00
51.40
50.02
46.47
47.82
44.62
39.13
36.12
35.66
38.84
35.72
30.66
26.23
23.29
18.61
13.10
11.33
8.16
5.29
4.32
3.89
3.57
3.19
2.74
2.33
2.06
1.92
1.87
1.81
1.73
1.66
1.61
1.59
1.58
1.58
1.62
1.60
1.65
1.63
1.64
1.64
1.63
1.63
1.65
1.65
1.63
1.62
1.63
1.70
2.04
2.32
2.80
3.11
3.61
3.33
3.38
3.67
3.91
4.35
4.86
5.05
5.06
5.69
5.95
6.13
5.22
4.84
4.42
3.77
3.73
3.55
3.78
3.15
2.59
2.21
1.82
1.73
1.69
1.70
1.76
1.99
1.99
2.15
2.43
2.34
2.61
2.73
2.51
2.40
2.14
1.80
1.45
1.22
1.16
1.00
0.82
0.69
0.62
0.57
0.53
0.53
0.52
0.51
0.49
0.46
0.44
0.44
0.44
0.44
114.90
85.84
95.35
115.30
113.50
124.30
130.30
125.90
119.70
123.10
119.80
140.40
133.20
134.90
146.10
127.70
126.80
132.40
136.00
139.40
135.00
129.90
115.50
115.50
115.80
122.50
113.10
126.90
118.90
131.10
132.20
138.50
146.80
146.80
155.50
153.30
158.40
170.20
168.50
166.40
170.50
164.30
162.80
164.20
166.70
161.90
148.70
141.40
147.70
147.50
151.00
145.40
143.70
143.70
141.60
138.50
134.40
131.20
131.80
133.90
128.10
124.60
121.80
122.90
124.20
120.10
114.50
117.20
113.80
121.50
120.60
101.10
93.76
90.79
88.11
76.88
65.72
57.04
46.12
35.61
30.82
27.52
25.52
23.51
23.23
19.88
17.28
12.96
9.65
6.53
4.36
3.39
3.20
2.97
2.75
2.48
2.22
2.06
1.94
1.87
1.79
1.71
1.66
1.64
1.62
1.61
1.59
1.60
1.60
1.60
1.61
1.61
1.64
1.64
1.63
1.62
1.64
1.65
1.66
1.65
1.77
1.92
2.20
2.32
2.55
2.81
2.56
2.55
2.72
2.68
3.25
3.67
4.82
5.32
5.22
5.90
5.21
4.64
4.90
4.77
4.19
3.71
3.13
2.77
2.36
2.12
2.30
2.07
1.68
1.70
1.74
1.95
2.63
2.61
2.67
2.91
2.95
3.22
3.52
3.37
2.93
2.33
1.89
1.55
1.48
1.23
0.99
0.83
0.70
0.61
0.54
0.50
0.50
0.50
0.49
0.48
0.46
0.44
0.44
0.43
0.43
