SALVI
1
0
24
15.0
181
1.0
241201
SNAP 5050 F351 PMMA A

SNAP 5050 F351 PMMA A.ldt
10 December 2024/TB
320
0
90
220
0
0
0
0
0
99.82
100.00
1.00
0.00
1
1
5050
4332.60
3000
70
40.10
0.22
0.31
0.41
0.49
0.55
0.65
0.70
0.75
0.81
0.85
0.00
15.00
30.00
45.00
60.00
75.00
90.00
105.00
120.00
135.00
150.00
165.00
180.00
195.00
210.00
225.00
240.00
255.00
270.00
285.00
300.00
315.00
330.00
345.00
0.00
1.00
2.00
3.00
4.00
5.00
6.00
7.00
8.00
9.00
10.00
11.00
12.00
13.00
14.00
15.00
16.00
17.00
18.00
19.00
20.00
21.00
22.00
23.00
24.00
25.00
26.00
27.00
28.00
29.00
30.00
31.00
32.00
33.00
34.00
35.00
36.00
37.00
38.00
39.00
40.00
41.00
42.00
43.00
44.00
45.00
46.00
47.00
48.00
49.00
50.00
51.00
52.00
53.00
54.00
55.00
56.00
57.00
58.00
59.00
60.00
61.00
62.00
63.00
64.00
65.00
66.00
67.00
68.00
69.00
70.00
71.00
72.00
73.00
74.00
75.00
76.00
77.00
78.00
79.00
80.00
81.00
82.00
83.00
84.00
85.00
86.00
87.00
88.00
89.00
90.00
91.00
92.00
93.00
94.00
95.00
96.00
97.00
98.00
99.00
100.00
101.00
102.00
103.00
104.00
105.00
106.00
107.00
108.00
109.00
110.00
111.00
112.00
113.00
114.00
115.00
116.00
117.00
118.00
119.00
120.00
121.00
122.00
123.00
124.00
125.00
126.00
127.00
128.00
129.00
130.00
131.00
132.00
133.00
134.00
135.00
136.00
137.00
138.00
139.00
140.00
141.00
142.00
143.00
144.00
145.00
146.00
147.00
148.00
149.00
150.00
151.00
152.00
153.00
154.00
155.00
156.00
157.00
158.00
159.00
160.00
161.00
162.00
163.00
164.00
165.00
166.00
167.00
168.00
169.00
170.00
171.00
172.00
173.00
174.00
175.00
176.00
177.00
178.00
179.00
180.00
216.40
216.30
216.40
216.50
216.80
217.10
217.50
217.90
218.50
219.20
219.90
220.50
221.20
221.80
222.40
223.00
223.50
224.10
224.40
224.70
225.10
225.40
225.60
226.00
226.20
226.40
226.60
226.80
226.80
226.70
226.40
226.20
225.90
225.60
225.30
224.90
224.30
223.60
223.00
222.50
222.00
221.30
220.80
220.40
220.10
219.80
219.60
219.50
219.60
219.70
219.70
220.00
220.30
220.40
220.30
220.20
220.10
219.80
218.90
217.90
216.50
214.60
212.30
209.90
206.40
201.30
195.30
187.00
177.90
167.90
157.40
146.70
136.60
126.20
113.70
100.40
87.24
74.49
64.19
51.12
40.43
30.47
22.45
14.65
9.15
6.24
3.93
2.93
2.23
1.68
1.24
0.85
0.51
0.28
0.16
0.12
0.13
0.13
0.14
0.14
0.15
0.15
0.16
0.16
0.17
0.17
0.18
0.18
0.19
0.20
0.20
0.20
0.21
0.21
0.21
0.22
0.22
0.22
0.23
0.24
0.24
0.24
0.25
0.25
0.25
0.26
0.26
0.27
0.27
0.28
0.28
0.29
0.29
0.30
0.30
0.31
0.31
0.32
0.32
0.32
0.33
0.33
0.33
0.33
0.34
0.34
0.34
0.34
0.35
0.35
0.35
0.35
0.35
0.35
0.35
0.35
0.35
0.35
0.35
0.35
0.35
0.35
0.35
0.35
0.35
0.35
0.35
0.36
0.36
0.36
0.36
0.36
0.36
0.36
0.36
0.36
0.36
0.36
0.36
0.36
0.36
216.00
217.40
218.80
220.50
222.20
223.90
225.60
227.20
228.80
230.50
232.40
234.30
236.20
238.20
240.30
242.40
244.40
246.30
247.90
249.60
251.30
252.90
254.60
256.20
257.90
259.60
261.40
263.10
264.90
266.60
268.10
269.50
270.90
272.40
274.00
275.70
277.40
278.90
280.20
281.40
283.20
285.30
287.30
289.40
291.80
294.60
297.50
300.20
303.70
306.90
310.20
313.10
316.10
318.60
320.80
322.70
324.40
325.80
326.40
326.40
325.60
323.50
319.30
313.10
304.40
292.50
277.30
258.60
237.30
213.70
190.80
170.00
150.60
132.50
114.00
96.36
80.65
65.94
51.74
40.33
29.73
21.78
16.15
12.17
8.69
5.88
4.26
3.14
2.39
1.83
1.36
0.94
0.58
0.30
0.17
0.12
0.12
0.13
0.13
0.14
0.14
0.15
0.15
0.15
0.16
0.16
0.16
0.17
0.17
0.18
0.18
0.18
0.19
0.19
0.19
0.20
0.20
0.21
0.21
0.21
0.22
0.22
0.22
0.22
0.23
0.23
0.24
0.24
0.24
0.25
0.25
0.26
0.26
0.26
0.27
0.27
0.27
0.28
0.28
0.28
0.29
0.29
0.29
0.29
0.30
0.30
0.30
0.30
0.31
0.31
0.31
0.31
0.31
0.31
0.32
0.32
0.32
0.33
0.33
0.33
0.33
0.34
0.34
0.34
0.35
0.35
0.35
0.36
0.36
0.36
0.37
0.37
0.38
0.39
0.39
0.40
0.40
0.41
0.41
0.41
0.41
216.20
219.00
221.80
224.70
227.10
229.60
232.10
235.00
238.20
241.30
244.40
247.30
250.10
253.00
256.20
259.60
263.00
266.60
270.40
274.00
277.10
280.10
282.90
285.90
289.10
292.20
295.10
297.80
300.30
302.40
304.70
307.10
309.40
311.50
313.70
316.30
319.00
322.00
325.10
327.90
330.70
333.30
336.50
339.50
342.90
346.90
351.00
355.90
361.20
366.50
372.20
378.10
384.30
390.50
396.60
402.70
408.00
412.50
416.00
418.40
418.80
416.30
410.00
397.60
378.50
351.30
319.50
288.50
258.40
228.10
197.20
166.20
135.20
107.00
84.40
67.42
53.66
41.17
30.99
23.84
19.23
15.48
12.52
9.83
7.53
5.70
4.17
3.11
2.44
1.87
1.39
0.94
0.57
0.29
0.14
0.09
0.09
0.09
0.09
0.09
0.09
0.09
0.09
0.10
0.10
0.10
0.10
0.11
0.11
0.12
0.12
0.12
0.12
0.12
0.13
0.13
0.13
0.14
0.14
0.14
0.15
0.15
0.16
0.16
0.16
0.17
0.17
0.17
0.17
0.18
0.18
0.18
0.19
0.19
0.20
0.20
0.20
0.21
0.21
0.21
0.22
0.22
0.22
0.23
0.23
0.23
0.24
0.24
0.24
0.25
0.25
0.25
0.26
0.26
0.26
0.27
0.27
0.28
0.29
0.29
0.29
0.29
0.30
0.30
0.31
0.31
0.31
0.32
0.32
0.33
0.34
0.34
0.35
0.36
0.37
0.38
0.38
0.39
0.40
0.41
0.41
216.00
220.00
224.00
227.30
230.70
234.40
238.40
242.40
246.00
249.50
253.30
257.40
261.80
266.30
271.20
275.90
280.70
285.50
290.30
295.70
300.40
304.80
308.80
312.70
316.50
319.90
323.30
326.90
330.50
333.70
336.70
339.40
341.90
344.30
346.00
347.30
349.30
351.40
354.30
356.50
358.40
360.30
362.60
365.90
370.90
376.90
383.80
391.30
399.50
408.50
418.00
428.70
440.50
452.60
464.70
477.80
490.50
502.50
514.50
525.30
534.30
539.90
542.40
541.50
536.70
526.80
512.10
491.20
459.00
409.80
341.70
267.50
201.90
162.40
129.10
95.94
72.94
56.02
37.46
27.75
21.41
16.76
13.43
10.74
8.58
6.67
4.85
3.60
2.84
2.14
1.53
1.05
0.62
0.29
0.12
0.08
0.08
0.08
0.08
0.08
0.09
0.09
0.09
0.09
0.09
0.10
0.10
0.10
0.10
0.10
0.11
0.11
0.11
0.11
0.12
0.12
0.12
0.13
0.13
0.13
0.14
0.14
0.14
0.14
0.15
0.15
0.15
0.16
0.16
0.16
0.17
0.17
0.18
0.18
0.19
0.19
0.19
0.20
0.20
0.20
0.21
0.21
0.22
0.22
0.22
0.23
0.23
0.24
0.24
0.24
0.25
0.25
0.25
0.26
0.26
0.27
0.27
0.27
0.28
0.28
0.29
0.30
0.30
0.31
0.31
0.32
0.32
0.33
0.33
0.34
0.35
0.36
0.37
0.38
0.39
0.39
0.41
0.41
0.42
0.43
0.43
216.40
221.30
225.80
229.80
234.30
238.90
243.60
247.70
252.00
256.90
262.30
267.70
273.30
278.70
284.30
290.30
296.20
301.80
307.20
312.40
317.70
322.90
328.00
332.50
336.90
340.90
344.70
348.70
352.30
355.60
358.40
360.60
363.20
366.10
368.70
370.30
372.00
374.30
377.50
382.70
388.50
395.20
401.60
407.80
414.30
420.50
427.20
434.60
442.30
449.70
457.50
465.00
471.70
477.30
481.70
484.80
487.80
493.60
502.70
514.20
526.10
535.70
538.30
527.70
504.30
469.00
424.20
375.10
325.90
278.70
228.60
179.40
137.30
105.10
81.61
64.72
52.05
41.91
32.40
24.86
19.69
15.91
12.91
10.46
8.29
6.34
4.48
3.28
2.59
1.94
1.41
0.94
0.52
0.22
0.09
0.08
0.07
0.07
0.07
0.07
0.07
0.07
0.07
0.07
0.07
0.07
0.07
0.07
0.08
0.08
0.08
0.08
0.08
0.09
0.09
0.09
0.09
0.09
0.09
0.10
0.10
0.10
0.10
0.11
0.11
0.12
0.12
0.12
0.12
0.12
0.13
0.13
0.14
0.14
0.14
0.15
0.16
0.16
0.16
0.16
0.16
0.17
0.17
0.18
0.19
0.19
0.19
0.20
0.20
0.20
0.21
0.21
0.22
0.23
0.23
0.23
0.24
0.24
0.25
0.26
0.26
0.27
0.27
0.27
0.28
0.29
0.30
0.30
0.31
0.32
0.33
0.34
0.35
0.36
0.37
0.37
0.39
0.40
0.41
0.42
0.42
216.00
221.50
226.30
230.70
235.90
241.10
245.70
250.30
255.80
261.70
267.70
274.00
280.00
286.20
292.90
299.30
305.80
311.90
318.00
324.20
330.30
336.00
341.70
347.00
352.00
357.20
362.80
368.10
372.50
377.00
381.90
386.40
390.40
393.10
395.70
399.40
404.90
412.70
420.80
429.10
436.90
444.30
451.90
460.10
467.80
474.90
481.80
488.60
492.30
492.90
490.40
485.20
480.60
479.80
482.20
483.30
478.60
459.10
418.10
361.70
307.90
258.60
211.70
175.20
149.40
127.90
109.60
94.86
81.84
69.91
60.29
52.15
45.87
39.86
34.46
29.85
25.93
22.78
20.21
18.07
15.92
13.59
11.44
9.64
8.06
6.27
4.16
2.96
2.29
1.70
1.24
0.83
0.45
0.18
0.07
0.07
0.07
0.07
0.08
0.08
0.08
0.08
0.08
0.08
0.09
0.09
0.09
0.09
0.09
0.09
0.09
0.10
0.10
0.10
0.10
0.10
0.11
0.11
0.11
0.11
0.11
0.11
0.12
0.12
0.12
0.12
0.13
0.13
0.13
0.14
0.14
0.14
0.15
0.15
0.15
0.15
0.16
0.16
0.17
0.17
0.17
0.18
0.18
0.19
0.19
0.20
0.20
0.20
0.21
0.21
0.22
0.22
0.23
0.23
0.24
0.24
0.25
0.25
0.26
0.26
0.27
0.27
0.28
0.29
0.30
0.30
0.31
0.32
0.32
0.33
0.34
0.35
0.36
0.37
0.38
0.39
0.41
0.42
0.43
0.43
0.43
216.50
222.10
227.10
231.90
237.00
242.40
247.10
251.90
257.60
263.70
270.10
276.40
283.00
289.50
296.50
303.00
309.30
315.80
322.20
328.80
334.80
341.20
346.80
352.80
358.50
364.30
370.40
375.60
380.10
385.20
390.50
395.60
399.30
402.40
407.00
413.00
421.80
431.60
440.80
449.50
457.90
466.70
476.00
484.00
492.30
500.10
506.70
509.20
508.10
503.80
496.70
493.10
496.20
499.70
495.40
478.30
434.20
370.20
316.40
263.20
217.50
185.20
158.00
138.20
123.80
108.10
94.73
82.79
71.39
62.92
55.01
48.75
43.24
37.79
32.75
28.62
24.94
21.46
18.73
16.59
14.72
12.65
10.91
9.03
7.39
5.70
4.00
2.96
2.29
1.69
1.20
0.76
0.39
0.14
0.07
0.07
0.07
0.07
0.07
0.07
0.07
0.07
0.07
0.07
0.07
0.07
0.07
0.07
0.07
0.07
0.07
0.08
0.08
0.08
0.08
0.08
0.09
0.09
0.09
0.10
0.10
0.10
0.10
0.10
0.10
0.10
0.10
0.11
0.11
0.11
0.12
0.12
0.12
0.13
0.13
0.13
0.14
0.14
0.14
0.15
0.15
0.15
0.16
0.17
0.17
0.17
0.17
0.18
0.19
0.19
0.20
0.20
0.21
0.21
0.21
0.22
0.22
0.23
0.24
0.25
0.25
0.25
0.26
0.27
0.27
0.28
0.29
0.30
0.30
0.32
0.32
0.33
0.35
0.35
0.36
0.37
0.39
0.39
0.40
0.42
0.43
216.00
221.50
226.30
230.70
235.90
241.10
245.70
250.30
255.80
261.70
267.70
274.00
280.00
286.20
292.90
299.30
305.80
311.90
318.00
324.20
330.30
336.00
341.70
347.00
352.00
357.20
362.80
368.10
372.50
377.00
381.90
386.40
390.40
393.10
395.70
399.40
404.90
412.70
420.80
429.10
436.90
444.30
451.90
460.10
467.80
474.90
481.80
488.60
492.30
492.90
490.40
485.20
480.60
479.80
482.20
483.30
478.60
459.10
418.10
361.70
307.90
258.60
211.70
175.20
149.40
127.90
109.60
94.86
81.84
69.91
60.29
52.15
45.87
39.86
34.46
29.85
25.93
22.78
20.21
18.07
15.92
13.59
11.44
9.64
8.06
6.27
4.16
2.96
2.29
1.70
1.24
0.83
0.45
0.18
0.07
0.07
0.07
0.07
0.08
0.08
0.08
0.08
0.08
0.08
0.09
0.09
0.09
0.09
0.09
0.09
0.09
0.10
0.10
0.10
0.10
0.10
0.11
0.11
0.11
0.11
0.11
0.11
0.12
0.12
0.12
0.12
0.13
0.13
0.13
0.14
0.14
0.14
0.15
0.15
0.15
0.15
0.16
0.16
0.17
0.17
0.17
0.18
0.18
0.19
0.19
0.20
0.20
0.20
0.21
0.21
0.22
0.22
0.23
0.23
0.24
0.24
0.25
0.25
0.26
0.26
0.27
0.27
0.28
0.29
0.30
0.30
0.31
0.32
0.32
0.33
0.34
0.35
0.36
0.37
0.38
0.39
0.41
0.42
0.43
0.43
0.43
216.40
221.30
225.80
229.80
234.30
238.90
243.60
247.70
252.00
256.90
262.30
267.70
273.30
278.70
284.30
290.30
296.20
301.80
307.20
312.40
317.70
322.90
328.00
332.50
336.90
340.90
344.70
348.70
352.30
355.60
358.40
360.60
363.20
366.10
368.70
370.30
372.00
374.30
377.50
382.70
388.50
395.20
401.60
407.80
414.30
420.50
427.20
434.60
442.30
449.70
457.50
465.00
471.70
477.30
481.70
484.80
487.80
493.60
502.70
514.20
526.10
535.70
538.30
527.70
504.30
469.00
424.20
375.10
325.90
278.70
228.60
179.40
137.30
105.10
81.61
64.72
52.05
41.91
32.40
24.86
19.69
15.91
12.91
10.46
8.29
6.34
4.48
3.28
2.59
1.94
1.41
0.94
0.52
0.22
0.09
0.08
0.07
0.07
0.07
0.07
0.07
0.07
0.07
0.07
0.07
0.07
0.07
0.07
0.08
0.08
0.08
0.08
0.08
0.09
0.09
0.09
0.09
0.09
0.09
0.10
0.10
0.10
0.10
0.11
0.11
0.12
0.12
0.12
0.12
0.12
0.13
0.13
0.14
0.14
0.14
0.15
0.16
0.16
0.16
0.16
0.16
0.17
0.17
0.18
0.19
0.19
0.19
0.20
0.20
0.20
0.21
0.21
0.22
0.23
0.23
0.23
0.24
0.24
0.25
0.26
0.26
0.27
0.27
0.27
0.28
0.29
0.30
0.30
0.31
0.32
0.33
0.34
0.35
0.36
0.37
0.37
0.39
0.40
0.41
0.42
0.42
216.00
220.00
224.00
227.30
230.70
234.40
238.40
242.40
246.00
249.50
253.30
257.40
261.80
266.30
271.20
275.90
280.70
285.50
290.30
295.70
300.40
304.80
308.80
312.70
316.50
319.90
323.30
326.90
330.50
333.70
336.70
339.40
341.90
344.30
346.00
347.30
349.30
351.40
354.30
356.50
358.40
360.30
362.60
365.90
370.90
376.90
383.80
391.30
399.50
408.50
418.00
428.70
440.50
452.60
464.70
477.80
490.50
502.50
514.50
525.30
534.30
539.90
542.40
541.50
536.70
526.80
512.10
491.20
459.00
409.80
341.70
267.50
201.90
162.40
129.10
95.94
72.94
56.02
37.46
27.75
21.41
16.76
13.43
10.74
8.58
6.67
4.85
3.60
2.84
2.14
1.53
1.05
0.62
0.29
0.12
0.08
0.08
0.08
0.08
0.08
0.09
0.09
0.09
0.09
0.09
0.10
0.10
0.10
0.10
0.10
0.11
0.11
0.11
0.11
0.12
0.12
0.12
0.13
0.13
0.13
0.14
0.14
0.14
0.14
0.15
0.15
0.15
0.16
0.16
0.16
0.17
0.17
0.18
0.18
0.19
0.19
0.19
0.20
0.20
0.20
0.21
0.21
0.22
0.22
0.22
0.23
0.23
0.24
0.24
0.24
0.25
0.25
0.25
0.26
0.26
0.27
0.27
0.27
0.28
0.28
0.29
0.30
0.30
0.31
0.31
0.32
0.32
0.33
0.33
0.34
0.35
0.36
0.37
0.38
0.39
0.39
0.41
0.41
0.42
0.43
0.43
216.20
219.00
221.80
224.70
227.10
229.60
232.10
235.00
238.20
241.30
244.40
247.30
250.10
253.00
256.20
259.60
263.00
266.60
270.40
274.00
277.10
280.10
282.90
285.90
289.10
292.20
295.10
297.80
300.30
302.40
304.70
307.10
309.40
311.50
313.70
316.30
319.00
322.00
325.10
327.90
330.70
333.30
336.50
339.50
342.90
346.90
351.00
355.90
361.20
366.50
372.20
378.10
384.30
390.50
396.60
402.70
408.00
412.50
416.00
418.40
418.80
416.30
410.00
397.60
378.50
351.30
319.50
288.50
258.40
228.10
197.20
166.20
135.20
107.00
84.40
67.42
53.66
41.17
30.99
23.84
19.23
15.48
12.52
9.83
7.53
5.70
4.17
3.11
2.44
1.87
1.39
0.94
0.57
0.29
0.14
0.09
0.09
0.09
0.09
0.09
0.09
0.09
0.09
0.10
0.10
0.10
0.10
0.11
0.11
0.12
0.12
0.12
0.12
0.12
0.13
0.13
0.13
0.14
0.14
0.14
0.15
0.15
0.16
0.16
0.16
0.17
0.17
0.17
0.17
0.18
0.18
0.18
0.19
0.19
0.20
0.20
0.20
0.21
0.21
0.21
0.22
0.22
0.22
0.23
0.23
0.23
0.24
0.24
0.24
0.25
0.25
0.25
0.26
0.26
0.26
0.27
0.27
0.28
0.29
0.29
0.29
0.29
0.30
0.30
0.31
0.31
0.31
0.32
0.32
0.33
0.34
0.34
0.35
0.36
0.37
0.38
0.38
0.39
0.40
0.41
0.41
216.00
217.40
218.80
220.50
222.20
223.90
225.60
227.20
228.80
230.50
232.40
234.30
236.20
238.20
240.30
242.40
244.40
246.30
247.90
249.60
251.30
252.90
254.60
256.20
257.90
259.60
261.40
263.10
264.90
266.60
268.10
269.50
270.90
272.40
274.00
275.70
277.40
278.90
280.20
281.40
283.20
285.30
287.30
289.40
291.80
294.60
297.50
300.20
303.70
306.90
310.20
313.10
316.10
318.60
320.80
322.70
324.40
325.80
326.40
326.40
325.60
323.50
319.30
313.10
304.40
292.50
277.30
258.60
237.30
213.70
190.80
170.00
150.60
132.50
114.00
96.36
80.65
65.94
51.74
40.33
29.73
21.78
16.15
12.17
8.69
5.88
4.26
3.14
2.39
1.83
1.36
0.94
0.58
0.30
0.17
0.12
0.12
0.13
0.13
0.14
0.14
0.15
0.15
0.15
0.16
0.16
0.16
0.17
0.17
0.18
0.18
0.18
0.19
0.19
0.19
0.20
0.20
0.21
0.21
0.21
0.22
0.22
0.22
0.22
0.23
0.23
0.24
0.24
0.24
0.25
0.25
0.26
0.26
0.26
0.27
0.27
0.27
0.28
0.28
0.28
0.29
0.29
0.29
0.29
0.30
0.30
0.30
0.30
0.31
0.31
0.31
0.31
0.31
0.31
0.32
0.32
0.32
0.33
0.33
0.33
0.33
0.34
0.34
0.34
0.35
0.35
0.35
0.36
0.36
0.36
0.37
0.37
0.38
0.39
0.39
0.40
0.40
0.41
0.41
0.41
0.41
216.40
216.30
216.40
216.50
216.80
217.10
217.50
217.90
218.50
219.20
219.90
220.50
221.20
221.80
222.40
223.00
223.50
224.10
224.40
224.70
225.10
225.40
225.60
226.00
226.20
226.40
226.60
226.80
226.80
226.70
226.40
226.20
225.90
225.60
225.30
224.90
224.30
223.60
223.00
222.50
222.00
221.30
220.80
220.40
220.10
219.80
219.60
219.50
219.60
219.70
219.70
220.00
220.30
220.40
220.30
220.20
220.10
219.80
218.90
217.90
216.50
214.60
212.30
209.90
206.40
201.30
195.30
187.00
177.90
167.90
157.40
146.70
136.60
126.20
113.70
100.40
87.24
74.49
64.19
51.12
40.43
30.47
22.45
14.65
9.15
6.24
3.93
2.93
2.23
1.68
1.24
0.85
0.51
0.28
0.16
0.12
0.13
0.13
0.14
0.14
0.15
0.15
0.16
0.16
0.17
0.17
0.18
0.18
0.19
0.20
0.20
0.20
0.21
0.21
0.21
0.22
0.22
0.22
0.23
0.24
0.24
0.24
0.25
0.25
0.25
0.26
0.26
0.27
0.27
0.28
0.28
0.29
0.29
0.30
0.30
0.31
0.31
0.32
0.32
0.32
0.33
0.33
0.33
0.33
0.34
0.34
0.34
0.34
0.35
0.35
0.35
0.35
0.35
0.35
0.35
0.35
0.35
0.35
0.35
0.35
0.35
0.35
0.35
0.35
0.35
0.35
0.35
0.36
0.36
0.36
0.36
0.36
0.36
0.36
0.36
0.36
0.36
0.36
0.36
0.36
0.36
216.00
214.60
213.10
212.00
210.80
209.70
208.50
207.60
206.60
205.80
205.00
204.00
203.20
202.10
201.20
200.00
199.00
197.80
196.60
195.30
194.00
192.70
191.30
190.00
188.50
187.00
185.60
184.10
182.40
180.60
178.70
176.90
174.80
172.70
170.50
168.40
166.20
163.80
161.50
159.20
156.80
154.20
151.70
149.40
147.10
144.70
142.70
140.80
139.10
137.20
135.30
133.60
131.90
130.30
128.80
127.40
125.90
124.60
122.90
121.20
119.30
117.90
116.60
115.40
113.90
111.50
107.60
103.40
99.11
96.22
92.17
85.15
77.70
71.47
65.68
59.89
53.89
47.93
43.99
38.36
33.20
25.95
19.18
12.97
8.86
5.42
3.43
2.48
1.85
1.39
1.03
0.72
0.44
0.26
0.18
0.16
0.16
0.16
0.17
0.18
0.19
0.20
0.20
0.20
0.21
0.22
0.23
0.23
0.24
0.24
0.25
0.26
0.27
0.27
0.27
0.28
0.28
0.28
0.28
0.29
0.29
0.30
0.30
0.30
0.30
0.31
0.31
0.32
0.32
0.32
0.33
0.33
0.34
0.35
0.36
0.36
0.37
0.37
0.38
0.39
0.39
0.39
0.39
0.40
0.40
0.41
0.41
0.41
0.41
0.42
0.42
0.42
0.42
0.42
0.42
0.42
0.42
0.42
0.42
0.42
0.42
0.42
0.41
0.41
0.41
0.41
0.41
0.41
0.41
0.41
0.41
0.40
0.40
0.40
0.40
0.40
0.40
0.41
0.41
0.41
0.41
216.20
213.60
210.90
208.20
205.70
203.00
200.60
198.00
195.60
193.00
190.50
188.10
185.50
182.90
180.30
177.50
174.80
172.20
169.40
166.50
163.70
161.00
158.00
155.10
152.30
149.30
146.20
143.10
139.80
136.30
132.80
128.90
125.20
121.40
117.40
113.40
109.40
105.50
101.60
97.53
93.71
90.01
86.73
83.52
80.73
78.33
76.35
74.64
73.47
72.55
71.83
71.36
71.07
71.12
71.40
71.68
71.85
71.68
70.94
69.94
68.58
66.86
64.72
62.54
60.13
57.63
55.58
53.83
51.16
48.31
45.90
42.54
40.01
37.43
34.91
31.77
29.30
26.39
23.77
22.17
19.21
17.66
13.78
10.65
8.45
5.78
4.04
2.36
1.54
1.17
0.88
0.64
0.41
0.26
0.20
0.21
0.21
0.22
0.23
0.24
0.25
0.25
0.26
0.27
0.28
0.29
0.30
0.31
0.32
0.32
0.33
0.34
0.34
0.35
0.35
0.36
0.36
0.36
0.37
0.37
0.37
0.37
0.37
0.38
0.38
0.38
0.39
0.39
0.40
0.40
0.41
0.42
0.42
0.43
0.45
0.45
0.46
0.47
0.47
0.48
0.48
0.48
0.49
0.49
0.49
0.49
0.49
0.48
0.48
0.48
0.48
0.48
0.47
0.47
0.47
0.47
0.46
0.46
0.45
0.45
0.45
0.44
0.44
0.44
0.43
0.43
0.43
0.42
0.42
0.42
0.42
0.42
0.42
0.42
0.42
0.42
0.42
0.42
0.42
0.42
0.42
216.00
212.20
208.40
204.40
200.70
197.00
193.00
189.10
185.20
181.20
177.20
173.20
169.30
165.40
161.50
157.50
153.60
149.80
146.00
142.10
138.10
133.90
129.50
125.30
121.00
116.70
112.60
108.40
104.40
100.60
97.13
94.25
91.89
90.11
88.68
87.28
85.72
84.11
82.40
80.62
78.50
76.38
74.62
73.01
71.48
69.80
68.02
65.84
63.79
62.02
60.37
58.59
56.94
55.41
53.80
52.14
50.48
48.84
47.33
46.01
44.84
43.93
43.30
43.11
43.17
43.46
44.06
44.54
45.25
45.71
45.99
46.55
46.76
46.51
45.76
44.48
42.51
39.35
36.03
31.16
26.51
23.51
18.14
14.35
10.37
6.66
4.01
2.07
1.46
1.10
0.82
0.59
0.38
0.25
0.21
0.21
0.21
0.22
0.22
0.23
0.24
0.25
0.26
0.27
0.28
0.29
0.31
0.31
0.33
0.33
0.33
0.34
0.34
0.35
0.36
0.36
0.37
0.37
0.37
0.37
0.38
0.38
0.38
0.38
0.38
0.39
0.39
0.40
0.40
0.41
0.42
0.42
0.43
0.44
0.45
0.46
0.47
0.48
0.48
0.49
0.49
0.50
0.51
0.51
0.51
0.52
0.52
0.52
0.53
0.52
0.53
0.53
0.53
0.53
0.53
0.53
0.52
0.52
0.51
0.51
0.50
0.50
0.49
0.48
0.48
0.48
0.47
0.47
0.46
0.46
0.45
0.45
0.44
0.44
0.44
0.43
0.43
0.43
0.43
0.43
0.43
216.40
211.80
207.00
202.00
197.30
192.50
187.40
182.30
177.20
172.30
167.30
162.40
157.50
152.70
148.00
143.30
138.70
134.00
129.10
124.20
119.50
114.80
110.20
106.10
102.50
99.37
97.13
95.85
94.80
93.22
91.63
89.75
87.57
85.62
84.18
83.20
82.03
80.86
79.48
77.86
75.99
74.00
71.96
69.94
67.81
65.89
64.06
62.35
60.69
59.07
57.44
55.82
54.43
53.39
52.75
52.43
52.50
52.62
53.02
53.53
53.96
54.48
55.09
55.70
56.22
56.44
56.19
55.58
54.15
52.62
49.63
46.13
41.87
37.93
33.92
29.86
26.50
23.50
20.09
17.35
15.22
13.20
11.56
10.07
7.72
5.73
3.41
1.75
1.30
1.00
0.74
0.52
0.35
0.23
0.20
0.21
0.21
0.23
0.24
0.25
0.25
0.27
0.27
0.29
0.30
0.31
0.32
0.33
0.34
0.35
0.35
0.36
0.37
0.38
0.38
0.39
0.39
0.40
0.40
0.41
0.41
0.41
0.41
0.42
0.42
0.43
0.43
0.43
0.44
0.44
0.45
0.46
0.46
0.47
0.48
0.49
0.50
0.50
0.51
0.52
0.52
0.53
0.54
0.54
0.54
0.54
0.54
0.54
0.54
0.54
0.54
0.54
0.54
0.54
0.54
0.53
0.53
0.52
0.52
0.51
0.51
0.51
0.50
0.49
0.48
0.48
0.47
0.47
0.47
0.46
0.45
0.45
0.44
0.44
0.44
0.44
0.44
0.43
0.43
0.43
0.43
216.00
210.80
205.50
200.10
194.60
189.10
183.20
177.50
171.90
166.20
160.60
155.00
149.70
144.40
139.00
133.70
128.40
123.00
117.70
112.80
108.00
103.90
100.50
98.12
96.86
95.70
94.19
92.41
90.37
88.30
86.94
86.63
86.21
85.79
85.44
84.94
84.11
83.14
82.00
80.76
79.38
77.87
76.33
74.32
72.48
70.68
68.80
66.80
64.98
63.10
61.42
59.96
58.70
57.95
57.64
57.54
57.91
58.97
61.14
63.61
66.63
68.50
69.77
68.89
67.39
64.70
61.09
56.38
51.82
46.83
42.35
37.74
33.29
29.63
26.15
23.04
20.66
18.74
16.98
15.37
13.90
12.40
10.94
9.64
7.46
5.58
2.84
1.59
1.18
0.89
0.66
0.47
0.32
0.21
0.18
0.17
0.18
0.18
0.19
0.20
0.22
0.23
0.23
0.25
0.26
0.27
0.28
0.29
0.30
0.31
0.32
0.33
0.34
0.35
0.35
0.36
0.37
0.37
0.38
0.39
0.39
0.40
0.41
0.41
0.41
0.42
0.42
0.42
0.43
0.43
0.43
0.44
0.44
0.44
0.45
0.46
0.47
0.47
0.48
0.48
0.50
0.50
0.50
0.51
0.52
0.52
0.53
0.53
0.54
0.54
0.54
0.54
0.54
0.54
0.54
0.54
0.54
0.54
0.54
0.54
0.54
0.53
0.53
0.52
0.52
0.51
0.50
0.50
0.49
0.48
0.48
0.47
0.47
0.46
0.46
0.46
0.45
0.45
0.45
0.44
0.44
216.50
211.20
205.60
199.90
194.30
188.40
182.50
176.40
170.60
164.60
158.80
153.10
147.60
142.00
136.50
131.00
125.50
120.00
114.80
109.90
105.30
101.30
98.45
97.14
95.89
94.41
92.94
90.85
88.83
87.59
87.33
87.37
87.32
87.31
87.43
87.38
86.98
86.41
85.83
84.86
83.86
82.32
80.71
79.05
77.16
75.01
72.69
70.36
67.77
65.38
62.91
60.62
58.68
57.17
56.29
56.86
58.89
62.40
66.23
69.28
71.83
72.30
71.67
70.85
67.53
62.87
58.33
53.20
48.23
42.90
37.95
33.51
29.63
26.05
23.66
22.13
19.64
17.87
15.92
14.57
13.90
11.78
9.97
8.46
7.06
5.62
2.95
1.50
1.13
0.85
0.64
0.45
0.29
0.17
0.16
0.16
0.18
0.18
0.20
0.21
0.22
0.23
0.24
0.25
0.26
0.27
0.28
0.29
0.30
0.31
0.32
0.33
0.34
0.35
0.36
0.37
0.38
0.39
0.40
0.40
0.41
0.41
0.42
0.42
0.43
0.43
0.43
0.44
0.44
0.44
0.44
0.45
0.45
0.46
0.46
0.47
0.47
0.48
0.48
0.49
0.50
0.51
0.51
0.52
0.53
0.53
0.54
0.54
0.54
0.54
0.54
0.54
0.54
0.54
0.54
0.54
0.54
0.54
0.53
0.53
0.52
0.51
0.51
0.50
0.50
0.50
0.49
0.48
0.47
0.47
0.46
0.45
0.44
0.44
0.44
0.44
0.44
0.44
0.44
0.44
0.44
216.00
210.80
205.50
200.10
194.60
189.10
183.20
177.50
171.90
166.20
160.60
155.00
149.70
144.40
139.00
133.70
128.40
123.00
117.70
112.80
108.00
103.90
100.50
98.12
96.86
95.70
94.19
92.41
90.37
88.30
86.94
86.63
86.21
85.79
85.44
84.94
84.11
83.14
82.00
80.76
79.38
77.87
76.33
74.32
72.48
70.68
68.80
66.80
64.98
63.10
61.42
59.96
58.70
57.95
57.64
57.54
57.91
58.97
61.14
63.61
66.63
68.50
69.77
68.89
67.39
64.70
61.09
56.38
51.82
46.83
42.35
37.74
33.29
29.63
26.15
23.04
20.66
18.74
16.98
15.37
13.90
12.40
10.94
9.64
7.46
5.58
2.84
1.59
1.18
0.89
0.66
0.47
0.32
0.21
0.18
0.17
0.18
0.18
0.19
0.20
0.22
0.23
0.23
0.25
0.26
0.27
0.28
0.29
0.30
0.31
0.32
0.33
0.34
0.35
0.35
0.36
0.37
0.37
0.38
0.39
0.39
0.40
0.41
0.41
0.41
0.42
0.42
0.42
0.43
0.43
0.43
0.44
0.44
0.44
0.45
0.46
0.47
0.47
0.48
0.48
0.50
0.50
0.50
0.51
0.52
0.52
0.53
0.53
0.54
0.54
0.54
0.54
0.54
0.54
0.54
0.54
0.54
0.54
0.54
0.54
0.54
0.53
0.53
0.52
0.52
0.51
0.50
0.50
0.49
0.48
0.48
0.47
0.47
0.46
0.46
0.46
0.45
0.45
0.45
0.44
0.44
216.40
211.80
207.00
202.00
197.30
192.50
187.40
182.30
177.20
172.30
167.30
162.40
157.50
152.70
148.00
143.30
138.70
134.00
129.10
124.20
119.50
114.80
110.20
106.10
102.50
99.37
97.13
95.85
94.80
93.22
91.63
89.75
87.57
85.62
84.18
83.20
82.03
80.86
79.48
77.86
75.99
74.00
71.96
69.94
67.81
65.89
64.06
62.35
60.69
59.07
57.44
55.82
54.43
53.39
52.75
52.43
52.50
52.62
53.02
53.53
53.96
54.48
55.09
55.70
56.22
56.44
56.19
55.58
54.15
52.62
49.63
46.13
41.87
37.93
33.92
29.86
26.50
23.50
20.09
17.35
15.22
13.20
11.56
10.07
7.72
5.73
3.41
1.75
1.30
1.00
0.74
0.52
0.35
0.23
0.20
0.21
0.21
0.23
0.24
0.25
0.25
0.27
0.27
0.29
0.30
0.31
0.32
0.33
0.34
0.35
0.35
0.36
0.37
0.38
0.38
0.39
0.39
0.40
0.40
0.41
0.41
0.41
0.41
0.42
0.42
0.43
0.43
0.43
0.44
0.44
0.45
0.46
0.46
0.47
0.48
0.49
0.50
0.50
0.51
0.52
0.52
0.53
0.54
0.54
0.54
0.54
0.54
0.54
0.54
0.54
0.54
0.54
0.54
0.54
0.54
0.53
0.53
0.52
0.52
0.51
0.51
0.51
0.50
0.49
0.48
0.48
0.47
0.47
0.47
0.46
0.45
0.45
0.44
0.44
0.44
0.44
0.44
0.43
0.43
0.43
0.43
216.00
212.20
208.40
204.40
200.70
197.00
193.00
189.10
185.20
181.20
177.20
173.20
169.30
165.40
161.50
157.50
153.60
149.80
146.00
142.10
138.10
133.90
129.50
125.30
121.00
116.70
112.60
108.40
104.40
100.60
97.13
94.25
91.89
90.11
88.68
87.28
85.72
84.11
82.40
80.62
78.50
76.38
74.62
73.01
71.48
69.80
68.02
65.84
63.79
62.02
60.37
58.59
56.94
55.41
53.80
52.14
50.48
48.84
47.33
46.01
44.84
43.93
43.30
43.11
43.17
43.46
44.06
44.54
45.25
45.71
45.99
46.55
46.76
46.51
45.76
44.48
42.51
39.35
36.03
31.16
26.51
23.51
18.14
14.35
10.37
6.66
4.01
2.07
1.46
1.10
0.82
0.59
0.38
0.25
0.21
0.21
0.21
0.22
0.22
0.23
0.24
0.25
0.26
0.27
0.28
0.29
0.31
0.31
0.33
0.33
0.33
0.34
0.34
0.35
0.36
0.36
0.37
0.37
0.37
0.37
0.38
0.38
0.38
0.38
0.38
0.39
0.39
0.40
0.40
0.41
0.42
0.42
0.43
0.44
0.45
0.46
0.47
0.48
0.48
0.49
0.49
0.50
0.51
0.51
0.51
0.52
0.52
0.52
0.53
0.52
0.53
0.53
0.53
0.53
0.53
0.53
0.52
0.52
0.51
0.51
0.50
0.50
0.49
0.48
0.48
0.48
0.47
0.47
0.46
0.46
0.45
0.45
0.44
0.44
0.44
0.43
0.43
0.43
0.43
0.43
0.43
216.20
213.60
210.90
208.20
205.70
203.00
200.60
198.00
195.60
193.00
190.50
188.10
185.50
182.90
180.30
177.50
174.80
172.20
169.40
166.50
163.70
161.00
158.00
155.10
152.30
149.30
146.20
143.10
139.80
136.30
132.80
128.90
125.20
121.40
117.40
113.40
109.40
105.50
101.60
97.53
93.71
90.01
86.73
83.52
80.73
78.33
76.35
74.64
73.47
72.55
71.83
71.36
71.07
71.12
71.40
71.68
71.85
71.68
70.94
69.94
68.58
66.86
64.72
62.54
60.13
57.63
55.58
53.83
51.16
48.31
45.90
42.54
40.01
37.43
34.91
31.77
29.30
26.39
23.77
22.17
19.21
17.66
13.78
10.65
8.45
5.78
4.04
2.36
1.54
1.17
0.88
0.64
0.41
0.26
0.20
0.21
0.21
0.22
0.23
0.24
0.25
0.25
0.26
0.27
0.28
0.29
0.30
0.31
0.32
0.32
0.33
0.34
0.34
0.35
0.35
0.36
0.36
0.36
0.37
0.37
0.37
0.37
0.37
0.38
0.38
0.38
0.39
0.39
0.40
0.40
0.41
0.42
0.42
0.43
0.45
0.45
0.46
0.47
0.47
0.48
0.48
0.48
0.49
0.49
0.49
0.49
0.49
0.48
0.48
0.48
0.48
0.48
0.47
0.47
0.47
0.47
0.46
0.46
0.45
0.45
0.45
0.44
0.44
0.44
0.43
0.43
0.43
0.42
0.42
0.42
0.42
0.42
0.42
0.42
0.42
0.42
0.42
0.42
0.42
0.42
0.42
216.00
214.60
213.10
212.00
210.80
209.70
208.50
207.60
206.60
205.80
205.00
204.00
203.20
202.10
201.20
200.00
199.00
197.80
196.60
195.30
194.00
192.70
191.30
190.00
188.50
187.00
185.60
184.10
182.40
180.60
178.70
176.90
174.80
172.70
170.50
168.40
166.20
163.80
161.50
159.20
156.80
154.20
151.70
149.40
147.10
144.70
142.70
140.80
139.10
137.20
135.30
133.60
131.90
130.30
128.80
127.40
125.90
124.60
122.90
121.20
119.30
117.90
116.60
115.40
113.90
111.50
107.60
103.40
99.11
96.22
92.17
85.15
77.70
71.47
65.68
59.89
53.89
47.93
43.99
38.36
33.20
25.95
19.18
12.97
8.86
5.42
3.43
2.48
1.85
1.39
1.03
0.72
0.44
0.26
0.18
0.16
0.16
0.16
0.17
0.18
0.19
0.20
0.20
0.20
0.21
0.22
0.23
0.23
0.24
0.24
0.25
0.26
0.27
0.27
0.27
0.28
0.28
0.28
0.28
0.29
0.29
0.30
0.30
0.30
0.30
0.31
0.31
0.32
0.32
0.32
0.33
0.33
0.34
0.35
0.36
0.36
0.37
0.37
0.38
0.39
0.39
0.39
0.39
0.40
0.40
0.41
0.41
0.41
0.41
0.42
0.42
0.42
0.42
0.42
0.42
0.42
0.42
0.42
0.42
0.42
0.42
0.42
0.41
0.41
0.41
0.41
0.41
0.41
0.41
0.41
0.41
0.40
0.40
0.40
0.40
0.40
0.40
0.41
0.41
0.41
0.41
