SALVI
1
0
24
15.0
181
1.0
241201
SNAP 5050 F4MD VDR S

SNAP 5050 F4MD VDR S.ldt
3 December 2024/TB
320
0
90
220
0
0
0
0
0
99.83
100.00
1.00
0.00
1
1
5050
5310.10
3000
70
40.70
0.18
0.27
0.38
0.46
0.53
0.63
0.69
0.74
0.81
0.84
0.00
15.00
30.00
45.00
60.00
75.00
90.00
105.00
120.00
135.00
150.00
165.00
180.00
195.00
210.00
225.00
240.00
255.00
270.00
285.00
300.00
315.00
330.00
345.00
0.00
1.00
2.00
3.00
4.00
5.00
6.00
7.00
8.00
9.00
10.00
11.00
12.00
13.00
14.00
15.00
16.00
17.00
18.00
19.00
20.00
21.00
22.00
23.00
24.00
25.00
26.00
27.00
28.00
29.00
30.00
31.00
32.00
33.00
34.00
35.00
36.00
37.00
38.00
39.00
40.00
41.00
42.00
43.00
44.00
45.00
46.00
47.00
48.00
49.00
50.00
51.00
52.00
53.00
54.00
55.00
56.00
57.00
58.00
59.00
60.00
61.00
62.00
63.00
64.00
65.00
66.00
67.00
68.00
69.00
70.00
71.00
72.00
73.00
74.00
75.00
76.00
77.00
78.00
79.00
80.00
81.00
82.00
83.00
84.00
85.00
86.00
87.00
88.00
89.00
90.00
91.00
92.00
93.00
94.00
95.00
96.00
97.00
98.00
99.00
100.00
101.00
102.00
103.00
104.00
105.00
106.00
107.00
108.00
109.00
110.00
111.00
112.00
113.00
114.00
115.00
116.00
117.00
118.00
119.00
120.00
121.00
122.00
123.00
124.00
125.00
126.00
127.00
128.00
129.00
130.00
131.00
132.00
133.00
134.00
135.00
136.00
137.00
138.00
139.00
140.00
141.00
142.00
143.00
144.00
145.00
146.00
147.00
148.00
149.00
150.00
151.00
152.00
153.00
154.00
155.00
156.00
157.00
158.00
159.00
160.00
161.00
162.00
163.00
164.00
165.00
166.00
167.00
168.00
169.00
170.00
171.00
172.00
173.00
174.00
175.00
176.00
177.00
178.00
179.00
180.00
136.30
136.30
136.60
137.00
137.70
138.80
140.10
141.80
143.70
145.80
148.10
150.70
153.60
156.60
160.00
163.80
167.90
172.50
177.90
183.40
189.00
194.60
200.20
205.60
211.20
216.70
222.20
227.50
232.70
237.80
243.10
248.40
253.40
258.40
263.00
267.30
271.70
275.80
279.70
283.50
286.90
290.40
293.40
296.60
299.50
301.80
304.10
306.10
307.90
309.20
310.00
310.40
310.00
309.00
307.60
305.70
302.90
299.20
295.10
290.10
284.00
276.80
268.90
259.50
248.40
235.40
220.50
202.40
180.80
158.00
135.40
114.10
94.32
77.09
63.31
52.03
41.42
32.66
24.65
17.75
12.68
8.79
6.23
4.16
2.48
1.56
0.87
0.51
0.28
0.14
0.11
0.11
0.11
0.11
0.12
0.12
0.13
0.14
0.14
0.15
0.16
0.17
0.17
0.18
0.19
0.20
0.21
0.21
0.22
0.23
0.23
0.24
0.24
0.25
0.25
0.26
0.26
0.27
0.27
0.27
0.28
0.28
0.28
0.29
0.29
0.29
0.29
0.30
0.30
0.31
0.31
0.31
0.31
0.31
0.32
0.32
0.32
0.33
0.33
0.33
0.33
0.33
0.33
0.33
0.33
0.33
0.33
0.33
0.33
0.33
0.33
0.33
0.33
0.33
0.33
0.33
0.33
0.33
0.33
0.33
0.32
0.32
0.32
0.32
0.32
0.32
0.32
0.31
0.32
0.31
0.31
0.31
0.31
0.31
0.31
0.31
0.31
0.31
0.31
0.31
0.31
136.10
136.50
137.10
137.90
139.00
140.50
142.30
144.20
146.50
149.10
152.00
155.30
159.10
162.80
166.90
171.00
175.50
180.20
185.50
190.80
196.50
202.40
208.30
214.10
220.00
226.00
231.80
237.60
243.10
248.70
254.10
259.60
265.00
270.50
275.80
280.70
285.60
290.60
295.20
299.80
304.30
308.60
312.80
316.80
320.80
324.40
327.70
330.90
334.30
337.50
340.20
342.40
343.80
345.10
346.10
347.20
348.40
349.00
349.10
348.80
347.60
344.00
338.00
330.00
320.60
308.30
292.90
275.20
254.90
230.90
205.60
178.40
150.80
124.50
98.21
74.95
57.24
43.49
31.60
22.03
14.05
8.38
5.47
3.65
2.46
1.50
0.81
0.47
0.24
0.12
0.10
0.10
0.10
0.11
0.11
0.11
0.12
0.12
0.13
0.14
0.14
0.14
0.15
0.16
0.16
0.17
0.17
0.18
0.18
0.19
0.19
0.20
0.21
0.21
0.21
0.22
0.22
0.23
0.23
0.23
0.23
0.24
0.24
0.24
0.24
0.25
0.25
0.25
0.25
0.25
0.26
0.26
0.26
0.26
0.26
0.27
0.27
0.27
0.27
0.27
0.27
0.28
0.28
0.28
0.28
0.28
0.28
0.28
0.28
0.29
0.29
0.29
0.29
0.29
0.29
0.29
0.29
0.29
0.29
0.30
0.30
0.30
0.30
0.30
0.30
0.31
0.31
0.31
0.31
0.31
0.32
0.32
0.33
0.33
0.33
0.34
0.35
0.35
0.35
0.36
0.36
136.10
136.70
137.60
138.70
140.30
142.20
144.60
147.20
150.10
153.30
156.80
160.60
164.80
169.10
173.60
178.30
183.00
187.70
192.60
197.70
202.90
207.90
212.90
217.80
222.80
227.90
232.70
237.70
242.60
248.00
253.40
259.20
264.70
270.30
276.10
281.80
287.70
293.60
299.80
306.60
315.00
324.80
336.50
350.50
366.50
383.00
399.80
415.60
429.60
440.40
449.90
460.00
473.80
491.20
510.90
528.60
541.50
546.90
549.10
549.30
545.60
540.20
535.50
527.90
517.20
502.10
480.70
453.00
417.90
377.60
334.10
286.50
237.70
189.10
146.00
107.80
75.23
53.31
31.53
21.24
13.80
9.39
6.29
4.39
2.89
1.82
0.93
0.45
0.20
0.10
0.09
0.08
0.08
0.07
0.07
0.07
0.07
0.07
0.07
0.08
0.08
0.08
0.09
0.09
0.09
0.10
0.10
0.11
0.11
0.12
0.12
0.12
0.12
0.13
0.14
0.14
0.14
0.15
0.15
0.15
0.16
0.16
0.16
0.16
0.17
0.17
0.18
0.18
0.19
0.19
0.19
0.19
0.19
0.20
0.20
0.20
0.21
0.21
0.21
0.21
0.21
0.22
0.23
0.23
0.23
0.23
0.23
0.23
0.24
0.24
0.24
0.24
0.24
0.24
0.24
0.24
0.24
0.24
0.24
0.25
0.25
0.25
0.25
0.26
0.26
0.26
0.27
0.27
0.27
0.28
0.28
0.29
0.30
0.30
0.32
0.32
0.33
0.34
0.34
0.35
0.36
136.10
136.90
138.00
139.50
141.60
144.10
146.70
149.60
152.80
156.40
160.00
164.00
168.20
172.60
177.20
181.80
186.50
191.10
195.60
199.90
204.20
208.30
212.70
217.40
222.30
227.30
232.50
238.00
243.50
248.90
254.30
259.80
266.50
275.30
287.10
300.80
316.20
333.20
350.90
368.90
386.30
401.40
413.90
426.20
439.80
456.50
476.60
496.70
514.90
528.00
536.70
542.40
547.10
550.80
556.50
562.20
567.60
571.30
573.30
573.40
572.30
569.10
562.90
552.80
538.10
520.80
501.60
480.90
453.90
416.30
363.60
295.70
230.20
169.80
121.00
72.45
51.01
34.70
24.12
17.62
11.67
8.20
6.01
4.70
3.35
1.96
0.96
0.44
0.17
0.06
0.05
0.05
0.05
0.06
0.06
0.06
0.06
0.06
0.06
0.06
0.06
0.07
0.07
0.07
0.07
0.08
0.08
0.08
0.08
0.09
0.09
0.09
0.10
0.10
0.10
0.10
0.11
0.11
0.11
0.12
0.12
0.13
0.13
0.13
0.13
0.14
0.14
0.15
0.15
0.15
0.16
0.16
0.16
0.17
0.17
0.17
0.18
0.18
0.18
0.19
0.19
0.19
0.19
0.20
0.20
0.20
0.20
0.21
0.21
0.21
0.21
0.22
0.22
0.22
0.22
0.23
0.23
0.23
0.23
0.24
0.24
0.25
0.25
0.25
0.26
0.26
0.27
0.27
0.28
0.28
0.29
0.30
0.31
0.31
0.32
0.33
0.34
0.35
0.36
0.37
0.37
136.20
137.20
138.50
140.40
143.00
145.70
148.60
151.90
155.30
158.90
162.60
166.60
170.90
175.30
180.00
184.60
189.20
193.90
198.60
203.20
207.90
213.00
218.20
223.70
229.40
234.60
239.20
243.90
249.40
257.50
268.90
282.50
297.10
313.80
332.00
349.90
366.50
380.50
392.60
404.50
418.80
436.00
455.40
473.90
489.10
500.20
509.30
518.30
526.80
535.50
544.60
553.00
560.00
564.60
566.90
566.30
562.70
555.90
547.50
538.10
529.20
521.70
515.00
506.60
492.50
468.10
428.30
369.80
302.00
230.40
157.60
105.90
75.56
58.32
43.28
33.15
25.68
18.82
13.55
10.65
7.72
5.81
4.15
2.80
1.86
1.17
0.65
0.32
0.14
0.07
0.07
0.06
0.05
0.05
0.05
0.05
0.05
0.05
0.05
0.05
0.05
0.05
0.05
0.05
0.05
0.05
0.05
0.05
0.05
0.05
0.05
0.05
0.06
0.06
0.06
0.06
0.06
0.07
0.07
0.07
0.07
0.08
0.08
0.09
0.09
0.09
0.10
0.10
0.10
0.10
0.11
0.11
0.12
0.12
0.12
0.13
0.13
0.13
0.14
0.14
0.14
0.15
0.15
0.15
0.16
0.16
0.16
0.17
0.17
0.17
0.18
0.18
0.18
0.19
0.19
0.19
0.19
0.20
0.20
0.21
0.21
0.21
0.22
0.22
0.23
0.23
0.24
0.25
0.25
0.26
0.26
0.27
0.28
0.29
0.30
0.31
0.33
0.34
0.34
0.35
0.37
136.10
137.20
138.60
140.80
143.60
146.40
149.60
153.00
156.60
160.30
164.20
168.50
173.10
177.90
182.70
187.70
192.80
197.80
203.00
208.10
213.80
220.10
226.40
232.10
237.00
241.70
247.50
255.80
267.40
280.30
294.80
311.50
328.10
343.70
357.90
369.40
380.10
391.80
406.90
424.30
441.90
456.60
467.90
477.30
486.00
494.40
503.80
513.10
522.00
530.40
537.30
542.30
545.20
546.00
543.90
539.10
531.60
523.10
514.50
508.30
503.60
498.50
487.50
463.20
418.80
353.20
282.00
215.80
148.80
114.60
80.54
63.77
50.01
38.53
31.46
26.09
18.70
14.53
11.75
9.18
7.01
5.25
3.91
2.81
1.90
1.17
0.65
0.32
0.12
0.06
0.05
0.05
0.05
0.05
0.05
0.05
0.05
0.06
0.06
0.06
0.06
0.06
0.06
0.06
0.06
0.06
0.06
0.06
0.06
0.07
0.07
0.07
0.07
0.07
0.07
0.07
0.07
0.08
0.08
0.08
0.08
0.09
0.09
0.09
0.09
0.10
0.10
0.10
0.11
0.11
0.11
0.11
0.12
0.12
0.13
0.13
0.13
0.14
0.14
0.14
0.15
0.15
0.16
0.16
0.17
0.17
0.17
0.18
0.18
0.18
0.19
0.19
0.20
0.20
0.20
0.20
0.21
0.21
0.21
0.22
0.22
0.23
0.23
0.23
0.24
0.24
0.25
0.26
0.26
0.27
0.28
0.29
0.29
0.30
0.31
0.33
0.34
0.35
0.36
0.36
0.37
136.30
137.30
138.80
141.10
144.20
146.90
150.30
153.80
157.30
161.10
165.20
169.70
174.40
179.30
184.10
189.30
194.30
199.60
205.00
210.80
217.40
224.20
230.90
236.20
241.10
247.10
255.60
267.10
279.90
293.90
310.00
326.70
342.10
356.20
368.10
378.10
389.80
404.50
421.30
437.70
451.30
462.10
471.50
480.10
488.10
497.30
506.50
515.30
523.20
530.00
535.50
539.00
539.90
537.80
531.10
521.80
510.10
500.10
494.00
493.20
494.50
493.80
479.80
442.60
382.50
316.30
258.70
202.50
146.30
114.90
92.31
71.93
58.77
45.68
45.38
43.20
33.08
24.20
18.33
14.24
10.90
8.27
6.20
4.23
2.85
1.65
0.79
0.33
0.12
0.07
0.07
0.06
0.05
0.05
0.05
0.05
0.05
0.05
0.05
0.05
0.05
0.05
0.05
0.05
0.05
0.05
0.05
0.05
0.05
0.05
0.05
0.06
0.06
0.06
0.06
0.06
0.06
0.06
0.06
0.06
0.06
0.06
0.07
0.07
0.07
0.07
0.08
0.08
0.08
0.09
0.09
0.09
0.09
0.10
0.10
0.11
0.11
0.11
0.11
0.12
0.12
0.13
0.14
0.15
0.15
0.15
0.15
0.17
0.17
0.17
0.17
0.17
0.17
0.17
0.18
0.18
0.19
0.19
0.20
0.21
0.21
0.21
0.21
0.22
0.23
0.23
0.24
0.24
0.24
0.24
0.25
0.26
0.27
0.29
0.29
0.30
0.32
0.33
0.34
0.35
0.36
136.10
137.20
138.60
140.80
143.60
146.40
149.60
153.00
156.60
160.30
164.20
168.50
173.10
177.90
182.70
187.70
192.80
197.80
203.00
208.10
213.80
220.10
226.40
232.10
237.00
241.70
247.50
255.80
267.40
280.30
294.80
311.50
328.10
343.70
357.90
369.40
380.10
391.80
406.90
424.30
441.90
456.60
467.90
477.30
486.00
494.40
503.80
513.10
522.00
530.40
537.30
542.30
545.20
546.00
543.90
539.10
531.60
523.10
514.50
508.30
503.60
498.50
487.50
463.20
418.80
353.20
282.00
215.80
148.80
114.60
80.54
63.77
50.01
38.53
31.46
26.09
18.70
14.53
11.75
9.18
7.01
5.25
3.91
2.81
1.90
1.17
0.65
0.32
0.12
0.06
0.05
0.05
0.05
0.05
0.05
0.05
0.05
0.06
0.06
0.06
0.06
0.06
0.06
0.06
0.06
0.06
0.06
0.06
0.06
0.07
0.07
0.07
0.07
0.07
0.07
0.07
0.07
0.08
0.08
0.08
0.08
0.09
0.09
0.09
0.09
0.10
0.10
0.10
0.11
0.11
0.11
0.11
0.12
0.12
0.13
0.13
0.13
0.14
0.14
0.14
0.15
0.15
0.16
0.16
0.17
0.17
0.17
0.18
0.18
0.18
0.19
0.19
0.20
0.20
0.20
0.20
0.21
0.21
0.21
0.22
0.22
0.23
0.23
0.23
0.24
0.24
0.25
0.26
0.26
0.27
0.28
0.29
0.29
0.30
0.31
0.33
0.34
0.35
0.36
0.36
0.37
136.20
137.20
138.50
140.40
143.00
145.70
148.60
151.90
155.30
158.90
162.60
166.60
170.90
175.30
180.00
184.60
189.20
193.90
198.60
203.20
207.90
213.00
218.20
223.70
229.40
234.60
239.20
243.90
249.40
257.50
268.90
282.50
297.10
313.80
332.00
349.90
366.50
380.50
392.60
404.50
418.80
436.00
455.40
473.90
489.10
500.20
509.30
518.30
526.80
535.50
544.60
553.00
560.00
564.60
566.90
566.30
562.70
555.90
547.50
538.10
529.20
521.70
515.00
506.60
492.50
468.10
428.30
369.80
302.00
230.40
157.60
105.90
75.56
58.32
43.28
33.15
25.68
18.82
13.55
10.65
7.72
5.81
4.15
2.80
1.86
1.17
0.65
0.32
0.14
0.07
0.07
0.06
0.05
0.05
0.05
0.05
0.05
0.05
0.05
0.05
0.05
0.05
0.05
0.05
0.05
0.05
0.05
0.05
0.05
0.05
0.05
0.05
0.06
0.06
0.06
0.06
0.06
0.07
0.07
0.07
0.07
0.08
0.08
0.09
0.09
0.09
0.10
0.10
0.10
0.10
0.11
0.11
0.12
0.12
0.12
0.13
0.13
0.13
0.14
0.14
0.14
0.15
0.15
0.15
0.16
0.16
0.16
0.17
0.17
0.17
0.18
0.18
0.18
0.19
0.19
0.19
0.19
0.20
0.20
0.21
0.21
0.21
0.22
0.22
0.23
0.23
0.24
0.25
0.25
0.26
0.26
0.27
0.28
0.29
0.30
0.31
0.33
0.34
0.34
0.35
0.37
136.10
136.90
138.00
139.50
141.60
144.10
146.70
149.60
152.80
156.40
160.00
164.00
168.20
172.60
177.20
181.80
186.50
191.10
195.60
199.90
204.20
208.30
212.70
217.40
222.30
227.30
232.50
238.00
243.50
248.90
254.30
259.80
266.50
275.30
287.10
300.80
316.20
333.20
350.90
368.90
386.30
401.40
413.90
426.20
439.80
456.50
476.60
496.70
514.90
528.00
536.70
542.40
547.10
550.80
556.50
562.20
567.60
571.30
573.30
573.40
572.30
569.10
562.90
552.80
538.10
520.80
501.60
480.90
453.90
416.30
363.60
295.70
230.20
169.80
121.00
72.45
51.01
34.70
24.12
17.62
11.67
8.20
6.01
4.70
3.35
1.96
0.96
0.44
0.17
0.06
0.05
0.05
0.05
0.06
0.06
0.06
0.06
0.06
0.06
0.06
0.06
0.07
0.07
0.07
0.07
0.08
0.08
0.08
0.08
0.09
0.09
0.09
0.10
0.10
0.10
0.10
0.11
0.11
0.11
0.12
0.12
0.13
0.13
0.13
0.13
0.14
0.14
0.15
0.15
0.15
0.16
0.16
0.16
0.17
0.17
0.17
0.18
0.18
0.18
0.19
0.19
0.19
0.19
0.20
0.20
0.20
0.20
0.21
0.21
0.21
0.21
0.22
0.22
0.22
0.22
0.23
0.23
0.23
0.23
0.24
0.24
0.25
0.25
0.25
0.26
0.26
0.27
0.27
0.28
0.28
0.29
0.30
0.31
0.31
0.32
0.33
0.34
0.35
0.36
0.37
0.37
136.10
136.70
137.60
138.70
140.30
142.20
144.60
147.20
150.10
153.30
156.80
160.60
164.80
169.10
173.60
178.30
183.00
187.70
192.60
197.70
202.90
207.90
212.90
217.80
222.80
227.90
232.70
237.70
242.60
248.00
253.40
259.20
264.70
270.30
276.10
281.80
287.70
293.60
299.80
306.60
315.00
324.80
336.50
350.50
366.50
383.00
399.80
415.60
429.60
440.40
449.90
460.00
473.80
491.20
510.90
528.60
541.50
546.90
549.10
549.30
545.60
540.20
535.50
527.90
517.20
502.10
480.70
453.00
417.90
377.60
334.10
286.50
237.70
189.10
146.00
107.80
75.23
53.31
31.53
21.24
13.80
9.39
6.29
4.39
2.89
1.82
0.93
0.45
0.20
0.10
0.09
0.08
0.08
0.07
0.07
0.07
0.07
0.07
0.07
0.08
0.08
0.08
0.09
0.09
0.09
0.10
0.10
0.11
0.11
0.12
0.12
0.12
0.12
0.13
0.14
0.14
0.14
0.15
0.15
0.15
0.16
0.16
0.16
0.16
0.17
0.17
0.18
0.18
0.19
0.19
0.19
0.19
0.19
0.20
0.20
0.20
0.21
0.21
0.21
0.21
0.21
0.22
0.23
0.23
0.23
0.23
0.23
0.23
0.24
0.24
0.24
0.24
0.24
0.24
0.24
0.24
0.24
0.24
0.24
0.25
0.25
0.25
0.25
0.26
0.26
0.26
0.27
0.27
0.27
0.28
0.28
0.29
0.30
0.30
0.32
0.32
0.33
0.34
0.34
0.35
0.36
136.10
136.50
137.10
137.90
139.00
140.50
142.30
144.20
146.50
149.10
152.00
155.30
159.10
162.80
166.90
171.00
175.50
180.20
185.50
190.80
196.50
202.40
208.30
214.10
220.00
226.00
231.80
237.60
243.10
248.70
254.10
259.60
265.00
270.50
275.80
280.70
285.60
290.60
295.20
299.80
304.30
308.60
312.80
316.80
320.80
324.40
327.70
330.90
334.30
337.50
340.20
342.40
343.80
345.10
346.10
347.20
348.40
349.00
349.10
348.80
347.60
344.00
338.00
330.00
320.60
308.30
292.90
275.20
254.90
230.90
205.60
178.40
150.80
124.50
98.21
74.95
57.24
43.49
31.60
22.03
14.05
8.38
5.47
3.65
2.46
1.50
0.81
0.47
0.24
0.12
0.10
0.10
0.10
0.11
0.11
0.11
0.12
0.12
0.13
0.14
0.14
0.14
0.15
0.16
0.16
0.17
0.17
0.18
0.18
0.19
0.19
0.20
0.21
0.21
0.21
0.22
0.22
0.23
0.23
0.23
0.23
0.24
0.24
0.24
0.24
0.25
0.25
0.25
0.25
0.25
0.26
0.26
0.26
0.26
0.26
0.27
0.27
0.27
0.27
0.27
0.27
0.28
0.28
0.28
0.28
0.28
0.28
0.28
0.28
0.29
0.29
0.29
0.29
0.29
0.29
0.29
0.29
0.29
0.29
0.30
0.30
0.30
0.30
0.30
0.30
0.31
0.31
0.31
0.31
0.31
0.32
0.32
0.33
0.33
0.33
0.34
0.35
0.35
0.35
0.36
0.36
136.30
136.30
136.60
137.00
137.70
138.80
140.10
141.80
143.70
145.80
148.10
150.70
153.60
156.60
160.00
163.80
167.90
172.50
177.90
183.40
189.00
194.60
200.20
205.60
211.20
216.70
222.20
227.50
232.70
237.80
243.10
248.40
253.40
258.40
263.00
267.30
271.70
275.80
279.70
283.50
286.90
290.40
293.40
296.60
299.50
301.80
304.10
306.10
307.90
309.20
310.00
310.40
310.00
309.00
307.60
305.70
302.90
299.20
295.10
290.10
284.00
276.80
268.90
259.50
248.40
235.40
220.50
202.40
180.80
158.00
135.40
114.10
94.32
77.09
63.31
52.03
41.42
32.66
24.65
17.75
12.68
8.79
6.23
4.16
2.48
1.56
0.87
0.51
0.28
0.14
0.11
0.11
0.11
0.11
0.12
0.12
0.13
0.14
0.14
0.15
0.16
0.17
0.17
0.18
0.19
0.20
0.21
0.21
0.22
0.23
0.23
0.24
0.24
0.25
0.25
0.26
0.26
0.27
0.27
0.27
0.28
0.28
0.28
0.29
0.29
0.29
0.29
0.30
0.30
0.31
0.31
0.31
0.31
0.31
0.32
0.32
0.32
0.33
0.33
0.33
0.33
0.33
0.33
0.33
0.33
0.33
0.33
0.33
0.33
0.33
0.33
0.33
0.33
0.33
0.33
0.33
0.33
0.33
0.33
0.33
0.32
0.32
0.32
0.32
0.32
0.32
0.32
0.31
0.32
0.31
0.31
0.31
0.31
0.31
0.31
0.31
0.31
0.31
0.31
0.31
0.31
136.10
136.00
136.00
136.20
136.60
137.20
138.00
139.10
140.50
142.20
144.10
146.40
148.80
151.40
154.20
157.20
160.40
163.80
167.60
171.40
175.20
179.10
182.80
186.80
190.80
195.00
199.40
203.90
208.50
212.80
217.10
221.30
225.50
229.20
232.90
236.10
239.10
241.80
244.20
246.20
247.40
248.00
247.80
246.60
244.30
240.70
235.40
228.70
220.50
211.50
201.60
191.60
182.00
173.10
165.00
156.70
147.80
138.20
128.20
118.30
109.00
100.80
93.55
86.98
80.86
74.95
68.11
60.02
52.40
44.92
38.51
33.51
29.69
26.15
22.58
18.74
15.40
12.70
10.33
8.22
6.18
4.80
3.77
2.93
2.17
1.51
1.00
0.62
0.36
0.21
0.17
0.16
0.16
0.17
0.17
0.18
0.19
0.20
0.20
0.21
0.22
0.23
0.24
0.25
0.26
0.26
0.27
0.28
0.29
0.29
0.30
0.31
0.32
0.32
0.32
0.33
0.33
0.34
0.34
0.34
0.34
0.34
0.34
0.35
0.35
0.35
0.35
0.35
0.36
0.36
0.37
0.37
0.38
0.38
0.39
0.40
0.40
0.41
0.41
0.42
0.42
0.42
0.42
0.43
0.43
0.43
0.43
0.43
0.43
0.43
0.43
0.43
0.43
0.43
0.43
0.43
0.43
0.42
0.42
0.42
0.41
0.41
0.40
0.40
0.39
0.39
0.39
0.38
0.38
0.37
0.37
0.36
0.36
0.36
0.36
0.35
0.35
0.35
0.35
0.35
0.36
136.10
135.80
135.60
135.80
135.90
136.30
136.90
137.60
138.40
139.20
140.20
141.20
142.20
143.30
144.40
145.60
146.80
148.10
149.50
151.00
152.70
154.70
156.70
158.80
161.10
163.50
165.80
167.40
168.10
167.90
166.30
163.40
159.20
153.60
147.20
140.30
133.70
127.80
122.80
118.20
112.40
106.60
97.83
87.04
75.05
63.17
52.88
44.64
37.78
32.47
29.63
28.51
27.91
27.36
26.83
26.29
25.78
25.25
24.73
24.24
23.80
23.45
23.13
22.80
22.55
22.36
22.22
22.08
21.85
21.39
20.63
19.72
18.67
17.63
16.59
15.55
14.41
13.22
12.11
10.78
9.36
7.99
6.70
5.47
4.22
3.07
2.03
1.16
0.60
0.29
0.20
0.20
0.21
0.21
0.22
0.23
0.24
0.25
0.26
0.27
0.28
0.29
0.30
0.31
0.33
0.34
0.34
0.35
0.36
0.37
0.38
0.38
0.39
0.40
0.40
0.40
0.40
0.41
0.41
0.41
0.41
0.41
0.41
0.41
0.41
0.42
0.42
0.42
0.43
0.43
0.44
0.44
0.45
0.46
0.47
0.48
0.48
0.49
0.49
0.50
0.50
0.50
0.50
0.50
0.50
0.50
0.50
0.50
0.50
0.50
0.50
0.49
0.49
0.48
0.48
0.47
0.46
0.46
0.45
0.45
0.44
0.43
0.43
0.42
0.41
0.41
0.40
0.40
0.39
0.38
0.38
0.37
0.37
0.37
0.37
0.37
0.36
0.37
0.37
0.37
0.37
136.10
135.60
135.50
135.60
135.80
136.10
136.60
137.00
137.70
138.30
138.90
139.50
140.10
140.60
140.90
141.50
142.00
142.50
143.10
143.70
143.90
143.10
140.80
137.30
132.40
125.90
118.20
109.90
101.70
94.59
88.92
84.18
79.17
72.88
65.10
56.99
48.87
42.58
38.16
35.21
33.80
33.23
32.75
32.27
31.80
31.34
30.89
30.41
29.91
29.46
29.02
28.61
28.22
27.84
27.46
27.06
26.71
26.41
26.11
25.74
25.30
24.79
24.26
23.78
23.36
22.98
22.66
22.36
22.06
21.63
20.94
19.99
18.65
17.01
15.55
14.24
13.05
11.86
10.53
9.22
7.86
6.64
5.44
4.26
3.22
2.35
1.60
1.02
0.60
0.33
0.22
0.21
0.21
0.21
0.22
0.23
0.24
0.25
0.26
0.27
0.29
0.30
0.31
0.32
0.33
0.34
0.35
0.37
0.37
0.38
0.39
0.40
0.41
0.41
0.41
0.42
0.42
0.43
0.43
0.43
0.43
0.43
0.43
0.44
0.44
0.44
0.44
0.44
0.44
0.44
0.44
0.45
0.45
0.47
0.48
0.49
0.49
0.50
0.50
0.51
0.51
0.52
0.52
0.53
0.53
0.53
0.54
0.54
0.54
0.54
0.54
0.54
0.54
0.54
0.53
0.53
0.52
0.51
0.50
0.49
0.49
0.48
0.47
0.46
0.45
0.45
0.44
0.43
0.43
0.42
0.41
0.40
0.40
0.39
0.39
0.39
0.39
0.38
0.38
0.38
0.37
136.20
135.60
135.50
135.60
135.80
136.00
136.50
136.80
137.30
137.80
138.20
138.40
138.60
138.60
138.60
138.50
138.40
137.90
136.10
132.70
127.80
120.90
112.10
103.40
94.55
86.99
81.20
76.29
70.60
63.46
55.57
48.09
42.42
38.73
36.60
35.83
35.46
35.11
34.73
34.36
33.99
33.60
33.20
32.81
32.44
32.09
31.72
31.34
30.94
30.51
30.10
29.68
29.26
28.85
28.46
28.07
27.68
27.27
26.81
26.39
26.00
25.58
25.12
24.58
23.99
23.32
22.56
21.62
20.52
19.35
18.19
17.05
15.97
14.97
13.96
12.94
11.89
10.81
9.72
8.60
7.49
6.38
5.32
4.29
3.33
2.47
1.75
1.14
0.69
0.38
0.21
0.20
0.21
0.22
0.23
0.24
0.25
0.27
0.28
0.29
0.30
0.31
0.33
0.34
0.35
0.36
0.37
0.38
0.40
0.41
0.42
0.42
0.43
0.44
0.44
0.45
0.45
0.46
0.46
0.46
0.46
0.46
0.46
0.46
0.46
0.46
0.46
0.47
0.47
0.47
0.48
0.48
0.48
0.49
0.50
0.51
0.52
0.52
0.53
0.53
0.54
0.54
0.55
0.55
0.55
0.55
0.55
0.55
0.55
0.55
0.55
0.55
0.54
0.54
0.54
0.53
0.52
0.51
0.51
0.50
0.49
0.48
0.47
0.46
0.46
0.45
0.44
0.43
0.42
0.41
0.40
0.39
0.38
0.38
0.38
0.38
0.37
0.37
0.37
0.37
0.37
136.10
135.60
135.40
135.60
135.80
136.10
136.50
136.80
137.30
137.50
137.70
137.60
137.60
137.30
136.90
136.40
134.70
131.30
126.10
118.80
109.80
100.10
90.82
83.32
77.75
72.60
66.29
58.58
50.85
44.43
40.24
37.76
36.83
36.50
36.22
35.94
35.63
35.30
34.97
34.64
34.34
34.04
33.77
33.47
33.18
32.86
32.50
32.09
31.62
31.14
30.67
30.19
29.71
29.18
28.68
28.20
27.73
27.29
26.85
26.39
25.88
25.38
24.89
24.33
23.69
22.98
22.16
21.28
20.37
19.39
18.44
17.53
16.63
15.67
14.66
13.61
12.51
11.37
10.22
9.09
7.92
6.77
5.66
4.55
3.55
2.64
1.85
1.19
0.70
0.36
0.21
0.19
0.19
0.19
0.19
0.21
0.22
0.23
0.24
0.25
0.27
0.28
0.29
0.30
0.31
0.33
0.34
0.35
0.36
0.37
0.39
0.39
0.40
0.41
0.42
0.42
0.43
0.43
0.44
0.45
0.44
0.45
0.45
0.45
0.45
0.45
0.45
0.45
0.45
0.45
0.45
0.45
0.46
0.47
0.48
0.49
0.49
0.50
0.51
0.51
0.51
0.52
0.52
0.53
0.53
0.53
0.54
0.54
0.55
0.55
0.55
0.55
0.55
0.55
0.55
0.55
0.55
0.54
0.53
0.53
0.52
0.51
0.50
0.49
0.48
0.47
0.46
0.45
0.44
0.44
0.43
0.42
0.41
0.40
0.40
0.40
0.39
0.38
0.38
0.38
0.37
136.30
135.60
135.50
135.60
135.80
136.20
136.50
136.90
137.30
137.40
137.40
137.20
137.10
136.90
136.40
135.60
132.90
128.60
122.30
113.20
104.10
94.30
85.80
79.48
74.37
68.50
61.09
53.12
46.08
41.32
38.46
37.23
36.86
36.59
36.32
36.04
35.76
35.45
35.12
34.79
34.49
34.24
33.95
33.68
33.39
33.04
32.67
32.27
31.82
31.35
30.87
30.40
29.94
29.44
28.92
28.36
27.87
27.41
26.88
26.34
25.79
25.22
24.62
23.99
23.23
22.42
21.62
20.76
19.87
19.02
18.21
17.43
16.56
15.65
14.67
13.64
12.57
11.43
10.30
9.14
7.93
6.73
5.55
4.47
3.46
2.57
1.81
1.18
0.70
0.37
0.19
0.17
0.19
0.19
0.20
0.22
0.23
0.24
0.25
0.26
0.27
0.29
0.30
0.31
0.32
0.34
0.34
0.36
0.37
0.38
0.39
0.40
0.41
0.42
0.43
0.44
0.44
0.45
0.45
0.46
0.46
0.46
0.46
0.46
0.46
0.46
0.46
0.46
0.46
0.46
0.46
0.47
0.47
0.48
0.49
0.50
0.51
0.51
0.51
0.52
0.52
0.53
0.53
0.54
0.54
0.54
0.55
0.55
0.55
0.55
0.55
0.55
0.54
0.54
0.54
0.54
0.53
0.53
0.52
0.51
0.51
0.50
0.49
0.48
0.47
0.46
0.45
0.44
0.43
0.42
0.41
0.40
0.39
0.38
0.38
0.38
0.38
0.37
0.36
0.36
0.36
136.10
135.60
135.40
135.60
135.80
136.10
136.50
136.80
137.30
137.50
137.70
137.60
137.60
137.30
136.90
136.40
134.70
131.30
126.10
118.80
109.80
100.10
90.82
83.32
77.75
72.60
66.29
58.58
50.85
44.43
40.24
37.76
36.83
36.50
36.22
35.94
35.63
35.30
34.97
34.64
34.34
34.04
33.77
33.47
33.18
32.86
32.50
32.09
31.62
31.14
30.67
30.19
29.71
29.18
28.68
28.20
27.73
27.29
26.85
26.39
25.88
25.38
24.89
24.33
23.69
22.98
22.16
21.28
20.37
19.39
18.44
17.53
16.63
15.67
14.66
13.61
12.51
11.37
10.22
9.09
7.92
6.77
5.66
4.55
3.55
2.64
1.85
1.19
0.70
0.36
0.21
0.19
0.19
0.19
0.19
0.21
0.22
0.23
0.24
0.25
0.27
0.28
0.29
0.30
0.31
0.33
0.34
0.35
0.36
0.37
0.39
0.39
0.40
0.41
0.42
0.42
0.43
0.43
0.44
0.45
0.44
0.45
0.45
0.45
0.45
0.45
0.45
0.45
0.45
0.45
0.45
0.45
0.46
0.47
0.48
0.49
0.49
0.50
0.51
0.51
0.51
0.52
0.52
0.53
0.53
0.53
0.54
0.54
0.55
0.55
0.55
0.55
0.55
0.55
0.55
0.55
0.55
0.54
0.53
0.53
0.52
0.51
0.50
0.49
0.48
0.47
0.46
0.45
0.44
0.44
0.43
0.42
0.41
0.40
0.40
0.40
0.39
0.38
0.38
0.38
0.37
136.20
135.60
135.50
135.60
135.80
136.00
136.50
136.80
137.30
137.80
138.20
138.40
138.60
138.60
138.60
138.50
138.40
137.90
136.10
132.70
127.80
120.90
112.10
103.40
94.55
86.99
81.20
76.29
70.60
63.46
55.57
48.09
42.42
38.73
36.60
35.83
35.46
35.11
34.73
34.36
33.99
33.60
33.20
32.81
32.44
32.09
31.72
31.34
30.94
30.51
30.10
29.68
29.26
28.85
28.46
28.07
27.68
27.27
26.81
26.39
26.00
25.58
25.12
24.58
23.99
23.32
22.56
21.62
20.52
19.35
18.19
17.05
15.97
14.97
13.96
12.94
11.89
10.81
9.72
8.60
7.49
6.38
5.32
4.29
3.33
2.47
1.75
1.14
0.69
0.38
0.21
0.20
0.21
0.22
0.23
0.24
0.25
0.27
0.28
0.29
0.30
0.31
0.33
0.34
0.35
0.36
0.37
0.38
0.40
0.41
0.42
0.42
0.43
0.44
0.44
0.45
0.45
0.46
0.46
0.46
0.46
0.46
0.46
0.46
0.46
0.46
0.46
0.47
0.47
0.47
0.48
0.48
0.48
0.49
0.50
0.51
0.52
0.52
0.53
0.53
0.54
0.54
0.55
0.55
0.55
0.55
0.55
0.55
0.55
0.55
0.55
0.55
0.54
0.54
0.54
0.53
0.52
0.51
0.51
0.50
0.49
0.48
0.47
0.46
0.46
0.45
0.44
0.43
0.42
0.41
0.40
0.39
0.38
0.38
0.38
0.38
0.37
0.37
0.37
0.37
0.37
136.10
135.60
135.50
135.60
135.80
136.10
136.60
137.00
137.70
138.30
138.90
139.50
140.10
140.60
140.90
141.50
142.00
142.50
143.10
143.70
143.90
143.10
140.80
137.30
132.40
125.90
118.20
109.90
101.70
94.59
88.92
84.18
79.17
72.88
65.10
56.99
48.87
42.58
38.16
35.21
33.80
33.23
32.75
32.27
31.80
31.34
30.89
30.41
29.91
29.46
29.02
28.61
28.22
27.84
27.46
27.06
26.71
26.41
26.11
25.74
25.30
24.79
24.26
23.78
23.36
22.98
22.66
22.36
22.06
21.63
20.94
19.99
18.65
17.01
15.55
14.24
13.05
11.86
10.53
9.22
7.86
6.64
5.44
4.26
3.22
2.35
1.60
1.02
0.60
0.33
0.22
0.21
0.21
0.21
0.22
0.23
0.24
0.25
0.26
0.27
0.29
0.30
0.31
0.32
0.33
0.34
0.35
0.37
0.37
0.38
0.39
0.40
0.41
0.41
0.41
0.42
0.42
0.43
0.43
0.43
0.43
0.43
0.43
0.44
0.44
0.44
0.44
0.44
0.44
0.44
0.44
0.45
0.45
0.47
0.48
0.49
0.49
0.50
0.50
0.51
0.51
0.52
0.52
0.53
0.53
0.53
0.54
0.54
0.54
0.54
0.54
0.54
0.54
0.54
0.53
0.53
0.52
0.51
0.50
0.49
0.49
0.48
0.47
0.46
0.45
0.45
0.44
0.43
0.43
0.42
0.41
0.40
0.40
0.39
0.39
0.39
0.39
0.38
0.38
0.38
0.37
136.10
135.80
135.60
135.80
135.90
136.30
136.90
137.60
138.40
139.20
140.20
141.20
142.20
143.30
144.40
145.60
146.80
148.10
149.50
151.00
152.70
154.70
156.70
158.80
161.10
163.50
165.80
167.40
168.10
167.90
166.30
163.40
159.20
153.60
147.20
140.30
133.70
127.80
122.80
118.20
112.40
106.60
97.83
87.04
75.05
63.17
52.88
44.64
37.78
32.47
29.63
28.51
27.91
27.36
26.83
26.29
25.78
25.25
24.73
24.24
23.80
23.45
23.13
22.80
22.55
22.36
22.22
22.08
21.85
21.39
20.63
19.72
18.67
17.63
16.59
15.55
14.41
13.22
12.11
10.78
9.36
7.99
6.70
5.47
4.22
3.07
2.03
1.16
0.60
0.29
0.20
0.20
0.21
0.21
0.22
0.23
0.24
0.25
0.26
0.27
0.28
0.29
0.30
0.31
0.33
0.34
0.34
0.35
0.36
0.37
0.38
0.38
0.39
0.40
0.40
0.40
0.40
0.41
0.41
0.41
0.41
0.41
0.41
0.41
0.41
0.42
0.42
0.42
0.43
0.43
0.44
0.44
0.45
0.46
0.47
0.48
0.48
0.49
0.49
0.50
0.50
0.50
0.50
0.50
0.50
0.50
0.50
0.50
0.50
0.50
0.50
0.49
0.49
0.48
0.48
0.47
0.46
0.46
0.45
0.45
0.44
0.43
0.43
0.42
0.41
0.41
0.40
0.40
0.39
0.38
0.38
0.37
0.37
0.37
0.37
0.37
0.36
0.37
0.37
0.37
0.37
136.10
136.00
136.00
136.20
136.60
137.20
138.00
139.10
140.50
142.20
144.10
146.40
148.80
151.40
154.20
157.20
160.40
163.80
167.60
171.40
175.20
179.10
182.80
186.80
190.80
195.00
199.40
203.90
208.50
212.80
217.10
221.30
225.50
229.20
232.90
236.10
239.10
241.80
244.20
246.20
247.40
248.00
247.80
246.60
244.30
240.70
235.40
228.70
220.50
211.50
201.60
191.60
182.00
173.10
165.00
156.70
147.80
138.20
128.20
118.30
109.00
100.80
93.55
86.98
80.86
74.95
68.11
60.02
52.40
44.92
38.51
33.51
29.69
26.15
22.58
18.74
15.40
12.70
10.33
8.22
6.18
4.80
3.77
2.93
2.17
1.51
1.00
0.62
0.36
0.21
0.17
0.16
0.16
0.17
0.17
0.18
0.19
0.20
0.20
0.21
0.22
0.23
0.24
0.25
0.26
0.26
0.27
0.28
0.29
0.29
0.30
0.31
0.32
0.32
0.32
0.33
0.33
0.34
0.34
0.34
0.34
0.34
0.34
0.35
0.35
0.35
0.35
0.35
0.36
0.36
0.37
0.37
0.38
0.38
0.39
0.40
0.40
0.41
0.41
0.42
0.42
0.42
0.42
0.43
0.43
0.43
0.43
0.43
0.43
0.43
0.43
0.43
0.43
0.43
0.43
0.43
0.43
0.42
0.42
0.42
0.41
0.41
0.40
0.40
0.39
0.39
0.39
0.38
0.38
0.37
0.37
0.36
0.36
0.36
0.36
0.35
0.35
0.35
0.35
0.35
0.36
