SALVI
1
0
24
15.0
181
1.0
241201
SNAP 5050 F4MD PMMA A

SNAP 5050  F4MD PMMA A.ldt
2 December 2024/TB
320
0
90
220
0
0
0
0
0
99.82
100.00
1.00
0.00
1
1
5050
4224.90
3000
70
40.80
0.18
0.28
0.38
0.47
0.53
0.63
0.69
0.74
0.80
0.84
0.00
15.00
30.00
45.00
60.00
75.00
90.00
105.00
120.00
135.00
150.00
165.00
180.00
195.00
210.00
225.00
240.00
255.00
270.00
285.00
300.00
315.00
330.00
345.00
0.00
1.00
2.00
3.00
4.00
5.00
6.00
7.00
8.00
9.00
10.00
11.00
12.00
13.00
14.00
15.00
16.00
17.00
18.00
19.00
20.00
21.00
22.00
23.00
24.00
25.00
26.00
27.00
28.00
29.00
30.00
31.00
32.00
33.00
34.00
35.00
36.00
37.00
38.00
39.00
40.00
41.00
42.00
43.00
44.00
45.00
46.00
47.00
48.00
49.00
50.00
51.00
52.00
53.00
54.00
55.00
56.00
57.00
58.00
59.00
60.00
61.00
62.00
63.00
64.00
65.00
66.00
67.00
68.00
69.00
70.00
71.00
72.00
73.00
74.00
75.00
76.00
77.00
78.00
79.00
80.00
81.00
82.00
83.00
84.00
85.00
86.00
87.00
88.00
89.00
90.00
91.00
92.00
93.00
94.00
95.00
96.00
97.00
98.00
99.00
100.00
101.00
102.00
103.00
104.00
105.00
106.00
107.00
108.00
109.00
110.00
111.00
112.00
113.00
114.00
115.00
116.00
117.00
118.00
119.00
120.00
121.00
122.00
123.00
124.00
125.00
126.00
127.00
128.00
129.00
130.00
131.00
132.00
133.00
134.00
135.00
136.00
137.00
138.00
139.00
140.00
141.00
142.00
143.00
144.00
145.00
146.00
147.00
148.00
149.00
150.00
151.00
152.00
153.00
154.00
155.00
156.00
157.00
158.00
159.00
160.00
161.00
162.00
163.00
164.00
165.00
166.00
167.00
168.00
169.00
170.00
171.00
172.00
173.00
174.00
175.00
176.00
177.00
178.00
179.00
180.00
144.80
145.00
145.40
146.00
146.70
148.00
149.50
151.20
153.10
155.20
157.60
160.10
162.80
165.60
168.40
171.50
174.90
178.60
182.50
186.90
191.50
196.40
201.60
206.80
212.00
217.30
222.80
228.20
233.70
238.80
243.80
248.70
253.60
258.00
262.40
266.50
270.20
273.80
277.20
280.40
283.60
286.30
288.90
291.60
293.90
295.70
297.40
299.10
300.50
301.50
301.90
302.30
301.90
300.80
299.70
298.10
295.70
292.40
288.50
283.90
278.00
271.10
263.70
254.30
244.10
233.00
220.60
203.10
181.20
157.90
138.00
117.80
97.06
79.45
66.83
55.17
46.24
39.34
29.83
21.73
16.21
13.60
9.73
7.62
5.46
4.23
3.31
2.65
2.12
1.64
1.22
0.83
0.46
0.20
0.12
0.12
0.13
0.13
0.14
0.15
0.15
0.16
0.17
0.17
0.18
0.19
0.20
0.20
0.21
0.21
0.22
0.23
0.24
0.24
0.24
0.24
0.25
0.25
0.26
0.26
0.27
0.27
0.27
0.28
0.28
0.28
0.28
0.29
0.29
0.29
0.30
0.30
0.30
0.30
0.31
0.31
0.31
0.32
0.32
0.32
0.32
0.33
0.33
0.33
0.33
0.33
0.33
0.33
0.33
0.33
0.33
0.33
0.33
0.33
0.33
0.33
0.32
0.32
0.32
0.32
0.32
0.31
0.31
0.31
0.31
0.31
0.31
0.31
0.31
0.31
0.31
0.31
0.31
0.31
0.31
0.31
0.31
0.31
0.31
0.31
0.31
144.80
145.20
145.90
146.80
148.10
149.70
151.60
153.80
156.20
158.90
161.70
165.20
168.70
172.20
175.80
179.50
183.30
187.30
191.70
196.30
201.30
206.30
211.40
216.70
222.10
227.60
232.90
238.30
243.90
249.10
254.40
260.00
265.00
270.20
275.10
279.80
284.60
288.90
293.20
297.20
301.10
304.90
308.50
312.20
315.60
318.90
322.00
324.80
327.90
330.60
333.10
334.90
336.60
338.00
339.00
340.30
341.90
343.10
343.40
343.10
341.30
337.50
331.60
324.10
315.20
304.70
292.10
279.00
260.50
236.50
209.20
178.70
152.00
126.70
101.80
79.73
62.78
47.22
34.96
25.10
17.33
13.49
10.46
8.38
5.97
4.63
3.65
2.94
2.34
1.81
1.33
0.88
0.46
0.17
0.11
0.11
0.12
0.12
0.13
0.13
0.13
0.14
0.15
0.15
0.15
0.16
0.17
0.17
0.18
0.18
0.19
0.19
0.19
0.20
0.20
0.21
0.21
0.22
0.22
0.22
0.23
0.23
0.23
0.23
0.24
0.24
0.24
0.24
0.24
0.25
0.25
0.25
0.25
0.26
0.26
0.26
0.26
0.26
0.27
0.27
0.27
0.27
0.27
0.27
0.28
0.28
0.28
0.28
0.28
0.28
0.28
0.28
0.28
0.29
0.29
0.29
0.29
0.29
0.29
0.29
0.29
0.30
0.30
0.30
0.30
0.30
0.30
0.31
0.31
0.31
0.31
0.32
0.32
0.33
0.34
0.34
0.34
0.35
0.35
0.35
0.35
144.70
145.50
146.50
147.80
149.50
151.60
154.00
156.90
159.70
162.70
166.10
169.90
173.70
177.60
181.70
185.60
189.60
193.50
197.80
202.00
206.50
210.80
215.20
219.70
224.40
229.20
234.30
239.20
244.30
249.70
255.00
260.60
266.00
271.70
277.20
282.80
288.20
293.80
299.60
306.50
314.60
324.10
335.20
348.40
363.30
378.40
393.40
408.20
420.80
430.70
439.10
449.00
462.30
478.80
496.60
513.20
524.40
530.00
533.70
534.20
531.50
527.90
523.20
515.40
505.20
491.30
473.20
449.10
417.40
380.00
334.50
281.00
228.90
181.50
140.30
105.90
75.87
57.27
38.81
27.10
20.34
16.37
12.97
9.99
7.52
5.53
4.20
3.36
2.64
2.00
1.42
0.87
0.40
0.12
0.08
0.07
0.07
0.07
0.08
0.08
0.08
0.08
0.08
0.09
0.09
0.09
0.09
0.09
0.10
0.11
0.11
0.11
0.12
0.12
0.12
0.13
0.13
0.13
0.14
0.14
0.15
0.15
0.16
0.16
0.16
0.16
0.17
0.17
0.17
0.18
0.18
0.19
0.19
0.19
0.20
0.20
0.20
0.20
0.20
0.21
0.21
0.21
0.21
0.21
0.22
0.22
0.22
0.22
0.22
0.22
0.22
0.22
0.22
0.23
0.23
0.23
0.23
0.24
0.24
0.24
0.24
0.25
0.25
0.26
0.26
0.26
0.26
0.27
0.27
0.27
0.28
0.28
0.29
0.30
0.31
0.31
0.32
0.33
0.34
0.34
0.35
144.80
145.70
146.90
148.60
150.70
153.30
156.00
159.00
162.20
165.50
169.20
172.90
176.90
181.00
185.20
189.50
193.70
197.90
202.10
206.50
210.50
214.80
219.10
223.70
228.30
233.00
238.20
243.40
248.60
253.80
258.70
264.00
270.40
278.80
290.30
303.20
317.60
333.60
349.80
366.20
382.10
395.90
407.70
419.40
432.20
447.80
466.30
484.90
500.90
512.30
520.30
526.20
530.50
534.40
539.90
545.30
550.20
553.20
555.40
555.70
555.00
552.20
547.10
538.50
526.70
514.90
500.50
481.70
453.90
410.00
349.30
283.40
220.70
162.30
104.10
75.53
56.36
39.99
32.09
23.86
18.74
16.01
13.48
10.73
7.70
5.57
4.17
3.33
2.63
1.98
1.39
0.84
0.38
0.09
0.06
0.05
0.05
0.06
0.06
0.06
0.06
0.06
0.07
0.07
0.07
0.07
0.07
0.08
0.08
0.08
0.09
0.09
0.09
0.10
0.10
0.10
0.11
0.11
0.11
0.12
0.12
0.12
0.13
0.13
0.13
0.14
0.14
0.15
0.15
0.15
0.15
0.16
0.16
0.16
0.17
0.17
0.17
0.18
0.18
0.18
0.19
0.19
0.19
0.20
0.20
0.20
0.20
0.20
0.21
0.21
0.21
0.21
0.22
0.22
0.22
0.22
0.23
0.23
0.23
0.24
0.24
0.25
0.25
0.25
0.26
0.26
0.27
0.27
0.28
0.28
0.29
0.30
0.31
0.32
0.32
0.33
0.34
0.35
0.36
0.36
0.36
144.80
146.00
147.50
149.30
152.00
154.60
157.70
161.10
164.50
168.10
171.90
175.70
180.00
184.30
188.70
193.10
197.60
202.20
206.60
211.00
215.80
220.80
225.70
231.10
236.40
241.30
245.60
250.00
255.50
263.50
274.50
287.40
301.20
316.60
333.20
349.50
364.60
377.80
389.10
400.40
413.50
429.70
447.10
463.50
476.70
487.00
495.40
503.40
510.80
519.10
527.20
534.40
540.30
544.50
546.00
545.00
542.00
536.60
529.10
521.50
514.50
508.20
501.90
493.80
478.70
453.00
409.40
350.30
282.00
207.40
143.80
103.10
78.29
63.62
49.02
41.23
32.31
25.32
21.31
17.09
14.09
11.32
9.13
7.36
5.83
4.53
3.50
2.85
2.30
1.74
1.25
0.74
0.29
0.08
0.05
0.05
0.05
0.05
0.05
0.05
0.05
0.05
0.05
0.05
0.05
0.05
0.05
0.05
0.05
0.05
0.05
0.05
0.05
0.05
0.06
0.06
0.06
0.06
0.06
0.07
0.07
0.07
0.08
0.09
0.09
0.09
0.09
0.09
0.09
0.10
0.10
0.11
0.12
0.12
0.12
0.12
0.13
0.13
0.13
0.14
0.14
0.14
0.15
0.15
0.16
0.16
0.16
0.16
0.17
0.17
0.17
0.17
0.18
0.18
0.19
0.19
0.19
0.19
0.20
0.21
0.22
0.22
0.22
0.22
0.23
0.23
0.24
0.24
0.25
0.25
0.26
0.28
0.28
0.29
0.31
0.31
0.32
0.32
0.34
0.35
0.36
144.70
145.90
147.60
149.70
152.40
155.20
158.50
161.90
165.40
169.00
173.10
177.30
181.80
186.50
191.20
196.00
201.10
205.90
211.00
215.90
221.20
227.30
233.30
238.70
243.40
247.90
253.60
261.60
273.10
285.40
299.00
314.40
330.20
344.70
357.70
368.50
378.30
389.50
403.40
419.30
435.00
448.40
458.60
466.80
474.70
482.00
491.00
499.50
507.60
514.70
521.20
525.40
527.40
528.60
526.70
522.00
515.30
507.40
500.40
495.20
490.20
483.40
468.70
440.40
392.40
328.60
265.10
198.50
151.30
104.20
84.34
69.42
57.19
46.47
39.87
32.26
25.64
21.71
18.33
15.44
12.83
10.74
8.89
7.08
5.58
4.32
3.33
2.70
2.16
1.65
1.19
0.72
0.29
0.06
0.05
0.05
0.05
0.05
0.05
0.05
0.05
0.05
0.06
0.05
0.05
0.06
0.06
0.06
0.06
0.06
0.06
0.07
0.07
0.07
0.07
0.07
0.07
0.08
0.08
0.08
0.08
0.09
0.09
0.09
0.09
0.10
0.10
0.10
0.11
0.11
0.11
0.12
0.12
0.12
0.13
0.13
0.13
0.14
0.14
0.14
0.15
0.15
0.16
0.16
0.17
0.17
0.17
0.18
0.18
0.19
0.19
0.19
0.19
0.20
0.20
0.21
0.21
0.21
0.22
0.22
0.22
0.23
0.23
0.24
0.24
0.25
0.25
0.26
0.26
0.27
0.28
0.29
0.29
0.31
0.32
0.33
0.34
0.35
0.36
0.37
0.37
145.00
146.00
147.70
150.10
152.80
155.70
159.30
162.50
166.00
169.90
173.80
178.10
182.70
187.40
192.20
197.20
202.00
207.40
212.60
218.20
224.60
231.40
237.40
242.60
247.30
253.30
261.40
273.00
285.50
298.80
313.60
329.30
343.40
356.20
367.00
376.40
387.20
400.80
416.30
431.10
443.60
453.20
462.00
469.20
477.00
485.30
493.70
501.20
508.40
514.90
518.80
521.50
522.80
520.80
514.60
505.30
495.20
486.90
482.70
482.50
482.60
477.10
457.20
415.20
359.30
299.40
247.10
183.70
141.50
119.60
96.62
75.01
66.46
57.94
57.44
49.97
40.56
31.14
26.04
21.16
17.67
14.65
11.29
8.83
6.49
4.58
3.43
2.79
2.19
1.66
1.20
0.70
0.25
0.06
0.05
0.05
0.05
0.05
0.05
0.05
0.05
0.05
0.05
0.05
0.05
0.05
0.05
0.05
0.05
0.05
0.05
0.05
0.05
0.05
0.05
0.05
0.05
0.06
0.06
0.06
0.06
0.06
0.06
0.06
0.07
0.07
0.07
0.07
0.07
0.08
0.08
0.09
0.10
0.10
0.11
0.11
0.11
0.11
0.11
0.11
0.12
0.13
0.13
0.14
0.14
0.14
0.14
0.15
0.15
0.15
0.16
0.16
0.17
0.17
0.17
0.18
0.18
0.18
0.19
0.19
0.20
0.20
0.21
0.21
0.21
0.21
0.22
0.23
0.24
0.24
0.25
0.26
0.27
0.28
0.29
0.30
0.31
0.32
0.34
0.34
0.36
144.70
145.90
147.60
149.70
152.40
155.20
158.50
161.90
165.40
169.00
173.10
177.30
181.80
186.50
191.20
196.00
201.10
205.90
211.00
215.90
221.20
227.30
233.30
238.70
243.40
247.90
253.60
261.60
273.10
285.40
299.00
314.40
330.20
344.70
357.70
368.50
378.30
389.50
403.40
419.30
435.00
448.40
458.60
466.80
474.70
482.00
491.00
499.50
507.60
514.70
521.20
525.40
527.40
528.60
526.70
522.00
515.30
507.40
500.40
495.20
490.20
483.40
468.70
440.40
392.40
328.60
265.10
198.50
151.30
104.20
84.34
69.42
57.19
46.47
39.87
32.26
25.64
21.71
18.33
15.44
12.83
10.74
8.89
7.08
5.58
4.32
3.33
2.70
2.16
1.65
1.19
0.72
0.29
0.06
0.05
0.05
0.05
0.05
0.05
0.05
0.05
0.05
0.06
0.05
0.05
0.06
0.06
0.06
0.06
0.06
0.06
0.07
0.07
0.07
0.07
0.07
0.07
0.08
0.08
0.08
0.08
0.09
0.09
0.09
0.09
0.10
0.10
0.10
0.11
0.11
0.11
0.12
0.12
0.12
0.13
0.13
0.13
0.14
0.14
0.14
0.15
0.15
0.16
0.16
0.17
0.17
0.17
0.18
0.18
0.19
0.19
0.19
0.19
0.20
0.20
0.21
0.21
0.21
0.22
0.22
0.22
0.23
0.23
0.24
0.24
0.25
0.25
0.26
0.26
0.27
0.28
0.29
0.29
0.31
0.32
0.33
0.34
0.35
0.36
0.37
0.37
144.80
146.00
147.50
149.30
152.00
154.60
157.70
161.10
164.50
168.10
171.90
175.70
180.00
184.30
188.70
193.10
197.60
202.20
206.60
211.00
215.80
220.80
225.70
231.10
236.40
241.30
245.60
250.00
255.50
263.50
274.50
287.40
301.20
316.60
333.20
349.50
364.60
377.80
389.10
400.40
413.50
429.70
447.10
463.50
476.70
487.00
495.40
503.40
510.80
519.10
527.20
534.40
540.30
544.50
546.00
545.00
542.00
536.60
529.10
521.50
514.50
508.20
501.90
493.80
478.70
453.00
409.40
350.30
282.00
207.40
143.80
103.10
78.29
63.62
49.02
41.23
32.31
25.32
21.31
17.09
14.09
11.32
9.13
7.36
5.83
4.53
3.50
2.85
2.30
1.74
1.25
0.74
0.29
0.08
0.05
0.05
0.05
0.05
0.05
0.05
0.05
0.05
0.05
0.05
0.05
0.05
0.05
0.05
0.05
0.05
0.05
0.05
0.05
0.05
0.06
0.06
0.06
0.06
0.06
0.07
0.07
0.07
0.08
0.09
0.09
0.09
0.09
0.09
0.09
0.10
0.10
0.11
0.12
0.12
0.12
0.12
0.13
0.13
0.13
0.14
0.14
0.14
0.15
0.15
0.16
0.16
0.16
0.16
0.17
0.17
0.17
0.17
0.18
0.18
0.19
0.19
0.19
0.19
0.20
0.21
0.22
0.22
0.22
0.22
0.23
0.23
0.24
0.24
0.25
0.25
0.26
0.28
0.28
0.29
0.31
0.31
0.32
0.32
0.34
0.35
0.36
144.80
145.70
146.90
148.60
150.70
153.30
156.00
159.00
162.20
165.50
169.20
172.90
176.90
181.00
185.20
189.50
193.70
197.90
202.10
206.50
210.50
214.80
219.10
223.70
228.30
233.00
238.20
243.40
248.60
253.80
258.70
264.00
270.40
278.80
290.30
303.20
317.60
333.60
349.80
366.20
382.10
395.90
407.70
419.40
432.20
447.80
466.30
484.90
500.90
512.30
520.30
526.20
530.50
534.40
539.90
545.30
550.20
553.20
555.40
555.70
555.00
552.20
547.10
538.50
526.70
514.90
500.50
481.70
453.90
410.00
349.30
283.40
220.70
162.30
104.10
75.53
56.36
39.99
32.09
23.86
18.74
16.01
13.48
10.73
7.70
5.57
4.17
3.33
2.63
1.98
1.39
0.84
0.38
0.09
0.06
0.05
0.05
0.06
0.06
0.06
0.06
0.06
0.07
0.07
0.07
0.07
0.07
0.08
0.08
0.08
0.09
0.09
0.09
0.10
0.10
0.10
0.11
0.11
0.11
0.12
0.12
0.12
0.13
0.13
0.13
0.14
0.14
0.15
0.15
0.15
0.15
0.16
0.16
0.16
0.17
0.17
0.17
0.18
0.18
0.18
0.19
0.19
0.19
0.20
0.20
0.20
0.20
0.20
0.21
0.21
0.21
0.21
0.22
0.22
0.22
0.22
0.23
0.23
0.23
0.24
0.24
0.25
0.25
0.25
0.26
0.26
0.27
0.27
0.28
0.28
0.29
0.30
0.31
0.32
0.32
0.33
0.34
0.35
0.36
0.36
0.36
144.70
145.50
146.50
147.80
149.50
151.60
154.00
156.90
159.70
162.70
166.10
169.90
173.70
177.60
181.70
185.60
189.60
193.50
197.80
202.00
206.50
210.80
215.20
219.70
224.40
229.20
234.30
239.20
244.30
249.70
255.00
260.60
266.00
271.70
277.20
282.80
288.20
293.80
299.60
306.50
314.60
324.10
335.20
348.40
363.30
378.40
393.40
408.20
420.80
430.70
439.10
449.00
462.30
478.80
496.60
513.20
524.40
530.00
533.70
534.20
531.50
527.90
523.20
515.40
505.20
491.30
473.20
449.10
417.40
380.00
334.50
281.00
228.90
181.50
140.30
105.90
75.87
57.27
38.81
27.10
20.34
16.37
12.97
9.99
7.52
5.53
4.20
3.36
2.64
2.00
1.42
0.87
0.40
0.12
0.08
0.07
0.07
0.07
0.08
0.08
0.08
0.08
0.08
0.09
0.09
0.09
0.09
0.09
0.10
0.11
0.11
0.11
0.12
0.12
0.12
0.13
0.13
0.13
0.14
0.14
0.15
0.15
0.16
0.16
0.16
0.16
0.17
0.17
0.17
0.18
0.18
0.19
0.19
0.19
0.20
0.20
0.20
0.20
0.20
0.21
0.21
0.21
0.21
0.21
0.22
0.22
0.22
0.22
0.22
0.22
0.22
0.22
0.22
0.23
0.23
0.23
0.23
0.24
0.24
0.24
0.24
0.25
0.25
0.26
0.26
0.26
0.26
0.27
0.27
0.27
0.28
0.28
0.29
0.30
0.31
0.31
0.32
0.33
0.34
0.34
0.35
144.80
145.20
145.90
146.80
148.10
149.70
151.60
153.80
156.20
158.90
161.70
165.20
168.70
172.20
175.80
179.50
183.30
187.30
191.70
196.30
201.30
206.30
211.40
216.70
222.10
227.60
232.90
238.30
243.90
249.10
254.40
260.00
265.00
270.20
275.10
279.80
284.60
288.90
293.20
297.20
301.10
304.90
308.50
312.20
315.60
318.90
322.00
324.80
327.90
330.60
333.10
334.90
336.60
338.00
339.00
340.30
341.90
343.10
343.40
343.10
341.30
337.50
331.60
324.10
315.20
304.70
292.10
279.00
260.50
236.50
209.20
178.70
152.00
126.70
101.80
79.73
62.78
47.22
34.96
25.10
17.33
13.49
10.46
8.38
5.97
4.63
3.65
2.94
2.34
1.81
1.33
0.88
0.46
0.17
0.11
0.11
0.12
0.12
0.13
0.13
0.13
0.14
0.15
0.15
0.15
0.16
0.17
0.17
0.18
0.18
0.19
0.19
0.19
0.20
0.20
0.21
0.21
0.22
0.22
0.22
0.23
0.23
0.23
0.23
0.24
0.24
0.24
0.24
0.24
0.25
0.25
0.25
0.25
0.26
0.26
0.26
0.26
0.26
0.27
0.27
0.27
0.27
0.27
0.27
0.28
0.28
0.28
0.28
0.28
0.28
0.28
0.28
0.28
0.29
0.29
0.29
0.29
0.29
0.29
0.29
0.29
0.30
0.30
0.30
0.30
0.30
0.30
0.31
0.31
0.31
0.31
0.32
0.32
0.33
0.34
0.34
0.34
0.35
0.35
0.35
0.35
144.80
145.00
145.40
146.00
146.70
148.00
149.50
151.20
153.10
155.20
157.60
160.10
162.80
165.60
168.40
171.50
174.90
178.60
182.50
186.90
191.50
196.40
201.60
206.80
212.00
217.30
222.80
228.20
233.70
238.80
243.80
248.70
253.60
258.00
262.40
266.50
270.20
273.80
277.20
280.40
283.60
286.30
288.90
291.60
293.90
295.70
297.40
299.10
300.50
301.50
301.90
302.30
301.90
300.80
299.70
298.10
295.70
292.40
288.50
283.90
278.00
271.10
263.70
254.30
244.10
233.00
220.60
203.10
181.20
157.90
138.00
117.80
97.06
79.45
66.83
55.17
46.24
39.34
29.83
21.73
16.21
13.60
9.73
7.62
5.46
4.23
3.31
2.65
2.12
1.64
1.22
0.83
0.46
0.20
0.12
0.12
0.13
0.13
0.14
0.15
0.15
0.16
0.17
0.17
0.18
0.19
0.20
0.20
0.21
0.21
0.22
0.23
0.24
0.24
0.24
0.24
0.25
0.25
0.26
0.26
0.27
0.27
0.27
0.28
0.28
0.28
0.28
0.29
0.29
0.29
0.30
0.30
0.30
0.30
0.31
0.31
0.31
0.32
0.32
0.32
0.32
0.33
0.33
0.33
0.33
0.33
0.33
0.33
0.33
0.33
0.33
0.33
0.33
0.33
0.33
0.33
0.32
0.32
0.32
0.32
0.32
0.31
0.31
0.31
0.31
0.31
0.31
0.31
0.31
0.31
0.31
0.31
0.31
0.31
0.31
0.31
0.31
0.31
0.31
0.31
0.31
144.80
144.50
144.60
144.80
145.20
146.00
146.70
147.90
149.30
150.80
152.40
154.30
156.00
157.90
159.90
162.00
164.40
167.10
169.90
173.10
176.70
180.50
184.40
188.20
192.30
196.80
201.00
205.40
209.60
213.70
217.70
221.50
225.10
228.60
231.70
234.60
237.10
239.50
241.60
243.20
244.10
244.50
244.00
242.80
240.30
236.60
231.40
224.60
216.80
208.10
198.60
189.20
179.70
171.40
163.40
155.00
146.20
136.90
127.40
118.00
109.20
101.80
94.93
88.91
83.06
77.60
70.87
63.87
57.48
50.03
42.70
37.09
32.95
30.31
26.25
22.33
18.98
15.84
13.25
10.72
9.11
7.85
6.76
5.59
4.47
3.54
2.76
2.17
1.77
1.41
1.07
0.77
0.50
0.28
0.18
0.18
0.18
0.18
0.19
0.20
0.21
0.22
0.22
0.24
0.24
0.25
0.26
0.26
0.27
0.28
0.28
0.29
0.30
0.31
0.31
0.31
0.31
0.31
0.32
0.32
0.32
0.33
0.33
0.33
0.33
0.33
0.33
0.34
0.34
0.34
0.35
0.35
0.36
0.37
0.37
0.38
0.39
0.39
0.39
0.40
0.40
0.41
0.41
0.41
0.41
0.42
0.42
0.42
0.42
0.42
0.42
0.42
0.42
0.42
0.42
0.42
0.42
0.41
0.41
0.41
0.40
0.40
0.39
0.39
0.39
0.38
0.38
0.37
0.37
0.37
0.36
0.36
0.36
0.35
0.35
0.35
0.35
0.35
0.35
0.35
0.35
144.70
144.30
144.10
144.10
144.40
144.70
145.30
145.90
146.70
147.50
148.20
149.00
149.60
150.40
151.20
152.00
153.20
154.40
155.80
157.20
158.70
160.30
162.30
164.20
166.30
168.50
170.40
171.50
171.90
171.20
169.50
166.50
162.00
156.50
150.30
143.80
137.50
131.40
126.50
121.80
116.50
109.60
100.80
90.37
79.04
67.89
58.15
50.14
43.43
38.41
35.72
34.47
33.63
32.86
32.07
31.34
30.62
29.95
29.27
28.62
28.03
27.47
26.96
26.51
26.16
25.82
25.57
25.32
25.00
24.43
23.60
22.68
21.69
20.76
19.80
18.78
17.87
16.86
15.76
14.56
13.27
11.87
10.36
8.69
7.00
5.34
3.61
2.33
1.75
1.39
1.05
0.78
0.54
0.34
0.22
0.22
0.23
0.24
0.25
0.26
0.27
0.28
0.29
0.30
0.31
0.32
0.33
0.34
0.35
0.36
0.36
0.37
0.38
0.38
0.38
0.39
0.39
0.39
0.39
0.39
0.40
0.40
0.40
0.40
0.40
0.40
0.41
0.41
0.41
0.42
0.42
0.43
0.43
0.44
0.46
0.46
0.47
0.47
0.48
0.48
0.49
0.49
0.49
0.49
0.49
0.49
0.49
0.49
0.49
0.48
0.47
0.47
0.47
0.47
0.46
0.45
0.45
0.44
0.44
0.43
0.42
0.42
0.41
0.41
0.40
0.39
0.39
0.38
0.38
0.38
0.37
0.37
0.37
0.36
0.36
0.36
0.36
0.36
0.36
0.36
0.36
144.80
144.10
143.80
143.90
143.90
144.10
144.60
145.10
145.60
146.20
146.60
147.10
147.50
147.70
147.90
148.20
148.40
148.80
149.10
149.50
149.50
148.40
146.10
142.30
137.40
130.90
123.30
115.40
107.60
100.70
94.94
90.08
84.76
78.45
70.65
62.85
55.26
49.25
44.76
41.83
40.35
39.59
38.92
38.25
37.59
36.96
36.32
35.68
35.03
34.42
33.84
33.27
32.73
32.22
31.68
31.12
30.62
30.13
29.63
29.06
28.41
27.74
27.08
26.50
25.98
25.54
25.13
24.74
24.42
23.82
23.02
21.92
20.36
18.82
17.50
16.31
15.16
13.94
12.72
11.42
10.24
8.85
7.49
6.20
5.05
4.02
3.06
2.28
1.66
1.33
1.02
0.77
0.56
0.39
0.26
0.24
0.24
0.24
0.25
0.26
0.27
0.28
0.29
0.30
0.32
0.32
0.34
0.34
0.36
0.36
0.37
0.38
0.39
0.39
0.39
0.40
0.40
0.40
0.40
0.41
0.41
0.41
0.41
0.41
0.41
0.41
0.41
0.41
0.42
0.42
0.42
0.43
0.44
0.45
0.46
0.46
0.47
0.48
0.49
0.49
0.49
0.50
0.50
0.50
0.51
0.51
0.51
0.51
0.52
0.52
0.52
0.52
0.52
0.52
0.51
0.51
0.50
0.49
0.49
0.48
0.47
0.47
0.46
0.45
0.45
0.44
0.43
0.42
0.42
0.41
0.40
0.40
0.39
0.38
0.38
0.38
0.38
0.38
0.38
0.37
0.37
144.80
144.00
143.70
143.70
143.70
143.90
144.30
144.60
145.00
145.30
145.60
145.70
145.60
145.50
145.30
145.00
144.50
144.00
142.10
137.70
133.20
126.30
118.20
109.40
101.00
93.56
87.76
82.65
76.73
69.67
62.06
54.93
49.39
45.70
43.52
42.60
42.03
41.45
40.89
40.32
39.74
39.18
38.61
38.05
37.51
36.98
36.43
35.89
35.32
34.75
34.17
33.60
33.03
32.46
31.90
31.36
30.82
30.23
29.61
29.03
28.46
27.85
27.21
26.53
25.77
24.98
24.08
23.00
21.81
20.62
19.44
18.34
17.33
16.35
15.35
14.35
13.30
12.26
11.21
10.17
9.15
8.12
7.02
5.95
4.89
3.94
3.07
2.32
1.61
1.30
1.00
0.75
0.55
0.39
0.26
0.23
0.24
0.25
0.27
0.28
0.29
0.30
0.31
0.32
0.33
0.34
0.36
0.37
0.38
0.39
0.40
0.41
0.41
0.42
0.42
0.43
0.43
0.44
0.44
0.44
0.44
0.44
0.44
0.45
0.45
0.44
0.45
0.45
0.45
0.45
0.46
0.46
0.47
0.47
0.49
0.49
0.50
0.51
0.51
0.51
0.52
0.52
0.53
0.53
0.53
0.53
0.53
0.53
0.53
0.53
0.53
0.53
0.53
0.52
0.51
0.51
0.50
0.50
0.50
0.48
0.47
0.46
0.46
0.45
0.44
0.43
0.42
0.42
0.41
0.40
0.39
0.38
0.38
0.38
0.38
0.38
0.37
0.37
0.37
0.36
0.36
144.70
143.90
143.50
143.40
143.50
143.80
143.90
144.10
144.50
144.80
144.70
144.50
144.20
143.90
143.40
142.60
140.80
137.20
131.70
124.50
115.60
106.30
97.50
90.07
84.39
78.97
72.07
65.15
57.57
51.42
47.31
44.79
43.74
43.21
42.73
42.26
41.75
41.24
40.73
40.21
39.73
39.25
38.78
38.31
37.83
37.33
36.77
36.18
35.56
34.95
34.32
33.67
33.03
32.38
31.74
31.11
30.48
29.88
29.26
28.63
27.94
27.29
26.61
25.88
25.09
24.21
23.27
22.30
21.28
20.28
19.35
18.47
17.56
16.60
15.61
14.61
13.58
12.53
11.51
10.47
9.41
8.34
7.25
6.16
5.09
4.05
3.11
2.30
1.55
1.24
0.95
0.73
0.53
0.38
0.26
0.21
0.21
0.21
0.23
0.24
0.25
0.27
0.27
0.28
0.29
0.31
0.32
0.33
0.34
0.35
0.36
0.37
0.38
0.39
0.39
0.40
0.41
0.41
0.42
0.42
0.42
0.42
0.42
0.43
0.42
0.42
0.42
0.42
0.42
0.42
0.43
0.43
0.44
0.44
0.46
0.46
0.47
0.48
0.48
0.49
0.49
0.49
0.50
0.50
0.51
0.51
0.52
0.52
0.52
0.52
0.52
0.52
0.52
0.52
0.52
0.52
0.52
0.52
0.52
0.51
0.51
0.50
0.49
0.48
0.47
0.46
0.45
0.44
0.43
0.43
0.42
0.41
0.40
0.39
0.39
0.39
0.39
0.38
0.38
0.38
0.37
145.00
144.00
143.50
143.50
143.50
143.70
143.90
144.20
144.40
144.60
144.40
144.20
143.90
143.60
143.00
141.90
138.20
134.50
128.10
119.70
110.40
101.10
92.64
86.22
80.93
74.87
67.65
59.89
53.08
48.40
45.51
44.22
43.67
43.17
42.69
42.25
41.77
41.28
40.77
40.27
39.79
39.35
38.91
38.45
37.95
37.43
36.88
36.30
35.69
35.09
34.46
33.87
33.26
32.63
31.97
31.28
30.63
29.99
29.31
28.63
27.91
27.18
26.42
25.64
24.74
23.82
22.93
21.96
21.02
20.15
19.29
18.44
17.54
16.61
15.63
14.63
13.59
12.53
11.48
10.36
9.24
8.12
6.96
5.85
4.85
3.87
3.02
2.30
1.57
1.29
0.99
0.73
0.52
0.36
0.25
0.21
0.21
0.23
0.24
0.25
0.26
0.27
0.28
0.29
0.31
0.32
0.33
0.34
0.35
0.37
0.38
0.38
0.39
0.40
0.41
0.41
0.42
0.43
0.43
0.44
0.44
0.44
0.44
0.44
0.44
0.44
0.44
0.44
0.44
0.45
0.45
0.45
0.45
0.46
0.47
0.48
0.49
0.49
0.50
0.50
0.51
0.51
0.51
0.52
0.52
0.52
0.52
0.52
0.52
0.52
0.52
0.52
0.52
0.52
0.52
0.51
0.51
0.51
0.50
0.49
0.48
0.48
0.47
0.46
0.45
0.44
0.44
0.43
0.42
0.41
0.41
0.40
0.38
0.37
0.37
0.37
0.37
0.37
0.37
0.37
0.37
144.70
143.90
143.50
143.40
143.50
143.80
143.90
144.10
144.50
144.80
144.70
144.50
144.20
143.90
143.40
142.60
140.80
137.20
131.70
124.50
115.60
106.30
97.50
90.07
84.39
78.97
72.07
65.15
57.57
51.42
47.31
44.79
43.74
43.21
42.73
42.26
41.75
41.24
40.73
40.21
39.73
39.25
38.78
38.31
37.83
37.33
36.77
36.18
35.56
34.95
34.32
33.67
33.03
32.38
31.74
31.11
30.48
29.88
29.26
28.63
27.94
27.29
26.61
25.88
25.09
24.21
23.27
22.30
21.28
20.28
19.35
18.47
17.56
16.60
15.61
14.61
13.58
12.53
11.51
10.47
9.41
8.34
7.25
6.16
5.09
4.05
3.11
2.30
1.55
1.24
0.95
0.73
0.53
0.38
0.26
0.21
0.21
0.21
0.23
0.24
0.25
0.27
0.27
0.28
0.29
0.31
0.32
0.33
0.34
0.35
0.36
0.37
0.38
0.39
0.39
0.40
0.41
0.41
0.42
0.42
0.42
0.42
0.42
0.43
0.42
0.42
0.42
0.42
0.42
0.42
0.43
0.43
0.44
0.44
0.46
0.46
0.47
0.48
0.48
0.49
0.49
0.49
0.50
0.50
0.51
0.51
0.52
0.52
0.52
0.52
0.52
0.52
0.52
0.52
0.52
0.52
0.52
0.52
0.52
0.51
0.51
0.50
0.49
0.48
0.47
0.46
0.45
0.44
0.43
0.43
0.42
0.41
0.40
0.39
0.39
0.39
0.39
0.38
0.38
0.38
0.37
144.80
144.00
143.70
143.70
143.70
143.90
144.30
144.60
145.00
145.30
145.60
145.70
145.60
145.50
145.30
145.00
144.50
144.00
142.10
137.70
133.20
126.30
118.20
109.40
101.00
93.56
87.76
82.65
76.73
69.67
62.06
54.93
49.39
45.70
43.52
42.60
42.03
41.45
40.89
40.32
39.74
39.18
38.61
38.05
37.51
36.98
36.43
35.89
35.32
34.75
34.17
33.60
33.03
32.46
31.90
31.36
30.82
30.23
29.61
29.03
28.46
27.85
27.21
26.53
25.77
24.98
24.08
23.00
21.81
20.62
19.44
18.34
17.33
16.35
15.35
14.35
13.30
12.26
11.21
10.17
9.15
8.12
7.02
5.95
4.89
3.94
3.07
2.32
1.61
1.30
1.00
0.75
0.55
0.39
0.26
0.23
0.24
0.25
0.27
0.28
0.29
0.30
0.31
0.32
0.33
0.34
0.36
0.37
0.38
0.39
0.40
0.41
0.41
0.42
0.42
0.43
0.43
0.44
0.44
0.44
0.44
0.44
0.44
0.45
0.45
0.44
0.45
0.45
0.45
0.45
0.46
0.46
0.47
0.47
0.49
0.49
0.50
0.51
0.51
0.51
0.52
0.52
0.53
0.53
0.53
0.53
0.53
0.53
0.53
0.53
0.53
0.53
0.53
0.52
0.51
0.51
0.50
0.50
0.50
0.48
0.47
0.46
0.46
0.45
0.44
0.43
0.42
0.42
0.41
0.40
0.39
0.38
0.38
0.38
0.38
0.38
0.37
0.37
0.37
0.36
0.36
144.80
144.10
143.80
143.90
143.90
144.10
144.60
145.10
145.60
146.20
146.60
147.10
147.50
147.70
147.90
148.20
148.40
148.80
149.10
149.50
149.50
148.40
146.10
142.30
137.40
130.90
123.30
115.40
107.60
100.70
94.94
90.08
84.76
78.45
70.65
62.85
55.26
49.25
44.76
41.83
40.35
39.59
38.92
38.25
37.59
36.96
36.32
35.68
35.03
34.42
33.84
33.27
32.73
32.22
31.68
31.12
30.62
30.13
29.63
29.06
28.41
27.74
27.08
26.50
25.98
25.54
25.13
24.74
24.42
23.82
23.02
21.92
20.36
18.82
17.50
16.31
15.16
13.94
12.72
11.42
10.24
8.85
7.49
6.20
5.05
4.02
3.06
2.28
1.66
1.33
1.02
0.77
0.56
0.39
0.26
0.24
0.24
0.24
0.25
0.26
0.27
0.28
0.29
0.30
0.32
0.32
0.34
0.34
0.36
0.36
0.37
0.38
0.39
0.39
0.39
0.40
0.40
0.40
0.40
0.41
0.41
0.41
0.41
0.41
0.41
0.41
0.41
0.41
0.42
0.42
0.42
0.43
0.44
0.45
0.46
0.46
0.47
0.48
0.49
0.49
0.49
0.50
0.50
0.50
0.51
0.51
0.51
0.51
0.52
0.52
0.52
0.52
0.52
0.52
0.51
0.51
0.50
0.49
0.49
0.48
0.47
0.47
0.46
0.45
0.45
0.44
0.43
0.42
0.42
0.41
0.40
0.40
0.39
0.38
0.38
0.38
0.38
0.38
0.38
0.37
0.37
144.70
144.30
144.10
144.10
144.40
144.70
145.30
145.90
146.70
147.50
148.20
149.00
149.60
150.40
151.20
152.00
153.20
154.40
155.80
157.20
158.70
160.30
162.30
164.20
166.30
168.50
170.40
171.50
171.90
171.20
169.50
166.50
162.00
156.50
150.30
143.80
137.50
131.40
126.50
121.80
116.50
109.60
100.80
90.37
79.04
67.89
58.15
50.14
43.43
38.41
35.72
34.47
33.63
32.86
32.07
31.34
30.62
29.95
29.27
28.62
28.03
27.47
26.96
26.51
26.16
25.82
25.57
25.32
25.00
24.43
23.60
22.68
21.69
20.76
19.80
18.78
17.87
16.86
15.76
14.56
13.27
11.87
10.36
8.69
7.00
5.34
3.61
2.33
1.75
1.39
1.05
0.78
0.54
0.34
0.22
0.22
0.23
0.24
0.25
0.26
0.27
0.28
0.29
0.30
0.31
0.32
0.33
0.34
0.35
0.36
0.36
0.37
0.38
0.38
0.38
0.39
0.39
0.39
0.39
0.39
0.40
0.40
0.40
0.40
0.40
0.40
0.41
0.41
0.41
0.42
0.42
0.43
0.43
0.44
0.46
0.46
0.47
0.47
0.48
0.48
0.49
0.49
0.49
0.49
0.49
0.49
0.49
0.49
0.49
0.48
0.47
0.47
0.47
0.47
0.46
0.45
0.45
0.44
0.44
0.43
0.42
0.42
0.41
0.41
0.40
0.39
0.39
0.38
0.38
0.38
0.37
0.37
0.37
0.36
0.36
0.36
0.36
0.36
0.36
0.36
0.36
144.80
144.50
144.60
144.80
145.20
146.00
146.70
147.90
149.30
150.80
152.40
154.30
156.00
157.90
159.90
162.00
164.40
167.10
169.90
173.10
176.70
180.50
184.40
188.20
192.30
196.80
201.00
205.40
209.60
213.70
217.70
221.50
225.10
228.60
231.70
234.60
237.10
239.50
241.60
243.20
244.10
244.50
244.00
242.80
240.30
236.60
231.40
224.60
216.80
208.10
198.60
189.20
179.70
171.40
163.40
155.00
146.20
136.90
127.40
118.00
109.20
101.80
94.93
88.91
83.06
77.60
70.87
63.87
57.48
50.03
42.70
37.09
32.95
30.31
26.25
22.33
18.98
15.84
13.25
10.72
9.11
7.85
6.76
5.59
4.47
3.54
2.76
2.17
1.77
1.41
1.07
0.77
0.50
0.28
0.18
0.18
0.18
0.18
0.19
0.20
0.21
0.22
0.22
0.24
0.24
0.25
0.26
0.26
0.27
0.28
0.28
0.29
0.30
0.31
0.31
0.31
0.31
0.31
0.32
0.32
0.32
0.33
0.33
0.33
0.33
0.33
0.33
0.34
0.34
0.34
0.35
0.35
0.36
0.37
0.37
0.38
0.39
0.39
0.39
0.40
0.40
0.41
0.41
0.41
0.41
0.42
0.42
0.42
0.42
0.42
0.42
0.42
0.42
0.42
0.42
0.42
0.42
0.41
0.41
0.41
0.40
0.40
0.39
0.39
0.39
0.38
0.38
0.37
0.37
0.37
0.36
0.36
0.36
0.35
0.35
0.35
0.35
0.35
0.35
0.35
0.35
