SALVI
1
0
24
15.0
181
1.0
241201
SNAP 5050 F351 PMMA S

SNAP 5050 F351 PMMA S.ldt
10 December 2024/TB
320
0
90
220
0
0
0
0
0
99.81
100.00
1.00
0.00
1
1
5050
5500.50
3000
70
40.20
0.22
0.31
0.40
0.49
0.55
0.64
0.70
0.75
0.81
0.85
0.00
15.00
30.00
45.00
60.00
75.00
90.00
105.00
120.00
135.00
150.00
165.00
180.00
195.00
210.00
225.00
240.00
255.00
270.00
285.00
300.00
315.00
330.00
345.00
0.00
1.00
2.00
3.00
4.00
5.00
6.00
7.00
8.00
9.00
10.00
11.00
12.00
13.00
14.00
15.00
16.00
17.00
18.00
19.00
20.00
21.00
22.00
23.00
24.00
25.00
26.00
27.00
28.00
29.00
30.00
31.00
32.00
33.00
34.00
35.00
36.00
37.00
38.00
39.00
40.00
41.00
42.00
43.00
44.00
45.00
46.00
47.00
48.00
49.00
50.00
51.00
52.00
53.00
54.00
55.00
56.00
57.00
58.00
59.00
60.00
61.00
62.00
63.00
64.00
65.00
66.00
67.00
68.00
69.00
70.00
71.00
72.00
73.00
74.00
75.00
76.00
77.00
78.00
79.00
80.00
81.00
82.00
83.00
84.00
85.00
86.00
87.00
88.00
89.00
90.00
91.00
92.00
93.00
94.00
95.00
96.00
97.00
98.00
99.00
100.00
101.00
102.00
103.00
104.00
105.00
106.00
107.00
108.00
109.00
110.00
111.00
112.00
113.00
114.00
115.00
116.00
117.00
118.00
119.00
120.00
121.00
122.00
123.00
124.00
125.00
126.00
127.00
128.00
129.00
130.00
131.00
132.00
133.00
134.00
135.00
136.00
137.00
138.00
139.00
140.00
141.00
142.00
143.00
144.00
145.00
146.00
147.00
148.00
149.00
150.00
151.00
152.00
153.00
154.00
155.00
156.00
157.00
158.00
159.00
160.00
161.00
162.00
163.00
164.00
165.00
166.00
167.00
168.00
169.00
170.00
171.00
172.00
173.00
174.00
175.00
176.00
177.00
178.00
179.00
180.00
210.10
210.30
210.30
210.60
210.80
211.20
211.80
212.30
213.10
213.70
214.30
215.10
215.90
216.50
217.30
217.90
218.40
219.00
219.40
219.90
220.30
220.50
221.00
221.40
221.80
222.10
222.50
222.70
222.70
222.70
222.50
222.40
222.20
222.00
221.70
221.60
221.10
220.80
220.40
219.90
219.50
219.30
219.00
219.00
218.80
218.60
218.80
218.90
219.10
219.30
219.70
220.10
220.80
221.50
221.70
222.30
222.60
222.50
222.10
221.30
220.40
218.70
215.10
209.80
203.70
196.40
189.70
183.10
176.60
166.80
156.60
146.90
135.50
123.50
112.10
101.00
91.42
77.71
64.68
52.52
38.91
28.76
18.50
11.90
6.56
4.42
3.38
2.72
2.19
1.72
1.35
1.02
0.73
0.48
0.32
0.21
0.14
0.14
0.14
0.15
0.16
0.16
0.17
0.17
0.18
0.18
0.19
0.19
0.20
0.20
0.21
0.21
0.22
0.22
0.22
0.23
0.23
0.24
0.24
0.24
0.25
0.25
0.26
0.26
0.27
0.27
0.27
0.28
0.28
0.29
0.29
0.30
0.30
0.31
0.31
0.32
0.32
0.33
0.33
0.33
0.34
0.34
0.34
0.34
0.35
0.35
0.35
0.35
0.35
0.35
0.35
0.35
0.35
0.35
0.35
0.36
0.36
0.36
0.36
0.36
0.36
0.36
0.36
0.36
0.36
0.36
0.36
0.36
0.36
0.36
0.36
0.36
0.37
0.37
0.37
0.37
0.37
0.37
0.37
0.37
0.37
209.90
211.40
212.90
214.50
216.30
218.00
219.70
221.30
223.10
224.90
226.80
228.80
230.90
232.90
235.00
237.20
239.20
241.20
243.10
244.80
246.70
248.30
250.20
252.00
253.70
255.80
257.60
259.50
261.30
263.20
264.90
266.50
268.10
269.70
271.70
273.60
275.50
277.20
278.80
280.60
282.70
285.00
287.30
289.50
292.30
294.90
297.80
301.10
304.60
308.30
312.10
315.80
319.20
322.10
325.10
327.70
330.40
332.60
334.20
335.20
334.50
332.10
327.80
321.00
311.60
298.00
279.60
257.00
232.80
209.00
188.00
169.00
151.50
134.10
116.50
101.90
84.33
65.77
49.70
37.63
26.86
20.75
15.23
10.48
6.90
4.83
3.52
2.70
2.24
1.72
1.37
1.04
0.75
0.49
0.32
0.20
0.13
0.13
0.14
0.14
0.14
0.15
0.15
0.16
0.16
0.17
0.17
0.17
0.18
0.18
0.19
0.19
0.19
0.19
0.20
0.20
0.20
0.21
0.21
0.21
0.22
0.22
0.22
0.23
0.23
0.23
0.24
0.24
0.25
0.25
0.25
0.26
0.26
0.26
0.27
0.27
0.28
0.28
0.28
0.29
0.29
0.29
0.30
0.30
0.30
0.30
0.30
0.31
0.31
0.31
0.31
0.31
0.32
0.32
0.32
0.32
0.33
0.33
0.33
0.33
0.34
0.34
0.34
0.35
0.35
0.35
0.35
0.36
0.36
0.36
0.37
0.38
0.38
0.39
0.39
0.40
0.41
0.41
0.42
0.42
0.42
210.10
212.90
215.90
218.70
221.20
223.60
226.30
229.20
232.50
236.00
239.00
241.90
244.80
247.80
251.10
254.70
258.10
261.90
265.70
269.50
272.80
276.00
279.00
282.30
285.60
288.90
291.90
294.70
297.40
299.80
302.30
304.70
307.20
309.60
312.20
314.80
318.10
321.10
324.50
327.80
331.10
334.10
337.30
340.90
344.60
348.60
353.30
358.70
364.20
370.20
376.60
382.90
389.60
396.70
404.00
410.80
417.50
423.20
427.50
430.80
432.20
430.20
424.00
411.20
389.70
360.40
326.80
296.80
266.20
233.40
198.30
163.50
133.20
106.40
85.04
67.14
53.45
39.58
29.32
22.66
18.42
14.08
11.41
8.81
6.66
4.93
3.59
2.63
2.15
1.67
1.30
0.98
0.68
0.44
0.26
0.15
0.10
0.10
0.10
0.10
0.10
0.10
0.10
0.11
0.11
0.11
0.11
0.11
0.12
0.12
0.12
0.13
0.14
0.14
0.14
0.14
0.14
0.15
0.15
0.15
0.15
0.16
0.16
0.16
0.16
0.17
0.18
0.18
0.18
0.18
0.19
0.19
0.20
0.21
0.21
0.21
0.21
0.21
0.22
0.22
0.23
0.23
0.23
0.24
0.24
0.24
0.24
0.25
0.25
0.26
0.26
0.27
0.27
0.27
0.27
0.27
0.28
0.28
0.28
0.29
0.29
0.29
0.30
0.30
0.31
0.31
0.32
0.32
0.33
0.33
0.34
0.35
0.35
0.36
0.37
0.38
0.39
0.40
0.41
0.41
0.42
209.80
213.80
217.80
221.20
224.60
228.40
232.40
236.50
240.10
243.60
247.60
252.00
256.60
261.50
266.30
271.40
276.10
281.00
286.10
291.50
296.40
300.90
305.00
309.10
313.10
316.70
320.10
324.00
327.60
331.00
334.30
337.40
340.40
343.20
345.10
346.80
349.00
351.60
354.30
357.30
359.60
361.80
364.60
368.30
373.60
380.00
387.40
395.50
403.90
413.60
424.20
435.60
448.00
461.30
474.90
488.70
502.70
516.50
530.60
543.10
553.30
561.00
565.30
565.10
559.50
549.10
534.80
513.60
477.00
421.00
350.90
272.20
208.70
163.40
127.80
101.10
74.36
52.29
36.92
27.28
20.10
15.48
12.39
9.88
7.72
5.89
4.18
3.14
2.49
1.88
1.39
1.03
0.70
0.44
0.23
0.11
0.08
0.08
0.09
0.09
0.09
0.09
0.09
0.10
0.10
0.10
0.10
0.10
0.11
0.11
0.11
0.11
0.12
0.12
0.12
0.12
0.13
0.13
0.13
0.14
0.14
0.14
0.14
0.15
0.15
0.16
0.16
0.16
0.16
0.17
0.17
0.18
0.18
0.18
0.19
0.19
0.19
0.20
0.20
0.20
0.21
0.21
0.22
0.22
0.23
0.23
0.23
0.23
0.24
0.24
0.25
0.25
0.25
0.26
0.26
0.27
0.27
0.28
0.28
0.29
0.29
0.30
0.30
0.31
0.31
0.32
0.32
0.33
0.34
0.34
0.35
0.36
0.37
0.38
0.39
0.39
0.41
0.41
0.42
0.43
0.43
210.10
215.00
219.50
223.60
228.00
232.90
237.60
241.70
246.10
251.00
256.50
262.00
267.70
273.50
279.20
285.30
291.40
296.90
302.60
308.10
313.50
318.80
323.70
328.60
333.20
337.50
341.90
345.70
349.70
353.50
356.40
359.00
362.00
365.00
368.10
370.40
372.50
375.00
379.10
384.40
391.00
398.00
405.20
412.00
419.10
425.80
433.30
441.10
449.40
457.60
466.30
475.00
482.40
488.90
493.80
497.90
502.40
509.10
519.10
533.10
548.20
560.00
562.50
552.00
527.20
489.50
441.80
388.40
334.80
278.90
226.70
180.40
138.60
106.90
83.33
66.04
53.18
42.36
31.19
23.78
18.78
15.03
12.13
9.61
7.53
5.61
3.73
2.76
2.17
1.63
1.20
0.87
0.58
0.33
0.16
0.08
0.08
0.08
0.08
0.08
0.08
0.08
0.08
0.08
0.08
0.08
0.08
0.08
0.08
0.08
0.09
0.09
0.09
0.09
0.09
0.09
0.10
0.10
0.10
0.10
0.10
0.11
0.11
0.11
0.12
0.12
0.12
0.13
0.13
0.13
0.14
0.14
0.15
0.15
0.15
0.15
0.16
0.16
0.16
0.17
0.18
0.18
0.18
0.18
0.19
0.19
0.19
0.20
0.21
0.21
0.21
0.22
0.22
0.23
0.24
0.24
0.24
0.25
0.25
0.26
0.27
0.27
0.28
0.28
0.29
0.29
0.30
0.31
0.32
0.32
0.33
0.35
0.35
0.36
0.37
0.38
0.40
0.40
0.41
0.42
0.43
209.90
215.20
220.20
224.70
229.70
235.20
239.80
244.40
249.80
255.80
261.80
268.10
274.30
280.50
287.30
294.20
300.60
306.90
313.30
319.60
325.80
331.80
337.80
343.10
348.80
354.30
360.10
365.80
370.80
375.70
380.80
385.90
390.40
393.70
396.90
401.20
407.10
415.10
423.80
432.40
440.60
448.70
457.00
465.80
474.60
483.20
491.30
499.10
503.70
504.50
502.00
496.30
491.60
492.10
497.10
501.00
496.80
476.10
429.70
368.40
310.90
258.70
210.50
173.90
146.40
125.80
109.70
93.73
81.12
69.42
59.45
51.53
44.75
38.70
33.53
28.98
25.03
21.44
19.14
17.36
15.01
12.99
10.79
9.00
7.49
5.80
3.41
2.46
1.90
1.39
1.03
0.75
0.49
0.26
0.10
0.08
0.08
0.08
0.08
0.08
0.08
0.08
0.08
0.09
0.09
0.09
0.09
0.09
0.09
0.10
0.10
0.10
0.10
0.10
0.10
0.10
0.11
0.11
0.11
0.11
0.11
0.12
0.12
0.12
0.12
0.13
0.13
0.13
0.13
0.14
0.14
0.14
0.15
0.15
0.15
0.16
0.16
0.16
0.17
0.17
0.18
0.18
0.18
0.19
0.19
0.20
0.20
0.21
0.21
0.21
0.22
0.22
0.23
0.23
0.24
0.24
0.25
0.25
0.26
0.26
0.27
0.28
0.28
0.29
0.29
0.30
0.31
0.32
0.33
0.33
0.34
0.35
0.36
0.37
0.39
0.39
0.41
0.42
0.43
0.44
0.44
210.10
215.80
220.70
225.40
230.70
236.20
240.80
245.70
251.30
257.60
263.90
270.70
277.00
283.70
290.80
297.70
304.10
310.80
317.50
324.40
330.60
337.00
343.50
349.50
355.50
361.80
368.40
373.70
379.10
384.80
390.40
396.00
400.20
403.70
408.20
414.80
424.00
434.40
444.40
453.10
461.80
471.40
481.10
490.50
499.90
509.20
517.10
520.00
518.10
513.80
506.80
503.80
509.90
515.20
511.80
493.40
443.20
373.30
317.40
262.90
216.10
184.20
158.10
138.00
122.60
107.40
93.93
82.75
71.77
61.73
55.00
48.29
43.03
37.27
32.19
28.42
24.20
20.50
18.14
16.11
14.21
12.29
10.50
8.73
7.13
5.58
3.66
2.66
1.98
1.37
1.01
0.71
0.43
0.21
0.08
0.08
0.07
0.07
0.07
0.07
0.07
0.08
0.08
0.08
0.08
0.08
0.08
0.08
0.08
0.08
0.08
0.08
0.09
0.09
0.09
0.09
0.09
0.09
0.10
0.10
0.10
0.11
0.11
0.11
0.11
0.11
0.11
0.11
0.12
0.12
0.12
0.13
0.14
0.14
0.14
0.14
0.14
0.15
0.15
0.15
0.16
0.16
0.16
0.17
0.17
0.18
0.18
0.19
0.19
0.19
0.20
0.20
0.21
0.22
0.22
0.22
0.23
0.23
0.25
0.25
0.25
0.26
0.27
0.28
0.28
0.28
0.29
0.30
0.31
0.32
0.32
0.34
0.35
0.36
0.37
0.38
0.39
0.40
0.41
0.42
0.43
209.90
215.20
220.20
224.70
229.70
235.20
239.80
244.40
249.80
255.80
261.80
268.10
274.30
280.50
287.30
294.20
300.60
306.90
313.30
319.60
325.80
331.80
337.80
343.10
348.80
354.30
360.10
365.80
370.80
375.70
380.80
385.90
390.40
393.70
396.90
401.20
407.10
415.10
423.80
432.40
440.60
448.70
457.00
465.80
474.60
483.20
491.30
499.10
503.70
504.50
502.00
496.30
491.60
492.10
497.10
501.00
496.80
476.10
429.70
368.40
310.90
258.70
210.50
173.90
146.40
125.80
109.70
93.73
81.12
69.42
59.45
51.53
44.75
38.70
33.53
28.98
25.03
21.44
19.14
17.36
15.01
12.99
10.79
9.00
7.49
5.80
3.41
2.46
1.90
1.39
1.03
0.75
0.49
0.26
0.10
0.08
0.08
0.08
0.08
0.08
0.08
0.08
0.08
0.09
0.09
0.09
0.09
0.09
0.09
0.10
0.10
0.10
0.10
0.10
0.10
0.10
0.11
0.11
0.11
0.11
0.11
0.12
0.12
0.12
0.12
0.13
0.13
0.13
0.13
0.14
0.14
0.14
0.15
0.15
0.15
0.16
0.16
0.16
0.17
0.17
0.18
0.18
0.18
0.19
0.19
0.20
0.20
0.21
0.21
0.21
0.22
0.22
0.23
0.23
0.24
0.24
0.25
0.25
0.26
0.26
0.27
0.28
0.28
0.29
0.29
0.30
0.31
0.32
0.33
0.33
0.34
0.35
0.36
0.37
0.39
0.39
0.41
0.42
0.43
0.44
0.44
210.10
215.00
219.50
223.60
228.00
232.90
237.60
241.70
246.10
251.00
256.50
262.00
267.70
273.50
279.20
285.30
291.40
296.90
302.60
308.10
313.50
318.80
323.70
328.60
333.20
337.50
341.90
345.70
349.70
353.50
356.40
359.00
362.00
365.00
368.10
370.40
372.50
375.00
379.10
384.40
391.00
398.00
405.20
412.00
419.10
425.80
433.30
441.10
449.40
457.60
466.30
475.00
482.40
488.90
493.80
497.90
502.40
509.10
519.10
533.10
548.20
560.00
562.50
552.00
527.20
489.50
441.80
388.40
334.80
278.90
226.70
180.40
138.60
106.90
83.33
66.04
53.18
42.36
31.19
23.78
18.78
15.03
12.13
9.61
7.53
5.61
3.73
2.76
2.17
1.63
1.20
0.87
0.58
0.33
0.16
0.08
0.08
0.08
0.08
0.08
0.08
0.08
0.08
0.08
0.08
0.08
0.08
0.08
0.08
0.08
0.09
0.09
0.09
0.09
0.09
0.09
0.10
0.10
0.10
0.10
0.10
0.11
0.11
0.11
0.12
0.12
0.12
0.13
0.13
0.13
0.14
0.14
0.15
0.15
0.15
0.15
0.16
0.16
0.16
0.17
0.18
0.18
0.18
0.18
0.19
0.19
0.19
0.20
0.21
0.21
0.21
0.22
0.22
0.23
0.24
0.24
0.24
0.25
0.25
0.26
0.27
0.27
0.28
0.28
0.29
0.29
0.30
0.31
0.32
0.32
0.33
0.35
0.35
0.36
0.37
0.38
0.40
0.40
0.41
0.42
0.43
209.80
213.80
217.80
221.20
224.60
228.40
232.40
236.50
240.10
243.60
247.60
252.00
256.60
261.50
266.30
271.40
276.10
281.00
286.10
291.50
296.40
300.90
305.00
309.10
313.10
316.70
320.10
324.00
327.60
331.00
334.30
337.40
340.40
343.20
345.10
346.80
349.00
351.60
354.30
357.30
359.60
361.80
364.60
368.30
373.60
380.00
387.40
395.50
403.90
413.60
424.20
435.60
448.00
461.30
474.90
488.70
502.70
516.50
530.60
543.10
553.30
561.00
565.30
565.10
559.50
549.10
534.80
513.60
477.00
421.00
350.90
272.20
208.70
163.40
127.80
101.10
74.36
52.29
36.92
27.28
20.10
15.48
12.39
9.88
7.72
5.89
4.18
3.14
2.49
1.88
1.39
1.03
0.70
0.44
0.23
0.11
0.08
0.08
0.09
0.09
0.09
0.09
0.09
0.10
0.10
0.10
0.10
0.10
0.11
0.11
0.11
0.11
0.12
0.12
0.12
0.12
0.13
0.13
0.13
0.14
0.14
0.14
0.14
0.15
0.15
0.16
0.16
0.16
0.16
0.17
0.17
0.18
0.18
0.18
0.19
0.19
0.19
0.20
0.20
0.20
0.21
0.21
0.22
0.22
0.23
0.23
0.23
0.23
0.24
0.24
0.25
0.25
0.25
0.26
0.26
0.27
0.27
0.28
0.28
0.29
0.29
0.30
0.30
0.31
0.31
0.32
0.32
0.33
0.34
0.34
0.35
0.36
0.37
0.38
0.39
0.39
0.41
0.41
0.42
0.43
0.43
210.10
212.90
215.90
218.70
221.20
223.60
226.30
229.20
232.50
236.00
239.00
241.90
244.80
247.80
251.10
254.70
258.10
261.90
265.70
269.50
272.80
276.00
279.00
282.30
285.60
288.90
291.90
294.70
297.40
299.80
302.30
304.70
307.20
309.60
312.20
314.80
318.10
321.10
324.50
327.80
331.10
334.10
337.30
340.90
344.60
348.60
353.30
358.70
364.20
370.20
376.60
382.90
389.60
396.70
404.00
410.80
417.50
423.20
427.50
430.80
432.20
430.20
424.00
411.20
389.70
360.40
326.80
296.80
266.20
233.40
198.30
163.50
133.20
106.40
85.04
67.14
53.45
39.58
29.32
22.66
18.42
14.08
11.41
8.81
6.66
4.93
3.59
2.63
2.15
1.67
1.30
0.98
0.68
0.44
0.26
0.15
0.10
0.10
0.10
0.10
0.10
0.10
0.10
0.11
0.11
0.11
0.11
0.11
0.12
0.12
0.12
0.13
0.14
0.14
0.14
0.14
0.14
0.15
0.15
0.15
0.15
0.16
0.16
0.16
0.16
0.17
0.18
0.18
0.18
0.18
0.19
0.19
0.20
0.21
0.21
0.21
0.21
0.21
0.22
0.22
0.23
0.23
0.23
0.24
0.24
0.24
0.24
0.25
0.25
0.26
0.26
0.27
0.27
0.27
0.27
0.27
0.28
0.28
0.28
0.29
0.29
0.29
0.30
0.30
0.31
0.31
0.32
0.32
0.33
0.33
0.34
0.35
0.35
0.36
0.37
0.38
0.39
0.40
0.41
0.41
0.42
209.90
211.40
212.90
214.50
216.30
218.00
219.70
221.30
223.10
224.90
226.80
228.80
230.90
232.90
235.00
237.20
239.20
241.20
243.10
244.80
246.70
248.30
250.20
252.00
253.70
255.80
257.60
259.50
261.30
263.20
264.90
266.50
268.10
269.70
271.70
273.60
275.50
277.20
278.80
280.60
282.70
285.00
287.30
289.50
292.30
294.90
297.80
301.10
304.60
308.30
312.10
315.80
319.20
322.10
325.10
327.70
330.40
332.60
334.20
335.20
334.50
332.10
327.80
321.00
311.60
298.00
279.60
257.00
232.80
209.00
188.00
169.00
151.50
134.10
116.50
101.90
84.33
65.77
49.70
37.63
26.86
20.75
15.23
10.48
6.90
4.83
3.52
2.70
2.24
1.72
1.37
1.04
0.75
0.49
0.32
0.20
0.13
0.13
0.14
0.14
0.14
0.15
0.15
0.16
0.16
0.17
0.17
0.17
0.18
0.18
0.19
0.19
0.19
0.19
0.20
0.20
0.20
0.21
0.21
0.21
0.22
0.22
0.22
0.23
0.23
0.23
0.24
0.24
0.25
0.25
0.25
0.26
0.26
0.26
0.27
0.27
0.28
0.28
0.28
0.29
0.29
0.29
0.30
0.30
0.30
0.30
0.30
0.31
0.31
0.31
0.31
0.31
0.32
0.32
0.32
0.32
0.33
0.33
0.33
0.33
0.34
0.34
0.34
0.35
0.35
0.35
0.35
0.36
0.36
0.36
0.37
0.38
0.38
0.39
0.39
0.40
0.41
0.41
0.42
0.42
0.42
210.10
210.30
210.30
210.60
210.80
211.20
211.80
212.30
213.10
213.70
214.30
215.10
215.90
216.50
217.30
217.90
218.40
219.00
219.40
219.90
220.30
220.50
221.00
221.40
221.80
222.10
222.50
222.70
222.70
222.70
222.50
222.40
222.20
222.00
221.70
221.60
221.10
220.80
220.40
219.90
219.50
219.30
219.00
219.00
218.80
218.60
218.80
218.90
219.10
219.30
219.70
220.10
220.80
221.50
221.70
222.30
222.60
222.50
222.10
221.30
220.40
218.70
215.10
209.80
203.70
196.40
189.70
183.10
176.60
166.80
156.60
146.90
135.50
123.50
112.10
101.00
91.42
77.71
64.68
52.52
38.91
28.76
18.50
11.90
6.56
4.42
3.38
2.72
2.19
1.72
1.35
1.02
0.73
0.48
0.32
0.21
0.14
0.14
0.14
0.15
0.16
0.16
0.17
0.17
0.18
0.18
0.19
0.19
0.20
0.20
0.21
0.21
0.22
0.22
0.22
0.23
0.23
0.24
0.24
0.24
0.25
0.25
0.26
0.26
0.27
0.27
0.27
0.28
0.28
0.29
0.29
0.30
0.30
0.31
0.31
0.32
0.32
0.33
0.33
0.33
0.34
0.34
0.34
0.34
0.35
0.35
0.35
0.35
0.35
0.35
0.35
0.35
0.35
0.35
0.35
0.36
0.36
0.36
0.36
0.36
0.36
0.36
0.36
0.36
0.36
0.36
0.36
0.36
0.36
0.36
0.36
0.36
0.37
0.37
0.37
0.37
0.37
0.37
0.37
0.37
0.37
209.90
208.50
207.20
206.00
204.90
203.80
203.00
202.10
201.30
200.30
199.50
198.60
197.60
196.80
195.80
194.90
193.90
192.80
191.60
190.50
189.30
188.00
186.70
185.30
183.80
182.60
181.00
179.50
178.00
176.30
174.60
172.80
170.80
168.70
166.90
164.70
162.60
160.50
158.50
156.30
154.10
151.60
149.30
147.20
144.90
142.50
140.20
138.50
136.70
135.00
133.50
132.00
130.40
128.90
127.50
126.10
124.50
123.30
122.10
120.90
119.40
118.10
116.20
113.70
110.50
106.40
102.20
98.20
94.15
90.62
88.67
83.88
78.70
72.34
67.39
61.14
55.75
50.35
44.57
37.10
31.55
22.31
17.05
8.95
6.35
3.86
2.86
2.33
1.85
1.47
1.16
0.89
0.66
0.46
0.32
0.24
0.19
0.18
0.19
0.19
0.20
0.21
0.21
0.22
0.22
0.23
0.24
0.24
0.25
0.26
0.26
0.27
0.27
0.28
0.28
0.29
0.29
0.29
0.30
0.30
0.30
0.31
0.31
0.31
0.32
0.32
0.32
0.33
0.34
0.34
0.34
0.35
0.35
0.36
0.37
0.38
0.39
0.39
0.40
0.40
0.40
0.41
0.41
0.42
0.42
0.42
0.42
0.42
0.43
0.43
0.43
0.43
0.43
0.43
0.43
0.43
0.43
0.43
0.43
0.43
0.42
0.42
0.42
0.42
0.42
0.42
0.42
0.41
0.41
0.41
0.41
0.41
0.41
0.41
0.40
0.41
0.41
0.41
0.41
0.42
0.42
210.10
207.40
204.90
202.20
199.70
197.20
194.80
192.40
189.90
187.50
185.00
182.40
179.80
177.30
174.70
172.00
169.30
166.60
164.10
161.30
158.50
155.80
153.00
150.20
147.50
144.50
141.50
138.30
135.00
131.50
128.00
124.40
120.70
117.00
113.20
109.30
105.40
101.60
97.47
93.52
89.80
86.27
82.94
79.88
77.11
74.78
72.92
71.44
70.32
69.63
69.13
68.84
68.70
68.85
69.26
69.65
69.98
70.11
69.51
68.44
67.00
65.20
62.93
60.34
57.93
55.76
53.38
50.88
48.53
45.99
44.30
42.05
39.94
36.72
33.67
30.79
28.82
25.79
23.03
20.61
19.31
15.47
10.68
8.94
5.94
3.67
2.27
1.86
1.52
1.21
0.97
0.77
0.59
0.44
0.32
0.27
0.23
0.23
0.24
0.25
0.26
0.27
0.27
0.29
0.29
0.30
0.31
0.32
0.33
0.34
0.34
0.35
0.36
0.36
0.37
0.37
0.37
0.38
0.38
0.38
0.38
0.39
0.39
0.39
0.39
0.40
0.40
0.41
0.41
0.42
0.42
0.43
0.44
0.45
0.46
0.47
0.47
0.48
0.48
0.49
0.50
0.50
0.50
0.50
0.50
0.50
0.50
0.50
0.50
0.50
0.50
0.49
0.49
0.49
0.48
0.48
0.47
0.47
0.47
0.47
0.46
0.45
0.45
0.45
0.44
0.44
0.44
0.44
0.43
0.43
0.42
0.42
0.42
0.42
0.43
0.43
0.42
0.42
0.42
0.42
0.42
209.80
206.10
202.30
198.50
194.80
191.00
187.20
183.20
179.30
175.50
171.60
167.60
163.60
159.70
155.90
152.00
148.20
144.40
140.70
136.80
132.70
128.60
124.40
120.20
116.00
111.80
107.80
103.70
99.72
96.00
92.56
89.66
87.39
85.80
84.49
83.15
81.80
80.28
78.70
77.11
75.17
73.19
71.46
69.83
68.40
66.80
65.00
62.90
60.95
59.22
57.60
56.05
54.54
53.13
51.55
49.97
48.33
46.75
45.32
44.01
42.88
42.08
41.52
41.44
41.70
42.22
42.92
43.55
44.17
44.67
44.71
44.55
44.60
44.33
43.66
41.99
38.57
35.12
31.35
30.08
23.78
18.06
14.71
10.81
7.14
3.43
2.29
1.86
1.50
1.19
0.94
0.73
0.56
0.43
0.33
0.27
0.24
0.23
0.24
0.25
0.26
0.27
0.28
0.29
0.30
0.31
0.32
0.33
0.34
0.35
0.35
0.36
0.37
0.37
0.38
0.38
0.39
0.39
0.39
0.39
0.40
0.40
0.40
0.41
0.41
0.41
0.41
0.41
0.42
0.43
0.44
0.44
0.44
0.46
0.47
0.48
0.49
0.50
0.50
0.51
0.52
0.52
0.52
0.53
0.53
0.53
0.53
0.54
0.54
0.54
0.54
0.54
0.54
0.54
0.54
0.54
0.53
0.53
0.52
0.52
0.51
0.51
0.50
0.50
0.49
0.49
0.48
0.47
0.47
0.46
0.46
0.45
0.45
0.44
0.44
0.44
0.44
0.43
0.43
0.43
0.43
210.10
205.50
200.80
196.10
191.30
186.50
181.50
176.50
171.50
166.40
161.40
156.50
151.70
146.90
142.20
137.50
132.90
128.20
123.50
118.80
114.00
109.50
105.20
101.00
97.40
94.37
92.08
90.98
90.10
88.75
87.23
85.53
83.41
81.53
80.32
79.49
78.34
77.12
76.00
74.52
72.80
70.90
68.90
66.92
64.90
63.01
61.25
59.64
58.05
56.52
54.91
53.36
52.07
51.06
50.45
50.24
50.37
50.70
51.22
51.82
52.32
53.02
53.64
54.34
55.03
55.41
55.20
54.27
52.32
50.03
46.96
43.18
39.16
35.43
30.95
26.99
23.66
21.03
18.42
15.05
12.89
11.05
9.07
6.84
5.18
2.75
1.98
1.66
1.33
1.07
0.85
0.67
0.52
0.40
0.30
0.24
0.23
0.24
0.25
0.26
0.27
0.28
0.29
0.30
0.31
0.32
0.33
0.34
0.35
0.36
0.37
0.38
0.39
0.39
0.40
0.41
0.41
0.41
0.42
0.42
0.42
0.43
0.43
0.43
0.44
0.44
0.44
0.45
0.45
0.46
0.46
0.47
0.47
0.48
0.49
0.50
0.51
0.52
0.53
0.53
0.54
0.54
0.55
0.55
0.56
0.56
0.56
0.56
0.56
0.56
0.56
0.56
0.56
0.55
0.55
0.55
0.54
0.54
0.53
0.53
0.52
0.52
0.51
0.50
0.50
0.49
0.48
0.48
0.47
0.47
0.46
0.45
0.45
0.44
0.44
0.44
0.44
0.44
0.44
0.43
0.43
209.90
204.70
199.40
194.00
188.70
183.10
177.40
171.70
166.00
160.30
154.70
149.10
143.80
138.40
133.30
128.00
122.80
117.60
112.50
107.60
103.00
98.88
95.34
93.00
91.94
90.93
89.52
87.90
86.00
84.08
82.89
82.69
82.38
81.99
81.73
81.36
80.65
79.88
78.81
77.60
76.34
74.86
73.33
71.52
69.72
67.83
65.85
63.97
62.19
60.49
58.75
57.34
56.43
55.70
55.36
55.39
55.86
57.03
59.25
62.29
65.39
67.41
68.96
67.95
66.34
63.90
59.83
54.98
50.08
45.25
40.18
34.73
30.24
26.61
23.95
20.86
18.74
17.07
15.22
13.66
12.00
10.51
8.37
6.60
4.48
2.58
1.93
1.56
1.22
0.98
0.78
0.61
0.48
0.37
0.28
0.22
0.20
0.20
0.21
0.22
0.23
0.24
0.25
0.27
0.28
0.28
0.29
0.30
0.31
0.32
0.33
0.35
0.35
0.36
0.37
0.38
0.39
0.40
0.40
0.41
0.41
0.42
0.42
0.42
0.43
0.43
0.43
0.44
0.45
0.45
0.45
0.45
0.46
0.46
0.47
0.48
0.48
0.49
0.50
0.50
0.51
0.52
0.52
0.53
0.54
0.54
0.54
0.55
0.55
0.56
0.56
0.56
0.56
0.56
0.56
0.56
0.56
0.56
0.56
0.56
0.55
0.55
0.54
0.53
0.52
0.52
0.51
0.51
0.50
0.49
0.49
0.48
0.47
0.46
0.46
0.46
0.46
0.45
0.45
0.45
0.44
210.10
204.90
199.40
193.90
188.30
182.40
176.40
170.60
164.70
158.60
153.00
147.30
141.60
136.10
130.50
125.20
119.70
114.40
109.30
104.20
99.85
96.05
93.37
92.00
90.97
89.58
88.15
86.24
84.47
83.32
83.29
83.40
83.51
83.73
83.82
83.78
83.55
83.03
82.46
81.61
80.64
79.29
77.76
76.17
74.31
72.24
70.18
67.94
65.52
63.07
60.66
58.43
56.46
54.93
54.11
54.50
56.62
60.40
64.68
67.92
71.04
71.25
70.59
69.54
66.17
61.49
56.89
52.25
46.54
40.38
35.10
31.18
27.31
23.85
21.66
20.23
17.51
15.84
14.07
12.52
11.00
9.28
8.16
6.24
4.05
2.53
1.72
1.40
1.14
0.92
0.74
0.58
0.45
0.34
0.25
0.18
0.19
0.20
0.21
0.22
0.23
0.24
0.25
0.26
0.27
0.28
0.29
0.30
0.31
0.33
0.33
0.35
0.36
0.36
0.38
0.38
0.40
0.40
0.41
0.42
0.42
0.43
0.43
0.44
0.44
0.45
0.45
0.45
0.45
0.46
0.46
0.46
0.47
0.47
0.47
0.48
0.48
0.49
0.50
0.50
0.51
0.52
0.53
0.53
0.54
0.55
0.55
0.56
0.55
0.55
0.55
0.55
0.55
0.55
0.55
0.55
0.55
0.55
0.54
0.54
0.54
0.53
0.52
0.52
0.51
0.51
0.50
0.49
0.49
0.48
0.47
0.46
0.45
0.45
0.45
0.45
0.44
0.44
0.44
0.44
0.44
209.90
204.70
199.40
194.00
188.70
183.10
177.40
171.70
166.00
160.30
154.70
149.10
143.80
138.40
133.30
128.00
122.80
117.60
112.50
107.60
103.00
98.88
95.34
93.00
91.94
90.93
89.52
87.90
86.00
84.08
82.89
82.69
82.38
81.99
81.73
81.36
80.65
79.88
78.81
77.60
76.34
74.86
73.33
71.52
69.72
67.83
65.85
63.97
62.19
60.49
58.75
57.34
56.43
55.70
55.36
55.39
55.86
57.03
59.25
62.29
65.39
67.41
68.96
67.95
66.34
63.90
59.83
54.98
50.08
45.25
40.18
34.73
30.24
26.61
23.95
20.86
18.74
17.07
15.22
13.66
12.00
10.51
8.37
6.60
4.48
2.58
1.93
1.56
1.22
0.98
0.78
0.61
0.48
0.37
0.28
0.22
0.20
0.20
0.21
0.22
0.23
0.24
0.25
0.27
0.28
0.28
0.29
0.30
0.31
0.32
0.33
0.35
0.35
0.36
0.37
0.38
0.39
0.40
0.40
0.41
0.41
0.42
0.42
0.42
0.43
0.43
0.43
0.44
0.45
0.45
0.45
0.45
0.46
0.46
0.47
0.48
0.48
0.49
0.50
0.50
0.51
0.52
0.52
0.53
0.54
0.54
0.54
0.55
0.55
0.56
0.56
0.56
0.56
0.56
0.56
0.56
0.56
0.56
0.56
0.56
0.55
0.55
0.54
0.53
0.52
0.52
0.51
0.51
0.50
0.49
0.49
0.48
0.47
0.46
0.46
0.46
0.46
0.45
0.45
0.45
0.44
210.10
205.50
200.80
196.10
191.30
186.50
181.50
176.50
171.50
166.40
161.40
156.50
151.70
146.90
142.20
137.50
132.90
128.20
123.50
118.80
114.00
109.50
105.20
101.00
97.40
94.37
92.08
90.98
90.10
88.75
87.23
85.53
83.41
81.53
80.32
79.49
78.34
77.12
76.00
74.52
72.80
70.90
68.90
66.92
64.90
63.01
61.25
59.64
58.05
56.52
54.91
53.36
52.07
51.06
50.45
50.24
50.37
50.70
51.22
51.82
52.32
53.02
53.64
54.34
55.03
55.41
55.20
54.27
52.32
50.03
46.96
43.18
39.16
35.43
30.95
26.99
23.66
21.03
18.42
15.05
12.89
11.05
9.07
6.84
5.18
2.75
1.98
1.66
1.33
1.07
0.85
0.67
0.52
0.40
0.30
0.24
0.23
0.24
0.25
0.26
0.27
0.28
0.29
0.30
0.31
0.32
0.33
0.34
0.35
0.36
0.37
0.38
0.39
0.39
0.40
0.41
0.41
0.41
0.42
0.42
0.42
0.43
0.43
0.43
0.44
0.44
0.44
0.45
0.45
0.46
0.46
0.47
0.47
0.48
0.49
0.50
0.51
0.52
0.53
0.53
0.54
0.54
0.55
0.55
0.56
0.56
0.56
0.56
0.56
0.56
0.56
0.56
0.56
0.55
0.55
0.55
0.54
0.54
0.53
0.53
0.52
0.52
0.51
0.50
0.50
0.49
0.48
0.48
0.47
0.47
0.46
0.45
0.45
0.44
0.44
0.44
0.44
0.44
0.44
0.43
0.43
209.80
206.10
202.30
198.50
194.80
191.00
187.20
183.20
179.30
175.50
171.60
167.60
163.60
159.70
155.90
152.00
148.20
144.40
140.70
136.80
132.70
128.60
124.40
120.20
116.00
111.80
107.80
103.70
99.72
96.00
92.56
89.66
87.39
85.80
84.49
83.15
81.80
80.28
78.70
77.11
75.17
73.19
71.46
69.83
68.40
66.80
65.00
62.90
60.95
59.22
57.60
56.05
54.54
53.13
51.55
49.97
48.33
46.75
45.32
44.01
42.88
42.08
41.52
41.44
41.70
42.22
42.92
43.55
44.17
44.67
44.71
44.55
44.60
44.33
43.66
41.99
38.57
35.12
31.35
30.08
23.78
18.06
14.71
10.81
7.14
3.43
2.29
1.86
1.50
1.19
0.94
0.73
0.56
0.43
0.33
0.27
0.24
0.23
0.24
0.25
0.26
0.27
0.28
0.29
0.30
0.31
0.32
0.33
0.34
0.35
0.35
0.36
0.37
0.37
0.38
0.38
0.39
0.39
0.39
0.39
0.40
0.40
0.40
0.41
0.41
0.41
0.41
0.41
0.42
0.43
0.44
0.44
0.44
0.46
0.47
0.48
0.49
0.50
0.50
0.51
0.52
0.52
0.52
0.53
0.53
0.53
0.53
0.54
0.54
0.54
0.54
0.54
0.54
0.54
0.54
0.54
0.53
0.53
0.52
0.52
0.51
0.51
0.50
0.50
0.49
0.49
0.48
0.47
0.47
0.46
0.46
0.45
0.45
0.44
0.44
0.44
0.44
0.43
0.43
0.43
0.43
210.10
207.40
204.90
202.20
199.70
197.20
194.80
192.40
189.90
187.50
185.00
182.40
179.80
177.30
174.70
172.00
169.30
166.60
164.10
161.30
158.50
155.80
153.00
150.20
147.50
144.50
141.50
138.30
135.00
131.50
128.00
124.40
120.70
117.00
113.20
109.30
105.40
101.60
97.47
93.52
89.80
86.27
82.94
79.88
77.11
74.78
72.92
71.44
70.32
69.63
69.13
68.84
68.70
68.85
69.26
69.65
69.98
70.11
69.51
68.44
67.00
65.20
62.93
60.34
57.93
55.76
53.38
50.88
48.53
45.99
44.30
42.05
39.94
36.72
33.67
30.79
28.82
25.79
23.03
20.61
19.31
15.47
10.68
8.94
5.94
3.67
2.27
1.86
1.52
1.21
0.97
0.77
0.59
0.44
0.32
0.27
0.23
0.23
0.24
0.25
0.26
0.27
0.27
0.29
0.29
0.30
0.31
0.32
0.33
0.34
0.34
0.35
0.36
0.36
0.37
0.37
0.37
0.38
0.38
0.38
0.38
0.39
0.39
0.39
0.39
0.40
0.40
0.41
0.41
0.42
0.42
0.43
0.44
0.45
0.46
0.47
0.47
0.48
0.48
0.49
0.50
0.50
0.50
0.50
0.50
0.50
0.50
0.50
0.50
0.50
0.50
0.49
0.49
0.49
0.48
0.48
0.47
0.47
0.47
0.47
0.46
0.45
0.45
0.45
0.44
0.44
0.44
0.44
0.43
0.43
0.42
0.42
0.42
0.42
0.43
0.43
0.42
0.42
0.42
0.42
0.42
209.90
208.50
207.20
206.00
204.90
203.80
203.00
202.10
201.30
200.30
199.50
198.60
197.60
196.80
195.80
194.90
193.90
192.80
191.60
190.50
189.30
188.00
186.70
185.30
183.80
182.60
181.00
179.50
178.00
176.30
174.60
172.80
170.80
168.70
166.90
164.70
162.60
160.50
158.50
156.30
154.10
151.60
149.30
147.20
144.90
142.50
140.20
138.50
136.70
135.00
133.50
132.00
130.40
128.90
127.50
126.10
124.50
123.30
122.10
120.90
119.40
118.10
116.20
113.70
110.50
106.40
102.20
98.20
94.15
90.62
88.67
83.88
78.70
72.34
67.39
61.14
55.75
50.35
44.57
37.10
31.55
22.31
17.05
8.95
6.35
3.86
2.86
2.33
1.85
1.47
1.16
0.89
0.66
0.46
0.32
0.24
0.19
0.18
0.19
0.19
0.20
0.21
0.21
0.22
0.22
0.23
0.24
0.24
0.25
0.26
0.26
0.27
0.27
0.28
0.28
0.29
0.29
0.29
0.30
0.30
0.30
0.31
0.31
0.31
0.32
0.32
0.32
0.33
0.34
0.34
0.34
0.35
0.35
0.36
0.37
0.38
0.39
0.39
0.40
0.40
0.40
0.41
0.41
0.42
0.42
0.42
0.42
0.42
0.43
0.43
0.43
0.43
0.43
0.43
0.43
0.43
0.43
0.43
0.43
0.43
0.42
0.42
0.42
0.42
0.42
0.42
0.42
0.41
0.41
0.41
0.41
0.41
0.41
0.41
0.40
0.41
0.41
0.41
0.41
0.42
0.42
