SALVI
1
0
24
15.0
181
1.0
241201
SNAP 5050 F351 VDR S

SNAP 5050 F351 VDR S.ldt
10 December 2024/TB
320
0
90
220
0
0
0
0
0
99.83
100.00
1.00
0.00
1
1
5050
5440.50
3000
70
40.20
0.22
0.31
0.41
0.49
0.55
0.65
0.70
0.75
0.81
0.85
0.00
15.00
30.00
45.00
60.00
75.00
90.00
105.00
120.00
135.00
150.00
165.00
180.00
195.00
210.00
225.00
240.00
255.00
270.00
285.00
300.00
315.00
330.00
345.00
0.00
1.00
2.00
3.00
4.00
5.00
6.00
7.00
8.00
9.00
10.00
11.00
12.00
13.00
14.00
15.00
16.00
17.00
18.00
19.00
20.00
21.00
22.00
23.00
24.00
25.00
26.00
27.00
28.00
29.00
30.00
31.00
32.00
33.00
34.00
35.00
36.00
37.00
38.00
39.00
40.00
41.00
42.00
43.00
44.00
45.00
46.00
47.00
48.00
49.00
50.00
51.00
52.00
53.00
54.00
55.00
56.00
57.00
58.00
59.00
60.00
61.00
62.00
63.00
64.00
65.00
66.00
67.00
68.00
69.00
70.00
71.00
72.00
73.00
74.00
75.00
76.00
77.00
78.00
79.00
80.00
81.00
82.00
83.00
84.00
85.00
86.00
87.00
88.00
89.00
90.00
91.00
92.00
93.00
94.00
95.00
96.00
97.00
98.00
99.00
100.00
101.00
102.00
103.00
104.00
105.00
106.00
107.00
108.00
109.00
110.00
111.00
112.00
113.00
114.00
115.00
116.00
117.00
118.00
119.00
120.00
121.00
122.00
123.00
124.00
125.00
126.00
127.00
128.00
129.00
130.00
131.00
132.00
133.00
134.00
135.00
136.00
137.00
138.00
139.00
140.00
141.00
142.00
143.00
144.00
145.00
146.00
147.00
148.00
149.00
150.00
151.00
152.00
153.00
154.00
155.00
156.00
157.00
158.00
159.00
160.00
161.00
162.00
163.00
164.00
165.00
166.00
167.00
168.00
169.00
170.00
171.00
172.00
173.00
174.00
175.00
176.00
177.00
178.00
179.00
180.00
212.80
212.90
213.00
213.20
213.40
213.70
214.10
214.70
215.20
215.70
216.40
217.00
217.80
218.40
219.10
219.70
220.20
220.70
221.30
221.80
222.30
222.80
223.10
223.60
224.10
224.40
224.90
225.20
225.20
225.20
225.20
224.90
224.70
224.50
224.30
224.00
223.60
223.10
222.70
222.20
221.80
221.30
220.90
220.80
220.40
220.10
220.00
220.00
220.10
220.30
220.50
220.90
221.20
221.40
221.60
221.50
221.30
220.70
219.80
218.50
216.80
214.60
211.40
207.50
202.50
196.30
188.60
180.00
170.90
160.90
150.60
140.10
129.40
117.80
104.70
91.76
79.11
67.22
56.06
44.94
34.01
24.49
17.05
11.40
6.79
3.44
1.74
0.79
0.35
0.18
0.11
0.11
0.11
0.12
0.12
0.12
0.13
0.13
0.14
0.15
0.15
0.16
0.16
0.17
0.17
0.18
0.19
0.19
0.20
0.20
0.21
0.21
0.22
0.22
0.22
0.23
0.23
0.24
0.24
0.24
0.25
0.25
0.26
0.26
0.27
0.27
0.28
0.28
0.28
0.29
0.29
0.29
0.30
0.31
0.31
0.32
0.32
0.33
0.33
0.33
0.34
0.34
0.34
0.35
0.35
0.35
0.35
0.35
0.36
0.36
0.36
0.36
0.36
0.36
0.36
0.36
0.36
0.36
0.36
0.36
0.36
0.36
0.36
0.36
0.36
0.36
0.36
0.36
0.36
0.36
0.36
0.36
0.37
0.37
0.37
0.38
0.38
0.38
0.38
0.38
0.38
212.70
214.30
215.90
217.50
219.30
221.00
222.70
224.30
226.00
227.90
229.60
231.60
233.50
235.60
237.70
239.80
241.90
243.90
245.70
247.40
249.20
251.00
252.90
254.80
256.60
258.70
260.60
262.60
264.50
266.40
268.10
269.80
271.60
273.10
274.90
276.80
278.70
280.60
282.20
283.90
285.80
288.00
290.30
292.70
295.40
298.30
301.50
304.90
308.40
312.00
315.60
319.20
322.60
325.40
328.10
330.20
332.00
333.50
334.00
333.80
332.40
329.50
324.50
317.30
307.30
294.00
277.40
256.80
233.60
209.40
186.20
164.90
145.40
127.60
110.40
93.68
76.96
61.01
46.26
33.83
24.20
16.64
11.17
7.45
4.90
2.89
1.53
0.77
0.37
0.18
0.11
0.11
0.11
0.12
0.12
0.12
0.13
0.13
0.13
0.14
0.14
0.15
0.15
0.16
0.16
0.16
0.17
0.17
0.18
0.18
0.19
0.19
0.19
0.20
0.20
0.20
0.21
0.21
0.21
0.22
0.22
0.22
0.23
0.23
0.23
0.24
0.24
0.24
0.25
0.25
0.25
0.26
0.26
0.27
0.27
0.27
0.28
0.28
0.28
0.29
0.29
0.29
0.30
0.30
0.30
0.30
0.31
0.31
0.31
0.31
0.32
0.32
0.32
0.32
0.33
0.33
0.33
0.33
0.33
0.34
0.34
0.34
0.35
0.35
0.35
0.35
0.36
0.36
0.37
0.37
0.37
0.38
0.39
0.39
0.40
0.40
0.41
0.42
0.43
0.42
0.42
213.00
215.90
218.90
221.80
224.30
226.90
229.50
232.60
235.80
239.10
242.40
245.30
248.10
251.10
254.30
257.80
261.30
264.90
268.80
272.50
275.70
278.90
282.00
285.20
288.60
292.00
295.10
298.10
300.80
303.40
305.90
308.50
311.10
313.50
315.90
318.70
321.70
324.90
328.30
331.50
334.80
337.90
341.20
344.60
348.20
352.40
357.20
362.60
368.10
373.80
379.90
386.20
392.70
399.60
406.60
413.20
419.30
424.50
428.70
431.40
432.10
430.00
423.10
409.50
388.00
358.40
324.30
293.00
264.00
233.90
202.10
168.30
135.50
106.80
83.45
64.26
50.01
36.54
26.55
19.14
13.84
9.98
7.23
5.05
3.39
2.14
1.26
0.68
0.33
0.15
0.10
0.09
0.09
0.09
0.09
0.09
0.09
0.09
0.09
0.09
0.09
0.10
0.10
0.10
0.11
0.11
0.11
0.11
0.12
0.12
0.12
0.13
0.13
0.13
0.13
0.14
0.14
0.15
0.15
0.15
0.15
0.16
0.16
0.16
0.16
0.17
0.18
0.18
0.18
0.19
0.19
0.19
0.20
0.20
0.21
0.21
0.21
0.22
0.22
0.23
0.23
0.24
0.24
0.24
0.24
0.25
0.25
0.25
0.25
0.26
0.26
0.26
0.26
0.26
0.27
0.27
0.27
0.28
0.28
0.29
0.29
0.30
0.30
0.30
0.31
0.31
0.32
0.32
0.33
0.33
0.34
0.35
0.36
0.37
0.38
0.38
0.40
0.40
0.41
0.42
0.42
212.70
216.90
220.90
224.40
227.90
231.80
235.80
240.00
243.60
247.20
251.10
255.50
260.10
264.90
269.70
274.70
279.50
284.20
289.20
294.60
299.80
304.30
308.40
312.40
316.40
320.10
323.50
327.40
331.20
334.80
337.90
341.10
344.20
347.00
349.40
351.10
352.90
355.70
358.60
361.40
363.40
365.50
368.20
371.80
376.70
382.70
390.10
398.40
407.20
417.10
427.20
438.70
450.50
463.60
476.80
490.40
504.10
517.70
530.20
541.80
551.20
557.30
559.00
556.00
547.20
533.00
515.50
493.30
462.90
417.90
357.90
287.00
217.20
165.10
128.30
96.58
69.92
50.24
34.41
23.11
15.74
10.57
7.27
5.05
3.44
2.22
1.34
0.73
0.34
0.14
0.08
0.08
0.08
0.08
0.08
0.08
0.08
0.08
0.08
0.09
0.09
0.09
0.09
0.10
0.10
0.10
0.10
0.10
0.10
0.11
0.11
0.11
0.12
0.12
0.12
0.12
0.13
0.13
0.13
0.14
0.14
0.14
0.14
0.15
0.15
0.15
0.16
0.16
0.16
0.17
0.17
0.18
0.18
0.18
0.19
0.19
0.20
0.20
0.20
0.21
0.21
0.21
0.22
0.22
0.23
0.23
0.23
0.24
0.24
0.25
0.25
0.25
0.26
0.26
0.26
0.27
0.27
0.28
0.28
0.29
0.29
0.30
0.30
0.31
0.31
0.32
0.33
0.33
0.34
0.34
0.35
0.36
0.37
0.38
0.39
0.40
0.41
0.42
0.43
0.44
0.44
213.00
218.10
222.80
226.80
231.50
236.40
241.10
245.30
249.70
254.70
260.30
265.80
271.50
277.30
283.00
289.00
295.20
301.00
306.60
311.90
317.40
322.80
327.90
332.70
337.30
341.60
345.90
349.90
354.00
357.60
360.80
363.60
366.50
369.50
372.70
375.30
377.30
379.80
383.40
388.90
395.40
402.50
409.70
416.50
423.20
430.40
437.50
445.70
453.70
462.10
470.80
479.50
487.10
493.50
498.40
501.90
505.10
510.30
518.40
530.20
543.80
556.20
561.10
552.10
528.30
491.40
444.40
391.30
337.10
284.00
233.70
186.60
143.70
108.60
81.37
62.27
47.43
35.57
26.99
19.31
13.62
9.77
7.03
4.98
3.41
2.21
1.33
0.71
0.31
0.13
0.09
0.08
0.08
0.08
0.08
0.08
0.08
0.08
0.08
0.08
0.08
0.08
0.08
0.08
0.08
0.08
0.08
0.08
0.08
0.08
0.08
0.09
0.09
0.09
0.09
0.09
0.10
0.10
0.10
0.10
0.10
0.11
0.11
0.12
0.12
0.12
0.12
0.12
0.13
0.13
0.13
0.14
0.14
0.15
0.15
0.15
0.15
0.16
0.16
0.17
0.17
0.18
0.18
0.19
0.19
0.19
0.19
0.20
0.21
0.21
0.21
0.22
0.22
0.23
0.24
0.24
0.24
0.25
0.25
0.26
0.27
0.27
0.27
0.28
0.29
0.30
0.30
0.31
0.32
0.33
0.33
0.35
0.35
0.37
0.37
0.39
0.40
0.41
0.43
0.43
0.44
212.70
218.40
223.40
228.00
233.20
238.70
243.40
248.30
253.70
259.80
265.90
272.40
278.60
284.90
291.60
298.50
305.10
311.50
317.70
324.30
330.50
336.70
342.60
348.00
353.60
359.30
365.20
370.90
375.80
380.80
386.00
391.10
395.70
399.30
402.40
406.30
412.50
420.40
429.40
438.10
446.20
454.00
462.20
470.80
479.40
487.30
495.30
503.40
508.30
510.00
508.10
502.80
496.80
495.20
499.10
503.70
502.00
487.60
448.30
387.40
326.20
271.50
219.80
177.80
146.90
125.10
108.70
92.24
78.42
66.23
55.85
47.23
40.14
33.57
28.32
23.76
19.83
16.47
13.75
11.58
9.73
7.97
6.21
4.62
3.31
2.29
1.44
0.77
0.34
0.11
0.07
0.07
0.07
0.07
0.07
0.07
0.07
0.08
0.08
0.08
0.08
0.08
0.09
0.09
0.09
0.09
0.09
0.09
0.09
0.09
0.10
0.10
0.10
0.10
0.10
0.11
0.11
0.11
0.11
0.11
0.12
0.12
0.12
0.12
0.13
0.12
0.13
0.13
0.14
0.14
0.14
0.14
0.15
0.15
0.15
0.16
0.16
0.17
0.17
0.17
0.18
0.18
0.18
0.19
0.19
0.20
0.20
0.21
0.21
0.22
0.22
0.22
0.23
0.24
0.24
0.24
0.25
0.25
0.26
0.27
0.27
0.28
0.29
0.29
0.30
0.31
0.31
0.32
0.33
0.34
0.34
0.36
0.37
0.38
0.39
0.40
0.41
0.42
0.43
0.44
0.45
213.10
218.90
223.90
228.60
234.20
239.80
244.60
249.50
255.30
261.60
268.10
274.60
281.00
287.90
295.10
302.00
308.40
315.10
321.60
328.50
335.10
341.70
348.10
354.30
360.40
366.80
373.30
379.00
384.20
390.10
395.80
401.90
406.10
410.10
414.40
420.80
430.10
440.30
450.60
459.70
468.70
478.00
487.20
496.50
505.10
514.00
522.30
526.20
525.20
521.30
513.80
509.00
513.10
519.90
519.00
506.20
466.10
394.40
331.60
278.30
224.90
188.50
160.00
137.10
120.60
103.80
90.00
78.82
67.57
58.28
50.62
42.96
36.87
31.58
27.06
22.81
18.98
15.49
12.78
10.49
8.55
6.91
5.34
4.06
2.87
1.94
1.18
0.62
0.26
0.11
0.08
0.07
0.08
0.07
0.07
0.07
0.07
0.07
0.07
0.07
0.07
0.07
0.07
0.08
0.08
0.08
0.09
0.09
0.09
0.09
0.09
0.09
0.09
0.09
0.09
0.09
0.09
0.09
0.09
0.10
0.10
0.10
0.11
0.11
0.11
0.11
0.11
0.11
0.12
0.12
0.12
0.12
0.13
0.14
0.14
0.14
0.14
0.15
0.15
0.16
0.16
0.17
0.17
0.17
0.17
0.18
0.18
0.20
0.20
0.20
0.20
0.21
0.21
0.22
0.22
0.22
0.23
0.24
0.24
0.25
0.25
0.26
0.27
0.27
0.28
0.29
0.29
0.31
0.31
0.31
0.33
0.34
0.35
0.36
0.37
0.38
0.40
0.40
0.42
0.43
0.44
212.70
218.40
223.40
228.00
233.20
238.70
243.40
248.30
253.70
259.80
265.90
272.40
278.60
284.90
291.60
298.50
305.10
311.50
317.70
324.30
330.50
336.70
342.60
348.00
353.60
359.30
365.20
370.90
375.80
380.80
386.00
391.10
395.70
399.30
402.40
406.30
412.50
420.40
429.40
438.10
446.20
454.00
462.20
470.80
479.40
487.30
495.30
503.40
508.30
510.00
508.10
502.80
496.80
495.20
499.10
503.70
502.00
487.60
448.30
387.40
326.20
271.50
219.80
177.80
146.90
125.10
108.70
92.24
78.42
66.23
55.85
47.23
40.14
33.57
28.32
23.76
19.83
16.47
13.75
11.58
9.73
7.97
6.21
4.62
3.31
2.29
1.44
0.77
0.34
0.11
0.07
0.07
0.07
0.07
0.07
0.07
0.07
0.08
0.08
0.08
0.08
0.08
0.09
0.09
0.09
0.09
0.09
0.09
0.09
0.09
0.10
0.10
0.10
0.10
0.10
0.11
0.11
0.11
0.11
0.11
0.12
0.12
0.12
0.12
0.13
0.12
0.13
0.13
0.14
0.14
0.14
0.14
0.15
0.15
0.15
0.16
0.16
0.17
0.17
0.17
0.18
0.18
0.18
0.19
0.19
0.20
0.20
0.21
0.21
0.22
0.22
0.22
0.23
0.24
0.24
0.24
0.25
0.25
0.26
0.27
0.27
0.28
0.29
0.29
0.30
0.31
0.31
0.32
0.33
0.34
0.34
0.36
0.37
0.38
0.39
0.40
0.41
0.42
0.43
0.44
0.45
213.00
218.10
222.80
226.80
231.50
236.40
241.10
245.30
249.70
254.70
260.30
265.80
271.50
277.30
283.00
289.00
295.20
301.00
306.60
311.90
317.40
322.80
327.90
332.70
337.30
341.60
345.90
349.90
354.00
357.60
360.80
363.60
366.50
369.50
372.70
375.30
377.30
379.80
383.40
388.90
395.40
402.50
409.70
416.50
423.20
430.40
437.50
445.70
453.70
462.10
470.80
479.50
487.10
493.50
498.40
501.90
505.10
510.30
518.40
530.20
543.80
556.20
561.10
552.10
528.30
491.40
444.40
391.30
337.10
284.00
233.70
186.60
143.70
108.60
81.37
62.27
47.43
35.57
26.99
19.31
13.62
9.77
7.03
4.98
3.41
2.21
1.33
0.71
0.31
0.13
0.09
0.08
0.08
0.08
0.08
0.08
0.08
0.08
0.08
0.08
0.08
0.08
0.08
0.08
0.08
0.08
0.08
0.08
0.08
0.08
0.08
0.09
0.09
0.09
0.09
0.09
0.10
0.10
0.10
0.10
0.10
0.11
0.11
0.12
0.12
0.12
0.12
0.12
0.13
0.13
0.13
0.14
0.14
0.15
0.15
0.15
0.15
0.16
0.16
0.17
0.17
0.18
0.18
0.19
0.19
0.19
0.19
0.20
0.21
0.21
0.21
0.22
0.22
0.23
0.24
0.24
0.24
0.25
0.25
0.26
0.27
0.27
0.27
0.28
0.29
0.30
0.30
0.31
0.32
0.33
0.33
0.35
0.35
0.37
0.37
0.39
0.40
0.41
0.43
0.43
0.44
212.70
216.90
220.90
224.40
227.90
231.80
235.80
240.00
243.60
247.20
251.10
255.50
260.10
264.90
269.70
274.70
279.50
284.20
289.20
294.60
299.80
304.30
308.40
312.40
316.40
320.10
323.50
327.40
331.20
334.80
337.90
341.10
344.20
347.00
349.40
351.10
352.90
355.70
358.60
361.40
363.40
365.50
368.20
371.80
376.70
382.70
390.10
398.40
407.20
417.10
427.20
438.70
450.50
463.60
476.80
490.40
504.10
517.70
530.20
541.80
551.20
557.30
559.00
556.00
547.20
533.00
515.50
493.30
462.90
417.90
357.90
287.00
217.20
165.10
128.30
96.58
69.92
50.24
34.41
23.11
15.74
10.57
7.27
5.05
3.44
2.22
1.34
0.73
0.34
0.14
0.08
0.08
0.08
0.08
0.08
0.08
0.08
0.08
0.08
0.09
0.09
0.09
0.09
0.10
0.10
0.10
0.10
0.10
0.10
0.11
0.11
0.11
0.12
0.12
0.12
0.12
0.13
0.13
0.13
0.14
0.14
0.14
0.14
0.15
0.15
0.15
0.16
0.16
0.16
0.17
0.17
0.18
0.18
0.18
0.19
0.19
0.20
0.20
0.20
0.21
0.21
0.21
0.22
0.22
0.23
0.23
0.23
0.24
0.24
0.25
0.25
0.25
0.26
0.26
0.26
0.27
0.27
0.28
0.28
0.29
0.29
0.30
0.30
0.31
0.31
0.32
0.33
0.33
0.34
0.34
0.35
0.36
0.37
0.38
0.39
0.40
0.41
0.42
0.43
0.44
0.44
213.00
215.90
218.90
221.80
224.30
226.90
229.50
232.60
235.80
239.10
242.40
245.30
248.10
251.10
254.30
257.80
261.30
264.90
268.80
272.50
275.70
278.90
282.00
285.20
288.60
292.00
295.10
298.10
300.80
303.40
305.90
308.50
311.10
313.50
315.90
318.70
321.70
324.90
328.30
331.50
334.80
337.90
341.20
344.60
348.20
352.40
357.20
362.60
368.10
373.80
379.90
386.20
392.70
399.60
406.60
413.20
419.30
424.50
428.70
431.40
432.10
430.00
423.10
409.50
388.00
358.40
324.30
293.00
264.00
233.90
202.10
168.30
135.50
106.80
83.45
64.26
50.01
36.54
26.55
19.14
13.84
9.98
7.23
5.05
3.39
2.14
1.26
0.68
0.33
0.15
0.10
0.09
0.09
0.09
0.09
0.09
0.09
0.09
0.09
0.09
0.09
0.10
0.10
0.10
0.11
0.11
0.11
0.11
0.12
0.12
0.12
0.13
0.13
0.13
0.13
0.14
0.14
0.15
0.15
0.15
0.15
0.16
0.16
0.16
0.16
0.17
0.18
0.18
0.18
0.19
0.19
0.19
0.20
0.20
0.21
0.21
0.21
0.22
0.22
0.23
0.23
0.24
0.24
0.24
0.24
0.25
0.25
0.25
0.25
0.26
0.26
0.26
0.26
0.26
0.27
0.27
0.27
0.28
0.28
0.29
0.29
0.30
0.30
0.30
0.31
0.31
0.32
0.32
0.33
0.33
0.34
0.35
0.36
0.37
0.38
0.38
0.40
0.40
0.41
0.42
0.42
212.70
214.30
215.90
217.50
219.30
221.00
222.70
224.30
226.00
227.90
229.60
231.60
233.50
235.60
237.70
239.80
241.90
243.90
245.70
247.40
249.20
251.00
252.90
254.80
256.60
258.70
260.60
262.60
264.50
266.40
268.10
269.80
271.60
273.10
274.90
276.80
278.70
280.60
282.20
283.90
285.80
288.00
290.30
292.70
295.40
298.30
301.50
304.90
308.40
312.00
315.60
319.20
322.60
325.40
328.10
330.20
332.00
333.50
334.00
333.80
332.40
329.50
324.50
317.30
307.30
294.00
277.40
256.80
233.60
209.40
186.20
164.90
145.40
127.60
110.40
93.68
76.96
61.01
46.26
33.83
24.20
16.64
11.17
7.45
4.90
2.89
1.53
0.77
0.37
0.18
0.11
0.11
0.11
0.12
0.12
0.12
0.13
0.13
0.13
0.14
0.14
0.15
0.15
0.16
0.16
0.16
0.17
0.17
0.18
0.18
0.19
0.19
0.19
0.20
0.20
0.20
0.21
0.21
0.21
0.22
0.22
0.22
0.23
0.23
0.23
0.24
0.24
0.24
0.25
0.25
0.25
0.26
0.26
0.27
0.27
0.27
0.28
0.28
0.28
0.29
0.29
0.29
0.30
0.30
0.30
0.30
0.31
0.31
0.31
0.31
0.32
0.32
0.32
0.32
0.33
0.33
0.33
0.33
0.33
0.34
0.34
0.34
0.35
0.35
0.35
0.35
0.36
0.36
0.37
0.37
0.37
0.38
0.39
0.39
0.40
0.40
0.41
0.42
0.43
0.42
0.42
212.80
212.90
213.00
213.20
213.40
213.70
214.10
214.70
215.20
215.70
216.40
217.00
217.80
218.40
219.10
219.70
220.20
220.70
221.30
221.80
222.30
222.80
223.10
223.60
224.10
224.40
224.90
225.20
225.20
225.20
225.20
224.90
224.70
224.50
224.30
224.00
223.60
223.10
222.70
222.20
221.80
221.30
220.90
220.80
220.40
220.10
220.00
220.00
220.10
220.30
220.50
220.90
221.20
221.40
221.60
221.50
221.30
220.70
219.80
218.50
216.80
214.60
211.40
207.50
202.50
196.30
188.60
180.00
170.90
160.90
150.60
140.10
129.40
117.80
104.70
91.76
79.11
67.22
56.06
44.94
34.01
24.49
17.05
11.40
6.79
3.44
1.74
0.79
0.35
0.18
0.11
0.11
0.11
0.12
0.12
0.12
0.13
0.13
0.14
0.15
0.15
0.16
0.16
0.17
0.17
0.18
0.19
0.19
0.20
0.20
0.21
0.21
0.22
0.22
0.22
0.23
0.23
0.24
0.24
0.24
0.25
0.25
0.26
0.26
0.27
0.27
0.28
0.28
0.28
0.29
0.29
0.29
0.30
0.31
0.31
0.32
0.32
0.33
0.33
0.33
0.34
0.34
0.34
0.35
0.35
0.35
0.35
0.35
0.36
0.36
0.36
0.36
0.36
0.36
0.36
0.36
0.36
0.36
0.36
0.36
0.36
0.36
0.36
0.36
0.36
0.36
0.36
0.36
0.36
0.36
0.36
0.36
0.37
0.37
0.37
0.38
0.38
0.38
0.38
0.38
0.38
212.70
211.40
210.00
208.70
207.50
206.40
205.40
204.30
203.40
202.40
201.50
200.50
199.60
198.60
197.50
196.50
195.50
194.50
193.20
192.10
190.80
189.60
188.20
186.90
185.50
184.10
182.60
181.10
179.50
177.80
176.00
174.10
172.10
170.00
167.90
166.00
163.70
161.60
159.40
157.10
154.80
152.20
149.90
147.60
145.40
143.00
141.00
139.00
137.10
135.30
133.50
131.80
130.10
128.50
126.80
125.30
123.90
122.30
120.80
119.30
117.80
116.20
114.50
112.40
109.20
105.20
100.80
96.43
92.60
88.96
84.36
79.11
73.87
68.03
61.26
54.44
47.57
41.40
35.76
30.47
25.28
20.09
14.79
10.00
6.13
3.37
2.00
0.88
0.39
0.21
0.15
0.15
0.15
0.15
0.16
0.16
0.16
0.17
0.18
0.19
0.19
0.20
0.21
0.22
0.22
0.24
0.24
0.25
0.25
0.26
0.26
0.27
0.27
0.28
0.28
0.29
0.29
0.30
0.30
0.30
0.30
0.31
0.31
0.31
0.32
0.32
0.32
0.32
0.33
0.34
0.34
0.35
0.35
0.36
0.37
0.38
0.39
0.39
0.40
0.40
0.40
0.41
0.41
0.41
0.42
0.42
0.42
0.43
0.43
0.43
0.43
0.43
0.43
0.43
0.43
0.43
0.43
0.43
0.43
0.43
0.42
0.42
0.42
0.42
0.42
0.42
0.42
0.42
0.42
0.42
0.41
0.41
0.41
0.41
0.41
0.41
0.41
0.41
0.42
0.42
0.43
213.00
210.20
207.60
205.00
202.30
199.80
197.30
194.80
192.10
189.40
186.90
184.20
181.50
178.80
176.10
173.40
170.60
168.00
165.20
162.50
159.70
156.90
154.00
151.20
148.40
145.40
142.40
139.10
135.80
132.30
128.80
125.00
121.10
117.30
113.30
109.40
105.60
101.60
97.49
93.39
89.51
85.91
82.58
79.51
76.74
74.34
72.39
70.86
69.71
68.95
68.40
68.00
67.85
68.03
68.47
68.91
69.24
69.39
69.01
68.18
66.85
65.19
63.05
60.56
57.89
55.25
52.86
50.37
47.45
44.66
41.88
39.29
36.78
34.23
31.43
28.46
25.41
22.45
19.56
16.79
14.16
11.69
9.35
7.16
4.98
3.24
2.00
1.16
0.57
0.26
0.18
0.19
0.19
0.20
0.21
0.21
0.22
0.23
0.24
0.25
0.26
0.27
0.28
0.28
0.29
0.30
0.31
0.32
0.33
0.34
0.34
0.35
0.36
0.36
0.37
0.37
0.38
0.38
0.38
0.38
0.39
0.39
0.39
0.39
0.39
0.40
0.40
0.41
0.41
0.42
0.42
0.43
0.44
0.45
0.46
0.47
0.47
0.48
0.49
0.49
0.49
0.50
0.50
0.50
0.50
0.50
0.50
0.50
0.50
0.50
0.50
0.50
0.49
0.49
0.48
0.48
0.48
0.47
0.47
0.47
0.46
0.46
0.45
0.45
0.45
0.45
0.44
0.44
0.44
0.43
0.43
0.43
0.42
0.43
0.43
0.43
0.43
0.43
0.43
0.43
0.43
212.70
209.00
205.10
201.10
197.20
193.40
189.40
185.30
181.30
177.20
173.20
169.10
165.10
161.10
157.00
153.10
149.10
145.30
141.40
137.40
133.30
129.20
125.00
120.60
116.30
112.10
107.90
103.80
99.73
95.90
92.44
89.55
87.22
85.66
84.41
83.17
81.86
80.37
78.81
77.29
75.42
73.41
71.74
70.15
68.68
67.15
65.35
63.32
61.32
59.51
57.85
56.28
54.73
53.32
51.75
50.13
48.50
46.89
45.37
44.07
42.84
41.82
41.05
40.68
40.64
40.96
41.48
41.93
42.30
42.58
42.77
42.91
42.89
42.56
41.74
39.99
37.39
33.78
29.62
25.25
20.86
16.97
13.14
9.53
6.61
4.28
2.49
1.25
0.52
0.23
0.19
0.18
0.19
0.19
0.20
0.21
0.22
0.23
0.24
0.25
0.26
0.27
0.28
0.29
0.30
0.31
0.32
0.33
0.34
0.35
0.35
0.36
0.37
0.37
0.38
0.38
0.39
0.39
0.39
0.39
0.40
0.40
0.40
0.41
0.41
0.41
0.41
0.42
0.42
0.43
0.43
0.44
0.45
0.46
0.47
0.48
0.49
0.50
0.50
0.51
0.52
0.52
0.53
0.53
0.53
0.54
0.54
0.54
0.55
0.55
0.55
0.55
0.55
0.55
0.55
0.54
0.54
0.54
0.53
0.52
0.52
0.51
0.50
0.50
0.49
0.49
0.48
0.48
0.47
0.47
0.46
0.46
0.45
0.45
0.45
0.44
0.44
0.44
0.44
0.44
0.43
213.00
208.30
203.50
198.70
193.80
188.80
183.60
178.40
173.30
168.20
163.00
158.00
153.00
148.00
143.30
138.40
133.60
128.80
123.80
119.00
114.20
109.70
105.30
101.10
97.43
94.32
92.05
91.02
90.28
88.97
87.48
85.82
83.78
81.90
80.71
79.94
78.91
77.81
76.66
75.11
73.38
71.49
69.47
67.49
65.47
63.53
61.74
60.13
58.51
56.95
55.36
53.75
52.39
51.34
50.67
50.41
50.49
50.82
51.24
51.80
52.37
52.97
53.63
54.35
55.05
55.37
55.24
54.70
53.40
51.48
48.99
45.47
41.18
36.45
32.04
27.71
23.85
20.33
17.05
14.13
11.57
9.44
7.52
5.86
4.38
3.03
1.90
1.05
0.48
0.20
0.17
0.18
0.19
0.20
0.21
0.22
0.23
0.24
0.25
0.26
0.27
0.28
0.29
0.30
0.31
0.32
0.33
0.34
0.35
0.36
0.37
0.38
0.39
0.40
0.40
0.41
0.41
0.41
0.42
0.42
0.43
0.43
0.43
0.43
0.44
0.44
0.44
0.45
0.45
0.46
0.46
0.47
0.47
0.48
0.50
0.51
0.51
0.52
0.53
0.54
0.54
0.55
0.56
0.56
0.56
0.56
0.56
0.56
0.56
0.56
0.56
0.56
0.56
0.56
0.55
0.55
0.55
0.54
0.54
0.53
0.53
0.52
0.51
0.51
0.50
0.50
0.49
0.48
0.47
0.47
0.46
0.46
0.45
0.45
0.45
0.45
0.45
0.45
0.44
0.44
0.44
212.70
207.40
202.00
196.50
190.80
185.20
179.30
173.50
167.70
161.90
156.20
150.60
145.00
139.50
134.20
128.80
123.30
118.00
112.60
107.70
103.00
98.77
95.25
92.95
91.94
91.06
89.62
88.11
86.18
84.39
83.17
82.98
82.78
82.45
82.18
81.86
81.23
80.40
79.36
78.23
77.00
75.52
74.03
72.24
70.48
68.56
66.58
64.64
62.81
61.05
59.30
57.95
56.88
56.07
55.75
55.74
56.07
57.14
59.33
62.16
65.31
67.54
69.06
68.67
67.37
65.17
61.58
56.68
51.95
47.13
42.26
37.29
32.55
28.19
24.29
21.05
18.28
15.82
13.71
11.87
10.18
8.48
6.99
5.54
4.18
2.88
1.79
1.02
0.39
0.17
0.15
0.15
0.16
0.16
0.16
0.18
0.19
0.20
0.21
0.22
0.23
0.24
0.25
0.26
0.27
0.28
0.29
0.31
0.32
0.33
0.34
0.35
0.36
0.36
0.38
0.38
0.39
0.40
0.41
0.42
0.42
0.42
0.42
0.43
0.43
0.43
0.44
0.44
0.45
0.45
0.46
0.46
0.46
0.47
0.47
0.48
0.48
0.49
0.50
0.51
0.52
0.52
0.53
0.54
0.54
0.55
0.55
0.55
0.56
0.56
0.56
0.56
0.56
0.56
0.56
0.56
0.56
0.56
0.56
0.56
0.55
0.55
0.54
0.54
0.53
0.52
0.52
0.51
0.50
0.50
0.49
0.48
0.47
0.46
0.46
0.46
0.46
0.46
0.45
0.45
0.45
213.10
207.50
202.00
196.30
190.60
184.60
178.50
172.40
166.40
160.30
154.30
148.40
142.70
137.00
131.40
125.90
120.30
114.70
109.60
104.50
99.96
96.01
93.31
92.07
91.22
89.85
88.50
86.62
84.81
83.66
83.67
83.83
83.86
84.05
84.26
84.25
84.06
83.70
83.08
82.30
81.35
80.04
78.55
77.02
75.15
73.04
70.89
68.58
66.05
63.51
61.01
58.70
56.73
55.12
54.18
54.42
56.41
59.89
64.34
67.60
70.61
71.71
71.46
70.22
68.06
63.46
58.93
53.93
48.81
43.06
37.71
32.69
28.53
24.98
21.78
19.26
17.39
15.07
13.34
11.53
9.69
8.21
6.49
5.13
3.88
2.73
1.77
1.04
0.39
0.14
0.12
0.14
0.14
0.15
0.16
0.17
0.18
0.20
0.21
0.22
0.23
0.24
0.25
0.26
0.27
0.28
0.29
0.31
0.31
0.33
0.34
0.35
0.36
0.37
0.38
0.39
0.39
0.40
0.41
0.42
0.43
0.43
0.44
0.44
0.44
0.45
0.45
0.45
0.46
0.46
0.46
0.46
0.47
0.47
0.47
0.48
0.48
0.49
0.50
0.51
0.52
0.53
0.53
0.54
0.55
0.55
0.56
0.56
0.56
0.56
0.56
0.56
0.56
0.56
0.56
0.56
0.56
0.55
0.55
0.55
0.55
0.54
0.53
0.52
0.52
0.51
0.51
0.49
0.49
0.49
0.47
0.46
0.46
0.46
0.46
0.46
0.46
0.46
0.46
0.44
0.44
212.70
207.40
202.00
196.50
190.80
185.20
179.30
173.50
167.70
161.90
156.20
150.60
145.00
139.50
134.20
128.80
123.30
118.00
112.60
107.70
103.00
98.77
95.25
92.95
91.94
91.06
89.62
88.11
86.18
84.39
83.17
82.98
82.78
82.45
82.18
81.86
81.23
80.40
79.36
78.23
77.00
75.52
74.03
72.24
70.48
68.56
66.58
64.64
62.81
61.05
59.30
57.95
56.88
56.07
55.75
55.74
56.07
57.14
59.33
62.16
65.31
67.54
69.06
68.67
67.37
65.17
61.58
56.68
51.95
47.13
42.26
37.29
32.55
28.19
24.29
21.05
18.28
15.82
13.71
11.87
10.18
8.48
6.99
5.54
4.18
2.88
1.79
1.02
0.39
0.17
0.15
0.15
0.16
0.16
0.16
0.18
0.19
0.20
0.21
0.22
0.23
0.24
0.25
0.26
0.27
0.28
0.29
0.31
0.32
0.33
0.34
0.35
0.36
0.36
0.38
0.38
0.39
0.40
0.41
0.42
0.42
0.42
0.42
0.43
0.43
0.43
0.44
0.44
0.45
0.45
0.46
0.46
0.46
0.47
0.47
0.48
0.48
0.49
0.50
0.51
0.52
0.52
0.53
0.54
0.54
0.55
0.55
0.55
0.56
0.56
0.56
0.56
0.56
0.56
0.56
0.56
0.56
0.56
0.56
0.56
0.55
0.55
0.54
0.54
0.53
0.52
0.52
0.51
0.50
0.50
0.49
0.48
0.47
0.46
0.46
0.46
0.46
0.46
0.45
0.45
0.45
213.00
208.30
203.50
198.70
193.80
188.80
183.60
178.40
173.30
168.20
163.00
158.00
153.00
148.00
143.30
138.40
133.60
128.80
123.80
119.00
114.20
109.70
105.30
101.10
97.43
94.32
92.05
91.02
90.28
88.97
87.48
85.82
83.78
81.90
80.71
79.94
78.91
77.81
76.66
75.11
73.38
71.49
69.47
67.49
65.47
63.53
61.74
60.13
58.51
56.95
55.36
53.75
52.39
51.34
50.67
50.41
50.49
50.82
51.24
51.80
52.37
52.97
53.63
54.35
55.05
55.37
55.24
54.70
53.40
51.48
48.99
45.47
41.18
36.45
32.04
27.71
23.85
20.33
17.05
14.13
11.57
9.44
7.52
5.86
4.38
3.03
1.90
1.05
0.48
0.20
0.17
0.18
0.19
0.20
0.21
0.22
0.23
0.24
0.25
0.26
0.27
0.28
0.29
0.30
0.31
0.32
0.33
0.34
0.35
0.36
0.37
0.38
0.39
0.40
0.40
0.41
0.41
0.41
0.42
0.42
0.43
0.43
0.43
0.43
0.44
0.44
0.44
0.45
0.45
0.46
0.46
0.47
0.47
0.48
0.50
0.51
0.51
0.52
0.53
0.54
0.54
0.55
0.56
0.56
0.56
0.56
0.56
0.56
0.56
0.56
0.56
0.56
0.56
0.56
0.55
0.55
0.55
0.54
0.54
0.53
0.53
0.52
0.51
0.51
0.50
0.50
0.49
0.48
0.47
0.47
0.46
0.46
0.45
0.45
0.45
0.45
0.45
0.45
0.44
0.44
0.44
212.70
209.00
205.10
201.10
197.20
193.40
189.40
185.30
181.30
177.20
173.20
169.10
165.10
161.10
157.00
153.10
149.10
145.30
141.40
137.40
133.30
129.20
125.00
120.60
116.30
112.10
107.90
103.80
99.73
95.90
92.44
89.55
87.22
85.66
84.41
83.17
81.86
80.37
78.81
77.29
75.42
73.41
71.74
70.15
68.68
67.15
65.35
63.32
61.32
59.51
57.85
56.28
54.73
53.32
51.75
50.13
48.50
46.89
45.37
44.07
42.84
41.82
41.05
40.68
40.64
40.96
41.48
41.93
42.30
42.58
42.77
42.91
42.89
42.56
41.74
39.99
37.39
33.78
29.62
25.25
20.86
16.97
13.14
9.53
6.61
4.28
2.49
1.25
0.52
0.23
0.19
0.18
0.19
0.19
0.20
0.21
0.22
0.23
0.24
0.25
0.26
0.27
0.28
0.29
0.30
0.31
0.32
0.33
0.34
0.35
0.35
0.36
0.37
0.37
0.38
0.38
0.39
0.39
0.39
0.39
0.40
0.40
0.40
0.41
0.41
0.41
0.41
0.42
0.42
0.43
0.43
0.44
0.45
0.46
0.47
0.48
0.49
0.50
0.50
0.51
0.52
0.52
0.53
0.53
0.53
0.54
0.54
0.54
0.55
0.55
0.55
0.55
0.55
0.55
0.55
0.54
0.54
0.54
0.53
0.52
0.52
0.51
0.50
0.50
0.49
0.49
0.48
0.48
0.47
0.47
0.46
0.46
0.45
0.45
0.45
0.44
0.44
0.44
0.44
0.44
0.43
213.00
210.20
207.60
205.00
202.30
199.80
197.30
194.80
192.10
189.40
186.90
184.20
181.50
178.80
176.10
173.40
170.60
168.00
165.20
162.50
159.70
156.90
154.00
151.20
148.40
145.40
142.40
139.10
135.80
132.30
128.80
125.00
121.10
117.30
113.30
109.40
105.60
101.60
97.49
93.39
89.51
85.91
82.58
79.51
76.74
74.34
72.39
70.86
69.71
68.95
68.40
68.00
67.85
68.03
68.47
68.91
69.24
69.39
69.01
68.18
66.85
65.19
63.05
60.56
57.89
55.25
52.86
50.37
47.45
44.66
41.88
39.29
36.78
34.23
31.43
28.46
25.41
22.45
19.56
16.79
14.16
11.69
9.35
7.16
4.98
3.24
2.00
1.16
0.57
0.26
0.18
0.19
0.19
0.20
0.21
0.21
0.22
0.23
0.24
0.25
0.26
0.27
0.28
0.28
0.29
0.30
0.31
0.32
0.33
0.34
0.34
0.35
0.36
0.36
0.37
0.37
0.38
0.38
0.38
0.38
0.39
0.39
0.39
0.39
0.39
0.40
0.40
0.41
0.41
0.42
0.42
0.43
0.44
0.45
0.46
0.47
0.47
0.48
0.49
0.49
0.49
0.50
0.50
0.50
0.50
0.50
0.50
0.50
0.50
0.50
0.50
0.50
0.49
0.49
0.48
0.48
0.48
0.47
0.47
0.47
0.46
0.46
0.45
0.45
0.45
0.45
0.44
0.44
0.44
0.43
0.43
0.43
0.42
0.43
0.43
0.43
0.43
0.43
0.43
0.43
0.43
212.70
211.40
210.00
208.70
207.50
206.40
205.40
204.30
203.40
202.40
201.50
200.50
199.60
198.60
197.50
196.50
195.50
194.50
193.20
192.10
190.80
189.60
188.20
186.90
185.50
184.10
182.60
181.10
179.50
177.80
176.00
174.10
172.10
170.00
167.90
166.00
163.70
161.60
159.40
157.10
154.80
152.20
149.90
147.60
145.40
143.00
141.00
139.00
137.10
135.30
133.50
131.80
130.10
128.50
126.80
125.30
123.90
122.30
120.80
119.30
117.80
116.20
114.50
112.40
109.20
105.20
100.80
96.43
92.60
88.96
84.36
79.11
73.87
68.03
61.26
54.44
47.57
41.40
35.76
30.47
25.28
20.09
14.79
10.00
6.13
3.37
2.00
0.88
0.39
0.21
0.15
0.15
0.15
0.15
0.16
0.16
0.16
0.17
0.18
0.19
0.19
0.20
0.21
0.22
0.22
0.24
0.24
0.25
0.25
0.26
0.26
0.27
0.27
0.28
0.28
0.29
0.29
0.30
0.30
0.30
0.30
0.31
0.31
0.31
0.32
0.32
0.32
0.32
0.33
0.34
0.34
0.35
0.35
0.36
0.37
0.38
0.39
0.39
0.40
0.40
0.40
0.41
0.41
0.41
0.42
0.42
0.42
0.43
0.43
0.43
0.43
0.43
0.43
0.43
0.43
0.43
0.43
0.43
0.43
0.43
0.42
0.42
0.42
0.42
0.42
0.42
0.42
0.42
0.42
0.42
0.41
0.41
0.41
0.41
0.41
0.41
0.41
0.41
0.42
0.42
0.43
