SALVI
1
0
24
15.0
181
1.0
241201
SNAP 5050 F151 VDR L

SNAP 5050 F151 VDR L.ldt
2 December 2024/TB
320
0
90
220
0
0
0
0
0
99.82
100.00
1.00
0.00
1
1
5050
4820.90
3000
70
40.40
0.32
0.41
0.50
0.57
0.62
0.70
0.74
0.78
0.83
0.86
0.00
15.00
30.00
45.00
60.00
75.00
90.00
105.00
120.00
135.00
150.00
165.00
180.00
195.00
210.00
225.00
240.00
255.00
270.00
285.00
300.00
315.00
330.00
345.00
0.00
1.00
2.00
3.00
4.00
5.00
6.00
7.00
8.00
9.00
10.00
11.00
12.00
13.00
14.00
15.00
16.00
17.00
18.00
19.00
20.00
21.00
22.00
23.00
24.00
25.00
26.00
27.00
28.00
29.00
30.00
31.00
32.00
33.00
34.00
35.00
36.00
37.00
38.00
39.00
40.00
41.00
42.00
43.00
44.00
45.00
46.00
47.00
48.00
49.00
50.00
51.00
52.00
53.00
54.00
55.00
56.00
57.00
58.00
59.00
60.00
61.00
62.00
63.00
64.00
65.00
66.00
67.00
68.00
69.00
70.00
71.00
72.00
73.00
74.00
75.00
76.00
77.00
78.00
79.00
80.00
81.00
82.00
83.00
84.00
85.00
86.00
87.00
88.00
89.00
90.00
91.00
92.00
93.00
94.00
95.00
96.00
97.00
98.00
99.00
100.00
101.00
102.00
103.00
104.00
105.00
106.00
107.00
108.00
109.00
110.00
111.00
112.00
113.00
114.00
115.00
116.00
117.00
118.00
119.00
120.00
121.00
122.00
123.00
124.00
125.00
126.00
127.00
128.00
129.00
130.00
131.00
132.00
133.00
134.00
135.00
136.00
137.00
138.00
139.00
140.00
141.00
142.00
143.00
144.00
145.00
146.00
147.00
148.00
149.00
150.00
151.00
152.00
153.00
154.00
155.00
156.00
157.00
158.00
159.00
160.00
161.00
162.00
163.00
164.00
165.00
166.00
167.00
168.00
169.00
170.00
171.00
172.00
173.00
174.00
175.00
176.00
177.00
178.00
179.00
180.00
331.70
331.80
331.80
331.70
331.80
331.70
331.70
331.60
331.60
331.60
331.60
331.50
331.20
331.00
331.10
330.90
330.70
330.50
330.50
330.30
330.30
330.20
330.20
330.20
330.10
330.00
330.00
329.80
329.80
329.50
329.00
328.70
328.30
327.60
326.90
326.00
324.90
323.80
322.20
320.50
318.70
316.50
314.20
311.80
308.90
305.90
302.60
299.30
295.40
291.40
287.10
282.50
277.60
272.50
267.30
261.60
255.80
249.60
243.20
236.60
229.60
222.40
214.90
207.30
199.40
191.40
183.10
174.50
165.80
157.00
148.10
138.90
129.70
120.50
111.10
101.80
92.43
83.18
74.04
65.15
56.34
47.81
39.67
31.93
24.75
18.20
12.45
7.65
3.95
1.59
0.61
0.43
0.34
0.25
0.20
0.15
0.15
0.15
0.16
0.16
0.17
0.17
0.18
0.19
0.19
0.20
0.21
0.21
0.22
0.23
0.23
0.24
0.25
0.25
0.26
0.27
0.27
0.28
0.28
0.29
0.30
0.30
0.31
0.31
0.32
0.33
0.34
0.34
0.35
0.35
0.36
0.37
0.37
0.38
0.38
0.39
0.40
0.40
0.41
0.41
0.42
0.42
0.43
0.43
0.44
0.44
0.45
0.45
0.45
0.46
0.46
0.47
0.47
0.48
0.48
0.49
0.49
0.49
0.49
0.49
0.50
0.50
0.51
0.51
0.51
0.52
0.52
0.52
0.52
0.52
0.52
0.52
0.52
0.52
0.53
0.53
0.53
0.53
0.53
0.53
0.53
331.00
334.40
337.60
340.70
343.90
347.10
350.30
353.30
356.30
359.20
362.10
364.90
367.60
370.20
372.70
375.10
377.40
379.50
381.80
384.00
386.00
387.80
389.70
391.40
393.00
394.50
396.00
397.40
398.60
399.70
400.70
401.30
402.00
402.50
402.60
402.50
402.50
401.90
401.20
400.10
398.80
397.10
395.00
392.50
389.90
386.90
383.60
379.70
375.40
370.90
366.10
360.80
355.20
349.30
342.80
336.00
329.00
321.40
313.50
305.10
296.50
287.50
278.10
268.40
258.50
248.10
237.40
226.30
215.20
203.50
191.80
179.90
167.80
155.60
143.30
131.10
118.90
106.70
94.62
82.73
71.24
60.06
49.30
39.21
29.88
21.41
14.11
8.18
3.77
1.27
0.49
0.41
0.34
0.27
0.19
0.13
0.13
0.14
0.14
0.15
0.15
0.16
0.17
0.17
0.18
0.18
0.19
0.19
0.20
0.20
0.21
0.22
0.22
0.23
0.23
0.24
0.25
0.25
0.26
0.26
0.27
0.27
0.28
0.28
0.29
0.29
0.30
0.31
0.31
0.32
0.32
0.33
0.34
0.34
0.34
0.35
0.36
0.36
0.37
0.37
0.38
0.38
0.39
0.39
0.40
0.40
0.41
0.41
0.42
0.42
0.43
0.43
0.44
0.44
0.45
0.45
0.45
0.46
0.47
0.47
0.47
0.48
0.48
0.49
0.49
0.50
0.50
0.51
0.51
0.52
0.52
0.53
0.54
0.55
0.55
0.56
0.57
0.57
0.58
0.57
0.57
331.20
337.40
343.60
349.90
356.00
362.10
368.10
373.80
379.70
385.10
390.60
395.80
400.80
405.50
409.90
414.20
417.80
421.70
425.10
428.10
430.70
433.30
435.50
437.30
438.90
440.20
441.20
442.00
442.50
442.50
442.50
442.30
441.50
440.60
439.20
437.60
435.60
433.50
431.00
427.90
424.70
421.20
417.20
413.00
408.50
403.40
398.30
392.60
386.60
380.20
373.40
366.40
358.80
351.30
343.20
334.80
326.20
317.10
307.70
298.40
288.60
278.60
268.30
257.70
246.90
236.00
224.70
213.30
201.80
190.10
178.20
166.40
154.50
142.50
130.70
118.70
107.00
95.41
84.03
72.83
62.27
52.05
42.12
32.90
24.53
17.01
10.70
5.69
2.28
0.72
0.43
0.39
0.33
0.26
0.15
0.10
0.10
0.10
0.10
0.10
0.10
0.10
0.11
0.11
0.12
0.12
0.12
0.13
0.13
0.13
0.14
0.14
0.15
0.16
0.16
0.16
0.17
0.17
0.18
0.18
0.19
0.19
0.20
0.20
0.21
0.22
0.22
0.23
0.23
0.23
0.24
0.25
0.25
0.26
0.26
0.27
0.28
0.29
0.29
0.29
0.30
0.31
0.32
0.32
0.32
0.33
0.33
0.34
0.35
0.35
0.36
0.36
0.37
0.38
0.38
0.39
0.39
0.40
0.41
0.42
0.42
0.43
0.43
0.44
0.45
0.45
0.46
0.47
0.47
0.48
0.49
0.50
0.50
0.52
0.53
0.53
0.55
0.55
0.56
0.57
0.58
330.80
339.70
348.40
357.10
365.80
374.40
382.60
390.80
398.70
406.20
413.60
420.30
426.70
432.70
438.20
443.20
447.50
451.60
455.10
457.70
459.90
461.70
462.90
463.50
463.30
463.10
461.90
460.50
458.60
456.00
453.40
450.10
446.60
442.40
437.80
433.10
427.80
422.00
416.20
410.00
403.40
396.40
389.60
382.10
374.30
366.60
358.20
349.90
341.20
332.40
323.40
314.30
305.10
295.70
286.10
276.50
266.70
257.10
247.30
237.30
227.50
217.60
207.70
197.90
187.90
178.10
168.40
158.60
148.90
139.20
129.80
120.40
111.00
101.80
92.68
83.74
74.96
66.45
58.10
50.06
42.39
35.05
28.11
21.72
15.97
10.87
6.62
3.38
1.26
0.45
0.36
0.31
0.28
0.22
0.12
0.08
0.08
0.09
0.09
0.09
0.09
0.10
0.10
0.10
0.11
0.11
0.11
0.12
0.12
0.12
0.13
0.13
0.13
0.14
0.14
0.14
0.15
0.15
0.16
0.16
0.16
0.17
0.17
0.18
0.18
0.19
0.19
0.20
0.20
0.21
0.21
0.22
0.22
0.23
0.23
0.24
0.25
0.25
0.26
0.26
0.27
0.28
0.28
0.29
0.30
0.30
0.31
0.32
0.32
0.33
0.34
0.34
0.35
0.36
0.36
0.37
0.38
0.39
0.39
0.40
0.41
0.42
0.43
0.44
0.44
0.45
0.46
0.47
0.48
0.49
0.50
0.51
0.52
0.53
0.54
0.55
0.56
0.57
0.58
0.59
0.59
331.30
342.10
352.90
363.60
374.00
384.40
394.50
404.00
413.20
422.20
430.60
438.20
445.30
451.50
457.10
462.20
466.30
469.60
472.00
473.80
474.60
474.70
474.30
472.90
470.70
467.80
464.10
460.20
455.60
450.20
444.20
437.90
431.00
423.80
415.80
407.80
399.40
390.50
381.40
372.20
362.40
352.80
343.00
333.10
322.90
312.80
302.70
292.50
282.40
272.30
262.20
252.40
242.50
232.90
223.20
213.90
204.50
195.40
186.40
177.60
168.80
160.50
152.10
143.90
135.90
128.00
120.20
112.60
105.20
97.84
90.66
83.64
76.75
70.01
63.53
57.20
50.96
44.94
39.09
33.47
28.12
23.06
18.31
13.94
10.08
6.68
3.90
1.87
0.67
0.35
0.33
0.30
0.26
0.20
0.10
0.08
0.07
0.07
0.07
0.07
0.07
0.08
0.08
0.08
0.08
0.08
0.08
0.09
0.09
0.09
0.09
0.10
0.10
0.10
0.10
0.11
0.11
0.12
0.12
0.12
0.13
0.13
0.13
0.13
0.14
0.14
0.15
0.15
0.16
0.16
0.16
0.17
0.18
0.19
0.19
0.19
0.19
0.20
0.21
0.21
0.22
0.22
0.23
0.24
0.25
0.25
0.26
0.26
0.27
0.28
0.29
0.30
0.30
0.31
0.32
0.33
0.34
0.35
0.35
0.36
0.38
0.38
0.39
0.40
0.41
0.42
0.43
0.44
0.45
0.46
0.47
0.49
0.50
0.51
0.53
0.53
0.55
0.56
0.57
0.58
0.59
330.60
342.70
354.80
366.60
378.40
389.90
400.80
411.40
421.50
431.10
439.80
447.80
455.10
461.50
467.00
471.60
475.10
477.70
479.40
480.20
479.80
478.60
476.40
473.30
469.70
464.70
459.40
453.10
446.20
438.70
430.70
421.90
413.20
403.40
393.90
383.60
373.00
362.30
351.50
340.50
329.40
318.40
307.50
296.40
285.50
274.80
264.30
253.80
243.60
233.60
223.80
214.10
204.90
195.70
187.00
178.40
170.00
161.90
154.10
146.40
139.00
131.70
124.80
117.90
111.20
104.60
98.23
91.99
85.87
79.82
73.93
68.19
62.55
57.05
51.69
46.47
41.33
36.45
31.65
27.08
22.74
18.60
14.74
11.20
8.05
5.31
3.07
1.45
0.52
0.30
0.28
0.26
0.23
0.18
0.09
0.08
0.08
0.08
0.08
0.08
0.09
0.09
0.09
0.09
0.09
0.10
0.10
0.10
0.10
0.11
0.11
0.11
0.11
0.12
0.12
0.12
0.12
0.13
0.13
0.13
0.13
0.14
0.14
0.14
0.15
0.15
0.16
0.16
0.16
0.17
0.17
0.18
0.18
0.19
0.19
0.19
0.20
0.21
0.21
0.22
0.22
0.23
0.24
0.24
0.25
0.26
0.26
0.27
0.28
0.29
0.29
0.30
0.31
0.32
0.33
0.34
0.35
0.36
0.37
0.38
0.39
0.39
0.41
0.42
0.43
0.44
0.45
0.46
0.47
0.48
0.49
0.51
0.52
0.53
0.55
0.56
0.57
0.58
0.60
0.60
0.60
331.60
344.10
356.50
368.90
380.80
392.70
404.10
414.90
425.10
434.70
443.70
451.80
459.00
465.30
470.90
475.00
478.20
480.40
481.30
481.70
480.60
478.90
476.10
472.20
467.90
462.30
455.80
448.90
441.10
432.80
423.80
414.60
404.70
394.40
383.80
373.00
361.80
350.50
339.40
327.80
316.40
305.00
293.90
282.70
271.70
260.80
250.10
239.80
229.80
220.00
210.50
201.30
192.20
183.40
175.00
166.90
158.90
151.20
143.80
136.50
129.60
122.70
116.20
109.70
103.40
97.28
91.21
85.43
79.72
74.17
68.62
63.40
58.19
53.03
48.03
43.12
38.36
33.76
29.29
25.02
20.95
17.09
13.48
10.19
7.27
4.73
2.70
1.23
0.44
0.31
0.30
0.27
0.24
0.18
0.08
0.08
0.08
0.08
0.08
0.08
0.08
0.08
0.08
0.08
0.08
0.08
0.08
0.09
0.09
0.09
0.09
0.09
0.09
0.09
0.10
0.10
0.10
0.12
0.13
0.13
0.13
0.13
0.13
0.13
0.13
0.13
0.13
0.14
0.14
0.14
0.15
0.15
0.16
0.16
0.17
0.17
0.17
0.18
0.19
0.19
0.20
0.21
0.21
0.22
0.22
0.23
0.24
0.25
0.25
0.26
0.27
0.29
0.29
0.30
0.32
0.32
0.32
0.33
0.35
0.35
0.37
0.38
0.39
0.40
0.41
0.42
0.43
0.44
0.45
0.46
0.47
0.49
0.50
0.52
0.53
0.54
0.56
0.57
0.58
0.59
0.60
330.60
342.70
354.80
366.60
378.40
389.90
400.80
411.40
421.50
431.10
439.80
447.80
455.10
461.50
467.00
471.60
475.10
477.70
479.40
480.20
479.80
478.60
476.40
473.30
469.70
464.70
459.40
453.10
446.20
438.70
430.70
421.90
413.20
403.40
393.90
383.60
373.00
362.30
351.50
340.50
329.40
318.40
307.50
296.40
285.50
274.80
264.30
253.80
243.60
233.60
223.80
214.10
204.90
195.70
187.00
178.40
170.00
161.90
154.10
146.40
139.00
131.70
124.80
117.90
111.20
104.60
98.23
91.99
85.87
79.82
73.93
68.19
62.55
57.05
51.69
46.47
41.33
36.45
31.65
27.08
22.74
18.60
14.74
11.20
8.05
5.31
3.07
1.45
0.52
0.30
0.28
0.26
0.23
0.18
0.09
0.08
0.08
0.08
0.08
0.08
0.09
0.09
0.09
0.09
0.09
0.10
0.10
0.10
0.10
0.11
0.11
0.11
0.11
0.12
0.12
0.12
0.12
0.13
0.13
0.13
0.13
0.14
0.14
0.14
0.15
0.15
0.16
0.16
0.16
0.17
0.17
0.18
0.18
0.19
0.19
0.19
0.20
0.21
0.21
0.22
0.22
0.23
0.24
0.24
0.25
0.26
0.26
0.27
0.28
0.29
0.29
0.30
0.31
0.32
0.33
0.34
0.35
0.36
0.37
0.38
0.39
0.39
0.41
0.42
0.43
0.44
0.45
0.46
0.47
0.48
0.49
0.51
0.52
0.53
0.55
0.56
0.57
0.58
0.60
0.60
0.60
331.30
342.10
352.90
363.60
374.00
384.40
394.50
404.00
413.20
422.20
430.60
438.20
445.30
451.50
457.10
462.20
466.30
469.60
472.00
473.80
474.60
474.70
474.30
472.90
470.70
467.80
464.10
460.20
455.60
450.20
444.20
437.90
431.00
423.80
415.80
407.80
399.40
390.50
381.40
372.20
362.40
352.80
343.00
333.10
322.90
312.80
302.70
292.50
282.40
272.30
262.20
252.40
242.50
232.90
223.20
213.90
204.50
195.40
186.40
177.60
168.80
160.50
152.10
143.90
135.90
128.00
120.20
112.60
105.20
97.84
90.66
83.64
76.75
70.01
63.53
57.20
50.96
44.94
39.09
33.47
28.12
23.06
18.31
13.94
10.08
6.68
3.90
1.87
0.67
0.35
0.33
0.30
0.26
0.20
0.10
0.08
0.07
0.07
0.07
0.07
0.07
0.08
0.08
0.08
0.08
0.08
0.08
0.09
0.09
0.09
0.09
0.10
0.10
0.10
0.10
0.11
0.11
0.12
0.12
0.12
0.13
0.13
0.13
0.13
0.14
0.14
0.15
0.15
0.16
0.16
0.16
0.17
0.18
0.19
0.19
0.19
0.19
0.20
0.21
0.21
0.22
0.22
0.23
0.24
0.25
0.25
0.26
0.26
0.27
0.28
0.29
0.30
0.30
0.31
0.32
0.33
0.34
0.35
0.35
0.36
0.38
0.38
0.39
0.40
0.41
0.42
0.43
0.44
0.45
0.46
0.47
0.49
0.50
0.51
0.53
0.53
0.55
0.56
0.57
0.58
0.59
330.80
339.70
348.40
357.10
365.80
374.40
382.60
390.80
398.70
406.20
413.60
420.30
426.70
432.70
438.20
443.20
447.50
451.60
455.10
457.70
459.90
461.70
462.90
463.50
463.30
463.10
461.90
460.50
458.60
456.00
453.40
450.10
446.60
442.40
437.80
433.10
427.80
422.00
416.20
410.00
403.40
396.40
389.60
382.10
374.30
366.60
358.20
349.90
341.20
332.40
323.40
314.30
305.10
295.70
286.10
276.50
266.70
257.10
247.30
237.30
227.50
217.60
207.70
197.90
187.90
178.10
168.40
158.60
148.90
139.20
129.80
120.40
111.00
101.80
92.68
83.74
74.96
66.45
58.10
50.06
42.39
35.05
28.11
21.72
15.97
10.87
6.62
3.38
1.26
0.45
0.36
0.31
0.28
0.22
0.12
0.08
0.08
0.09
0.09
0.09
0.09
0.10
0.10
0.10
0.11
0.11
0.11
0.12
0.12
0.12
0.13
0.13
0.13
0.14
0.14
0.14
0.15
0.15
0.16
0.16
0.16
0.17
0.17
0.18
0.18
0.19
0.19
0.20
0.20
0.21
0.21
0.22
0.22
0.23
0.23
0.24
0.25
0.25
0.26
0.26
0.27
0.28
0.28
0.29
0.30
0.30
0.31
0.32
0.32
0.33
0.34
0.34
0.35
0.36
0.36
0.37
0.38
0.39
0.39
0.40
0.41
0.42
0.43
0.44
0.44
0.45
0.46
0.47
0.48
0.49
0.50
0.51
0.52
0.53
0.54
0.55
0.56
0.57
0.58
0.59
0.59
331.20
337.40
343.60
349.90
356.00
362.10
368.10
373.80
379.70
385.10
390.60
395.80
400.80
405.50
409.90
414.20
417.80
421.70
425.10
428.10
430.70
433.30
435.50
437.30
438.90
440.20
441.20
442.00
442.50
442.50
442.50
442.30
441.50
440.60
439.20
437.60
435.60
433.50
431.00
427.90
424.70
421.20
417.20
413.00
408.50
403.40
398.30
392.60
386.60
380.20
373.40
366.40
358.80
351.30
343.20
334.80
326.20
317.10
307.70
298.40
288.60
278.60
268.30
257.70
246.90
236.00
224.70
213.30
201.80
190.10
178.20
166.40
154.50
142.50
130.70
118.70
107.00
95.41
84.03
72.83
62.27
52.05
42.12
32.90
24.53
17.01
10.70
5.69
2.28
0.72
0.43
0.39
0.33
0.26
0.15
0.10
0.10
0.10
0.10
0.10
0.10
0.10
0.11
0.11
0.12
0.12
0.12
0.13
0.13
0.13
0.14
0.14
0.15
0.16
0.16
0.16
0.17
0.17
0.18
0.18
0.19
0.19
0.20
0.20
0.21
0.22
0.22
0.23
0.23
0.23
0.24
0.25
0.25
0.26
0.26
0.27
0.28
0.29
0.29
0.29
0.30
0.31
0.32
0.32
0.32
0.33
0.33
0.34
0.35
0.35
0.36
0.36
0.37
0.38
0.38
0.39
0.39
0.40
0.41
0.42
0.42
0.43
0.43
0.44
0.45
0.45
0.46
0.47
0.47
0.48
0.49
0.50
0.50
0.52
0.53
0.53
0.55
0.55
0.56
0.57
0.58
331.00
334.40
337.60
340.70
343.90
347.10
350.30
353.30
356.30
359.20
362.10
364.90
367.60
370.20
372.70
375.10
377.40
379.50
381.80
384.00
386.00
387.80
389.70
391.40
393.00
394.50
396.00
397.40
398.60
399.70
400.70
401.30
402.00
402.50
402.60
402.50
402.50
401.90
401.20
400.10
398.80
397.10
395.00
392.50
389.90
386.90
383.60
379.70
375.40
370.90
366.10
360.80
355.20
349.30
342.80
336.00
329.00
321.40
313.50
305.10
296.50
287.50
278.10
268.40
258.50
248.10
237.40
226.30
215.20
203.50
191.80
179.90
167.80
155.60
143.30
131.10
118.90
106.70
94.62
82.73
71.24
60.06
49.30
39.21
29.88
21.41
14.11
8.18
3.77
1.27
0.49
0.41
0.34
0.27
0.19
0.13
0.13
0.14
0.14
0.15
0.15
0.16
0.17
0.17
0.18
0.18
0.19
0.19
0.20
0.20
0.21
0.22
0.22
0.23
0.23
0.24
0.25
0.25
0.26
0.26
0.27
0.27
0.28
0.28
0.29
0.29
0.30
0.31
0.31
0.32
0.32
0.33
0.34
0.34
0.34
0.35
0.36
0.36
0.37
0.37
0.38
0.38
0.39
0.39
0.40
0.40
0.41
0.41
0.42
0.42
0.43
0.43
0.44
0.44
0.45
0.45
0.45
0.46
0.47
0.47
0.47
0.48
0.48
0.49
0.49
0.50
0.50
0.51
0.51
0.52
0.52
0.53
0.54
0.55
0.55
0.56
0.57
0.57
0.58
0.57
0.57
331.70
331.80
331.80
331.70
331.80
331.70
331.70
331.60
331.60
331.60
331.60
331.50
331.20
331.00
331.10
330.90
330.70
330.50
330.50
330.30
330.30
330.20
330.20
330.20
330.10
330.00
330.00
329.80
329.80
329.50
329.00
328.70
328.30
327.60
326.90
326.00
324.90
323.80
322.20
320.50
318.70
316.50
314.20
311.80
308.90
305.90
302.60
299.30
295.40
291.40
287.10
282.50
277.60
272.50
267.30
261.60
255.80
249.60
243.20
236.60
229.60
222.40
214.90
207.30
199.40
191.40
183.10
174.50
165.80
157.00
148.10
138.90
129.70
120.50
111.10
101.80
92.43
83.18
74.04
65.15
56.34
47.81
39.67
31.93
24.75
18.20
12.45
7.65
3.95
1.59
0.61
0.43
0.34
0.25
0.20
0.15
0.15
0.15
0.16
0.16
0.17
0.17
0.18
0.19
0.19
0.20
0.21
0.21
0.22
0.23
0.23
0.24
0.25
0.25
0.26
0.27
0.27
0.28
0.28
0.29
0.30
0.30
0.31
0.31
0.32
0.33
0.34
0.34
0.35
0.35
0.36
0.37
0.37
0.38
0.38
0.39
0.40
0.40
0.41
0.41
0.42
0.42
0.43
0.43
0.44
0.44
0.45
0.45
0.45
0.46
0.46
0.47
0.47
0.48
0.48
0.49
0.49
0.49
0.49
0.49
0.50
0.50
0.51
0.51
0.51
0.52
0.52
0.52
0.52
0.52
0.52
0.52
0.52
0.52
0.53
0.53
0.53
0.53
0.53
0.53
0.53
331.00
327.80
324.70
321.30
318.20
315.10
311.80
308.60
305.60
302.60
299.40
296.40
293.40
290.70
287.90
285.00
282.20
279.60
277.10
274.40
271.90
269.50
267.10
264.70
262.50
260.20
258.00
255.70
253.40
251.10
248.80
246.50
244.30
241.80
239.40
236.90
234.30
231.60
228.80
226.10
223.20
220.10
217.00
213.80
210.50
207.10
203.50
200.00
196.30
192.50
188.60
184.50
180.50
176.20
171.80
167.40
163.00
158.20
153.50
148.70
143.90
138.90
133.90
128.70
123.40
118.20
112.80
107.30
101.80
96.27
90.67
84.99
79.38
73.63
67.92
62.32
56.78
51.25
45.76
40.36
35.08
29.96
25.09
20.43
16.10
12.13
8.56
5.54
3.13
1.46
0.63
0.41
0.33
0.24
0.20
0.15
0.15
0.15
0.17
0.17
0.18
0.18
0.19
0.19
0.20
0.21
0.22
0.23
0.24
0.24
0.24
0.25
0.26
0.27
0.27
0.28
0.28
0.29
0.29
0.30
0.31
0.31
0.32
0.33
0.33
0.34
0.34
0.35
0.36
0.37
0.37
0.38
0.39
0.39
0.40
0.41
0.42
0.42
0.43
0.44
0.44
0.45
0.45
0.46
0.46
0.47
0.47
0.48
0.48
0.49
0.49
0.49
0.50
0.50
0.50
0.51
0.51
0.52
0.52
0.52
0.52
0.52
0.52
0.53
0.53
0.53
0.53
0.53
0.53
0.54
0.54
0.54
0.54
0.54
0.54
0.54
0.55
0.55
0.55
0.56
0.57
331.20
324.90
318.70
312.70
306.50
300.50
294.60
288.60
282.90
277.10
271.70
266.30
261.00
255.80
250.80
245.90
241.00
236.40
231.90
227.40
223.20
218.90
214.90
211.00
207.10
203.30
199.70
196.10
192.50
188.90
185.60
182.20
178.90
175.50
172.20
169.00
165.80
162.60
159.50
156.40
153.20
150.00
146.90
143.80
140.80
137.70
134.50
131.50
128.40
125.50
122.40
119.30
116.20
113.10
110.00
106.90
103.80
100.70
97.48
94.28
91.06
87.85
84.58
81.31
77.98
74.66
71.28
67.87
64.48
61.03
57.55
54.09
50.60
47.07
43.55
40.09
36.59
33.13
29.76
26.38
23.11
19.93
16.84
13.92
11.16
8.59
6.28
4.27
2.62
1.38
0.63
0.37
0.30
0.21
0.18
0.16
0.17
0.17
0.18
0.19
0.20
0.21
0.21
0.22
0.23
0.24
0.24
0.25
0.26
0.27
0.27
0.28
0.29
0.30
0.30
0.31
0.32
0.32
0.33
0.34
0.34
0.35
0.36
0.36
0.37
0.38
0.39
0.39
0.40
0.41
0.42
0.42
0.43
0.44
0.45
0.46
0.46
0.47
0.48
0.48
0.49
0.49
0.50
0.50
0.51
0.51
0.52
0.52
0.53
0.53
0.54
0.54
0.54
0.55
0.55
0.56
0.56
0.56
0.56
0.56
0.56
0.57
0.57
0.57
0.57
0.57
0.57
0.57
0.57
0.57
0.57
0.57
0.57
0.57
0.57
0.57
0.57
0.58
0.58
0.58
0.58
330.80
321.90
313.30
304.50
296.20
287.70
279.50
271.40
263.50
255.80
248.50
241.50
234.50
227.80
221.40
215.10
209.20
203.50
198.00
192.70
187.70
182.70
178.00
173.40
169.10
164.90
160.90
157.00
153.10
149.40
146.00
142.40
139.10
135.90
132.80
129.80
126.80
123.90
121.10
118.30
115.70
113.10
110.60
108.10
105.60
103.20
100.90
98.65
96.29
94.06
91.83
89.57
87.35
85.15
82.87
80.62
78.41
76.19
73.94
71.62
69.32
66.99
64.69
62.41
60.05
57.62
55.15
52.64
50.11
47.56
44.96
42.33
39.71
37.05
34.39
31.73
29.07
26.39
23.78
21.18
18.62
16.13
13.73
11.42
9.24
7.20
5.34
3.71
2.34
1.28
0.60
0.34
0.28
0.20
0.15
0.14
0.14
0.14
0.14
0.15
0.16
0.17
0.17
0.18
0.19
0.20
0.21
0.21
0.22
0.24
0.24
0.25
0.26
0.27
0.27
0.28
0.29
0.30
0.30
0.31
0.32
0.33
0.34
0.34
0.35
0.36
0.37
0.37
0.38
0.39
0.40
0.41
0.41
0.42
0.44
0.44
0.45
0.46
0.46
0.47
0.47
0.48
0.49
0.49
0.50
0.50
0.50
0.51
0.52
0.53
0.54
0.53
0.54
0.54
0.54
0.54
0.55
0.55
0.55
0.56
0.56
0.56
0.56
0.57
0.57
0.57
0.57
0.57
0.57
0.57
0.57
0.57
0.57
0.57
0.57
0.57
0.57
0.57
0.57
0.58
0.59
331.30
320.70
309.90
299.30
289.00
278.80
268.90
259.30
250.00
241.10
232.50
224.40
216.40
208.80
201.80
195.00
188.40
182.30
176.40
170.90
165.70
160.60
155.90
151.40
146.90
142.90
138.90
135.30
131.70
128.30
125.10
122.10
119.10
116.30
113.60
111.00
108.50
106.10
103.80
101.70
99.53
97.47
95.48
93.56
91.66
89.83
87.98
86.18
84.39
82.62
80.83
79.04
77.27
75.49
73.66
71.82
69.98
68.09
66.17
64.22
62.24
60.23
58.20
56.13
54.00
51.88
49.70
47.49
45.25
42.98
40.67
38.37
36.04
33.67
31.30
28.94
26.56
24.19
21.86
19.52
17.23
15.01
12.84
10.75
8.77
6.92
5.21
3.69
2.40
1.37
0.65
0.30
0.24
0.18
0.12
0.13
0.13
0.14
0.14
0.15
0.16
0.16
0.17
0.18
0.19
0.19
0.20
0.21
0.22
0.22
0.23
0.24
0.25
0.26
0.27
0.27
0.28
0.29
0.30
0.31
0.32
0.33
0.34
0.34
0.35
0.36
0.37
0.38
0.39
0.39
0.40
0.41
0.42
0.43
0.44
0.45
0.45
0.46
0.47
0.48
0.48
0.49
0.50
0.50
0.51
0.52
0.52
0.52
0.53
0.54
0.54
0.54
0.55
0.55
0.56
0.56
0.56
0.57
0.57
0.57
0.57
0.57
0.57
0.58
0.58
0.58
0.58
0.58
0.58
0.58
0.58
0.58
0.58
0.58
0.59
0.59
0.59
0.59
0.60
0.60
0.60
330.60
318.80
306.80
295.10
283.50
272.50
261.50
251.10
241.00
231.50
222.10
213.40
205.10
197.20
189.80
182.80
176.20
169.90
164.10
158.50
153.40
148.50
143.90
139.50
135.30
131.50
127.80
124.30
121.00
117.80
114.90
112.20
109.40
107.00
104.60
102.30
100.20
98.17
96.25
94.39
92.62
90.86
89.19
87.56
85.92
84.36
82.71
81.20
79.60
78.04
76.45
74.82
73.22
71.57
69.86
68.15
66.47
64.70
63.06
61.25
59.38
57.48
55.55
53.59
51.56
49.53
47.47
45.35
43.22
41.07
38.87
36.66
34.45
32.18
29.93
27.67
25.41
23.14
20.92
18.72
16.54
14.40
12.35
10.35
8.46
6.69
5.05
3.59
2.34
1.34
0.64
0.28
0.24
0.17
0.11
0.11
0.11
0.11
0.11
0.11
0.12
0.13
0.13
0.14
0.14
0.15
0.16
0.17
0.17
0.19
0.19
0.20
0.21
0.22
0.23
0.23
0.24
0.25
0.26
0.27
0.27
0.28
0.29
0.30
0.31
0.32
0.33
0.34
0.35
0.36
0.37
0.38
0.38
0.40
0.40
0.41
0.42
0.43
0.44
0.44
0.45
0.46
0.47
0.47
0.48
0.48
0.49
0.50
0.50
0.51
0.51
0.51
0.52
0.52
0.53
0.53
0.54
0.54
0.54
0.54
0.55
0.55
0.55
0.55
0.56
0.56
0.57
0.57
0.57
0.57
0.57
0.57
0.57
0.57
0.58
0.58
0.58
0.59
0.59
0.59
0.60
331.60
319.10
306.90
294.60
282.80
271.10
259.90
249.20
238.80
229.00
219.60
210.60
202.10
194.10
186.60
179.50
172.70
166.60
160.80
155.20
150.10
145.20
140.50
136.30
132.20
128.40
124.90
121.60
118.30
115.20
112.30
109.70
107.20
104.80
102.50
100.40
98.34
96.44
94.60
92.84
91.18
89.52
87.86
86.32
84.75
83.25
81.72
80.23
78.68
77.16
75.62
74.06
72.48
70.89
69.21
67.56
65.84
64.10
62.32
60.53
58.69
56.80
54.91
52.96
50.99
48.99
46.93
44.86
42.79
40.66
38.50
36.32
34.13
31.90
29.69
27.49
25.25
23.03
20.83
18.64
16.50
14.41
12.34
10.39
8.51
6.76
5.13
3.67
2.43
1.40
0.68
0.28
0.21
0.16
0.10
0.11
0.11
0.12
0.12
0.13
0.13
0.14
0.15
0.15
0.16
0.17
0.17
0.18
0.19
0.20
0.20
0.21
0.22
0.22
0.23
0.24
0.25
0.26
0.27
0.28
0.29
0.30
0.30
0.31
0.32
0.33
0.34
0.35
0.36
0.37
0.38
0.39
0.40
0.41
0.41
0.43
0.43
0.44
0.45
0.46
0.47
0.47
0.48
0.49
0.49
0.50
0.50
0.51
0.52
0.52
0.53
0.53
0.53
0.54
0.54
0.55
0.55
0.55
0.55
0.56
0.56
0.56
0.57
0.57
0.57
0.57
0.57
0.58
0.58
0.58
0.58
0.58
0.58
0.58
0.59
0.60
0.60
0.60
0.61
0.61
0.61
330.60
318.80
306.80
295.10
283.50
272.50
261.50
251.10
241.00
231.50
222.10
213.40
205.10
197.20
189.80
182.80
176.20
169.90
164.10
158.50
153.40
148.50
143.90
139.50
135.30
131.50
127.80
124.30
121.00
117.80
114.90
112.20
109.40
107.00
104.60
102.30
100.20
98.17
96.25
94.39
92.62
90.86
89.19
87.56
85.92
84.36
82.71
81.20
79.60
78.04
76.45
74.82
73.22
71.57
69.86
68.15
66.47
64.70
63.06
61.25
59.38
57.48
55.55
53.59
51.56
49.53
47.47
45.35
43.22
41.07
38.87
36.66
34.45
32.18
29.93
27.67
25.41
23.14
20.92
18.72
16.54
14.40
12.35
10.35
8.46
6.69
5.05
3.59
2.34
1.34
0.64
0.28
0.24
0.17
0.11
0.11
0.11
0.11
0.11
0.11
0.12
0.13
0.13
0.14
0.14
0.15
0.16
0.17
0.17
0.19
0.19
0.20
0.21
0.22
0.23
0.23
0.24
0.25
0.26
0.27
0.27
0.28
0.29
0.30
0.31
0.32
0.33
0.34
0.35
0.36
0.37
0.38
0.38
0.40
0.40
0.41
0.42
0.43
0.44
0.44
0.45
0.46
0.47
0.47
0.48
0.48
0.49
0.50
0.50
0.51
0.51
0.51
0.52
0.52
0.53
0.53
0.54
0.54
0.54
0.54
0.55
0.55
0.55
0.55
0.56
0.56
0.57
0.57
0.57
0.57
0.57
0.57
0.57
0.57
0.58
0.58
0.58
0.59
0.59
0.59
0.60
331.30
320.70
309.90
299.30
289.00
278.80
268.90
259.30
250.00
241.10
232.50
224.40
216.40
208.80
201.80
195.00
188.40
182.30
176.40
170.90
165.70
160.60
155.90
151.40
146.90
142.90
138.90
135.30
131.70
128.30
125.10
122.10
119.10
116.30
113.60
111.00
108.50
106.10
103.80
101.70
99.53
97.47
95.48
93.56
91.66
89.83
87.98
86.18
84.39
82.62
80.83
79.04
77.27
75.49
73.66
71.82
69.98
68.09
66.17
64.22
62.24
60.23
58.20
56.13
54.00
51.88
49.70
47.49
45.25
42.98
40.67
38.37
36.04
33.67
31.30
28.94
26.56
24.19
21.86
19.52
17.23
15.01
12.84
10.75
8.77
6.92
5.21
3.69
2.40
1.37
0.65
0.30
0.24
0.18
0.12
0.13
0.13
0.14
0.14
0.15
0.16
0.16
0.17
0.18
0.19
0.19
0.20
0.21
0.22
0.22
0.23
0.24
0.25
0.26
0.27
0.27
0.28
0.29
0.30
0.31
0.32
0.33
0.34
0.34
0.35
0.36
0.37
0.38
0.39
0.39
0.40
0.41
0.42
0.43
0.44
0.45
0.45
0.46
0.47
0.48
0.48
0.49
0.50
0.50
0.51
0.52
0.52
0.52
0.53
0.54
0.54
0.54
0.55
0.55
0.56
0.56
0.56
0.57
0.57
0.57
0.57
0.57
0.57
0.58
0.58
0.58
0.58
0.58
0.58
0.58
0.58
0.58
0.58
0.58
0.59
0.59
0.59
0.59
0.60
0.60
0.60
330.80
321.90
313.30
304.50
296.20
287.70
279.50
271.40
263.50
255.80
248.50
241.50
234.50
227.80
221.40
215.10
209.20
203.50
198.00
192.70
187.70
182.70
178.00
173.40
169.10
164.90
160.90
157.00
153.10
149.40
146.00
142.40
139.10
135.90
132.80
129.80
126.80
123.90
121.10
118.30
115.70
113.10
110.60
108.10
105.60
103.20
100.90
98.65
96.29
94.06
91.83
89.57
87.35
85.15
82.87
80.62
78.41
76.19
73.94
71.62
69.32
66.99
64.69
62.41
60.05
57.62
55.15
52.64
50.11
47.56
44.96
42.33
39.71
37.05
34.39
31.73
29.07
26.39
23.78
21.18
18.62
16.13
13.73
11.42
9.24
7.20
5.34
3.71
2.34
1.28
0.60
0.34
0.28
0.20
0.15
0.14
0.14
0.14
0.14
0.15
0.16
0.17
0.17
0.18
0.19
0.20
0.21
0.21
0.22
0.24
0.24
0.25
0.26
0.27
0.27
0.28
0.29
0.30
0.30
0.31
0.32
0.33
0.34
0.34
0.35
0.36
0.37
0.37
0.38
0.39
0.40
0.41
0.41
0.42
0.44
0.44
0.45
0.46
0.46
0.47
0.47
0.48
0.49
0.49
0.50
0.50
0.50
0.51
0.52
0.53
0.54
0.53
0.54
0.54
0.54
0.54
0.55
0.55
0.55
0.56
0.56
0.56
0.56
0.57
0.57
0.57
0.57
0.57
0.57
0.57
0.57
0.57
0.57
0.57
0.57
0.57
0.57
0.57
0.57
0.58
0.59
331.20
324.90
318.70
312.70
306.50
300.50
294.60
288.60
282.90
277.10
271.70
266.30
261.00
255.80
250.80
245.90
241.00
236.40
231.90
227.40
223.20
218.90
214.90
211.00
207.10
203.30
199.70
196.10
192.50
188.90
185.60
182.20
178.90
175.50
172.20
169.00
165.80
162.60
159.50
156.40
153.20
150.00
146.90
143.80
140.80
137.70
134.50
131.50
128.40
125.50
122.40
119.30
116.20
113.10
110.00
106.90
103.80
100.70
97.48
94.28
91.06
87.85
84.58
81.31
77.98
74.66
71.28
67.87
64.48
61.03
57.55
54.09
50.60
47.07
43.55
40.09
36.59
33.13
29.76
26.38
23.11
19.93
16.84
13.92
11.16
8.59
6.28
4.27
2.62
1.38
0.63
0.37
0.30
0.21
0.18
0.16
0.17
0.17
0.18
0.19
0.20
0.21
0.21
0.22
0.23
0.24
0.24
0.25
0.26
0.27
0.27
0.28
0.29
0.30
0.30
0.31
0.32
0.32
0.33
0.34
0.34
0.35
0.36
0.36
0.37
0.38
0.39
0.39
0.40
0.41
0.42
0.42
0.43
0.44
0.45
0.46
0.46
0.47
0.48
0.48
0.49
0.49
0.50
0.50
0.51
0.51
0.52
0.52
0.53
0.53
0.54
0.54
0.54
0.55
0.55
0.56
0.56
0.56
0.56
0.56
0.56
0.57
0.57
0.57
0.57
0.57
0.57
0.57
0.57
0.57
0.57
0.57
0.57
0.57
0.57
0.57
0.57
0.58
0.58
0.58
0.58
331.00
327.80
324.70
321.30
318.20
315.10
311.80
308.60
305.60
302.60
299.40
296.40
293.40
290.70
287.90
285.00
282.20
279.60
277.10
274.40
271.90
269.50
267.10
264.70
262.50
260.20
258.00
255.70
253.40
251.10
248.80
246.50
244.30
241.80
239.40
236.90
234.30
231.60
228.80
226.10
223.20
220.10
217.00
213.80
210.50
207.10
203.50
200.00
196.30
192.50
188.60
184.50
180.50
176.20
171.80
167.40
163.00
158.20
153.50
148.70
143.90
138.90
133.90
128.70
123.40
118.20
112.80
107.30
101.80
96.27
90.67
84.99
79.38
73.63
67.92
62.32
56.78
51.25
45.76
40.36
35.08
29.96
25.09
20.43
16.10
12.13
8.56
5.54
3.13
1.46
0.63
0.41
0.33
0.24
0.20
0.15
0.15
0.15
0.17
0.17
0.18
0.18
0.19
0.19
0.20
0.21
0.22
0.23
0.24
0.24
0.24
0.25
0.26
0.27
0.27
0.28
0.28
0.29
0.29
0.30
0.31
0.31
0.32
0.33
0.33
0.34
0.34
0.35
0.36
0.37
0.37
0.38
0.39
0.39
0.40
0.41
0.42
0.42
0.43
0.44
0.44
0.45
0.45
0.46
0.46
0.47
0.47
0.48
0.48
0.49
0.49
0.49
0.50
0.50
0.50
0.51
0.51
0.52
0.52
0.52
0.52
0.52
0.52
0.53
0.53
0.53
0.53
0.53
0.53
0.54
0.54
0.54
0.54
0.54
0.54
0.54
0.55
0.55
0.55
0.56
0.57
