SALVI
1
0
24
15.0
181
1.0
241201
SNAP 5050 F4MD VDR L

SNAP 5050 F4MD VDR L.ldt
3 December 2024/TB
320
0
90
220
0
0
0
0
0
99.83
100.00
1.00
0.00
1
1
5050
4627.90
3000
70
40.70
0.26
0.35
0.44
0.52
0.57
0.66
0.71
0.75
0.81
0.84
0.00
15.00
30.00
45.00
60.00
75.00
90.00
105.00
120.00
135.00
150.00
165.00
180.00
195.00
210.00
225.00
240.00
255.00
270.00
285.00
300.00
315.00
330.00
345.00
0.00
1.00
2.00
3.00
4.00
5.00
6.00
7.00
8.00
9.00
10.00
11.00
12.00
13.00
14.00
15.00
16.00
17.00
18.00
19.00
20.00
21.00
22.00
23.00
24.00
25.00
26.00
27.00
28.00
29.00
30.00
31.00
32.00
33.00
34.00
35.00
36.00
37.00
38.00
39.00
40.00
41.00
42.00
43.00
44.00
45.00
46.00
47.00
48.00
49.00
50.00
51.00
52.00
53.00
54.00
55.00
56.00
57.00
58.00
59.00
60.00
61.00
62.00
63.00
64.00
65.00
66.00
67.00
68.00
69.00
70.00
71.00
72.00
73.00
74.00
75.00
76.00
77.00
78.00
79.00
80.00
81.00
82.00
83.00
84.00
85.00
86.00
87.00
88.00
89.00
90.00
91.00
92.00
93.00
94.00
95.00
96.00
97.00
98.00
99.00
100.00
101.00
102.00
103.00
104.00
105.00
106.00
107.00
108.00
109.00
110.00
111.00
112.00
113.00
114.00
115.00
116.00
117.00
118.00
119.00
120.00
121.00
122.00
123.00
124.00
125.00
126.00
127.00
128.00
129.00
130.00
131.00
132.00
133.00
134.00
135.00
136.00
137.00
138.00
139.00
140.00
141.00
142.00
143.00
144.00
145.00
146.00
147.00
148.00
149.00
150.00
151.00
152.00
153.00
154.00
155.00
156.00
157.00
158.00
159.00
160.00
161.00
162.00
163.00
164.00
165.00
166.00
167.00
168.00
169.00
170.00
171.00
172.00
173.00
174.00
175.00
176.00
177.00
178.00
179.00
180.00
221.80
222.00
222.10
222.60
223.40
224.20
225.20
226.40
227.80
229.40
231.10
233.00
235.00
237.20
239.40
241.80
244.40
246.80
249.60
252.30
255.00
257.80
260.60
263.30
265.90
268.50
271.00
273.40
275.60
277.70
279.60
281.30
282.80
283.90
284.90
285.60
286.00
285.80
285.70
285.10
284.10
282.90
281.30
279.30
277.10
274.50
271.50
268.20
264.50
260.50
256.00
251.50
246.50
241.30
235.80
230.00
224.10
217.80
211.20
204.50
197.50
190.50
183.30
175.80
168.40
160.60
152.90
145.00
137.10
129.10
121.10
113.20
105.20
97.22
89.26
81.38
73.62
66.06
58.64
51.32
44.27
37.45
31.00
24.89
19.26
14.10
9.58
5.83
2.94
1.07
0.40
0.34
0.15
0.11
0.11
0.12
0.12
0.13
0.13
0.14
0.14
0.15
0.15
0.16
0.17
0.17
0.18
0.19
0.19
0.20
0.20
0.21
0.22
0.22
0.23
0.23
0.24
0.24
0.25
0.26
0.26
0.26
0.27
0.28
0.29
0.29
0.29
0.29
0.30
0.30
0.31
0.31
0.32
0.32
0.33
0.33
0.34
0.34
0.34
0.35
0.35
0.35
0.36
0.36
0.37
0.37
0.37
0.37
0.37
0.38
0.38
0.38
0.38
0.39
0.39
0.39
0.39
0.39
0.39
0.39
0.40
0.40
0.40
0.40
0.40
0.40
0.41
0.41
0.41
0.41
0.41
0.41
0.41
0.41
0.41
0.41
0.42
0.41
0.42
0.42
0.42
221.30
222.20
223.40
224.60
226.20
228.00
229.80
231.90
234.10
236.60
239.20
242.10
245.10
248.10
251.40
254.70
258.20
261.70
265.50
269.10
272.90
276.70
280.40
284.30
288.00
291.70
295.20
298.70
302.10
305.10
308.20
311.00
313.70
316.00
318.00
319.80
321.30
322.40
323.30
323.80
324.00
323.70
323.20
322.20
320.80
319.00
316.90
314.30
311.30
308.00
304.20
299.90
295.20
290.10
284.70
278.80
272.60
265.90
258.80
251.30
243.80
235.90
227.60
218.90
210.20
201.10
191.90
182.40
172.90
163.00
153.10
143.20
133.30
123.30
113.30
103.30
93.40
83.70
74.10
64.80
55.72
46.97
38.60
30.78
23.57
16.98
11.28
6.60
3.06
0.95
0.39
0.33
0.16
0.12
0.12
0.13
0.13
0.13
0.14
0.14
0.15
0.15
0.16
0.16
0.17
0.17
0.18
0.18
0.19
0.20
0.20
0.21
0.21
0.21
0.22
0.23
0.23
0.23
0.24
0.24
0.25
0.25
0.26
0.26
0.27
0.27
0.28
0.28
0.28
0.29
0.29
0.29
0.30
0.30
0.31
0.31
0.31
0.32
0.32
0.32
0.33
0.33
0.33
0.34
0.34
0.34
0.35
0.35
0.35
0.35
0.36
0.36
0.36
0.36
0.37
0.37
0.37
0.38
0.38
0.38
0.38
0.39
0.39
0.40
0.40
0.40
0.41
0.41
0.41
0.42
0.42
0.43
0.44
0.45
0.45
0.45
0.46
0.47
0.47
0.47
0.47
221.60
223.30
225.20
227.20
229.50
232.10
234.60
237.50
240.60
243.90
247.10
250.80
254.40
258.30
262.30
266.40
270.60
275.00
279.30
283.60
288.10
292.60
297.10
301.50
306.00
310.30
314.80
318.90
323.10
327.10
331.10
334.90
338.50
341.90
345.20
348.00
350.80
353.30
355.50
357.40
358.90
360.00
360.60
361.10
360.90
360.50
359.50
358.00
355.80
353.50
350.50
346.80
342.80
338.00
333.00
327.00
320.60
313.90
306.60
298.60
290.10
281.30
272.10
262.20
252.10
241.60
230.60
219.50
208.20
196.50
184.60
172.70
160.60
148.40
136.40
124.10
112.00
100.10
88.40
76.94
65.95
55.29
45.08
35.52
26.80
18.88
12.13
6.68
2.75
0.69
0.39
0.32
0.11
0.09
0.09
0.09
0.09
0.09
0.09
0.09
0.09
0.10
0.10
0.11
0.11
0.11
0.12
0.12
0.12
0.13
0.14
0.14
0.15
0.15
0.15
0.16
0.16
0.17
0.17
0.18
0.18
0.18
0.20
0.20
0.20
0.21
0.21
0.22
0.22
0.22
0.22
0.23
0.24
0.24
0.25
0.25
0.26
0.26
0.26
0.26
0.27
0.27
0.27
0.27
0.27
0.28
0.29
0.29
0.29
0.30
0.30
0.30
0.30
0.31
0.31
0.32
0.33
0.33
0.33
0.33
0.34
0.34
0.35
0.35
0.36
0.36
0.37
0.37
0.38
0.38
0.39
0.40
0.40
0.41
0.42
0.43
0.44
0.45
0.46
0.47
0.47
221.40
223.80
226.30
229.00
231.90
234.90
238.20
241.60
245.40
249.20
253.10
257.30
261.80
265.90
270.50
275.10
279.60
284.60
289.60
294.60
299.50
304.70
309.60
315.00
320.10
325.20
330.30
335.30
340.30
345.20
350.20
354.90
359.50
364.10
368.40
372.40
376.50
380.30
383.50
386.40
389.00
391.10
393.00
394.00
394.70
394.90
394.50
393.10
391.40
389.30
386.00
382.30
378.10
373.00
367.20
360.80
353.70
345.80
337.60
328.90
319.40
309.30
298.70
287.70
276.30
264.50
252.40
240.00
227.40
214.40
201.30
188.00
174.60
161.00
147.70
134.40
121.20
108.10
95.24
82.73
70.68
58.99
47.87
37.51
28.06
19.58
12.36
6.62
2.54
0.56
0.36
0.29
0.10
0.08
0.08
0.08
0.08
0.08
0.09
0.09
0.09
0.09
0.09
0.10
0.10
0.10
0.11
0.11
0.11
0.12
0.12
0.12
0.13
0.13
0.14
0.14
0.14
0.15
0.15
0.16
0.16
0.16
0.17
0.17
0.18
0.18
0.19
0.19
0.20
0.20
0.20
0.21
0.21
0.22
0.22
0.22
0.23
0.23
0.24
0.24
0.25
0.25
0.25
0.26
0.26
0.27
0.27
0.27
0.28
0.28
0.29
0.29
0.30
0.30
0.30
0.31
0.31
0.32
0.32
0.33
0.33
0.34
0.34
0.35
0.36
0.36
0.37
0.38
0.38
0.39
0.40
0.41
0.42
0.43
0.44
0.45
0.46
0.46
0.47
0.48
0.48
221.60
224.40
227.60
230.80
234.10
237.80
241.50
245.40
249.60
253.80
258.20
262.80
267.60
272.40
277.40
282.50
287.70
293.20
298.60
304.10
309.70
315.30
320.90
326.60
332.40
338.40
344.00
349.90
355.60
361.40
367.00
372.50
377.90
383.00
388.00
392.50
396.80
400.80
404.40
407.60
409.90
412.00
413.50
414.40
414.70
414.00
412.90
411.10
408.10
404.90
400.70
396.00
390.40
384.20
377.20
369.70
361.30
352.30
343.10
332.90
322.40
311.50
300.00
288.00
275.80
263.30
250.20
237.20
224.00
210.60
197.10
183.50
169.80
156.40
142.90
129.40
116.20
103.30
90.55
78.22
66.59
55.23
44.57
34.57
25.52
17.45
10.71
5.43
1.88
0.43
0.36
0.27
0.08
0.07
0.07
0.07
0.07
0.07
0.07
0.07
0.07
0.07
0.07
0.07
0.07
0.07
0.07
0.08
0.08
0.08
0.08
0.08
0.09
0.09
0.09
0.10
0.10
0.10
0.11
0.11
0.11
0.11
0.12
0.12
0.13
0.13
0.14
0.15
0.15
0.15
0.15
0.16
0.17
0.17
0.17
0.18
0.19
0.19
0.19
0.20
0.20
0.20
0.21
0.22
0.22
0.23
0.23
0.24
0.24
0.25
0.25
0.26
0.26
0.26
0.27
0.27
0.27
0.28
0.29
0.29
0.30
0.30
0.31
0.32
0.32
0.33
0.34
0.34
0.35
0.36
0.37
0.38
0.39
0.40
0.41
0.42
0.43
0.45
0.46
0.46
0.48
221.40
224.70
228.00
231.50
235.20
238.90
242.90
247.10
251.60
256.00
260.70
265.60
270.60
275.60
281.10
286.50
292.00
298.00
303.80
309.80
315.90
322.00
328.00
334.30
340.70
347.10
353.30
359.70
365.70
371.90
377.90
383.70
389.20
394.50
399.60
404.30
408.40
412.10
415.40
418.00
420.10
421.60
422.20
422.40
421.90
420.70
418.40
415.70
411.90
407.70
402.60
396.70
390.20
383.00
375.00
366.70
357.50
348.00
337.80
327.10
316.00
304.60
292.60
280.40
268.00
255.20
242.10
229.20
215.90
202.60
189.20
175.90
162.50
149.40
136.40
123.60
110.70
98.34
86.12
74.34
63.07
52.24
42.03
32.55
23.99
16.37
9.98
5.02
1.71
0.39
0.33
0.26
0.07
0.07
0.07
0.07
0.07
0.07
0.07
0.07
0.07
0.07
0.08
0.08
0.08
0.08
0.08
0.09
0.09
0.09
0.09
0.09
0.10
0.10
0.10
0.10
0.11
0.11
0.11
0.11
0.12
0.12
0.12
0.13
0.13
0.14
0.14
0.14
0.15
0.15
0.16
0.16
0.17
0.17
0.18
0.18
0.18
0.19
0.20
0.20
0.21
0.21
0.21
0.22
0.22
0.23
0.23
0.24
0.24
0.25
0.26
0.26
0.26
0.27
0.27
0.28
0.28
0.29
0.30
0.30
0.31
0.31
0.32
0.33
0.34
0.34
0.35
0.36
0.37
0.37
0.38
0.39
0.40
0.42
0.43
0.44
0.45
0.47
0.48
0.48
0.48
221.40
224.80
228.30
232.00
235.70
239.70
243.90
248.00
252.60
257.30
262.10
267.20
272.30
277.60
283.10
288.50
294.20
300.00
306.20
312.40
318.60
324.90
331.30
337.50
344.30
350.60
357.00
363.50
370.00
376.30
382.40
388.00
393.90
399.00
404.10
408.50
412.80
416.20
419.20
421.70
423.40
424.60
424.80
424.50
423.40
421.60
419.00
415.70
411.80
407.20
401.40
395.20
388.30
380.70
372.60
363.80
354.20
344.20
333.70
322.80
311.40
300.10
288.10
275.80
263.20
250.30
237.40
224.30
211.20
197.90
184.70
171.40
158.50
145.20
132.30
119.60
107.10
94.86
82.97
71.49
60.81
50.13
40.24
31.06
22.69
15.32
9.25
4.56
1.47
0.38
0.34
0.25
0.07
0.07
0.07
0.07
0.07
0.07
0.07
0.07
0.07
0.07
0.07
0.07
0.07
0.07
0.07
0.07
0.07
0.07
0.07
0.07
0.07
0.08
0.08
0.08
0.09
0.10
0.10
0.10
0.10
0.10
0.10
0.10
0.11
0.11
0.12
0.13
0.13
0.13
0.13
0.14
0.14
0.15
0.15
0.16
0.16
0.17
0.17
0.17
0.18
0.18
0.19
0.20
0.20
0.20
0.21
0.21
0.22
0.23
0.23
0.24
0.24
0.25
0.26
0.26
0.26
0.27
0.27
0.28
0.29
0.30
0.30
0.31
0.31
0.32
0.33
0.33
0.34
0.35
0.37
0.37
0.38
0.40
0.41
0.42
0.43
0.44
0.46
0.47
0.47
221.40
224.70
228.00
231.50
235.20
238.90
242.90
247.10
251.60
256.00
260.70
265.60
270.60
275.60
281.10
286.50
292.00
298.00
303.80
309.80
315.90
322.00
328.00
334.30
340.70
347.10
353.30
359.70
365.70
371.90
377.90
383.70
389.20
394.50
399.60
404.30
408.40
412.10
415.40
418.00
420.10
421.60
422.20
422.40
421.90
420.70
418.40
415.70
411.90
407.70
402.60
396.70
390.20
383.00
375.00
366.70
357.50
348.00
337.80
327.10
316.00
304.60
292.60
280.40
268.00
255.20
242.10
229.20
215.90
202.60
189.20
175.90
162.50
149.40
136.40
123.60
110.70
98.34
86.12
74.34
63.07
52.24
42.03
32.55
23.99
16.37
9.98
5.02
1.71
0.39
0.33
0.26
0.07
0.07
0.07
0.07
0.07
0.07
0.07
0.07
0.07
0.07
0.08
0.08
0.08
0.08
0.08
0.09
0.09
0.09
0.09
0.09
0.10
0.10
0.10
0.10
0.11
0.11
0.11
0.11
0.12
0.12
0.12
0.13
0.13
0.14
0.14
0.14
0.15
0.15
0.16
0.16
0.17
0.17
0.18
0.18
0.18
0.19
0.20
0.20
0.21
0.21
0.21
0.22
0.22
0.23
0.23
0.24
0.24
0.25
0.26
0.26
0.26
0.27
0.27
0.28
0.28
0.29
0.30
0.30
0.31
0.31
0.32
0.33
0.34
0.34
0.35
0.36
0.37
0.37
0.38
0.39
0.40
0.42
0.43
0.44
0.45
0.47
0.48
0.48
0.48
221.60
224.40
227.60
230.80
234.10
237.80
241.50
245.40
249.60
253.80
258.20
262.80
267.60
272.40
277.40
282.50
287.70
293.20
298.60
304.10
309.70
315.30
320.90
326.60
332.40
338.40
344.00
349.90
355.60
361.40
367.00
372.50
377.90
383.00
388.00
392.50
396.80
400.80
404.40
407.60
409.90
412.00
413.50
414.40
414.70
414.00
412.90
411.10
408.10
404.90
400.70
396.00
390.40
384.20
377.20
369.70
361.30
352.30
343.10
332.90
322.40
311.50
300.00
288.00
275.80
263.30
250.20
237.20
224.00
210.60
197.10
183.50
169.80
156.40
142.90
129.40
116.20
103.30
90.55
78.22
66.59
55.23
44.57
34.57
25.52
17.45
10.71
5.43
1.88
0.43
0.36
0.27
0.08
0.07
0.07
0.07
0.07
0.07
0.07
0.07
0.07
0.07
0.07
0.07
0.07
0.07
0.07
0.08
0.08
0.08
0.08
0.08
0.09
0.09
0.09
0.10
0.10
0.10
0.11
0.11
0.11
0.11
0.12
0.12
0.13
0.13
0.14
0.15
0.15
0.15
0.15
0.16
0.17
0.17
0.17
0.18
0.19
0.19
0.19
0.20
0.20
0.20
0.21
0.22
0.22
0.23
0.23
0.24
0.24
0.25
0.25
0.26
0.26
0.26
0.27
0.27
0.27
0.28
0.29
0.29
0.30
0.30
0.31
0.32
0.32
0.33
0.34
0.34
0.35
0.36
0.37
0.38
0.39
0.40
0.41
0.42
0.43
0.45
0.46
0.46
0.48
221.40
223.80
226.30
229.00
231.90
234.90
238.20
241.60
245.40
249.20
253.10
257.30
261.80
265.90
270.50
275.10
279.60
284.60
289.60
294.60
299.50
304.70
309.60
315.00
320.10
325.20
330.30
335.30
340.30
345.20
350.20
354.90
359.50
364.10
368.40
372.40
376.50
380.30
383.50
386.40
389.00
391.10
393.00
394.00
394.70
394.90
394.50
393.10
391.40
389.30
386.00
382.30
378.10
373.00
367.20
360.80
353.70
345.80
337.60
328.90
319.40
309.30
298.70
287.70
276.30
264.50
252.40
240.00
227.40
214.40
201.30
188.00
174.60
161.00
147.70
134.40
121.20
108.10
95.24
82.73
70.68
58.99
47.87
37.51
28.06
19.58
12.36
6.62
2.54
0.56
0.36
0.29
0.10
0.08
0.08
0.08
0.08
0.08
0.09
0.09
0.09
0.09
0.09
0.10
0.10
0.10
0.11
0.11
0.11
0.12
0.12
0.12
0.13
0.13
0.14
0.14
0.14
0.15
0.15
0.16
0.16
0.16
0.17
0.17
0.18
0.18
0.19
0.19
0.20
0.20
0.20
0.21
0.21
0.22
0.22
0.22
0.23
0.23
0.24
0.24
0.25
0.25
0.25
0.26
0.26
0.27
0.27
0.27
0.28
0.28
0.29
0.29
0.30
0.30
0.30
0.31
0.31
0.32
0.32
0.33
0.33
0.34
0.34
0.35
0.36
0.36
0.37
0.38
0.38
0.39
0.40
0.41
0.42
0.43
0.44
0.45
0.46
0.46
0.47
0.48
0.48
221.60
223.30
225.20
227.20
229.50
232.10
234.60
237.50
240.60
243.90
247.10
250.80
254.40
258.30
262.30
266.40
270.60
275.00
279.30
283.60
288.10
292.60
297.10
301.50
306.00
310.30
314.80
318.90
323.10
327.10
331.10
334.90
338.50
341.90
345.20
348.00
350.80
353.30
355.50
357.40
358.90
360.00
360.60
361.10
360.90
360.50
359.50
358.00
355.80
353.50
350.50
346.80
342.80
338.00
333.00
327.00
320.60
313.90
306.60
298.60
290.10
281.30
272.10
262.20
252.10
241.60
230.60
219.50
208.20
196.50
184.60
172.70
160.60
148.40
136.40
124.10
112.00
100.10
88.40
76.94
65.95
55.29
45.08
35.52
26.80
18.88
12.13
6.68
2.75
0.69
0.39
0.32
0.11
0.09
0.09
0.09
0.09
0.09
0.09
0.09
0.09
0.10
0.10
0.11
0.11
0.11
0.12
0.12
0.12
0.13
0.14
0.14
0.15
0.15
0.15
0.16
0.16
0.17
0.17
0.18
0.18
0.18
0.20
0.20
0.20
0.21
0.21
0.22
0.22
0.22
0.22
0.23
0.24
0.24
0.25
0.25
0.26
0.26
0.26
0.26
0.27
0.27
0.27
0.27
0.27
0.28
0.29
0.29
0.29
0.30
0.30
0.30
0.30
0.31
0.31
0.32
0.33
0.33
0.33
0.33
0.34
0.34
0.35
0.35
0.36
0.36
0.37
0.37
0.38
0.38
0.39
0.40
0.40
0.41
0.42
0.43
0.44
0.45
0.46
0.47
0.47
221.30
222.20
223.40
224.60
226.20
228.00
229.80
231.90
234.10
236.60
239.20
242.10
245.10
248.10
251.40
254.70
258.20
261.70
265.50
269.10
272.90
276.70
280.40
284.30
288.00
291.70
295.20
298.70
302.10
305.10
308.20
311.00
313.70
316.00
318.00
319.80
321.30
322.40
323.30
323.80
324.00
323.70
323.20
322.20
320.80
319.00
316.90
314.30
311.30
308.00
304.20
299.90
295.20
290.10
284.70
278.80
272.60
265.90
258.80
251.30
243.80
235.90
227.60
218.90
210.20
201.10
191.90
182.40
172.90
163.00
153.10
143.20
133.30
123.30
113.30
103.30
93.40
83.70
74.10
64.80
55.72
46.97
38.60
30.78
23.57
16.98
11.28
6.60
3.06
0.95
0.39
0.33
0.16
0.12
0.12
0.13
0.13
0.13
0.14
0.14
0.15
0.15
0.16
0.16
0.17
0.17
0.18
0.18
0.19
0.20
0.20
0.21
0.21
0.21
0.22
0.23
0.23
0.23
0.24
0.24
0.25
0.25
0.26
0.26
0.27
0.27
0.28
0.28
0.28
0.29
0.29
0.29
0.30
0.30
0.31
0.31
0.31
0.32
0.32
0.32
0.33
0.33
0.33
0.34
0.34
0.34
0.35
0.35
0.35
0.35
0.36
0.36
0.36
0.36
0.37
0.37
0.37
0.38
0.38
0.38
0.38
0.39
0.39
0.40
0.40
0.40
0.41
0.41
0.41
0.42
0.42
0.43
0.44
0.45
0.45
0.45
0.46
0.47
0.47
0.47
0.47
221.80
222.00
222.10
222.60
223.40
224.20
225.20
226.40
227.80
229.40
231.10
233.00
235.00
237.20
239.40
241.80
244.40
246.80
249.60
252.30
255.00
257.80
260.60
263.30
265.90
268.50
271.00
273.40
275.60
277.70
279.60
281.30
282.80
283.90
284.90
285.60
286.00
285.80
285.70
285.10
284.10
282.90
281.30
279.30
277.10
274.50
271.50
268.20
264.50
260.50
256.00
251.50
246.50
241.30
235.80
230.00
224.10
217.80
211.20
204.50
197.50
190.50
183.30
175.80
168.40
160.60
152.90
145.00
137.10
129.10
121.10
113.20
105.20
97.22
89.26
81.38
73.62
66.06
58.64
51.32
44.27
37.45
31.00
24.89
19.26
14.10
9.58
5.83
2.94
1.07
0.40
0.34
0.15
0.11
0.11
0.12
0.12
0.13
0.13
0.14
0.14
0.15
0.15
0.16
0.17
0.17
0.18
0.19
0.19
0.20
0.20
0.21
0.22
0.22
0.23
0.23
0.24
0.24
0.25
0.26
0.26
0.26
0.27
0.28
0.29
0.29
0.29
0.29
0.30
0.30
0.31
0.31
0.32
0.32
0.33
0.33
0.34
0.34
0.34
0.35
0.35
0.35
0.36
0.36
0.37
0.37
0.37
0.37
0.37
0.38
0.38
0.38
0.38
0.39
0.39
0.39
0.39
0.39
0.39
0.39
0.40
0.40
0.40
0.40
0.40
0.40
0.41
0.41
0.41
0.41
0.41
0.41
0.41
0.41
0.41
0.41
0.42
0.41
0.42
0.42
0.42
221.30
220.60
220.10
219.70
219.40
219.30
219.40
219.60
219.90
220.50
221.10
221.90
222.70
223.60
224.70
225.80
226.90
228.10
229.40
230.60
231.90
233.00
234.30
235.30
236.40
237.30
238.00
238.80
239.30
239.60
239.80
239.60
239.40
238.80
238.00
236.90
235.60
234.10
232.20
230.20
227.80
225.10
222.20
219.10
215.80
212.10
208.20
204.10
199.80
195.40
190.70
185.90
181.00
175.90
170.60
165.10
159.80
154.40
148.90
143.30
137.80
132.00
126.40
120.70
114.90
109.30
103.60
97.88
92.29
86.64
81.10
75.55
70.12
64.83
59.54
54.28
49.13
44.06
39.16
34.36
29.70
25.23
21.02
17.00
13.29
9.90
6.91
4.38
2.40
1.04
0.44
0.38
0.22
0.15
0.14
0.14
0.15
0.15
0.16
0.16
0.17
0.18
0.19
0.19
0.20
0.21
0.21
0.22
0.22
0.23
0.23
0.24
0.25
0.26
0.26
0.27
0.28
0.28
0.28
0.29
0.29
0.30
0.30
0.31
0.31
0.32
0.32
0.33
0.33
0.34
0.34
0.35
0.36
0.36
0.37
0.37
0.38
0.38
0.39
0.39
0.39
0.40
0.40
0.40
0.41
0.41
0.42
0.42
0.42
0.42
0.42
0.43
0.43
0.43
0.43
0.43
0.43
0.44
0.44
0.44
0.44
0.44
0.45
0.45
0.45
0.45
0.45
0.45
0.45
0.45
0.45
0.45
0.45
0.45
0.45
0.45
0.46
0.46
0.46
0.47
0.47
221.60
220.10
218.60
217.40
216.30
215.40
214.40
213.70
213.00
212.40
211.90
211.40
210.90
210.50
210.10
209.60
209.30
208.80
208.30
207.70
207.00
206.20
205.30
204.30
203.00
201.80
200.30
198.60
196.80
194.90
192.60
190.20
187.60
184.90
181.90
178.90
175.60
172.20
168.60
165.00
161.20
157.40
153.40
149.30
145.30
141.10
137.00
132.80
128.60
124.50
120.30
116.20
112.10
108.10
104.00
100.10
96.27
92.43
88.70
84.97
81.34
77.76
74.22
70.74
67.27
63.91
60.55
57.19
53.96
50.73
47.53
44.39
41.26
38.17
35.09
32.14
29.18
26.28
23.47
20.70
18.02
15.46
12.99
10.65
8.46
6.45
4.65
3.11
1.86
0.96
0.47
0.37
0.27
0.16
0.17
0.17
0.18
0.19
0.20
0.21
0.21
0.22
0.23
0.24
0.25
0.26
0.26
0.27
0.28
0.28
0.29
0.30
0.30
0.31
0.32
0.32
0.33
0.33
0.34
0.34
0.35
0.35
0.36
0.36
0.37
0.38
0.38
0.39
0.39
0.40
0.40
0.41
0.41
0.42
0.43
0.43
0.44
0.44
0.45
0.45
0.45
0.46
0.46
0.47
0.47
0.47
0.47
0.47
0.48
0.48
0.48
0.48
0.48
0.48
0.48
0.48
0.48
0.48
0.48
0.48
0.47
0.47
0.47
0.47
0.47
0.47
0.47
0.47
0.47
0.47
0.47
0.47
0.47
0.47
0.47
0.48
0.48
0.48
0.48
0.48
0.48
221.40
219.10
217.10
215.20
213.20
211.40
209.80
208.20
206.60
205.00
203.30
201.60
200.00
198.30
196.60
194.70
192.60
190.50
188.20
185.80
183.30
180.60
177.60
174.60
171.50
168.10
164.70
161.10
157.40
153.60
149.70
145.80
141.70
137.70
133.70
129.70
125.70
121.80
117.90
114.20
110.50
106.80
103.30
99.88
96.54
93.32
90.20
87.19
84.25
81.45
78.73
76.11
73.48
70.98
68.56
66.33
64.10
61.84
59.60
57.40
55.22
53.06
50.94
48.83
46.73
44.62
42.55
40.43
38.34
36.23
34.15
32.03
29.97
27.86
25.76
23.70
21.64
19.58
17.57
15.59
13.63
11.76
9.95
8.21
6.59
5.08
3.73
2.54
1.59
0.88
0.47
0.39
0.32
0.19
0.17
0.18
0.18
0.18
0.19
0.20
0.21
0.22
0.23
0.23
0.25
0.25
0.26
0.27
0.27
0.28
0.29
0.30
0.30
0.31
0.32
0.32
0.33
0.35
0.35
0.35
0.35
0.36
0.37
0.38
0.38
0.38
0.39
0.39
0.40
0.40
0.41
0.41
0.42
0.42
0.43
0.45
0.45
0.45
0.45
0.46
0.46
0.47
0.48
0.48
0.48
0.49
0.49
0.49
0.49
0.49
0.49
0.49
0.49
0.50
0.50
0.50
0.50
0.50
0.50
0.50
0.50
0.50
0.50
0.50
0.50
0.50
0.50
0.50
0.50
0.50
0.49
0.49
0.49
0.48
0.48
0.48
0.48
0.48
0.48
0.48
0.49
221.60
218.90
216.10
213.50
211.20
208.80
206.40
203.90
201.60
199.20
196.70
194.20
191.60
188.80
185.90
182.90
179.60
176.10
172.60
168.90
165.10
161.00
156.80
152.60
148.20
143.80
139.40
134.80
130.50
126.20
121.80
117.60
113.50
109.50
105.70
102.00
98.56
95.22
92.03
89.01
86.16
83.46
80.91
78.45
76.15
73.95
71.84
69.81
67.88
66.01
64.20
62.42
60.70
58.99
57.32
55.66
54.01
52.36
50.73
49.09
47.45
45.80
44.14
42.47
40.79
39.09
37.38
35.64
33.91
32.16
30.37
28.59
26.80
24.99
23.17
21.37
19.56
17.77
16.00
14.24
12.51
10.85
9.23
7.67
6.20
4.84
3.60
2.52
1.62
0.93
0.51
0.37
0.34
0.20
0.18
0.19
0.20
0.21
0.22
0.23
0.24
0.25
0.25
0.26
0.27
0.28
0.29
0.30
0.31
0.31
0.32
0.33
0.34
0.34
0.35
0.36
0.36
0.37
0.38
0.38
0.39
0.40
0.40
0.40
0.41
0.42
0.42
0.43
0.43
0.44
0.45
0.45
0.45
0.46
0.47
0.48
0.48
0.49
0.49
0.50
0.50
0.50
0.51
0.51
0.51
0.52
0.52
0.52
0.52
0.52
0.52
0.52
0.52
0.52
0.52
0.52
0.52
0.52
0.52
0.52
0.51
0.51
0.51
0.51
0.50
0.50
0.50
0.50
0.49
0.49
0.49
0.49
0.49
0.49
0.49
0.49
0.49
0.49
0.49
0.49
0.49
221.40
218.30
215.20
212.30
209.50
206.70
203.90
201.00
198.20
195.20
192.20
189.10
185.70
182.30
178.70
174.90
170.90
166.70
162.30
157.90
153.20
148.50
143.80
138.90
134.10
129.30
124.60
119.90
115.50
111.10
107.00
103.10
99.27
95.77
92.47
89.28
86.37
83.63
81.09
78.71
76.45
74.33
72.30
70.42
68.65
67.09
65.53
63.96
62.42
60.94
59.48
58.01
56.57
55.14
53.68
52.26
50.82
49.37
47.88
46.42
44.92
43.40
41.87
40.31
38.74
37.16
35.55
33.92
32.27
30.62
28.92
27.23
25.55
23.82
22.10
20.38
18.67
16.96
15.27
13.61
11.96
10.37
8.83
7.34
5.95
4.64
3.46
2.43
1.57
0.92
0.50
0.39
0.36
0.21
0.18
0.18
0.18
0.19
0.20
0.21
0.22
0.23
0.24
0.25
0.25
0.26
0.27
0.28
0.29
0.30
0.31
0.32
0.32
0.33
0.34
0.34
0.35
0.36
0.37
0.37
0.38
0.38
0.39
0.39
0.40
0.41
0.41
0.42
0.42
0.43
0.43
0.44
0.44
0.45
0.46
0.47
0.47
0.47
0.48
0.48
0.49
0.49
0.50
0.50
0.51
0.51
0.51
0.51
0.51
0.52
0.52
0.52
0.53
0.53
0.53
0.53
0.53
0.53
0.53
0.53
0.53
0.53
0.53
0.53
0.53
0.53
0.53
0.52
0.52
0.51
0.51
0.50
0.50
0.49
0.49
0.49
0.49
0.49
0.49
0.49
0.49
221.40
218.30
215.10
212.20
209.10
206.10
203.20
200.30
197.20
194.10
190.90
187.50
184.00
180.30
176.50
172.50
168.20
163.90
159.30
154.60
149.80
144.80
139.90
135.00
130.20
125.40
120.60
116.00
111.60
107.30
103.30
99.49
95.90
92.50
89.36
86.41
83.67
81.14
78.75
76.55
74.45
72.52
70.68
68.97
67.33
65.76
64.21
62.76
61.30
59.87
58.49
57.09
55.72
54.35
52.94
51.57
50.20
48.80
47.37
45.90
44.44
42.97
41.45
39.92
38.35
36.80
35.22
33.60
31.99
30.35
28.68
27.03
25.34
23.66
21.96
20.28
18.57
16.89
15.24
13.58
11.95
10.38
8.84
7.38
6.00
4.71
3.54
2.50
1.63
0.95
0.53
0.36
0.34
0.22
0.18
0.19
0.20
0.21
0.22
0.23
0.24
0.24
0.26
0.26
0.27
0.28
0.29
0.30
0.31
0.32
0.33
0.34
0.34
0.35
0.36
0.36
0.37
0.38
0.38
0.39
0.40
0.41
0.41
0.42
0.42
0.43
0.43
0.44
0.44
0.45
0.46
0.46
0.47
0.47
0.48
0.49
0.49
0.50
0.50
0.50
0.51
0.52
0.52
0.52
0.52
0.53
0.53
0.53
0.54
0.54
0.54
0.54
0.54
0.54
0.53
0.53
0.53
0.53
0.53
0.52
0.52
0.52
0.52
0.52
0.51
0.51
0.51
0.51
0.51
0.50
0.49
0.49
0.48
0.48
0.48
0.48
0.48
0.48
0.48
0.48
0.48
221.40
218.30
215.20
212.30
209.50
206.70
203.90
201.00
198.20
195.20
192.20
189.10
185.70
182.30
178.70
174.90
170.90
166.70
162.30
157.90
153.20
148.50
143.80
138.90
134.10
129.30
124.60
119.90
115.50
111.10
107.00
103.10
99.27
95.77
92.47
89.28
86.37
83.63
81.09
78.71
76.45
74.33
72.30
70.42
68.65
67.09
65.53
63.96
62.42
60.94
59.48
58.01
56.57
55.14
53.68
52.26
50.82
49.37
47.88
46.42
44.92
43.40
41.87
40.31
38.74
37.16
35.55
33.92
32.27
30.62
28.92
27.23
25.55
23.82
22.10
20.38
18.67
16.96
15.27
13.61
11.96
10.37
8.83
7.34
5.95
4.64
3.46
2.43
1.57
0.92
0.50
0.39
0.36
0.21
0.18
0.18
0.18
0.19
0.20
0.21
0.22
0.23
0.24
0.25
0.25
0.26
0.27
0.28
0.29
0.30
0.31
0.32
0.32
0.33
0.34
0.34
0.35
0.36
0.37
0.37
0.38
0.38
0.39
0.39
0.40
0.41
0.41
0.42
0.42
0.43
0.43
0.44
0.44
0.45
0.46
0.47
0.47
0.47
0.48
0.48
0.49
0.49
0.50
0.50
0.51
0.51
0.51
0.51
0.51
0.52
0.52
0.52
0.53
0.53
0.53
0.53
0.53
0.53
0.53
0.53
0.53
0.53
0.53
0.53
0.53
0.53
0.53
0.52
0.52
0.51
0.51
0.50
0.50
0.49
0.49
0.49
0.49
0.49
0.49
0.49
0.49
221.60
218.90
216.10
213.50
211.20
208.80
206.40
203.90
201.60
199.20
196.70
194.20
191.60
188.80
185.90
182.90
179.60
176.10
172.60
168.90
165.10
161.00
156.80
152.60
148.20
143.80
139.40
134.80
130.50
126.20
121.80
117.60
113.50
109.50
105.70
102.00
98.56
95.22
92.03
89.01
86.16
83.46
80.91
78.45
76.15
73.95
71.84
69.81
67.88
66.01
64.20
62.42
60.70
58.99
57.32
55.66
54.01
52.36
50.73
49.09
47.45
45.80
44.14
42.47
40.79
39.09
37.38
35.64
33.91
32.16
30.37
28.59
26.80
24.99
23.17
21.37
19.56
17.77
16.00
14.24
12.51
10.85
9.23
7.67
6.20
4.84
3.60
2.52
1.62
0.93
0.51
0.37
0.34
0.20
0.18
0.19
0.20
0.21
0.22
0.23
0.24
0.25
0.25
0.26
0.27
0.28
0.29
0.30
0.31
0.31
0.32
0.33
0.34
0.34
0.35
0.36
0.36
0.37
0.38
0.38
0.39
0.40
0.40
0.40
0.41
0.42
0.42
0.43
0.43
0.44
0.45
0.45
0.45
0.46
0.47
0.48
0.48
0.49
0.49
0.50
0.50
0.50
0.51
0.51
0.51
0.52
0.52
0.52
0.52
0.52
0.52
0.52
0.52
0.52
0.52
0.52
0.52
0.52
0.52
0.52
0.51
0.51
0.51
0.51
0.50
0.50
0.50
0.50
0.49
0.49
0.49
0.49
0.49
0.49
0.49
0.49
0.49
0.49
0.49
0.49
0.49
221.40
219.10
217.10
215.20
213.20
211.40
209.80
208.20
206.60
205.00
203.30
201.60
200.00
198.30
196.60
194.70
192.60
190.50
188.20
185.80
183.30
180.60
177.60
174.60
171.50
168.10
164.70
161.10
157.40
153.60
149.70
145.80
141.70
137.70
133.70
129.70
125.70
121.80
117.90
114.20
110.50
106.80
103.30
99.88
96.54
93.32
90.20
87.19
84.25
81.45
78.73
76.11
73.48
70.98
68.56
66.33
64.10
61.84
59.60
57.40
55.22
53.06
50.94
48.83
46.73
44.62
42.55
40.43
38.34
36.23
34.15
32.03
29.97
27.86
25.76
23.70
21.64
19.58
17.57
15.59
13.63
11.76
9.95
8.21
6.59
5.08
3.73
2.54
1.59
0.88
0.47
0.39
0.32
0.19
0.17
0.18
0.18
0.18
0.19
0.20
0.21
0.22
0.23
0.23
0.25
0.25
0.26
0.27
0.27
0.28
0.29
0.30
0.30
0.31
0.32
0.32
0.33
0.35
0.35
0.35
0.35
0.36
0.37
0.38
0.38
0.38
0.39
0.39
0.40
0.40
0.41
0.41
0.42
0.42
0.43
0.45
0.45
0.45
0.45
0.46
0.46
0.47
0.48
0.48
0.48
0.49
0.49
0.49
0.49
0.49
0.49
0.49
0.49
0.50
0.50
0.50
0.50
0.50
0.50
0.50
0.50
0.50
0.50
0.50
0.50
0.50
0.50
0.50
0.50
0.50
0.49
0.49
0.49
0.48
0.48
0.48
0.48
0.48
0.48
0.48
0.49
221.60
220.10
218.60
217.40
216.30
215.40
214.40
213.70
213.00
212.40
211.90
211.40
210.90
210.50
210.10
209.60
209.30
208.80
208.30
207.70
207.00
206.20
205.30
204.30
203.00
201.80
200.30
198.60
196.80
194.90
192.60
190.20
187.60
184.90
181.90
178.90
175.60
172.20
168.60
165.00
161.20
157.40
153.40
149.30
145.30
141.10
137.00
132.80
128.60
124.50
120.30
116.20
112.10
108.10
104.00
100.10
96.27
92.43
88.70
84.97
81.34
77.76
74.22
70.74
67.27
63.91
60.55
57.19
53.96
50.73
47.53
44.39
41.26
38.17
35.09
32.14
29.18
26.28
23.47
20.70
18.02
15.46
12.99
10.65
8.46
6.45
4.65
3.11
1.86
0.96
0.47
0.37
0.27
0.16
0.17
0.17
0.18
0.19
0.20
0.21
0.21
0.22
0.23
0.24
0.25
0.26
0.26
0.27
0.28
0.28
0.29
0.30
0.30
0.31
0.32
0.32
0.33
0.33
0.34
0.34
0.35
0.35
0.36
0.36
0.37
0.38
0.38
0.39
0.39
0.40
0.40
0.41
0.41
0.42
0.43
0.43
0.44
0.44
0.45
0.45
0.45
0.46
0.46
0.47
0.47
0.47
0.47
0.47
0.48
0.48
0.48
0.48
0.48
0.48
0.48
0.48
0.48
0.48
0.48
0.48
0.47
0.47
0.47
0.47
0.47
0.47
0.47
0.47
0.47
0.47
0.47
0.47
0.47
0.47
0.47
0.48
0.48
0.48
0.48
0.48
0.48
221.30
220.60
220.10
219.70
219.40
219.30
219.40
219.60
219.90
220.50
221.10
221.90
222.70
223.60
224.70
225.80
226.90
228.10
229.40
230.60
231.90
233.00
234.30
235.30
236.40
237.30
238.00
238.80
239.30
239.60
239.80
239.60
239.40
238.80
238.00
236.90
235.60
234.10
232.20
230.20
227.80
225.10
222.20
219.10
215.80
212.10
208.20
204.10
199.80
195.40
190.70
185.90
181.00
175.90
170.60
165.10
159.80
154.40
148.90
143.30
137.80
132.00
126.40
120.70
114.90
109.30
103.60
97.88
92.29
86.64
81.10
75.55
70.12
64.83
59.54
54.28
49.13
44.06
39.16
34.36
29.70
25.23
21.02
17.00
13.29
9.90
6.91
4.38
2.40
1.04
0.44
0.38
0.22
0.15
0.14
0.14
0.15
0.15
0.16
0.16
0.17
0.18
0.19
0.19
0.20
0.21
0.21
0.22
0.22
0.23
0.23
0.24
0.25
0.26
0.26
0.27
0.28
0.28
0.28
0.29
0.29
0.30
0.30
0.31
0.31
0.32
0.32
0.33
0.33
0.34
0.34
0.35
0.36
0.36
0.37
0.37
0.38
0.38
0.39
0.39
0.39
0.40
0.40
0.40
0.41
0.41
0.42
0.42
0.42
0.42
0.42
0.43
0.43
0.43
0.43
0.43
0.43
0.44
0.44
0.44
0.44
0.44
0.45
0.45
0.45
0.45
0.45
0.45
0.45
0.45
0.45
0.45
0.45
0.45
0.45
0.45
0.46
0.46
0.46
0.47
0.47
