SALVI
1
0
24
15.0
181
1.0
25010 WALK Y50 350mA 3000K F5M1 PMMA S
25010 WALK Y50 3000K F5M1 PMMA S
25010 WALK Y50 3000K F5M1 PMMA S
WALK-Y50-3000K-F5M1-PMMA-S.ldt
29-1-2025/TB
430
430
110
240
0
0
0
0
0
98.47
100.00
1.00
0.00
1
1
24LED Y50
6110.50
3000
70
49.80
0.13
0.21
0.30
0.39
0.46
0.57
0.63
0.69
0.76
0.81
0.00
15.00
30.00
45.00
60.00
75.00
90.00
105.00
120.00
135.00
150.00
165.00
180.00
195.00
210.00
225.00
240.00
255.00
270.00
285.00
300.00
315.00
330.00
345.00
0.00
1.00
2.00
3.00
4.00
5.00
6.00
7.00
8.00
9.00
10.00
11.00
12.00
13.00
14.00
15.00
16.00
17.00
18.00
19.00
20.00
21.00
22.00
23.00
24.00
25.00
26.00
27.00
28.00
29.00
30.00
31.00
32.00
33.00
34.00
35.00
36.00
37.00
38.00
39.00
40.00
41.00
42.00
43.00
44.00
45.00
46.00
47.00
48.00
49.00
50.00
51.00
52.00
53.00
54.00
55.00
56.00
57.00
58.00
59.00
60.00
61.00
62.00
63.00
64.00
65.00
66.00
67.00
68.00
69.00
70.00
71.00
72.00
73.00
74.00
75.00
76.00
77.00
78.00
79.00
80.00
81.00
82.00
83.00
84.00
85.00
86.00
87.00
88.00
89.00
90.00
91.00
92.00
93.00
94.00
95.00
96.00
97.00
98.00
99.00
100.00
101.00
102.00
103.00
104.00
105.00
106.00
107.00
108.00
109.00
110.00
111.00
112.00
113.00
114.00
115.00
116.00
117.00
118.00
119.00
120.00
121.00
122.00
123.00
124.00
125.00
126.00
127.00
128.00
129.00
130.00
131.00
132.00
133.00
134.00
135.00
136.00
137.00
138.00
139.00
140.00
141.00
142.00
143.00
144.00
145.00
146.00
147.00
148.00
149.00
150.00
151.00
152.00
153.00
154.00
155.00
156.00
157.00
158.00
159.00
160.00
161.00
162.00
163.00
164.00
165.00
166.00
167.00
168.00
169.00
170.00
171.00
172.00
173.00
174.00
175.00
176.00
177.00
178.00
179.00
180.00
24.37
28.44
29.41
30.32
32.68
37.69
42.62
46.52
47.42
48.62
51.45
58.10
66.54
68.13
69.50
71.59
74.88
85.03
90.66
93.43
97.27
101.70
111.30
116.00
121.60
126.80
134.70
142.30
148.60
158.30
165.50
172.40
178.00
185.10
194.10
200.20
205.00
208.60
212.70
216.90
221.10
225.70
230.40
235.80
241.60
247.40
252.80
258.30
264.40
271.10
277.50
283.90
290.60
298.00
306.10
314.00
322.10
330.00
336.50
342.10
345.50
346.00
344.00
340.00
335.50
330.90
324.80
312.80
296.50
278.60
258.00
229.00
181.30
125.30
88.05
55.07
35.46
23.49
17.34
14.37
11.69
9.15
7.01
5.22
3.65
2.43
1.54
1.13
1.17
1.22
1.32
1.58
1.92
2.24
2.56
2.83
3.11
3.35
3.51
3.60
3.62
3.62
3.59
3.53
3.47
3.40
3.32
3.24
3.17
3.09
3.02
2.95
2.89
2.84
2.79
2.75
2.72
2.69
2.67
2.66
2.65
2.64
2.64
2.64
2.65
2.66
2.67
2.69
2.72
2.74
2.77
2.81
2.84
2.88
2.92
2.93
2.90
2.82
2.73
2.62
2.51
2.38
2.24
2.09
1.92
1.73
1.53
1.32
1.10
0.89
0.72
0.60
0.49
0.39
0.33
0.33
0.33
0.33
0.33
0.33
0.33
0.33
0.33
0.33
0.35
0.37
0.40
0.42
0.45
0.48
0.47
0.49
0.50
0.54
0.61
0.66
0.71
0.75
0.81
0.87
0.94
29.88
34.55
36.25
39.22
43.42
43.31
45.11
51.92
54.85
58.24
62.40
65.65
72.95
77.28
80.54
84.41
87.07
92.23
100.50
104.90
107.60
110.00
116.00
126.50
131.40
133.20
136.00
146.40
152.50
156.50
160.90
166.00
170.90
177.10
182.40
184.70
185.70
189.00
194.20
199.50
203.80
207.80
211.30
215.10
221.10
228.10
235.00
240.80
247.20
254.50
261.70
268.80
275.30
282.00
289.40
298.20
307.80
318.00
328.10
336.60
344.30
350.00
352.30
351.70
349.30
346.90
343.90
340.20
329.30
312.20
289.70
260.20
219.10
166.70
121.60
86.05
64.49
55.23
44.63
36.21
30.87
25.06
18.60
12.29
8.13
5.60
4.23
3.57
3.46
3.51
3.56
3.62
3.71
3.79
3.85
3.92
3.98
4.02
4.04
4.04
4.03
4.00
3.96
3.91
3.84
3.76
3.65
3.52
3.36
3.18
2.99
2.82
2.68
2.55
2.47
2.42
2.39
2.36
2.37
2.39
2.40
2.42
2.44
2.47
2.51
2.54
2.58
2.61
2.65
2.69
2.73
2.78
2.83
2.87
2.88
2.84
2.77
2.68
2.57
2.46
2.33
2.19
2.05
1.89
1.71
1.52
1.31
1.10
0.89
0.72
0.60
0.49
0.39
0.32
0.32
0.32
0.32
0.33
0.33
0.34
0.35
0.36
0.36
0.37
0.37
0.38
0.38
0.39
0.42
0.45
0.50
0.54
0.58
0.62
0.64
0.67
0.70
0.75
0.81
0.84
0.86
30.07
35.34
37.98
37.10
41.12
46.76
48.19
54.27
59.32
62.65
64.21
65.98
68.56
75.83
81.33
84.11
86.80
90.02
94.91
102.40
108.00
110.30
114.10
117.30
122.20
132.10
135.40
137.90
140.40
144.10
153.60
157.80
161.50
164.90
168.40
171.40
174.60
178.80
183.20
187.40
191.20
195.60
200.90
206.70
213.00
219.20
225.50
231.00
236.80
243.10
249.20
254.90
260.60
266.40
272.40
278.60
285.80
294.10
303.20
312.60
321.00
328.30
333.30
334.50
332.20
325.80
316.40
304.40
289.90
273.00
249.60
220.20
184.80
150.40
116.30
86.20
65.43
54.86
45.47
36.58
29.82
26.11
20.12
14.64
9.37
6.50
4.80
3.96
3.75
3.78
3.83
3.89
3.97
4.04
4.10
4.15
4.18
4.20
4.20
4.17
4.13
4.07
4.00
3.93
3.85
3.78
3.70
3.62
3.54
3.48
3.41
3.35
3.30
3.25
3.20
3.16
3.12
3.09
3.05
3.02
2.99
2.96
2.93
2.89
2.84
2.80
2.75
2.71
2.66
2.63
2.60
2.56
2.50
2.43
2.36
2.27
2.18
2.07
1.97
1.85
1.72
1.57
1.42
1.24
1.05
0.87
0.72
0.62
0.52
0.42
0.34
0.32
0.32
0.32
0.31
0.31
0.31
0.31
0.31
0.31
0.31
0.31
0.31
0.32
0.35
0.39
0.41
0.47
0.52
0.54
0.57
0.59
0.62
0.66
0.69
0.70
0.70
0.70
0.71
0.72
0.74
31.13
33.57
34.54
39.62
47.46
49.12
50.20
51.63
55.69
60.67
63.51
65.05
66.61
68.87
75.08
79.21
89.69
95.65
98.11
100.30
102.50
105.00
107.70
113.30
118.50
122.70
128.10
132.90
136.50
142.20
147.50
150.70
153.70
156.90
160.40
164.00
167.80
171.60
175.60
179.70
183.90
188.40
192.80
197.40
202.10
206.80
211.90
217.20
222.70
228.50
234.60
240.90
247.40
254.30
261.10
267.50
272.80
277.00
280.00
281.50
281.60
280.30
278.00
275.00
270.20
263.60
255.30
244.30
230.30
214.60
197.40
176.50
147.00
112.60
78.23
53.51
42.00
36.27
31.95
28.31
24.74
20.43
16.02
11.07
7.24
4.24
2.64
1.76
1.40
1.40
1.43
1.47
1.54
1.60
1.65
1.69
1.72
1.75
1.78
1.81
1.83
1.86
1.89
1.92
1.96
1.99
2.02
2.06
2.10
2.14
2.18
2.22
2.27
2.31
2.35
2.40
2.44
2.49
2.53
2.57
2.62
2.66
2.70
2.74
2.78
2.81
2.84
2.87
2.87
2.87
2.84
2.80
2.73
2.63
2.50
2.35
2.17
1.96
1.74
1.49
1.24
1.02
0.85
0.69
0.53
0.40
0.32
0.31
0.31
0.31
0.31
0.31
0.31
0.31
0.31
0.31
0.31
0.31
0.31
0.31
0.31
0.31
0.31
0.32
0.33
0.34
0.40
0.52
0.58
0.61
0.63
0.63
0.65
0.67
0.68
0.69
0.69
0.70
0.71
0.73
0.75
32.38
30.30
36.70
41.56
48.15
49.67
50.58
51.53
52.54
53.74
55.33
59.72
69.21
80.08
83.94
86.70
88.83
90.85
92.71
94.88
97.67
103.90
112.20
122.10
125.80
129.50
133.40
136.30
137.60
139.90
147.70
156.10
160.20
164.60
169.70
174.70
178.60
181.90
185.30
188.90
193.30
198.80
204.80
211.20
217.30
223.40
229.40
234.90
240.40
246.30
252.80
258.90
264.80
270.20
275.10
277.80
278.30
277.30
275.50
273.20
270.30
266.30
260.80
253.80
245.70
236.80
226.90
216.60
204.00
182.50
143.60
102.40
75.38
59.10
52.69
48.69
44.70
40.56
36.04
31.62
26.20
20.47
16.08
11.58
8.08
6.07
4.88
4.07
3.70
3.70
3.75
3.81
3.88
3.95
4.02
4.07
4.11
4.13
4.14
4.13
4.09
4.04
3.98
3.91
3.84
3.76
3.69
3.62
3.54
3.46
3.40
3.35
3.31
3.26
3.21
3.17
3.14
3.11
3.08
3.04
3.01
2.98
2.94
2.90
2.86
2.81
2.77
2.72
2.68
2.64
2.62
2.61
2.58
2.52
2.45
2.37
2.28
2.19
2.10
2.00
1.87
1.73
1.57
1.40
1.21
1.02
0.84
0.70
0.59
0.49
0.39
0.32
0.32
0.32
0.32
0.32
0.32
0.32
0.31
0.31
0.31
0.31
0.31
0.32
0.34
0.36
0.38
0.42
0.47
0.49
0.52
0.54
0.57
0.60
0.63
0.65
0.66
0.67
0.68
0.71
0.74
35.11
27.72
36.94
39.23
44.34
49.01
50.67
52.33
53.31
53.87
56.84
65.61
72.78
76.17
79.11
80.83
82.62
84.49
86.54
89.67
105.80
111.80
114.80
117.50
119.40
122.90
128.30
133.50
149.80
154.10
159.60
167.50
173.20
177.60
182.10
186.40
190.70
195.10
199.50
203.40
206.50
211.50
218.30
224.80
230.30
235.50
241.40
248.80
255.80
261.20
266.00
272.40
278.70
281.70
281.20
279.00
276.20
273.30
270.20
266.40
262.00
257.30
252.30
246.80
239.00
230.10
221.50
206.30
177.70
136.60
104.90
73.34
62.70
59.74
56.82
52.63
48.14
44.00
39.77
36.07
29.10
25.28
21.39
17.10
8.90
6.04
4.70
3.84
3.42
3.40
3.45
3.49
3.57
3.65
3.73
3.80
3.86
3.91
3.94
3.95
3.94
3.93
3.90
3.86
3.81
3.73
3.64
3.52
3.38
3.21
3.03
2.86
2.71
2.60
2.52
2.48
2.45
2.43
2.44
2.46
2.47
2.49
2.52
2.55
2.57
2.59
2.62
2.66
2.70
2.74
2.78
2.82
2.87
2.92
2.94
2.93
2.88
2.79
2.69
2.58
2.46
2.33
2.20
2.04
1.87
1.69
1.49
1.28
1.06
0.85
0.71
0.58
0.47
0.36
0.32
0.32
0.32
0.32
0.33
0.33
0.34
0.35
0.36
0.37
0.38
0.38
0.39
0.40
0.41
0.45
0.48
0.51
0.54
0.58
0.60
0.62
0.65
0.70
0.76
0.83
0.88
35.66
27.02
37.06
39.16
41.26
47.25
50.57
50.07
50.73
51.69
55.01
68.50
71.33
72.89
74.67
77.82
79.30
82.15
86.06
96.59
107.10
109.90
112.70
115.60
118.20
120.60
126.10
147.60
157.00
161.20
165.40
169.80
174.60
180.70
188.60
193.30
198.80
209.10
214.70
219.70
224.90
230.90
236.90
243.20
249.70
255.70
261.20
266.40
270.80
275.00
280.40
285.30
287.30
286.20
283.50
280.00
276.40
272.80
268.70
263.80
257.90
251.20
243.80
235.80
226.60
217.90
206.20
181.30
145.30
108.80
79.88
63.73
58.66
56.04
53.77
49.32
44.86
41.00
36.23
31.91
24.57
18.98
14.31
8.86
5.54
3.59
2.31
1.47
1.05
1.14
1.20
1.39
1.64
1.89
2.21
2.59
2.93
3.23
3.40
3.50
3.56
3.58
3.58
3.55
3.50
3.45
3.39
3.33
3.26
3.20
3.13
3.06
3.00
2.95
2.90
2.86
2.82
2.79
2.77
2.76
2.74
2.74
2.73
2.73
2.73
2.73
2.74
2.75
2.77
2.79
2.82
2.85
2.88
2.91
2.95
2.98
2.98
2.93
2.84
2.74
2.62
2.50
2.36
2.22
2.06
1.88
1.68
1.48
1.26
1.03
0.82
0.69
0.56
0.45
0.35
0.33
0.32
0.32
0.32
0.32
0.32
0.32
0.32
0.32
0.33
0.36
0.38
0.41
0.42
0.46
0.48
0.48
0.49
0.53
0.57
0.63
0.69
0.74
0.78
0.82
0.90
35.11
27.72
36.94
39.23
44.34
49.01
50.67
52.33
53.31
53.87
56.84
65.61
72.78
76.17
79.11
80.83
82.62
84.49
86.54
89.67
105.80
111.80
114.80
117.50
119.40
122.90
128.30
133.50
149.80
154.10
159.60
167.50
173.20
177.60
182.10
186.40
190.70
195.10
199.50
203.40
206.50
211.50
218.30
224.80
230.30
235.50
241.40
248.80
255.80
261.20
266.00
272.40
278.70
281.70
281.20
279.00
276.20
273.30
270.20
266.40
262.00
257.30
252.30
246.80
239.00
230.10
221.50
206.30
177.70
136.60
104.90
73.34
62.70
59.74
56.82
52.63
48.14
44.00
39.77
36.07
29.10
25.28
21.39
17.10
8.90
6.04
4.70
3.84
3.42
3.40
3.45
3.49
3.57
3.65
3.73
3.80
3.86
3.91
3.94
3.95
3.94
3.93
3.90
3.86
3.81
3.73
3.64
3.52
3.38
3.21
3.03
2.86
2.71
2.60
2.52
2.48
2.45
2.43
2.44
2.46
2.47
2.49
2.52
2.55
2.57
2.59
2.62
2.66
2.70
2.74
2.78
2.82
2.87
2.92
2.94
2.93
2.88
2.79
2.69
2.58
2.46
2.33
2.20
2.04
1.87
1.69
1.49
1.28
1.06
0.85
0.71
0.58
0.47
0.36
0.32
0.32
0.32
0.32
0.33
0.33
0.34
0.35
0.36
0.37
0.38
0.38
0.39
0.40
0.41
0.45
0.48
0.51
0.54
0.58
0.60
0.62
0.65
0.70
0.76
0.83
0.88
32.38
30.30
36.70
41.56
48.15
49.67
50.58
51.53
52.54
53.74
55.33
59.72
69.21
80.08
83.94
86.70
88.83
90.85
92.71
94.88
97.67
103.90
112.20
122.10
125.80
129.50
133.40
136.30
137.60
139.90
147.70
156.10
160.20
164.60
169.70
174.70
178.60
181.90
185.30
188.90
193.30
198.80
204.80
211.20
217.30
223.40
229.40
234.90
240.40
246.30
252.80
258.90
264.80
270.20
275.10
277.80
278.30
277.30
275.50
273.20
270.30
266.30
260.80
253.80
245.70
236.80
226.90
216.60
204.00
182.50
143.60
102.40
75.38
59.10
52.69
48.69
44.70
40.56
36.04
31.62
26.20
20.47
16.08
11.58
8.08
6.07
4.88
4.07
3.70
3.70
3.75
3.81
3.88
3.95
4.02
4.07
4.11
4.13
4.14
4.13
4.09
4.04
3.98
3.91
3.84
3.76
3.69
3.62
3.54
3.46
3.40
3.35
3.31
3.26
3.21
3.17
3.14
3.11
3.08
3.04
3.01
2.98
2.94
2.90
2.86
2.81
2.77
2.72
2.68
2.64
2.62
2.61
2.58
2.52
2.45
2.37
2.28
2.19
2.10
2.00
1.87
1.73
1.57
1.40
1.21
1.02
0.84
0.70
0.59
0.49
0.39
0.32
0.32
0.32
0.32
0.32
0.32
0.32
0.31
0.31
0.31
0.31
0.31
0.32
0.34
0.36
0.38
0.42
0.47
0.49
0.52
0.54
0.57
0.60
0.63
0.65
0.66
0.67
0.68
0.71
0.74
31.13
33.57
34.54
39.62
47.46
49.12
50.20
51.63
55.69
60.67
63.51
65.05
66.61
68.87
75.08
79.21
89.69
95.65
98.11
100.30
102.50
105.00
107.70
113.30
118.50
122.70
128.10
132.90
136.50
142.20
147.50
150.70
153.70
156.90
160.40
164.00
167.80
171.60
175.60
179.70
183.90
188.40
192.80
197.40
202.10
206.80
211.90
217.20
222.70
228.50
234.60
240.90
247.40
254.30
261.10
267.50
272.80
277.00
280.00
281.50
281.60
280.30
278.00
275.00
270.20
263.60
255.30
244.30
230.30
214.60
197.40
176.50
147.00
112.60
78.23
53.51
42.00
36.27
31.95
28.31
24.74
20.43
16.02
11.07
7.24
4.24
2.64
1.76
1.40
1.40
1.43
1.47
1.54
1.60
1.65
1.69
1.72
1.75
1.78
1.81
1.83
1.86
1.89
1.92
1.96
1.99
2.02
2.06
2.10
2.14
2.18
2.22
2.27
2.31
2.35
2.40
2.44
2.49
2.53
2.57
2.62
2.66
2.70
2.74
2.78
2.81
2.84
2.87
2.87
2.87
2.84
2.80
2.73
2.63
2.50
2.35
2.17
1.96
1.74
1.49
1.24
1.02
0.85
0.69
0.53
0.40
0.32
0.31
0.31
0.31
0.31
0.31
0.31
0.31
0.31
0.31
0.31
0.31
0.31
0.31
0.31
0.31
0.31
0.32
0.33
0.34
0.40
0.52
0.58
0.61
0.63
0.63
0.65
0.67
0.68
0.69
0.69
0.70
0.71
0.73
0.75
30.07
35.34
37.98
37.10
41.12
46.76
48.19
54.27
59.32
62.65
64.21
65.98
68.56
75.83
81.33
84.11
86.80
90.02
94.91
102.40
108.00
110.30
114.10
117.30
122.20
132.10
135.40
137.90
140.40
144.10
153.60
157.80
161.50
164.90
168.40
171.40
174.60
178.80
183.20
187.40
191.20
195.60
200.90
206.70
213.00
219.20
225.50
231.00
236.80
243.10
249.20
254.90
260.60
266.40
272.40
278.60
285.80
294.10
303.20
312.60
321.00
328.30
333.30
334.50
332.20
325.80
316.40
304.40
289.90
273.00
249.60
220.20
184.80
150.40
116.30
86.20
65.43
54.86
45.47
36.58
29.82
26.11
20.12
14.64
9.37
6.50
4.80
3.96
3.75
3.78
3.83
3.89
3.97
4.04
4.10
4.15
4.18
4.20
4.20
4.17
4.13
4.07
4.00
3.93
3.85
3.78
3.70
3.62
3.54
3.48
3.41
3.35
3.30
3.25
3.20
3.16
3.12
3.09
3.05
3.02
2.99
2.96
2.93
2.89
2.84
2.80
2.75
2.71
2.66
2.63
2.60
2.56
2.50
2.43
2.36
2.27
2.18
2.07
1.97
1.85
1.72
1.57
1.42
1.24
1.05
0.87
0.72
0.62
0.52
0.42
0.34
0.32
0.32
0.32
0.31
0.31
0.31
0.31
0.31
0.31
0.31
0.31
0.31
0.32
0.35
0.39
0.41
0.47
0.52
0.54
0.57
0.59
0.62
0.66
0.69
0.70
0.70
0.70
0.71
0.72
0.74
29.88
34.55
36.25
39.22
43.42
43.31
45.11
51.92
54.85
58.24
62.40
65.65
72.95
77.28
80.54
84.41
87.07
92.23
100.50
104.90
107.60
110.00
116.00
126.50
131.40
133.20
136.00
146.40
152.50
156.50
160.90
166.00
170.90
177.10
182.40
184.70
185.70
189.00
194.20
199.50
203.80
207.80
211.30
215.10
221.10
228.10
235.00
240.80
247.20
254.50
261.70
268.80
275.30
282.00
289.40
298.20
307.80
318.00
328.10
336.60
344.30
350.00
352.30
351.70
349.30
346.90
343.90
340.20
329.30
312.20
289.70
260.20
219.10
166.70
121.60
86.05
64.49
55.23
44.63
36.21
30.87
25.06
18.60
12.29
8.13
5.60
4.23
3.57
3.46
3.51
3.56
3.62
3.71
3.79
3.85
3.92
3.98
4.02
4.04
4.04
4.03
4.00
3.96
3.91
3.84
3.76
3.65
3.52
3.36
3.18
2.99
2.82
2.68
2.55
2.47
2.42
2.39
2.36
2.37
2.39
2.40
2.42
2.44
2.47
2.51
2.54
2.58
2.61
2.65
2.69
2.73
2.78
2.83
2.87
2.88
2.84
2.77
2.68
2.57
2.46
2.33
2.19
2.05
1.89
1.71
1.52
1.31
1.10
0.89
0.72
0.60
0.49
0.39
0.32
0.32
0.32
0.32
0.33
0.33
0.34
0.35
0.36
0.36
0.37
0.37
0.38
0.38
0.39
0.42
0.45
0.50
0.54
0.58
0.62
0.64
0.67
0.70
0.75
0.81
0.84
0.86
24.37
28.44
29.41
30.32
32.68
37.69
42.62
46.52
47.42
48.62
51.45
58.10
66.54
68.13
69.50
71.59
74.88
85.03
90.66
93.43
97.27
101.70
111.30
116.00
121.60
126.80
134.70
142.30
148.60
158.30
165.50
172.40
178.00
185.10
194.10
200.20
205.00
208.60
212.70
216.90
221.10
225.70
230.40
235.80
241.60
247.40
252.80
258.30
264.40
271.10
277.50
283.90
290.60
298.00
306.10
314.00
322.10
330.00
336.50
342.10
345.50
346.00
344.00
340.00
335.50
330.90
324.80
312.80
296.50
278.60
258.00
229.00
181.30
125.30
88.05
55.07
35.46
23.49
17.34
14.37
11.69
9.15
7.01
5.22
3.65
2.43
1.54
1.13
1.17
1.22
1.32
1.58
1.92
2.24
2.56
2.83
3.11
3.35
3.51
3.60
3.62
3.62
3.59
3.53
3.47
3.40
3.32
3.24
3.17
3.09
3.02
2.95
2.89
2.84
2.79
2.75
2.72
2.69
2.67
2.66
2.65
2.64
2.64
2.64
2.65
2.66
2.67
2.69
2.72
2.74
2.77
2.81
2.84
2.88
2.92
2.93
2.90
2.82
2.73
2.62
2.51
2.38
2.24
2.09
1.92
1.73
1.53
1.32
1.10
0.89
0.72
0.60
0.49
0.39
0.33
0.33
0.33
0.33
0.33
0.33
0.33
0.33
0.33
0.33
0.35
0.37
0.40
0.42
0.45
0.48
0.47
0.49
0.50
0.54
0.61
0.66
0.71
0.75
0.81
0.87
0.94
29.88
36.62
42.56
44.91
47.02
47.89
50.15
57.74
61.19
63.67
66.13
68.69
77.10
80.54
81.66
82.66
84.99
92.17
98.37
103.00
105.80
109.50
118.50
125.00
127.40
130.90
135.90
146.40
151.50
155.20
159.20
164.10
169.50
174.40
179.70
185.40
189.00
192.30
196.20
200.30
204.60
209.00
213.20
215.30
218.40
225.30
233.10
240.20
246.20
251.80
257.70
263.90
270.20
276.90
285.10
295.20
306.90
318.40
328.40
336.40
342.20
345.70
346.80
346.50
345.70
344.80
342.60
337.00
323.80
307.20
282.80
249.50
205.10
144.80
98.16
71.26
58.31
51.24
41.48
33.15
28.21
22.05
15.29
10.56
7.34
5.02
3.86
3.45
3.43
3.47
3.52
3.59
3.67
3.75
3.81
3.87
3.92
3.95
3.96
3.96
3.95
3.91
3.85
3.77
3.67
3.55
3.39
3.25
3.09
2.92
2.76
2.65
2.55
2.47
2.41
2.39
2.38
2.38
2.38
2.40
2.42
2.43
2.45
2.47
2.50
2.53
2.57
2.61
2.65
2.70
2.74
2.79
2.84
2.89
2.89
2.86
2.78
2.69
2.58
2.47
2.35
2.21
2.06
1.89
1.72
1.52
1.32
1.10
0.90
0.75
0.62
0.51
0.41
0.35
0.35
0.34
0.34
0.34
0.35
0.36
0.36
0.37
0.38
0.38
0.39
0.39
0.40
0.43
0.46
0.47
0.49
0.51
0.53
0.57
0.59
0.62
0.65
0.69
0.75
0.81
0.86
30.07
38.89
43.28
48.00
49.25
50.19
52.26
56.74
61.62
63.26
64.43
65.27
66.90
70.95
77.48
79.99
83.94
88.72
94.86
103.30
109.60
113.00
116.60
119.90
124.40
137.40
140.90
143.90
146.80
149.30
155.60
157.60
159.00
160.60
162.90
165.10
168.30
171.80
176.30
182.10
188.40
193.60
198.90
204.90
211.30
218.00
224.60
230.90
237.20
243.50
249.80
256.10
262.10
268.50
275.40
283.20
291.60
300.50
309.60
318.40
326.40
332.30
334.80
333.20
328.10
319.90
308.80
296.00
282.00
263.40
237.40
203.30
167.90
132.00
102.40
72.96
56.79
45.32
39.01
31.63
26.72
21.58
16.74
11.34
7.75
5.52
4.14
3.72
3.73
3.78
3.83
3.90
3.97
4.04
4.09
4.13
4.14
4.14
4.12
4.07
4.02
3.95
3.87
3.79
3.71
3.63
3.56
3.48
3.41
3.35
3.31
3.27
3.23
3.19
3.15
3.12
3.08
3.05
3.01
2.97
2.93
2.89
2.84
2.79
2.74
2.69
2.64
2.61
2.58
2.57
2.56
2.53
2.48
2.42
2.35
2.28
2.19
2.10
1.99
1.88
1.74
1.59
1.43
1.25
1.06
0.89
0.73
0.62
0.52
0.43
0.35
0.33
0.33
0.33
0.33
0.33
0.33
0.33
0.33
0.33
0.33
0.33
0.33
0.34
0.35
0.39
0.43
0.46
0.50
0.54
0.57
0.59
0.61
0.64
0.65
0.67
0.69
0.70
0.72
0.75
0.75
31.13
38.57
43.50
48.50
49.75
50.57
51.55
53.01
55.44
61.38
63.73
66.05
72.65
78.93
82.15
84.76
92.00
94.83
97.44
99.40
101.30
103.50
106.10
113.20
120.10
125.80
128.80
131.90
135.50
144.30
148.50
151.60
154.50
157.60
161.10
164.90
169.00
173.00
177.20
181.30
185.50
189.90
194.30
199.30
204.30
209.40
214.80
220.30
225.90
231.70
238.00
244.60
251.50
258.60
265.40
271.20
275.50
278.70
280.70
281.00
280.20
278.50
275.80
271.80
266.20
257.90
247.50
233.80
218.30
201.80
182.30
153.40
110.30
74.49
55.78
43.91
36.52
31.95
27.74
24.31
20.71
15.73
11.50
7.08
3.96
2.27
1.57
1.35
1.36
1.40
1.47
1.55
1.62
1.67
1.71
1.76
1.79
1.83
1.86
1.89
1.93
1.96
1.99
2.02
2.05
2.08
2.11
2.15
2.19
2.22
2.26
2.30
2.34
2.38
2.42
2.46
2.50
2.54
2.58
2.62
2.65
2.69
2.73
2.76
2.79
2.82
2.84
2.86
2.86
2.84
2.79
2.71
2.60
2.47
2.31
2.12
1.91
1.68
1.43
1.21
1.00
0.83
0.67
0.53
0.42
0.35
0.35
0.35
0.35
0.35
0.34
0.34
0.34
0.34
0.34
0.34
0.34
0.34
0.34
0.34
0.34
0.34
0.34
0.34
0.35
0.34
0.40
0.53
0.62
0.65
0.65
0.66
0.67
0.68
0.69
0.69
0.69
0.69
0.71
0.74
0.75
32.38
37.94
41.60
48.20
49.77
50.70
51.69
52.71
54.07
56.64
66.08
75.15
80.65
85.17
87.35
89.16
90.80
92.58
94.16
96.32
106.30
113.40
120.00
123.80
126.90
130.00
132.90
135.40
139.20
152.00
155.70
159.40
163.80
168.60
173.10
176.70
179.50
183.00
187.10
191.90
197.80
204.50
211.40
217.50
223.20
228.80
234.50
240.80
247.60
254.30
260.30
265.40
269.80
273.50
276.10
276.80
276.00
274.20
272.20
269.40
265.40
260.20
253.80
246.00
237.40
228.00
218.50
205.80
181.80
138.60
104.90
71.45
58.13
52.57
48.64
44.12
39.83
35.21
31.03
26.62
20.15
15.57
11.03
7.79
5.74
4.59
3.87
3.66
3.70
3.74
3.81
3.88
3.96
4.02
4.07
4.10
4.10
4.09
4.06
4.01
3.95
3.88
3.81
3.73
3.65
3.57
3.49
3.42
3.36
3.31
3.26
3.22
3.18
3.14
3.10
3.07
3.04
3.01
2.99
2.96
2.93
2.89
2.86
2.81
2.77
2.72
2.67
2.63
2.59
2.56
2.53
2.48
2.41
2.34
2.26
2.16
2.06
1.96
1.85
1.73
1.58
1.43
1.25
1.07
0.89
0.75
0.62
0.53
0.44
0.36
0.33
0.33
0.33
0.33
0.33
0.33
0.33
0.33
0.33
0.33
0.33
0.33
0.33
0.34
0.36
0.40
0.45
0.49
0.54
0.59
0.60
0.63
0.67
0.69
0.72
0.73
0.73
0.73
0.75
0.76
0.75
35.11
38.06
39.72
45.59
49.45
51.88
52.63
54.27
55.16
63.44
71.76
76.98
79.00
80.55
82.02
83.54
85.27
87.80
97.70
107.70
110.40
114.20
116.90
118.60
120.40
126.20
146.40
155.90
160.00
164.10
168.30
172.60
177.10
181.40
185.70
189.80
194.00
198.40
202.80
204.90
206.20
212.10
220.60
228.30
234.90
242.90
251.80
259.50
264.40
268.70
273.60
278.00
279.80
279.10
276.50
273.20
270.10
266.90
263.10
258.60
253.30
248.30
243.20
237.60
230.60
222.20
201.60
164.20
124.50
91.41
70.13
62.13
59.24
55.59
50.87
46.38
41.90
37.74
33.08
26.67
23.59
18.81
11.70
6.89
5.08
4.05
3.50
3.36
3.40
3.44
3.51
3.59
3.67
3.74
3.80
3.85
3.89
3.91
3.91
3.91
3.89
3.84
3.79
3.71
3.62
3.50
3.35
3.19
3.01
2.84
2.68
2.55
2.47
2.40
2.36
2.34
2.33
2.33
2.33
2.35
2.38
2.41
2.43
2.46
2.49
2.53
2.57
2.60
2.65
2.69
2.74
2.79
2.84
2.85
2.83
2.75
2.66
2.55
2.44
2.31
2.18
2.04
1.88
1.71
1.52
1.32
1.11
0.90
0.74
0.62
0.52
0.42
0.35
0.34
0.34
0.34
0.35
0.35
0.36
0.37
0.38
0.38
0.39
0.39
0.40
0.40
0.40
0.43
0.46
0.47
0.50
0.54
0.58
0.60
0.63
0.66
0.69
0.74
0.82
0.88
0.89
35.66
37.74
39.16
43.43
47.15
47.63
47.49
47.90
55.53
63.16
67.03
69.00
70.83
72.06
74.40
78.64
81.35
85.89
101.30
104.30
107.20
109.80
111.90
114.70
119.30
135.60
152.80
157.10
161.00
165.00
169.30
174.10
178.90
187.20
198.90
203.50
208.80
214.20
219.40
224.20
229.80
235.90
241.80
248.20
254.20
259.40
264.90
269.10
273.40
278.80
284.30
286.80
286.00
283.10
279.00
275.00
271.00
266.90
261.80
255.50
248.70
241.50
233.60
225.20
217.20
201.50
172.40
132.40
104.40
76.50
63.45
58.83
56.22
52.71
48.27
43.75
39.14
34.60
28.15
22.21
17.59
10.79
6.93
4.37
2.73
1.70
1.09
1.02
1.13
1.18
1.49
1.71
2.03
2.39
2.72
3.05
3.32
3.46
3.54
3.56
3.56
3.53
3.48
3.42
3.35
3.28
3.21
3.13
3.06
2.99
2.92
2.86
2.80
2.75
2.72
2.68
2.65
2.63
2.62
2.61
2.61
2.61
2.62
2.62
2.63
2.64
2.66
2.69
2.71
2.74
2.77
2.80
2.84
2.88
2.89
2.87
2.79
2.70
2.60
2.48
2.36
2.22
2.08
1.92
1.74
1.56
1.34
1.13
0.92
0.73
0.62
0.51
0.41
0.35
0.35
0.35
0.35
0.35
0.35
0.35
0.35
0.35
0.37
0.39
0.42
0.44
0.46
0.49
0.50
0.49
0.50
0.51
0.52
0.55
0.62
0.69
0.75
0.80
0.87
0.92
0.90
35.11
38.06
39.72
45.59
49.45
51.88
52.63
54.27
55.16
63.44
71.76
76.98
79.00
80.55
82.02
83.54
85.27
87.80
97.70
107.70
110.40
114.20
116.90
118.60
120.40
126.20
146.40
155.90
160.00
164.10
168.30
172.60
177.10
181.40
185.70
189.80
194.00
198.40
202.80
204.90
206.20
212.10
220.60
228.30
234.90
242.90
251.80
259.50
264.40
268.70
273.60
278.00
279.80
279.10
276.50
273.20
270.10
266.90
263.10
258.60
253.30
248.30
243.20
237.60
230.60
222.20
201.60
164.20
124.50
91.41
70.13
62.13
59.24
55.59
50.87
46.38
41.90
37.74
33.08
26.67
23.59
18.81
11.70
6.89
5.08
4.05
3.50
3.36
3.40
3.44
3.51
3.59
3.67
3.74
3.80
3.85
3.89
3.91
3.91
3.91
3.89
3.84
3.79
3.71
3.62
3.50
3.35
3.19
3.01
2.84
2.68
2.55
2.47
2.40
2.36
2.34
2.33
2.33
2.33
2.35
2.38
2.41
2.43
2.46
2.49
2.53
2.57
2.60
2.65
2.69
2.74
2.79
2.84
2.85
2.83
2.75
2.66
2.55
2.44
2.31
2.18
2.04
1.88
1.71
1.52
1.32
1.11
0.90
0.74
0.62
0.52
0.42
0.35
0.34
0.34
0.34
0.35
0.35
0.36
0.37
0.38
0.38
0.39
0.39
0.40
0.40
0.40
0.43
0.46
0.47
0.50
0.54
0.58
0.60
0.63
0.66
0.69
0.74
0.82
0.88
0.89
32.38
37.94
41.60
48.20
49.77
50.70
51.69
52.71
54.07
56.64
66.08
75.15
80.65
85.17
87.35
89.16
90.80
92.58
94.16
96.32
106.30
113.40
120.00
123.80
126.90
130.00
132.90
135.40
139.20
152.00
155.70
159.40
163.80
168.60
173.10
176.70
179.50
183.00
187.10
191.90
197.80
204.50
211.40
217.50
223.20
228.80
234.50
240.80
247.60
254.30
260.30
265.40
269.80
273.50
276.10
276.80
276.00
274.20
272.20
269.40
265.40
260.20
253.80
246.00
237.40
228.00
218.50
205.80
181.80
138.60
104.90
71.45
58.13
52.57
48.64
44.12
39.83
35.21
31.03
26.62
20.15
15.57
11.03
7.79
5.74
4.59
3.87
3.66
3.70
3.74
3.81
3.88
3.96
4.02
4.07
4.10
4.10
4.09
4.06
4.01
3.95
3.88
3.81
3.73
3.65
3.57
3.49
3.42
3.36
3.31
3.26
3.22
3.18
3.14
3.10
3.07
3.04
3.01
2.99
2.96
2.93
2.89
2.86
2.81
2.77
2.72
2.67
2.63
2.59
2.56
2.53
2.48
2.41
2.34
2.26
2.16
2.06
1.96
1.85
1.73
1.58
1.43
1.25
1.07
0.89
0.75
0.62
0.53
0.44
0.36
0.33
0.33
0.33
0.33
0.33
0.33
0.33
0.33
0.33
0.33
0.33
0.33
0.33
0.34
0.36
0.40
0.45
0.49
0.54
0.59
0.60
0.63
0.67
0.69
0.72
0.73
0.73
0.73
0.75
0.76
0.75
31.13
38.57
43.50
48.50
49.75
50.57
51.55
53.01
55.44
61.38
63.73
66.05
72.65
78.93
82.15
84.76
92.00
94.83
97.44
99.40
101.30
103.50
106.10
113.20
120.10
125.80
128.80
131.90
135.50
144.30
148.50
151.60
154.50
157.60
161.10
164.90
169.00
173.00
177.20
181.30
185.50
189.90
194.30
199.30
204.30
209.40
214.80
220.30
225.90
231.70
238.00
244.60
251.50
258.60
265.40
271.20
275.50
278.70
280.70
281.00
280.20
278.50
275.80
271.80
266.20
257.90
247.50
233.80
218.30
201.80
182.30
153.40
110.30
74.49
55.78
43.91
36.52
31.95
27.74
24.31
20.71
15.73
11.50
7.08
3.96
2.27
1.57
1.35
1.36
1.40
1.47
1.55
1.62
1.67
1.71
1.76
1.79
1.83
1.86
1.89
1.93
1.96
1.99
2.02
2.05
2.08
2.11
2.15
2.19
2.22
2.26
2.30
2.34
2.38
2.42
2.46
2.50
2.54
2.58
2.62
2.65
2.69
2.73
2.76
2.79
2.82
2.84
2.86
2.86
2.84
2.79
2.71
2.60
2.47
2.31
2.12
1.91
1.68
1.43
1.21
1.00
0.83
0.67
0.53
0.42
0.35
0.35
0.35
0.35
0.35
0.34
0.34
0.34
0.34
0.34
0.34
0.34
0.34
0.34
0.34
0.34
0.34
0.34
0.34
0.35
0.34
0.40
0.53
0.62
0.65
0.65
0.66
0.67
0.68
0.69
0.69
0.69
0.69
0.71
0.74
0.75
30.07
38.89
43.28
48.00
49.25
50.19
52.26
56.74
61.62
63.26
64.43
65.27
66.90
70.95
77.48
79.99
83.94
88.72
94.86
103.30
109.60
113.00
116.60
119.90
124.40
137.40
140.90
143.90
146.80
149.30
155.60
157.60
159.00
160.60
162.90
165.10
168.30
171.80
176.30
182.10
188.40
193.60
198.90
204.90
211.30
218.00
224.60
230.90
237.20
243.50
249.80
256.10
262.10
268.50
275.40
283.20
291.60
300.50
309.60
318.40
326.40
332.30
334.80
333.20
328.10
319.90
308.80
296.00
282.00
263.40
237.40
203.30
167.90
132.00
102.40
72.96
56.79
45.32
39.01
31.63
26.72
21.58
16.74
11.34
7.75
5.52
4.14
3.72
3.73
3.78
3.83
3.90
3.97
4.04
4.09
4.13
4.14
4.14
4.12
4.07
4.02
3.95
3.87
3.79
3.71
3.63
3.56
3.48
3.41
3.35
3.31
3.27
3.23
3.19
3.15
3.12
3.08
3.05
3.01
2.97
2.93
2.89
2.84
2.79
2.74
2.69
2.64
2.61
2.58
2.57
2.56
2.53
2.48
2.42
2.35
2.28
2.19
2.10
1.99
1.88
1.74
1.59
1.43
1.25
1.06
0.89
0.73
0.62
0.52
0.43
0.35
0.33
0.33
0.33
0.33
0.33
0.33
0.33
0.33
0.33
0.33
0.33
0.33
0.34
0.35
0.39
0.43
0.46
0.50
0.54
0.57
0.59
0.61
0.64
0.65
0.67
0.69
0.70
0.72
0.75
0.75
29.88
36.62
42.56
44.91
47.02
47.89
50.15
57.74
61.19
63.67
66.13
68.69
77.10
80.54
81.66
82.66
84.99
92.17
98.37
103.00
105.80
109.50
118.50
125.00
127.40
130.90
135.90
146.40
151.50
155.20
159.20
164.10
169.50
174.40
179.70
185.40
189.00
192.30
196.20
200.30
204.60
209.00
213.20
215.30
218.40
225.30
233.10
240.20
246.20
251.80
257.70
263.90
270.20
276.90
285.10
295.20
306.90
318.40
328.40
336.40
342.20
345.70
346.80
346.50
345.70
344.80
342.60
337.00
323.80
307.20
282.80
249.50
205.10
144.80
98.16
71.26
58.31
51.24
41.48
33.15
28.21
22.05
15.29
10.56
7.34
5.02
3.86
3.45
3.43
3.47
3.52
3.59
3.67
3.75
3.81
3.87
3.92
3.95
3.96
3.96
3.95
3.91
3.85
3.77
3.67
3.55
3.39
3.25
3.09
2.92
2.76
2.65
2.55
2.47
2.41
2.39
2.38
2.38
2.38
2.40
2.42
2.43
2.45
2.47
2.50
2.53
2.57
2.61
2.65
2.70
2.74
2.79
2.84
2.89
2.89
2.86
2.78
2.69
2.58
2.47
2.35
2.21
2.06
1.89
1.72
1.52
1.32
1.10
0.90
0.75
0.62
0.51
0.41
0.35
0.35
0.34
0.34
0.34
0.35
0.36
0.36
0.37
0.38
0.38
0.39
0.39
0.40
0.43
0.46
0.47
0.49
0.51
0.53
0.57
0.59
0.62
0.65
0.69
0.75
0.81
0.86
