SALVI
1
0
24
15.0
181
1.0
25010 WALK Y50 350mA 3000K F5M1 PMMA L
25010 WALK Y50 3000K F5M1 PMMA L
25010 WALK Y50 3000K F5M1 PMMA L
WALK-Y50-3000K-F5M1-PMMA-L.ldt
29-1-2025/TB
430
430
110
240
0
0
0
0
0
98.24
100.00
1.00
0.00
1
1
24LED Y50
5647.00
3000
70
49.80
0.17
0.26
0.35
0.44
0.50
0.60
0.65
0.70
0.76
0.80
0.00
15.00
30.00
45.00
60.00
75.00
90.00
105.00
120.00
135.00
150.00
165.00
180.00
195.00
210.00
225.00
240.00
255.00
270.00
285.00
300.00
315.00
330.00
345.00
0.00
1.00
2.00
3.00
4.00
5.00
6.00
7.00
8.00
9.00
10.00
11.00
12.00
13.00
14.00
15.00
16.00
17.00
18.00
19.00
20.00
21.00
22.00
23.00
24.00
25.00
26.00
27.00
28.00
29.00
30.00
31.00
32.00
33.00
34.00
35.00
36.00
37.00
38.00
39.00
40.00
41.00
42.00
43.00
44.00
45.00
46.00
47.00
48.00
49.00
50.00
51.00
52.00
53.00
54.00
55.00
56.00
57.00
58.00
59.00
60.00
61.00
62.00
63.00
64.00
65.00
66.00
67.00
68.00
69.00
70.00
71.00
72.00
73.00
74.00
75.00
76.00
77.00
78.00
79.00
80.00
81.00
82.00
83.00
84.00
85.00
86.00
87.00
88.00
89.00
90.00
91.00
92.00
93.00
94.00
95.00
96.00
97.00
98.00
99.00
100.00
101.00
102.00
103.00
104.00
105.00
106.00
107.00
108.00
109.00
110.00
111.00
112.00
113.00
114.00
115.00
116.00
117.00
118.00
119.00
120.00
121.00
122.00
123.00
124.00
125.00
126.00
127.00
128.00
129.00
130.00
131.00
132.00
133.00
134.00
135.00
136.00
137.00
138.00
139.00
140.00
141.00
142.00
143.00
144.00
145.00
146.00
147.00
148.00
149.00
150.00
151.00
152.00
153.00
154.00
155.00
156.00
157.00
158.00
159.00
160.00
161.00
162.00
163.00
164.00
165.00
166.00
167.00
168.00
169.00
170.00
171.00
172.00
173.00
174.00
175.00
176.00
177.00
178.00
179.00
180.00
38.85
43.34
44.09
45.22
48.49
54.03
60.54
65.31
66.44
68.18
71.47
79.97
90.15
92.88
95.05
98.20
105.00
115.50
122.50
126.40
130.50
137.20
148.90
155.10
161.80
168.20
178.40
188.00
195.80
205.90
214.00
220.90
226.90
234.00
242.80
250.10
256.50
261.50
266.00
270.20
274.10
277.90
281.40
284.70
287.60
290.10
292.30
293.80
295.00
295.60
295.60
295.00
293.60
291.60
288.80
285.30
281.20
276.20
270.60
264.30
257.20
249.60
241.40
232.60
223.50
213.80
203.90
193.70
183.20
172.60
161.80
151.10
140.30
129.60
118.90
108.50
98.16
87.96
78.09
68.44
58.68
47.53
35.48
26.40
17.24
9.95
4.17
1.49
1.44
1.45
1.41
1.67
1.98
2.31
2.62
2.91
3.19
3.46
3.65
3.78
3.85
3.88
3.89
3.88
3.86
3.82
3.77
3.72
3.67
3.62
3.56
3.51
3.46
3.41
3.38
3.34
3.32
3.30
3.28
3.27
3.27
3.27
3.28
3.28
3.30
3.32
3.34
3.37
3.40
3.44
3.48
3.52
3.57
3.62
3.66
3.67
3.62
3.51
3.39
3.25
3.10
2.93
2.75
2.55
2.34
2.11
1.86
1.59
1.31
1.05
0.84
0.69
0.55
0.43
0.36
0.36
0.37
0.37
0.37
0.37
0.37
0.37
0.37
0.38
0.40
0.42
0.44
0.47
0.51
0.54
0.52
0.55
0.57
0.61
0.66
0.72
0.77
0.82
0.88
0.95
1.01
44.72
48.23
50.99
54.81
58.82
59.77
62.51
70.42
73.53
78.44
83.46
87.86
96.61
102.40
106.60
111.50
115.20
122.10
131.90
137.70
141.70
145.50
153.80
165.60
171.40
175.20
179.80
192.00
199.90
204.80
209.90
214.90
219.60
225.10
230.50
234.40
237.70
241.70
246.30
250.90
254.80
258.30
261.20
263.90
267.00
270.30
273.50
276.00
278.20
280.00
281.20
281.70
281.30
280.10
278.30
276.00
273.20
269.80
265.80
261.00
255.50
249.30
242.10
234.20
225.80
216.90
207.70
198.20
188.60
178.40
168.00
157.30
146.60
135.80
125.10
114.50
104.10
93.78
83.70
73.91
64.50
54.33
42.29
31.76
22.76
14.81
8.35
4.38
3.80
3.81
3.75
3.79
3.87
3.95
4.02
4.09
4.15
4.20
4.24
4.27
4.27
4.27
4.27
4.24
4.20
4.14
4.06
3.95
3.82
3.66
3.49
3.33
3.19
3.07
2.99
2.94
2.91
2.89
2.90
2.93
2.96
2.99
3.02
3.07
3.11
3.16
3.20
3.25
3.30
3.35
3.40
3.47
3.52
3.58
3.58
3.54
3.45
3.33
3.19
3.04
2.88
2.70
2.52
2.31
2.09
1.85
1.60
1.33
1.07
0.86
0.70
0.57
0.44
0.35
0.35
0.35
0.36
0.36
0.37
0.38
0.39
0.39
0.40
0.41
0.41
0.41
0.42
0.44
0.47
0.50
0.54
0.58
0.62
0.67
0.70
0.73
0.76
0.82
0.89
0.92
0.94
44.94
49.61
52.45
51.92
57.34
63.61
65.91
72.80
79.31
83.20
85.45
87.99
91.65
98.61
107.30
111.00
114.70
118.90
123.80
134.90
142.20
146.10
151.20
155.70
162.80
173.50
177.70
181.30
184.80
190.40
199.90
204.40
208.40
212.20
216.00
220.00
224.10
228.60
232.60
236.20
239.60
243.20
246.90
250.60
254.10
257.10
259.70
261.60
263.20
263.90
264.20
263.80
262.70
261.00
258.60
255.70
252.40
248.70
244.30
239.60
234.20
228.20
221.60
214.30
206.50
198.20
189.50
180.50
171.20
161.60
152.10
142.50
132.80
123.20
113.70
104.20
94.87
85.72
76.71
67.90
59.37
50.90
42.44
32.30
22.71
15.05
9.20
5.17
4.15
4.13
4.09
4.10
4.17
4.24
4.30
4.35
4.39
4.43
4.44
4.45
4.45
4.42
4.39
4.34
4.29
4.23
4.17
4.10
4.03
3.97
3.91
3.85
3.80
3.74
3.69
3.65
3.61
3.58
3.55
3.52
3.49
3.47
3.45
3.42
3.39
3.35
3.32
3.28
3.24
3.21
3.18
3.13
3.07
2.98
2.89
2.77
2.66
2.52
2.40
2.26
2.10
1.91
1.72
1.50
1.26
1.04
0.84
0.71
0.58
0.47
0.36
0.34
0.34
0.34
0.34
0.34
0.34
0.34
0.34
0.34
0.35
0.35
0.35
0.36
0.39
0.42
0.44
0.49
0.53
0.55
0.58
0.62
0.65
0.70
0.74
0.75
0.76
0.76
0.78
0.79
0.81
46.36
47.55
47.02
55.63
63.73
65.94
67.29
69.28
74.64
80.48
84.45
86.71
88.98
92.13
99.39
106.00
118.00
125.50
129.20
132.50
135.60
139.10
143.20
150.10
156.30
161.80
168.20
174.00
178.90
185.40
191.50
195.40
199.10
202.80
206.50
210.20
213.90
217.30
220.90
224.10
227.40
230.30
233.10
235.60
238.00
239.90
241.60
242.90
243.90
244.30
244.10
243.50
242.20
240.30
237.90
234.90
231.20
227.00
222.20
216.80
210.90
204.50
197.50
190.30
182.70
174.80
166.60
158.20
149.70
141.00
132.30
123.50
114.80
106.20
97.53
89.09
80.73
72.60
64.63
56.88
49.39
42.07
34.91
28.05
21.23
13.15
6.81
3.08
1.70
1.63
1.58
1.56
1.63
1.70
1.76
1.80
1.85
1.89
1.93
1.97
2.00
2.04
2.08
2.12
2.15
2.20
2.24
2.29
2.33
2.38
2.44
2.49
2.54
2.60
2.65
2.71
2.76
2.82
2.88
2.93
2.99
3.04
3.10
3.15
3.20
3.25
3.30
3.34
3.38
3.38
3.36
3.32
3.25
3.16
3.02
2.85
2.64
2.40
2.13
1.82
1.52
1.24
1.02
0.81
0.61
0.43
0.34
0.33
0.33
0.34
0.34
0.34
0.34
0.34
0.34
0.34
0.34
0.34
0.34
0.34
0.34
0.35
0.35
0.36
0.37
0.39
0.43
0.52
0.58
0.60
0.63
0.65
0.67
0.70
0.73
0.74
0.75
0.76
0.78
0.80
0.82
47.67
44.35
51.10
57.16
64.57
66.63
67.92
69.24
70.87
72.76
75.10
80.76
92.10
100.90
109.70
113.50
116.60
119.50
122.50
125.20
128.80
137.10
148.30
159.10
164.30
168.80
172.90
176.60
179.30
182.90
191.60
200.60
205.80
210.30
215.00
219.40
223.30
226.80
229.80
232.90
235.90
239.10
242.60
245.70
248.30
250.40
251.80
252.50
252.60
252.10
251.20
249.90
248.20
246.00
243.10
239.40
234.90
229.70
224.00
217.60
210.80
203.60
195.90
187.90
179.60
171.20
162.40
153.60
144.90
136.00
127.30
118.70
110.30
102.10
94.09
86.22
78.44
70.88
63.50
56.19
49.29
42.48
35.77
28.49
19.51
13.89
9.25
5.66
4.14
4.07
4.06
4.03
4.10
4.17
4.23
4.29
4.33
4.37
4.39
4.40
4.40
4.38
4.35
4.32
4.27
4.22
4.16
4.10
4.03
3.96
3.90
3.85
3.81
3.76
3.71
3.67
3.64
3.61
3.58
3.55
3.52
3.50
3.47
3.45
3.41
3.38
3.34
3.30
3.27
3.23
3.22
3.20
3.17
3.09
3.01
2.91
2.79
2.69
2.57
2.44
2.29
2.11
1.92
1.71
1.47
1.23
1.00
0.83
0.69
0.56
0.43
0.34
0.34
0.34
0.34
0.34
0.34
0.34
0.34
0.34
0.34
0.34
0.34
0.35
0.37
0.39
0.41
0.45
0.50
0.52
0.54
0.57
0.61
0.65
0.68
0.71
0.72
0.73
0.75
0.78
0.81
50.04
41.76
49.96
55.04
60.07
65.40
67.31
69.81
71.44
72.57
76.19
86.62
95.28
99.86
103.80
106.70
109.40
112.20
115.40
120.60
138.50
146.30
150.20
153.80
156.90
161.20
167.10
175.00
192.90
199.10
205.00
212.70
219.10
223.90
228.50
233.00
237.00
240.40
243.60
246.10
248.30
251.20
254.60
257.60
259.40
260.40
261.30
262.50
263.50
263.60
262.60
260.90
258.80
255.70
251.60
246.60
240.80
234.60
227.90
220.80
213.40
205.70
197.90
189.90
181.70
173.10
164.30
155.70
147.20
138.70
130.20
121.50
112.90
104.40
95.86
87.59
79.51
71.75
64.13
56.82
49.82
43.02
35.65
26.66
19.61
14.64
8.96
5.49
3.79
3.72
3.71
3.68
3.75
3.83
3.91
3.98
4.04
4.10
4.15
4.18
4.20
4.20
4.20
4.18
4.15
4.10
4.03
3.94
3.82
3.68
3.52
3.36
3.22
3.11
3.04
3.00
2.97
2.96
2.98
3.01
3.04
3.07
3.11
3.15
3.19
3.22
3.26
3.31
3.36
3.41
3.46
3.52
3.58
3.64
3.68
3.67
3.60
3.49
3.36
3.22
3.06
2.89
2.72
2.52
2.31
2.08
1.83
1.56
1.29
1.03
0.84
0.68
0.53
0.40
0.34
0.34
0.35
0.35
0.35
0.36
0.37
0.38
0.39
0.40
0.40
0.41
0.42
0.43
0.45
0.49
0.53
0.55
0.59
0.63
0.66
0.68
0.70
0.76
0.83
0.90
0.95
50.37
41.10
51.98
54.38
57.02
63.25
66.86
67.47
68.26
69.74
74.21
89.14
92.98
95.72
98.55
102.00
105.50
108.90
114.30
128.70
139.40
143.50
147.30
151.10
154.40
158.10
165.50
189.30
200.30
205.90
211.10
216.20
221.40
227.90
235.90
241.20
247.00
254.60
259.40
263.20
266.50
269.50
272.10
274.00
275.70
276.80
277.20
277.00
276.00
274.40
272.20
269.20
265.40
261.00
255.90
250.20
243.90
237.10
230.00
222.10
213.90
205.60
196.90
187.90
179.10
170.00
160.90
151.90
142.80
133.80
124.90
116.20
107.60
99.11
90.83
82.71
74.78
67.17
59.78
52.87
45.96
39.12
31.30
22.00
16.36
11.26
6.12
2.74
1.30
1.38
1.39
1.48
1.73
1.98
2.29
2.65
3.01
3.33
3.54
3.67
3.77
3.83
3.86
3.87
3.87
3.86
3.84
3.80
3.77
3.72
3.68
3.62
3.58
3.54
3.50
3.46
3.44
3.42
3.40
3.39
3.38
3.38
3.38
3.38
3.39
3.40
3.42
3.45
3.48
3.51
3.55
3.58
3.62
3.67
3.71
3.75
3.75
3.68
3.56
3.42
3.27
3.11
2.93
2.75
2.54
2.32
2.07
1.82
1.53
1.25
0.99
0.82
0.65
0.51
0.38
0.35
0.34
0.34
0.34
0.34
0.35
0.35
0.35
0.35
0.37
0.39
0.42
0.44
0.46
0.50
0.53
0.52
0.54
0.58
0.62
0.68
0.75
0.79
0.84
0.89
0.96
50.04
41.76
49.96
55.04
60.07
65.40
67.31
69.81
71.44
72.57
76.19
86.62
95.28
99.86
103.80
106.70
109.40
112.20
115.40
120.60
138.50
146.30
150.20
153.80
156.90
161.20
167.10
175.00
192.90
199.10
205.00
212.70
219.10
223.90
228.50
233.00
237.00
240.40
243.60
246.10
248.30
251.20
254.60
257.60
259.40
260.40
261.30
262.50
263.50
263.60
262.60
260.90
258.80
255.70
251.60
246.60
240.80
234.60
227.90
220.80
213.40
205.70
197.90
189.90
181.70
173.10
164.30
155.70
147.20
138.70
130.20
121.50
112.90
104.40
95.86
87.59
79.51
71.75
64.13
56.82
49.82
43.02
35.65
26.66
19.61
14.64
8.96
5.49
3.79
3.72
3.71
3.68
3.75
3.83
3.91
3.98
4.04
4.10
4.15
4.18
4.20
4.20
4.20
4.18
4.15
4.10
4.03
3.94
3.82
3.68
3.52
3.36
3.22
3.11
3.04
3.00
2.97
2.96
2.98
3.01
3.04
3.07
3.11
3.15
3.19
3.22
3.26
3.31
3.36
3.41
3.46
3.52
3.58
3.64
3.68
3.67
3.60
3.49
3.36
3.22
3.06
2.89
2.72
2.52
2.31
2.08
1.83
1.56
1.29
1.03
0.84
0.68
0.53
0.40
0.34
0.34
0.35
0.35
0.35
0.36
0.37
0.38
0.39
0.40
0.40
0.41
0.42
0.43
0.45
0.49
0.53
0.55
0.59
0.63
0.66
0.68
0.70
0.76
0.83
0.90
0.95
47.67
44.35
51.10
57.16
64.57
66.63
67.92
69.24
70.87
72.76
75.10
80.76
92.10
100.90
109.70
113.50
116.60
119.50
122.50
125.20
128.80
137.10
148.30
159.10
164.30
168.80
172.90
176.60
179.30
182.90
191.60
200.60
205.80
210.30
215.00
219.40
223.30
226.80
229.80
232.90
235.90
239.10
242.60
245.70
248.30
250.40
251.80
252.50
252.60
252.10
251.20
249.90
248.20
246.00
243.10
239.40
234.90
229.70
224.00
217.60
210.80
203.60
195.90
187.90
179.60
171.20
162.40
153.60
144.90
136.00
127.30
118.70
110.30
102.10
94.09
86.22
78.44
70.88
63.50
56.19
49.29
42.48
35.77
28.49
19.51
13.89
9.25
5.66
4.14
4.07
4.06
4.03
4.10
4.17
4.23
4.29
4.33
4.37
4.39
4.40
4.40
4.38
4.35
4.32
4.27
4.22
4.16
4.10
4.03
3.96
3.90
3.85
3.81
3.76
3.71
3.67
3.64
3.61
3.58
3.55
3.52
3.50
3.47
3.45
3.41
3.38
3.34
3.30
3.27
3.23
3.22
3.20
3.17
3.09
3.01
2.91
2.79
2.69
2.57
2.44
2.29
2.11
1.92
1.71
1.47
1.23
1.00
0.83
0.69
0.56
0.43
0.34
0.34
0.34
0.34
0.34
0.34
0.34
0.34
0.34
0.34
0.34
0.34
0.35
0.37
0.39
0.41
0.45
0.50
0.52
0.54
0.57
0.61
0.65
0.68
0.71
0.72
0.73
0.75
0.78
0.81
46.36
47.55
47.02
55.63
63.73
65.94
67.29
69.28
74.64
80.48
84.45
86.71
88.98
92.13
99.39
106.00
118.00
125.50
129.20
132.50
135.60
139.10
143.20
150.10
156.30
161.80
168.20
174.00
178.90
185.40
191.50
195.40
199.10
202.80
206.50
210.20
213.90
217.30
220.90
224.10
227.40
230.30
233.10
235.60
238.00
239.90
241.60
242.90
243.90
244.30
244.10
243.50
242.20
240.30
237.90
234.90
231.20
227.00
222.20
216.80
210.90
204.50
197.50
190.30
182.70
174.80
166.60
158.20
149.70
141.00
132.30
123.50
114.80
106.20
97.53
89.09
80.73
72.60
64.63
56.88
49.39
42.07
34.91
28.05
21.23
13.15
6.81
3.08
1.70
1.63
1.58
1.56
1.63
1.70
1.76
1.80
1.85
1.89
1.93
1.97
2.00
2.04
2.08
2.12
2.15
2.20
2.24
2.29
2.33
2.38
2.44
2.49
2.54
2.60
2.65
2.71
2.76
2.82
2.88
2.93
2.99
3.04
3.10
3.15
3.20
3.25
3.30
3.34
3.38
3.38
3.36
3.32
3.25
3.16
3.02
2.85
2.64
2.40
2.13
1.82
1.52
1.24
1.02
0.81
0.61
0.43
0.34
0.33
0.33
0.34
0.34
0.34
0.34
0.34
0.34
0.34
0.34
0.34
0.34
0.34
0.34
0.35
0.35
0.36
0.37
0.39
0.43
0.52
0.58
0.60
0.63
0.65
0.67
0.70
0.73
0.74
0.75
0.76
0.78
0.80
0.82
44.94
49.61
52.45
51.92
57.34
63.61
65.91
72.80
79.31
83.20
85.45
87.99
91.65
98.61
107.30
111.00
114.70
118.90
123.80
134.90
142.20
146.10
151.20
155.70
162.80
173.50
177.70
181.30
184.80
190.40
199.90
204.40
208.40
212.20
216.00
220.00
224.10
228.60
232.60
236.20
239.60
243.20
246.90
250.60
254.10
257.10
259.70
261.60
263.20
263.90
264.20
263.80
262.70
261.00
258.60
255.70
252.40
248.70
244.30
239.60
234.20
228.20
221.60
214.30
206.50
198.20
189.50
180.50
171.20
161.60
152.10
142.50
132.80
123.20
113.70
104.20
94.87
85.72
76.71
67.90
59.37
50.90
42.44
32.30
22.71
15.05
9.20
5.17
4.15
4.13
4.09
4.10
4.17
4.24
4.30
4.35
4.39
4.43
4.44
4.45
4.45
4.42
4.39
4.34
4.29
4.23
4.17
4.10
4.03
3.97
3.91
3.85
3.80
3.74
3.69
3.65
3.61
3.58
3.55
3.52
3.49
3.47
3.45
3.42
3.39
3.35
3.32
3.28
3.24
3.21
3.18
3.13
3.07
2.98
2.89
2.77
2.66
2.52
2.40
2.26
2.10
1.91
1.72
1.50
1.26
1.04
0.84
0.71
0.58
0.47
0.36
0.34
0.34
0.34
0.34
0.34
0.34
0.34
0.34
0.34
0.35
0.35
0.35
0.36
0.39
0.42
0.44
0.49
0.53
0.55
0.58
0.62
0.65
0.70
0.74
0.75
0.76
0.76
0.78
0.79
0.81
44.72
48.23
50.99
54.81
58.82
59.77
62.51
70.42
73.53
78.44
83.46
87.86
96.61
102.40
106.60
111.50
115.20
122.10
131.90
137.70
141.70
145.50
153.80
165.60
171.40
175.20
179.80
192.00
199.90
204.80
209.90
214.90
219.60
225.10
230.50
234.40
237.70
241.70
246.30
250.90
254.80
258.30
261.20
263.90
267.00
270.30
273.50
276.00
278.20
280.00
281.20
281.70
281.30
280.10
278.30
276.00
273.20
269.80
265.80
261.00
255.50
249.30
242.10
234.20
225.80
216.90
207.70
198.20
188.60
178.40
168.00
157.30
146.60
135.80
125.10
114.50
104.10
93.78
83.70
73.91
64.50
54.33
42.29
31.76
22.76
14.81
8.35
4.38
3.80
3.81
3.75
3.79
3.87
3.95
4.02
4.09
4.15
4.20
4.24
4.27
4.27
4.27
4.27
4.24
4.20
4.14
4.06
3.95
3.82
3.66
3.49
3.33
3.19
3.07
2.99
2.94
2.91
2.89
2.90
2.93
2.96
2.99
3.02
3.07
3.11
3.16
3.20
3.25
3.30
3.35
3.40
3.47
3.52
3.58
3.58
3.54
3.45
3.33
3.19
3.04
2.88
2.70
2.52
2.31
2.09
1.85
1.60
1.33
1.07
0.86
0.70
0.57
0.44
0.35
0.35
0.35
0.36
0.36
0.37
0.38
0.39
0.39
0.40
0.41
0.41
0.41
0.42
0.44
0.47
0.50
0.54
0.58
0.62
0.67
0.70
0.73
0.76
0.82
0.89
0.92
0.94
38.85
43.34
44.09
45.22
48.49
54.03
60.54
65.31
66.44
68.18
71.47
79.97
90.15
92.88
95.05
98.20
105.00
115.50
122.50
126.40
130.50
137.20
148.90
155.10
161.80
168.20
178.40
188.00
195.80
205.90
214.00
220.90
226.90
234.00
242.80
250.10
256.50
261.50
266.00
270.20
274.10
277.90
281.40
284.70
287.60
290.10
292.30
293.80
295.00
295.60
295.60
295.00
293.60
291.60
288.80
285.30
281.20
276.20
270.60
264.30
257.20
249.60
241.40
232.60
223.50
213.80
203.90
193.70
183.20
172.60
161.80
151.10
140.30
129.60
118.90
108.50
98.16
87.96
78.09
68.44
58.68
47.53
35.48
26.40
17.24
9.95
4.17
1.49
1.44
1.45
1.41
1.67
1.98
2.31
2.62
2.91
3.19
3.46
3.65
3.78
3.85
3.88
3.89
3.88
3.86
3.82
3.77
3.72
3.67
3.62
3.56
3.51
3.46
3.41
3.38
3.34
3.32
3.30
3.28
3.27
3.27
3.27
3.28
3.28
3.30
3.32
3.34
3.37
3.40
3.44
3.48
3.52
3.57
3.62
3.66
3.67
3.62
3.51
3.39
3.25
3.10
2.93
2.75
2.55
2.34
2.11
1.86
1.59
1.31
1.05
0.84
0.69
0.55
0.43
0.36
0.36
0.37
0.37
0.37
0.37
0.37
0.37
0.37
0.38
0.40
0.42
0.44
0.47
0.51
0.54
0.52
0.55
0.57
0.61
0.66
0.72
0.77
0.82
0.88
0.95
1.01
44.72
52.17
58.06
61.62
63.97
65.23
68.78
77.45
81.79
84.90
88.19
91.88
100.20
105.90
108.30
110.30
113.70
122.10
131.80
136.60
140.90
145.80
156.90
164.30
168.30
173.30
179.80
193.00
199.10
203.70
208.40
213.40
218.60
223.70
229.30
235.30
240.10
244.20
248.00
251.80
255.20
258.40
260.70
262.20
264.10
267.20
270.80
273.60
275.40
276.30
276.70
276.40
275.60
274.40
272.70
270.80
268.40
265.50
261.50
256.40
250.50
243.70
236.30
228.40
220.40
212.10
203.20
193.80
184.20
174.10
163.70
153.00
142.30
131.50
120.90
110.30
99.93
89.70
79.84
70.19
60.46
48.98
37.49
28.24
19.01
11.73
6.04
3.84
3.75
3.74
3.69
3.76
3.83
3.91
3.97
4.04
4.09
4.13
4.16
4.18
4.18
4.18
4.15
4.10
4.02
3.92
3.80
3.67
3.53
3.38
3.23
3.13
3.04
2.96
2.91
2.91
2.91
2.91
2.92
2.95
2.99
3.01
3.04
3.07
3.11
3.16
3.20
3.26
3.31
3.36
3.42
3.48
3.54
3.60
3.60
3.55
3.44
3.32
3.18
3.03
2.87
2.69
2.50
2.29
2.07
1.83
1.57
1.31
1.05
0.87
0.71
0.57
0.45
0.37
0.37
0.37
0.37
0.37
0.38
0.39
0.40
0.40
0.41
0.42
0.43
0.43
0.44
0.47
0.51
0.53
0.54
0.56
0.58
0.62
0.65
0.68
0.72
0.76
0.83
0.90
0.95
44.94
51.63
59.01
64.62
66.25
67.37
69.14
76.65
82.16
84.40
86.14
87.91
90.58
96.67
104.00
107.80
113.10
119.40
127.20
137.80
145.40
150.20
154.90
159.50
167.00
179.70
184.00
187.70
191.30
195.30
202.20
204.80
207.00
209.20
211.80
214.70
217.90
221.80
226.00
230.80
235.50
240.00
243.90
248.00
251.80
255.30
258.30
260.50
262.10
263.10
263.30
262.70
261.30
259.40
256.90
253.80
250.20
245.90
241.20
235.50
229.50
222.70
215.50
207.70
199.50
191.10
182.40
173.40
164.30
155.10
145.70
136.20
126.70
117.10
107.80
98.41
89.20
80.12
71.33
62.63
54.13
45.58
35.52
24.92
17.51
10.95
5.91
4.15
4.06
4.02
4.04
4.10
4.17
4.23
4.29
4.33
4.37
4.38
4.37
4.36
4.34
4.30
4.25
4.19
4.13
4.07
4.01
3.95
3.89
3.83
3.79
3.75
3.71
3.67
3.64
3.60
3.57
3.54
3.50
3.47
3.44
3.41
3.37
3.34
3.29
3.25
3.21
3.17
3.15
3.14
3.13
3.10
3.04
2.96
2.87
2.78
2.67
2.55
2.42
2.27
2.10
1.92
1.71
1.49
1.25
1.03
0.84
0.70
0.58
0.46
0.36
0.36
0.36
0.36
0.36
0.37
0.37
0.37
0.37
0.38
0.38
0.38
0.38
0.38
0.40
0.43
0.47
0.50
0.53
0.57
0.60
0.63
0.66
0.69
0.71
0.73
0.75
0.77
0.80
0.82
0.82
46.36
53.81
59.61
65.36
67.01
68.27
69.74
71.86
75.53
82.40
85.75
89.15
95.02
103.40
109.20
113.20
122.10
126.70
129.90
132.90
135.90
139.00
142.90
151.90
160.90
167.20
171.00
174.80
179.60
188.30
193.40
197.30
201.00
204.70
208.30
211.90
215.40
218.80
222.10
225.30
228.40
231.20
233.90
236.20
238.30
240.00
241.40
242.20
242.70
242.70
242.20
241.10
239.20
236.90
233.90
230.30
226.10
221.40
216.10
210.30
203.90
197.20
190.00
182.40
174.50
166.20
157.90
149.30
140.70
132.00
123.30
114.60
106.00
97.31
88.84
80.53
72.43
64.45
56.76
49.38
41.99
34.79
27.77
20.26
11.11
6.28
2.53
1.61
1.59
1.54
1.57
1.66
1.73
1.79
1.84
1.90
1.95
1.99
2.04
2.08
2.12
2.16
2.20
2.25
2.28
2.32
2.36
2.41
2.45
2.50
2.55
2.60
2.64
2.69
2.74
2.79
2.84
2.89
2.94
2.99
3.04
3.09
3.14
3.19
3.23
3.28
3.31
3.34
3.35
3.35
3.30
3.22
3.11
2.96
2.78
2.57
2.32
2.03
1.73
1.45
1.18
0.97
0.76
0.58
0.45
0.36
0.35
0.35
0.35
0.35
0.35
0.35
0.35
0.35
0.35
0.35
0.35
0.35
0.36
0.36
0.36
0.36
0.37
0.38
0.39
0.39
0.43
0.54
0.62
0.66
0.67
0.68
0.70
0.72
0.73
0.73
0.74
0.75
0.78
0.81
0.82
47.67
52.50
57.32
64.84
66.84
68.30
69.87
71.56
73.60
77.12
88.28
98.91
105.70
111.50
114.90
117.70
120.40
123.00
125.70
129.90
142.30
150.60
158.10
162.90
166.90
170.80
174.50
178.20
184.50
197.80
202.20
206.30
210.70
214.90
219.10
222.50
225.70
228.90
232.10
235.80
239.60
243.50
247.10
249.90
252.00
253.40
254.30
254.50
254.10
253.40
251.80
249.60
246.70
243.10
239.00
234.30
228.90
223.00
216.60
209.70
202.40
194.70
186.70
178.50
169.90
161.20
152.40
143.50
134.70
126.00
117.40
109.00
100.80
92.71
84.87
77.21
69.76
62.48
55.32
48.43
41.52
33.96
24.10
17.62
12.88
7.77
4.81
4.00
4.00
3.97
4.02
4.09
4.16
4.22
4.27
4.31
4.34
4.34
4.34
4.32
4.29
4.25
4.20
4.14
4.08
4.02
3.95
3.89
3.84
3.79
3.74
3.70
3.66
3.62
3.59
3.56
3.53
3.50
3.48
3.45
3.43
3.40
3.38
3.35
3.31
3.27
3.23
3.20
3.16
3.13
3.10
3.04
2.96
2.87
2.76
2.64
2.51
2.39
2.25
2.10
1.92
1.73
1.51
1.28
1.06
0.87
0.72
0.59
0.47
0.39
0.35
0.35
0.35
0.36
0.36
0.36
0.37
0.37
0.37
0.38
0.38
0.38
0.38
0.38
0.40
0.44
0.49
0.52
0.56
0.61
0.63
0.67
0.71
0.74
0.77
0.78
0.80
0.80
0.82
0.84
0.82
50.04
53.24
55.66
62.09
66.62
69.53
71.00
72.91
74.56
84.76
94.27
100.30
103.20
106.10
108.50
111.00
113.90
118.10
134.80
142.00
146.00
150.60
154.20
156.80
160.10
167.40
189.80
200.80
206.10
210.90
215.70
220.30
224.70
229.00
233.10
236.80
240.20
243.30
245.70
247.00
247.90
250.80
255.10
258.80
261.40
263.60
265.50
266.50
266.00
264.40
261.80
258.30
254.20
249.60
244.10
238.30
231.80
224.80
217.50
209.90
202.10
194.20
186.30
178.30
170.20
161.70
153.20
144.40
135.50
126.70
117.90
109.20
100.70
92.33
84.16
76.25
68.58
61.09
54.01
46.94
38.70
28.58
22.40
17.08
10.75
6.91
3.98
3.66
3.67
3.64
3.69
3.77
3.84
3.91
3.98
4.03
4.08
4.12
4.14
4.15
4.15
4.15
4.12
4.06
3.99
3.89
3.77
3.63
3.48
3.31
3.17
3.05
2.97
2.91
2.87
2.85
2.85
2.86
2.87
2.91
2.94
2.98
3.02
3.06
3.10
3.15
3.20
3.25
3.30
3.36
3.42
3.48
3.54
3.56
3.53
3.42
3.30
3.17
3.02
2.85
2.69
2.50
2.30
2.08
1.85
1.59
1.33
1.07
0.86
0.72
0.58
0.45
0.37
0.36
0.36
0.36
0.37
0.38
0.39
0.40
0.41
0.41
0.42
0.43
0.43
0.43
0.44
0.48
0.51
0.52
0.55
0.59
0.63
0.66
0.69
0.72
0.75
0.80
0.88
0.95
0.96
50.37
53.09
56.49
59.90
64.08
65.29
65.52
66.43
69.26
84.27
88.93
91.75
94.59
96.95
100.40
105.50
109.70
117.50
133.90
138.20
142.10
145.40
148.10
151.80
158.70
179.00
196.60
201.80
206.80
211.70
216.40
221.40
227.20
235.90
246.10
251.40
255.70
259.60
263.10
266.40
269.40
271.80
273.80
275.30
276.30
276.50
276.30
275.30
273.60
271.10
268.00
263.90
259.40
254.20
248.30
241.80
235.00
227.40
219.50
211.30
202.60
193.90
184.90
175.90
166.80
157.60
148.60
139.50
130.60
121.70
113.00
104.60
96.15
87.88
79.98
72.22
64.72
57.45
50.43
42.92
34.09
24.80
19.26
13.82
7.95
3.90
1.36
1.21
1.30
1.29
1.59
1.82
2.11
2.46
2.80
3.14
3.42
3.60
3.71
3.79
3.83
3.83
3.82
3.79
3.76
3.72
3.67
3.62
3.57
3.51
3.46
3.41
3.37
3.33
3.30
3.28
3.26
3.24
3.24
3.24
3.24
3.24
3.26
3.27
3.28
3.31
3.34
3.37
3.40
3.44
3.48
3.53
3.58
3.63
3.63
3.60
3.50
3.37
3.23
3.08
2.92
2.75
2.56
2.35
2.14
1.89
1.63
1.35
1.09
0.86
0.71
0.57
0.44
0.36
0.37
0.37
0.37
0.38
0.38
0.38
0.38
0.39
0.41
0.43
0.45
0.48
0.49
0.53
0.55
0.54
0.55
0.56
0.58
0.60
0.67
0.74
0.80
0.87
0.94
0.98
0.97
50.04
53.24
55.66
62.09
66.62
69.53
71.00
72.91
74.56
84.76
94.27
100.30
103.20
106.10
108.50
111.00
113.90
118.10
134.80
142.00
146.00
150.60
154.20
156.80
160.10
167.40
189.80
200.80
206.10
210.90
215.70
220.30
224.70
229.00
233.10
236.80
240.20
243.30
245.70
247.00
247.90
250.80
255.10
258.80
261.40
263.60
265.50
266.50
266.00
264.40
261.80
258.30
254.20
249.60
244.10
238.30
231.80
224.80
217.50
209.90
202.10
194.20
186.30
178.30
170.20
161.70
153.20
144.40
135.50
126.70
117.90
109.20
100.70
92.33
84.16
76.25
68.58
61.09
54.01
46.94
38.70
28.58
22.40
17.08
10.75
6.91
3.98
3.66
3.67
3.64
3.69
3.77
3.84
3.91
3.98
4.03
4.08
4.12
4.14
4.15
4.15
4.15
4.12
4.06
3.99
3.89
3.77
3.63
3.48
3.31
3.17
3.05
2.97
2.91
2.87
2.85
2.85
2.86
2.87
2.91
2.94
2.98
3.02
3.06
3.10
3.15
3.20
3.25
3.30
3.36
3.42
3.48
3.54
3.56
3.53
3.42
3.30
3.17
3.02
2.85
2.69
2.50
2.30
2.08
1.85
1.59
1.33
1.07
0.86
0.72
0.58
0.45
0.37
0.36
0.36
0.36
0.37
0.38
0.39
0.40
0.41
0.41
0.42
0.43
0.43
0.43
0.44
0.48
0.51
0.52
0.55
0.59
0.63
0.66
0.69
0.72
0.75
0.80
0.88
0.95
0.96
47.67
52.50
57.32
64.84
66.84
68.30
69.87
71.56
73.60
77.12
88.28
98.91
105.70
111.50
114.90
117.70
120.40
123.00
125.70
129.90
142.30
150.60
158.10
162.90
166.90
170.80
174.50
178.20
184.50
197.80
202.20
206.30
210.70
214.90
219.10
222.50
225.70
228.90
232.10
235.80
239.60
243.50
247.10
249.90
252.00
253.40
254.30
254.50
254.10
253.40
251.80
249.60
246.70
243.10
239.00
234.30
228.90
223.00
216.60
209.70
202.40
194.70
186.70
178.50
169.90
161.20
152.40
143.50
134.70
126.00
117.40
109.00
100.80
92.71
84.87
77.21
69.76
62.48
55.32
48.43
41.52
33.96
24.10
17.62
12.88
7.77
4.81
4.00
4.00
3.97
4.02
4.09
4.16
4.22
4.27
4.31
4.34
4.34
4.34
4.32
4.29
4.25
4.20
4.14
4.08
4.02
3.95
3.89
3.84
3.79
3.74
3.70
3.66
3.62
3.59
3.56
3.53
3.50
3.48
3.45
3.43
3.40
3.38
3.35
3.31
3.27
3.23
3.20
3.16
3.13
3.10
3.04
2.96
2.87
2.76
2.64
2.51
2.39
2.25
2.10
1.92
1.73
1.51
1.28
1.06
0.87
0.72
0.59
0.47
0.39
0.35
0.35
0.35
0.36
0.36
0.36
0.37
0.37
0.37
0.38
0.38
0.38
0.38
0.38
0.40
0.44
0.49
0.52
0.56
0.61
0.63
0.67
0.71
0.74
0.77
0.78
0.80
0.80
0.82
0.84
0.82
46.36
53.81
59.61
65.36
67.01
68.27
69.74
71.86
75.53
82.40
85.75
89.15
95.02
103.40
109.20
113.20
122.10
126.70
129.90
132.90
135.90
139.00
142.90
151.90
160.90
167.20
171.00
174.80
179.60
188.30
193.40
197.30
201.00
204.70
208.30
211.90
215.40
218.80
222.10
225.30
228.40
231.20
233.90
236.20
238.30
240.00
241.40
242.20
242.70
242.70
242.20
241.10
239.20
236.90
233.90
230.30
226.10
221.40
216.10
210.30
203.90
197.20
190.00
182.40
174.50
166.20
157.90
149.30
140.70
132.00
123.30
114.60
106.00
97.31
88.84
80.53
72.43
64.45
56.76
49.38
41.99
34.79
27.77
20.26
11.11
6.28
2.53
1.61
1.59
1.54
1.57
1.66
1.73
1.79
1.84
1.90
1.95
1.99
2.04
2.08
2.12
2.16
2.20
2.25
2.28
2.32
2.36
2.41
2.45
2.50
2.55
2.60
2.64
2.69
2.74
2.79
2.84
2.89
2.94
2.99
3.04
3.09
3.14
3.19
3.23
3.28
3.31
3.34
3.35
3.35
3.30
3.22
3.11
2.96
2.78
2.57
2.32
2.03
1.73
1.45
1.18
0.97
0.76
0.58
0.45
0.36
0.35
0.35
0.35
0.35
0.35
0.35
0.35
0.35
0.35
0.35
0.35
0.35
0.36
0.36
0.36
0.36
0.37
0.38
0.39
0.39
0.43
0.54
0.62
0.66
0.67
0.68
0.70
0.72
0.73
0.73
0.74
0.75
0.78
0.81
0.82
44.94
51.63
59.01
64.62
66.25
67.37
69.14
76.65
82.16
84.40
86.14
87.91
90.58
96.67
104.00
107.80
113.10
119.40
127.20
137.80
145.40
150.20
154.90
159.50
167.00
179.70
184.00
187.70
191.30
195.30
202.20
204.80
207.00
209.20
211.80
214.70
217.90
221.80
226.00
230.80
235.50
240.00
243.90
248.00
251.80
255.30
258.30
260.50
262.10
263.10
263.30
262.70
261.30
259.40
256.90
253.80
250.20
245.90
241.20
235.50
229.50
222.70
215.50
207.70
199.50
191.10
182.40
173.40
164.30
155.10
145.70
136.20
126.70
117.10
107.80
98.41
89.20
80.12
71.33
62.63
54.13
45.58
35.52
24.92
17.51
10.95
5.91
4.15
4.06
4.02
4.04
4.10
4.17
4.23
4.29
4.33
4.37
4.38
4.37
4.36
4.34
4.30
4.25
4.19
4.13
4.07
4.01
3.95
3.89
3.83
3.79
3.75
3.71
3.67
3.64
3.60
3.57
3.54
3.50
3.47
3.44
3.41
3.37
3.34
3.29
3.25
3.21
3.17
3.15
3.14
3.13
3.10
3.04
2.96
2.87
2.78
2.67
2.55
2.42
2.27
2.10
1.92
1.71
1.49
1.25
1.03
0.84
0.70
0.58
0.46
0.36
0.36
0.36
0.36
0.36
0.37
0.37
0.37
0.37
0.38
0.38
0.38
0.38
0.38
0.40
0.43
0.47
0.50
0.53
0.57
0.60
0.63
0.66
0.69
0.71
0.73
0.75
0.77
0.80
0.82
0.82
44.72
52.17
58.06
61.62
63.97
65.23
68.78
77.45
81.79
84.90
88.19
91.88
100.20
105.90
108.30
110.30
113.70
122.10
131.80
136.60
140.90
145.80
156.90
164.30
168.30
173.30
179.80
193.00
199.10
203.70
208.40
213.40
218.60
223.70
229.30
235.30
240.10
244.20
248.00
251.80
255.20
258.40
260.70
262.20
264.10
267.20
270.80
273.60
275.40
276.30
276.70
276.40
275.60
274.40
272.70
270.80
268.40
265.50
261.50
256.40
250.50
243.70
236.30
228.40
220.40
212.10
203.20
193.80
184.20
174.10
163.70
153.00
142.30
131.50
120.90
110.30
99.93
89.70
79.84
70.19
60.46
48.98
37.49
28.24
19.01
11.73
6.04
3.84
3.75
3.74
3.69
3.76
3.83
3.91
3.97
4.04
4.09
4.13
4.16
4.18
4.18
4.18
4.15
4.10
4.02
3.92
3.80
3.67
3.53
3.38
3.23
3.13
3.04
2.96
2.91
2.91
2.91
2.91
2.92
2.95
2.99
3.01
3.04
3.07
3.11
3.16
3.20
3.26
3.31
3.36
3.42
3.48
3.54
3.60
3.60
3.55
3.44
3.32
3.18
3.03
2.87
2.69
2.50
2.29
2.07
1.83
1.57
1.31
1.05
0.87
0.71
0.57
0.45
0.37
0.37
0.37
0.37
0.37
0.38
0.39
0.40
0.40
0.41
0.42
0.43
0.43
0.44
0.47
0.51
0.53
0.54
0.56
0.58
0.62
0.65
0.68
0.72
0.76
0.83
0.90
0.95
