SALVI
1
0
24
15.0
181
1.0
25010 WALK Y50 350mA 3000K F1M6 PMMA S
25010 WALK Y50 3000K F1M6 PMMA S
25010 WALK Y50 3000K F1M6 PMMA S
WALK-Y50-3000K-F1M6-PMMA-S.ldt
30-1-2025/TB
430
430
110
240
0
0
0
0
0
98.20
100.00
1.00
0.00
1
1
24LED Y50
6083.00
3000
70
49.80
0.20
0.29
0.38
0.46
0.52
0.62
0.67
0.72
0.78
0.82
0.00
15.00
30.00
45.00
60.00
75.00
90.00
105.00
120.00
135.00
150.00
165.00
180.00
195.00
210.00
225.00
240.00
255.00
270.00
285.00
300.00
315.00
330.00
345.00
0.00
1.00
2.00
3.00
4.00
5.00
6.00
7.00
8.00
9.00
10.00
11.00
12.00
13.00
14.00
15.00
16.00
17.00
18.00
19.00
20.00
21.00
22.00
23.00
24.00
25.00
26.00
27.00
28.00
29.00
30.00
31.00
32.00
33.00
34.00
35.00
36.00
37.00
38.00
39.00
40.00
41.00
42.00
43.00
44.00
45.00
46.00
47.00
48.00
49.00
50.00
51.00
52.00
53.00
54.00
55.00
56.00
57.00
58.00
59.00
60.00
61.00
62.00
63.00
64.00
65.00
66.00
67.00
68.00
69.00
70.00
71.00
72.00
73.00
74.00
75.00
76.00
77.00
78.00
79.00
80.00
81.00
82.00
83.00
84.00
85.00
86.00
87.00
88.00
89.00
90.00
91.00
92.00
93.00
94.00
95.00
96.00
97.00
98.00
99.00
100.00
101.00
102.00
103.00
104.00
105.00
106.00
107.00
108.00
109.00
110.00
111.00
112.00
113.00
114.00
115.00
116.00
117.00
118.00
119.00
120.00
121.00
122.00
123.00
124.00
125.00
126.00
127.00
128.00
129.00
130.00
131.00
132.00
133.00
134.00
135.00
136.00
137.00
138.00
139.00
140.00
141.00
142.00
143.00
144.00
145.00
146.00
147.00
148.00
149.00
150.00
151.00
152.00
153.00
154.00
155.00
156.00
157.00
158.00
159.00
160.00
161.00
162.00
163.00
164.00
165.00
166.00
167.00
168.00
169.00
170.00
171.00
172.00
173.00
174.00
175.00
176.00
177.00
178.00
179.00
180.00
27.19
33.78
34.20
35.28
38.13
45.64
52.31
55.88
56.93
58.16
60.60
68.68
79.29
81.01
82.57
84.76
90.33
100.00
105.90
108.30
111.00
114.70
124.90
128.20
133.30
137.50
144.70
152.30
156.10
162.80
168.90
174.50
179.40
185.80
195.30
204.90
215.10
224.80
234.60
244.80
255.20
265.60
275.90
286.10
296.00
305.90
315.60
325.70
336.10
346.80
358.10
369.80
382.10
394.90
407.90
420.90
434.00
446.20
458.30
469.20
478.20
484.20
487.50
487.60
484.30
477.60
467.80
451.30
428.50
400.80
370.40
335.00
288.60
228.70
167.60
123.80
85.92
62.48
47.18
33.55
23.54
16.35
11.24
7.72
5.05
3.14
1.81
1.12
1.20
1.27
1.35
1.67
1.93
2.24
2.56
2.86
3.18
3.48
3.71
3.86
3.95
4.02
4.05
4.06
4.05
4.04
4.01
3.96
3.91
3.85
3.79
3.74
3.68
3.63
3.58
3.54
3.50
3.47
3.45
3.43
3.42
3.42
3.42
3.42
3.43
3.44
3.46
3.49
3.52
3.55
3.59
3.63
3.68
3.73
3.78
3.78
3.73
3.63
3.50
3.36
3.20
3.04
2.85
2.65
2.44
2.21
1.96
1.69
1.40
1.14
0.93
0.77
0.62
0.49
0.42
0.42
0.42
0.42
0.42
0.42
0.42
0.42
0.42
0.43
0.45
0.48
0.51
0.54
0.58
0.61
0.60
0.62
0.64
0.66
0.69
0.72
0.76
0.80
0.85
0.91
0.98
33.06
39.58
41.86
46.46
51.56
52.68
56.11
64.24
67.61
73.46
78.55
82.49
91.80
97.89
102.30
106.50
109.60
115.10
127.00
133.10
136.50
139.80
146.90
161.00
167.90
174.80
182.20
199.40
213.20
223.40
235.50
249.10
264.10
281.00
299.90
319.50
339.00
358.80
379.80
401.50
423.90
445.20
464.60
482.70
500.50
518.70
536.60
553.10
568.10
581.70
593.00
603.00
611.30
616.70
620.90
624.30
627.80
630.60
633.70
637.80
641.80
645.00
647.50
647.40
644.80
635.40
620.00
601.10
577.80
544.60
496.90
445.80
390.80
336.10
283.80
233.70
188.60
147.90
115.60
89.08
67.16
49.51
32.06
19.05
11.31
7.15
4.65
3.16
2.93
2.96
2.99
3.04
3.11
3.17
3.23
3.30
3.36
3.41
3.46
3.51
3.55
3.58
3.60
3.60
3.60
3.57
3.52
3.44
3.30
3.15
2.97
2.80
2.65
2.53
2.47
2.48
2.48
2.50
2.56
2.64
2.72
2.79
2.87
2.96
3.03
3.09
3.14
3.20
3.26
3.32
3.39
3.46
3.53
3.60
3.61
3.57
3.47
3.35
3.21
3.06
2.89
2.71
2.52
2.30
2.08
1.84
1.59
1.32
1.06
0.84
0.69
0.55
0.42
0.33
0.33
0.34
0.34
0.34
0.34
0.35
0.36
0.36
0.37
0.37
0.38
0.38
0.39
0.42
0.46
0.49
0.52
0.55
0.58
0.61
0.64
0.67
0.71
0.79
0.88
0.93
0.97
33.36
40.71
44.06
44.14
51.60
59.10
61.47
69.60
78.21
83.08
85.64
88.40
91.84
101.40
111.00
115.60
120.50
126.80
134.70
151.50
165.80
175.80
187.60
200.10
219.40
250.70
269.90
290.10
312.30
340.50
380.40
408.30
435.70
461.30
485.50
507.50
527.90
545.50
559.80
570.70
580.10
587.00
591.70
593.60
593.50
591.90
589.10
586.40
583.10
578.70
572.60
565.50
557.60
550.50
544.90
540.50
538.10
536.30
534.80
532.50
529.30
523.10
511.10
488.40
447.70
389.90
320.70
254.40
205.40
170.80
145.20
124.40
106.40
92.19
80.50
70.66
61.69
53.45
46.20
38.77
32.94
26.98
20.29
14.26
9.29
5.63
3.98
3.01
2.72
2.72
2.74
2.80
2.85
2.90
2.95
3.00
3.05
3.09
3.13
3.17
3.20
3.22
3.24
3.26
3.28
3.30
3.31
3.33
3.34
3.35
3.37
3.39
3.41
3.43
3.44
3.46
3.47
3.49
3.50
3.50
3.50
3.50
3.49
3.47
3.43
3.38
3.32
3.24
3.16
3.08
3.01
2.93
2.85
2.76
2.67
2.56
2.45
2.32
2.21
2.09
1.94
1.77
1.59
1.38
1.15
0.93
0.74
0.62
0.49
0.37
0.27
0.26
0.26
0.26
0.26
0.26
0.26
0.26
0.27
0.27
0.28
0.29
0.29
0.30
0.31
0.33
0.36
0.40
0.42
0.44
0.47
0.51
0.55
0.60
0.63
0.67
0.70
0.73
0.76
0.79
0.83
35.13
37.73
38.03
49.06
60.03
63.13
65.41
68.08
75.56
82.27
88.60
92.28
96.17
101.30
112.70
123.60
144.10
162.70
175.40
189.60
205.70
224.50
247.80
278.50
314.00
345.70
375.70
403.90
426.70
453.20
475.50
487.40
496.00
502.20
505.00
506.60
505.30
501.60
496.70
490.50
483.80
477.10
470.50
463.90
457.30
450.00
441.50
431.50
419.90
407.00
393.90
380.80
366.90
351.20
331.60
304.10
267.50
227.30
190.20
161.10
145.10
133.60
123.60
114.80
107.40
100.50
94.09
88.10
82.28
76.73
71.41
67.71
62.42
51.11
45.76
39.15
35.25
31.26
26.87
23.14
18.99
14.74
11.16
8.31
5.85
3.82
2.52
1.72
1.40
1.41
1.43
1.48
1.56
1.63
1.68
1.73
1.78
1.83
1.88
1.93
1.98
2.02
2.07
2.12
2.17
2.22
2.27
2.33
2.38
2.44
2.49
2.55
2.61
2.67
2.73
2.78
2.85
2.90
2.96
3.02
3.08
3.14
3.20
3.26
3.32
3.37
3.43
3.48
3.52
3.54
3.54
3.53
3.48
3.41
3.30
3.14
2.94
2.69
2.38
2.03
1.66
1.32
1.05
0.79
0.55
0.32
0.20
0.20
0.20
0.20
0.21
0.21
0.21
0.22
0.22
0.22
0.23
0.23
0.24
0.24
0.25
0.26
0.27
0.28
0.31
0.33
0.35
0.38
0.41
0.45
0.49
0.51
0.54
0.59
0.63
0.67
0.70
0.74
0.77
0.81
0.85
37.40
34.77
43.94
51.52
62.12
65.30
67.66
70.01
72.57
75.55
79.59
93.86
111.40
130.40
144.90
157.10
170.60
185.50
203.00
224.70
253.00
298.10
347.80
391.70
417.90
429.80
439.10
446.90
451.70
458.20
472.00
489.70
494.90
493.40
485.40
475.30
464.90
455.30
445.90
437.10
427.70
417.60
406.70
394.40
380.40
364.90
347.10
326.10
300.60
265.20
234.70
217.10
206.30
195.80
185.90
176.50
167.80
160.00
152.60
145.60
139.10
133.30
127.30
121.40
115.50
109.70
104.10
99.54
95.72
89.41
74.79
63.68
59.13
54.87
50.66
46.45
41.48
36.76
31.59
25.15
18.90
14.65
11.72
9.02
6.58
4.89
3.73
2.91
2.53
2.51
2.51
2.53
2.58
2.62
2.66
2.71
2.74
2.78
2.81
2.83
2.86
2.88
2.89
2.91
2.92
2.93
2.94
2.95
2.96
2.97
3.00
3.04
3.07
3.10
3.13
3.15
3.18
3.20
3.23
3.26
3.29
3.32
3.35
3.38
3.41
3.44
3.47
3.49
3.52
3.54
3.58
3.61
3.63
3.62
3.59
3.54
3.47
3.39
3.30
3.18
3.01
2.80
2.55
2.25
1.91
1.54
1.17
0.89
0.68
0.50
0.32
0.20
0.19
0.19
0.19
0.19
0.20
0.20
0.21
0.21
0.22
0.23
0.24
0.25
0.27
0.28
0.31
0.36
0.40
0.40
0.44
0.47
0.50
0.56
0.61
0.65
0.69
0.72
0.76
0.80
0.85
40.86
31.92
44.11
47.94
56.11
64.71
68.04
72.29
74.45
77.54
84.58
103.80
119.50
131.90
144.80
158.60
174.20
193.10
218.20
260.10
325.60
373.40
387.40
397.60
410.40
422.00
427.40
442.90
474.60
499.30
502.90
499.10
492.90
485.80
479.60
470.20
458.80
447.90
436.20
422.80
409.90
398.20
385.70
368.00
343.50
308.20
272.20
251.70
238.90
227.70
218.20
209.70
201.40
194.30
188.20
182.30
176.40
170.60
165.30
160.30
155.40
150.50
146.00
141.00
135.80
131.70
128.10
123.60
110.50
96.83
83.23
77.41
71.75
66.39
61.02
55.18
49.48
44.24
38.46
32.82
25.39
19.62
16.13
10.44
7.01
5.32
4.04
3.11
2.56
2.53
2.53
2.55
2.60
2.65
2.70
2.74
2.79
2.83
2.87
2.91
2.94
2.97
2.99
3.01
3.02
3.02
3.01
3.01
2.99
2.96
2.93
2.91
2.90
2.90
2.91
2.93
2.96
2.99
3.03
3.09
3.14
3.20
3.26
3.33
3.39
3.45
3.53
3.62
3.70
3.77
3.85
3.93
4.01
4.10
4.17
4.20
4.18
4.13
4.06
3.97
3.86
3.72
3.56
3.35
3.09
2.78
2.43
2.04
1.61
1.20
0.92
0.69
0.48
0.29
0.21
0.22
0.22
0.23
0.24
0.24
0.25
0.26
0.27
0.29
0.30
0.31
0.32
0.33
0.38
0.44
0.45
0.48
0.53
0.59
0.63
0.67
0.72
0.77
0.82
0.88
0.94
41.66
32.71
46.48
50.23
54.40
63.11
68.79
69.89
71.50
75.35
92.17
109.20
118.80
128.10
139.50
157.10
173.40
196.60
231.30
296.40
352.90
370.10
382.30
393.30
401.00
405.90
420.90
469.70
505.50
508.80
505.60
497.50
489.00
485.10
481.10
473.10
467.80
465.10
457.00
446.50
432.40
415.30
394.00
364.90
324.90
288.90
268.40
254.70
243.20
232.50
222.20
212.80
205.10
198.60
192.40
186.80
181.20
175.70
171.50
167.10
161.70
155.80
150.30
145.10
140.00
136.40
132.80
122.90
104.40
89.53
83.41
77.40
71.59
66.15
60.34
54.37
46.88
39.39
31.98
21.26
15.42
12.46
9.60
7.23
5.46
4.11
2.94
2.02
1.55
1.58
1.58
1.69
1.80
1.92
2.07
2.24
2.42
2.57
2.67
2.76
2.83
2.88
2.93
2.97
3.00
3.02
3.05
3.07
3.10
3.12
3.14
3.16
3.18
3.20
3.23
3.26
3.28
3.32
3.35
3.39
3.43
3.47
3.51
3.56
3.60
3.66
3.71
3.76
3.81
3.86
3.92
3.99
4.05
4.11
4.18
4.23
4.29
4.28
4.23
4.15
4.06
3.95
3.80
3.62
3.39
3.12
2.81
2.45
2.02
1.59
1.15
0.88
0.65
0.45
0.26
0.23
0.23
0.23
0.23
0.25
0.25
0.25
0.26
0.28
0.29
0.31
0.33
0.35
0.39
0.46
0.47
0.48
0.53
0.58
0.62
0.67
0.73
0.80
0.86
0.94
1.04
40.86
31.92
44.11
47.94
56.11
64.71
68.04
72.29
74.45
77.54
84.58
103.80
119.50
131.90
144.80
158.60
174.20
193.10
218.20
260.10
325.60
373.40
387.40
397.60
410.40
422.00
427.40
442.90
474.60
499.30
502.90
499.10
492.90
485.80
479.60
470.20
458.80
447.90
436.20
422.80
409.90
398.20
385.70
368.00
343.50
308.20
272.20
251.70
238.90
227.70
218.20
209.70
201.40
194.30
188.20
182.30
176.40
170.60
165.30
160.30
155.40
150.50
146.00
141.00
135.80
131.70
128.10
123.60
110.50
96.83
83.23
77.41
71.75
66.39
61.02
55.18
49.48
44.24
38.46
32.82
25.39
19.62
16.13
10.44
7.01
5.32
4.04
3.11
2.56
2.53
2.53
2.55
2.60
2.65
2.70
2.74
2.79
2.83
2.87
2.91
2.94
2.97
2.99
3.01
3.02
3.02
3.01
3.01
2.99
2.96
2.93
2.91
2.90
2.90
2.91
2.93
2.96
2.99
3.03
3.09
3.14
3.20
3.26
3.33
3.39
3.45
3.53
3.62
3.70
3.77
3.85
3.93
4.01
4.10
4.17
4.20
4.18
4.13
4.06
3.97
3.86
3.72
3.56
3.35
3.09
2.78
2.43
2.04
1.61
1.20
0.92
0.69
0.48
0.29
0.21
0.22
0.22
0.23
0.24
0.24
0.25
0.26
0.27
0.29
0.30
0.31
0.32
0.33
0.38
0.44
0.45
0.48
0.53
0.59
0.63
0.67
0.72
0.77
0.82
0.88
0.94
37.40
34.77
43.94
51.52
62.12
65.30
67.66
70.01
72.57
75.55
79.59
93.86
111.40
130.40
144.90
157.10
170.60
185.50
203.00
224.70
253.00
298.10
347.80
391.70
417.90
429.80
439.10
446.90
451.70
458.20
472.00
489.70
494.90
493.40
485.40
475.30
464.90
455.30
445.90
437.10
427.70
417.60
406.70
394.40
380.40
364.90
347.10
326.10
300.60
265.20
234.70
217.10
206.30
195.80
185.90
176.50
167.80
160.00
152.60
145.60
139.10
133.30
127.30
121.40
115.50
109.70
104.10
99.54
95.72
89.41
74.79
63.68
59.13
54.87
50.66
46.45
41.48
36.76
31.59
25.15
18.90
14.65
11.72
9.02
6.58
4.89
3.73
2.91
2.53
2.51
2.51
2.53
2.58
2.62
2.66
2.71
2.74
2.78
2.81
2.83
2.86
2.88
2.89
2.91
2.92
2.93
2.94
2.95
2.96
2.97
3.00
3.04
3.07
3.10
3.13
3.15
3.18
3.20
3.23
3.26
3.29
3.32
3.35
3.38
3.41
3.44
3.47
3.49
3.52
3.54
3.58
3.61
3.63
3.62
3.59
3.54
3.47
3.39
3.30
3.18
3.01
2.80
2.55
2.25
1.91
1.54
1.17
0.89
0.68
0.50
0.32
0.20
0.19
0.19
0.19
0.19
0.20
0.20
0.21
0.21
0.22
0.23
0.24
0.25
0.27
0.28
0.31
0.36
0.40
0.40
0.44
0.47
0.50
0.56
0.61
0.65
0.69
0.72
0.76
0.80
0.85
35.13
37.73
38.03
49.06
60.03
63.13
65.41
68.08
75.56
82.27
88.60
92.28
96.17
101.30
112.70
123.60
144.10
162.70
175.40
189.60
205.70
224.50
247.80
278.50
314.00
345.70
375.70
403.90
426.70
453.20
475.50
487.40
496.00
502.20
505.00
506.60
505.30
501.60
496.70
490.50
483.80
477.10
470.50
463.90
457.30
450.00
441.50
431.50
419.90
407.00
393.90
380.80
366.90
351.20
331.60
304.10
267.50
227.30
190.20
161.10
145.10
133.60
123.60
114.80
107.40
100.50
94.09
88.10
82.28
76.73
71.41
67.71
62.42
51.11
45.76
39.15
35.25
31.26
26.87
23.14
18.99
14.74
11.16
8.31
5.85
3.82
2.52
1.72
1.40
1.41
1.43
1.48
1.56
1.63
1.68
1.73
1.78
1.83
1.88
1.93
1.98
2.02
2.07
2.12
2.17
2.22
2.27
2.33
2.38
2.44
2.49
2.55
2.61
2.67
2.73
2.78
2.85
2.90
2.96
3.02
3.08
3.14
3.20
3.26
3.32
3.37
3.43
3.48
3.52
3.54
3.54
3.53
3.48
3.41
3.30
3.14
2.94
2.69
2.38
2.03
1.66
1.32
1.05
0.79
0.55
0.32
0.20
0.20
0.20
0.20
0.21
0.21
0.21
0.22
0.22
0.22
0.23
0.23
0.24
0.24
0.25
0.26
0.27
0.28
0.31
0.33
0.35
0.38
0.41
0.45
0.49
0.51
0.54
0.59
0.63
0.67
0.70
0.74
0.77
0.81
0.85
33.36
40.71
44.06
44.14
51.60
59.10
61.47
69.60
78.21
83.08
85.64
88.40
91.84
101.40
111.00
115.60
120.50
126.80
134.70
151.50
165.80
175.80
187.60
200.10
219.40
250.70
269.90
290.10
312.30
340.50
380.40
408.30
435.70
461.30
485.50
507.50
527.90
545.50
559.80
570.70
580.10
587.00
591.70
593.60
593.50
591.90
589.10
586.40
583.10
578.70
572.60
565.50
557.60
550.50
544.90
540.50
538.10
536.30
534.80
532.50
529.30
523.10
511.10
488.40
447.70
389.90
320.70
254.40
205.40
170.80
145.20
124.40
106.40
92.19
80.50
70.66
61.69
53.45
46.20
38.77
32.94
26.98
20.29
14.26
9.29
5.63
3.98
3.01
2.72
2.72
2.74
2.80
2.85
2.90
2.95
3.00
3.05
3.09
3.13
3.17
3.20
3.22
3.24
3.26
3.28
3.30
3.31
3.33
3.34
3.35
3.37
3.39
3.41
3.43
3.44
3.46
3.47
3.49
3.50
3.50
3.50
3.50
3.49
3.47
3.43
3.38
3.32
3.24
3.16
3.08
3.01
2.93
2.85
2.76
2.67
2.56
2.45
2.32
2.21
2.09
1.94
1.77
1.59
1.38
1.15
0.93
0.74
0.62
0.49
0.37
0.27
0.26
0.26
0.26
0.26
0.26
0.26
0.26
0.27
0.27
0.28
0.29
0.29
0.30
0.31
0.33
0.36
0.40
0.42
0.44
0.47
0.51
0.55
0.60
0.63
0.67
0.70
0.73
0.76
0.79
0.83
33.06
39.58
41.86
46.46
51.56
52.68
56.11
64.24
67.61
73.46
78.55
82.49
91.80
97.89
102.30
106.50
109.60
115.10
127.00
133.10
136.50
139.80
146.90
161.00
167.90
174.80
182.20
199.40
213.20
223.40
235.50
249.10
264.10
281.00
299.90
319.50
339.00
358.80
379.80
401.50
423.90
445.20
464.60
482.70
500.50
518.70
536.60
553.10
568.10
581.70
593.00
603.00
611.30
616.70
620.90
624.30
627.80
630.60
633.70
637.80
641.80
645.00
647.50
647.40
644.80
635.40
620.00
601.10
577.80
544.60
496.90
445.80
390.80
336.10
283.80
233.70
188.60
147.90
115.60
89.08
67.16
49.51
32.06
19.05
11.31
7.15
4.65
3.16
2.93
2.96
2.99
3.04
3.11
3.17
3.23
3.30
3.36
3.41
3.46
3.51
3.55
3.58
3.60
3.60
3.60
3.57
3.52
3.44
3.30
3.15
2.97
2.80
2.65
2.53
2.47
2.48
2.48
2.50
2.56
2.64
2.72
2.79
2.87
2.96
3.03
3.09
3.14
3.20
3.26
3.32
3.39
3.46
3.53
3.60
3.61
3.57
3.47
3.35
3.21
3.06
2.89
2.71
2.52
2.30
2.08
1.84
1.59
1.32
1.06
0.84
0.69
0.55
0.42
0.33
0.33
0.34
0.34
0.34
0.34
0.35
0.36
0.36
0.37
0.37
0.38
0.38
0.39
0.42
0.46
0.49
0.52
0.55
0.58
0.61
0.64
0.67
0.71
0.79
0.88
0.93
0.97
27.19
33.78
34.20
35.28
38.13
45.64
52.31
55.88
56.93
58.16
60.60
68.68
79.29
81.01
82.57
84.76
90.33
100.00
105.90
108.30
111.00
114.70
124.90
128.20
133.30
137.50
144.70
152.30
156.10
162.80
168.90
174.50
179.40
185.80
195.30
204.90
215.10
224.80
234.60
244.80
255.20
265.60
275.90
286.10
296.00
305.90
315.60
325.70
336.10
346.80
358.10
369.80
382.10
394.90
407.90
420.90
434.00
446.20
458.30
469.20
478.20
484.20
487.50
487.60
484.30
477.60
467.80
451.30
428.50
400.80
370.40
335.00
288.60
228.70
167.60
123.80
85.92
62.48
47.18
33.55
23.54
16.35
11.24
7.72
5.05
3.14
1.81
1.12
1.20
1.27
1.35
1.67
1.93
2.24
2.56
2.86
3.18
3.48
3.71
3.86
3.95
4.02
4.05
4.06
4.05
4.04
4.01
3.96
3.91
3.85
3.79
3.74
3.68
3.63
3.58
3.54
3.50
3.47
3.45
3.43
3.42
3.42
3.42
3.42
3.43
3.44
3.46
3.49
3.52
3.55
3.59
3.63
3.68
3.73
3.78
3.78
3.73
3.63
3.50
3.36
3.20
3.04
2.85
2.65
2.44
2.21
1.96
1.69
1.40
1.14
0.93
0.77
0.62
0.49
0.42
0.42
0.42
0.42
0.42
0.42
0.42
0.42
0.42
0.43
0.45
0.48
0.51
0.54
0.58
0.61
0.60
0.62
0.64
0.66
0.69
0.72
0.76
0.80
0.85
0.91
0.98
33.06
41.37
46.82
50.01
52.12
52.65
54.44
61.93
64.99
66.47
68.25
69.79
76.61
78.28
78.34
78.02
78.81
82.23
85.77
86.31
85.88
86.02
87.16
87.56
87.12
86.54
86.89
88.70
88.79
88.39
87.92
87.53
87.22
87.00
86.91
87.04
87.02
87.13
87.51
88.31
89.52
91.00
92.87
94.97
97.48
100.00
102.30
104.30
106.10
107.00
107.40
107.10
106.00
104.30
102.90
101.20
98.81
95.47
91.30
85.74
79.31
73.22
67.45
62.61
58.52
55.26
52.47
50.16
47.56
45.06
42.84
40.59
38.70
36.88
35.18
32.81
29.82
27.04
24.91
22.50
19.71
16.43
12.84
9.66
7.29
5.58
4.61
4.16
4.17
4.24
4.31
4.41
4.51
4.61
4.71
4.80
4.88
4.96
5.01
5.05
5.06
5.06
5.04
5.00
4.93
4.84
4.73
4.61
4.48
4.33
4.19
4.05
3.93
3.82
3.72
3.65
3.58
3.52
3.47
3.44
3.42
3.39
3.38
3.37
3.37
3.38
3.39
3.43
3.46
3.50
3.54
3.59
3.64
3.69
3.69
3.64
3.54
3.42
3.29
3.14
2.99
2.81
2.62
2.42
2.20
1.96
1.70
1.43
1.17
0.98
0.82
0.68
0.55
0.48
0.47
0.47
0.47
0.47
0.47
0.47
0.48
0.48
0.49
0.49
0.49
0.50
0.50
0.51
0.55
0.56
0.57
0.60
0.65
0.69
0.72
0.75
0.79
0.82
0.87
0.92
0.96
33.36
43.35
47.15
52.19
52.41
52.45
52.34
56.50
58.33
57.88
56.59
55.09
54.25
54.36
54.61
54.28
54.48
55.83
58.12
60.55
62.57
64.19
65.27
66.70
68.19
69.75
70.71
71.13
71.60
72.17
72.91
73.50
73.67
73.70
73.63
73.56
73.43
73.39
73.44
73.54
73.87
74.43
75.20
76.17
77.41
78.93
80.68
82.41
84.03
85.59
87.20
89.09
91.04
92.57
93.59
93.63
92.19
88.81
83.65
77.66
71.78
66.34
61.66
57.95
55.54
53.97
52.91
52.03
51.30
50.51
49.53
48.35
47.17
45.96
44.96
44.56
42.94
39.85
36.13
32.68
29.17
24.91
19.94
14.66
9.83
7.28
5.78
5.08
5.09
5.16
5.24
5.35
5.45
5.54
5.63
5.71
5.78
5.83
5.85
5.84
5.81
5.76
5.69
5.60
5.50
5.38
5.24
5.09
4.94
4.79
4.65
4.50
4.37
4.25
4.12
4.01
3.91
3.82
3.73
3.66
3.60
3.54
3.50
3.46
3.42
3.39
3.37
3.36
3.36
3.37
3.37
3.34
3.28
3.20
3.11
3.01
2.89
2.76
2.63
2.47
2.30
2.11
1.89
1.66
1.41
1.18
0.99
0.84
0.71
0.59
0.50
0.48
0.48
0.48
0.48
0.48
0.48
0.48
0.48
0.48
0.48
0.48
0.48
0.48
0.49
0.51
0.55
0.59
0.62
0.66
0.70
0.72
0.76
0.79
0.82
0.83
0.84
0.84
0.83
0.84
0.84
35.13
42.44
46.81
51.10
50.86
50.02
49.06
47.98
47.45
46.86
45.54
45.48
46.92
49.39
51.92
54.28
56.65
58.39
59.63
60.30
60.91
62.00
63.31
65.33
67.46
69.47
70.47
71.05
71.33
71.71
72.03
72.29
72.42
72.62
72.97
73.45
74.13
75.04
76.17
77.45
78.87
80.47
82.23
84.08
86.06
88.00
89.92
91.77
93.54
95.03
96.13
96.45
96.77
95.73
93.66
90.75
87.41
83.44
79.16
75.32
71.75
68.55
65.90
63.65
61.52
59.08
56.93
54.75
52.81
51.95
50.74
49.20
47.83
46.00
43.68
41.26
39.62
38.03
34.08
27.92
22.73
18.61
15.90
11.74
7.15
3.89
1.96
1.40
1.42
1.46
1.53
1.63
1.70
1.78
1.85
1.91
1.96
2.02
2.07
2.11
2.16
2.20
2.23
2.27
2.30
2.32
2.35
2.39
2.42
2.46
2.50
2.53
2.58
2.62
2.66
2.70
2.75
2.80
2.84
2.89
2.94
2.99
3.04
3.09
3.14
3.18
3.23
3.26
3.27
3.26
3.21
3.13
3.02
2.88
2.71
2.50
2.27
2.01
1.72
1.45
1.21
1.01
0.83
0.67
0.55
0.48
0.47
0.46
0.46
0.46
0.46
0.46
0.47
0.47
0.47
0.48
0.48
0.48
0.48
0.48
0.49
0.49
0.49
0.50
0.50
0.51
0.53
0.65
0.74
0.78
0.79
0.80
0.82
0.83
0.83
0.84
0.83
0.83
0.83
0.84
0.85
37.40
41.68
44.42
50.14
49.14
47.72
45.67
43.11
40.98
40.57
43.00
46.49
49.49
51.73
53.56
54.82
55.67
56.78
58.43
60.52
63.93
67.58
69.93
71.23
72.33
73.28
73.97
74.78
76.76
79.52
81.72
83.23
84.55
85.77
86.92
88.16
89.51
90.96
92.63
94.64
96.74
98.60
100.40
101.90
103.20
104.10
104.80
105.20
105.10
104.50
103.50
101.80
99.31
95.97
92.12
87.84
83.83
80.09
76.73
73.96
71.61
69.88
68.41
67.34
66.55
65.88
65.39
63.47
61.21
59.99
58.35
56.91
55.18
53.57
52.11
51.12
48.62
43.95
37.12
32.70
28.57
25.05
21.41
16.11
11.22
7.92
5.82
5.13
5.21
5.29
5.38
5.49
5.60
5.70
5.79
5.88
5.95
6.01
6.03
6.02
6.00
5.96
5.90
5.81
5.72
5.60
5.47
5.33
5.18
5.03
4.89
4.75
4.62
4.49
4.38
4.27
4.17
4.07
3.97
3.89
3.82
3.74
3.65
3.56
3.47
3.37
3.27
3.15
3.05
2.95
2.85
2.71
2.57
2.42
2.27
2.12
1.99
1.85
1.74
1.61
1.48
1.35
1.20
1.06
0.91
0.79
0.69
0.60
0.53
0.47
0.45
0.45
0.45
0.45
0.46
0.47
0.47
0.48
0.48
0.49
0.49
0.50
0.50
0.51
0.52
0.55
0.59
0.63
0.68
0.72
0.75
0.79
0.82
0.85
0.86
0.86
0.86
0.85
0.86
0.87
0.86
40.86
41.95
42.49
46.18
47.83
46.61
43.14
40.20
38.65
40.89
44.58
47.62
49.77
51.34
52.24
53.31
55.05
57.16
61.60
66.10
68.43
70.22
71.56
72.71
74.12
76.33
82.24
86.90
89.78
92.15
94.13
95.87
97.53
99.19
100.70
102.10
103.20
104.20
104.70
105.00
105.70
106.80
107.90
107.90
108.10
108.00
107.40
106.40
105.20
103.90
102.60
101.10
98.91
96.20
93.22
90.16
87.09
84.39
81.76
79.63
77.85
76.64
75.99
75.75
75.63
74.54
73.08
72.76
71.62
70.38
68.69
66.85
65.75
62.69
60.98
59.41
55.41
50.30
45.19
38.86
34.14
31.33
24.76
17.10
11.73
7.17
4.72
4.37
4.45
4.54
4.64
4.75
4.86
4.97
5.07
5.16
5.25
5.33
5.38
5.42
5.43
5.43
5.40
5.35
5.26
5.14
4.96
4.75
4.51
4.24
3.98
3.74
3.56
3.42
3.31
3.23
3.20
3.16
3.13
3.14
3.15
3.16
3.16
3.16
3.16
3.16
3.17
3.17
3.19
3.21
3.23
3.27
3.30
3.27
3.14
2.97
2.79
2.61
2.43
2.25
2.09
1.92
1.75
1.59
1.42
1.25
1.07
0.91
0.77
0.67
0.58
0.49
0.43
0.42
0.42
0.43
0.44
0.45
0.46
0.48
0.49
0.50
0.51
0.52
0.54
0.54
0.55
0.58
0.61
0.63
0.66
0.70
0.74
0.76
0.78
0.81
0.83
0.86
0.90
0.94
0.94
41.66
42.79
42.96
46.43
46.92
44.76
40.80
37.95
37.50
40.59
44.24
46.49
48.41
49.74
50.98
52.23
54.05
57.22
62.19
66.17
68.14
69.68
70.82
72.30
74.48
80.61
86.40
90.24
93.31
95.96
98.12
100.20
102.30
105.70
108.00
109.60
110.90
112.30
113.50
113.90
113.80
113.50
113.00
112.50
111.80
110.70
109.40
108.00
106.70
105.90
105.60
104.70
103.40
102.30
100.60
97.78
94.98
92.39
90.28
87.75
85.47
83.61
82.09
80.54
78.52
75.73
73.79
71.70
69.74
67.56
65.83
64.02
60.82
57.34
54.27
53.94
48.00
41.58
35.71
29.66
23.23
18.83
15.16
9.70
6.44
2.71
0.94
0.69
0.92
1.03
1.45
1.74
2.07
2.54
3.04
3.50
3.95
4.26
4.47
4.63
4.72
4.78
4.80
4.79
4.78
4.73
4.67
4.60
4.52
4.42
4.32
4.21
4.11
4.02
3.93
3.85
3.77
3.70
3.63
3.57
3.52
3.47
3.42
3.39
3.36
3.34
3.32
3.32
3.33
3.33
3.34
3.35
3.37
3.39
3.34
3.23
3.05
2.86
2.67
2.48
2.30
2.12
1.96
1.78
1.61
1.44
1.26
1.07
0.90
0.74
0.65
0.55
0.47
0.41
0.42
0.43
0.43
0.44
0.44
0.45
0.45
0.46
0.48
0.51
0.55
0.58
0.61
0.65
0.67
0.67
0.67
0.67
0.67
0.69
0.77
0.84
0.91
0.96
1.02
1.06
1.03
40.86
41.95
42.49
46.18
47.83
46.61
43.14
40.20
38.65
40.89
44.58
47.62
49.77
51.34
52.24
53.31
55.05
57.16
61.60
66.10
68.43
70.22
71.56
72.71
74.12
76.33
82.24
86.90
89.78
92.15
94.13
95.87
97.53
99.19
100.70
102.10
103.20
104.20
104.70
105.00
105.70
106.80
107.90
107.90
108.10
108.00
107.40
106.40
105.20
103.90
102.60
101.10
98.91
96.20
93.22
90.16
87.09
84.39
81.76
79.63
77.85
76.64
75.99
75.75
75.63
74.54
73.08
72.76
71.62
70.38
68.69
66.85
65.75
62.69
60.98
59.41
55.41
50.30
45.19
38.86
34.14
31.33
24.76
17.10
11.73
7.17
4.72
4.37
4.45
4.54
4.64
4.75
4.86
4.97
5.07
5.16
5.25
5.33
5.38
5.42
5.43
5.43
5.40
5.35
5.26
5.14
4.96
4.75
4.51
4.24
3.98
3.74
3.56
3.42
3.31
3.23
3.20
3.16
3.13
3.14
3.15
3.16
3.16
3.16
3.16
3.16
3.17
3.17
3.19
3.21
3.23
3.27
3.30
3.27
3.14
2.97
2.79
2.61
2.43
2.25
2.09
1.92
1.75
1.59
1.42
1.25
1.07
0.91
0.77
0.67
0.58
0.49
0.43
0.42
0.42
0.43
0.44
0.45
0.46
0.48
0.49
0.50
0.51
0.52
0.54
0.54
0.55
0.58
0.61
0.63
0.66
0.70
0.74
0.76
0.78
0.81
0.83
0.86
0.90
0.94
0.94
37.40
41.68
44.42
50.14
49.14
47.72
45.67
43.11
40.98
40.57
43.00
46.49
49.49
51.73
53.56
54.82
55.67
56.78
58.43
60.52
63.93
67.58
69.93
71.23
72.33
73.28
73.97
74.78
76.76
79.52
81.72
83.23
84.55
85.77
86.92
88.16
89.51
90.96
92.63
94.64
96.74
98.60
100.40
101.90
103.20
104.10
104.80
105.20
105.10
104.50
103.50
101.80
99.31
95.97
92.12
87.84
83.83
80.09
76.73
73.96
71.61
69.88
68.41
67.34
66.55
65.88
65.39
63.47
61.21
59.99
58.35
56.91
55.18
53.57
52.11
51.12
48.62
43.95
37.12
32.70
28.57
25.05
21.41
16.11
11.22
7.92
5.82
5.13
5.21
5.29
5.38
5.49
5.60
5.70
5.79
5.88
5.95
6.01
6.03
6.02
6.00
5.96
5.90
5.81
5.72
5.60
5.47
5.33
5.18
5.03
4.89
4.75
4.62
4.49
4.38
4.27
4.17
4.07
3.97
3.89
3.82
3.74
3.65
3.56
3.47
3.37
3.27
3.15
3.05
2.95
2.85
2.71
2.57
2.42
2.27
2.12
1.99
1.85
1.74
1.61
1.48
1.35
1.20
1.06
0.91
0.79
0.69
0.60
0.53
0.47
0.45
0.45
0.45
0.45
0.46
0.47
0.47
0.48
0.48
0.49
0.49
0.50
0.50
0.51
0.52
0.55
0.59
0.63
0.68
0.72
0.75
0.79
0.82
0.85
0.86
0.86
0.86
0.85
0.86
0.87
0.86
35.13
42.44
46.81
51.10
50.86
50.02
49.06
47.98
47.45
46.86
45.54
45.48
46.92
49.39
51.92
54.28
56.65
58.39
59.63
60.30
60.91
62.00
63.31
65.33
67.46
69.47
70.47
71.05
71.33
71.71
72.03
72.29
72.42
72.62
72.97
73.45
74.13
75.04
76.17
77.45
78.87
80.47
82.23
84.08
86.06
88.00
89.92
91.77
93.54
95.03
96.13
96.45
96.77
95.73
93.66
90.75
87.41
83.44
79.16
75.32
71.75
68.55
65.90
63.65
61.52
59.08
56.93
54.75
52.81
51.95
50.74
49.20
47.83
46.00
43.68
41.26
39.62
38.03
34.08
27.92
22.73
18.61
15.90
11.74
7.15
3.89
1.96
1.40
1.42
1.46
1.53
1.63
1.70
1.78
1.85
1.91
1.96
2.02
2.07
2.11
2.16
2.20
2.23
2.27
2.30
2.32
2.35
2.39
2.42
2.46
2.50
2.53
2.58
2.62
2.66
2.70
2.75
2.80
2.84
2.89
2.94
2.99
3.04
3.09
3.14
3.18
3.23
3.26
3.27
3.26
3.21
3.13
3.02
2.88
2.71
2.50
2.27
2.01
1.72
1.45
1.21
1.01
0.83
0.67
0.55
0.48
0.47
0.46
0.46
0.46
0.46
0.46
0.47
0.47
0.47
0.48
0.48
0.48
0.48
0.48
0.49
0.49
0.49
0.50
0.50
0.51
0.53
0.65
0.74
0.78
0.79
0.80
0.82
0.83
0.83
0.84
0.83
0.83
0.83
0.84
0.85
33.36
43.35
47.15
52.19
52.41
52.45
52.34
56.50
58.33
57.88
56.59
55.09
54.25
54.36
54.61
54.28
54.48
55.83
58.12
60.55
62.57
64.19
65.27
66.70
68.19
69.75
70.71
71.13
71.60
72.17
72.91
73.50
73.67
73.70
73.63
73.56
73.43
73.39
73.44
73.54
73.87
74.43
75.20
76.17
77.41
78.93
80.68
82.41
84.03
85.59
87.20
89.09
91.04
92.57
93.59
93.63
92.19
88.81
83.65
77.66
71.78
66.34
61.66
57.95
55.54
53.97
52.91
52.03
51.30
50.51
49.53
48.35
47.17
45.96
44.96
44.56
42.94
39.85
36.13
32.68
29.17
24.91
19.94
14.66
9.83
7.28
5.78
5.08
5.09
5.16
5.24
5.35
5.45
5.54
5.63
5.71
5.78
5.83
5.85
5.84
5.81
5.76
5.69
5.60
5.50
5.38
5.24
5.09
4.94
4.79
4.65
4.50
4.37
4.25
4.12
4.01
3.91
3.82
3.73
3.66
3.60
3.54
3.50
3.46
3.42
3.39
3.37
3.36
3.36
3.37
3.37
3.34
3.28
3.20
3.11
3.01
2.89
2.76
2.63
2.47
2.30
2.11
1.89
1.66
1.41
1.18
0.99
0.84
0.71
0.59
0.50
0.48
0.48
0.48
0.48
0.48
0.48
0.48
0.48
0.48
0.48
0.48
0.48
0.48
0.49
0.51
0.55
0.59
0.62
0.66
0.70
0.72
0.76
0.79
0.82
0.83
0.84
0.84
0.83
0.84
0.84
33.06
41.37
46.82
50.01
52.12
52.65
54.44
61.93
64.99
66.47
68.25
69.79
76.61
78.28
78.34
78.02
78.81
82.23
85.77
86.31
85.88
86.02
87.16
87.56
87.12
86.54
86.89
88.70
88.79
88.39
87.92
87.53
87.22
87.00
86.91
87.04
87.02
87.13
87.51
88.31
89.52
91.00
92.87
94.97
97.48
100.00
102.30
104.30
106.10
107.00
107.40
107.10
106.00
104.30
102.90
101.20
98.81
95.47
91.30
85.74
79.31
73.22
67.45
62.61
58.52
55.26
52.47
50.16
47.56
45.06
42.84
40.59
38.70
36.88
35.18
32.81
29.82
27.04
24.91
22.50
19.71
16.43
12.84
9.66
7.29
5.58
4.61
4.16
4.17
4.24
4.31
4.41
4.51
4.61
4.71
4.80
4.88
4.96
5.01
5.05
5.06
5.06
5.04
5.00
4.93
4.84
4.73
4.61
4.48
4.33
4.19
4.05
3.93
3.82
3.72
3.65
3.58
3.52
3.47
3.44
3.42
3.39
3.38
3.37
3.37
3.38
3.39
3.43
3.46
3.50
3.54
3.59
3.64
3.69
3.69
3.64
3.54
3.42
3.29
3.14
2.99
2.81
2.62
2.42
2.20
1.96
1.70
1.43
1.17
0.98
0.82
0.68
0.55
0.48
0.47
0.47
0.47
0.47
0.47
0.47
0.48
0.48
0.49
0.49
0.49
0.50
0.50
0.51
0.55
0.56
0.57
0.60
0.65
0.69
0.72
0.75
0.79
0.82
0.87
0.92
0.96
