SALVI
1
0
24
15.0
181
1.0
25010 WALK Y50 350mA 3000K F2MD PMMA S
25010 WALK Y50 3000K F2MD PMMA S
25010 WALK Y50 3000K F2MD PMMA S
WALK-Y50-3000K-F2MD-PMMA-S.ldt
27-1-2025/TB
430
430
110
240
240
0
0
0
0
98.04
100.00
1.00
0.00
1
1
24LED Y50
5655.60
3000
70
49.90
0.19
0.28
0.38
0.46
0.52
0.62
0.67
0.72
0.78
0.82
0.00
15.00
30.00
45.00
60.00
75.00
90.00
105.00
120.00
135.00
150.00
165.00
180.00
195.00
210.00
225.00
240.00
255.00
270.00
285.00
300.00
315.00
330.00
345.00
0.00
1.00
2.00
3.00
4.00
5.00
6.00
7.00
8.00
9.00
10.00
11.00
12.00
13.00
14.00
15.00
16.00
17.00
18.00
19.00
20.00
21.00
22.00
23.00
24.00
25.00
26.00
27.00
28.00
29.00
30.00
31.00
32.00
33.00
34.00
35.00
36.00
37.00
38.00
39.00
40.00
41.00
42.00
43.00
44.00
45.00
46.00
47.00
48.00
49.00
50.00
51.00
52.00
53.00
54.00
55.00
56.00
57.00
58.00
59.00
60.00
61.00
62.00
63.00
64.00
65.00
66.00
67.00
68.00
69.00
70.00
71.00
72.00
73.00
74.00
75.00
76.00
77.00
78.00
79.00
80.00
81.00
82.00
83.00
84.00
85.00
86.00
87.00
88.00
89.00
90.00
91.00
92.00
93.00
94.00
95.00
96.00
97.00
98.00
99.00
100.00
101.00
102.00
103.00
104.00
105.00
106.00
107.00
108.00
109.00
110.00
111.00
112.00
113.00
114.00
115.00
116.00
117.00
118.00
119.00
120.00
121.00
122.00
123.00
124.00
125.00
126.00
127.00
128.00
129.00
130.00
131.00
132.00
133.00
134.00
135.00
136.00
137.00
138.00
139.00
140.00
141.00
142.00
143.00
144.00
145.00
146.00
147.00
148.00
149.00
150.00
151.00
152.00
153.00
154.00
155.00
156.00
157.00
158.00
159.00
160.00
161.00
162.00
163.00
164.00
165.00
166.00
167.00
168.00
169.00
170.00
171.00
172.00
173.00
174.00
175.00
176.00
177.00
178.00
179.00
180.00
56.59
71.42
81.99
88.42
85.50
82.48
92.58
107.10
114.20
118.40
114.70
116.40
131.90
136.00
145.30
149.80
148.80
165.30
168.10
172.30
178.60
185.50
204.60
208.10
212.60
217.10
231.70
245.50
253.10
260.20
267.10
274.20
284.10
293.60
301.80
306.70
312.80
319.90
325.90
333.50
339.60
344.30
348.70
353.10
357.30
361.50
365.40
369.00
372.30
375.40
378.10
380.90
383.30
385.70
387.80
389.70
391.20
391.80
392.10
391.90
390.80
389.00
386.20
382.70
378.20
372.20
365.90
358.90
345.70
326.20
303.60
282.30
255.70
224.10
203.80
180.20
150.20
117.10
80.88
50.26
25.32
15.27
9.66
6.80
4.71
3.09
1.94
1.38
1.34
1.40
1.49
1.73
2.17
2.51
2.78
3.04
3.32
3.60
3.81
3.95
4.05
4.11
4.14
4.15
4.16
4.15
4.13
4.11
4.09
4.06
4.02
4.00
3.97
3.95
3.93
3.92
3.91
3.90
3.90
3.91
3.91
3.93
3.95
3.97
4.00
4.03
4.07
4.11
4.16
4.20
4.26
4.32
4.38
4.45
4.52
4.53
4.46
4.33
4.17
4.00
3.81
3.60
3.37
3.12
2.85
2.57
2.26
1.93
1.59
1.26
1.01
0.82
0.64
0.48
0.41
0.40
0.40
0.40
0.40
0.40
0.41
0.42
0.45
0.49
0.52
0.54
0.56
0.57
0.61
0.64
0.63
0.63
0.66
0.71
0.77
0.83
0.87
0.91
0.93
0.91
0.91
55.27
67.39
78.25
84.60
85.52
86.70
90.79
108.40
115.00
117.30
120.10
124.10
143.00
150.30
152.40
153.80
154.30
166.90
181.50
185.60
189.10
191.90
203.60
220.80
226.60
230.10
233.30
251.10
258.00
264.80
271.60
277.90
284.60
290.30
296.20
302.10
307.20
310.80
315.70
321.40
328.20
335.30
342.80
350.10
356.40
363.10
369.40
375.50
381.80
389.40
399.30
411.10
423.20
434.60
445.30
455.40
465.90
475.70
484.90
494.80
505.00
514.50
522.80
528.90
532.90
536.20
537.10
537.70
532.10
517.90
497.60
472.50
441.10
400.90
365.60
331.60
284.80
229.90
157.60
93.40
44.17
29.19
19.12
12.38
7.41
4.89
3.47
2.89
2.91
2.94
3.00
3.08
3.17
3.25
3.34
3.42
3.50
3.58
3.65
3.72
3.78
3.83
3.85
3.86
3.82
3.76
3.64
3.52
3.36
3.20
3.06
2.98
2.93
2.91
2.93
3.00
3.06
3.13
3.22
3.31
3.40
3.48
3.56
3.62
3.67
3.73
3.80
3.86
3.93
4.01
4.08
4.16
4.24
4.29
4.28
4.21
4.07
3.92
3.75
3.55
3.36
3.14
2.91
2.65
2.38
2.10
1.79
1.47
1.17
0.93
0.74
0.57
0.42
0.33
0.33
0.33
0.33
0.34
0.34
0.34
0.35
0.35
0.36
0.36
0.37
0.39
0.41
0.45
0.51
0.52
0.53
0.56
0.59
0.61
0.63
0.67
0.73
0.83
0.95
0.98
0.98
52.49
69.20
81.37
89.84
91.26
91.92
92.76
105.40
118.10
120.40
122.40
124.10
126.60
137.90
152.60
164.00
169.80
173.20
180.00
195.50
205.80
209.00
212.20
215.80
227.50
235.80
239.40
244.00
249.40
260.00
270.50
276.10
282.20
289.00
296.50
304.50
313.10
321.20
327.70
335.00
343.30
352.90
363.50
375.20
386.70
398.20
410.20
422.90
435.90
449.50
463.00
475.60
486.60
495.80
503.70
510.80
518.20
525.00
530.30
533.50
534.10
531.40
525.60
516.50
505.50
492.00
475.40
457.00
437.30
412.90
376.90
330.30
275.50
222.10
181.60
145.30
106.60
73.36
53.17
33.15
25.50
18.38
12.48
7.94
5.36
3.76
2.82
2.62
2.63
2.67
2.74
2.81
2.88
2.95
3.02
3.09
3.16
3.23
3.29
3.36
3.42
3.48
3.54
3.59
3.64
3.69
3.73
3.76
3.79
3.82
3.85
3.87
3.89
3.91
3.93
3.94
3.95
3.96
3.96
3.95
3.93
3.89
3.85
3.79
3.72
3.65
3.57
3.51
3.47
3.47
3.46
3.43
3.35
3.25
3.15
3.05
2.93
2.79
2.63
2.45
2.26
2.04
1.79
1.54
1.27
1.01
0.83
0.67
0.52
0.39
0.28
0.27
0.27
0.27
0.27
0.27
0.28
0.29
0.29
0.29
0.30
0.31
0.32
0.32
0.32
0.34
0.37
0.42
0.42
0.46
0.49
0.53
0.56
0.59
0.61
0.64
0.68
0.73
0.79
0.83
0.85
57.33
65.24
82.39
90.74
92.36
93.94
95.65
97.86
108.10
114.80
124.70
140.40
146.60
158.70
164.00
172.60
178.90
189.40
192.90
195.90
199.00
202.70
215.00
224.80
236.20
244.10
248.60
253.50
263.60
269.80
276.70
284.50
294.00
304.10
314.40
324.70
335.50
346.70
357.70
368.10
377.10
385.00
392.10
398.70
405.00
410.50
415.50
420.00
423.80
426.80
428.70
428.90
427.30
424.00
419.50
413.90
406.90
398.60
388.40
376.80
363.20
348.20
331.10
312.80
293.80
273.40
252.40
231.50
210.20
189.50
167.90
141.50
114.80
88.22
64.42
50.28
40.78
31.91
24.58
19.77
15.50
11.47
7.79
5.14
3.26
2.04
1.46
1.40
1.42
1.45
1.53
1.61
1.68
1.74
1.80
1.86
1.92
1.98
2.04
2.10
2.16
2.22
2.27
2.33
2.39
2.44
2.50
2.56
2.62
2.68
2.75
2.82
2.88
2.95
3.02
3.09
3.16
3.23
3.30
3.36
3.43
3.50
3.57
3.63
3.69
3.75
3.81
3.83
3.84
3.81
3.76
3.66
3.53
3.35
3.12
2.86
2.53
2.18
1.82
1.48
1.18
0.91
0.65
0.42
0.28
0.23
0.23
0.23
0.23
0.23
0.23
0.24
0.24
0.25
0.25
0.26
0.26
0.27
0.27
0.28
0.28
0.30
0.32
0.33
0.34
0.34
0.34
0.38
0.44
0.46
0.48
0.53
0.57
0.61
0.64
0.67
0.72
0.77
0.82
0.86
0.85
63.57
64.71
78.85
91.31
93.49
95.65
98.29
101.70
105.30
124.00
138.10
154.10
156.10
162.20
170.00
174.10
178.90
183.30
187.90
204.70
221.40
230.00
233.60
239.80
246.90
252.80
258.90
271.70
290.20
312.70
328.20
341.80
354.40
365.90
376.40
386.10
395.20
404.10
412.60
420.20
426.80
431.90
435.30
437.20
438.10
437.80
436.30
433.10
428.80
423.10
415.30
405.40
393.30
379.20
363.10
345.70
327.00
307.40
287.10
266.90
247.10
228.90
213.00
198.50
185.10
172.00
158.40
139.90
118.70
101.70
92.05
82.95
72.67
62.66
51.72
40.76
29.56
22.29
18.07
14.59
11.52
8.93
6.74
4.96
3.69
2.73
2.32
2.29
2.30
2.34
2.39
2.45
2.50
2.55
2.60
2.66
2.71
2.75
2.80
2.85
2.89
2.93
2.97
3.01
3.04
3.07
3.09
3.13
3.17
3.21
3.25
3.28
3.31
3.34
3.37
3.41
3.44
3.48
3.52
3.56
3.60
3.65
3.69
3.73
3.78
3.82
3.86
3.89
3.93
3.94
3.93
3.86
3.78
3.67
3.54
3.37
3.21
3.04
2.83
2.58
2.30
1.99
1.65
1.31
0.99
0.80
0.61
0.43
0.26
0.22
0.21
0.21
0.22
0.22
0.22
0.23
0.23
0.24
0.25
0.25
0.26
0.27
0.27
0.29
0.30
0.34
0.35
0.35
0.40
0.43
0.47
0.54
0.60
0.66
0.71
0.73
0.74
0.77
0.82
0.87
0.87
66.05
66.98
72.53
81.51
89.85
94.09
98.79
103.50
109.40
132.70
143.70
151.30
156.10
158.60
161.30
164.10
167.90
178.80
212.10
220.40
223.10
229.60
237.80
244.00
250.30
270.30
299.00
316.90
336.60
353.70
367.30
381.10
394.10
403.90
410.70
415.70
422.20
429.60
435.80
441.40
446.90
451.80
451.50
447.40
443.50
440.10
434.00
424.60
414.40
404.30
391.60
375.70
357.20
338.10
319.10
299.70
280.90
263.80
248.30
233.20
219.20
206.00
193.40
182.80
173.80
160.70
146.20
130.50
120.30
109.40
98.60
88.39
77.64
64.72
46.88
34.73
26.44
21.85
17.89
14.42
11.68
9.04
6.83
5.06
3.66
2.70
2.26
2.27
2.28
2.31
2.37
2.42
2.48
2.53
2.58
2.64
2.69
2.74
2.79
2.84
2.89
2.93
2.97
3.01
3.04
3.06
3.08
3.09
3.09
3.09
3.10
3.11
3.13
3.16
3.20
3.25
3.30
3.36
3.43
3.50
3.58
3.65
3.73
3.82
3.91
4.01
4.09
4.18
4.27
4.36
4.46
4.55
4.61
4.60
4.53
4.41
4.27
4.10
3.91
3.69
3.46
3.20
2.90
2.57
2.20
1.81
1.42
1.07
0.85
0.63
0.43
0.25
0.23
0.23
0.24
0.25
0.25
0.26
0.27
0.27
0.28
0.29
0.30
0.31
0.32
0.33
0.37
0.41
0.41
0.44
0.48
0.53
0.58
0.63
0.68
0.75
0.82
0.91
0.99
1.03
1.00
67.06
70.13
80.15
89.86
97.12
97.54
97.32
100.80
120.30
139.90
142.80
145.30
148.80
157.30
158.40
159.50
169.90
205.30
215.70
219.40
223.20
227.20
235.50
238.40
248.40
297.20
321.40
337.70
352.20
366.10
383.70
403.50
417.60
427.80
437.60
451.80
462.70
471.30
476.20
479.30
480.50
479.70
476.60
471.70
463.80
454.80
443.60
430.40
415.60
399.00
380.80
360.80
341.00
320.90
301.50
282.60
265.30
249.40
235.20
221.60
209.10
198.20
189.00
181.50
171.10
155.40
136.00
124.30
114.50
103.20
93.17
83.43
72.55
55.71
40.09
30.16
24.18
20.02
16.00
12.56
9.78
7.50
5.53
3.96
2.63
1.80
1.51
1.51
1.52
1.57
1.72
1.83
1.97
2.10
2.22
2.35
2.47
2.59
2.69
2.77
2.85
2.92
2.98
3.05
3.11
3.17
3.22
3.27
3.31
3.36
3.40
3.45
3.49
3.54
3.58
3.63
3.68
3.73
3.78
3.83
3.89
3.94
4.00
4.06
4.12
4.18
4.24
4.31
4.37
4.44
4.51
4.58
4.66
4.70
4.72
4.64
4.52
4.37
4.19
3.99
3.77
3.52
3.24
2.92
2.59
2.22
1.81
1.41
1.05
0.82
0.60
0.40
0.24
0.24
0.24
0.24
0.24
0.25
0.25
0.26
0.27
0.28
0.29
0.30
0.31
0.33
0.36
0.42
0.42
0.43
0.47
0.52
0.56
0.60
0.67
0.74
0.81
0.90
0.99
1.03
1.01
66.05
66.98
72.53
81.51
89.85
94.09
98.79
103.50
109.40
132.70
143.70
151.30
156.10
158.60
161.30
164.10
167.90
178.80
212.10
220.40
223.10
229.60
237.80
244.00
250.30
270.30
299.00
316.90
336.60
353.70
367.30
381.10
394.10
403.90
410.70
415.70
422.20
429.60
435.80
441.40
446.90
451.80
451.50
447.40
443.50
440.10
434.00
424.60
414.40
404.30
391.60
375.70
357.20
338.10
319.10
299.70
280.90
263.80
248.30
233.20
219.20
206.00
193.40
182.80
173.80
160.70
146.20
130.50
120.30
109.40
98.60
88.39
77.64
64.72
46.88
34.73
26.44
21.85
17.89
14.42
11.68
9.04
6.83
5.06
3.66
2.70
2.26
2.27
2.28
2.31
2.37
2.42
2.48
2.53
2.58
2.64
2.69
2.74
2.79
2.84
2.89
2.93
2.97
3.01
3.04
3.06
3.08
3.09
3.09
3.09
3.10
3.11
3.13
3.16
3.20
3.25
3.30
3.36
3.43
3.50
3.58
3.65
3.73
3.82
3.91
4.01
4.09
4.18
4.27
4.36
4.46
4.55
4.61
4.60
4.53
4.41
4.27
4.10
3.91
3.69
3.46
3.20
2.90
2.57
2.20
1.81
1.42
1.07
0.85
0.63
0.43
0.25
0.23
0.23
0.24
0.25
0.25
0.26
0.27
0.27
0.28
0.29
0.30
0.31
0.32
0.33
0.37
0.41
0.41
0.44
0.48
0.53
0.58
0.63
0.68
0.75
0.82
0.91
0.99
1.03
1.00
63.57
64.71
78.85
91.31
93.49
95.65
98.29
101.70
105.30
124.00
138.10
154.10
156.10
162.20
170.00
174.10
178.90
183.30
187.90
204.70
221.40
230.00
233.60
239.80
246.90
252.80
258.90
271.70
290.20
312.70
328.20
341.80
354.40
365.90
376.40
386.10
395.20
404.10
412.60
420.20
426.80
431.90
435.30
437.20
438.10
437.80
436.30
433.10
428.80
423.10
415.30
405.40
393.30
379.20
363.10
345.70
327.00
307.40
287.10
266.90
247.10
228.90
213.00
198.50
185.10
172.00
158.40
139.90
118.70
101.70
92.05
82.95
72.67
62.66
51.72
40.76
29.56
22.29
18.07
14.59
11.52
8.93
6.74
4.96
3.69
2.73
2.32
2.29
2.30
2.34
2.39
2.45
2.50
2.55
2.60
2.66
2.71
2.75
2.80
2.85
2.89
2.93
2.97
3.01
3.04
3.07
3.09
3.13
3.17
3.21
3.25
3.28
3.31
3.34
3.37
3.41
3.44
3.48
3.52
3.56
3.60
3.65
3.69
3.73
3.78
3.82
3.86
3.89
3.93
3.94
3.93
3.86
3.78
3.67
3.54
3.37
3.21
3.04
2.83
2.58
2.30
1.99
1.65
1.31
0.99
0.80
0.61
0.43
0.26
0.22
0.21
0.21
0.22
0.22
0.22
0.23
0.23
0.24
0.25
0.25
0.26
0.27
0.27
0.29
0.30
0.34
0.35
0.35
0.40
0.43
0.47
0.54
0.60
0.66
0.71
0.73
0.74
0.77
0.82
0.87
0.87
57.33
65.24
82.39
90.74
92.36
93.94
95.65
97.86
108.10
114.80
124.70
140.40
146.60
158.70
164.00
172.60
178.90
189.40
192.90
195.90
199.00
202.70
215.00
224.80
236.20
244.10
248.60
253.50
263.60
269.80
276.70
284.50
294.00
304.10
314.40
324.70
335.50
346.70
357.70
368.10
377.10
385.00
392.10
398.70
405.00
410.50
415.50
420.00
423.80
426.80
428.70
428.90
427.30
424.00
419.50
413.90
406.90
398.60
388.40
376.80
363.20
348.20
331.10
312.80
293.80
273.40
252.40
231.50
210.20
189.50
167.90
141.50
114.80
88.22
64.42
50.28
40.78
31.91
24.58
19.77
15.50
11.47
7.79
5.14
3.26
2.04
1.46
1.40
1.42
1.45
1.53
1.61
1.68
1.74
1.80
1.86
1.92
1.98
2.04
2.10
2.16
2.22
2.27
2.33
2.39
2.44
2.50
2.56
2.62
2.68
2.75
2.82
2.88
2.95
3.02
3.09
3.16
3.23
3.30
3.36
3.43
3.50
3.57
3.63
3.69
3.75
3.81
3.83
3.84
3.81
3.76
3.66
3.53
3.35
3.12
2.86
2.53
2.18
1.82
1.48
1.18
0.91
0.65
0.42
0.28
0.23
0.23
0.23
0.23
0.23
0.23
0.24
0.24
0.25
0.25
0.26
0.26
0.27
0.27
0.28
0.28
0.30
0.32
0.33
0.34
0.34
0.34
0.38
0.44
0.46
0.48
0.53
0.57
0.61
0.64
0.67
0.72
0.77
0.82
0.86
0.85
52.49
69.20
81.37
89.84
91.26
91.92
92.76
105.40
118.10
120.40
122.40
124.10
126.60
137.90
152.60
164.00
169.80
173.20
180.00
195.50
205.80
209.00
212.20
215.80
227.50
235.80
239.40
244.00
249.40
260.00
270.50
276.10
282.20
289.00
296.50
304.50
313.10
321.20
327.70
335.00
343.30
352.90
363.50
375.20
386.70
398.20
410.20
422.90
435.90
449.50
463.00
475.60
486.60
495.80
503.70
510.80
518.20
525.00
530.30
533.50
534.10
531.40
525.60
516.50
505.50
492.00
475.40
457.00
437.30
412.90
376.90
330.30
275.50
222.10
181.60
145.30
106.60
73.36
53.17
33.15
25.50
18.38
12.48
7.94
5.36
3.76
2.82
2.62
2.63
2.67
2.74
2.81
2.88
2.95
3.02
3.09
3.16
3.23
3.29
3.36
3.42
3.48
3.54
3.59
3.64
3.69
3.73
3.76
3.79
3.82
3.85
3.87
3.89
3.91
3.93
3.94
3.95
3.96
3.96
3.95
3.93
3.89
3.85
3.79
3.72
3.65
3.57
3.51
3.47
3.47
3.46
3.43
3.35
3.25
3.15
3.05
2.93
2.79
2.63
2.45
2.26
2.04
1.79
1.54
1.27
1.01
0.83
0.67
0.52
0.39
0.28
0.27
0.27
0.27
0.27
0.27
0.28
0.29
0.29
0.29
0.30
0.31
0.32
0.32
0.32
0.34
0.37
0.42
0.42
0.46
0.49
0.53
0.56
0.59
0.61
0.64
0.68
0.73
0.79
0.83
0.85
55.27
67.39
78.25
84.60
85.52
86.70
90.79
108.40
115.00
117.30
120.10
124.10
143.00
150.30
152.40
153.80
154.30
166.90
181.50
185.60
189.10
191.90
203.60
220.80
226.60
230.10
233.30
251.10
258.00
264.80
271.60
277.90
284.60
290.30
296.20
302.10
307.20
310.80
315.70
321.40
328.20
335.30
342.80
350.10
356.40
363.10
369.40
375.50
381.80
389.40
399.30
411.10
423.20
434.60
445.30
455.40
465.90
475.70
484.90
494.80
505.00
514.50
522.80
528.90
532.90
536.20
537.10
537.70
532.10
517.90
497.60
472.50
441.10
400.90
365.60
331.60
284.80
229.90
157.60
93.40
44.17
29.19
19.12
12.38
7.41
4.89
3.47
2.89
2.91
2.94
3.00
3.08
3.17
3.25
3.34
3.42
3.50
3.58
3.65
3.72
3.78
3.83
3.85
3.86
3.82
3.76
3.64
3.52
3.36
3.20
3.06
2.98
2.93
2.91
2.93
3.00
3.06
3.13
3.22
3.31
3.40
3.48
3.56
3.62
3.67
3.73
3.80
3.86
3.93
4.01
4.08
4.16
4.24
4.29
4.28
4.21
4.07
3.92
3.75
3.55
3.36
3.14
2.91
2.65
2.38
2.10
1.79
1.47
1.17
0.93
0.74
0.57
0.42
0.33
0.33
0.33
0.33
0.34
0.34
0.34
0.35
0.35
0.36
0.36
0.37
0.39
0.41
0.45
0.51
0.52
0.53
0.56
0.59
0.61
0.63
0.67
0.73
0.83
0.95
0.98
0.98
56.59
71.42
81.99
88.42
85.50
82.48
92.58
107.10
114.20
118.40
114.70
116.40
131.90
136.00
145.30
149.80
148.80
165.30
168.10
172.30
178.60
185.50
204.60
208.10
212.60
217.10
231.70
245.50
253.10
260.20
267.10
274.20
284.10
293.60
301.80
306.70
312.80
319.90
325.90
333.50
339.60
344.30
348.70
353.10
357.30
361.50
365.40
369.00
372.30
375.40
378.10
380.90
383.30
385.70
387.80
389.70
391.20
391.80
392.10
391.90
390.80
389.00
386.20
382.70
378.20
372.20
365.90
358.90
345.70
326.20
303.60
282.30
255.70
224.10
203.80
180.20
150.20
117.10
80.88
50.26
25.32
15.27
9.66
6.80
4.71
3.09
1.94
1.38
1.34
1.40
1.49
1.73
2.17
2.51
2.78
3.04
3.32
3.60
3.81
3.95
4.05
4.11
4.14
4.15
4.16
4.15
4.13
4.11
4.09
4.06
4.02
4.00
3.97
3.95
3.93
3.92
3.91
3.90
3.90
3.91
3.91
3.93
3.95
3.97
4.00
4.03
4.07
4.11
4.16
4.20
4.26
4.32
4.38
4.45
4.52
4.53
4.46
4.33
4.17
4.00
3.81
3.60
3.37
3.12
2.85
2.57
2.26
1.93
1.59
1.26
1.01
0.82
0.64
0.48
0.41
0.40
0.40
0.40
0.40
0.40
0.41
0.42
0.45
0.49
0.52
0.54
0.56
0.57
0.61
0.64
0.63
0.63
0.66
0.71
0.77
0.83
0.87
0.91
0.93
0.91
0.91
55.27
57.78
55.88
60.69
67.21
73.53
79.79
88.34
89.96
94.87
102.70
106.70
122.70
126.70
132.50
138.80
142.30
151.90
164.10
167.00
167.50
169.90
184.60
200.00
202.80
205.20
208.70
225.60
231.20
236.20
241.90
245.30
247.70
249.60
250.80
251.60
252.00
251.00
248.10
245.00
243.90
244.30
244.70
243.70
241.70
239.00
236.10
232.70
229.00
225.50
222.20
218.90
215.00
210.10
205.10
200.00
194.30
187.40
179.80
172.00
163.60
154.30
143.50
131.30
118.50
104.90
91.16
78.06
67.17
55.88
45.06
34.80
28.06
23.45
20.69
18.78
16.99
15.25
13.78
12.42
11.24
10.07
8.83
7.65
6.59
5.73
4.96
4.42
4.23
4.29
4.35
4.46
4.57
4.68
4.79
4.88
4.95
5.01
5.04
5.06
5.06
5.05
5.00
4.94
4.87
4.79
4.69
4.59
4.50
4.40
4.30
4.20
4.11
4.03
3.95
3.89
3.84
3.81
3.78
3.77
3.76
3.76
3.78
3.80
3.84
3.89
3.94
4.01
4.07
4.14
4.21
4.29
4.37
4.45
4.47
4.44
4.33
4.19
4.02
3.85
3.65
3.43
3.19
2.93
2.65
2.35
2.03
1.70
1.37
1.11
0.91
0.74
0.58
0.46
0.45
0.45
0.46
0.47
0.48
0.49
0.49
0.50
0.50
0.50
0.50
0.51
0.52
0.54
0.57
0.59
0.64
0.69
0.73
0.79
0.83
0.88
0.91
0.92
0.92
0.96
0.98
52.49
53.73
59.40
56.20
67.83
71.89
77.75
88.26
99.35
104.60
105.50
106.60
108.60
120.50
132.10
134.10
134.40
134.50
135.10
141.00
150.00
154.00
156.20
154.30
152.90
164.00
161.70
158.80
156.00
154.00
158.70
157.50
153.90
150.40
146.80
143.10
139.40
135.10
130.60
125.80
120.60
115.10
109.00
102.60
96.14
89.50
82.54
75.43
68.40
61.81
55.82
50.57
46.33
43.19
41.09
39.70
38.54
37.45
36.41
35.39
34.38
33.36
32.35
31.32
30.28
29.23
28.13
27.02
25.92
24.74
23.55
22.35
21.13
19.95
18.75
17.58
16.48
15.47
14.56
13.62
12.66
11.84
10.91
9.63
8.23
7.00
6.09
5.45
5.15
5.17
5.25
5.33
5.45
5.57
5.66
5.74
5.81
5.83
5.83
5.81
5.76
5.69
5.60
5.49
5.37
5.24
5.11
4.98
4.86
4.75
4.64
4.54
4.45
4.37
4.29
4.21
4.14
4.09
4.04
3.99
3.96
3.94
3.94
3.94
3.94
3.95
3.96
3.97
3.99
4.01
4.02
4.01
3.98
3.89
3.78
3.66
3.52
3.36
3.19
3.00
2.78
2.55
2.30
2.03
1.74
1.45
1.18
1.00
0.83
0.67
0.53
0.48
0.47
0.47
0.47
0.47
0.47
0.46
0.46
0.46
0.46
0.46
0.46
0.46
0.48
0.52
0.59
0.66
0.74
0.78
0.82
0.85
0.86
0.91
0.94
0.95
0.94
0.91
0.90
0.87
0.85
57.33
49.22
54.51
55.06
76.30
79.51
80.24
80.93
88.23
100.20
103.00
103.20
102.80
102.50
106.40
111.10
129.10
133.20
132.30
130.20
127.30
123.90
120.40
118.50
115.90
111.50
106.90
105.00
100.90
98.00
94.91
90.19
85.14
79.95
74.78
69.54
64.49
59.72
55.48
52.23
49.29
47.23
45.75
44.59
43.60
42.70
41.81
40.91
40.00
39.09
38.17
37.25
36.29
35.37
34.45
33.52
32.59
31.66
30.74
29.82
28.88
27.93
26.94
25.93
24.88
23.83
22.78
21.72
20.70
19.69
18.67
17.70
16.78
15.91
15.11
14.32
13.51
12.67
11.84
11.05
10.21
9.11
7.98
6.89
5.72
4.51
3.34
2.49
2.06
1.99
2.04
2.10
2.22
2.34
2.44
2.53
2.60
2.66
2.71
2.75
2.79
2.82
2.84
2.87
2.89
2.91
2.93
2.96
2.98
3.01
3.04
3.08
3.11
3.15
3.19
3.23
3.27
3.31
3.36
3.41
3.45
3.50
3.55
3.61
3.66
3.71
3.76
3.81
3.85
3.88
3.89
3.86
3.79
3.68
3.53
3.34
3.11
2.84
2.54
2.22
1.89
1.60
1.34
1.09
0.87
0.70
0.58
0.53
0.49
0.49
0.49
0.49
0.49
0.49
0.49
0.49
0.49
0.49
0.48
0.48
0.48
0.48
0.48
0.48
0.48
0.48
0.55
0.70
0.81
0.82
0.85
0.86
0.87
0.88
0.89
0.90
0.89
0.86
0.86
0.85
0.85
63.57
47.49
59.43
64.70
75.60
81.13
81.29
80.98
80.67
80.22
79.80
80.46
88.67
111.30
114.70
113.80
111.80
109.20
105.60
102.00
98.33
94.43
92.74
96.08
91.56
86.11
80.95
75.99
70.97
66.12
61.57
58.32
55.57
53.03
51.31
50.27
49.46
48.74
48.01
47.24
46.40
45.52
44.61
43.72
42.83
41.97
41.14
40.32
39.49
38.65
37.82
36.96
36.14
35.32
34.48
33.65
32.79
31.93
31.07
30.20
29.34
28.49
27.67
26.87
26.08
25.32
24.56
23.84
23.16
22.52
21.92
21.32
20.70
20.03
19.34
18.62
17.87
17.11
16.36
15.29
14.10
12.94
11.73
10.50
9.27
8.02
6.90
6.08
5.53
5.36
5.44
5.53
5.65
5.78
5.90
6.00
6.09
6.16
6.20
6.20
6.19
6.15
6.08
6.00
5.91
5.80
5.69
5.57
5.46
5.34
5.23
5.12
5.02
4.92
4.83
4.74
4.66
4.58
4.51
4.43
4.36
4.29
4.22
4.14
4.06
3.98
3.88
3.78
3.68
3.60
3.54
3.50
3.46
3.39
3.29
3.16
3.03
2.89
2.73
2.58
2.43
2.26
2.08
1.89
1.69
1.48
1.26
1.06
0.91
0.78
0.66
0.55
0.50
0.48
0.49
0.49
0.49
0.49
0.49
0.49
0.50
0.50
0.49
0.50
0.51
0.54
0.57
0.59
0.65
0.69
0.72
0.76
0.79
0.82
0.85
0.85
0.84
0.84
0.85
0.86
0.86
66.05
56.71
49.69
58.71
67.18
78.96
80.00
81.00
82.15
80.95
80.07
81.75
99.34
101.20
103.30
100.40
96.40
91.91
87.16
82.55
82.46
85.45
82.68
78.78
73.96
68.93
63.82
59.00
55.88
54.27
53.15
52.56
52.39
52.32
52.23
52.03
51.67
51.04
50.27
49.48
48.65
47.80
46.95
46.14
45.33
44.55
43.79
43.01
42.22
41.42
40.57
39.71
38.83
37.95
37.03
36.14
35.27
34.42
33.57
32.75
31.94
31.23
30.60
30.07
29.49
28.91
28.38
27.91
27.45
27.02
26.55
26.01
25.39
24.71
23.94
23.14
22.31
21.43
20.33
18.70
16.99
15.21
13.40
11.58
9.80
8.12
6.77
5.72
5.01
4.71
4.79
4.88
5.00
5.14
5.27
5.39
5.50
5.60
5.68
5.74
5.78
5.79
5.79
5.76
5.69
5.59
5.46
5.28
5.07
4.84
4.60
4.35
4.10
3.93
3.77
3.64
3.54
3.52
3.50
3.49
3.48
3.51
3.54
3.56
3.58
3.61
3.64
3.68
3.71
3.75
3.80
3.86
3.92
3.98
4.05
4.08
4.03
3.89
3.71
3.52
3.32
3.11
2.90
2.69
2.46
2.23
1.98
1.74
1.48
1.24
1.03
0.88
0.74
0.62
0.52
0.48
0.48
0.49
0.49
0.51
0.52
0.53
0.55
0.55
0.56
0.57
0.57
0.58
0.59
0.62
0.68
0.70
0.72
0.76
0.79
0.79
0.80
0.80
0.85
0.91
0.99
67.06
47.02
53.87
61.28
61.90
70.07
76.42
78.32
72.37
70.25
68.60
83.86
91.45
90.62
88.92
85.93
84.03
83.41
80.77
76.67
83.84
81.04
76.82
72.56
67.89
63.20
58.70
54.92
53.55
53.10
52.94
53.02
52.90
52.84
52.79
52.70
52.38
51.92
51.42
50.93
50.36
49.72
49.05
48.40
47.74
47.13
46.54
45.86
45.14
44.39
43.58
42.75
41.93
41.06
40.22
39.42
38.63
37.84
37.08
36.34
35.70
35.17
34.58
33.83
33.10
32.42
31.74
31.06
30.39
29.70
28.95
28.14
27.25
26.29
25.26
24.20
23.07
21.82
20.14
17.94
15.72
13.43
11.14
8.94
6.95
5.02
3.42
2.14
1.28
1.07
1.17
1.27
1.43
1.98
2.55
3.07
3.45
3.80
4.20
4.64
4.92
5.07
5.15
5.18
5.18
5.14
5.08
5.00
4.92
4.82
4.72
4.62
4.52
4.42
4.34
4.25
4.17
4.11
4.05
4.00
3.95
3.91
3.89
3.87
3.87
3.87
3.88
3.89
3.91
3.93
3.95
3.99
4.03
4.08
4.13
4.18
4.19
4.15
4.00
3.81
3.61
3.40
3.19
2.96
2.75
2.51
2.27
2.02
1.76
1.50
1.25
1.02
0.87
0.73
0.60
0.49
0.49
0.50
0.50
0.50
0.50
0.50
0.50
0.52
0.54
0.57
0.60
0.64
0.66
0.69
0.72
0.70
0.70
0.70
0.73
0.77
0.83
0.88
0.93
0.97
1.00
66.05
56.71
49.69
58.71
67.18
78.96
80.00
81.00
82.15
80.95
80.07
81.75
99.34
101.20
103.30
100.40
96.40
91.91
87.16
82.55
82.46
85.45
82.68
78.78
73.96
68.93
63.82
59.00
55.88
54.27
53.15
52.56
52.39
52.32
52.23
52.03
51.67
51.04
50.27
49.48
48.65
47.80
46.95
46.14
45.33
44.55
43.79
43.01
42.22
41.42
40.57
39.71
38.83
37.95
37.03
36.14
35.27
34.42
33.57
32.75
31.94
31.23
30.60
30.07
29.49
28.91
28.38
27.91
27.45
27.02
26.55
26.01
25.39
24.71
23.94
23.14
22.31
21.43
20.33
18.70
16.99
15.21
13.40
11.58
9.80
8.12
6.77
5.72
5.01
4.71
4.79
4.88
5.00
5.14
5.27
5.39
5.50
5.60
5.68
5.74
5.78
5.79
5.79
5.76
5.69
5.59
5.46
5.28
5.07
4.84
4.60
4.35
4.10
3.93
3.77
3.64
3.54
3.52
3.50
3.49
3.48
3.51
3.54
3.56
3.58
3.61
3.64
3.68
3.71
3.75
3.80
3.86
3.92
3.98
4.05
4.08
4.03
3.89
3.71
3.52
3.32
3.11
2.90
2.69
2.46
2.23
1.98
1.74
1.48
1.24
1.03
0.88
0.74
0.62
0.52
0.48
0.48
0.49
0.49
0.51
0.52
0.53
0.55
0.55
0.56
0.57
0.57
0.58
0.59
0.62
0.68
0.70
0.72
0.76
0.79
0.79
0.80
0.80
0.85
0.91
0.99
63.57
47.49
59.43
64.70
75.60
81.13
81.29
80.98
80.67
80.22
79.80
80.46
88.67
111.30
114.70
113.80
111.80
109.20
105.60
102.00
98.33
94.43
92.74
96.08
91.56
86.11
80.95
75.99
70.97
66.12
61.57
58.32
55.57
53.03
51.31
50.27
49.46
48.74
48.01
47.24
46.40
45.52
44.61
43.72
42.83
41.97
41.14
40.32
39.49
38.65
37.82
36.96
36.14
35.32
34.48
33.65
32.79
31.93
31.07
30.20
29.34
28.49
27.67
26.87
26.08
25.32
24.56
23.84
23.16
22.52
21.92
21.32
20.70
20.03
19.34
18.62
17.87
17.11
16.36
15.29
14.10
12.94
11.73
10.50
9.27
8.02
6.90
6.08
5.53
5.36
5.44
5.53
5.65
5.78
5.90
6.00
6.09
6.16
6.20
6.20
6.19
6.15
6.08
6.00
5.91
5.80
5.69
5.57
5.46
5.34
5.23
5.12
5.02
4.92
4.83
4.74
4.66
4.58
4.51
4.43
4.36
4.29
4.22
4.14
4.06
3.98
3.88
3.78
3.68
3.60
3.54
3.50
3.46
3.39
3.29
3.16
3.03
2.89
2.73
2.58
2.43
2.26
2.08
1.89
1.69
1.48
1.26
1.06
0.91
0.78
0.66
0.55
0.50
0.48
0.49
0.49
0.49
0.49
0.49
0.49
0.50
0.50
0.49
0.50
0.51
0.54
0.57
0.59
0.65
0.69
0.72
0.76
0.79
0.82
0.85
0.85
0.84
0.84
0.85
0.86
0.86
57.33
49.22
54.51
55.06
76.30
79.51
80.24
80.93
88.23
100.20
103.00
103.20
102.80
102.50
106.40
111.10
129.10
133.20
132.30
130.20
127.30
123.90
120.40
118.50
115.90
111.50
106.90
105.00
100.90
98.00
94.91
90.19
85.14
79.95
74.78
69.54
64.49
59.72
55.48
52.23
49.29
47.23
45.75
44.59
43.60
42.70
41.81
40.91
40.00
39.09
38.17
37.25
36.29
35.37
34.45
33.52
32.59
31.66
30.74
29.82
28.88
27.93
26.94
25.93
24.88
23.83
22.78
21.72
20.70
19.69
18.67
17.70
16.78
15.91
15.11
14.32
13.51
12.67
11.84
11.05
10.21
9.11
7.98
6.89
5.72
4.51
3.34
2.49
2.06
1.99
2.04
2.10
2.22
2.34
2.44
2.53
2.60
2.66
2.71
2.75
2.79
2.82
2.84
2.87
2.89
2.91
2.93
2.96
2.98
3.01
3.04
3.08
3.11
3.15
3.19
3.23
3.27
3.31
3.36
3.41
3.45
3.50
3.55
3.61
3.66
3.71
3.76
3.81
3.85
3.88
3.89
3.86
3.79
3.68
3.53
3.34
3.11
2.84
2.54
2.22
1.89
1.60
1.34
1.09
0.87
0.70
0.58
0.53
0.49
0.49
0.49
0.49
0.49
0.49
0.49
0.49
0.49
0.49
0.48
0.48
0.48
0.48
0.48
0.48
0.48
0.48
0.55
0.70
0.81
0.82
0.85
0.86
0.87
0.88
0.89
0.90
0.89
0.86
0.86
0.85
0.85
52.49
53.73
59.40
56.20
67.83
71.89
77.75
88.26
99.35
104.60
105.50
106.60
108.60
120.50
132.10
134.10
134.40
134.50
135.10
141.00
150.00
154.00
156.20
154.30
152.90
164.00
161.70
158.80
156.00
154.00
158.70
157.50
153.90
150.40
146.80
143.10
139.40
135.10
130.60
125.80
120.60
115.10
109.00
102.60
96.14
89.50
82.54
75.43
68.40
61.81
55.82
50.57
46.33
43.19
41.09
39.70
38.54
37.45
36.41
35.39
34.38
33.36
32.35
31.32
30.28
29.23
28.13
27.02
25.92
24.74
23.55
22.35
21.13
19.95
18.75
17.58
16.48
15.47
14.56
13.62
12.66
11.84
10.91
9.63
8.23
7.00
6.09
5.45
5.15
5.17
5.25
5.33
5.45
5.57
5.66
5.74
5.81
5.83
5.83
5.81
5.76
5.69
5.60
5.49
5.37
5.24
5.11
4.98
4.86
4.75
4.64
4.54
4.45
4.37
4.29
4.21
4.14
4.09
4.04
3.99
3.96
3.94
3.94
3.94
3.94
3.95
3.96
3.97
3.99
4.01
4.02
4.01
3.98
3.89
3.78
3.66
3.52
3.36
3.19
3.00
2.78
2.55
2.30
2.03
1.74
1.45
1.18
1.00
0.83
0.67
0.53
0.48
0.47
0.47
0.47
0.47
0.47
0.46
0.46
0.46
0.46
0.46
0.46
0.46
0.48
0.52
0.59
0.66
0.74
0.78
0.82
0.85
0.86
0.91
0.94
0.95
0.94
0.91
0.90
0.87
0.85
55.27
57.78
55.88
60.69
67.21
73.53
79.79
88.34
89.96
94.87
102.70
106.70
122.70
126.70
132.50
138.80
142.30
151.90
164.10
167.00
167.50
169.90
184.60
200.00
202.80
205.20
208.70
225.60
231.20
236.20
241.90
245.30
247.70
249.60
250.80
251.60
252.00
251.00
248.10
245.00
243.90
244.30
244.70
243.70
241.70
239.00
236.10
232.70
229.00
225.50
222.20
218.90
215.00
210.10
205.10
200.00
194.30
187.40
179.80
172.00
163.60
154.30
143.50
131.30
118.50
104.90
91.16
78.06
67.17
55.88
45.06
34.80
28.06
23.45
20.69
18.78
16.99
15.25
13.78
12.42
11.24
10.07
8.83
7.65
6.59
5.73
4.96
4.42
4.23
4.29
4.35
4.46
4.57
4.68
4.79
4.88
4.95
5.01
5.04
5.06
5.06
5.05
5.00
4.94
4.87
4.79
4.69
4.59
4.50
4.40
4.30
4.20
4.11
4.03
3.95
3.89
3.84
3.81
3.78
3.77
3.76
3.76
3.78
3.80
3.84
3.89
3.94
4.01
4.07
4.14
4.21
4.29
4.37
4.45
4.47
4.44
4.33
4.19
4.02
3.85
3.65
3.43
3.19
2.93
2.65
2.35
2.03
1.70
1.37
1.11
0.91
0.74
0.58
0.46
0.45
0.45
0.46
0.47
0.48
0.49
0.49
0.50
0.50
0.50
0.50
0.51
0.52
0.54
0.57
0.59
0.64
0.69
0.73
0.79
0.83
0.88
0.91
0.92
0.92
0.96
0.98
